1120,2400,3316,3938,4464,4912,5288,5585,6062,6549,6840,6854,6835
1118,2402,3315,3940,4465,4910,5287,5585,6060,6547,6844,6851,6833
1117,2400,3315,3942,4465,4908,5285,5585,6062,6546,6843,6853,6832
1115,2400,3316,3940,4465,4906,5287,5587,6065,6549,6840,6852,6832
1114,2400,3318,3937,4466,4908,5289,5585,6064,6547,6843,6849,6830
1114,2401,3317,3939,4467,4910,5288,5583,6062,6547,6841,6853,6828
1115,2400,3316,3941,4466,4910,5286,5585,6064,6550,6839,6852,6826
1115,2399,3316,3940,4464,4910,5289,5584,6066,6547,6845,6850,6829
1116,2399,3315,3938,4466,4911,5291,5584,6064,6544,6844,6852,6829
1116,2401,3315,3939,4465,4912,5289,5587,6063,6548,6841,6850,6829
1117,2400,3314,3941,4463,4911,5287,5585,6062,6546,6844,6848,6832
1116,2398,3315,3941,4466,4910,5289,5583,6065,6545,6842,6852,6831
1117,2400,3316,3940,4466,4911,5291,5585,6062,6549,6840,6855,6828
1117,2399,3315,3941,4465,4913,5291,5584,6061,6547,6845,6853,6833
1117,2398,3314,3942,4467,4913,5290,5582,6059,6545,6844,6856,6830
1118,2397,3316,3944,4466,4913,5292,5584,6061,6549,6842,6855,6829
1119,2399,3318,3942,4465,4911,5293,5588,6061,6547,6844,6854,6834
1118,2398,3318,3941,4467,4913,5292,5587,6060,6545,6842,6858,6832
1117,2397,3316,3943,4469,4912,5290,5586,6062,6550,6840,6857,6831
1117,2396,3315,3944,4467,4911,5292,5588,6060,6549,6844,6856,6835
1117,2397,3315,3942,4467,4910,5290,5586,6058,6546,6843,6859,6832
1118,2396,3315,3942,4469,4912,5290,5584,6057,6549,6841,6856,6831
1118,2395,3315,3944,4469,4915,5293,5587,6059,6548,6844,6854,6835
1118,2396,3315,3946,4468,4913,5295,5585,6058,6545,6842,6857,6833
1117,2397,3316,3944,4469,4911,5293,5585,6057,6549,6840,6856,6831
1116,2397,3315,3942,4467,4913,5292,5587,6060,6553,6844,6855,6834
1118,2396,3314,3944,4464,4914,5294,5586,6061,6551,6848,6858,6833
1118,2397,3315,3945,4466,4913,5295,5585,6060,6549,6846,6855,6832
1118,2396,3317,3946,4468,4911,5294,5583,6059,6552,6842,6852,6837
1119,2397,3317,3946,4467,4913,5294,5585,6060,6550,6846,6855,6835
1119,2398,3316,3945,4466,4914,5296,5584,6059,6549,6844,6855,6834
1119,2399,3318,3946,4469,4915,5298,5583,6058,6553,6841,6854,6832
1120,2398,3318,3949,4466,4915,5296,5586,6061,6551,6847,6857,6830
1120,2397,3316,3948,4464,4917,5294,5585,6062,6549,6844,6854,6834
1121,2399,3315,3946,4466,4917,5296,5583,6060,6552,6841,6852,6834
1122,2399,3316,3947,4468,4915,5294,5586,6058,6550,6844,6854,6832
1121,2398,3315,3947,4466,4913,5292,5584,6061,6549,6842,6854,6834
1122,2396,3315,3947,4465,4912,5291,5582,6064,6553,6839,6852,6838
1122,2396,3314,3946,4466,4914,5295,5585,6063,6551,6844,6855,6836
1121,2397,3315,3947,4466,4913,5293,5588,6061,6548,6843,6852,6839
1121,2395,3314,3949,4465,4911,5292,5586,6063,6551,6839,6850,6844
1121,2393,3314,3948,4467,4911,5293,5583,6061,6554,6842,6853,6842
1120,2395,3314,3947,4465,4912,5295,5584,6060,6552,6841,6852,6839
1119,2396,3316,3949,4462,4912,5294,5583,6062,6551,6839,6856,6843
1117,2396,3315,3951,4465,4911,5292,5583,6066,6555,6843,6853,6842
1118,2395,3313,3950,4466,4910,5295,5585,6068,6552,6842,6850,6844
1119,2396,3315,3949,4465,4912,5298,5585,6065,6550,6840,6847,6844
1118,2396,3314,3951,4463,4914,5296,5585,6063,6552,6842,6847,6843
1117,2397,3314,3949,4465,4913,5294,5588,6065,6552,6845,6846,6846
1117,2397,3315,3948,4464,4913,5296,5585,6064,6550,6844,6844,6848
1118,2399,3316,3947,4462,4912,5298,5584,6062,6553,6844,6847,6847
1119,2398,3316,3949,4465,4912,5296,5586,6061,6556,6848,6845,6846
1118,2398,3316,3947,4463,4914,5294,5585,6064,6554,6845,6844,6850
1116,2398,3317,3947,4462,4912,5297,5583,6066,6552,6842,6846,6848
1117,2399,3319,3946,4463,4911,5300,5583,6063,6555,6846,6845,6845
1118,2398,3318,3948,4462,4913,5297,5582,6061,6553,6844,6845,6848
1118,2397,3317,3947,4461,4916,5294,5581,6063,6553,6844,6847,6845
1117,2396,3318,3946,4460,4917,5297,5578,6062,6556,6848,6844,6844
1117,2398,3317,3944,4462,4917,5299,5581,6061,6554,6845,6842,6848
1118,2396,3316,3946,4461,4915,5297,5579,6060,6553,6844,6845,6846
1118,2396,3316,3948,4460,4916,5296,5577,6061,6556,6847,6844,6843
1118,2397,3317,3946,4462,4917,5298,5581,6064,6553,6844,6844,6841
1117,2398,3316,3944,4460,4919,5298,5580,6062,6552,6842,6847,6844
1117,2397,3315,3943,4458,4917,5297,5578,6061,6556,6847,6845,6843
1118,2397,3314,3946,4461,4915,5294,5580,6063,6555,6849,6844,6842
1119,2398,3316,3945,4460,4918,5296,5577,6062,6552,6848,6842,6847
1119,2397,3315,3945,4458,4920,5295,5575,6061,6555,6846,6840,6844
1120,2397,3314,3943,4460,4918,5293,5578,6063,6554,6848,6839,6842
1120,2398,3313,3944,4462,4915,5296,5576,6064,6552,6847,6838,6845
1120,2399,3314,3945,4462,4913,5298,5576,6063,6552,6846,6839,6843
1118,2399,3313,3945,4461,4915,5298,5579,6061,6555,6848,6839,6842
1119,2398,3312,3944,4462,4917,5297,5581,6064,6551,6849,6837,6846
1119,2398,3314,3946,4460,4915,5298,5579,6066,6549,6849,6835,6842
1120,2399,3315,3947,4460,4914,5300,5577,6066,6552,6847,6833,6840
1121,2398,3314,3946,4458,4917,5299,5580,6064,6550,6850,6833,6842
1119,2398,3313,3946,4461,4919,5299,5578,6066,6550,6849,6834,6842
1118,2398,3314,3947,4459,4917,5300,5577,6065,6554,6847,6833,6842
1118,2399,3316,3949,4458,4914,5303,5580,6064,6551,6850,6831,6846
1119,2398,3315,3947,4461,4913,5303,5579,6065,6548,6848,6834,6844
1119,2397,3315,3945,4460,4914,5302,5577,6069,6550,6850,6834,6841
1119,2396,3317,3946,4458,4916,5300,5579,6068,6549,6854,6833,6845
1119,2396,3316,3948,4459,4914,5302,5578,6065,6548,6853,6830,6843
1119,2396,3314,3947,4461,4913,5300,5576,6063,6552,6856,6828,6843
1119,2395,3315,3946,4461,4916,5297,5578,6066,6555,6858,6831,6847
1120,2396,3316,3946,4460,4917,5296,5582,6064,6553,6856,6829,6845
1120,2397,3316,3948,4462,4919,5298,5581,6062,6551,6858,6828,6842
1120,2396,3316,3949,4461,4917,5298,5580,6066,6554,6857,6832,6845
1120,2395,3315,3949,4461,4915,5297,5581,6068,6552,6857,6830,6844
1119,2396,3317,3948,4463,4917,5298,5580,6065,6556,6860,6827,6842
1120,2396,3315,3948,4463,4918,5300,5579,6063,6559,6861,6831,6848
1120,2396,3314,3949,4461,4918,5299,5581,6061,6557,6859,6829,6846
1120,2396,3316,3948,4460,4917,5298,5580,6063,6555,6862,6829,6844
1120,2397,3318,3947,4462,4917,5300,5579,6062,6558,6860,6833,6847
1120,2396,3317,3949,4460,4918,5303,5582,6061,6556,6859,6831,6844
1121,2395,3316,3947,4458,4920,5301,5584,6061,6555,6862,6828,6842
1121,2396,3315,3946,4459,4918,5299,5582,6062,6559,6860,6831,6847
1121,2397,3315,3946,4460,4916,5300,5580,6060,6557,6857,6831,6849
1121,2396,3315,3948,4459,4917,5302,5583,6059,6555,6855,6831,6848
1121,2396,3315,3949,4460,4919,5301,5582,6061,6558,6857,6835,6847
1122,2397,3316,3948,4461,4922,5299,5581,6060,6556,6857,6833,6849
1121,2398,3317,3946,4458,4921,5302,5584,6058,6554,6861,6831,6848
1120,2398,3316,3948,4457,4919,5305,5583,6057,6558,6858,6834,6848
1119,2398,3315,3949,4458,4920,5303,5582,6058,6557,6855,6832,6852
1120,2399,3317,3948,4457,4922,5300,5584,6057,6554,6858,6830,6849
1121,2398,3317,3946,4456,4920,5302,5586,6056,6557,6857,6835,6846
1121,2398,3317,3948,4459,4920,5301,5584,6057,6555,6855,6834,6849
1121,2399,3318,3949,4458,4918,5299,5582,6060,6553,6859,6831,6848
1123,2399,3319,3949,4458,4921,5297,5586,6059,6557,6857,6835,6848
1123,2397,3319,3949,4458,4923,5301,5584,6055,6557,6854,6834,6847
1122,2396,3318,3950,4458,4922,5299,5583,6053,6555,6857,6833,6850
1122,2394,3320,3951,4458,4920,5297,5586,6055,6556,6856,6837,6847
1123,2396,3320,3949,4456,4922,5298,5584,6054,6555,6854,6836,6845
1123,2395,3319,3947,4459,4923,5301,5583,6053,6554,6858,6833,6849
1123,2395,3318,3949,4457,4921,5299,5585,6055,6556,6856,6836,6846
1122,2396,3317,3947,4456,4918,5297,5584,6059,6555,6854,6834,6845
1122,2396,3319,3946,4458,4921,5299,5583,6057,6553,6857,6833,6848
1123,2395,3318,3944,4459,4924,5303,5585,6056,6555,6855,6836,6845
1123,2394,3317,3947,4457,4926,5301,5587,6057,6554,6854,6840,6843
1121,2395,3316,3949,4458,4924,5300,5586,6055,6552,6857,6837,6846
1121,2396,3318,3947,4460,4921,5300,5585,6053,6555,6857,6834,6844
1120,2395,3318,3945,4459,4920,5303,5588,6051,6554,6854,6838,6843
1121,2395,3317,3946,4458,4921,5301,5586,6055,6552,6858,6836,6846
1121,2396,3315,3947,4459,4923,5298,5586,6052,6555,6855,6836,6847
1120,2395,3317,3946,4458,4921,5301,5589,6050,6552,6853,6839,6846
1120,2394,3318,3945,4458,4920,5304,5586,6049,6550,6857,6837,6844
1120,2395,3317,3943,4461,4919,5303,5585,6051,6553,6855,6836,6848
1120,2396,3316,3945,4462,4921,5303,5588,6050,6552,6852,6839,6846
1121,2394,3317,3943,4461,4923,5304,5586,6050,6551,6856,6837,6843
1120,2393,3318,3943,4460,4920,5302,5585,6054,6550,6853,6835,6847
1119,2394,3318,3942,4462,4919,5301,5588,6056,6551,6852,6836,6845
1118,2394,3317,3943,4460,4917,5300,5591,6053,6550,6854,6834,6844
1118,2393,3320,3945,4459,4919,5301,5590,6051,6548,6854,6837,6847
1119,2392,3320,3943,4457,4917,5301,5587,6053,6551,6851,6836,6846
1119,2393,3320,3942,4460,4916,5299,5591,6056,6550,6855,6834,6843
1119,2392,3318,3943,4459,4915,5301,5589,6055,6549,6852,6838,6847
1119,2391,3317,3945,4459,4917,5302,5587,6055,6551,6850,6838,6844
1120,2393,3319,3943,4461,4918,5301,5590,6057,6549,6854,6836,6842
1120,2393,3318,3941,4459,4917,5300,5590,6055,6547,6853,6838,6844
1121,2393,3317,3943,4457,4915,5301,5589,6053,6551,6851,6836,6844
1121,2393,3316,3946,4459,4918,5305,5591,6052,6549,6853,6834,6842
1121,2394,3318,3945,4458,4918,5303,5589,6054,6549,6852,6838,6845
1122,2393,3317,3944,4457,4918,5301,5587,6054,6552,6850,6838,6843
1122,2393,3315,3944,4459,4917,5304,5590,6052,6549,6854,6837,6840
1122,2393,3317,3945,4462,4916,5302,5588,6053,6548,6853,6839,6844
1122,2392,3317,3945,4461,4918,5300,5587,6056,6551,6856,6837,6843
1123,2392,3316,3944,4460,4918,5298,5590,6054,6553,6858,6835,6841
1123,2392,3314,3943,4461,4917,5300,5589,6051,6553,6856,6838,6843
1121,2394,3315,3944,4459,4914,5302,5586,6055,6552,6858,6838,6842
1122,2392,3317,3946,4458,4916,5302,5589,6058,6550,6857,6836,6840
1122,2392,3315,3945,4460,4918,5301,5587,6058,6548,6857,6839,6844
1122,2391,3315,3944,4459,4921,5303,5586,6056,6551,6859,6837,6842
1121,2392,3316,3946,4458,4919,5300,5588,6058,6554,6856,6835,6841
1121,2392,3315,3946,4461,4916,5299,5591,6060,6553,6853,6837,6844
1122,2393,3313,3945,4460,4914,5300,5591,6059,6552,6856,6837,6841
1122,2392,3316,3944,4460,4915,5301,5589,6057,6554,6854,6836,6839
1120,2394,3318,3945,4457,4917,5301,5591,6060,6552,6854,6839,6838
1119,2394,3318,3947,4460,4915,5301,5590,6059,6550,6857,6836,6837
1120,2393,3317,3946,4458,4913,5303,5589,6057,6553,6855,6834,6840
1121,2392,3316,3945,4457,4915,5303,5591,6059,6551,6853,6837,6843
1120,2393,3317,3946,4459,4919,5301,5591,6058,6551,6856,6837,6842
1120,2392,3315,3949,4461,4917,5302,5590,6057,6554,6854,6837,6840
1120,2390,3313,3947,4460,4914,5304,5593,6055,6553,6853,6839,6838
1120,2388,3314,3945,4460,4916,5303,5590,6059,6551,6856,6837,6837
1120,2390,3316,3946,4462,4918,5302,5588,6058,6554,6853,6835,6842
1121,2389,3316,3947,4460,4920,5305,5590,6057,6552,6852,6837,6841
1121,2388,3315,3946,4458,4918,5307,5589,6059,6551,6851,6838,6840
1120,2390,3317,3945,4460,4916,5305,5587,6062,6555,6854,6836,6842
1121,2391,3316,3947,4462,4915,5304,5591,6060,6552,6853,6839,6839
1121,2390,3315,3947,4460,4918,5305,5590,6058,6550,6856,6837,6837
1120,2389,3314,3947,4459,4919,5307,5588,6063,6548,6854,6836,6843
1120,2391,3316,3946,4460,4917,5305,5589,6061,6551,6852,6839,6841
1121,2392,3314,3949,4460,4915,5304,5592,6058,6549,6855,6837,6839
1119,2392,3312,3950,4459,4918,5307,5590,6060,6548,6857,6836,6841
1118,2393,3311,3948,4457,4920,5309,5589,6062,6551,6857,6838,6840
1117,2395,3313,3947,4458,4917,5308,5592,6061,6553,6861,6837,6839
1118,2394,3312,3949,4457,4917,5306,5591,6060,6552,6858,6836,6844
1119,2393,3311,3950,4456,4919,5308,5590,6063,6551,6856,6839,6841
1119,2395,3310,3950,4457,4921,5310,5591,6066,6554,6859,6838,6838
1118,2393,3312,3949,4457,4919,5307,5594,6063,6553,6857,6838,6841
1117,2391,3311,3950,4455,4917,5306,5592,6061,6552,6856,6841,6840
1118,2393,3311,3952,4457,4916,5306,5590,6064,6555,6859,6838,6839
1118,2392,3313,3951,4459,4917,5309,5592,6062,6553,6857,6835,6843
1119,2391,3312,3950,4459,4920,5306,5592,6061,6553,6855,6839,6843
1119,2390,3311,3951,4457,4918,5304,5591,6065,6555,6858,6837,6842
1119,2391,3309,3953,4459,4917,5306,5594,6068,6554,6857,6837,6844
1119,2391,3312,3951,4457,4919,5307,5592,6065,6553,6856,6840,6843
1119,2391,3310,3949,4457,4921,5305,5589,6064,6557,6860,6839,6842
1119,2392,3309,3951,4458,4918,5304,5588,6066,6554,6857,6838,6846
1120,2393,3310,3952,4457,4916,5306,5590,6068,6552,6855,6840,6844
1120,2393,3312,3950,4456,4914,5308,5589,6067,6555,6857,6839,6841
1120,2395,3311,3949,4458,4915,5310,5588,6066,6553,6856,6838,6844
1121,2396,3309,3948,4458,4917,5307,5590,6067,6553,6854,6842,6842
1121,2395,3312,3950,4456,4916,5304,5592,6070,6556,6858,6840,6839
1120,2394,3314,3950,4458,4916,5307,5590,6068,6553,6856,6839,6844
1119,2395,3313,3949,4456,4915,5309,5589,6066,6552,6854,6842,6843
1120,2394,3313,3948,4455,4916,5308,5591,6064,6554,6857,6841,6840
1120,2393,3313,3949,4457,4917,5308,5590,6067,6552,6855,6840,6843
1120,2394,3312,3948,4456,4916,5310,5590,6066,6552,6852,6844,6841
1121,2395,3311,3946,4454,4915,5310,5593,6064,6551,6857,6841,6838
1120,2395,3313,3945,4453,4914,5308,5591,6065,6554,6855,6839,6838
1120,2394,3312,3948,4456,4915,5308,5588,6067,6552,6853,6841,6838
1120,2395,3311,3945,4454,4918,5309,5590,6066,6550,6851,6839,6841
1120,2395,3310,3945,4453,4916,5311,5593,6064,6552,6848,6838,6838
1120,2394,3312,3947,4454,4913,5313,5591,6067,6551,6851,6843,6836
1119,2392,3311,3948,4452,4915,5312,5591,6069,6552,6855,6840,6839
1119,2394,3311,3947,4451,4917,5311,5594,6068,6554,6854,6838,6838
1119,2394,3313,3946,4454,4915,5312,5594,6065,6551,6856,6841,6837
1118,2394,3315,3947,4452,4914,5313,5592,6068,6551,6858,6840,6840
1119,2394,3314,3948,4450,4915,5315,5594,6069,6553,6857,6839,6843
1119,2395,3313,3948,4449,4918,5314,5593,6067,6552,6854,6842,6841
1118,2393,3314,3947,4452,4918,5313,5592,6067,6550,6854,6840,6843
1117,2393,3313,3945,4451,4917,5316,5594,6070,6555,6854,6838,6847
1119,2393,3313,3947,4449,4916,5314,5594,6071,6552,6856,6841,6846
1119,2394,3314,3947,4451,4918,5312,5592,6069,6550,6853,6840,6845
1118,2393,3315,3946,4450,4919,5314,5594,6067,6553,6851,6840,6847
1117,2391,3314,3948,4449,4918,5316,5592,6069,6551,6849,6842,6844
1117,2392,3313,3949,4452,4916,5314,5591,6072,6550,6853,6841,6841
1117,2392,3315,3947,4454,4917,5312,5593,6071,6554,6851,6838,6844
1118,2392,3317,3946,4452,4920,5314,5595,6069,6553,6849,6842,6844
1118,2393,3316,3948,4451,4923,5317,5594,6072,6552,6850,6840,6842
1118,2394,3316,3949,4454,4921,5315,5594,6069,6553,6850,6840,6843
1117,2392,3316,3947,4454,4920,5313,5597,6067,6552,6847,6843,6841
1117,2391,3315,3946,4454,4920,5316,5593,6070,6550,6852,6842,6839
1117,2390,3313,3944,4455,4922,5317,5590,6071,6555,6851,6841,6843
1118,2391,3315,3947,4454,4919,5316,5593,6071,6553,6849,6843,6843
1118,2392,3317,3948,4453,4917,5314,5591,6070,6551,6852,6842,6842
1119,2391,3316,3947,4455,4916,5313,5590,6072,6554,6850,6841,6844
1119,2391,3315,3945,4454,4919,5316,5594,6073,6552,6848,6845,6843
1119,2391,3317,3945,4453,4920,5314,5596,6072,6550,6852,6844,6842
1118,2390,3315,3947,4456,4918,5312,5594,6070,6554,6850,6842,6845
1119,2388,3314,3946,4454,4915,5313,5593,6072,6553,6848,6845,6844
1119,2390,3314,3945,4451,4913,5316,5595,6075,6552,6851,6843,6843
1119,2390,3316,3946,4450,4915,5313,5593,6074,6554,6849,6841,6845
1119,2390,3315,3947,4452,4916,5311,5591,6071,6556,6847,6846,6842
1119,2390,3314,3947,4451,4914,5313,5594,6074,6554,6850,6843,6839
1120,2391,3314,3945,4450,4914,5316,5593,6076,6552,6850,6840,6842
1120,2391,3314,3947,4452,4913,5315,5591,6074,6556,6848,6844,6841
1120,2390,3315,3949,4452,4916,5312,5594,6072,6555,6850,6842,6839
1119,2391,3314,3947,4453,4916,5310,5592,6075,6554,6848,6839,6842
1119,2392,3316,3945,4453,4914,5311,5590,6078,6557,6846,6844,6841
1119,2392,3317,3947,4455,4912,5312,5593,6075,6554,6849,6843,6839
1120,2392,3315,3948,4453,4914,5311,5592,6072,6553,6848,6841,6842
1121,2393,3315,3947,4452,4915,5310,5591,6075,6557,6847,6844,6843
1120,2395,3316,3946,4454,4917,5308,5590,6076,6556,6845,6842,6843
1121,2395,3317,3948,4453,4917,5311,5591,6075,6552,6848,6839,6845
1121,2394,3318,3950,4452,4914,5313,5590,6074,6555,6845,6844,6843
1121,2395,3317,3949,4454,4916,5311,5589,6076,6554,6844,6843,6843
1122,2395,3315,3948,4454,4917,5308,5591,6077,6552,6846,6841,6840
1122,2394,3316,3947,4454,4916,5311,5590,6075,6555,6846,6844,6839
1122,2395,3315,3947,4453,4914,5313,5589,6074,6555,6844,6842,6844
1123,2396,3314,3949,4456,4912,5311,5593,6075,6553,6847,6839,6841
1124,2394,3316,3948,4453,4914,5311,5595,6078,6555,6844,6843,6838
1124,2393,3317,3946,4451,4916,5309,5593,6077,6554,6842,6843,6842
1124,2394,3316,3948,4453,4915,5311,5592,6075,6553,6846,6841,6840
1124,2396,3315,3949,4453,4914,5309,5593,6076,6556,6844,6845,6838
1124,2394,3317,3948,4451,4911,5307,5593,6078,6555,6842,6843,6837
1124,2394,3316,3947,4454,4913,5306,5592,6076,6554,6839,6842,6835
1124,2395,3316,3950,4454,4911,5307,5595,6074,6556,6838,6845,6831
1124,2397,3315,3950,4453,4909,5307,5595,6077,6554,6836,6843,6835
1124,2397,3317,3949,4455,4907,5306,5594,6080,6553,6840,6840,6838
1124,2397,3316,3948,4457,4909,5305,5596,6078,6555,6844,6843,6837
1125,2398,3315,3949,4455,4913,5307,5598,6075,6554,6841,6841,6838
1125,2398,3316,3949,4454,4911,5304,5597,6077,6553,6839,6839,6836
1124,2397,3318,3949,4457,4910,5304,5595,6081,6556,6843,6843,6834
1122,2398,3317,3948,4455,4911,5305,5598,6078,6553,6840,6842,6831
1122,2398,3316,3946,4455,4913,5307,5598,6076,6550,6839,6840,6830
1123,2398,3318,3948,4458,4911,5305,5598,6079,6554,6843,6842,6830
1123,2398,3318,3947,4457,4909,5303,5599,6081,6553,6841,6841,6834
1124,2400,3317,3946,4456,4911,5305,5597,6078,6553,6838,6840,6832
1125,2400,3316,3947,4458,4913,5306,5596,6076,6554,6837,6843,6829
1125,2399,3317,3948,4459,4912,5305,5598,6074,6553,6835,6842,6833
1124,2399,3318,3949,4458,4911,5303,5597,6076,6551,6839,6842,6831
1124,2400,3317,3947,4456,4909,5306,5597,6079,6553,6839,6844,6829
1122,2400,3316,3945,4458,4910,5308,5600,6078,6552,6838,6842,6834
1123,2400,3317,3947,4456,4909,5305,5598,6076,6552,6840,6841,6833
1123,2399,3316,3945,4457,4907,5303,5596,6077,6555,6842,6844,6830
1123,2401,3315,3945,4459,4905,5305,5598,6079,6553,6840,6844,6834
1122,2401,3314,3943,4461,4906,5306,5601,6077,6551,6838,6842,6832
1122,2401,3315,3945,4459,4909,5305,5600,6075,6554,6843,6845,6835
1123,2403,3317,3945,4456,4909,5304,5599,6078,6552,6841,6844,6835
1123,2402,3316,3944,4458,4907,5305,5602,6082,6549,6839,6844,6834
1124,2401,3316,3942,4458,4908,5307,5600,6079,6554,6842,6846,6837
1125,2401,3317,3943,4457,4910,5310,5598,6076,6552,6840,6845,6835
1124,2402,3316,3942,4459,4911,5309,5599,6079,6549,6837,6844,6834
1124,2402,3315,3941,4458,4911,5306,5601,6080,6552,6841,6847,6837
1124,2401,3315,3939,4458,4910,5307,5600,6078,6555,6840,6844,6836
1124,2402,3316,3941,4459,4912,5310,5600,6077,6553,6838,6841,6835
1124,2401,3315,3940,4459,4915,5307,5603,6080,6553,6840,6845,6837
1125,2400,3315,3939,4459,4914,5306,5602,6081,6552,6839,6844,6835
1125,2402,3315,3942,4460,4911,5304,5600,6078,6549,6837,6842,6834
1127,2403,3317,3943,4458,4910,5307,5602,6075,6552,6841,6845,6838
1126,2401,3316,3940,4456,4911,5306,5601,6072,6550,6841,6843,6835
1127,2400,3313,3939,4458,4913,5306,5599,6074,6547,6838,6842,6835
1127,2401,3316,3938,4460,4911,5307,5602,6077,6546,6841,6845,6838
1126,2401,3317,3940,4460,4910,5309,5600,6076,6550,6840,6844,6836
1126,2402,3317,3938,4460,4912,5307,5599,6073,6548,6838,6844,6834
1127,2403,3316,3936,4461,4915,5304,5598,6075,6545,6842,6846,6837
1127,2403,3317,3935,4463,4912,5307,5600,6073,6549,6841,6843,6836
1127,2403,3316,3938,4461,4909,5311,5598,6071,6547,6838,6842,6836
1127,2401,3314,3940,4460,4908,5309,5596,6069,6545,6840,6845,6840
1127,2401,3312,3938,4461,4909,5308,5598,6073,6549,6839,6844,6837
1126,2401,3314,3935,4460,4911,5310,5601,6072,6548,6838,6843,6835
1125,2400,3315,3933,4459,4909,5311,5601,6070,6545,6842,6846,6839
1124,2401,3314,3934,4458,4908,5309,5600,6071,6548,6841,6844,6837
1124,2401,3313,3936,4461,4910,5308,5603,6074,6546,6839,6843,6836
1124,2401,3314,3935,4461,4913,5307,5600,6072,6544,6841,6846,6839
1123,2402,3316,3933,4460,4911,5310,5599,6070,6548,6840,6849,6837
1121,2403,3315,3932,4461,4910,5308,5601,6073,6551,6837,6848,6835
1121,2401,3314,3934,4459,4911,5306,5600,6076,6549,6841,6847,6838
1122,2401,3316,3936,4458,4914,5303,5598,6074,6546,6840,6849,6836
1123,2403,3316,3934,4460,4912,5306,5602,6071,6550,6838,6847,6834
1123,2402,3314,3932,4461,4911,5308,5605,6074,6548,6840,6845,6839
1123,2400,3313,3929,4461,4910,5305,5602,6076,6546,6838,6849,6836
1124,2402,3315,3930,4461,4913,5304,5600,6073,6550,6835,6848,6833
1124,2401,3316,3929,4463,4912,5307,5603,6072,6548,6839,6847,6837
1124,2401,3315,3929,4462,4909,5309,5601,6074,6546,6838,6849,6836
1125,2402,3314,3927,4462,4907,5308,5600,6076,6548,6837,6848,6836
1125,2402,3315,3928,4462,4908,5305,5604,6074,6547,6839,6847,6839
1124,2401,3317,3930,4461,4910,5307,5602,6072,6545,6837,6850,6837
1123,2400,3316,3930,4458,4909,5310,5600,6070,6548,6836,6849,6834
1121,2401,3315,3929,4460,4908,5307,5601,6071,6548,6839,6847,6837
1122,2401,3317,3928,4460,4910,5307,5603,6075,6544,6843,6845,6837
1123,2399,3316,3929,4459,4912,5310,5602,6073,6542,6841,6848,6840
1122,2401,3314,3927,4459,4910,5312,5600,6070,6545,6839,6846,6839
1122,2402,3312,3926,4462,4907,5309,5603,6072,6543,6841,6844,6838
1123,2401,3313,3928,4460,4906,5307,5602,6070,6541,6840,6848,6840
1123,2401,3312,3930,4458,4908,5309,5602,6068,6545,6837,6846,6843
1123,2401,3311,3929,4460,4905,5311,5603,6066,6544,6842,6843,6841
1124,2402,3311,3927,4459,4904,5310,5601,6070,6542,6840,6846,6840
1124,2402,3312,3929,4458,4903,5309,5599,6068,6545,6837,6845,6844
1125,2403,3311,3931,4459,4906,5312,5602,6065,6542,6840,6843,6842
1124,2405,3311,3930,4461,4907,5313,5604,6063,6540,6839,6847,6841
1123,2403,3311,3928,4462,4905,5312,5603,6065,6544,6837,6846,6839
1122,2403,3313,3930,4461,4904,5310,5603,6064,6543,6837,6844,6836
1122,2404,3313,3930,4463,4902,5312,5605,6062,6542,6837,6847,6840
1122,2402,3312,3929,4461,4904,5313,5603,6061,6544,6839,6844,6844
1122,2400,3312,3928,4460,4906,5311,5602,6064,6542,6842,6842,6842
1122,2402,3314,3927,4461,4905,5310,5604,6062,6540,6840,6847,6838
1123,2403,3314,3929,4463,4905,5309,5602,6059,6544,6837,6845,6841
1121,2401,3313,3927,4461,4904,5311,5601,6063,6543,6842,6843,6840
1121,2401,3315,3926,4459,4905,5313,5604,6065,6540,6841,6846,6839
1120,2402,3316,3927,4462,4907,5311,5607,6063,6538,6838,6849,6843
1120,2401,3314,3929,4462,4905,5309,5605,6063,6542,6841,6847,6840
1121,2401,3313,3927,4462,4904,5311,5603,6065,6539,6839,6846,6837
1120,2402,3312,3924,4463,4902,5314,5605,6063,6538,6837,6849,6839
1118,2401,3314,3926,4461,4903,5312,5604,6061,6537,6841,6847,6839
1117,2402,3314,3927,4459,4906,5312,5602,6064,6536,6839,6845,6838
1118,2403,3314,3926,4460,4905,5309,5605,6066,6538,6837,6848,6841
1118,2404,3313,3925,4463,4902,5311,5604,6064,6541,6839,6847,6840
1118,2403,3314,3924,4461,4901,5310,5601,6063,6539,6838,6845,6837
1118,2403,3312,3926,4460,4902,5309,5602,6065,6537,6837,6850,6840
1119,2403,3310,3928,4462,4904,5308,5604,6063,6540,6840,6848,6837
1119,2403,3308,3928,4465,4902,5310,5604,6061,6540,6839,6845,6835
1120,2403,3310,3927,4463,4901,5312,5602,6064,6539,6837,6848,6839
1118,2404,3309,3928,4460,4900,5311,5604,6066,6540,6839,6847,6839
1117,2403,3308,3929,4463,4903,5311,5603,6064,6539,6837,6845,6837
1116,2402,3310,3928,4460,4902,5312,5602,6063,6537,6836,6850,6836
1117,2403,3312,3926,4458,4900,5313,5604,6066,6540,6838,6848,6834
1118,2404,3311,3925,4460,4898,5312,5605,6067,6539,6838,6845,6838
1117,2403,3311,3926,4459,4899,5310,5604,6066,6538,6838,6843,6842
1117,2402,3312,3925,4459,4901,5309,5602,6064,6541,6840,6847,6841
1118,2403,3313,3924,4461,4903,5312,5605,6066,6538,6837,6845,6839
1118,2403,3312,3924,4460,4901,5314,5604,6069,6537,6836,6845,6842
1118,2403,3310,3926,4458,4900,5313,5602,6068,6539,6839,6843,6840
1118,2405,3312,3928,4456,4903,5311,5605,6066,6539,6838,6840,6838
1119,2403,3313,3926,4458,4904,5312,5603,6067,6539,6837,6843,6843
1120,2402,3313,3924,4457,4905,5314,5601,6066,6542,6839,6847,6842
1120,2404,3311,3926,4456,4903,5313,5604,6064,6539,6837,6845,6839
1121,2404,3313,3927,4458,4902,5311,5602,6066,6538,6836,6845,6841
1120,2403,3313,3926,4457,4904,5314,5601,6069,6541,6839,6848,6841
1119,2402,3312,3925,4457,4905,5316,5604,6069,6539,6839,6846,6840
1119,2403,3314,3924,4459,4904,5315,5603,6068,6539,6838,6845,6844
1120,2402,3315,3925,4457,4903,5312,5601,6069,6542,6839,6847,6842
1119,2400,3314,3925,4455,4902,5315,5599,6072,6540,6838,6846,6840
1119,2401,3313,3923,4457,4904,5316,5601,6070,6542,6837,6846,6843
1120,2402,3314,3921,4455,4905,5313,5600,6067,6546,6835,6845,6841
1120,2402,3316,3922,4454,4906,5312,5599,6071,6543,6834,6847,6839
1119,2401,3315,3921,4453,4905,5311,5602,6070,6541,6838,6845,6843
1118,2402,3314,3920,4454,4904,5313,5601,6067,6541,6836,6844,6843
1119,2401,3315,3918,4454,4906,5314,5599,6065,6540,6833,6848,6842
1119,2401,3316,3919,4454,4907,5313,5601,6067,6538,6836,6846,6843
1118,2403,3315,3919,4456,4908,5311,5603,6065,6541,6840,6844,6842
1117,2403,3315,3918,4454,4906,5313,5601,6063,6539,6837,6846,6839
1116,2403,3317,3920,4453,4904,5314,5599,6066,6537,6835,6849,6843
1116,2405,3316,3922,4455,4905,5314,5602,6070,6541,6838,6847,6842
1117,2405,3314,3922,4456,4907,5313,5601,6067,6540,6835,6845,6840
1116,2404,3314,3922,4455,4905,5315,5600,6065,6537,6833,6849,6843
1115,2404,3314,3920,4453,4903,5317,5602,6068,6539,6837,6848,6841
1113,2404,3313,3922,4456,4906,5315,5600,6069,6538,6835,6846,6840
1113,2404,3313,3923,4455,4908,5313,5598,6067,6536,6834,6849,6843
1114,2405,3314,3922,4453,4907,5316,5601,6066,6540,6838,6851,6843
1113,2405,3315,3920,4456,4906,5317,5599,6069,6539,6835,6848,6840
1113,2405,3314,3922,4453,4905,5316,5597,6067,6537,6833,6847,6843
1114,2405,3312,3924,4452,4906,5317,5600,6064,6539,6837,6851,6840
1115,2404,3314,3923,4451,4908,5319,5603,6062,6538,6835,6848,6838
1116,2405,3316,3922,4453,4906,5320,5601,6065,6537,6835,6847,6841
1116,2404,3315,3924,4451,4904,5318,5599,6063,6540,6838,6849,6840
1116,2402,3314,3925,4450,4903,5316,5601,6063,6539,6836,6848,6840
1115,2401,3315,3923,4452,4902,5318,5600,6061,6537,6835,6847,6842
1114,2403,3313,3922,4455,4905,5316,5598,6063,6535,6838,6851,6840
1115,2403,3313,3920,4453,4903,5315,5602,6061,6538,6837,6853,6843
1116,2403,3312,3923,4450,4901,5314,5601,6059,6536,6837,6851,6842
1116,2404,3314,3924,4452,4899,5316,5599,6061,6534,6840,6849,6842
1117,2404,3312,3922,4451,4901,5315,5596,6060,6539,6837,6852,6845
1117,2403,3310,3922,4450,4902,5312,5599,6060,6537,6835,6851,6844
1117,2402,3309,3921,4452,4900,5309,5597,6058,6535,6838,6851,6842
1118,2403,3310,3923,4453,4900,5312,5596,6060,6537,6836,6854,6844
1118,2402,3309,3922,4453,4899,5314,5599,6058,6536,6835,6851,6842
1118,2401,3308,3921,4453,4900,5312,5602,6057,6535,6837,6849,6841
1118,2402,3306,3919,4454,4902,5310,5599,6054,6538,6836,6852,6846
1119,2401,3308,3921,4453,4899,5313,5596,6057,6538,6833,6849,6843
1119,2401,3307,3920,4452,4897,5314,5599,6057,6536,6837,6848,6841
1119,2401,3306,3919,4454,4899,5312,5597,6055,6538,6835,6851,6844
1118,2401,3307,3920,4453,4900,5310,5596,6057,6537,6834,6848,6842
1118,2399,3308,3921,4453,4900,5307,5598,6060,6535,6839,6846,6841
1117,2399,3307,3921,4455,4900,5309,5602,6057,6538,6836,6849,6845
1118,2400,3306,3921,4456,4900,5309,5600,6056,6537,6835,6852,6844
1118,2399,3308,3923,4457,4900,5308,5597,6058,6536,6838,6852,6842
1117,2398,3308,3924,4457,4902,5306,5599,6061,6539,6835,6851,6844
1116,2397,3307,3922,4458,4900,5307,5597,6060,6537,6833,6853,6844
1115,2399,3308,3921,4457,4899,5306,5596,6056,6536,6837,6852,6842
1117,2399,3310,3919,4456,4897,5304,5598,6059,6538,6836,6851,6847
1117,2398,3310,3920,4458,4900,5306,5597,6062,6538,6838,6854,6845
1117,2396,3310,3920,4456,4902,5308,5595,6061,6537,6841,6854,6842
1116,2397,3309,3919,4455,4900,5307,5593,6060,6539,6839,6853,6845
1115,2398,3310,3918,4456,4897,5307,5595,6063,6538,6838,6852,6844
1116,2398,3310,3920,4459,4895,5309,5594,6062,6537,6842,6850,6843
1116,2398,3308,3919,4458,4897,5311,5592,6059,6540,6839,6849,6847
1117,2398,3307,3918,4457,4898,5309,5595,6057,6538,6836,6853,6846
1117,2398,3309,3916,4458,4896,5308,5593,6059,6538,6840,6852,6843
1116,2397,3308,3918,4456,4894,5310,5593,6057,6541,6838,6850,6846
1117,2396,3307,3919,4454,4894,5312,5596,6056,6539,6836,6853,6844
1118,2397,3309,3917,4455,4897,5311,5593,6055,6537,6841,6851,6843
1116,2396,3311,3917,4457,4899,5309,5591,6058,6540,6839,6854,6846
1115,2395,3311,3918,4455,4897,5312,5593,6059,6538,6837,6857,6849
1115,2397,3310,3919,4454,4894,5313,5592,6057,6538,6839,6856,6847
1116,2398,3311,3919,4457,4892,5314,5591,6055,6537,6838,6861,6845
1116,2397,3310,3918,4455,4894,5313,5594,6058,6538,6837,6858,6845
1115,2396,3308,3920,4452,4896,5312,5597,6057,6536,6840,6855,6843
1116,2397,3310,3922,4454,4899,5313,5596,6056,6534,6844,6859,6848
1117,2396,3311,3919,4453,4897,5313,5597,6058,6536,6840,6857,6846
1117,2394,3310,3917,4452,4895,5311,5595,6060,6535,6838,6855,6844
1117,2395,3309,3919,4454,4897,5310,5594,6058,6535,6841,6859,6847
1117,2396,3310,3921,4452,4898,5311,5597,6057,6538,6839,6857,6849
1117,2396,3309,3920,4450,4900,5312,5597,6059,6536,6838,6854,6848
1117,2395,3308,3919,4452,4899,5310,5596,6061,6535,6842,6858,6847
1117,2397,3308,3920,4455,4897,5309,5598,6061,6538,6839,6856,6850
1117,2398,3309,3922,4454,4899,5307,5595,6059,6537,6837,6855,6848
1116,2397,3309,3922,4453,4902,5311,5594,6061,6536,6841,6859,6845
1114,2395,3308,3921,4454,4900,5310,5597,6063,6540,6839,6857,6848
1115,2396,3308,3919,4453,4898,5307,5595,6062,6538,6839,6854,6847
1115,2396,3310,3920,4452,4894,5305,5594,6060,6536,6842,6858,6846
1116,2395,3309,3922,4453,4896,5307,5594,6063,6539,6839,6857,6850
1117,2397,3307,3921,4452,4898,5305,5597,6062,6537,6836,6856,6847
1116,2397,3309,3920,4451,4898,5303,5594,6061,6536,6839,6860,6844
1117,2396,3308,3922,4454,4896,5306,5593,6062,6540,6838,6858,6847
1117,2397,3307,3923,4453,4895,5309,5595,6065,6537,6837,6855,6850
1117,2398,3309,3922,4451,4897,5308,5593,6063,6535,6841,6858,6849
1117,2397,3311,3922,4448,4899,5306,5591,6061,6537,6839,6857,6853
1116,2397,3310,3925,4450,4898,5308,5594,6065,6536,6837,6855,6851
1117,2397,3309,3926,4448,4897,5309,5593,6064,6534,6841,6859,6850
1117,2397,3311,3923,4445,4895,5308,5591,6062,6538,6838,6858,6852
1117,2398,3311,3921,4447,4897,5306,5593,6063,6537,6838,6856,6855
1117,2398,3309,3920,4446,4900,5305,5591,6066,6535,6842,6859,6852
1116,2397,3311,3921,4447,4898,5307,5590,6064,6537,6840,6857,6851
1116,2396,3313,3921,4449,4897,5307,5593,6062,6536,6837,6856,6855
1117,2397,3311,3920,4451,4900,5306,5592,6066,6534,6841,6859,6852
1116,2399,3309,3921,4450,4902,5307,5591,6064,6538,6840,6858,6850
1116,2397,3310,3923,4449,4904,5309,5594,6061,6537,6839,6857,6848
1115,2397,3309,3923,4450,4901,5308,5595,6058,6535,6843,6860,6845
1115,2397,3309,3922,4452,4899,5306,5594,6061,6537,6841,6858,6845
1116,2398,3310,3923,4451,4898,5308,5593,6059,6536,6838,6856,6844
1117,2397,3311,3924,4449,4900,5310,5596,6057,6534,6841,6860,6842
1117,2397,3312,3922,4452,4901,5309,5594,6059,6537,6840,6859,6844
1118,2398,3313,3921,4451,4900,5307,5593,6063,6541,6838,6857,6847
1118,2396,3314,3922,4450,4899,5309,5597,6061,6540,6843,6860,6844
1118,2395,3313,3924,4451,4897,5311,5595,6058,6537,6842,6858,6842
1118,2396,3312,3922,4452,4898,5309,5592,6061,6539,6839,6856,6846
1118,2396,3313,3921,4450,4901,5308,5595,6064,6538,6842,6860,6843
1119,2396,3313,3921,4449,4898,5310,5593,6062,6536,6841,6859,6842
1120,2396,3313,3923,4451,4897,5314,5591,6061,6540,6839,6857,6845
1120,2397,3314,3922,4449,4899,5312,5594,6064,6539,6843,6860,6843
1120,2396,3315,3921,4447,4901,5309,5594,6066,6537,6842,6857,6843
1121,2395,3315,3919,4450,4903,5311,5593,6063,6539,6839,6855,6846
1121,2396,3314,3921,4450,4903,5313,5592,6061,6538,6842,6859,6844
1120,2396,3316,3920,4449,4901,5312,5594,6063,6536,6841,6859,6842
1120,2397,3316,3919,4450,4902,5310,5593,6062,6539,6840,6857,6845
1120,2398,3314,3921,4451,4905,5314,5591,6061,6539,6844,6855,6843
1120,2398,3312,3922,4450,4903,5317,5593,6064,6537,6843,6854,6842
1120,2398,3313,3921,4448,4901,5314,5593,6066,6539,6840,6856,6846
1120,2397,3313,3921,4450,4899,5312,5591,6064,6537,6842,6859,6843
1120,2397,3314,3922,4448,4901,5314,5593,6063,6535,6841,6859,6841
1120,2397,3314,3924,4446,4905,5316,5595,6066,6538,6838,6862,6844
1120,2398,3316,3925,4445,4902,5314,5594,6068,6538,6843,6864,6843
1120,2398,3315,3924,4447,4900,5313,5593,6067,6537,6842,6861,6842
1121,2399,3313,3922,4446,4899,5315,5595,6065,6540,6839,6859,6846
1122,2400,3315,3924,4445,4901,5317,5595,6066,6538,6842,6863,6843
1122,2399,3315,3925,4447,4903,5317,5595,6065,6537,6840,6862,6841
1123,2398,3314,3924,4446,4901,5315,5598,6064,6539,6838,6861,6845
1123,2399,3314,3923,4445,4900,5317,5595,6062,6542,6843,6863,6842
1122,2400,3315,3925,4446,4903,5314,5594,6065,6542,6842,6861,6841
1121,2400,3312,3928,4445,4905,5312,5596,6065,6540,6840,6858,6845
1121,2399,3310,3927,4444,4902,5311,5594,6064,6542,6842,6861,6842
1122,2400,3308,3926,4447,4900,5313,5593,6065,6540,6841,6862,6841
1122,2401,3310,3927,4449,4898,5316,5596,6067,6539,6839,6864,6844
1122,2400,3309,3927,4448,4899,5314,5599,6065,6541,6843,6862,6842
1123,2400,3309,3929,4446,4902,5312,5597,6063,6540,6842,6861,6842
1121,2401,3310,3928,4448,4901,5314,5596,6066,6540,6839,6864,6842
1120,2401,3312,3927,4446,4900,5312,5598,6069,6541,6841,6867,6839
1119,2400,3312,3927,4445,4902,5310,5596,6068,6539,6841,6865,6842
1120,2400,3310,3929,4447,4905,5308,5594,6065,6537,6839,6864,6841
1121,2400,3312,3929,4449,4903,5311,5597,6068,6541,6844,6865,6838
1120,2400,3313,3929,4449,4901,5313,5597,6066,6540,6842,6864,6841
1119,2399,3312,3929,4449,4904,5311,5595,6064,6538,6840,6863,6841
1119,2401,3310,3930,4451,4905,5309,5597,6062,6541,6842,6865,6840
1120,2401,3312,3929,4449,4903,5307,5596,6065,6539,6840,6865,6842
1121,2401,3313,3928,4447,4903,5309,5595,6064,6537,6839,6869,6839
1120,2400,3313,3927,4449,4905,5308,5597,6061,6540,6839,6866,6837
1120,2401,3312,3928,4447,4907,5306,5596,6058,6538,6843,6863,6840
1120,2401,3313,3927,4445,4906,5309,5596,6062,6537,6842,6867,6843
1121,2401,3315,3927,4446,4905,5311,5599,6060,6541,6839,6865,6842
1121,2402,3314,3929,4447,4903,5310,5601,6058,6538,6842,6863,6844
1120,2403,3315,3930,4447,4905,5308,5599,6058,6536,6841,6868,6847
1118,2403,3316,3930,4447,4907,5310,5597,6060,6539,6840,6864,6844
1117,2405,3317,3930,4447,4905,5311,5599,6058,6538,6844,6861,6842
1117,2405,3316,3929,4447,4905,5313,5597,6056,6537,6843,6864,6846
1118,2405,3316,3930,4445,4907,5311,5596,6059,6541,6840,6862,6844
1117,2403,3316,3928,4444,4909,5310,5599,6061,6539,6844,6862,6841
1116,2404,3317,3926,4445,4906,5313,5601,6059,6538,6841,6866,6845
1117,2403,3318,3924,4444,4905,5315,5600,6057,6541,6839,6864,6843
1117,2403,3318,3926,4444,4907,5313,5598,6061,6539,6844,6863,6840
1116,2404,3319,3927,4443,4908,5311,5601,6061,6538,6842,6866,6844
1116,2405,3317,3927,4445,4910,5313,5599,6060,6541,6839,6864,6843
1116,2404,3316,3927,4444,4909,5315,5597,6059,6541,6842,6863,6840
1117,2403,3316,3929,4442,4909,5314,5601,6061,6543,6842,6868,6843
1116,2404,3318,3928,4441,4911,5314,5600,6060,6541,6840,6866,6840
1116,2403,3318,3927,4443,4912,5317,5597,6059,6540,6839,6864,6838
1115,2401,3318,3925,4443,4910,5315,5600,6057,6542,6843,6866,6841
1116,2403,3316,3928,4442,4908,5313,5598,6058,6547,6841,6865,6841
1116,2403,3317,3926,4445,4910,5311,5596,6056,6546,6840,6865,6838
1115,2402,3319,3926,4444,4913,5314,5594,6054,6543,6842,6868,6840
1115,2403,3317,3926,4442,4911,5316,5597,6056,6546,6840,6866,6840
1116,2403,3315,3928,4444,4910,5314,5597,6059,6544,6840,6862,6838
1117,2402,3316,3928,4446,4912,5312,5596,6062,6542,6844,6865,6842
1115,2403,3318,3927,4445,4915,5315,5598,6060,6546,6841,6864,6842
1113,2404,3316,3926,4445,4916,5317,5596,6057,6544,6838,6862,6839
1114,2402,3316,3927,4446,4914,5315,5594,6060,6542,6842,6866,6842
1115,2401,3317,3926,4444,4912,5314,5596,6063,6544,6840,6865,6839
1115,2402,3319,3925,4441,4911,5315,5595,6060,6542,6837,6862,6836
1115,2402,3319,3924,4445,4912,5317,5595,6059,6540,6842,6865,6840
1116,2401,3318,3926,4444,4915,5317,5594,6063,6542,6841,6864,6839
1117,2402,3318,3927,4443,4914,5316,5597,6065,6547,6838,6863,6837
1117,2403,3320,3926,4444,4915,5318,5593,6062,6545,6842,6867,6840
1116,2402,3319,3926,4446,4916,5315,5592,6062,6543,6840,6865,6837
1116,2402,3317,3927,4445,4916,5314,5594,6063,6545,6838,6862,6836
1116,2403,3319,3928,4443,4918,5312,5593,6061,6544,6843,6866,6838
1116,2402,3318,3927,4445,4916,5314,5592,6061,6542,6841,6865,6837
1116,2402,3317,3928,4444,4914,5313,5595,6064,6547,6839,6864,6837
1115,2402,3316,3930,4443,4916,5312,5598,6066,6546,6842,6867,6838
1116,2404,3318,3928,4446,4918,5312,5596,6064,6548,6840,6866,6838
1116,2403,3318,3927,4445,4920,5314,5598,6062,6550,6838,6863,6837
1115,2403,3317,3929,4442,4920,5316,5600,6064,6548,6843,6866,6840
1114,2403,3319,3930,4444,4917,5314,5599,6067,6547,6842,6865,6839
1113,2402,3319,3928,4446,4919,5312,5596,6066,6550,6840,6863,6838
1113,2401,3319,3927,4444,4921,5314,5600,6064,6550,6838,6868,6841
1114,2402,3318,3930,4441,4919,5313,5599,6067,6549,6841,6866,6838
1112,2403,3320,3931,4443,4917,5312,5596,6064,6551,6839,6864,6841
1111,2403,3321,3930,4441,4916,5311,5593,6063,6549,6839,6867,6843
1112,2402,3320,3927,4440,4919,5314,5595,6061,6547,6838,6865,6843
1113,2403,3318,3926,4444,4920,5314,5594,6064,6550,6836,6863,6841
1111,2402,3320,3927,4446,4919,5312,5592,6063,6549,6835,6867,6844
1110,2401,3321,3928,4443,4917,5310,5595,6062,6548,6834,6866,6841
1111,2402,3321,3928,4441,4915,5312,5598,6063,6550,6832,6864,6838
1111,2402,3320,3926,4443,4917,5315,5597,6066,6548,6832,6866,6841
1110,2403,3319,3928,4441,4916,5313,5595,6064,6546,6834,6865,6840
1111,2403,3321,3930,4440,4913,5313,5597,6062,6549,6833,6863,6838
1111,2404,3322,3930,4442,4912,5314,5596,6065,6548,6831,6868,6841
1110,2404,3320,3930,4442,4915,5316,5594,6064,6547,6834,6866,6839
1110,2403,3319,3929,4442,4917,5314,5597,6063,6550,6833,6864,6842
1110,2405,3320,3930,4441,4914,5313,5596,6060,6548,6832,6866,6840
1110,2403,3321,3932,4444,4913,5315,5595,6061,6546,6831,6865,6838
1110,2401,3320,3930,4441,4911,5317,5597,6060,6549,6829,6863,6842
1111,2403,3319,3928,4438,4913,5317,5595,6058,6547,6832,6866,6840
1111,2404,3320,3930,4441,4911,5317,5594,6062,6546,6830,6866,6837
1112,2402,3322,3931,4439,4911,5319,5596,6065,6550,6828,6865,6841
1112,2401,3321,3931,4437,4911,5320,5598,6063,6548,6833,6867,6839
1112,2402,3321,3931,4439,4913,5318,5597,6061,6546,6832,6865,6838
1111,2402,3323,3932,4442,4911,5316,5597,6063,6549,6830,6864,6842
1112,2402,3323,3934,4441,4909,5318,5600,6066,6551,6833,6866,6840
1113,2403,3322,3933,4440,4912,5319,5597,6064,6550,6831,6866,6836
1113,2401,3321,3932,4441,4913,5319,5595,6062,6549,6830,6865,6840
1113,2401,3321,3931,4440,4912,5318,5598,6065,6551,6833,6867,6838
1114,2402,3322,3933,4440,4910,5319,5597,6064,6550,6834,6865,6835
1114,2404,3321,3932,4442,4908,5317,5595,6062,6549,6832,6863,6839
1115,2403,3320,3931,4444,4911,5315,5599,6060,6552,6834,6866,6837
1115,2403,3319,3932,4442,4913,5313,5598,6062,6550,6833,6866,6834
1116,2403,3320,3935,4440,4911,5315,5597,6061,6550,6832,6864,6837
1115,2403,3320,3937,4443,4908,5313,5598,6060,6553,6835,6866,6835
1114,2401,3321,3936,4443,4910,5311,5600,6063,6551,6834,6864,6835
1113,2402,3320,3934,4441,4912,5310,5599,6066,6549,6832,6862,6833
1114,2402,3320,3935,4443,4910,5312,5598,6063,6547,6834,6865,6832
1113,2402,3322,3937,4445,4908,5309,5601,6060,6545,6833,6865,6834
1112,2403,3320,3935,4444,4911,5308,5600,6062,6549,6832,6864,6831
1112,2401,3319,3933,4443,4913,5307,5599,6063,6549,6835,6867,6830
1112,2401,3317,3935,4445,4911,5309,5601,6063,6547,6835,6868,6833
1112,2402,3319,3936,4444,4909,5308,5599,6061,6549,6835,6866,6832
1112,2403,3319,3934,4445,4911,5307,5597,6064,6547,6836,6864,6830
1112,2402,3318,3934,4447,4913,5309,5600,6062,6545,6835,6869,6832
0,2402,3319,3932,4446,4911,5312,5598,6060,6548,6834,6866,6830
0,2404,3319,3935,4445,4910,5310,5598,6058,6548,6832,6863,6829
0,2403,3319,3936,4446,4910,5308,5598,6061,6546,6832,6866,6832
0,2403,3321,3934,4448,4912,5311,5600,6060,6544,6836,6863,6830
0,2404,3320,3932,4447,4914,5312,5597,6059,6547,6838,6861,6830
0,2405,3318,3934,4447,4912,5311,5595,6062,6545,6835,6865,6832
0,2404,3316,3936,4447,4910,5310,5597,6059,6543,6834,6864,6829
0,2403,3317,3934,4451,4908,5308,5596,6057,6546,6837,6861,6827
0,2403,3318,3932,4449,4910,5310,5595,6056,6546,6836,6863,6830
0,2404,3318,3930,4449,4912,5312,5598,6058,6545,6834,6861,6829
0,2403,3317,3933,4450,4911,5309,5597,6056,6547,6837,6859,6833
0,2403,3318,3935,4448,4911,5308,5595,6055,6546,6835,6864,6831
0,2404,3319,3934,4446,4913,5311,5597,6053,6544,6834,6862,6827
0,2403,3318,3932,4445,4914,5313,5600,6055,6547,6836,6860,6831
0,2402,3317,3933,4447,4913,5311,5598,6054,6546,6836,6863,6829
0,2403,3317,3934,4446,4911,5309,5595,6053,6544,6836,6860,6828
0,2402,3319,3933,4446,4910,5311,5599,6055,6546,6838,6858,6832
0,2401,3317,3931,4448,4911,5313,5598,6054,6544,6836,6862,6830
0,2403,3316,3933,4447,4910,5312,5596,6053,6543,6835,6861,6828
0,2403,3318,3935,4445,4909,5311,5598,6051,6545,6837,6859,6831
0,2403,3318,3933,4443,4909,5313,5600,6054,6545,6837,6861,6830
0,2405,3317,3933,4444,4910,5315,5598,6052,6544,6836,6860,6829
0,2405,3316,3934,4444,4909,5315,5597,6050,6546,6838,6858,6833
0,2404,3318,3936,4442,4907,5314,5600,6053,6544,6835,6861,6832
0,2403,3317,3934,4444,4905,5315,5599,6056,6543,6832,6860,6833
0,2404,3317,3932,4443,4908,5317,5598,6055,6545,6835,6858,6835
0,2402,3316,3931,4442,4908,5315,5600,6053,6543,6835,6860,6834
0,2401,3318,3933,4442,4908,5313,5597,6055,6542,6835,6863,6833
0,2402,3318,3932,4444,4906,5315,5595,6057,6545,6838,6862,6833
0,2401,3317,3931,4443,4904,5314,5598,6056,6542,6836,6865,6832
0,2401,3316,3930,4442,4907,5314,5596,6055,6540,6833,6864,6834
0,2402,3316,3932,4443,4904,5313,5595,6058,6543,6837,6862,6831
0,2403,3317,3932,4443,4902,5313,5594,6057,6541,6839,6865,6830
0,2401,3316,3931,4443,4901,5311,5597,6055,6541,6839,6863,6833
0,2400,3315,3931,4445,4904,5310,5594,6052,6544,6838,6863,6831
0,2401,3316,3932,4447,4906,5308,5592,6055,6542,6835,6864,6828
0,2401,3318,3932,4445,4905,5310,5594,6053,6542,6834,6864,6831
0,2402,3317,3931,4443,4904,5313,5592,6052,6540,6838,6862,6829
0,2403,3315,3929,4445,4904,5312,5591,6056,6543,6836,6865,6829
0,2403,3317,3931,4444,4904,5311,5595,6059,6542,6836,6862,6831
0,2402,3320,3933,4442,4906,5312,5594,6056,6541,6840,6859,6830
0,2400,3319,3932,4445,4908,5314,5591,6053,6539,6842,6863,6830
0,2401,3318,3931,4446,4906,5313,5590,6052,6537,6839,6862,6828
0,2399,3319,3934,4445,4906,5311,5592,6054,6535,6837,6862,6826
0,2397,3318,3935,4445,4908,5312,5591,6053,6538,6839,6864,6829
0,2400,3316,3933,4448,4910,5315,5589,6053,6537,6838,6862,6828
0,2400,3316,3931,4447,4908,5315,5593,6051,6537,6837,6859,6826
0,2399,3316,3931,4445,4905,5314,5592,6053,6540,6841,6862,6830
0,2398,3318,3932,4446,4903,5311,5590,6052,6537,6837,6861,6827
0,2399,3317,3931,4445,4905,5314,5592,6052,6536,6836,6861,6824
0,2400,3316,3930,4444,4907,5312,5590,6054,6538,6838,6862,6822
0,2398,3318,3927,4446,4906,5309,5589,6057,6537,6838,6860,6824
0,2397,3319,3930,4445,4905,5312,5591,6057,6537,6837,6857,6823
0,2398,3319,3930,4444,4907,5315,5590,6055,6541,6839,6860,6823
0,2400,3318,3929,4444,4910,5315,5590,6057,6539,6838,6859,6826
0,2399,3320,3928,4446,4909,5314,5592,6056,6536,6836,6858,6824
0,2398,3318,3929,4445,4908,5315,5594,6054,6539,6839,6860,6822
0,2399,3315,3929,4443,4909,5318,5592,6052,6537,6837,6859,6824
0,2401,3313,3929,4445,4911,5315,5590,6055,6535,6835,6857,6823
0,2398,3316,3928,4443,4910,5314,5592,6054,6540,6837,6860,6822
0,2397,3315,3929,4441,4908,5317,5591,6053,6543,6835,6859,6826
0,2398,3314,3930,4444,4910,5319,5591,6051,6541,6834,6858,6824
0,2399,3315,3932,4445,4913,5318,5594,6053,6539,6837,6861,6821
0,2397,3314,3932,4444,4913,5315,5593,6052,6537,6836,6860,6825
0,2397,3312,3931,4444,4912,5316,5592,6049,6536,6835,6859,6823
0,2397,3311,3933,4446,4913,5315,5594,6053,6535,6838,6861,6822
0,2397,3314,3934,4445,4915,5314,5596,6056,6539,6836,6860,6822
0,2396,3313,3932,4443,4917,5312,5594,6055,6537,6839,6859,6819
0,2397,3312,3932,4445,4916,5314,5593,6053,6535,6837,6863,6818
0,2397,3313,3933,4444,4915,5317,5596,6056,6538,6836,6860,6816
0,2397,3315,3934,4443,4917,5315,5596,6053,6536,6834,6859,6813
0,2399,3314,3933,4442,4919,5312,5595,6051,6535,6838,6862,6818
0,2400,3313,3931,4440,4919,5314,5597,6050,6539,6835,6860,6817
0,2399,3314,3934,4439,4916,5312,5595,6054,6538,6833,6860,6816
0,2399,3312,3936,4438,4917,5309,5594,6052,6535,6832,6863,6818
0,2398,3311,3935,4441,4919,5307,5596,6050,6538,6830,6865,6818
0,2399,3310,3934,4439,4921,5310,5600,6052,6537,6829,6862,6816
0,2399,3313,3935,4437,4919,5312,5598,6055,6536,6832,6860,6820
0,2397,3312,3936,4438,4918,5311,5597,6054,6539,6830,6863,6819
0,2396,3311,3935,4441,4921,5308,5598,6053,6538,6828,6862,6817
0,2396,3312,3934,4439,4922,5310,5597,6056,6536,6831,6860,6819
0,2397,3313,3933,4438,4922,5312,5595,6058,6539,6830,6863,6819
0,2397,3312,3935,4440,4920,5310,5597,6055,6537,6830,6861,6818
0,2397,3311,3936,4440,4918,5307,5596,6055,6535,6829,6859,6822
0,2398,3312,3935,4439,4921,5305,5596,6057,6538,6827,6862,6820
0,2397,3314,3935,4439,4922,5308,5599,6055,6538,6829,6861,6818
0,2397,3312,3933,4441,4923,5311,5600,6054,6536,6833,6859,6821
0,2398,3311,3935,4439,0,5308,5597,6053,6538,6830,6861,6819
0,2397,3313,3934,4438,0,5307,5596,6056,6535,6830,6860,6816
0,2396,0,0,4440,0,0,5598,0,6534,6829,6858,6819
0,2397,0,0,4438,0,0,0,0,6536,6827,6861,6819
0,2398,0,0,0,0,0,0,0,6536,0,0,0
