96,108,129,157,182,206,242,271,320,358,391,395,387
93,106,133,156,186,214,231,265,313,355,396,396,388
96,108,131,157,180,205,240,272,318,356,394,392,388
96,110,129,157,185,214,235,268,313,356,394,394,387
95,110,134,156,180,207,236,270,315,356,396,390,391
96,106,130,156,183,213,235,265,320,357,395,392,389
92,106,135,155,182,209,241,267,316,352,396,396,386
97,106,130,158,185,216,231,268,319,352,395,392,388
91,110,134,155,183,209,240,265,319,354,395,394,385
96,109,129,158,183,211,236,272,319,356,396,392,391
94,109,136,153,186,207,239,263,319,352,393,396,388
95,109,132,156,181,214,236,271,315,355,398,392,385
96,108,132,153,187,208,238,262,320,353,396,390,388
95,105,132,160,179,215,237,269,315,358,394,394,388
96,108,135,156,185,208,238,270,318,355,395,396,387
92,107,133,156,184,213,239,265,319,354,397,390,388
92,110,131,155,181,206,235,269,314,357,395,390,388
96,108,129,158,180,214,239,267,317,354,391,397,388
96,110,130,156,180,209,234,271,314,355,391,395,388
95,105,132,158,184,214,240,268,321,355,397,395,384
96,110,130,154,178,207,237,273,318,355,397,392,385
95,109,129,157,188,214,242,263,317,354,395,390,388
95,105,132,156,181,209,237,272,317,356,393,394,389
96,109,129,161,187,211,239,269,322,356,394,396,388
96,106,132,152,181,208,235,272,314,351,395,396,386
92,107,132,156,185,212,238,266,322,355,394,390,390
97,109,133,156,184,205,234,264,317,356,393,393,385
93,109,129,160,179,214,239,270,317,354,397,396,386
97,110,132,153,182,206,234,263,314,355,393,392,390
92,104,136,159,178,210,238,269,318,355,397,395,387
96,108,131,152,184,211,230,264,316,352,393,393,388
96,109,134,157,181,213,241,272,319,356,397,393,386
95,105,133,153,187,209,232,263,316,356,397,391,384
93,109,135,158,182,209,237,269,318,353,394,389,388
96,110,133,153,180,211,234,265,314,355,391,391,386
96,108,132,161,183,213,236,266,320,354,397,395,391
94,108,133,157,182,210,236,270,317,355,394,389,387
95,108,134,160,179,213,238,264,318,352,396,393,390
96,108,134,155,179,211,235,274,317,353,393,391,384
93,109,128,156,184,208,236,266,320,355,396,395,385
96,108,133,157,182,207,236,272,318,352,393,396,389
93,108,130,157,187,210,232,267,313,348,394,394,386
97,110,134,156,181,212,235,273,319,353,394,394,392
96,109,133,157,184,210,233,265,319,356,394,395,388
94,108,132,155,179,209,237,271,319,352,396,389,385
94,109,133,154,183,213,232,270,320,348,395,393,388
92,107,136,158,182,211,234,269,318,354,392,394,388
95,108,128,153,181,211,235,273,314,355,394,393,390
96,106,134,155,186,210,242,265,317,352,393,392,388
91,108,129,152,182,208,233,272,318,352,395,396,385
94,107,132,156,186,207,238,269,320,350,398,395,390
95,105,132,156,181,214,235,269,316,356,392,391,384
97,106,134,158,184,209,240,264,316,348,396,395,386
92,108,133,154,182,214,233,270,318,353,393,394,388
97,109,130,156,184,209,237,267,318,348,394,391,386
93,108,133,154,181,212,234,263,319,356,392,392,386
97,109,134,160,179,204,242,274,317,354,396,390,390
91,110,134,156,186,217,232,265,318,351,397,393,386
95,106,132,160,180,208,241,271,316,354,396,397,386
96,109,133,156,187,216,234,266,318,352,393,396,386
94,106,131,159,184,210,240,271,320,356,398,396,384
96,111,133,156,182,212,234,270,316,352,397,393,387
96,108,132,159,182,208,237,268,314,354,393,396,388
95,110,132,157,181,213,236,272,316,352,398,392,390
96,109,134,158,182,212,239,268,322,352,394,395,388
96,109,130,153,178,212,236,268,316,352,397,393,386
92,107,132,159,184,213,239,265,319,354,392,396,390
95,107,134,152,180,211,238,271,312,352,394,393,384
95,110,130,159,185,213,236,267,318,357,397,396,387
95,107,134,155,181,211,236,270,313,354,395,391,390
96,108,130,154,188,211,234,269,316,354,395,395,385
96,108,130,156,183,210,240,265,318,356,396,394,387
95,108,133,160,182,213,237,264,322,354,397,393,389
95,107,129,152,182,210,241,269,315,351,395,396,389
95,110,131,159,182,208,237,270,322,354,395,392,388
97,105,129,154,182,208,240,267,315,356,394,392,385
97,109,132,156,178,213,236,269,320,351,395,391,389
94,108,131,155,184,209,239,264,319,354,396,395,389
95,108,134,155,183,212,236,271,320,355,396,392,387
96,109,129,156,188,209,238,268,314,354,394,394,386
91,109,135,158,181,214,237,270,318,353,393,391,387
96,108,132,152,184,211,243,270,317,352,397,393,388
92,108,134,157,184,215,232,265,320,354,394,392,387
92,106,132,155,187,210,244,273,316,354,396,395,392
96,105,131,158,182,210,236,266,318,353,398,390,389
91,106,129,152,181,210,243,273,316,353,394,389,390
95,105,134,157,182,212,237,266,319,356,395,393,387
96,107,133,153,181,209,244,272,318,353,395,395,389
96,109,130,160,183,216,239,267,321,352,393,392,387
92,110,134,156,181,210,243,269,318,355,391,390,390
93,109,133,161,188,212,233,268,315,354,394,392,388
96,107,130,154,178,208,244,266,318,353,393,394,389
95,109,130,161,185,210,237,266,318,348,394,393,391
92,109,131,154,181,209,244,266,315,353,394,394,389
92,109,133,159,180,213,236,273,317,352,394,396,387
96,107,133,153,183,207,240,264,321,357,395,396,388
96,108,130,157,184,213,233,273,316,353,394,392,389
94,107,135,156,183,208,238,261,315,357,396,391,391
95,108,131,156,177,212,235,270,320,350,396,395,384
93,106,135,153,185,209,242,267,320,351,393,396,390
95,106,131,158,183,212,237,268,316,350,392,391,387
96,105,135,154,188,211,240,267,321,353,396,392,387
95,109,132,157,179,211,237,268,317,353,394,391,388
96,110,134,154,185,212,238,272,323,349,393,396,391
96,109,134,158,183,212,236,267,315,353,394,394,388
94,110,132,153,184,211,235,269,318,348,393,393,387
97,109,132,157,180,206,239,268,315,349,398,391,388
94,105,132,154,182,213,235,270,322,349,398,396,387
93,109,129,156,185,207,240,263,316,355,397,393,392
97,110,129,157,181,211,234,270,322,356,394,392,389
93,110,132,155,185,206,242,268,318,354,394,395,390
93,108,132,155,179,209,232,268,320,355,398,392,389
97,109,131,157,184,210,243,265,316,353,396,392,387
96,104,132,158,181,209,237,268,322,354,393,392,388
96,105,132,156,178,208,242,272,312,352,398,395,388
91,108,132,159,184,215,233,264,316,354,397,392,392
96,108,134,156,180,209,244,272,316,356,396,395,389
96,110,132,160,184,212,235,265,320,353,392,391,392
97,108,130,156,177,209,241,267,319,358,393,390,391
93,106,131,158,187,211,236,267,320,352,393,396,388
96,109,134,157,181,208,241,269,316,356,394,393,391
97,108,130,156,184,212,236,265,321,351,394,389,386
93,106,136,151,178,209,240,264,318,352,393,392,386
97,109,128,160,185,210,233,272,320,351,391,393,388
97,108,132,153,184,209,236,265,314,356,392,392,390
96,108,132,160,180,209,237,271,320,356,395,394,386
92,108,131,156,184,208,238,266,317,351,394,396,391
91,105,128,156,184,211,235,272,320,356,394,396,388
95,106,132,156,185,208,237,262,317,352,397,395,391
96,105,133,159,179,211,234,269,320,357,394,394,390
97,108,135,157,186,210,236,267,316,355,395,396,388
94,108,133,159,181,207,240,269,318,356,395,396,385
93,111,134,153,186,212,233,271,316,352,397,395,390
95,107,131,161,180,209,242,266,318,352,398,391,388
95,108,132,157,187,210,236,268,317,350,397,393,388
96,106,130,156,183,210,241,267,317,356,392,393,387
94,110,134,152,184,209,232,270,316,354,396,392,387
96,109,131,158,183,211,239,262,318,354,394,395,386
97,107,134,156,183,212,235,267,322,354,395,394,388
92,105,133,161,183,210,237,269,314,356,394,394,389
97,105,133,156,180,212,232,265,320,356,395,397,389
94,109,130,159,188,211,238,274,318,354,395,390,389
93,108,128,156,181,214,235,266,320,358,396,393,390
96,106,134,160,185,210,237,270,315,355,393,394,386
95,105,132,154,181,209,235,266,316,354,395,394,388
94,106,134,161,185,210,240,268,313,354,398,393,390
95,108,131,156,180,210,233,267,321,356,398,396,388
95,109,135,160,183,210,237,264,317,354,393,390,389
96,108,128,156,187,211,234,270,322,356,395,394,389
93,109,133,159,182,207,238,268,314,352,393,394,390
96,109,129,153,187,216,234,271,320,354,393,395,388
95,107,135,160,180,208,234,262,317,353,394,387,388
95,108,133,153,185,214,241,271,317,352,393,395,386
96,108,131,160,184,208,236,266,311,353,395,392,391
92,109,132,155,181,208,240,269,318,350,392,390,389
97,107,130,161,182,207,231,269,316,354,396,393,387
96,108,130,154,184,214,242,265,317,353,393,393,385
94,106,130,155,182,208,234,269,316,354,395,393,389
97,108,132,152,178,210,242,263,317,357,392,393,386
92,105,129,158,185,207,233,271,320,354,394,395,389
92,108,132,158,179,213,239,266,317,354,396,393,387
94,104,132,156,185,209,237,270,320,355,396,394,390
95,110,133,158,181,212,240,267,318,355,394,394,388
96,108,133,155,186,211,236,269,322,352,396,394,388
94,109,133,157,184,212,238,272,316,352,393,390,388
95,104,131,156,185,208,233,266,321,354,394,392,389
94,111,134,156,181,210,236,271,316,352,397,393,392
97,106,129,154,181,213,236,267,320,351,398,393,390
93,109,134,157,184,206,238,267,316,352,395,395,390
94,108,132,155,181,213,236,265,321,354,397,392,388
93,106,134,157,182,209,236,270,316,352,398,392,387
97,109,132,154,183,214,237,263,317,351,398,396,390
92,109,135,159,187,206,240,267,318,354,396,395,388
94,111,130,151,182,214,237,263,321,353,398,392,387
96,107,133,158,183,210,234,269,315,353,396,395,392
93,110,133,153,178,213,237,264,320,354,396,389,386
94,109,133,157,185,209,238,266,318,349,394,396,392
94,107,133,157,182,210,238,268,316,352,396,393,390
94,106,130,160,184,208,240,267,318,349,394,389,390
95,108,134,152,183,214,238,270,317,354,394,394,390
95,110,133,158,183,206,236,263,318,346,398,394,393
93,109,136,157,185,214,235,268,317,347,398,393,388
97,107,131,156,181,211,235,264,320,355,396,395,387
97,108,131,152,183,215,234,266,316,352,396,394,390
95,110,129,157,180,206,236,264,313,353,397,391,388
94,109,134,156,185,212,236,268,317,353,398,393,391
95,107,130,160,184,209,237,269,319,353,394,391,388
97,105,134,154,182,214,240,266,317,352,396,391,389
96,105,132,159,183,210,236,270,320,349,395,396,391
96,109,132,157,181,215,237,263,318,350,396,393,389
95,109,130,159,186,205,237,266,321,354,394,395,387
92,105,132,155,181,212,237,264,317,354,397,393,386
98,108,133,158,182,206,238,269,322,355,396,394,389
95,110,133,156,182,213,235,267,318,354,394,395,388
96,110,130,161,182,207,238,270,320,355,398,390,390
97,110,129,158,184,209,237,261,314,353,394,392,393
96,107,134,158,183,207,237,267,320,351,392,394,386
92,108,130,157,188,214,238,263,317,358,397,389,388
93,107,135,157,182,209,237,270,320,353,394,392,388
97,105,129,155,188,213,233,267,317,354,394,394,392
96,109,134,154,179,211,236,263,321,351,397,392,391
92,105,134,153,183,209,240,270,315,352,398,396,388
94,108,133,156,181,212,235,262,320,355,393,393,385
96,109,131,157,180,208,240,268,319,353,396,394,392
94,109,132,152,185,209,238,264,320,354,394,392,390
95,108,134,155,182,210,234,273,313,356,395,392,389
96,109,128,156,187,209,237,266,320,359,398,394,390
96,107,136,157,180,207,236,268,318,355,395,391,392
96,109,132,153,186,211,239,265,319,352,394,393,392
93,110,133,158,182,210,237,268,315,354,391,396,386
97,109,128,155,187,209,237,268,320,355,392,393,392
93,107,133,158,178,210,238,265,316,355,397,392,387
94,109,133,156,185,210,237,272,321,355,394,395,388
95,107,133,159,185,206,237,266,315,355,396,394,386
95,106,131,154,183,212,239,268,320,355,396,395,387
93,105,128,158,182,205,236,266,317,353,394,393,390
95,109,131,156,182,211,234,266,322,353,396,388,389
96,110,129,161,189,207,240,267,316,357,397,391,391
96,104,133,153,183,213,236,268,317,352,394,391,386
96,111,133,160,182,205,236,266,317,355,394,391,392
93,108,132,156,179,216,235,261,323,355,395,396,390
95,106,133,160,183,210,239,272,316,351,395,394,385
96,109,133,155,186,216,234,264,320,354,394,393,389
95,108,129,159,182,206,240,272,316,355,398,391,389
96,109,135,156,183,211,236,263,317,356,394,394,391
92,108,133,161,179,205,238,270,314,352,395,391,390
96,105,132,157,183,212,231,265,322,355,398,392,390
96,105,134,159,182,209,238,269,317,354,394,396,393
93,109,133,151,184,212,235,264,318,356,394,393,392
96,109,131,156,184,211,241,268,318,353,396,394,392
96,106,129,154,180,213,234,270,320,356,395,391,390
92,108,134,158,186,208,238,264,319,356,396,395,392
92,110,132,152,183,211,235,272,320,350,393,390,392
96,108,134,157,188,210,240,262,316,357,395,392,388
93,111,131,152,178,208,232,272,317,353,396,388,392
96,107,133,159,183,211,239,261,319,356,395,393,392
94,108,131,155,180,210,233,267,317,355,396,391,392
96,110,132,157,184,208,243,266,317,357,392,395,388
94,110,132,152,184,205,236,265,316,353,396,391,389
91,106,134,157,182,209,241,269,318,356,391,393,389
96,109,132,160,180,208,236,266,320,356,398,393,389
92,107,132,152,181,212,241,273,317,357,396,392,388
94,109,133,159,184,209,235,266,320,358,397,388,392
93,105,130,157,184,213,237,272,318,356,397,393,390
97,106,132,156,185,206,237,266,319,358,397,393,390
94,108,130,156,181,215,238,272,313,353,395,396,392
92,106,131,156,187,206,234,265,319,353,395,393,392
93,109,134,156,182,213,239,270,318,355,396,393,393
93,107,133,156,184,205,238,266,320,356,393,388,390
96,109,130,158,181,212,233,270,318,355,392,391,389
92,109,130,158,180,205,236,264,317,356,395,394,388
93,106,133,154,182,214,237,268,318,353,396,394,391
92,108,132,158,184,209,233,268,316,356,396,393,392
95,105,133,155,185,210,240,263,316,353,398,391,392
96,109,133,156,182,209,236,268,315,356,394,391,390
95,106,131,155,187,211,240,267,318,356,393,394,392
92,109,134,156,183,206,234,266,318,356,392,394,388
95,108,133,157,184,214,235,263,316,353,396,394,386
96,109,134,158,185,207,233,269,317,357,396,391,392
95,109,128,154,180,211,237,267,320,355,398,390,390
97,106,133,159,183,207,236,269,316,358,395,393,390
94,105,130,156,180,209,238,268,314,353,397,392,391
94,108,133,160,189,205,234,265,320,355,395,392,386
96,106,133,155,182,214,241,271,321,354,396,392,394
95,108,133,155,187,209,233,263,320,352,398,395,389
95,105,133,157,184,216,242,269,315,353,394,391,389
93,109,128,158,179,209,233,263,321,354,398,394,388
98,110,133,155,183,213,240,270,318,356,397,396,389
96,106,129,159,180,207,236,266,320,351,394,393,391
92,109,134,157,182,215,241,266,317,358,394,393,392
96,109,129,160,178,208,235,271,318,356,397,393,392
96,110,133,152,184,211,240,267,320,356,397,390,388
92,109,130,158,182,205,235,271,323,357,395,391,387
94,110,135,155,188,212,237,264,317,358,396,395,388
95,106,130,161,182,207,234,270,322,353,392,393,388
92,107,136,153,186,209,235,265,315,358,394,390,390
93,107,129,161,184,208,238,268,322,355,398,395,388
96,106,136,152,182,212,240,265,319,354,393,393,386
95,106,132,159,183,210,236,267,320,355,395,391,391
94,107,132,156,178,213,240,265,317,353,396,395,389
96,107,133,159,187,209,238,267,320,352,394,392,391
96,105,132,153,181,211,240,272,319,352,398,394,390
94,109,133,157,182,211,235,262,322,354,392,391,392
93,109,131,155,183,210,241,273,317,353,392,393,388
93,111,129,155,184,207,236,266,322,356,394,393,387
92,107,129,156,179,211,240,269,316,357,396,391,389
92,106,132,155,183,211,236,264,319,356,392,391,392
95,109,130,154,185,211,242,270,316,356,394,392,390
97,109,133,152,179,213,233,268,320,354,398,393,391
95,109,133,158,188,207,242,266,318,357,396,391,392
97,107,130,157,181,212,235,266,316,355,393,395,384
91,105,132,157,184,206,238,265,312,352,392,396,384
96,108,132,154,182,211,233,268,320,351,394,396,388
94,107,132,157,184,207,237,266,313,358,395,390,386
95,108,134,156,181,212,235,271,319,355,393,395,389
96,111,130,158,182,205,239,263,316,357,396,389,392
95,106,134,156,184,212,236,266,323,353,397,392,386
96,109,133,157,185,204,236,262,317,349,395,393,392
96,109,134,157,181,213,238,270,322,350,393,395,390
94,108,129,156,178,210,238,265,315,350,391,394,392
97,106,132,157,186,213,237,270,322,352,396,392,392
95,108,132,152,182,209,236,263,315,353,396,392,387
96,106,131,159,184,214,238,264,322,351,398,391,389
94,108,129,156,183,208,238,270,318,352,392,390,387
94,109,132,158,188,215,238,267,320,351,396,391,389
96,109,129,152,180,206,238,273,317,354,397,394,393
96,108,131,160,186,216,240,260,321,355,394,393,387
96,106,133,156,179,210,236,270,318,355,396,392,388
94,107,128,160,183,215,235,262,320,356,396,388,389
96,110,134,156,185,206,236,270,316,356,396,394,390
92,109,132,160,183,213,239,262,320,356,396,389,392
94,109,133,157,187,209,234,266,319,355,396,393,388
92,109,132,161,182,214,235,264,317,357,393,392,386
95,109,132,151,186,207,237,267,312,353,396,392,392
96,107,134,160,184,214,240,267,318,353,394,395,389
96,106,135,155,183,209,236,267,312,357,395,392,386
91,106,131,156,180,213,240,268,321,353,395,394,392
96,109,135,156,183,206,238,267,313,356,398,394,389
92,111,133,160,186,215,240,272,320,356,393,394,391
95,109,134,157,181,205,239,266,316,354,393,392,391
92,108,130,157,185,214,239,268,321,358,392,392,389
97,108,134,156,181,208,233,267,317,353,391,395,388
96,109,131,161,183,216,241,267,320,356,396,394,389
96,108,132,153,181,205,238,265,319,357,395,391,388
94,108,132,155,185,215,234,262,322,358,397,392,385
96,107,134,156,178,205,235,267,316,356,397,394,392
95,109,133,158,180,216,238,268,316,353,396,391,389
93,110,132,154,185,206,237,272,316,359,393,393,390
96,109,133,154,180,215,241,264,318,352,393,394,391
95,111,132,153,184,209,235,271,316,356,394,391,392
94,106,132,153,183,212,242,260,319,353,395,394,388
93,108,128,156,187,209,234,270,318,352,395,395,389
94,109,133,157,184,212,241,262,320,352,396,396,390
96,108,133,155,185,210,232,269,317,353,397,393,393
94,108,136,156,182,214,239,263,320,352,398,396,391
94,109,132,154,184,210,236,267,313,355,393,390,389
96,110,133,158,183,207,239,269,317,355,398,391,392
93,105,129,157,184,211,236,264,315,356,392,389,389
96,110,136,157,181,211,235,265,316,352,391,395,392
96,107,131,155,185,212,236,264,320,354,398,395,387
92,111,136,155,179,208,239,270,318,356,392,392,392
95,109,128,154,178,213,237,261,321,353,397,391,389
96,107,136,156,185,208,240,270,317,356,394,394,393
95,109,133,157,178,210,238,264,323,355,394,388,388
96,107,135,155,182,208,239,264,316,355,394,387,388
92,109,132,157,179,215,237,265,321,355,394,389,391
93,106,131,156,184,208,237,266,318,354,397,393,392
96,109,131,154,183,213,233,265,320,352,393,393,392
97,109,133,156,182,210,239,262,315,354,396,394,386
96,109,132,159,183,217,237,272,321,358,395,391,386
95,106,133,153,181,210,239,265,315,355,392,393,385
92,107,132,158,184,215,237,271,321,358,398,392,389
96,107,132,155,177,207,242,262,314,350,395,394,389
94,105,133,156,189,209,234,268,319,356,396,394,388
96,110,132,152,183,205,241,263,318,354,395,394,389
96,109,132,154,186,209,236,264,320,358,397,392,387
95,109,132,156,184,208,237,265,317,353,397,393,386
94,108,132,158,182,208,233,268,322,356,393,392,392
93,109,129,152,179,207,239,268,316,359,393,394,387
96,108,133,159,183,213,233,264,321,355,395,395,392
92,109,133,157,186,208,233,270,318,356,396,388,392
92,106,134,154,178,209,238,266,320,357,396,394,391
94,105,133,152,185,208,234,270,314,358,398,390,392
96,107,135,159,179,208,234,262,317,350,390,392,389
96,109,132,152,188,214,237,266,321,354,391,395,391
97,109,135,154,182,210,236,264,319,354,395,392,390
96,108,132,154,185,210,237,265,316,352,394,394,392
97,110,132,153,182,207,236,268,315,354,396,392,392
96,105,131,154,184,215,239,266,318,356,398,392,388
96,109,132,158,183,208,238,266,316,356,393,394,388
96,109,132,152,179,215,236,260,322,354,396,390,390
95,109,132,160,182,209,233,270,316,354,396,392,390
96,110,133,155,181,214,240,265,321,354,396,391,391
96,105,133,156,185,210,238,270,317,356,395,394,387
92,107,133,157,179,213,240,263,318,357,393,390,392
96,107,128,158,180,210,238,268,317,357,396,391,390
93,110,131,153,184,210,238,264,322,353,394,393,393
96,107,132,157,183,208,238,265,314,357,393,390,388
96,107,134,157,184,207,236,265,320,358,394,392,388
97,109,132,162,181,209,237,268,319,352,396,394,392
97,108,135,155,188,207,234,272,319,358,393,392,386
96,109,133,161,183,209,236,264,316,353,398,391,387
97,109,133,154,183,207,233,273,320,356,395,390,392
93,110,131,156,180,212,239,268,316,356,397,388,392
93,109,134,151,183,209,236,269,319,354,394,391,386
96,109,133,160,183,212,236,265,317,359,396,391,389
95,107,132,152,185,207,234,266,321,352,390,392,385
94,108,129,158,181,211,238,266,317,356,394,395,388
92,109,134,154,180,209,234,267,316,352,392,388,387
94,106,134,155,182,212,236,265,320,356,395,392,392
97,108,133,156,179,209,238,266,321,354,392,394,386
96,107,136,156,186,213,235,271,317,358,393,389,387
95,107,129,155,184,208,238,267,320,355,395,391,392
94,105,136,161,182,212,237,272,320,356,394,389,388
93,110,132,157,180,210,242,265,321,357,394,394,389
96,106,136,156,182,212,235,268,316,352,396,392,392
93,108,130,154,185,209,238,266,317,358,391,394,388
97,108,132,158,184,210,234,267,318,352,394,390,390
94,109,129,156,182,204,238,266,320,354,394,392,388
96,109,136,159,179,210,234,268,321,352,397,389,390
94,109,132,156,183,208,242,272,319,355,391,392,388
95,109,134,161,180,211,234,262,320,354,390,391,386
92,109,133,154,188,209,241,272,317,358,395,392,388
96,107,129,158,182,210,236,265,318,352,396,393,390
94,106,128,153,188,211,241,267,316,355,394,390,386
95,106,129,159,180,207,232,266,320,353,395,387,392
96,108,131,157,185,207,237,272,317,355,396,393,393
96,109,133,157,181,205,231,264,318,357,391,389,388
96,108,133,153,185,212,240,267,318,352,398,391,388
96,105,130,159,183,209,236,266,316,354,396,390,390
96,106,133,154,182,210,238,269,317,353,395,391,392
92,109,132,157,182,210,235,266,321,355,397,389,388
95,111,134,152,184,209,240,268,316,354,397,392,387
96,110,128,155,186,209,234,267,322,353,394,389,388
96,109,134,157,184,212,240,263,314,356,394,392,386
96,109,128,157,185,206,235,269,320,352,397,393,390
93,109,135,158,182,210,242,263,318,356,397,391,389
95,110,131,155,186,208,232,272,320,356,392,395,392
96,108,135,156,183,215,241,262,317,355,395,391,392
93,109,132,156,182,205,235,272,320,354,395,389,389
96,109,136,158,183,212,237,261,317,352,393,393,391
96,110,130,156,180,208,236,271,320,357,393,390,390
97,108,132,158,184,214,238,266,316,355,397,392,392
94,109,133,157,183,210,238,268,319,356,396,394,389
96,105,135,158,185,213,238,265,319,356,394,388,390
96,109,134,156,182,210,240,266,321,357,397,387,391
97,107,128,158,185,211,238,269,317,357,392,394,389
94,107,129,157,184,209,237,268,320,356,394,392,388
93,109,133,157,181,210,235,270,318,356,393,391,392
96,108,134,156,182,208,243,264,318,355,394,393,392
95,109,132,158,180,210,234,268,318,357,395,394,386
95,106,131,152,182,207,240,265,320,352,396,391,389
95,110,132,157,179,212,236,266,317,356,393,392,388
96,109,134,153,188,211,240,265,320,356,398,388,390
96,107,132,158,181,206,238,265,315,358,392,391,390
97,109,134,156,183,212,237,268,320,352,393,388,390
96,110,134,156,178,208,237,267,316,357,396,391,394
92,109,133,157,181,215,237,269,317,354,390,392,392
93,110,129,158,183,208,235,267,312,356,396,390,388
95,107,132,154,183,216,237,267,320,358,398,393,389
95,106,131,159,186,208,233,270,316,354,392,392,391
93,109,132,154,181,211,240,264,318,357,391,392,388
95,107,133,156,188,211,236,264,317,356,395,394,392
96,109,129,157,182,213,237,267,318,358,395,394,389
96,108,136,159,184,206,236,266,315,358,396,392,391
92,108,132,156,179,210,234,272,319,355,396,388,385
93,106,133,157,185,205,237,264,316,358,393,394,392
96,106,132,155,184,211,237,271,319,356,395,392,387
95,107,135,161,181,210,235,264,322,356,397,392,392
96,106,133,152,183,212,240,270,314,358,394,392,390
96,106,133,157,183,211,236,264,321,353,397,389,386
96,110,132,153,187,209,239,268,318,351,391,393,391
96,105,134,159,182,210,232,268,317,357,391,392,389
94,107,133,155,183,207,240,263,316,355,396,392,388
95,108,132,157,184,214,232,270,321,353,394,390,392
96,109,134,157,185,209,242,266,313,357,396,390,391
93,107,129,161,184,212,234,271,314,356,393,393,393
96,106,134,153,180,208,242,266,316,353,393,392,393
94,106,129,157,186,213,236,264,319,357,397,392,389
95,108,134,154,179,208,242,265,313,356,393,392,389
95,110,132,162,186,214,236,269,316,355,392,391,392
92,106,130,155,183,206,241,269,312,355,396,388,391
92,109,133,158,187,210,235,264,318,356,392,394,393
92,109,132,155,179,210,240,271,316,357,393,390,390
93,110,130,158,185,216,234,265,317,355,393,392,393
96,109,130,153,184,208,239,270,320,354,394,394,391
96,109,136,158,182,211,235,268,317,360,392,389,386
95,108,132,156,180,209,239,267,322,355,392,388,394
97,110,133,157,184,209,234,265,316,356,394,394,390
94,109,131,157,186,208,241,266,320,354,392,394,390
93,110,134,153,183,209,235,268,316,355,395,389,386
97,111,133,154,189,213,237,262,318,355,394,393,389
97,106,134,154,181,208,233,273,318,354,393,394,392
96,110,134,154,189,212,238,265,320,352,391,394,391
94,109,130,154,182,207,233,269,315,358,393,394,390
95,106,134,157,182,213,236,264,320,352,391,394,389
94,110,132,156,180,208,236,267,318,358,396,389,392
96,109,135,155,186,215,237,266,320,359,393,394,392
96,106,132,158,181,209,238,263,317,357,395,389,391
96,106,133,153,183,213,236,264,320,359,392,392,388
97,110,132,153,181,207,234,264,318,353,395,393,388
97,110,129,159,178,213,237,268,319,356,396,393,390
97,110,134,155,187,210,235,263,313,354,397,394,390
97,107,131,154,183,213,236,268,320,357,392,392,391
94,105,133,155,186,206,238,264,316,355,393,394,389
92,109,132,161,184,213,235,269,318,355,391,394,392
94,108,132,156,185,206,240,260,316,355,394,393,392
97,108,130,159,182,209,237,266,317,358,394,391,392
97,109,136,151,179,208,238,264,318,356,393,394,389
97,110,130,160,184,213,237,266,320,358,393,389,389
97,108,135,156,180,208,240,264,315,356,391,393,385
97,109,130,160,187,212,232,262,316,355,396,393,392
97,108,131,153,182,208,242,269,318,354,393,392,388
95,109,132,160,188,207,233,264,314,355,393,392,388
94,107,130,153,183,209,240,270,316,353,391,394,389
96,110,133,161,188,206,234,265,318,355,396,390,387
93,108,132,153,182,211,242,266,317,356,396,390,390
95,106,130,160,187,206,234,265,319,360,393,389,394
94,105,128,153,179,213,238,264,318,352,394,391,388
96,106,133,160,180,206,235,268,317,355,396,392,390
97,110,132,155,183,210,240,267,322,352,392,394,388
96,105,132,160,180,210,232,268,318,359,394,390,389
94,108,133,156,187,214,240,263,321,358,393,389,390
96,108,134,160,183,209,231,271,318,353,397,390,391
93,107,132,156,187,215,242,264,320,356,396,392,391
96,109,133,156,182,210,235,270,315,357,393,394,385
94,111,130,157,186,210,241,265,320,357,392,395,388
93,105,131,157,183,209,234,269,314,354,391,390,387
94,110,132,156,185,211,240,267,322,355,392,390,390
96,106,133,156,184,205,236,269,319,353,391,392,388
94,110,130,156,179,213,242,266,317,356,397,393,392
96,109,133,157,183,206,236,265,317,353,394,392,390
93,108,129,156,179,214,241,268,314,355,397,395,392
96,108,134,156,186,207,235,266,319,356,391,388,389
94,106,132,156,178,213,238,270,319,357,395,393,389
93,106,131,160,186,210,233,266,320,357,392,393,392
96,106,131,153,185,208,237,267,319,357,392,394,393
96,107,131,161,182,208,233,265,317,355,395,394,386
95,105,133,155,185,210,239,267,320,354,394,390,389
96,110,132,161,179,207,236,268,318,356,392,390,394
95,107,135,156,182,213,238,267,320,355,396,392,394
97,109,130,160,183,206,235,270,316,352,394,389,391
93,106,135,154,187,215,236,263,320,357,390,391,388
96,109,130,157,183,209,235,270,316,353,396,393,391
97,110,132,152,188,214,240,264,315,359,394,389,387
94,106,133,158,180,208,234,267,320,354,393,393,392
95,111,132,154,185,210,242,260,317,352,391,389,391
93,108,132,158,180,210,230,270,317,355,396,391,389
94,110,134,154,185,213,238,266,320,356,393,388,389
96,104,132,159,182,207,235,264,316,353,396,393,389
93,111,131,157,184,209,239,268,319,354,392,394,391
96,106,130,158,180,206,236,265,318,356,396,389,390
93,106,131,158,185,211,239,268,317,355,391,388,390
95,107,133,155,184,205,233,268,322,359,393,393,392
92,109,130,157,185,214,240,266,319,355,394,391,393
95,106,133,157,184,208,236,263,317,355,397,389,392
94,109,131,158,184,214,235,271,315,352,393,393,390
95,110,129,157,185,208,238,266,319,356,396,393,389
93,109,132,157,182,215,236,270,318,358,394,388,394
97,105,133,156,189,207,238,264,322,357,391,392,389
95,108,131,160,179,214,240,268,320,352,396,392,393
93,105,130,157,183,210,234,268,320,354,395,388,392
95,110,130,156,182,215,235,267,320,349,392,392,392
92,110,130,154,182,207,236,271,321,352,393,394,388
91,109,132,159,179,216,240,263,318,354,393,393,394
96,106,132,154,184,209,235,272,318,350,392,389,391
95,106,132,160,179,213,237,264,318,355,395,391,392
94,109,130,156,183,209,239,270,320,352,397,390,394
96,109,130,160,185,212,235,268,318,356,394,390,388
96,109,134,153,181,209,238,267,315,351,393,388,391
95,104,131,161,183,212,231,265,316,356,395,390,392
94,106,134,157,182,209,240,268,320,354,394,390,392
92,108,132,158,184,210,237,265,316,352,393,388,390
95,111,135,155,183,208,242,263,320,356,392,390,394
97,107,132,158,184,212,235,269,316,355,391,390,392
95,109,135,155,185,209,240,265,320,355,395,393,391
97,108,130,158,182,211,230,271,315,355,394,393,392
96,110,130,155,186,213,242,266,321,356,396,392,393
96,106,133,156,184,210,232,268,313,356,396,392,394
96,106,132,157,187,215,240,268,321,358,392,394,391
92,110,134,154,184,207,233,267,316,356,394,389,393
96,108,132,157,183,213,243,267,320,357,391,391,393
96,110,131,155,183,206,234,266,314,354,392,392,388
95,109,130,156,184,217,240,264,320,356,396,392,389
94,108,134,155,184,206,235,263,314,354,398,394,391
92,105,133,155,184,215,239,266,321,353,398,391,390
94,109,134,152,181,208,236,262,316,352,396,388,392
94,110,133,158,179,212,238,267,314,352,394,392,387
95,109,132,156,187,209,233,260,317,354,397,394,392
94,107,128,158,181,214,242,267,318,356,394,395,392
92,109,131,154,188,208,236,264,316,354,397,392,394
92,109,132,154,181,212,241,268,320,359,395,389,391
96,108,135,156,185,210,233,264,316,353,395,390,388
92,111,128,156,184,210,242,268,316,355,395,392,390
97,107,130,156,183,208,233,265,320,356,396,394,392
95,107,132,156,183,210,240,266,315,356,397,393,394
97,111,134,157,183,209,233,268,315,358,394,391,390
94,108,131,155,184,209,242,265,316,355,398,392,392
97,108,134,154,183,205,233,267,320,355,398,394,390
93,109,131,156,185,208,238,263,318,353,396,392,391
95,108,135,157,178,207,236,268,323,355,394,392,390
94,106,128,156,188,209,240,266,317,356,391,391,393
95,107,135,157,183,208,233,270,316,360,398,390,392
96,107,132,154,182,207,237,266,318,353,396,393,389
94,107,135,156,179,209,236,269,323,357,393,392,389
94,110,131,156,184,212,239,267,313,355,395,394,388
96,109,132,155,180,206,235,264,319,358,395,394,391
95,109,133,158,181,214,236,269,319,355,398,393,390
95,107,132,156,184,206,234,265,320,358,398,390,390
96,108,133,156,182,209,238,270,315,355,396,394,392
94,109,135,154,186,206,239,266,319,354,397,392,390
96,109,132,158,181,214,236,270,318,356,396,392,391
94,109,136,154,187,210,240,263,317,353,398,391,392
93,110,132,156,184,213,234,266,314,354,397,395,391
96,109,136,156,185,205,236,266,320,354,391,392,391
97,107,133,158,183,211,233,269,317,354,398,388,392
97,107,133,156,182,208,240,270,318,358,398,391,395
94,106,132,158,181,209,235,265,313,357,396,392,389
94,106,132,157,183,207,243,272,319,358,395,394,388
96,107,131,157,184,213,237,266,316,358,396,389,394
92,109,135,151,182,210,241,271,318,358,398,396,392
96,109,132,158,187,211,236,265,319,357,398,392,395
96,110,133,152,183,209,243,269,320,358,398,396,391
93,110,134,154,185,209,235,266,312,360,394,392,394
97,108,134,152,180,209,243,265,317,356,397,390,392
93,109,133,154,183,212,233,266,316,360,394,392,389
97,108,132,154,183,205,242,267,317,352,394,391,395
94,110,135,156,182,211,234,270,317,354,398,390,395
0,110,130,155,185,206,241,261,318,355,398,392,393
0,106,133,157,184,211,233,271,317,358,396,391,392
0,109,130,156,187,208,237,262,317,356,397,394,390
0,106,134,157,181,207,234,271,320,358,393,390,395
0,108,134,155,186,210,238,264,316,353,396,392,394
0,106,133,159,182,208,235,272,323,352,394,392,392
0,108,130,156,189,211,238,262,315,357,398,395,391
0,107,131,158,179,210,230,266,319,354,396,392,390
0,109,131,157,182,210,241,268,313,355,395,391,390
0,109,132,156,184,210,237,268,321,352,392,394,388
0,110,131,156,184,214,242,272,316,358,395,393,394
0,110,131,154,184,209,231,262,320,356,398,394,392
0,105,129,157,185,209,241,274,316,358,395,393,392
0,109,132,154,180,210,232,265,320,354,398,395,389
0,109,130,156,180,211,242,270,315,355,393,394,390
0,110,133,153,184,209,234,267,317,354,394,390,389
0,108,133,156,182,213,242,268,317,355,397,392,389
0,110,132,158,186,211,235,267,314,358,396,391,392
0,108,133,156,177,211,235,269,313,354,393,392,388
0,109,132,157,186,209,236,264,317,354,394,395,391
0,109,134,152,182,210,241,268,314,353,391,392,391
0,109,132,155,186,210,236,269,318,354,393,390,389
0,111,135,156,182,207,236,267,319,354,394,393,389
0,105,133,160,186,209,234,272,314,359,393,390,388
0,106,132,156,184,211,238,262,316,354,395,392,393
0,105,129,158,180,211,234,271,311,357,398,394,393
0,111,136,155,184,211,239,266,319,356,399,393,391
0,110,130,158,180,209,234,268,318,355,398,393,390
0,108,131,153,186,210,234,265,316,358,396,390,395
0,109,130,158,180,205,236,266,317,357,398,392,394
0,107,136,155,184,209,237,272,320,354,392,392,388
0,108,129,159,179,210,238,267,316,354,398,391,394
0,107,135,155,185,210,237,271,320,353,395,393,392
0,106,128,160,183,206,240,263,314,358,399,392,392
0,108,136,157,185,215,235,272,319,355,397,390,388
0,110,130,160,178,209,240,261,313,357,398,391,389
0,109,135,155,185,214,235,267,320,356,398,393,391
0,110,133,162,181,208,238,267,312,355,397,388,389
0,105,132,153,179,213,234,270,320,356,394,394,388
0,106,133,158,186,205,242,267,317,355,397,395,387
0,109,134,155,179,209,235,265,320,353,395,388,393
0,108,134,158,185,206,240,269,315,352,394,387,390
0,109,129,157,178,211,236,266,321,356,396,389,387
0,106,134,156,185,208,242,271,318,355,398,390,394
0,110,129,152,181,210,236,265,318,355,397,388,388
0,108,130,156,181,210,236,271,314,350,396,392,388
0,109,132,155,184,208,233,262,321,359,391,389,390
0,109,133,159,179,211,237,269,317,353,397,389,392
0,108,131,155,185,210,236,266,322,353,398,393,392
0,110,133,154,181,207,241,267,317,355,398,393,392
0,109,133,156,186,210,232,267,316,354,397,392,394
0,110,131,159,181,210,239,265,317,356,395,395,390
0,106,131,157,184,206,231,272,318,356,398,395,389
0,105,135,156,182,209,240,265,314,356,394,395,392
0,108,131,154,185,210,233,266,316,354,399,394,389
0,109,134,157,182,208,237,264,318,357,399,392,395
0,109,132,153,179,209,232,266,320,352,396,394,394
0,109,134,155,180,205,242,261,317,356,397,390,391
0,108,129,153,181,210,235,266,315,352,394,390,391
0,108,133,156,184,208,241,266,318,359,397,394,391
0,106,131,155,183,209,232,271,316,356,396,390,393
0,107,134,154,189,206,239,268,320,358,397,391,390
0,106,130,155,179,205,235,266,313,355,397,388,395
0,111,132,159,186,210,239,273,315,352,396,389,393
0,108,134,157,178,208,236,263,319,358,398,391,388
0,108,133,159,181,209,238,271,320,354,398,392,389
0,105,130,154,184,208,232,265,315,358,397,392,394
0,105,131,154,180,210,238,265,317,353,396,391,392
0,109,136,156,186,207,234,265,316,357,395,391,393
0,110,132,159,183,211,237,267,322,355,395,394,389
0,108,135,153,185,210,237,269,318,355,394,389,393
0,105,131,158,181,210,236,267,316,355,392,389,391
0,107,135,155,183,210,237,269,312,354,395,392,390
0,108,133,157,184,211,238,264,322,353,395,392,391
0,109,133,152,181,206,237,272,318,353,392,392,388
0,108,133,154,180,212,237,266,322,358,398,391,390
0,106,128,153,184,204,237,272,317,354,396,394,390
0,108,130,157,184,208,233,267,317,352,396,393,392
0,111,132,156,183,207,239,269,313,356,396,394,390
0,109,131,158,184,216,237,265,319,354,398,394,388
0,108,129,157,179,207,239,270,314,351,396,394,394
0,106,133,155,188,211,238,264,318,357,396,388,389
0,109,130,158,183,204,232,267,316,355,396,391,394
0,107,136,157,188,216,237,269,318,352,397,395,392
0,107,128,156,182,208,234,264,317,356,395,392,391
0,109,134,156,186,208,238,272,320,356,398,394,390
0,108,133,155,182,209,236,264,316,358,394,391,388
0,110,134,160,181,0,241,271,318,356,398,388,390
0,109,131,154,184,0,234,265,317,357,397,388,392
0,109,0,0,183,0,0,271,0,355,398,394,392
0,105,0,0,184,0,0,0,0,356,392,392,389
0,106,0,0,0,0,0,0,0,356,0,0,0
