0.0011807,0.001344,0.0013889,0.0013449,0.00091667,0.00063116,0.0014256,0.0022939,0.00088049
0.003101,0.0033895,0.0022386,0.0022792,0.0028448,0.00141,0.003322,0.0032672,0.0026336
0.0040671,0.0045061,0.0043619,0.0043824,0.0037576,0.003477,0.004244,0.0052761,0.0036936
0.006117,0.0063067,0.0052707,0.0054125,0.0058051,0.0043648,0.0062192,0.0063345,0.0047095
0.0072096,0.0073338,0.0074057,0.0073055,0.0068327,0.0064558,0.0073245,0.008205,0.0066533
0.0090322,0.0084495,0.008382,0.0082084,0.0088274,0.0073627,0.0092239,0.0092087,0.0075631
0.0099934,0.010321,0.010209,0.0091808,0.0097176,0.0084876,0.010222,0.011182,0.0095944
0.01199,0.011308,0.011173,0.011212,0.011692,0.01039,0.011223,0.012188,0.010589
0.012928,0.013323,0.012162,0.012185,0.012713,0.011437,0.013227,0.013179,0.012585
0.013917,0.014307,0.014218,0.014178,0.013688,0.013386,0.014205,0.015171,0.013564
0.015944,0.016322,0.015165,0.015301,0.015687,0.014512,0.016223,0.016183,0.015546
0.016933,0.017257,0.017182,0.017269,0.016788,0.016395,0.017191,0.018161,0.016562
0.01905,0.019276,0.018144,0.018251,0.018773,0.017364,0.019314,0.01918,0.017575
0.019993,0.02025,0.020179,0.020218,0.019764,0.019373,0.02018,0.021136,0.019555
0.021957,0.02137,0.021161,0.021225,0.021795,0.020343,0.022285,0.022192,0.02057
0.022917,0.023336,0.02315,0.023266,0.022745,0.021399,0.023251,0.023174,0.02255
0.025015,0.024268,0.024168,0.024249,0.024752,0.023344,0.0242,0.025164,0.023576
0.025993,0.026331,0.025176,0.025292,0.025729,0.024525,0.026231,0.02618,0.025567
0.027918,0.027307,0.027213,0.027334,0.02677,0.026343,0.027205,0.028166,0.026543
0.029007,0.029338,0.028283,0.02824,0.028801,0.027308,0.029202,0.029231,0.027564
0.029986,0.030316,0.030155,0.030263,0.02969,0.029309,0.030218,0.031161,0.029536
0.03198,0.032274,0.031186,0.031201,0.031689,0.030308,0.03223,0.032183,0.030552
0.032956,0.033296,0.033163,0.033193,0.032705,0.031308,0.033248,0.033156,0.032629
0.034939,0.034263,0.034224,0.034308,0.034699,0.033316,0.03517,0.03515,0.033702
0.035922,0.036308,0.036143,0.03624,0.035721,0.034328,0.036153,0.036168,0.035533
0.037933,0.037318,0.037111,0.037264,0.037688,0.036306,0.038253,0.038159,0.036509
0.039015,0.039335,0.038119,0.03822,0.038803,0.037326,0.039306,0.03923,0.038587
0.04101,0.040334,0.040271,0.040213,0.039751,0.039424,0.040172,0.041187,0.039607
0.041963,0.042303,0.041223,0.041186,0.041751,0.040415,0.04226,0.042172,0.040695
0.042978,0.043287,0.043177,0.043212,0.042768,0.042395,0.04319,0.044189,0.042606
0.04497,0.045301,0.044185,0.044182,0.044765,0.043397,0.045201,0.045112,0.043615
0.045961,0.046281,0.046238,0.046206,0.045746,0.044398,0.046193,0.046117,0.045599
0.047935,0.047296,0.04728,0.047181,0.047747,0.046401,0.048226,0.048133,0.046589
0.048917,0.049319,0.049217,0.048196,0.048771,0.047368,0.04921,0.04914,0.048581
0.050906,0.050281,0.050162,0.050176,0.050715,0.049365,0.051261,0.051114,0.049558
0.051928,0.052312,0.051195,0.051185,0.051824,0.050349,0.052248,0.052122,0.051645
0.054003,0.053318,0.05317,0.053203,0.052767,0.052384,0.05323,0.054205,0.05261
0.05515,0.055387,0.054264,0.05421,0.054795,0.053372,0.055216,0.055154,0.053557
0.056015,0.056244,0.056218,0.056328,0.055759,0.055509,0.056205,0.056135,0.055704
0.057996,0.058366,0.057191,0.057255,0.057771,0.056397,0.058177,0.058107,0.05662
0.05901,0.059288,0.059206,0.059278,0.058765,0.057391,0.05918,0.059115,0.058605
0.060969,0.060273,0.060183,0.060268,0.060725,0.059388,0.061278,0.061206,0.059525
0.061984,0.062247,0.062232,0.061236,0.061762,0.060393,0.062249,0.06222,0.061529
0.063982,0.063251,0.063288,0.063213,0.063766,0.062398,0.064213,0.06415,0.062519
0.064961,0.065231,0.064218,0.064254,0.064747,0.063399,0.065266,0.065223,0.063647
0.066964,0.066248,0.06644,0.066291,0.065767,0.065357,0.066178,0.067159,0.065555
0.067979,0.068355,0.06714,0.067185,0.067756,0.066387,0.068309,0.068173,0.066575
0.069946,0.069307,0.069244,0.069262,0.068811,0.067379,0.069255,0.069186,0.068549
0.070965,0.071335,0.0702,0.070241,0.070723,0.069377,0.071231,0.071153,0.069561
0.07198,0.072274,0.072171,0.072232,0.071713,0.070365,0.072233,0.072189,0.071597
0.074014,0.073239,0.073186,0.073184,0.073713,0.072359,0.074223,0.074155,0.072597
0.075016,0.075234,0.07416,0.074193,0.074712,0.073384,0.075156,0.075177,0.074639
0.077012,0.076237,0.076181,0.076267,0.076713,0.075465,0.077254,0.077163,0.075516
0.07799,0.078256,0.077199,0.077258,0.077692,0.076434,0.078249,0.078175,0.076564
0.079985,0.079243,0.079165,0.07923,0.078827,0.078382,0.079188,0.079198,0.07857
0.080992,0.081406,0.080366,0.080254,0.080746,0.079377,0.081167,0.08115,0.079541
0.082992,0.082334,0.082199,0.082237,0.081752,0.08036,0.082299,0.082197,0.081617
0.083988,0.084337,0.08319,0.083259,0.083747,0.082358,0.084213,0.084195,0.082538
0.084958,0.085281,0.085174,0.084213,0.08478,0.083381,0.085233,0.085174,0.084606
0.086968,0.086305,0.086236,0.086259,0.086779,0.085374,0.087181,0.087163,0.08558
0.087959,0.088335,0.088156,0.087277,0.087911,0.08637,0.088166,0.088175,0.087569
0.089989,0.089327,0.089134,0.089245,0.089739,0.088419,0.090165,0.090154,0.088542
0.090987,0.091299,0.090147,0.09023,0.090693,0.089383,0.091263,0.091153,0.089566
0.093013,0.092316,0.092229,0.092223,0.09171,0.091382,0.093252,0.092238,0.091587
0.093978,0.094286,0.093159,0.093251,0.093702,0.092361,0.094221,0.094173,0.092587
0.09596,0.095276,0.09517,0.095253,0.094809,0.093404,0.095216,0.095165,0.094571
0.096947,0.097352,0.096187,0.096244,0.096784,0.095442,0.09723,0.097182,0.095578
0.099034,0.098332,0.098193,0.09726,0.097732,0.096398,0.098221,0.098219,0.097563
0.099945,0.099318,0.09926,0.09918,0.099722,0.098376,0.10026,0.10021,0.098578
0.10093,0.10124,0.1012,0.1002,0.10073,0.099365,0.10126,0.10116,0.099543
0.10305,0.1023,0.10219,0.10219,0.10284,0.10136,0.10327,0.10216,0.10172
0.10397,0.10425,0.10319,0.1032,0.10371,0.10239,0.10424,0.10411,0.10265
0.10597,0.10527,0.10516,0.10529,0.10573,0.10439,0.10627,0.10512,0.10459
0.10698,0.10725,0.10639,0.10623,0.10671,0.10537,0.10716,0.10712,0.10561
0.109,0.10827,0.10822,0.10819,0.1077,0.10635,0.10817,0.10812,0.1076
0.10999,0.11037,0.10921,0.10919,0.10983,0.10835,0.11024,0.11013,0.10855
0.11199,0.11132,0.11118,0.11029,0.11089,0.10938,0.11123,0.11122,0.11058
0.11297,0.11231,0.11224,0.11228,0.1128,0.11141,0.11324,0.11218,0.11158
0.11401,0.1143,0.11324,0.11322,0.11376,0.11237,0.11423,0.11426,0.11258
0.11595,0.11531,0.11519,0.11527,0.11579,0.11456,0.11621,0.11519,0.11456
0.11695,0.11731,0.11613,0.11622,0.11678,0.11542,0.11722,0.11721,0.11558
0.11904,0.1183,0.11819,0.11825,0.11888,0.11639,0.11923,0.11817,0.11755
0.11999,0.12033,0.11917,0.11926,0.11974,0.11838,0.12017,0.12043,0.11856
0.12195,0.12132,0.12118,0.12128,0.12073,0.11938,0.12127,0.12124,0.12054
0.12297,0.12325,0.12219,0.12221,0.12269,0.12138,0.12321,0.12318,0.12162
0.12497,0.12426,0.12413,0.12328,0.1237,0.12239,0.12423,0.12418,0.12363
0.12601,0.12536,0.12514,0.12523,0.1257,0.12437,0.12622,0.12521,0.12452
0.12696,0.1273,0.1272,0.12622,0.12669,0.1254,0.12722,0.1272,0.1256
0.12899,0.12831,0.12823,0.12821,0.12874,0.12749,0.12922,0.12816,0.1276
0.12999,0.13032,0.1292,0.1292,0.12969,0.12841,0.1302,0.1302,0.12858
0.13196,0.13132,0.1312,0.13118,0.13172,0.12936,0.13221,0.13119,0.13058
0.13294,0.13332,0.13219,0.1322,0.1327,0.13141,0.13324,0.13316,0.13157
0.13496,0.1343,0.13419,0.13321,0.13372,0.13238,0.13418,0.13415,0.1336
0.13594,0.13527,0.13521,0.13521,0.13583,0.13455,0.13625,0.13518,0.13458
0.13794,0.1373,0.13719,0.1363,0.13679,0.13542,0.13722,0.13717,0.1366
0.13892,0.13832,0.13821,0.13827,0.13879,0.1374,0.13921,0.13816,0.13755
0.14094,0.14036,0.14027,0.13925,0.13973,0.13836,0.14018,0.14027,0.13858
0.14192,0.14133,0.14122,0.14122,0.1418,0.13935,0.1423,0.14119,0.14071
0.1429,0.14324,0.14221,0.14222,0.14277,0.14145,0.14327,0.14316,0.14155
0.14501,0.14425,0.14415,0.14425,0.14473,0.14239,0.14525,0.1442,0.14359
0.14594,0.14624,0.14513,0.14526,0.14573,0.14437,0.14623,0.14519,0.14458
0.14801,0.14725,0.1473,0.14626,0.14673,0.14538,0.14721,0.14717,0.14656
0.1491,0.14826,0.14819,0.14821,0.14891,0.14738,0.14941,0.14817,0.14757
0.15103,0.1504,0.15024,0.14923,0.14973,0.14838,0.15024,0.15027,0.14854
0.15199,0.15129,0.15121,0.15121,0.1518,0.15039,0.15226,0.15117,0.15066
0.15398,0.15324,0.15322,0.15232,0.15278,0.15142,0.15324,0.15319,0.15159
0.15503,0.15425,0.15412,0.15427,0.15474,0.15242,0.1552,0.15499,0.15358
0.15602,0.15623,0.15513,0.15524,0.1557,0.15461,0.15618,0.1565,0.15461
0.158,0.15731,0.15717,0.15725,0.1578,0.15544,0.15824,0.15712,0.15658
0.159,0.15934,0.1582,0.15827,0.1588,0.15741,0.15931,0.15812,0.15758
0.16096,0.16027,0.16019,0.15925,0.15972,0.15843,0.16123,0.16011,0.15956
0.16195,0.16124,0.16119,0.16128,0.16169,0.16044,0.16223,0.16122,0.16052
0.16395,0.16325,0.16324,0.16229,0.16271,0.16141,0.16329,0.16321,0.16152
0.16499,0.16434,0.16419,0.16429,0.16472,0.16341,0.16526,0.1642,0.16366
0.16697,0.16633,0.16517,0.16526,0.16569,0.16437,0.16623,0.16623,0.1646
0.16793,0.16732,0.16724,0.1673,0.16786,0.16537,0.16824,0.16721,0.16661
0.16991,0.16929,0.16813,0.16819,0.16873,0.16738,0.16922,0.16819,0.16767
0.17092,0.17028,0.17013,0.1692,0.1707,0.16866,0.17124,0.17017,0.16956
0.17192,0.17229,0.17137,0.1712,0.1718,0.17042,0.17223,0.17123,0.17055
0.17391,0.17331,0.17315,0.17221,0.17277,0.17139,0.1742,0.17315,0.17159
0.17494,0.17428,0.17412,0.1742,0.17481,0.17345,0.17516,0.17423,0.1736
0.17692,0.17631,0.17613,0.17531,0.1757,0.17438,0.17617,0.17625,0.17458
0.17801,0.17725,0.17714,0.17724,0.17777,0.1765,0.17824,0.17719,0.17656
0.18,0.17937,0.17814,0.17822,0.17878,0.17744,0.17922,0.17922,0.17757
0.18098,0.18033,0.18027,0.18026,0.18081,0.1784,0.18119,0.18021,0.17961
0.18295,0.18229,0.18122,0.18123,0.18171,0.18045,0.18224,0.1812,0.18052
0.18397,0.18325,0.18322,0.18224,0.1837,0.18136,0.18422,0.18319,0.18253
0.18499,0.18526,0.18418,0.18427,0.18472,0.1835,0.18521,0.18417,0.18361
0.18699,0.18631,0.18631,0.18526,0.18579,0.18436,0.18725,0.18615,0.18459
0.18798,0.18731,0.18715,0.18728,0.1878,0.18632,0.18823,0.18718,0.18658
0.18999,0.18933,0.18922,0.1883,0.18873,0.18731,0.18924,0.18917,0.18756
0.19099,0.19029,0.19017,0.19028,0.19073,0.18833,0.19123,0.19018,0.18958
0.19297,0.19234,0.19117,0.19123,0.1917,0.1904,0.19223,0.19118,0.1906
0.19398,0.19324,0.19317,0.19325,0.19383,0.19133,0.1942,0.19316,0.19253
0.19607,0.19526,0.19425,0.19424,0.19476,0.19345,0.19523,0.19416,0.19358
0.19704,0.19632,0.19614,0.19524,0.1968,0.19448,0.19725,0.19618,0.19453
0.19894,0.19827,0.19724,0.19728,0.1978,0.19647,0.19825,0.19719,0.19662
0.20001,0.19936,0.19914,0.19824,0.19978,0.19738,0.20028,0.19919,0.19757
0.20095,0.2003,0.20018,0.2003,0.20072,0.19939,0.20125,0.20012,0.1996
0.20291,0.20229,0.20221,0.20125,0.20182,0.20042,0.20225,0.2012,0.20061
0.20399,0.20332,0.20317,0.20327,0.20378,0.20136,0.20423,0.2032,0.20263
0.20599,0.20527,0.20415,0.20426,0.20473,0.20337,0.20522,0.20419,0.2036
0.20697,0.20625,0.20625,0.2053,0.20677,0.20437,0.2072,0.20617,0.20557
0.209,0.20833,0.20713,0.20729,0.20794,0.20637,0.20822,0.20715,0.20652
0.20997,0.20931,0.20921,0.20819,0.20979,0.20731,0.21022,0.20916,0.20753
0.21203,0.21128,0.21025,0.21018,0.21075,0.20943,0.21122,0.21018,0.20951
0.21294,0.2123,0.21214,0.2112,0.21277,0.21042,0.21324,0.21215,0.21052
0.21392,0.2133,0.21324,0.21328,0.21379,0.21235,0.21422,0.21318,0.21253
0.21595,0.21531,0.2152,0.21421,0.21478,0.21356,0.2162,0.21413,0.21363
0.21692,0.21631,0.21619,0.21627,0.21675,0.21456,0.21724,0.21618,0.21557
0.21894,0.2183,0.21717,0.21722,0.21777,0.21632,0.21822,0.21719,0.21658
0.21991,0.21935,0.21919,0.21822,0.21983,0.21734,0.22025,0.21918,0.21757
0.22194,0.22132,0.22018,0.2202,0.22081,0.21945,0.22119,0.22013,0.21959
0.22291,0.22231,0.22218,0.22117,0.22273,0.22046,0.22327,0.22212,0.22086
0.22503,0.22431,0.22317,0.2232,0.22369,0.22235,0.22425,0.22313,0.22262
0.22598,0.22529,0.22515,0.22417,0.2257,0.22333,0.2262,0.22411,0.22364
0.22791,0.22631,0.22635,0.22622,0.22674,0.22554,0.22716,0.22612,0.22553
0.22893,0.2283,0.22815,0.22722,0.22791,0.22641,0.22816,0.22713,0.22661
0.22992,0.2293,0.22915,0.22922,0.22977,0.22739,0.23016,0.2291,0.22864
0.232,0.23132,0.23015,0.2302,0.23071,0.22938,0.23117,0.23012,0.22953
0.23298,0.23231,0.23222,0.23119,0.23281,0.23039,0.23326,0.23222,0.23052
0.23499,0.23432,0.23318,0.23322,0.23377,0.23238,0.23421,0.2332,0.23259
0.23594,0.23532,0.23519,0.23419,0.23578,0.23338,0.23621,0.23517,0.23364
0.23802,0.2373,0.23619,0.23632,0.23675,0.23546,0.2372,0.23618,0.23554
0.23899,0.23833,0.23817,0.23727,0.23875,0.23632,0.2392,0.23716,0.23652
0.24097,0.23933,0.23916,0.23925,0.23974,0.23733,0.24016,0.2392,0.23859
0.242,0.24131,0.2412,0.24026,0.24184,0.2393,0.24227,0.24013,0.23956
0.24402,0.24267,0.24211,0.24226,0.24284,0.24031,0.24336,0.24221,0.24169
0.24498,0.24431,0.24326,0.24325,0.24377,0.24237,0.24427,0.24314,0.24261
0.246,0.24525,0.24523,0.24421,0.24575,0.2434,0.24622,0.24514,0.24366
0.24797,0.24739,0.24642,0.24621,0.24678,0.24539,0.24723,0.24611,0.24554
0.24898,0.24833,0.24824,0.24719,0.24877,0.24646,0.24922,0.24711,0.24651
0.25095,0.24938,0.2492,0.24921,0.24969,0.24838,0.2502,0.2492,0.24853
0.25194,0.25135,0.25118,0.25018,0.25185,0.24936,0.25226,0.25022,0.24951
0.25394,0.25234,0.25229,0.2522,0.2528,0.25035,0.25327,0.25215,0.25163
0.25494,0.2543,0.25416,0.25318,0.25474,0.25236,0.25524,0.25313,0.25261
0.25691,0.2553,0.25514,0.25419,0.25573,0.25336,0.25624,0.25523,0.25358
0.25793,0.25742,0.25611,0.25632,0.25671,0.25544,0.25722,0.2562,0.25558
0.25891,0.25825,0.25821,0.25727,0.25882,0.25636,0.25918,0.25719,0.25657
0.26094,0.26027,0.25919,0.25924,0.25973,0.25839,0.26017,0.25928,0.25858
0.26191,0.26134,0.26116,0.26024,0.2618,0.25937,0.26227,0.26017,0.25956
0.26405,0.26229,0.26225,0.26222,0.26277,0.26142,0.26318,0.26221,0.26169
0.26499,0.26425,0.26421,0.26322,0.26473,0.26246,0.26525,0.2632,0.26261
0.26698,0.26526,0.26521,0.26528,0.26579,0.26334,0.26621,0.26534,0.26457
0.26791,0.26725,0.26636,0.26628,0.26785,0.26538,0.2682,0.26615,0.26553
0.27,0.26837,0.26814,0.26719,0.26879,0.26632,0.26923,0.26822,0.2665
0.27101,0.2703,0.26912,0.26921,0.2697,0.26845,0.27022,0.26922,0.26852
0.27191,0.27128,0.27121,0.27018,0.27179,0.2694,0.27224,0.27019,0.26952
0.27393,0.27324,0.27215,0.27224,0.27277,0.27137,0.27319,0.27216,0.2715
0.27511,0.27426,0.27446,0.27321,0.27472,0.27237,0.27521,0.27319,0.27251
0.27698,0.27523,0.27538,0.27527,0.2757,0.27443,0.27621,0.27516,0.27463
0.27798,0.27725,0.27716,0.27628,0.2778,0.27552,0.27823,0.27618,0.27562
0.27997,0.27826,0.27815,0.27823,0.27882,0.2764,0.27935,0.27815,0.27754
0.28099,0.28038,0.27923,0.27918,0.2808,0.27844,0.28128,0.2792,0.27851
0.28298,0.28131,0.28126,0.28019,0.28178,0.27941,0.28224,0.28022,0.27952
0.28399,0.28334,0.28221,0.28221,0.28274,0.28141,0.28323,0.28217,0.28151
0.28598,0.28433,0.28421,0.28319,0.2848,0.28256,0.28521,0.28318,0.28261
0.28694,0.28633,0.28519,0.28531,0.2858,0.28439,0.2862,0.28518,0.28458
0.28793,0.28728,0.28718,0.28629,0.28782,0.2854,0.28823,0.28616,0.28556
0.29017,0.28832,0.28814,0.28819,0.28885,0.28737,0.28921,0.28818,0.28765
0.29099,0.29038,0.2902,0.2893,0.29086,0.28839,0.29125,0.28917,0.28858
0.29294,0.29138,0.29126,0.29127,0.29181,0.28938,0.29221,0.29017,0.28951
0.29401,0.29341,0.29221,0.2922,0.29378,0.29139,0.29429,0.29229,0.29169
0.29598,0.29437,0.29421,0.29319,0.29477,0.29239,0.29523,0.29321,0.29261
0.29693,0.29632,0.29526,0.29529,0.29578,0.29457,0.29723,0.29514,0.29458
0.29905,0.29732,0.29712,0.29627,0.29775,0.29536,0.29821,0.29612,0.29555
0.30008,0.2993,0.29815,0.29828,0.29878,0.29736,0.29933,0.29816,0.29758
0.30099,0.30035,0.30019,0.29918,0.3008,0.29833,0.30128,0.29914,0.29856
0.30293,0.30131,0.30133,0.30126,0.30181,0.2993,0.30226,0.30121,0.30061
0.30398,0.30332,0.3032,0.30224,0.30377,0.30144,0.30422,0.3022,0.30152
0.30599,0.30427,0.30419,0.30425,0.30477,0.30236,0.30522,0.30315,0.30263
0.30698,0.30624,0.30519,0.30524,0.30675,0.30436,0.30726,0.30512,0.30461
0.30899,0.30726,0.30724,0.30627,0.3077,0.30536,0.30823,0.30613,0.30556
0.30998,0.30932,0.30822,0.30822,0.30883,0.30735,0.31021,0.30812,0.30757
0.31198,0.31033,0.31015,0.3092,0.31083,0.30838,0.31125,0.30913,0.30851
0.31297,0.31229,0.31118,0.31128,0.31179,0.31039,0.31221,0.31121,0.31052
0.3151,0.3133,0.31319,0.31223,0.31373,0.31144,0.3142,0.31219,0.31162
0.31603,0.31432,0.31418,0.31423,0.31477,0.31236,0.31523,0.31317,0.3136
0.31699,0.31632,0.31618,0.31527,0.31675,0.31476,0.31722,0.3152,0.31455
0.319,0.31726,0.31713,0.31726,0.3178,0.31541,0.31822,0.31616,0.31555
0.31998,0.31925,0.31811,0.31825,0.3198,0.31733,0.3203,0.31818,0.3176
0.32195,0.32024,0.32013,0.31924,0.32083,0.31847,0.32124,0.31923,0.31856
0.32292,0.32237,0.32122,0.32125,0.32279,0.32038,0.32322,0.32127,0.32054
0.32501,0.32332,0.32324,0.3222,0.32374,0.32138,0.32424,0.32223,0.32164
0.32601,0.32431,0.32422,0.3242,0.32476,0.32236,0.32523,0.32319,0.3237
0.32799,0.32632,0.32618,0.32529,0.32675,0.32438,0.32724,0.32518,0.32452
0.32897,0.32731,0.32724,0.32729,0.32775,0.32555,0.32823,0.32617,0.32551
0.32997,0.32932,0.32918,0.32819,0.32979,0.32734,0.33024,0.32818,0.32763
0.33202,0.33033,0.33018,0.3292,0.33069,0.3283,0.33124,0.32915,0.32853
0.33293,0.33228,0.33122,0.3312,0.33271,0.33041,0.33321,0.33116,0.33053
0.33493,0.33332,0.33318,0.33218,0.3337,0.33141,0.33419,0.33217,0.3315
0.33593,0.33531,0.33417,0.33421,0.33584,0.33339,0.33625,0.33318,0.33363
0.33798,0.33634,0.33615,0.3353,0.33682,0.33465,0.33738,0.33514,0.33454
0.33892,0.33726,0.33721,0.33743,0.3378,0.33555,0.33824,0.33611,0.33661
0.34095,0.33927,0.33921,0.33827,0.3398,0.33738,0.34028,0.33813,0.33762
0.34192,0.34038,0.34034,0.34027,0.34071,0.33832,0.34119,0.33911,0.33864
0.34391,0.34233,0.34221,0.34121,0.34271,0.34034,0.34324,0.34113,0.34062
0.34494,0.3433,0.34318,0.34218,0.34369,0.34132,0.34423,0.34211,0.34152
0.34591,0.34526,0.34416,0.34418,0.34579,0.34343,0.34623,0.34413,0.34364
0.34801,0.34628,0.34618,0.34529,0.34678,0.34441,0.34722,0.34524,0.34451
0.34894,0.34865,0.34715,0.34723,0.34877,0.34637,0.34924,0.34617,0.34657
0.351,0.34937,0.34925,0.34819,0.3497,0.34737,0.35021,0.3482,0.34756
0.35196,0.35031,0.35017,0.35018,0.35072,0.34835,0.35118,0.34915,0.34858
0.35397,0.35231,0.35219,0.35119,0.35274,0.3504,0.35326,0.35115,0.35056
0.35499,0.35324,0.35317,0.35318,0.35373,0.35135,0.3542,0.35219,0.35155
0.35692,0.35526,0.35515,0.3542,0.3557,0.35337,0.3562,0.35419,0.35359
0.35802,0.35624,0.35618,0.3553,0.3567,0.35449,0.35723,0.35512,0.3546
0.35903,0.35823,0.3572,0.35727,0.35883,0.35644,0.35921,0.35619,0.35651
0.36097,0.35926,0.35918,0.35822,0.3597,0.35738,0.36025,0.35819,0.35752
0.36196,0.36127,0.36016,0.36023,0.36179,0.35936,0.36238,0.3592,0.35953
0.36396,0.36224,0.36223,0.36124,0.36275,0.36031,0.36322,0.36121,0.36053
0.36497,0.36325,0.36317,0.36327,0.36376,0.36132,0.36418,0.36223,0.36151
0.36703,0.36526,0.36514,0.36426,0.36574,0.36336,0.36619,0.36417,0.36362
0.36794,0.36636,0.36615,0.36536,0.36678,0.36434,0.36728,0.36512,0.36458
0.36994,0.36833,0.36811,0.36729,0.3688,0.3664,0.3693,0.36614,0.36658
0.37091,0.36931,0.36922,0.3682,0.3697,0.36735,0.37028,0.36812,0.36755
0.37193,0.37133,0.37018,0.3703,0.37173,0.36935,0.37223,0.36911,0.36958
0.37393,0.37228,0.37217,0.37128,0.37271,0.37036,0.37321,0.3713,0.37074
0.37494,0.37431,0.37315,0.37321,0.37471,0.37237,0.37521,0.37218,0.37256
0.37692,0.37529,0.37515,0.3742,0.37569,0.37336,0.37621,0.37417,0.37351
0.37791,0.37632,0.37617,0.37627,0.37673,0.37445,0.3772,0.37518,0.37453
0.37993,0.3783,0.37819,0.37727,0.37885,0.37648,0.37922,0.3772,0.37661
0.38102,0.37932,0.3792,0.37826,0.37973,0.37742,0.38018,0.37815,0.37769
0.38297,0.38128,0.38122,0.38025,0.38177,0.37947,0.38224,0.37911,0.37958
0.38415,0.38225,0.38221,0.38119,0.38275,0.38032,0.38318,0.38124,0.38054
0.38598,0.38452,0.38316,0.38326,0.38478,0.38232,0.38529,0.38221,0.38254
0.38699,0.38534,0.38525,0.38427,0.38579,0.38334,0.38625,0.3842,0.38364
0.38799,0.3873,0.38643,0.38629,0.38797,0.3854,0.38823,0.38518,0.38454
0.38997,0.3883,0.38834,0.38721,0.38872,0.38636,0.38924,0.38716,0.38665
0.39096,0.3893,0.38918,0.38935,0.39075,0.3874,0.3902,0.38818,0.38759
0.39299,0.3913,0.39121,0.39025,0.39171,0.38931,0.39221,0.38918,0.38956
0.39396,0.39228,0.39222,0.39119,0.3927,0.39032,0.39319,0.3912,0.39054
0.396,0.39433,0.39414,0.39328,0.39479,0.39233,0.39524,0.39219,0.39259
0.39694,0.39532,0.39519,0.39424,0.39576,0.39348,0.39625,0.3942,0.39359
0.39901,0.39734,0.39712,0.39623,0.39778,0.39544,0.39822,0.39514,0.39458
0.39998,0.39832,0.39814,0.39724,0.39873,0.39662,0.39933,0.39722,0.39658
0.40095,0.40033,0.39915,0.39924,0.40076,0.39838,0.40116,0.39815,0.39756
0.40295,0.40128,0.40124,0.40028,0.40172,0.39937,0.40225,0.40024,0.39954
0.40405,0.40225,0.40226,0.40226,0.40369,0.40043,0.40425,0.4012,0.40068
0.40597,0.40423,0.40421,0.40326,0.40472,0.40238,0.40519,0.4022,0.40261
0.40697,0.40524,0.40519,0.40425,0.4057,0.40339,0.40615,0.40417,0.40355
0.40906,0.40726,0.40717,0.40629,0.40773,0.40539,0.40815,0.40515,0.40561
0.41,0.40824,0.40812,0.40719,0.40884,0.40638,0.40917,0.40721,0.40657
0.41202,0.41035,0.40917,0.40918,0.41081,0.40869,0.41123,0.40819,0.4076
0.41292,0.41131,0.41124,0.4103,0.41179,0.40933,0.41224,0.41018,0.40963
0.41495,0.41229,0.41223,0.41223,0.41379,0.41034,0.41424,0.41117,0.41052
0.41593,0.41431,0.41413,0.41321,0.41473,0.41231,0.4152,0.41217,0.4127
0.41701,0.4153,0.41532,0.41527,0.4168,0.41335,0.41725,0.41421,0.41361
0.41901,0.41732,0.41717,0.41627,0.4178,0.41547,0.41827,0.41511,0.41555
0.41999,0.41831,0.41815,0.41723,0.41879,0.41639,0.41922,0.4171,0.41659
0.42197,0.42033,0.42025,0.41926,0.42075,0.41837,0.42125,0.41812,0.41865
0.42301,0.42137,0.42119,0.42025,0.4217,0.4194,0.42223,0.42014,0.4196
0.42496,0.42332,0.42315,0.42219,0.4237,0.42137,0.42422,0.42112,0.42053
0.42597,0.42431,0.42415,0.42322,0.42469,0.42236,0.42518,0.4222,0.42263
0.42797,0.4253,0.42512,0.42521,0.4267,0.42351,0.42725,0.42416,0.42365
0.42895,0.42728,0.42712,0.42621,0.42771,0.42536,0.42831,0.42519,0.42564
0.42991,0.42829,0.42813,0.4282,0.42973,0.42634,0.4302,0.42718,0.42654
0.43205,0.43033,0.43012,0.42921,0.43085,0.42843,0.43126,0.42815,0.42853
0.43298,0.43133,0.43127,0.43018,0.43173,0.4294,0.43229,0.43017,0.42951
0.43498,0.43325,0.43324,0.4322,0.43369,0.43137,0.43421,0.43118,0.43052
0.43595,0.43426,0.43418,0.43321,0.43471,0.43232,0.43516,0.43319,0.43263
0.43801,0.43635,0.43617,0.4353,0.43682,0.43431,0.43718,0.43419,0.43366
0.43898,0.43729,0.43716,0.43625,0.43775,0.43542,0.43817,0.43518,0.43552
0.44097,0.43833,0.43819,0.43822,0.43973,0.43639,0.44018,0.43718,0.4366
0.44202,0.4403,0.44024,0.43921,0.44076,0.43836,0.4413,0.43823,0.4386
0.444,0.44126,0.44119,0.44019,0.44277,0.43934,0.44322,0.44015,0.43954
0.44499,0.44324,0.44318,0.44221,0.44377,0.44136,0.44422,0.44113,0.44163
0.44599,0.44425,0.44421,0.44325,0.44575,0.44233,0.44522,0.44313,0.44253
0.44802,0.44627,0.44637,0.44524,0.44678,0.44439,0.44722,0.44411,0.44364
0.44901,0.44724,0.44714,0.44627,0.44791,0.4454,0.4482,0.44512,0.44553
0.45096,0.44826,0.44813,0.44822,0.44975,0.44636,0.45019,0.44727,0.44651
0.45199,0.4504,0.45026,0.44918,0.4507,0.44836,0.45124,0.44821,0.44856
0.45397,0.45133,0.45119,0.45118,0.45272,0.44937,0.45324,0.45018,0.44955
0.45503,0.45331,0.45319,0.45219,0.45369,0.45134,0.45423,0.45117,0.45157
0.45691,0.45433,0.45418,0.4533,0.45582,0.45238,0.45623,0.45316,0.45255
0.45793,0.4563,0.45619,0.45525,0.45682,0.45455,0.4572,0.45415,0.45357
0.45902,0.45728,0.45718,0.45627,0.45882,0.45539,0.4582,0.45518,0.45556
0.46099,0.45935,0.45919,0.45825,0.45971,0.45735,0.46025,0.45713,0.45653
0.46199,0.46036,0.46022,0.45923,0.46075,0.45843,0.46125,0.45811,0.45852
0.46398,0.46132,0.46119,0.46128,0.46278,0.45944,0.46325,0.4602,0.45951
0.46499,0.46331,0.46321,0.46219,0.46378,0.46132,0.46422,0.46119,0.4615
0.467,0.46431,0.46426,0.4643,0.46571,0.46233,0.46625,0.46318,0.46252
0.468,0.46628,0.46633,0.46535,0.4667,0.46435,0.46721,0.46419,0.46463
0.46993,0.46731,0.46715,0.46629,0.46879,0.46542,0.4692,0.4652,0.4656
0.47091,0.46929,0.46915,0.46819,0.4697,0.46737,0.47022,0.46712,0.46655
0.47294,0.47038,0.4702,0.4692,0.47184,0.46842,0.47224,0.46814,0.46856
0.47398,0.47227,0.47223,0.47119,0.47276,0.47033,0.47321,0.47012,0.46966
0.47504,0.47325,0.47319,0.4722,0.47377,0.47149,0.47424,0.47125,0.47162
0.47696,0.47427,0.47521,0.47418,0.47579,0.4724,0.4762,0.47319,0.47256
0.47792,0.47629,0.47619,0.47529,0.47674,0.47455,0.47716,0.47421,0.47461
0.48005,0.47727,0.47717,0.47725,0.4788,0.47539,0.47923,0.4762,0.47551
0.48099,0.47927,0.47939,0.47828,0.47976,0.47748,0.48016,0.47716,0.47753
0.483,0.48026,0.48022,0.4792,0.4818,0.47846,0.48228,0.47819,0.47852
0.48397,0.48239,0.48228,0.48123,0.48276,0.48044,0.48323,0.48022,0.47963
0.48598,0.4833,0.4832,0.48221,0.48477,0.48134,0.48523,0.48125,0.48161
0.487,0.48525,0.48516,0.4842,0.48576,0.48335,0.48627,0.48319,0.48265
0.48899,0.48627,0.48628,0.48518,0.48683,0.4844,0.48721,0.48418,0.48456
0.48992,0.48724,0.48816,0.4873,0.48881,0.48536,0.48924,0.48619,0.48553
0.491,0.4893,0.48915,0.48825,0.48971,0.48742,0.49024,0.48711,0.48754
0.49299,0.4903,0.49018,0.49024,0.49172,0.48833,0.49222,0.48813,0.48851
0.49398,0.49231,0.49214,0.49123,0.49284,0.4903,0.49321,0.49023,0.48952
0.49603,0.49333,0.49319,0.49224,0.49469,0.49144,0.49525,0.49122,0.49151
0.49702,0.49525,0.49514,0.49428,0.49572,0.49338,0.49622,0.49317,0.49262
0.49897,0.49627,0.49614,0.49527,0.49778,0.49444,0.49823,0.49417,0.49458
0.49997,0.49833,0.49813,0.49728,0.49874,0.49662,0.49936,0.49616,0.49557
0.50195,0.4993,0.49921,0.49824,0.49974,0.49742,0.50016,0.49718,0.49758
0.50294,0.50024,0.50026,0.50026,0.50182,0.49839,0.50226,0.49923,0.49856
0.50401,0.50231,0.50217,0.50123,0.50291,0.50037,0.50326,0.50023,0.50065
0.50603,0.50325,0.50316,0.5022,0.50474,0.50141,0.50521,0.50121,0.50151
0.507,0.50524,0.50516,0.50424,0.5057,0.50344,0.50623,0.50317,0.50252
0.50901,0.50626,0.50633,0.50523,0.50773,0.50437,0.50818,0.50421,0.50459
0.51,0.50837,0.50816,0.50727,0.50883,0.50639,0.50917,0.5062,0.50559
0.512,0.5093,0.50915,0.50819,0.51083,0.50756,0.51124,0.50721,0.50755
0.51294,0.51032,0.5112,0.51019,0.51177,0.50936,0.51224,0.50918,0.50855
0.51512,0.51227,0.51224,0.51118,0.51277,0.51037,0.5132,0.51013,0.51056
0.51599,0.51327,0.51417,0.51318,0.51474,0.51138,0.51517,0.51119,0.51157
0.51797,0.51525,0.51515,0.5142,0.51579,0.51353,0.51615,0.51319,0.51257
0.51893,0.51623,0.51622,0.5153,0.51776,0.51436,0.51824,0.51423,0.51461
0.51993,0.51826,0.51817,0.51723,0.51876,0.51641,0.51931,0.51617,0.51558
0.52193,0.51927,0.51918,0.51823,0.52088,0.5174,0.52118,0.51713,0.51758
0.52291,0.52139,0.5212,0.52023,0.52172,0.51933,0.5223,0.51922,0.51853
0.52513,0.5223,0.52234,0.52125,0.52369,0.52031,0.52425,0.5202,0.52052
0.52602,0.52334,0.52415,0.52325,0.52487,0.52238,0.52536,0.5222,0.52151
0.52798,0.5253,0.52518,0.52424,0.52676,0.52341,0.52625,0.52315,0.52362
0.52897,0.5263,0.52721,0.52629,0.52796,0.52452,0.52823,0.52418,0.52462
0.53098,0.52833,0.52815,0.5272,0.52884,0.52642,0.52923,0.52617,0.5256
0.53197,0.52934,0.52916,0.52819,0.53076,0.52738,0.53126,0.52715,0.52772
0.53295,0.53135,0.53133,0.53018,0.53174,0.52936,0.53217,0.52922,0.52854
0.53506,0.53231,0.53221,0.53121,0.53379,0.53031,0.53424,0.53013,0.53056
0.536,0.5333,0.53423,0.5332,0.53474,0.53243,0.53523,0.53216,0.53156
0.53797,0.53528,0.5352,0.53418,0.53676,0.53354,0.53725,0.53314,0.53358
0.53926,0.5363,0.53718,0.5363,0.53778,0.53433,0.53824,0.53412,0.53454
0.54097,0.53831,0.53815,0.53728,0.53976,0.53642,0.5403,0.53613,0.53657
0.54197,0.5393,0.54024,0.53923,0.54076,0.53737,0.54122,0.53713,0.53756
0.54403,0.54131,0.54118,0.54029,0.54175,0.53943,0.54224,0.53913,0.53859
0.54499,0.54224,0.54228,0.5412,0.54376,0.54039,0.54421,0.54011,0.54063
0.54698,0.54426,0.54419,0.5432,0.54475,0.5424,0.54519,0.54224,0.54151
0.54793,0.54525,0.54519,0.54418,0.54675,0.54338,0.54725,0.54319,0.54364
0.54891,0.54626,0.54717,0.54621,0.54784,0.54538,0.54822,0.54518,0.54455
0.55091,0.54826,0.54813,0.54722,0.54979,0.54643,0.5502,0.54615,0.5466
0.55193,0.54925,0.55016,0.54921,0.5507,0.5474,0.55124,0.54721,0.54763
0.55394,0.55135,0.55127,0.55019,0.55285,0.54936,0.55329,0.54919,0.54854
0.55494,0.55232,0.55317,0.55121,0.55379,0.55039,0.55422,0.55018,0.55053
0.55693,0.5543,0.55412,0.5532,0.55475,0.5524,0.55523,0.5522,0.55152
0.55795,0.5553,0.55515,0.55418,0.55678,0.55342,0.55734,0.55321,0.55362
0.55991,0.55728,0.55718,0.5563,0.55772,0.55544,0.55818,0.55512,0.55453
0.56092,0.55828,0.55816,0.55729,0.5598,0.55636,0.56018,0.55614,0.5566
0.5619,0.55928,0.56012,0.55926,0.56074,0.55836,0.56127,0.55711,0.55759
0.56404,0.56133,0.56127,0.56027,0.56277,0.55934,0.5632,0.55912,0.55859
0.565,0.56225,0.56318,0.56225,0.56377,0.56041,0.56425,0.56014,0.56057
0.56697,0.56424,0.56451,0.56325,0.5658,0.5624,0.56623,0.56222,0.56165
0.56794,0.56525,0.5662,0.56427,0.56683,0.5634,0.56724,0.56317,0.56358
0.57002,0.56724,0.56716,0.56627,0.56785,0.56538,0.56823,0.5652,0.56458
0.571,0.56826,0.56813,0.56718,0.56975,0.56636,0.57027,0.56617,0.56659
0.57296,0.57036,0.57026,0.56921,0.5707,0.56836,0.57123,0.56718,0.56755
0.57395,0.57131,0.57119,0.5702,0.57285,0.56939,0.57325,0.56916,0.56958
0.57606,0.57229,0.57322,0.57226,0.57372,0.57136,0.57424,0.57017,0.57055
0.57698,0.57428,0.57412,0.57332,0.57569,0.57234,0.57621,0.57218,0.5716
0.57802,0.57532,0.57611,0.57525,0.57673,0.57338,0.57722,0.57318,0.57372
0.58,0.57725,0.5772,0.57624,0.57871,0.57551,0.57935,0.57521,0.57452
0.58097,0.57836,0.57922,0.57726,0.5797,0.57641,0.58023,0.57621,0.57666
0.58298,0.58033,0.5802,0.57923,0.58072,0.57838,0.58222,0.5782,0.57757
0.584,0.58136,0.58119,0.58027,0.58269,0.57943,0.58326,0.57933,0.57963
0.58601,0.58228,0.58317,0.58225,0.58371,0.58136,0.58423,0.5802,0.58054
0.58703,0.58435,0.58413,0.58325,0.58573,0.58232,0.58624,0.5822,0.58264
0.58896,0.58533,0.58641,0.58528,0.58671,0.58443,0.58722,0.58318,0.58357
0.58993,0.58731,0.58729,0.58623,0.58871,0.58539,0.58921,0.58516,0.58453
0.59091,0.58831,0.58919,0.5882,0.5897,0.58639,0.59026,0.58617,0.58659
0.59292,0.59029,0.59019,0.58927,0.59184,0.58834,0.59223,0.58816,0.58758
0.59404,0.59131,0.59234,0.59026,0.59279,0.58936,0.59321,0.58918,0.58965
0.59601,0.59332,0.59327,0.59223,0.59477,0.59134,0.59524,0.59017,0.59057
0.59697,0.59429,0.5942,0.59321,0.59577,0.59236,0.59622,0.59216,0.5926
0.599,0.59525,0.5962,0.59528,0.59674,0.59443,0.59724,0.59312,0.59357
0.59998,0.59724,0.59719,0.59626,0.5988,0.59544,0.59936,0.59514,0.59554
0.60198,0.59827,0.59921,0.59822,0.59975,0.5965,0.60027,0.59612,0.59652
0.60301,0.60042,0.60025,0.59925,0.60169,0.59846,0.60225,0.59821,0.5975
0.60496,0.6013,0.60221,0.60026,0.60272,0.59941,0.60328,0.5992,0.59952
0.60593,0.60324,0.60316,0.60225,0.60469,0.6014,0.60525,0.6002,0.6005
0.60691,0.60426,0.60516,0.60319,0.60571,0.60251,0.60622,0.60219,0.60265
0.60894,0.60624,0.60632,0.60521,0.60773,0.6044,0.60824,0.60314,0.60357
0.60993,0.60726,0.6072,0.60622,0.60882,0.60543,0.60923,0.60516,0.60556
0.61195,0.60835,0.6092,0.60819,0.60979,0.60743,0.61021,0.60619,0.6065
0.61293,0.61032,0.61019,0.60921,0.61176,0.60832,0.61225,0.60819,0.60752
0.61495,0.61132,0.61221,0.61129,0.61276,0.60933,0.61322,0.60915,0.60951
0.61594,0.61328,0.6132,0.61226,0.61478,0.61131,0.6152,0.6102,0.61052
0.61792,0.61432,0.61522,0.61326,0.61581,0.61232,0.61622,0.61217,0.61252
0.61915,0.61633,0.61632,0.61524,0.61776,0.61431,0.6182,0.61314,0.61352
0.62003,0.6173,0.61816,0.61622,0.61892,0.61544,0.6194,0.61514,0.61552
0.622,0.61832,0.61927,0.6182,0.62081,0.61741,0.62128,0.61613,0.61662
0.62293,0.62029,0.62021,0.61923,0.62179,0.61838,0.62228,0.6181,0.61859
0.62495,0.62138,0.62219,0.6213,0.62276,0.62036,0.62324,0.61914,0.61959
0.62606,0.62335,0.62324,0.62226,0.62478,0.62134,0.62525,0.62113,0.62088
0.62793,0.62425,0.6252,0.62427,0.62577,0.62233,0.62623,0.62221,0.62257
0.62905,0.62638,0.62633,0.62524,0.62777,0.62442,0.62822,0.62318,0.62359
0.631,0.62733,0.62816,0.62621,0.62879,0.62541,0.62923,0.62518,0.62558
0.63196,0.62932,0.62923,0.62819,0.63073,0.62739,0.63122,0.62616,0.62656
0.634,0.6303,0.63125,0.62918,0.63172,0.62839,0.63224,0.62815,0.62852
0.63496,0.63131,0.6322,0.63118,0.63369,0.6304,0.6343,0.62912,0.6295
0.636,0.63331,0.63319,0.6322,0.63482,0.63136,0.63522,0.63114,0.63051
0.63797,0.63431,0.63522,0.63421,0.63572,0.63254,0.63725,0.63225,0.63251
0.63898,0.6363,0.63618,0.6352,0.63779,0.63445,0.63824,0.63319,0.63351
0.64098,0.63732,0.63833,0.63719,0.63876,0.63547,0.63941,0.6352,0.63558
0.64197,0.63932,0.63922,0.63819,0.64076,0.63738,0.64127,0.63621,0.63657
0.644,0.64029,0.64126,0.63918,0.64174,0.63838,0.64221,0.63815,0.63859
0.64498,0.64234,0.64214,0.64119,0.64377,0.64037,0.64421,0.6392,0.6396
0.64698,0.64333,0.64428,0.64217,0.64479,0.64137,0.64523,0.64122,0.64168
0.64805,0.6443,0.64523,0.64431,0.64674,0.64359,0.64724,0.64219,0.64255
0.64897,0.64627,0.64624,0.64527,0.64775,0.64436,0.64823,0.64315,0.64364
0.651,0.64725,0.64818,0.64723,0.64876,0.64553,0.65023,0.64521,0.64554
0.65198,0.64935,0.64915,0.64823,0.65069,0.64742,0.65127,0.64618,0.64658
0.65398,0.65033,0.65126,0.64922,0.65181,0.64856,0.65223,0.64814,0.64865
0.65499,0.65229,0.65221,0.65121,0.65391,0.65031,0.65426,0.64912,0.64965
0.65697,0.65328,0.65422,0.65219,0.65472,0.65132,0.65525,0.65118,0.65156
0.65798,0.65431,0.65515,0.65421,0.6567,0.65334,0.6572,0.65219,0.65257
0.66002,0.65631,0.65732,0.65529,0.65771,0.65432,0.65821,0.65415,0.6546
0.66097,0.65732,0.65825,0.65728,0.65969,0.65643,0.66027,0.65511,0.65556
0.66302,0.65932,0.65919,0.65825,0.66071,0.65736,0.66125,0.65612,0.65654
0.66399,0.66028,0.6612,0.66026,0.6617,0.65839,0.66322,0.65819,0.65861
0.66499,0.66236,0.66224,0.66126,0.66371,0.66037,0.66424,0.65924,0.65955
0.66706,0.6633,0.66421,0.66222,0.66469,0.66135,0.66623,0.6612,0.66151
0.66801,0.66527,0.66515,0.66425,0.6669,0.66341,0.6672,0.66218,0.66251
0.66995,0.66632,0.66718,0.66522,0.66791,0.66442,0.66824,0.66422,0.66451
0.67094,0.66727,0.66814,0.66728,0.66975,0.6664,0.67033,0.66521,0.6655
0.67291,0.66928,0.67014,0.66822,0.6707,0.66737,0.67123,0.66619,0.66651
0.674,0.67041,0.67114,0.6702,0.67272,0.66839,0.67325,0.66816,0.66869
0.67601,0.67226,0.6722,0.67118,0.67371,0.67038,0.67423,0.66911,0.66959
0.67699,0.67324,0.67415,0.67323,0.67572,0.67138,0.67623,0.6712,0.67157
0.67799,0.67526,0.67513,0.67421,0.67671,0.67338,0.67724,0.67216,0.6726
0.67998,0.67627,0.67712,0.67534,0.67771,0.67468,0.67936,0.67418,0.67456
0.68098,0.67825,0.67813,0.67728,0.67969,0.67643,0.68023,0.67514,0.67562
0.68299,0.67935,0.68011,0.67824,0.68083,0.67739,0.68224,0.67625,0.67757
0.68399,0.68038,0.68117,0.68025,0.68281,0.67941,0.68327,0.67814,0.67868
0.68603,0.68232,0.68317,0.68121,0.68374,0.68038,0.68419,0.67914,0.67957
0.68691,0.68325,0.68426,0.68328,0.68576,0.68137,0.68628,0.68115,0.68154
0.68904,0.68526,0.6852,0.68424,0.68676,0.68338,0.68719,0.68224,0.68262
0.69,0.68634,0.68728,0.68625,0.6888,0.68448,0.68927,0.68415,0.68453
0.69198,0.6883,0.68824,0.68721,0.68972,0.68637,0.69023,0.68511,0.68553
0.69298,0.68932,0.69017,0.68829,0.69084,0.68739,0.69223,0.68721,0.68751
0.69396,0.69029,0.6912,0.69033,0.69275,0.68934,0.69324,0.68818,0.68853
0.696,0.69227,0.69317,0.69125,0.69371,0.69034,0.6952,0.68919,0.68955
0.69698,0.69325,0.69416,0.69326,0.69572,0.69235,0.69623,0.69115,0.69153
0.69898,0.69527,0.69626,0.69426,0.69681,0.69345,0.69721,0.69213,0.69251
0.7,0.69625,0.69716,0.69627,0.69884,0.69443,0.69933,0.69421,0.6945
0.70193,0.69824,0.69821,0.69724,0.69978,0.69646,0.70017,0.6952,0.69551
0.70292,0.69937,0.70028,0.6982,0.70178,0.6974,0.70229,0.69722,0.6975
0.705,0.70134,0.70123,0.70028,0.70273,0.69934,0.70322,0.69819,0.69851
0.70597,0.70226,0.70315,0.70121,0.70372,0.70034,0.70524,0.69911,0.70055
0.70693,0.70324,0.70416,0.7032,0.70572,0.70231,0.7062,0.7012,0.70154
0.70891,0.70549,0.70615,0.70418,0.70683,0.70332,0.70825,0.70218,0.70262
0.70995,0.70629,0.70713,0.70627,0.70882,0.70437,0.70922,0.70414,0.70458
0.71191,0.70832,0.70913,0.70719,0.70978,0.70643,0.71021,0.70514,0.70557
0.71294,0.70934,0.71024,0.70928,0.71177,0.70743,0.7122,0.70712,0.70756
0.71497,0.71131,0.7112,0.71025,0.7129,0.70941,0.7132,0.70813,0.70866
0.71594,0.7123,0.71322,0.71121,0.71476,0.71035,0.71523,0.70919,0.71054
0.71794,0.71429,0.71426,0.71323,0.71578,0.71237,0.71622,0.71118,0.71156
0.71904,0.71528,0.7162,0.71421,0.71677,0.71343,0.71819,0.7122,0.71358
0.71997,0.71644,0.71717,0.71632,0.71877,0.71546,0.71929,0.71418,0.7147
0.72198,0.71836,0.71917,0.71727,0.71978,0.71639,0.72118,0.71511,0.71559
0.72297,0.7193,0.72018,0.71926,0.72176,0.7174,0.72232,0.71714,0.71755
0.72495,0.72139,0.7222,0.72026,0.72275,0.71936,0.72325,0.71811,0.71858
0.72602,0.72231,0.72319,0.72223,0.72472,0.72031,0.72522,0.72017,0.72067
0.728,0.72431,0.72422,0.72323,0.72572,0.72238,0.72623,0.72124,0.72164
0.729,0.72532,0.72634,0.72421,0.72771,0.72342,0.72826,0.7222,0.72365
0.73101,0.72731,0.72717,0.72621,0.72872,0.72539,0.72925,0.72421,0.72458
0.73197,0.72831,0.72916,0.72721,0.72971,0.72631,0.73125,0.7252,0.72556
0.73399,0.72932,0.73016,0.72921,0.7318,0.72839,0.73222,0.7272,0.72756
0.73496,0.73132,0.73226,0.73019,0.73279,0.72942,0.73426,0.72815,0.72855
0.736,0.73224,0.73319,0.73219,0.73477,0.73037,0.73523,0.7302,0.73055
0.73798,0.73427,0.7352,0.7332,0.73576,0.73239,0.73622,0.73115,0.73157
0.73896,0.73524,0.7362,0.7353,0.73774,0.73338,0.73825,0.7322,0.73358
0.74097,0.73725,0.73718,0.73628,0.73882,0.73544,0.73919,0.73419,0.73458
0.742,0.73823,0.73923,0.73725,0.74077,0.73634,0.7412,0.73514,0.73657
0.74401,0.73934,0.74025,0.73929,0.74177,0.73834,0.74231,0.73712,0.73757
0.74499,0.74129,0.74228,0.74028,0.74275,0.73932,0.74423,0.73814,0.73859
0.74702,0.74226,0.7432,0.74224,0.74477,0.74033,0.74523,0.74013,0.74058
0.74794,0.74426,0.74521,0.74322,0.74584,0.74244,0.74723,0.74111,0.74151
0.74902,0.74523,0.74627,0.74528,0.74777,0.74346,0.74823,0.74222,0.74366
0.75102,0.74743,0.74814,0.7463,0.74876,0.74541,0.75023,0.74418,0.74453
0.75193,0.74834,0.7491,0.74821,0.7507,0.74645,0.75124,0.74519,0.74652
0.75399,0.75032,0.7502,0.7492,0.75177,0.7484,0.75221,0.74719,0.74754
0.755,0.75135,0.75222,0.75018,0.7538,0.74935,0.75424,0.74818,0.74953
0.75697,0.75226,0.75318,0.75221,0.75477,0.75142,0.75523,0.75019,0.75051
0.75794,0.75432,0.75519,0.75318,0.75676,0.75257,0.75721,0.75117,0.75156
0.75995,0.75528,0.75619,0.75529,0.75772,0.75336,0.75822,0.75319,0.75363
0.76093,0.75726,0.75816,0.75628,0.75873,0.7554,0.76031,0.75418,0.75453
0.76293,0.75835,0.75917,0.75824,0.76072,0.75631,0.76125,0.75518,0.75658
0.76403,0.76033,0.76125,0.7592,0.76172,0.75832,0.76325,0.7572,0.75756
0.76506,0.76136,0.76235,0.7612,0.76373,0.75933,0.7642,0.75819,0.75956
0.76703,0.76329,0.76313,0.76222,0.76471,0.76136,0.76521,0.76024,0.76054
0.76795,0.76427,0.76511,0.7632,0.76672,0.76232,0.76722,0.76118,0.7617
0.76995,0.76524,0.76614,0.76532,0.76771,0.76336,0.76823,0.76315,0.76358
0.77093,0.76727,0.76826,0.76628,0.7698,0.76544,0.77027,0.76419,0.76457
0.77292,0.76825,0.76921,0.7682,0.7707,0.76639,0.7713,0.76519,0.76658
0.77402,0.77035,0.7712,0.76918,0.77174,0.76839,0.77344,0.76715,0.76755
0.77599,0.77132,0.77232,0.7712,0.77371,0.76937,0.77425,0.76813,0.76954
0.77701,0.77332,0.77423,0.77217,0.7747,0.77138,0.77623,0.77022,0.77057
0.77799,0.77433,0.77521,0.77319,0.77687,0.77237,0.77723,0.77117,0.77256
0.77999,0.7755,0.77627,0.7753,0.77777,0.77436,0.77822,0.77319,0.77359
0.78095,0.77735,0.77815,0.77626,0.77975,0.77535,0.78032,0.77418,0.77455
0.78297,0.77835,0.77917,0.77829,0.78081,0.77633,0.78123,0.77616,0.77661
0.78399,0.78031,0.78119,0.77919,0.78275,0.77831,0.78323,0.77718,0.7776
0.78604,0.78133,0.78224,0.78119,0.78375,0.77932,0.78423,0.77816,0.77957
0.78693,0.78336,0.78414,0.78218,0.78475,0.78139,0.78623,0.78022,0.78059
0.78892,0.78428,0.78511,0.78421,0.78681,0.78235,0.78727,0.78122,0.78268
0.78994,0.78524,0.78724,0.78527,0.78785,0.78433,0.7892,0.78323,0.78363
0.79092,0.78727,0.78824,0.78625,0.7898,0.78549,0.79024,0.7842,0.78454
0.79291,0.78824,0.78919,0.78832,0.79071,0.7864,0.79121,0.78618,0.78652
0.79394,0.79037,0.79119,0.78928,0.79271,0.78835,0.79323,0.78718,0.78751
0.79593,0.79132,0.79225,0.79128,0.7937,0.78933,0.79422,0.78821,0.78951
0.79691,0.79332,0.79424,0.79223,0.79569,0.7913,0.79622,0.79019,0.79052
0.79891,0.79429,0.79521,0.79424,0.79672,0.79241,0.79721,0.79114,0.79261
0.80003,0.79629,0.79719,0.79524,0.79771,0.79442,0.79927,0.79313,0.79358
0.80195,0.79731,0.7982,0.79623,0.79972,0.79538,0.80031,0.79411,0.79556
0.80291,0.7983,0.80026,0.79826,0.80071,0.79737,0.80226,0.79614,0.7966
0.80497,0.8003,0.80121,0.79922,0.80278,0.79832,0.80327,0.79722,0.79759
0.80599,0.8013,0.80218,0.80127,0.80383,0.79933,0.80418,0.79917,0.79958
0.80707,0.80326,0.80422,0.80225,0.80581,0.80147,0.80616,0.80022,0.80055
0.80903,0.80435,0.8052,0.80419,0.8069,0.80235,0.80719,0.8012,0.80254
0.81001,0.80633,0.80735,0.80528,0.80883,0.80434,0.80918,0.80319,0.80353
0.81205,0.80731,0.8082,0.80729,0.80979,0.80542,0.8102,0.80419,0.80551
0.81292,0.80929,0.81022,0.80821,0.81177,0.80737,0.8123,0.80618,0.80652
0.81499,0.81036,0.81119,0.80919,0.81277,0.80837,0.8132,0.80717,0.80766
0.81592,0.81124,0.8132,0.81132,0.81377,0.80937,0.81517,0.80917,0.80962
0.81793,0.81344,0.81418,0.81226,0.81573,0.81138,0.81622,0.81017,0.81056
0.81896,0.81433,0.81526,0.81423,0.81674,0.81236,0.81824,0.81112,0.81256
0.81994,0.81636,0.81731,0.81524,0.81874,0.81467,0.81932,0.81317,0.81357
0.82194,0.81731,0.81815,0.81727,0.81975,0.81549,0.82039,0.81416,0.81558
0.82292,0.81931,0.82021,0.81825,0.82177,0.81741,0.82227,0.81614,0.81657
0.82502,0.82032,0.8212,0.82023,0.82274,0.81838,0.82329,0.81724,0.81858
0.82599,0.82147,0.82318,0.8212,0.82476,0.82037,0.82525,0.8192,0.81956
0.82804,0.82333,0.82425,0.82225,0.82576,0.82136,0.82623,0.82012,0.82086
0.829,0.8243,0.82626,0.82427,0.82677,0.82234,0.82819,0.8212,0.82256
0.83098,0.82631,0.82719,0.82522,0.82874,0.82469,0.8292,0.82318,0.82354
0.83198,0.8273,0.82821,0.82721,0.8297,0.82537,0.83124,0.82418,0.82551
0.83399,0.82932,0.83022,0.82821,0.83178,0.82742,0.83218,0.82617,0.82665
0.83496,0.83032,0.83118,0.83031,0.83278,0.82838,0.83317,0.82715,0.8286
0.83596,0.83233,0.83319,0.83123,0.83476,0.83044,0.83532,0.82918,0.82955
0.83796,0.83328,0.83418,0.8322,0.83576,0.83133,0.83624,0.83017,0.83157
0.83898,0.83431,0.83619,0.83422,0.83781,0.83334,0.83821,0.83118,0.83261
0.84096,0.8363,0.83723,0.83529,0.83874,0.83438,0.83918,0.83318,0.83358
0.84195,0.83732,0.83917,0.83726,0.83977,0.83547,0.8412,0.8342,0.83556
0.84402,0.83931,0.84023,0.83823,0.84179,0.8374,0.84216,0.83619,0.83657
0.84492,0.84033,0.84119,0.84027,0.84275,0.83837,0.8443,0.83718,0.83857
0.84695,0.84233,0.84319,0.84119,0.84478,0.84035,0.84524,0.83919,0.83957
0.84803,0.84324,0.84418,0.8432,0.84574,0.84137,0.84624,0.84011,0.84164
0.84897,0.84433,0.84624,0.84418,0.8478,0.84337,0.84825,0.8422,0.84263
0.851,0.84631,0.84718,0.84521,0.84872,0.84441,0.84929,0.84316,0.84465
0.85205,0.84731,0.84921,0.84723,0.85069,0.84538,0.85127,0.84418,0.84559
0.85401,0.84934,0.85022,0.84818,0.85172,0.84735,0.85224,0.84619,0.84653
0.85505,0.85029,0.85219,0.85018,0.8527,0.84845,0.8542,0.84716,0.84853
0.85697,0.85233,0.8532,0.8512,0.85475,0.8504,0.85524,0.8492,0.84951
0.858,0.85327,0.85419,0.85319,0.85571,0.85136,0.85722,0.85011,0.85154
0.85995,0.85524,0.8562,0.85422,0.85773,0.85335,0.85824,0.8522,0.85253
0.86091,0.85625,0.85732,0.85633,0.85881,0.85447,0.85927,0.85315,0.85451
0.86297,0.85727,0.8592,0.85725,0.86076,0.8564,0.86118,0.85411,0.85566
0.86393,0.85938,0.86018,0.85821,0.86177,0.8574,0.86228,0.85613,0.85661
0.86493,0.8604,0.86224,0.86026,0.86377,0.85836,0.86425,0.85721,0.8586
0.86694,0.86232,0.8632,0.86123,0.86477,0.86035,0.86523,0.85926,0.85957
0.86793,0.86326,0.86523,0.86318,0.86573,0.86137,0.86737,0.8602,0.86166
0.87008,0.86524,0.8663,0.86428,0.86788,0.86344,0.86827,0.8622,0.86254
0.87097,0.86633,0.86725,0.86631,0.86876,0.86433,0.87018,0.86314,0.8646
0.87294,0.86831,0.86917,0.8672,0.8707,0.86632,0.87117,0.86412,0.86555
0.87399,0.86929,0.87011,0.86818,0.87169,0.86733,0.87233,0.86614,0.86755
0.87597,0.8703,0.87222,0.87031,0.8737,0.86831,0.87425,0.86711,0.86855
0.877,0.87234,0.87323,0.87123,0.87472,0.87033,0.87524,0.86912,0.86958
0.87798,0.87333,0.87513,0.87329,0.87681,0.8713,0.87723,0.87013,0.87156
0.87998,0.87532,0.87615,0.87427,0.8778,0.87332,0.87823,0.87213,0.87251
0.88098,0.8763,0.87814,0.87626,0.87874,0.87434,0.88037,0.87311,0.87452
0.88296,0.87834,0.87911,0.87725,0.88074,0.87641,0.88126,0.87513,0.8755
0.88398,0.87934,0.88021,0.87927,0.88172,0.87739,0.8832,0.87623,0.87759
0.88602,0.88025,0.88223,0.88022,0.88373,0.87948,0.8842,0.8772,0.87854
0.88695,0.88227,0.88319,0.88119,0.88475,0.88041,0.88622,0.87921,0.87957
0.88894,0.88324,0.88521,0.88328,0.88676,0.8814,0.88722,0.88012,0.88157
0.88993,0.88523,0.88631,0.88423,0.88782,0.88339,0.88826,0.88225,0.88255
0.89192,0.88626,0.88815,0.88621,0.88977,0.88443,0.89025,0.88334,0.88463
0.89293,0.88836,0.8892,0.88728,0.89083,0.88636,0.89124,0.88516,0.88564
0.89392,0.88931,0.89021,0.88924,0.89275,0.88735,0.89322,0.88619,0.88769
0.89594,0.8913,0.89217,0.89027,0.89376,0.88934,0.89421,0.88718,0.88856
0.89703,0.89229,0.89318,0.8923,0.89478,0.89037,0.89622,0.88916,0.89059
0.89901,0.89331,0.89522,0.89325,0.89678,0.89238,0.89722,0.89015,0.8916
0.89998,0.8953,0.89628,0.89424,0.89776,0.8935,0.8993,0.89219,0.89257
0.90201,0.89631,0.89818,0.89627,0.89977,0.89435,0.90019,0.89314,0.89457
0.903,0.89831,0.89931,0.89727,0.90095,0.89647,0.90117,0.89517,0.89558
0.90501,0.8993,0.90123,0.89925,0.90278,0.89739,0.90325,0.89618,0.89759
0.906,0.9013,0.90232,0.90025,0.90376,0.89935,0.90426,0.89718,0.89858
0.90699,0.90225,0.90312,0.90231,0.90572,0.90036,0.90626,0.89919,0.90065
0.90894,0.90324,0.90514,0.90325,0.90678,0.90238,0.90721,0.90012,0.90153
0.90991,0.90527,0.90611,0.90525,0.90775,0.90338,0.90918,0.9022,0.90272
0.91204,0.90629,0.90814,0.9063,0.90982,0.90437,0.91022,0.90316,0.90461
0.91301,0.90824,0.90911,0.90726,0.91076,0.90639,0.9122,0.90513,0.90556
0.915,0.90934,0.91122,0.90927,0.9128,0.90748,0.91321,0.90612,0.90758
0.91593,0.91129,0.91224,0.91026,0.91375,0.90939,0.91422,0.90818,0.90855
0.91794,0.91231,0.91415,0.91223,0.91569,0.91043,0.91627,0.90916,0.91059
0.91892,0.91434,0.91513,0.9132,0.91675,0.91246,0.91727,0.91027,0.91158
0.92091,0.91531,0.91713,0.91527,0.91876,0.91342,0.91921,0.91222,0.91355
0.92203,0.91635,0.9181,0.91628,0.9197,0.91541,0.92018,0.91315,0.91458
0.92296,0.91831,0.91912,0.91724,0.92073,0.91641,0.92231,0.91518,0.91553
0.925,0.91932,0.92123,0.91918,0.92279,0.91736,0.92328,0.9162,0.91758
0.92598,0.92134,0.9222,0.92021,0.92375,0.91937,0.92521,0.91815,0.91855
0.92802,0.92231,0.92418,0.9222,0.92574,0.92037,0.92619,0.91918,0.92056
0.92901,0.92427,0.92517,0.92322,0.92677,0.92236,0.92826,0.92014,0.92166
0.93098,0.92525,0.9272,0.92527,0.92882,0.92347,0.92923,0.92218,0.92354
0.93199,0.92627,0.92815,0.92628,0.92969,0.92537,0.93024,0.92316,0.92455
0.93399,0.92834,0.9302,0.92818,0.93178,0.92633,0.93224,0.92517,0.92663
0.93499,0.92933,0.93122,0.9292,0.93276,0.92843,0.93323,0.92617,0.92756
0.936,0.93131,0.9323,0.93018,0.93377,0.92939,0.93521,0.92819,0.92855
0.93797,0.93233,0.93415,0.9322,0.93574,0.93037,0.93621,0.92917,0.93053
0.93897,0.93432,0.93512,0.93318,0.93678,0.93237,0.93829,0.93014,0.93152
0.94098,0.93532,0.93722,0.93528,0.93877,0.9334,0.93918,0.93219,0.93351
0.94199,0.93734,0.93819,0.93628,0.93971,0.93543,0.9412,0.93313,0.9345
0.94399,0.93832,0.94022,0.93822,0.94182,0.9364,0.94232,0.93513,0.93652
0.94495,0.93929,0.94119,0.93918,0.94276,0.93838,0.9432,0.93613,0.93764
0.94701,0.94134,0.94317,0.94119,0.94475,0.93937,0.94523,0.93823,0.93857
0.94807,0.94227,0.94416,0.94218,0.9457,0.94045,0.94621,0.93923,0.94056
0.95,0.94426,0.94644,0.94329,0.94684,0.94241,0.94821,0.94121,0.94155
0.95098,0.94525,0.94726,0.94528,0.94894,0.94341,0.9492,0.94219,0.94353
0.95202,0.94726,0.9482,0.94626,0.94974,0.94538,0.95126,0.94317,0.94451
0.95399,0.94824,0.95028,0.94824,0.95177,0.94637,0.95222,0.94518,0.94659
0.955,0.95025,0.9512,0.94919,0.95278,0.94838,0.95423,0.94618,0.94756
0.95698,0.95123,0.95323,0.95122,0.95477,0.9494,0.95524,0.94817,0.94965
0.95795,0.95225,0.95415,0.95221,0.95575,0.95054,0.9562,0.94918,0.95056
0.95999,0.95431,0.95621,0.95422,0.95777,0.95237,0.95821,0.95119,0.95159
0.96101,0.95528,0.95719,0.95528,0.95875,0.95336,0.95949,0.95215,0.95359
0.96293,0.95727,0.95921,0.95629,0.96078,0.9554,0.96145,0.95321,0.9546
0.964,0.95836,0.96021,0.95827,0.96176,0.95641,0.96228,0.95516,0.95659
0.96497,0.96032,0.96121,0.95923,0.96277,0.9584,0.96426,0.95612,0.95755
0.96702,0.96129,0.96323,0.96126,0.96476,0.95942,0.96521,0.95814,0.95954
0.96799,0.96227,0.96418,0.96223,0.96575,0.96136,0.96721,0.95926,0.96053
0.96994,0.96427,0.96621,0.96427,0.96791,0.96241,0.96822,0.96117,0.96253
0.97093,0.96525,0.96714,0.96525,0.96875,0.96336,0.96927,0.9622,0.96352
0.97293,0.96732,0.96912,0.96627,0.9707,0.96539,0.97121,0.96419,0.9646
0.97397,0.96828,0.97017,0.96821,0.97173,0.96638,0.97218,0.96512,0.96654
0.976,0.97033,0.97222,0.96919,0.97369,0.96838,0.97425,0.96614,0.96752
0.977,0.97133,0.97322,0.97118,0.97472,0.96932,0.97521,0.96819,0.96958
0.97797,0.9733,0.97524,0.9722,0.9757,0.97134,0.97727,0.96921,0.97054
0.97998,0.97432,0.97621,0.97419,0.97784,0.97275,0.97824,0.9712,0.97256
0.98097,0.97528,0.9772,0.97522,0.97873,0.97345,0.98022,0.97216,0.97353
0.98299,0.97732,0.97913,0.9772,0.98069,0.97545,0.98119,0.97415,0.97452
0.98399,0.97829,0.98022,0.97819,0.98182,0.97641,0.98321,0.97518,0.97661
0.98603,0.98031,0.98226,0.97921,0.98379,0.97843,0.9843,0.97619,0.97757
0.98695,0.98133,0.98321,0.9813,0.98476,0.97939,0.98525,0.97812,0.97957
0.98901,0.98335,0.98519,0.98226,0.98675,0.98137,0.98722,0.97912,0.98056
0.98999,0.98433,0.98639,0.98426,0.98776,0.98237,0.98824,0.98123,0.98272
0.99197,0.98529,0.98817,0.98527,0.98881,0.9844,0.99018,0.98217,0.98357
0.99297,0.98734,0.98911,0.98728,0.99071,0.98536,0.99117,0.98419,0.98558
0.994,0.98833,0.99015,0.9883,0.99171,0.98636,0.99323,0.98512,0.98651
0.99604,0.99029,0.99223,0.99026,0.99372,0.98838,0.99422,0.98615,0.98752
0.99697,0.99129,0.9932,0.99132,0.99471,0.98934,0.99619,0.98814,0.98952
0.99903,0.9933,0.99518,0.99225,0.99687,0.99133,0.99718,0.98912,0.9905
0.99998,0.9943,0.99622,0.99425,0.99781,0.99239,0.99816,0.99115,0.99253
1.0019,0.9963,0.9983,0.99528,0.99976,0.99441,1.0002,0.99223,0.99352
1.0029,0.99729,0.99913,0.99731,1.0007,0.99539,1.0012,0.99419,0.99552
1.005,0.99828,1.0012,0.99828,1.0018,0.99741,1.0033,0.99519,0.99664
1.006,1.0003,1.0021,1.0003,1.0038,0.99835,1.0043,0.9962,0.9985
1.0069,1.0013,1.0031,1.0012,1.0048,0.99934,1.0063,0.99819,0.99952
1.0089,1.0033,1.0051,1.0022,1.0067,1.0014,1.0072,0.99926,1.0005
1.01,1.0043,1.0061,1.0042,1.0077,1.0024,1.0093,1.0012,1.0027
1.012,1.0063,1.0081,1.0053,1.0098,1.0044,1.0102,1.0022,1.0036
1.0129,1.0073,1.0091,1.0072,1.0108,1.0054,1.0112,1.0042,1.0056
1.0151,1.0093,1.0111,1.0082,1.0128,1.0074,1.0132,1.0051,1.0066
1.016,1.0103,1.0121,1.0102,1.0138,1.0084,1.0142,1.0072,1.0086
1.018,1.0113,1.0142,1.0112,1.0148,1.0094,1.0163,1.0082,1.0096
1.019,1.0133,1.0152,1.0132,1.0168,1.0113,1.0172,1.0092,1.0106
1.021,1.0143,1.0172,1.0143,1.0177,1.0123,1.0192,1.0112,1.0126
1.022,1.0163,1.0182,1.0153,1.0198,1.0145,1.0202,1.0122,1.0136
1.023,1.0173,1.0192,1.0173,1.0207,1.0154,1.0223,1.0142,1.0155
1.025,1.0194,1.0212,1.0182,1.0228,1.0174,1.0232,1.0151,1.0165
1.0259,1.0203,1.0223,1.0203,1.0238,1.0184,1.0252,1.0171,1.0185
1.028,1.0213,1.0241,1.0212,1.0258,1.0204,1.0262,1.0181,1.0195
1.029,1.0233,1.0252,1.0232,1.0267,1.0213,1.0272,1.0201,1.0215
1.031,1.0243,1.0272,1.0242,1.0278,1.0223,1.0292,1.0212,1.0225
1.032,1.0263,1.0281,1.0271,1.0298,1.0244,1.0302,1.0222,1.0235
1.034,1.0273,1.0302,1.0286,1.0307,1.0254,1.0322,1.0242,1.0255
1.035,1.0293,1.0311,1.0303,1.0328,1.0274,1.0332,1.0251,1.0265
1.036,1.0303,1.0321,1.0312,1.0338,1.0284,1.0353,1.0272,1.0285
1.0379,1.0323,1.0342,1.0332,1.0358,1.0303,1.0362,1.0282,1.0295
1.0389,1.0333,1.0352,1.0342,1.0367,1.0313,1.0382,1.0301,1.0317
1.0409,1.0343,1.0372,1.0363,1.0388,1.0324,1.0392,1.0312,1.0326
1.0423,1.0363,1.0382,1.0373,1.0397,1.0345,1.0402,1.0322,1.0346
1.0441,1.0373,1.0402,1.0392,1.0408,1.0354,1.0423,1.0341,1.0356
1.045,1.0393,1.0412,1.0403,1.0429,1.0374,1.0432,1.0351,1.0366
1.047,1.0403,1.0433,1.0413,1.0438,1.0383,1.0453,1.0371,1.0386
1.0479,1.0423,1.0443,1.0433,1.0458,1.0403,1.0462,1.0381,1.0396
1.05,1.0433,1.0452,1.0443,1.0468,1.0413,1.0482,1.0401,1.0416
1.051,1.0443,1.0472,1.0462,1.0488,1.0434,1.0492,1.0411,1.0425
1.052,1.0463,1.0481,1.0473,1.0497,1.0444,1.0513,1.0432,1.0446
1.054,1.0473,1.0501,1.0492,1.0518,1.0454,1.0522,1.0442,1.0455
1.055,1.0494,1.0511,1.0502,1.0528,1.0474,1.0533,1.0452,1.0475
1.057,1.0503,1.0531,1.0522,1.0547,1.0484,1.0554,1.0472,1.0485
1.058,1.0523,1.0542,1.0532,1.0557,1.0504,1.0563,1.0482,1.0495
1.0599,1.0533,1.0562,1.0542,1.0567,1.0515,1.0583,1.0502,1.0515
1.0609,1.0553,1.0572,1.0563,1.0587,1.0534,1.0592,1.0512,1.0525
1.0629,1.0563,1.0592,1.0573,1.0597,1.0545,1.0613,1.0532,1.0545
1.064,1.0573,1.0603,1.0592,1.0618,1.0564,1.0622,1.0542,1.0555
1.065,1.0593,1.0612,1.0603,1.0628,1.0574,1.0642,1.0552,1.0575
1.067,1.0603,1.0632,1.0623,1.0648,1.0584,1.0652,1.0572,1.0586
1.0679,1.0623,1.0641,1.0633,1.0657,1.0603,1.0662,1.0582,1.0596
1.0699,1.0632,1.0661,1.0642,1.0678,1.0614,1.0682,1.0602,1.0617
1.0709,1.0653,1.0672,1.0662,1.0687,1.0634,1.0692,1.0612,1.0625
1.0729,1.0664,1.0691,1.0673,1.0697,1.0644,1.0712,1.0632,1.0645
1.074,1.0683,1.0701,1.0692,1.0718,1.0667,1.0722,1.0642,1.0656
1.076,1.0693,1.0721,1.0702,1.0728,1.0674,1.0742,1.0661,1.0676
1.077,1.0703,1.0731,1.0723,1.0747,1.0683,1.0752,1.0671,1.0686
1.078,1.0723,1.0741,1.0732,1.0757,1.0703,1.0772,1.0681,1.0706
1.08,1.0733,1.0762,1.0753,1.0778,1.0713,1.0782,1.0701,1.0716
1.081,1.0753,1.0773,1.0763,1.0787,1.0733,1.0802,1.0711,1.0726
1.083,1.0763,1.0792,1.0773,1.0808,1.0743,1.0813,1.0731,1.0746
1.084,1.0783,1.0802,1.0793,1.0818,1.0764,1.0822,1.0741,1.0756
1.086,1.0793,1.0822,1.0803,1.0828,1.0774,1.0842,1.0762,1.0776
1.0869,1.0803,1.0832,1.0823,1.0847,1.0794,1.0853,1.0772,1.0786
1.0893,1.0823,1.0852,1.0833,1.0857,1.0804,1.0872,1.0782,1.0806
1.09,1.0833,1.0862,1.0853,1.0878,1.0813,1.0883,1.0802,1.0815
1.092,1.0853,1.0872,1.0863,1.0887,1.0834,1.0903,1.0812,1.0835
1.093,1.0863,1.0891,1.0872,1.0909,1.0845,1.0912,1.0832,1.0845
1.094,1.0883,1.0903,1.0893,1.0918,1.0864,1.0932,1.0842,1.0855
1.096,1.0894,1.0922,1.0902,1.0938,1.0874,1.0942,1.0862,1.0875
1.097,1.0913,1.0931,1.0923,1.0948,1.0893,1.0952,1.0872,1.0885
1.099,1.0923,1.0951,1.0933,1.0958,1.0904,1.0972,1.0892,1.0908
1.1,1.0933,1.0961,1.0953,1.0977,1.0914,1.0983,1.0901,1.0916
1.102,1.0954,1.0981,1.0962,1.0988,1.0934,1.1002,1.0911,1.0936
1.1029,1.0963,1.0991,1.0982,1.1007,1.0945,1.1012,1.0932,1.0946
1.1049,1.0984,1.1001,1.0992,1.1018,1.0964,1.1033,1.0942,1.0961
1.1059,1.0993,1.1021,1.1002,1.1037,1.0974,1.1042,1.0962,1.0976
1.1069,1.1013,1.1031,1.1022,1.1048,1.0994,1.1062,1.0972,1.0985
1.1091,1.1023,1.1052,1.1032,1.1068,1.1004,1.1072,1.0992,1.1005
1.11,1.1043,1.1064,1.1053,1.1078,1.1024,1.1082,1.1001,1.1015
1.112,1.1053,1.1082,1.1063,1.1098,1.1034,1.1102,1.1022,1.1036
1.113,1.1063,1.1092,1.1083,1.1108,1.1044,1.1112,1.1032,1.1046
1.115,1.1083,1.1112,1.1092,1.1118,1.1064,1.1133,1.1042,1.1066
1.116,1.1093,1.1122,1.1113,1.1137,1.1074,1.1143,1.1062,1.1076
1.118,1.1113,1.1142,1.1123,1.1147,1.1094,1.1162,1.1071,1.1086
1.1191,1.1124,1.1151,1.1132,1.1168,1.1104,1.1172,1.1091,1.1106
1.121,1.1143,1.1162,1.1152,1.1178,1.1124,1.1192,1.1102,1.1116
1.122,1.1153,1.1182,1.1162,1.1198,1.1134,1.1202,1.1122,1.1136
1.1229,1.1173,1.1192,1.1182,1.1208,1.1144,1.1212,1.1131,1.1146
1.125,1.1183,1.1212,1.1192,1.1218,1.1164,1.1235,1.1142,1.1166
1.126,1.1193,1.1222,1.1212,1.1238,1.1174,1.125,1.1161,1.1176
1.128,1.1213,1.1242,1.1222,1.1247,1.1194,1.1267,1.1172,1.1186
1.1289,1.1224,1.1251,1.1232,1.1268,1.1204,1.1305,1.1192,1.1208
1.1309,1.1243,1.1271,1.1254,1.1277,1.1224,1.1323,1.1201,1.1216
1.1319,1.1253,1.1281,1.1263,1.1297,1.1234,1.1332,1.1222,1.1237
1.1339,1.1273,1.1291,1.1284,1.1307,1.1254,1.1342,1.1232,1.1245
1.1349,1.1283,1.1311,1.1292,1.1329,1.1264,1.1362,1.1251,1.1266
1.1361,1.1303,1.1321,1.1312,1.1338,1.1274,1.1372,1.1262,1.1276
1.138,1.1313,1.1342,1.1322,1.1358,1.1294,1.1392,1.1271,1.1296
1.139,1.1323,1.1352,1.1342,1.1369,1.1304,1.1402,1.1291,1.1306
1.141,1.1343,1.1372,1.1353,1.1378,1.1323,1.1423,1.1301,1.1316
1.142,1.1353,1.1383,1.1363,1.1398,1.1334,1.1432,1.1322,1.1336
1.144,1.1373,1.1403,1.1382,1.1408,1.1354,1.1452,1.1331,1.1346
1.145,1.1383,1.1412,1.1392,1.1428,1.1364,1.1462,1.1352,1.1366
1.147,1.1403,1.1421,1.1412,1.1438,1.1374,1.1473,1.1362,1.1377
1.148,1.1414,1.1442,1.1423,1.1458,1.1394,1.1492,1.1381,1.1396
1.149,1.1423,1.1452,1.1442,1.1468,1.1403,1.1503,1.1391,1.1406
1.1509,1.1442,1.1471,1.1453,1.1488,1.1424,1.1523,1.1401,1.1417
1.1519,1.1453,1.1481,1.1472,1.1497,1.1434,1.1533,1.1422,1.1435
1.154,1.1473,1.1502,1.1483,1.1507,1.1454,1.1552,1.1432,1.1445
1.155,1.1483,1.1512,1.1492,1.1527,1.1464,1.1563,1.1451,1.1466
1.157,1.1503,1.1531,1.1512,1.1537,1.1484,1.1582,1.1462,1.1476
1.158,1.1513,1.1541,1.1522,1.1557,1.1494,1.1592,1.1482,1.1496
1.16,1.1533,1.1561,1.1543,1.1567,1.1504,1.1603,1.1492,1.1505
1.1609,1.1542,1.1571,1.1553,1.1589,1.1524,1.1622,1.1502,1.1526
1.1629,1.1553,1.1583,1.1572,1.1597,1.1534,1.1632,1.1522,1.1536
1.164,1.1574,1.1602,1.1583,1.1617,1.1554,1.1652,1.1532,1.1545
1.165,1.1583,1.1612,1.1592,1.1628,1.1563,1.1662,1.1552,1.1566
1.167,1.1603,1.1632,1.1612,1.1638,1.1583,1.1683,1.1562,1.1576
1.1679,1.1613,1.1641,1.1622,1.1658,1.1594,1.1692,1.1582,1.1596
1.17,1.1633,1.1663,1.1643,1.1668,1.1615,1.1712,1.1591,1.1605
1.171,1.1643,1.1672,1.1652,1.1688,1.1624,1.1722,1.1612,1.1625
1.1729,1.1663,1.1691,1.1672,1.1697,1.1635,1.1733,1.1622,1.1635
1.174,1.1673,1.1702,1.1683,1.1717,1.1654,1.1752,1.1632,1.1645
1.176,1.1683,1.1712,1.1702,1.1727,1.1664,1.1762,1.1651,1.1665
1.177,1.1703,1.1732,1.1712,1.1747,1.1684,1.1782,1.1661,1.1675
1.178,1.1713,1.1742,1.1722,1.1757,1.1694,1.1792,1.1681,1.1696
1.18,1.1733,1.1761,1.1742,1.1769,1.1714,1.1813,1.1691,1.1706
1.181,1.1743,1.1771,1.1753,1.1788,1.1724,1.1823,1.1712,1.1726
1.183,1.1763,1.1791,1.1773,1.1797,1.1734,1.1843,1.1722,1.1736
1.184,1.1773,1.1801,1.1782,1.1818,1.1755,1.1853,1.1742,1.1756
1.186,1.1793,1.1821,1.1802,1.1828,1.1764,1.1872,1.1752,1.1766
1.187,1.1803,1.1831,1.1813,1.1848,1.1784,1.1883,1.1762,1.1776
1.189,1.1813,1.1842,1.1832,1.1858,1.1794,1.1893,1.1782,1.1796
1.19,1.1833,1.1863,1.1842,1.1878,1.1815,1.1912,1.1792,1.1806
1.192,1.1843,1.1871,1.1853,1.1888,1.1824,1.1923,1.1811,1.1826
1.1929,1.1864,1.1892,1.1873,1.1908,1.1844,1.1942,1.1822,1.1835
1.194,1.1873,1.1902,1.1883,1.1918,1.1854,1.1952,1.1842,1.1857
1.196,1.1894,1.1922,1.1902,1.1928,1.1864,1.1972,1.1852,1.1866
1.197,1.1903,1.1932,1.1912,1.1948,1.1884,1.1982,1.1872,1.1886
1.199,1.1923,1.1952,1.1933,1.1957,1.1894,1.2002,1.1882,1.1896
1.2,1.1932,1.1962,1.1942,1.1978,1.1914,1.2012,1.1892,1.1906
1.202,1.1943,1.1973,1.1963,1.1988,1.1924,1.2023,1.1912,1.1926
1.2029,1.1963,1.1992,1.1973,1.2008,1.1945,1.2043,1.1922,1.1937
1.205,1.1972,1.2003,1.1983,1.2017,1.1954,1.2053,1.1942,1.1956
1.206,1.1993,1.2021,1.2003,1.2037,1.1963,1.2072,1.1952,1.1966
1.207,1.2004,1.2031,1.2012,1.2047,1.1983,1.2083,1.1972,1.1986
1.209,1.2023,1.2051,1.2032,1.2057,1.1993,1.2102,1.1982,1.1996
1.2099,1.2033,1.2061,1.2042,1.2078,1.2014,1.2112,1.2002,1.2005
1.2119,1.2043,1.2082,1.2063,1.2088,1.2024,1.2132,1.2012,1.2027
1.2129,1.2062,1.2091,1.2072,1.2108,1.2044,1.2142,1.2022,1.2035
1.2149,1.2073,1.2112,1.2083,1.2117,1.2054,1.2152,1.2042,1.2056
1.2159,1.2094,1.2121,1.2102,1.2137,1.2075,1.2172,1.2051,1.2066
1.218,1.2103,1.2131,1.2113,1.2147,1.2085,1.2183,1.2072,1.2086
1.219,1.2125,1.2152,1.2133,1.2157,1.2093,1.2203,1.2082,1.2096
1.2199,1.2133,1.2162,1.2142,1.2178,1.2113,1.2212,1.2102,1.212
1.2219,1.2152,1.2182,1.2163,1.2188,1.2123,1.2234,1.2112,1.2127
1.2229,1.2163,1.2192,1.2173,1.2207,1.2143,1.2243,1.2122,1.2136
1.225,1.2172,1.2212,1.2193,1.2218,1.2155,1.2262,1.2142,1.2155
1.226,1.2193,1.2222,1.2202,1.2238,1.2174,1.2272,1.2151,1.2166
1.228,1.2203,1.2243,1.2212,1.2248,1.2184,1.2282,1.2171,1.2186
1.229,1.2222,1.2252,1.2232,1.2268,1.2203,1.2302,1.2181,1.2196
1.231,1.2234,1.2263,1.2242,1.2277,1.2213,1.2312,1.2201,1.2216
1.232,1.2253,1.2282,1.2265,1.2298,1.2223,1.2333,1.2211,1.2225
1.234,1.2263,1.2291,1.2273,1.2308,1.2243,1.2342,1.2232,1.2245
1.235,1.2283,1.2312,1.2293,1.2318,1.2254,1.2362,1.2242,1.2255
1.236,1.2293,1.2323,1.2302,1.2337,1.2274,1.2372,1.2252,1.2265
1.2379,1.2303,1.2342,1.2323,1.2348,1.2284,1.2392,1.2272,1.2285
1.2389,1.2324,1.2352,1.2333,1.2368,1.2304,1.2402,1.2282,1.2297
1.241,1.2333,1.2372,1.2342,1.2378,1.2314,1.2412,1.2302,1.2316
1.242,1.2353,1.2381,1.2362,1.2398,1.2334,1.2434,1.2312,1.2327
1.244,1.2362,1.2391,1.2373,1.2408,1.2346,1.2443,1.2332,1.2346
1.245,1.2384,1.2412,1.2392,1.2428,1.2354,1.2462,1.2342,1.2359
1.247,1.2393,1.2421,1.2402,1.2438,1.2374,1.2472,1.2352,1.2377
1.248,1.2414,1.2441,1.2422,1.2447,1.2384,1.2492,1.2374,1.2386
1.25,1.2422,1.2452,1.2432,1.2468,1.2403,1.2502,1.2381,1.2396
1.251,1.2433,1.2472,1.2453,1.2477,1.2413,1.2523,1.2401,1.2416
1.2519,1.2452,1.2481,1.2463,1.2497,1.2434,1.2532,1.2412,1.2425
1.254,1.2463,1.2501,1.2473,1.2507,1.2444,1.2543,1.2432,1.2445
1.255,1.2483,1.2512,1.2493,1.2528,1.2464,1.2563,1.2442,1.2455
1.257,1.2494,1.2532,1.2502,1.2538,1.2474,1.2572,1.2462,1.2475
1.2579,1.2513,1.2541,1.2522,1.2558,1.2484,1.2594,1.2472,1.2485
1.26,1.2523,1.2552,1.2532,1.2568,1.2503,1.2603,1.2482,1.2505
1.261,1.2533,1.2572,1.2553,1.2578,1.2514,1.2623,1.2502,1.2515
1.263,1.2553,1.2582,1.2563,1.2597,1.2534,1.2632,1.2512,1.2526
1.264,1.2563,1.2602,1.2573,1.2607,1.2546,1.2652,1.2532,1.2546
1.265,1.2583,1.2612,1.2593,1.2627,1.2564,1.2662,1.2542,1.2555
1.267,1.2593,1.2632,1.2602,1.2637,1.2574,1.2673,1.2562,1.2575
1.2679,1.2613,1.2643,1.2622,1.2658,1.2594,1.2692,1.2572,1.2585
1.2699,1.2623,1.2662,1.2632,1.2668,1.2604,1.2702,1.2582,1.2605
1.2709,1.2643,1.2671,1.2653,1.2688,1.2614,1.2722,1.2602,1.2615
1.2729,1.2653,1.2681,1.2663,1.2697,1.2635,1.2732,1.2612,1.2636
1.274,1.2663,1.2702,1.2683,1.2717,1.2643,1.2752,1.2632,1.2646
1.276,1.2684,1.2711,1.2692,1.2727,1.2664,1.2762,1.2642,1.2655
1.2772,1.2693,1.2733,1.2702,1.2737,1.2674,1.2782,1.2662,1.2675
1.279,1.2713,1.2741,1.2722,1.2757,1.2694,1.2792,1.2672,1.2685
1.28,1.2723,1.2762,1.2732,1.2767,1.2703,1.2802,1.2682,1.2705
1.281,1.2743,1.2772,1.2753,1.2788,1.2724,1.2823,1.2702,1.2716
1.283,1.2753,1.2793,1.2763,1.2797,1.2734,1.2832,1.2712,1.2736
1.284,1.2763,1.2802,1.2782,1.2818,1.2744,1.2853,1.2732,1.2746
1.286,1.2783,1.2811,1.2792,1.2828,1.2764,1.2862,1.2742,1.2766
1.2869,1.2793,1.2832,1.2812,1.2848,1.2774,1.2882,1.2762,1.2776
1.289,1.2813,1.2841,1.2823,1.2858,1.2793,1.2893,1.2772,1.2786
1.29,1.2823,1.2863,1.2832,1.2868,1.2803,1.2913,1.2792,1.2806
1.292,1.2844,1.2872,1.2853,1.2889,1.2823,1.2922,1.2801,1.2816
1.2929,1.2853,1.2892,1.2863,1.2897,1.2833,1.2932,1.2812,1.2836
1.294,1.2873,1.2902,1.2883,1.2918,1.2854,1.2952,1.2832,1.2846
1.296,1.2883,1.2922,1.2893,1.2928,1.2864,1.2962,1.2842,1.2865
1.297,1.2893,1.2932,1.2912,1.2948,1.2874,1.2982,1.2861,1.2875
1.299,1.2913,1.2942,1.2922,1.2958,1.2894,1.2993,1.2871,1.2885
1.3,1.2923,1.2962,1.2932,1.2978,1.2904,1.3013,1.2892,1.2906
1.3019,1.2943,1.2971,1.2953,1.2987,1.2924,1.3023,1.2901,1.2916
1.3029,1.2953,1.2992,1.2963,1.2997,1.2934,1.3042,1.2911,1.2936
1.305,1.2973,1.3002,1.2982,1.3018,1.2954,1.3052,1.2933,1.2946
1.3061,1.2983,1.3022,1.2993,1.3028,1.2964,1.3062,1.2942,1.2966
1.307,1.3003,1.3032,1.3013,1.3048,1.2983,1.3082,1.2962,1.2976
1.3091,1.3013,1.3051,1.3022,1.3057,1.2993,1.3092,1.2972,1.2996
1.3099,1.3023,1.3062,1.3042,1.3077,1.3003,1.3112,1.2992,1.3006
1.312,1.3042,1.3082,1.3052,1.3088,1.3023,1.3123,1.3002,1.3016
1.313,1.3053,1.3092,1.3063,1.3108,1.3033,1.3142,1.3012,1.3036
1.3152,1.3074,1.3103,1.3083,1.3118,1.3055,1.3152,1.3032,1.3045
1.316,1.3083,1.3122,1.3092,1.3128,1.3064,1.3172,1.3042,1.3066
1.318,1.3103,1.3132,1.3113,1.3148,1.3084,1.3182,1.3062,1.3076
1.319,1.3113,1.3152,1.3123,1.3158,1.3094,1.3202,1.3072,1.3096
1.3211,1.3133,1.3162,1.3142,1.3178,1.3114,1.3212,1.3092,1.3105
1.322,1.3143,1.3182,1.3153,1.3188,1.3124,1.3224,1.3102,1.3116
1.3229,1.3153,1.3192,1.3172,1.3207,1.3134,1.3242,1.3122,1.3136
1.3251,1.3174,1.3212,1.3182,1.3217,1.3155,1.3252,1.3132,1.3146
1.326,1.3183,1.3222,1.3192,1.3237,1.3165,1.3272,1.3141,1.3166
1.328,1.3203,1.3232,1.3213,1.3248,1.3184,1.3283,1.3161,1.3176
1.329,1.3213,1.3253,1.3222,1.3257,1.3194,1.3303,1.3171,1.3196
1.331,1.3232,1.3261,1.3242,1.3278,1.3214,1.3312,1.3191,1.3206
1.332,1.3244,1.3282,1.3252,1.3288,1.3224,1.3332,1.3201,1.3226
1.334,1.3253,1.3291,1.3273,1.3307,1.3244,1.3342,1.3222,1.3235
1.335,1.3273,1.3312,1.3283,1.3317,1.3254,1.3353,1.3232,1.3245
1.337,1.3283,1.3322,1.3303,1.3337,1.3264,1.3374,1.3241,1.3267
1.3379,1.3303,1.3342,1.3312,1.3348,1.3284,1.3383,1.3261,1.3276
1.339,1.3313,1.3352,1.3323,1.3367,1.3294,1.3403,1.3272,1.3296
1.341,1.3333,1.3362,1.3342,1.3378,1.3314,1.3413,1.3292,1.3306
1.342,1.3343,1.3382,1.3353,1.3388,1.3323,1.3432,1.3302,1.3326
1.344,1.3363,1.3392,1.3373,1.3408,1.3345,1.3442,1.3323,1.3335
1.345,1.3373,1.3412,1.3383,1.3418,1.3354,1.3452,1.3332,1.3345
1.347,1.3383,1.3421,1.3403,1.3438,1.3374,1.3472,1.3342,1.3366
1.348,1.3403,1.3441,1.3412,1.3448,1.3384,1.3483,1.3362,1.3376
1.35,1.3414,1.3452,1.3422,1.3468,1.3404,1.3503,1.3371,1.3396
1.351,1.3433,1.3472,1.3442,1.3477,1.3414,1.3512,1.3391,1.3406
1.352,1.3442,1.3481,1.3453,1.3497,1.3424,1.3532,1.3401,1.3426
1.354,1.3462,1.3502,1.3473,1.3507,1.3444,1.3543,1.3422,1.3436
1.355,1.3472,1.3512,1.3483,1.3527,1.3454,1.3562,1.3431,1.3455
1.357,1.3493,1.3522,1.3502,1.3537,1.3474,1.3572,1.3452,1.3466
1.358,1.3504,1.3542,1.3512,1.3547,1.3485,1.3592,1.3462,1.3476
1.36,1.3513,1.3552,1.3532,1.3567,1.3505,1.3602,1.3472,1.3496
1.3609,1.3533,1.3572,1.3542,1.3577,1.3514,1.3614,1.3492,1.3506
1.3629,1.3543,1.3582,1.3552,1.3597,1.3524,1.3633,1.3501,1.3526
1.3641,1.3563,1.3602,1.3573,1.3607,1.3545,1.3642,1.3522,1.3536
1.365,1.3574,1.3612,1.3582,1.3627,1.3554,1.3662,1.3532,1.3555
1.367,1.3593,1.3633,1.3603,1.3637,1.3574,1.3673,1.3552,1.3565
1.368,1.3603,1.3642,1.3612,1.3658,1.3584,1.3692,1.3562,1.3585
1.37,1.3613,1.3651,1.3633,1.3668,1.3604,1.3702,1.3572,1.3595
1.3711,1.3633,1.3671,1.3642,1.3678,1.3614,1.3722,1.3592,1.3605
1.373,1.3643,1.3681,1.3662,1.3698,1.3634,1.3733,1.3601,1.3626
1.374,1.3663,1.3702,1.3673,1.3707,1.3644,1.3742,1.3622,1.3636
1.376,1.3673,1.3712,1.3683,1.3728,1.3654,1.3762,1.3632,1.3656
1.377,1.3693,1.3732,1.3703,1.3737,1.3674,1.3772,1.3651,1.3666
1.379,1.3703,1.3742,1.3713,1.3757,1.3684,1.3792,1.3661,1.3686
1.38,1.3723,1.3762,1.3733,1.3769,1.3704,1.3802,1.3671,1.3696
1.381,1.3733,1.3772,1.3743,1.3788,1.3714,1.3824,1.3691,1.3716
1.383,1.3743,1.3782,1.3763,1.3798,1.3734,1.3832,1.3701,1.3727
1.384,1.3763,1.3802,1.3773,1.3807,1.3746,1.3853,1.3722,1.3736
1.386,1.3772,1.3812,1.3783,1.3828,1.3764,1.3862,1.3732,1.3756
1.3869,1.3793,1.3832,1.3803,1.3837,1.3774,1.3873,1.3752,1.3765
1.3889,1.3803,1.3842,1.3813,1.3858,1.3784,1.3892,1.3762,1.3785
1.3899,1.3824,1.3863,1.3833,1.3867,1.3804,1.3902,1.3782,1.3795
1.3919,1.3833,1.3871,1.3842,1.3888,1.3813,1.3922,1.3792,1.3815
1.3929,1.3853,1.3892,1.3862,1.3898,1.3834,1.3932,1.3801,1.3825
1.3951,1.3863,1.3902,1.3873,1.3918,1.3844,1.3953,1.3821,1.3835
1.396,1.3873,1.3912,1.3893,1.3928,1.3864,1.3962,1.3832,1.3855
1.397,1.3893,1.3932,1.3902,1.3938,1.3874,1.3982,1.3852,1.3867
1.399,1.3903,1.3942,1.3912,1.3958,1.3894,1.3992,1.3861,1.3886
1.4,1.3923,1.3962,1.3933,1.3967,1.3903,1.4002,1.3882,1.3896
1.4019,1.3933,1.3971,1.3942,1.3988,1.3914,1.4023,1.3892,1.3915
1.4029,1.3953,1.3991,1.3963,1.3998,1.3934,1.4032,1.3902,1.3926
1.405,1.3963,1.4001,1.3973,1.4019,1.3943,1.4052,1.3922,1.3935
1.4061,1.3983,1.4023,1.3993,1.4028,1.3965,1.4062,1.3932,1.3955
1.408,1.3994,1.4032,1.4003,1.4048,1.3975,1.4082,1.3953,1.3966
1.4091,1.4003,1.4041,1.4022,1.4057,1.3994,1.4092,1.3962,1.3986
1.41,1.4023,1.4063,1.4032,1.4068,1.4004,1.4112,1.3982,1.3996
1.412,1.4033,1.4072,1.4042,1.4088,1.4024,1.4122,1.3992,1.4016
1.413,1.4052,1.4092,1.4063,1.4098,1.4034,1.4142,1.4002,1.4026
1.4151,1.4062,1.4102,1.4072,1.4118,1.4044,1.4152,1.4022,1.4046
1.416,1.4083,1.4122,1.4093,1.4128,1.4064,1.4161,1.4032,1.4055
1.4181,1.4093,1.4132,1.4102,1.4147,1.4075,1.4183,1.4052,1.4075
1.419,1.4103,1.4151,1.4122,1.4157,1.4094,1.4192,1.4062,1.4085
1.421,1.4123,1.4161,1.4133,1.4178,1.4103,1.4212,1.4082,1.4095
1.422,1.4133,1.4182,1.4152,1.4189,1.4123,1.4223,1.4092,1.4116
1.424,1.4153,1.4193,1.4162,1.4207,1.4133,1.4243,1.4111,1.4126
1.425,1.4163,1.4202,1.4173,1.4217,1.4155,1.4252,1.4122,1.4146
1.426,1.4183,1.4222,1.4193,1.4227,1.4164,1.4272,1.4132,1.4156
1.428,1.4193,1.4232,1.4202,1.4247,1.4174,1.4282,1.4152,1.4175
1.4289,1.4214,1.4252,1.4222,1.4257,1.4193,1.4292,1.4162,1.4185
1.431,1.4224,1.4263,1.4232,1.4278,1.4203,1.4312,1.4182,1.4197
1.432,1.4233,1.4282,1.4252,1.4288,1.4223,1.4323,1.4192,1.4216
1.434,1.4253,1.4291,1.4262,1.4307,1.4233,1.4342,1.4212,1.4226
1.4367,1.4263,1.4312,1.4272,1.4318,1.4253,1.4352,1.4222,1.4246
1.438,1.4283,1.4323,1.4292,1.4338,1.4263,1.4372,1.4232,1.4255
1.439,1.4293,1.4331,1.4302,1.4348,1.4273,1.4382,1.4252,1.4277
1.441,1.4313,1.4353,1.4322,1.4358,1.4294,1.4402,1.4262,1.4286
1.442,1.4323,1.4362,1.4332,1.4378,1.4304,1.4412,1.4282,1.4306
1.444,1.4343,1.4383,1.4353,1.4388,1.4324,1.4422,1.4291,1.4316
1.445,1.4353,1.4393,1.4363,1.4408,1.4334,1.4442,1.4311,1.4326
1.447,1.4363,1.4413,1.4383,1.4418,1.4355,1.4452,1.4321,1.4346
1.4481,1.4383,1.4422,1.4393,1.4438,1.4364,1.4473,1.4341,1.4356
1.45,1.4393,1.4443,1.4402,1.4448,1.4384,1.4482,1.4351,1.4376
1.451,1.4413,1.4451,1.4423,1.4468,1.4393,1.4502,1.4362,1.4386
1.453,1.4423,1.4461,1.4433,1.4478,1.4403,1.4513,1.4382,1.4406
1.454,1.4444,1.4482,1.4453,1.4487,1.4423,1.4533,1.4391,1.4416
1.455,1.4453,1.4491,1.4462,1.4508,1.4434,1.4542,1.4411,1.4436
1.457,1.4463,1.4513,1.4483,1.4518,1.4454,1.4552,1.4422,1.4446
1.4588,1.4483,1.4523,1.4492,1.4537,1.4464,1.4572,1.4442,1.4456
1.4599,1.4494,1.4542,1.4512,1.4547,1.4484,1.4582,1.4451,1.4475
1.4609,1.4513,1.4552,1.4522,1.4568,1.4494,1.4603,1.4463,1.4485
1.463,1.4522,1.4572,1.4533,1.4578,1.4514,1.4612,1.4482,1.4506
1.464,1.4544,1.4582,1.4553,1.4597,1.4524,1.4633,1.4492,1.4516
1.466,1.4553,1.4592,1.4562,1.4612,1.4534,1.4642,1.4512,1.4536
1.4669,1.4573,1.4612,1.4582,1.4618,1.4554,1.4662,1.4522,1.4546
1.4679,1.4582,1.4623,1.4592,1.4638,1.4563,1.4672,1.4542,1.4566
1.47,1.4593,1.4642,1.4613,1.4648,1.4584,1.4692,1.4551,1.4576
1.471,1.4613,1.4652,1.4623,1.4668,1.4593,1.4703,1.4561,1.4586
1.473,1.4623,1.4672,1.4633,1.4679,1.4613,1.4712,1.4581,1.4606
1.474,1.4642,1.4681,1.4653,1.4698,1.4623,1.4732,1.4591,1.4616
1.476,1.4653,1.4703,1.4663,1.4707,1.4643,1.4742,1.4612,1.4636
1.477,1.4673,1.4712,1.4682,1.4727,1.4654,1.4762,1.4622,1.4646
1.4801,1.4683,1.4722,1.4692,1.4738,1.4664,1.4772,1.4642,1.4667
1.481,1.4704,1.4742,1.4712,1.4748,1.4685,1.4792,1.4651,1.4675
1.4844,1.4714,1.4753,1.4722,1.4768,1.4693,1.4802,1.4671,1.4685
1.4877,1.4723,1.4772,1.4742,1.4777,1.4713,1.4812,1.4681,1.4706
1.489,1.4743,1.4781,1.4753,1.4797,1.4723,1.4833,1.4691,1.4716
1.4899,1.4753,1.4801,1.4763,1.4809,1.4744,1.4842,1.4712,1.4736
1.4919,1.4773,1.4811,1.4783,1.4827,1.4754,1.4862,1.4722,1.4746
1.493,1.4783,1.4832,1.4792,1.4838,1.4774,1.4872,1.4741,1.4766
1.495,1.4803,1.4842,1.4813,1.4859,1.4784,1.4892,1.4751,1.4775
1.496,1.4813,1.4862,1.4822,1.4868,1.4794,1.4903,1.4772,1.4796
1.497,1.4833,1.4871,1.4842,1.4878,1.4814,1.4922,1.4782,1.4806
1.499,1.4842,1.4882,1.4853,1.4898,1.4824,1.4932,1.4791,1.4816
1.5,1.4853,1.4902,1.4873,1.4907,1.4844,1.4952,1.4811,1.4836
1.502,1.4872,1.4912,1.4883,1.4928,1.4854,1.4962,1.4822,1.4846
1.503,1.4882,1.4932,1.4892,1.4937,1.4874,1.4972,1.4842,1.4866
1.505,1.4903,1.4942,1.4912,1.4958,1.4885,1.4992,1.4852,1.4876
1.506,1.4913,1.4962,1.4922,1.4968,1.4904,1.5002,1.4872,1.4896
1.5079,1.4932,1.4972,1.4942,1.4988,1.4913,1.5023,1.4881,1.4906
1.5089,1.4943,1.4992,1.4953,1.4998,1.4924,1.5032,1.4902,1.4926
1.5109,1.4963,1.5003,1.4973,1.5008,1.4944,1.5052,1.4912,1.4936
1.5122,1.4972,1.5011,1.4983,1.5028,1.4954,1.5063,1.4921,1.4946
1.513,1.4983,1.5032,1.5002,1.5038,1.4974,1.5072,1.4942,1.4966
1.5151,1.5003,1.5042,1.5013,1.5058,1.4984,1.5092,1.4952,1.4976
1.516,1.5013,1.5062,1.5022,1.5067,1.5004,1.5102,1.4972,1.4996
1.518,1.5033,1.5071,1.5042,1.5088,1.5014,1.5122,1.4982,1.5006
1.519,1.5043,1.5091,1.5052,1.5098,1.5034,1.5133,1.5003,1.5026
1.521,1.5064,1.5102,1.5073,1.5118,1.5044,1.5152,1.5012,1.5035
1.522,1.5073,1.5122,1.5083,1.5128,1.5054,1.5162,1.5022,1.5056
1.524,1.5094,1.5133,1.5103,1.5148,1.5073,1.5182,1.5042,1.5065
1.5249,1.5103,1.5143,1.5112,1.5158,1.5084,1.5192,1.5052,1.5075
1.5269,1.5113,1.5162,1.5132,1.5168,1.5104,1.5212,1.5072,1.5095
1.5279,1.5133,1.5172,1.5142,1.5188,1.5114,1.5223,1.5082,1.5105
1.5291,1.5143,1.5192,1.5153,1.5197,1.5134,1.5232,1.5102,1.5126
1.531,1.5162,1.5202,1.5173,1.5218,1.5145,1.5254,1.5112,1.5137
1.532,1.5173,1.5222,1.5183,1.5228,1.5164,1.5263,1.5122,1.5156
1.534,1.5194,1.5233,1.5202,1.5248,1.5173,1.5282,1.5142,1.5166
1.535,1.5204,1.5252,1.5212,1.5257,1.5183,1.5292,1.5152,1.5176
1.5371,1.5223,1.5263,1.5233,1.5277,1.5203,1.5313,1.5172,1.5196
1.538,1.5232,1.5273,1.5242,1.5288,1.5214,1.5323,1.5182,1.5205
1.54,1.5242,1.5292,1.5263,1.5297,1.5235,1.5342,1.5202,1.5226
1.541,1.5262,1.5302,1.5273,1.5317,1.5244,1.5352,1.5212,1.5236
1.542,1.5273,1.5322,1.5283,1.5327,1.5264,1.5362,1.5232,1.5255
1.544,1.5294,1.5331,1.5302,1.5348,1.5274,1.5382,1.5242,1.5265
1.5449,1.5303,1.5352,1.5312,1.5358,1.5294,1.5392,1.5252,1.5286
1.547,1.5323,1.5363,1.5332,1.5378,1.5304,1.5412,1.5271,1.5296
1.5479,1.5333,1.5382,1.5342,1.5388,1.5314,1.5422,1.5281,1.5305
1.5499,1.5353,1.5391,1.5363,1.5407,1.5334,1.5443,1.5301,1.5326
1.5509,1.5363,1.5403,1.5373,1.5417,1.5344,1.5453,1.5311,1.5336
1.5529,1.5373,1.5422,1.5383,1.5427,1.5365,1.5473,1.5332,1.5356
1.554,1.5393,1.5432,1.5403,1.5447,1.5373,1.5483,1.5342,1.5366
1.556,1.5403,1.5452,1.5413,1.5457,1.5394,1.5492,1.5352,1.5387
1.557,1.5423,1.5462,1.5433,1.5478,1.5403,1.5513,1.5372,1.5396
1.558,1.5433,1.5481,1.5443,1.5487,1.5424,1.5523,1.5382,1.5417
1.56,1.5453,1.5491,1.5463,1.5507,1.5434,1.5543,1.5402,1.5425
1.561,1.5462,1.5512,1.5473,1.5518,1.5444,1.5552,1.5412,1.5435
1.5629,1.5473,1.5522,1.5493,1.5537,1.5464,1.5572,1.5432,1.5455
1.564,1.5493,1.5541,1.5502,1.5547,1.5474,1.5582,1.5442,1.5466
1.566,1.5503,1.5552,1.5512,1.5568,1.5494,1.5602,1.5451,1.5486
1.567,1.5523,1.5562,1.5532,1.5579,1.5504,1.5612,1.5472,1.5496
1.569,1.5533,1.5582,1.5542,1.5587,1.5524,1.5624,1.5482,1.5516
1.5699,1.5553,1.5592,1.5563,1.5608,1.5534,1.5642,1.5502,1.5526
1.5719,1.5563,1.5612,1.5573,1.5618,1.5554,1.5652,1.5512,1.5536
1.5729,1.5583,1.5622,1.5593,1.5638,1.5564,1.5672,1.5532,1.5555
1.5739,1.5593,1.5642,1.5603,1.5647,1.5574,1.5682,1.5542,1.5565
1.576,1.5603,1.5651,1.5623,1.5667,1.5594,1.5703,1.5562,1.5586
1.577,1.5623,1.5671,1.5633,1.5677,1.5603,1.5712,1.5572,1.5596
1.579,1.5633,1.5681,1.5643,1.5697,1.5625,1.5732,1.5582,1.5616
1.5799,1.5653,1.5691,1.5663,1.5707,1.5633,1.5742,1.5602,1.5626
1.582,1.5663,1.5712,1.5672,1.5717,1.5654,1.5752,1.5612,1.5641
1.583,1.5684,1.5722,1.5693,1.5738,1.5664,1.5773,1.5632,1.5656
1.585,1.5693,1.5741,1.5702,1.5748,1.5674,1.5783,1.5642,1.5666
1.586,1.5713,1.5751,1.5722,1.5768,1.5694,1.5802,1.5662,1.5686
1.5869,1.5723,1.5771,1.5732,1.5778,1.5704,1.5812,1.5673,1.5696
1.589,1.5733,1.5782,1.5753,1.5798,1.5725,1.5832,1.5682,1.5717
1.59,1.5753,1.5801,1.5763,1.5807,1.5734,1.5842,1.5702,1.5727
1.592,1.5763,1.5811,1.5773,1.5828,1.5755,1.5862,1.5712,1.5746
1.593,1.5783,1.5822,1.5792,1.5838,1.5764,1.5872,1.5732,1.5756
1.595,1.5793,1.5842,1.5802,1.5848,1.5784,1.5882,1.5742,1.5766
1.5959,1.5813,1.5853,1.5822,1.5868,1.5793,1.5903,1.5762,1.5786
1.598,1.5823,1.5872,1.5832,1.5878,1.5813,1.5913,1.5771,1.5795
1.599,1.5834,1.5881,1.5853,1.5899,1.5823,1.5934,1.5791,1.5816
1.6,1.5853,1.5902,1.5863,1.5907,1.5833,1.5942,1.5802,1.5826
1.602,1.5862,1.5912,1.5873,1.5927,1.5855,1.5962,1.5812,1.5846
1.603,1.5882,1.5932,1.5893,1.5937,1.5864,1.5974,1.5832,1.5855
1.605,1.5894,1.5942,1.5902,1.5957,1.5884,1.5993,1.5842,1.5875
1.6062,1.5913,1.5962,1.5922,1.5968,1.5894,1.6002,1.5862,1.5886
1.608,1.5923,1.5972,1.5933,1.5978,1.5913,1.6013,1.5872,1.5895
1.6089,1.5943,1.5982,1.5952,1.5997,1.5923,1.6032,1.5892,1.5916
1.6109,1.5953,1.6002,1.5963,1.6007,1.5934,1.6043,1.5902,1.5926
1.6119,1.5963,1.6012,1.5983,1.6027,1.5954,1.6062,1.5911,1.5945
1.6139,1.5983,1.6031,1.5992,1.6037,1.5964,1.6072,1.5931,1.5955
1.615,1.5993,1.6041,1.6003,1.6057,1.5984,1.6093,1.5941,1.5975
1.616,1.6013,1.6061,1.6023,1.6068,1.5994,1.6102,1.5961,1.5986
1.618,1.6022,1.6073,1.6033,1.6089,1.6014,1.6123,1.5972,1.5996
1.619,1.6042,1.6092,1.6053,1.6098,1.6024,1.6135,1.5991,1.6016
1.621,1.6053,1.6102,1.6063,1.6108,1.6044,1.6142,1.6001,1.6026
1.622,1.6072,1.6112,1.6082,1.6128,1.6054,1.6162,1.6022,1.6046
1.624,1.6083,1.6132,1.6092,1.6138,1.6064,1.6172,1.6032,1.6057
1.625,1.6093,1.6141,1.6113,1.6158,1.6084,1.6198,1.6042,1.6076
1.627,1.6113,1.6162,1.6123,1.6168,1.6093,1.6204,1.6061,1.6085
1.6279,1.6122,1.6172,1.6132,1.6188,1.6114,1.6223,1.6071,1.6105
1.63,1.6143,1.6192,1.6153,1.6198,1.6124,1.6232,1.6091,1.6116
1.6309,1.6153,1.6203,1.6163,1.6207,1.6144,1.6253,1.6101,1.6126
1.6319,1.6174,1.6222,1.6183,1.6228,1.6153,1.6263,1.6122,1.6146
1.6341,1.6183,1.6232,1.6193,1.6238,1.6173,1.6272,1.6132,1.6156
1.635,1.6203,1.6252,1.6213,1.6257,1.6183,1.6292,1.6141,1.6176
1.637,1.6214,1.6262,1.6223,1.6268,1.6193,1.6302,1.6161,1.6186
1.6379,1.6223,1.6272,1.6232,1.6288,1.6215,1.6322,1.6171,1.6206
1.6399,1.6243,1.6291,1.6252,1.6297,1.6225,1.6332,1.6191,1.6216
1.6409,1.6253,1.6301,1.6262,1.6318,1.6245,1.6352,1.6201,1.6236
1.6429,1.6273,1.6322,1.6282,1.6328,1.6254,1.6362,1.6222,1.6246
1.6439,1.6284,1.6332,1.6292,1.6337,1.6274,1.6382,1.6232,1.6255
1.6449,1.6303,1.6352,1.6313,1.6358,1.6284,1.6393,1.6241,1.6275
1.6469,1.6313,1.6362,1.6323,1.6368,1.6304,1.6403,1.6262,1.6285
1.648,1.6333,1.6382,1.6343,1.6387,1.6315,1.6423,1.6272,1.6305
1.65,1.6343,1.6392,1.6353,1.6398,1.6324,1.6432,1.6292,1.6315
1.651,1.6353,1.6402,1.6363,1.6417,1.6345,1.6452,1.6302,1.6335
1.6531,1.6373,1.6422,1.6383,1.6428,1.6354,1.6463,1.6322,1.6345
1.654,1.6383,1.6432,1.6393,1.6448,1.6374,1.6482,1.6332,1.6355
1.656,1.6403,1.6452,1.6413,1.6458,1.6384,1.6492,1.6352,1.6376
1.657,1.6414,1.6462,1.6422,1.6467,1.6404,1.6512,1.6362,1.6386
1.659,1.6433,1.6482,1.6443,1.6488,1.6414,1.6522,1.6372,1.6406
1.66,1.6443,1.6491,1.6453,1.6498,1.6434,1.6532,1.6392,1.6416
1.661,1.6463,1.6513,1.6472,1.6518,1.6443,1.6552,1.6401,1.6436
1.663,1.6473,1.6523,1.6483,1.6528,1.6453,1.6562,1.6422,1.6447
1.664,1.6483,1.6542,1.6492,1.6548,1.6473,1.6582,1.6432,1.6466
1.6659,1.6504,1.6552,1.6512,1.6557,1.6485,1.6592,1.6452,1.6476
1.6669,1.6513,1.6561,1.6522,1.6578,1.6505,1.6613,1.6462,1.6486
1.669,1.6533,1.6582,1.6542,1.6587,1.6514,1.6622,1.6472,1.6506
1.67,1.6543,1.6592,1.6553,1.6597,1.6534,1.6642,1.6491,1.6516
1.672,1.6563,1.6612,1.6573,1.6617,1.6545,1.6652,1.6502,1.6536
1.6729,1.6573,1.6623,1.6583,1.6627,1.6564,1.6662,1.6522,1.6546
1.674,1.6583,1.6641,1.6603,1.6648,1.6574,1.6683,1.6532,1.6566
1.676,1.6604,1.6651,1.6612,1.6657,1.6584,1.6692,1.6551,1.6576
1.677,1.6613,1.6671,1.6623,1.6678,1.6604,1.6712,1.6561,1.6595
1.679,1.6632,1.6681,1.6644,1.6688,1.6614,1.6723,1.6582,1.6605
1.68,1.6643,1.6691,1.6653,1.6708,1.6634,1.6743,1.6592,1.6618
1.682,1.6664,1.6711,1.6673,1.6718,1.6645,1.6752,1.6601,1.6636
1.683,1.6673,1.6722,1.6683,1.6738,1.6664,1.6772,1.6622,1.6645
1.685,1.6693,1.6742,1.6702,1.6748,1.6674,1.6782,1.6632,1.6665
1.686,1.6703,1.6752,1.6713,1.6758,1.6693,1.6792,1.6652,1.6675
1.688,1.6723,1.6772,1.6733,1.6778,1.6703,1.6813,1.6662,1.6695
1.6889,1.6733,1.6782,1.6742,1.6788,1.6713,1.6823,1.6682,1.6705
1.6899,1.6742,1.6802,1.6753,1.6808,1.6733,1.6843,1.6692,1.6716
1.692,1.6763,1.6812,1.6773,1.6817,1.6743,1.6852,1.6702,1.6736
1.693,1.6773,1.6822,1.6782,1.6838,1.6763,1.6872,1.6722,1.6746
1.695,1.6793,1.6841,1.6803,1.6848,1.6773,1.6883,1.6732,1.6766
1.696,1.6803,1.6851,1.6813,1.6868,1.6795,1.6903,1.6752,1.6775
1.698,1.6823,1.6871,1.6833,1.6878,1.6804,1.6913,1.6762,1.6796
1.699,1.6833,1.6881,1.6843,1.6888,1.6824,1.6932,1.6782,1.6806
1.7011,1.6842,1.6901,1.6852,1.6907,1.6834,1.6943,1.6791,1.6826
1.702,1.6864,1.6912,1.6873,1.6917,1.6844,1.6953,1.6811,1.6836
1.703,1.6873,1.6932,1.6883,1.6937,1.6864,1.6972,1.6822,1.6846
1.705,1.6893,1.6942,1.6902,1.6947,1.6874,1.6982,1.6832,1.6866
1.706,1.6903,1.6963,1.6912,1.6967,1.6894,1.7002,1.6852,1.6876
1.7079,1.6923,1.6972,1.6933,1.6978,1.6904,1.7012,1.6862,1.6896
1.709,1.6933,1.6982,1.6943,1.6998,1.6923,1.7032,1.6882,1.6906
1.711,1.6953,1.7001,1.6963,1.7009,1.6933,1.7044,1.6892,1.6926
1.712,1.6963,1.7013,1.6973,1.7018,1.6944,1.7063,1.6912,1.6936
1.714,1.6972,1.7033,1.6982,1.7038,1.6964,1.7072,1.6922,1.6945
1.715,1.6993,1.7042,1.7002,1.7048,1.6974,1.7082,1.6932,1.6965
1.717,1.7002,1.7062,1.7012,1.7068,1.6994,1.7102,1.6952,1.6975
1.718,1.7023,1.7072,1.7033,1.7078,1.7004,1.7112,1.6962,1.6996
1.719,1.7033,1.7091,1.7042,1.7098,1.7024,1.7134,1.6982,1.7006
1.721,1.7053,1.7102,1.7063,1.7108,1.7034,1.7142,1.6992,1.7026
1.722,1.7063,1.7112,1.7073,1.7127,1.7054,1.7163,1.7012,1.7036
1.724,1.7084,1.7132,1.7093,1.7137,1.7064,1.7173,1.7022,1.7056
1.725,1.7093,1.7141,1.7102,1.7147,1.7074,1.7192,1.7032,1.7066
1.727,1.7104,1.7162,1.7112,1.7168,1.7094,1.7202,1.7052,1.7075
1.7279,1.7123,1.7172,1.7132,1.7178,1.7104,1.7212,1.7062,1.7096
1.7299,1.7133,1.7191,1.7143,1.7198,1.7124,1.7233,1.7081,1.7106
1.7311,1.7153,1.7202,1.7163,1.7207,1.7134,1.7243,1.7092,1.7126
1.732,1.7163,1.7222,1.7173,1.7227,1.7155,1.7263,1.7112,1.7136
1.734,1.7183,1.7231,1.7193,1.7237,1.7164,1.7273,1.7121,1.7155
1.735,1.7193,1.7241,1.7203,1.7257,1.7184,1.7292,1.7142,1.7165
1.737,1.7213,1.7262,1.7213,1.7267,1.7193,1.7302,1.7152,1.7185
1.7379,1.7223,1.7273,1.7233,1.7277,1.7203,1.7322,1.7161,1.7195
1.74,1.7233,1.7292,1.7243,1.7297,1.7223,1.7333,1.7182,1.7205
1.741,1.7253,1.7302,1.7263,1.7307,1.7233,1.7342,1.7192,1.7226
1.7429,1.7263,1.7322,1.7273,1.7328,1.7254,1.7362,1.7212,1.7236
1.7439,1.7283,1.7332,1.7292,1.7338,1.7264,1.7372,1.7222,1.7256
1.7459,1.7293,1.7358,1.7302,1.7358,1.7284,1.7392,1.7241,1.7265
1.7472,1.7313,1.7361,1.7323,1.7368,1.7294,1.7402,1.7251,1.7287
1.748,1.7322,1.7371,1.7333,1.7388,1.7314,1.7423,1.7261,1.7296
1.75,1.7343,1.7391,1.7343,1.7397,1.7324,1.7432,1.7281,1.7306
1.751,1.7353,1.7401,1.7363,1.7408,1.7334,1.7453,1.7291,1.7326
1.753,1.7363,1.7421,1.7373,1.7427,1.7355,1.7462,1.7311,1.7336
1.754,1.7382,1.7431,1.7393,1.7438,1.7364,1.7472,1.7321,1.7356
1.756,1.7394,1.7452,1.7402,1.7458,1.7384,1.7492,1.7341,1.7366
1.757,1.7413,1.7461,1.7422,1.7468,1.7394,1.7502,1.7351,1.7386
1.759,1.7423,1.7483,1.7432,1.7488,1.7414,1.7523,1.7361,1.7395
1.76,1.7443,1.7491,1.7453,1.7498,1.7425,1.7533,1.7381,1.7416
1.761,1.7453,1.7512,1.7463,1.7518,1.7444,1.7552,1.7391,1.7426
1.763,1.7473,1.7523,1.7472,1.7528,1.7454,1.7562,1.7411,1.7436
1.764,1.7483,1.7531,1.7493,1.7538,1.7464,1.7582,1.7422,1.7456
1.766,1.7493,1.7552,1.7503,1.7558,1.7484,1.7595,1.7442,1.7466
1.767,1.7513,1.7562,1.7523,1.7567,1.7494,1.7604,1.7452,1.7485
1.769,1.7523,1.7583,1.7533,1.7588,1.7514,1.7623,1.7462,1.7495
1.7699,1.7543,1.7591,1.7553,1.7598,1.7524,1.7633,1.7482,1.7516
1.7719,1.7553,1.7611,1.7563,1.7618,1.7545,1.7653,1.7492,1.7526
1.7729,1.7574,1.7622,1.7582,1.7628,1.7554,1.7662,1.7512,1.7545
1.775,1.7584,1.7642,1.7593,1.7648,1.7574,1.7682,1.7522,1.7556
1.776,1.7593,1.7652,1.7602,1.7658,1.7584,1.7693,1.7541,1.7566
1.7769,1.7613,1.7662,1.7622,1.7678,1.7594,1.7713,1.7551,1.7586
1.7789,1.7623,1.7682,1.7632,1.7687,1.7614,1.7723,1.7571,1.7596
1.7799,1.7642,1.7691,1.7653,1.7697,1.7624,1.7732,1.7581,1.7616
1.782,1.7653,1.7711,1.7663,1.7718,1.7644,1.7753,1.7591,1.7626
1.783,1.7673,1.7722,1.7683,1.7727,1.7654,1.7762,1.7612,1.7646
1.7849,1.7684,1.7742,1.7692,1.7747,1.7674,1.7782,1.7622,1.7655
1.786,1.7703,1.7752,1.7712,1.7757,1.7684,1.7793,1.7642,1.7665
1.7879,1.7713,1.7772,1.7722,1.7778,1.7704,1.7812,1.7651,1.7686
1.7889,1.7723,1.7782,1.7732,1.7787,1.7716,1.7822,1.7671,1.7696
1.7909,1.7743,1.7792,1.7753,1.7808,1.7724,1.7843,1.7681,1.7716
1.7919,1.7753,1.7812,1.7763,1.7817,1.7744,1.7852,1.7692,1.7726
1.7929,1.7773,1.7822,1.7782,1.7827,1.7753,1.7862,1.7712,1.7746
1.795,1.7783,1.7842,1.7793,1.7847,1.7774,1.7882,1.7722,1.7755
1.796,1.7803,1.7852,1.7813,1.7858,1.7784,1.7892,1.7742,1.7775
1.798,1.7813,1.7872,1.7822,1.7878,1.7804,1.7912,1.7752,1.7785
1.799,1.7833,1.7881,1.7842,1.7888,1.7814,1.7922,1.7772,1.7795
1.801,1.7843,1.7901,1.7852,1.7907,1.7834,1.7942,1.7782,1.7815
1.802,1.7853,1.7911,1.7863,1.7918,1.7843,1.7952,1.7802,1.7825
1.804,1.7873,1.7931,1.7882,1.7938,1.7853,1.7972,1.7812,1.7845
1.805,1.7883,1.7941,1.7892,1.7949,1.7874,1.7982,1.7822,1.7855
1.806,1.7903,1.7954,1.7912,1.7958,1.7884,1.7995,1.7842,1.7876
1.8079,1.7913,1.7972,1.7922,1.7978,1.7904,1.8013,1.7852,1.7886
1.8091,1.7933,1.7981,1.7942,1.7988,1.7914,1.8022,1.7872,1.7896
1.811,1.7943,1.8002,1.7953,1.8007,1.7934,1.8043,1.7882,1.7916
1.812,1.7963,1.8012,1.7973,1.8018,1.7943,1.8053,1.7902,1.7926
1.814,1.7973,1.8032,1.7983,1.8038,1.7965,1.8075,1.7912,1.7946
1.815,1.7983,1.8042,1.7993,1.8048,1.7974,1.8083,1.7922,1.7956
1.817,1.8004,1.8063,1.8013,1.8067,1.7984,1.8102,1.7942,1.7975
1.8179,1.8013,1.8072,1.8023,1.8078,1.8004,1.8113,1.7951,1.7985
1.8189,1.8033,1.8082,1.8043,1.8089,1.8014,1.8123,1.7971,1.8006
1.8209,1.8043,1.8102,1.8052,1.8108,1.8034,1.8142,1.7981,1.8016
1.8219,1.8062,1.8112,1.8072,1.8118,1.8044,1.8152,1.8001,1.8027
1.8239,1.8073,1.8132,1.8082,1.8138,1.8064,1.8172,1.8011,1.8046
1.8249,1.8083,1.8142,1.8103,1.8148,1.8075,1.8182,1.8023,1.8055
1.8269,1.8103,1.8162,1.8113,1.8167,1.8083,1.8202,1.8042,1.8075
1.8279,1.8113,1.8172,1.8122,1.8178,1.8104,1.8212,1.8052,1.8085
1.8301,1.8133,1.8192,1.8142,1.8198,1.8114,1.8233,1.8072,1.8105
1.831,1.8143,1.8202,1.8152,1.8208,1.8134,1.8243,1.8082,1.8115
1.833,1.8163,1.8222,1.8173,1.8228,1.8144,1.8252,1.8102,1.8135
1.834,1.8173,1.8232,1.8182,1.8238,1.8164,1.8272,1.8112,1.8145
1.835,1.8193,1.8242,1.8202,1.8248,1.8174,1.8282,1.8132,1.8156
1.837,1.8203,1.8263,1.8212,1.8267,1.8195,1.8302,1.8142,1.8176
1.838,1.8212,1.8272,1.8232,1.8278,1.8204,1.8312,1.8152,1.8186
1.8399,1.8232,1.8291,1.8242,1.8298,1.8224,1.8332,1.8172,1.8206
1.8411,1.8244,1.8302,1.8253,1.8307,1.8234,1.8342,1.8181,1.8215
1.843,1.8263,1.8322,1.8273,1.8328,1.8245,1.8362,1.8201,1.8235
1.844,1.8273,1.8331,1.8283,1.8337,1.8265,1.8372,1.8211,1.8245
1.846,1.8294,1.8353,1.8303,1.8358,1.8275,1.8382,1.8232,1.8255
1.847,1.8303,1.8362,1.8313,1.8368,1.8295,1.8403,1.8242,1.8276
1.848,1.8323,1.8372,1.8333,1.8378,1.8304,1.8412,1.8252,1.8286
1.85,1.8333,1.8391,1.8342,1.8397,1.8323,1.8433,1.8271,1.8305
1.8509,1.8344,1.8401,1.8363,1.8407,1.8334,1.8443,1.8281,1.8315
1.8529,1.8363,1.8423,1.8373,1.8428,1.8343,1.8462,1.8301,1.8335
1.854,1.8372,1.8431,1.8382,1.8438,1.8364,1.8472,1.8312,1.8345
1.856,1.8393,1.8452,1.8402,1.8458,1.8374,1.8493,1.8332,1.8365
1.857,1.8403,1.8461,1.8412,1.8468,1.8393,1.8504,1.8342,1.8375
1.859,1.8424,1.8481,1.8432,1.8488,1.8403,1.8512,1.8362,1.8385
1.86,1.8433,1.8491,1.8442,1.8498,1.8423,1.8533,1.8372,1.8405
1.862,1.8443,1.8502,1.8463,1.8508,1.8433,1.8545,1.8382,1.8416
1.863,1.8463,1.8523,1.8473,1.8528,1.8453,1.8563,1.8401,1.8436
1.864,1.8473,1.8531,1.8492,1.8537,1.8464,1.8572,1.8412,1.8447
1.866,1.8493,1.8552,1.8502,1.8558,1.8474,1.8595,1.8432,1.8466
1.867,1.8502,1.8562,1.8512,1.8568,1.8494,1.8604,1.8442,1.8476
1.869,1.8523,1.8582,1.8532,1.8588,1.8504,1.8622,1.8462,1.8486
1.87,1.8532,1.8592,1.8542,1.8598,1.8524,1.8633,1.8472,1.8506
1.872,1.8552,1.8612,1.8563,1.8617,1.8534,1.8642,1.8482,1.8516
1.873,1.8563,1.8622,1.8573,1.8627,1.8555,1.8662,1.8501,1.8536
1.875,1.8572,1.8642,1.8593,1.8637,1.8564,1.8672,1.8512,1.8546
1.876,1.8593,1.8651,1.8603,1.8657,1.8584,1.8692,1.8532,1.8566
1.8769,1.8603,1.8661,1.8622,1.8667,1.8594,1.8702,1.8542,1.8576
1.8789,1.8623,1.8683,1.8632,1.8687,1.8604,1.8722,1.8562,1.8596
1.8799,1.8633,1.8691,1.8643,1.8698,1.8624,1.8732,1.8572,1.8606
1.8821,1.8652,1.8711,1.8663,1.8718,1.8634,1.8752,1.8582,1.8616
1.883,1.8663,1.8722,1.8672,1.8728,1.8655,1.8762,1.8602,1.8636
1.885,1.8683,1.8742,1.8693,1.8748,1.8665,1.8772,1.8611,1.8646
1.8859,1.8693,1.8752,1.8703,1.8758,1.8684,1.8791,1.8631,1.8666
1.8882,1.8703,1.8772,1.8722,1.8778,1.8694,1.8802,1.8642,1.8676
1.8891,1.8723,1.8781,1.8732,1.8788,1.8714,1.8823,1.8662,1.8696
1.891,1.8733,1.8791,1.8753,1.8797,1.8724,1.8833,1.8672,1.8706
1.892,1.8753,1.8811,1.8762,1.8818,1.8734,1.8852,1.8692,1.8726
1.893,1.8763,1.8821,1.8773,1.8828,1.8754,1.8862,1.8702,1.8736
1.895,1.8783,1.8841,1.8792,1.8848,1.8764,1.8882,1.8712,1.8746
1.896,1.8793,1.8853,1.8802,1.8858,1.8784,1.8892,1.8732,1.8766
1.898,1.8813,1.8872,1.8823,1.8878,1.8794,1.8904,1.8742,1.8776
1.899,1.8823,1.8881,1.8833,1.889,1.8814,1.8923,1.8762,1.8796
1.901,1.8833,1.8903,1.8853,1.8908,1.8823,1.8933,1.8772,1.8806
1.902,1.8853,1.8912,1.8863,1.8918,1.8844,1.8952,1.8791,1.8826
1.904,1.8863,1.8933,1.8884,1.8928,1.8854,1.8963,1.8801,1.8836
1.905,1.8883,1.8942,1.8892,1.8948,1.8864,1.8982,1.8811,1.8845
1.906,1.8893,1.8952,1.8902,1.8958,1.8884,1.8992,1.8831,1.8866
1.908,1.8913,1.8972,1.8923,1.8978,1.8893,1.9014,1.8842,1.8876
1.909,1.8923,1.8981,1.8933,1.8988,1.8914,1.9023,1.8862,1.8896
1.911,1.8934,1.9001,1.8953,1.9007,1.8924,1.9033,1.8872,1.8906
1.912,1.8952,1.9011,1.8962,1.9017,1.8945,1.9052,1.8891,1.8926
1.914,1.8962,1.9032,1.8983,1.9037,1.8954,1.9062,1.8901,1.8935
1.915,1.8983,1.9042,1.8992,1.9047,1.8964,1.9082,1.8922,1.8955
1.917,1.8993,1.9062,1.9013,1.9057,1.8984,1.9092,1.8932,1.8966
1.918,1.9013,1.9072,1.9023,1.9078,1.8994,1.9112,1.8942,1.8976
1.92,1.9024,1.9081,1.9032,1.9088,1.9014,1.9122,1.8963,1.8996
1.921,1.9043,1.9101,1.9053,1.9108,1.9024,1.9142,1.8972,1.9006
1.923,1.9053,1.9111,1.9062,1.9118,1.9044,1.9152,1.8992,1.9026
1.924,1.9063,1.9132,1.9083,1.9138,1.9054,1.9162,1.9001,1.9036
1.925,1.9083,1.9142,1.9092,1.9148,1.9074,1.9183,1.9023,1.9057
1.927,1.9093,1.9163,1.9112,1.9168,1.9084,1.9193,1.9032,1.9066
1.9279,1.9113,1.9172,1.9123,1.9178,1.9094,1.9212,1.9042,1.9085
1.9299,1.9123,1.9192,1.9143,1.9188,1.9114,1.9223,1.9062,1.9095
1.931,1.9143,1.9202,1.9153,1.9207,1.9125,1.9243,1.9073,1.9105
1.933,1.9153,1.9222,1.9163,1.9217,1.9144,1.9252,1.9091,1.9125
1.934,1.9174,1.9232,1.9183,1.9237,1.9153,1.9272,1.9101,1.9135
1.9361,1.9183,1.9242,1.9193,1.9247,1.9174,1.9282,1.9122,1.9155
1.937,1.9193,1.9262,1.9212,1.9267,1.9184,1.9302,1.9132,1.9165
1.939,1.9213,1.9271,1.9222,1.9278,1.9204,1.9313,1.9141,1.9185
1.94,1.9223,1.9291,1.9242,1.9298,1.9214,1.9322,1.9162,1.9196
1.941,1.9243,1.9301,1.9252,1.9308,1.9224,1.9343,1.9172,1.9206
1.943,1.9252,1.9322,1.9272,1.9317,1.9245,1.9354,1.9192,1.9226
1.944,1.9273,1.9332,1.9283,1.9337,1.9253,1.9372,1.9201,1.9236
1.946,1.9283,1.9352,1.9292,1.9348,1.9274,1.9382,1.9222,1.9256
1.947,1.9303,1.9363,1.9312,1.9368,1.9284,1.9402,1.9232,1.9265
1.9491,1.9313,1.9372,1.9322,1.9378,1.9304,1.9412,1.9242,1.9285
1.95,1.9323,1.9392,1.9342,1.9398,1.9313,1.9432,1.9262,1.9296
1.952,1.9343,1.9402,1.9352,1.9407,1.9333,1.9442,1.9272,1.9316
1.953,1.9353,1.9423,1.9373,1.9428,1.9343,1.9452,1.9292,1.9326
1.955,1.9373,1.9431,1.9383,1.9438,1.9354,1.9472,1.9302,1.9336
1.956,1.9383,1.9464,1.9403,1.9447,1.9374,1.9485,1.9322,1.9356
1.9569,1.9405,1.9483,1.9413,1.9468,1.9383,1.9502,1.9332,1.9366
1.9589,1.9413,1.9491,1.9423,1.9478,1.9404,1.9513,1.9352,1.9385
1.9599,1.9433,1.9511,1.9442,1.9497,1.9413,1.9532,1.9361,1.9395
1.9619,1.9443,1.9523,1.9453,1.9508,1.9433,1.9542,1.9371,1.9416
1.9629,1.9453,1.9531,1.9473,1.9528,1.9443,1.9562,1.9391,1.9426
1.965,1.9473,1.9552,1.9483,1.9538,1.9454,1.9572,1.9401,1.9436
1.9659,1.9483,1.9561,1.9502,1.9558,1.9474,1.9583,1.9421,1.9456
1.968,1.9504,1.9582,1.9512,1.9568,1.9484,1.9603,1.9431,1.9465
1.969,1.9514,1.9592,1.9532,1.9578,1.9505,1.9612,1.9451,1.9485
1.97,1.9533,1.9612,1.9542,1.9598,1.9513,1.9632,1.9463,1.9496
1.9719,1.9543,1.9622,1.9552,1.9607,1.9534,1.9642,1.9472,1.9516
1.973,1.9562,1.9642,1.9572,1.9628,1.9544,1.9662,1.9492,1.9526
1.975,1.9572,1.9651,1.9582,1.9638,1.9564,1.9674,1.9502,1.9546
1.976,1.9583,1.9661,1.9602,1.9657,1.9575,1.9692,1.9522,1.9555
1.9779,1.9603,1.9681,1.9612,1.9668,1.9583,1.9702,1.9532,1.9565
1.979,1.9613,1.9691,1.9632,1.9688,1.9603,1.9712,1.9551,1.9585
1.981,1.9633,1.9712,1.9644,1.9698,1.9613,1.9732,1.9561,1.9596
1.9821,1.9642,1.9723,1.9664,1.9718,1.9633,1.9742,1.9572,1.9616
1.984,1.9662,1.9742,1.9673,1.9728,1.9643,1.9762,1.9592,1.9626
1.985,1.9672,1.9752,1.9683,1.9738,1.9664,1.9772,1.9601,1.9646
1.986,1.9683,1.9772,1.9702,1.9758,1.9674,1.9793,1.9622,1.9655
1.9879,1.9703,1.9782,1.9712,1.9768,1.9693,1.9802,1.9632,1.9675
1.9889,1.9713,1.9792,1.9732,1.9788,1.9703,1.9823,1.9651,1.9685
1.9909,1.9733,1.9812,1.9742,1.9798,1.9713,1.9832,1.9661,1.9695
1.9919,1.9743,1.9822,1.9763,1.9818,1.9733,1.9843,1.9681,1.9715
1.994,1.9763,1.9842,1.9773,1.9829,1.9743,1.9862,1.9691,1.9726
1.995,1.9773,1.9852,1.9793,1.9848,1.9763,1.9872,1.9701,1.9746
1.997,1.9793,1.9872,1.9802,1.9858,1.9773,1.9892,1.9722,1.9756
1.998,1.9803,1.9881,1.9812,1.9868,1.9794,1.9903,1.9732,1.9775
1.9989,1.9813,1.9902,1.9832,1.9888,1.9804,1.9922,1.9752,1.9785
2.001,1.9833,1.9913,1.9842,1.9898,1.9824,1.9933,1.9762,1.9795
0,1.9843,1.9932,1.9863,1.9917,1.9834,1.9954,1.9782,1.9816
0,1.9863,1.9942,1.9873,1.9927,1.9844,1.9963,1.9792,1.9826
0,1.9873,1.9952,1.9893,1.9947,1.9864,1.9972,1.9801,1.9846
0,1.9894,1.9972,1.9902,1.9957,1.9874,1.9993,1.9822,1.9856
0,1.9904,1.9981,1.9922,1.9978,1.9894,2.0002,1.9831,1.9876
0,1.9913,2.0002,1.9932,1.9987,1.9903,0,1.9851,1.9885
0,1.9933,0,1.9942,1.9997,1.9924,0,1.9861,1.9906
0,1.9943,0,1.9963,2.0018,1.9933,0,1.9882,1.9916
0,1.9963,0,1.9973,0,1.9944,0,1.9892,1.9926
0,1.9973,0,1.9993,0,1.9965,0,1.9902,1.9946
0,1.9993,0,2.0003,0,1.9974,0,1.9922,1.9956
0,2.0003,0,0,0,1.9994,0,1.9932,1.9976
0,0,0,0,0,2.0004,0,1.9953,1.9986
0,0,0,0,0,0,0,1.9962,2.0006
0,0,0,0,0,0,0,1.9982,0
0,0,0,0,0,0,0,1.9992,0
0,0,0,0,0,0,0,2.0012,0
