1232,2367,3255,3870,4332,4742,5209,5734,6202
1231,2369,3254,3869,4333,4741,5211,5733,6200
1231,2368,3255,3869,4335,4744,5212,5733,6199
1232,2367,3255,3870,4333,4742,5210,5734,6199
1232,2367,3257,3871,4333,4741,5208,5734,6198
1232,2369,3255,3870,4335,4743,5205,5733,6198
1232,2370,3254,3869,4338,4744,5208,5736,6201
1231,2369,3253,3871,4338,4743,5210,5734,6198
1231,2367,3253,3872,4337,4741,5212,5733,6197
1231,2367,3254,3872,4336,4742,5211,5737,6195
1231,2367,3253,3871,4335,4744,5211,5736,6197
1232,2368,3252,3871,4335,4743,5213,5734,6194
1232,2369,3252,3871,4337,4742,5212,5737,6193
1231,2368,3253,3873,4336,4744,5214,5738,6191
1231,2368,3253,3874,4335,4745,5214,5736,6194
1230,2368,3255,3873,4334,4744,5213,5739,6192
1231,2368,3254,3872,4336,4743,5215,5738,6191
1231,2368,3254,3874,4337,4744,5217,5737,6192
1231,2367,3255,3875,4339,4745,5218,5739,6194
1231,2366,3256,3873,4337,4744,5217,5742,6194
1230,2367,3256,3871,4336,4744,5215,5740,6194
1230,2367,3254,3869,4337,4745,5213,5739,6195
1229,2369,3254,3872,4339,4744,5215,5740,6194
1229,2368,3255,3874,4340,4742,5217,5738,6192
1229,2368,3256,3873,4339,4741,5215,5737,6194
1229,2369,3258,3873,4338,4742,5213,5740,6193
1229,2369,3256,3875,4337,4740,5213,5738,6193
1230,2368,3255,3875,4338,4739,5214,5737,6191
1230,2367,3257,3877,4340,4738,5216,5738,6195
1230,2367,3257,3876,4338,4740,5214,5736,6193
1231,2368,3258,3875,4336,4739,5213,5735,6191
1231,2369,3256,3875,4335,4737,5211,5738,6192
1232,2369,3254,3877,4337,4736,5214,5740,6195
1232,2368,3253,3876,4339,4738,5215,5738,6193
1232,2367,3254,3877,4339,4739,5217,5737,6190
1232,2367,3255,3877,4337,4738,5216,5739,6192
1232,2367,3255,3879,4336,4737,5213,5738,6192
1231,2368,3255,3878,4337,4740,5210,5736,6189
1232,2369,3254,3878,4338,4742,5212,5739,6187
1232,2368,3254,3876,4341,4740,5216,5738,6190
1233,2368,3255,3878,4339,4738,5217,5736,6189
1233,2367,3254,3877,4337,4740,5216,5737,6188
1233,2369,3251,3876,4334,4742,5214,5740,6186
1233,2370,3250,3877,4337,4741,5213,5738,6189
1232,2369,3251,3880,4339,4739,5212,5736,6187
1233,2367,3251,3880,4340,4740,5215,5739,6186
1233,2367,3250,3879,4340,4744,5213,5739,6189
1233,2368,3249,3881,4339,4744,5212,5737,6193
1234,2370,3247,3881,4338,4742,5212,5740,6190
1234,2369,3249,3880,4340,4744,5210,5739,6189
1234,2368,3252,3879,4340,4743,5212,5738,6190
1233,2367,3252,3881,4339,4740,5214,5738,6189
1233,2366,3251,3881,4338,4738,5211,5738,6187
1234,2368,3249,3882,4338,4739,5209,5738,6192
1234,2368,3250,3881,4339,4737,5211,5741,6193
1235,2367,3251,3882,4342,4737,5213,5742,6192
1234,2366,3252,3883,4341,4735,5215,5742,6189
1234,2368,3252,3886,4340,4738,5214,5740,6192
1232,2368,3251,3884,4339,4739,5213,5743,6190
1231,2367,3250,3883,4341,4738,5210,5741,6189
1232,2366,3250,3885,4341,4736,5213,5741,6187
1233,2366,3252,3886,4343,4737,5214,5743,6190
1233,2368,3250,3884,4342,4738,5216,5740,6189
1234,2366,3250,3882,4342,4737,5214,5738,6189
1234,2365,3249,3884,4341,4736,5213,5741,6186
1234,2366,3251,3886,4342,4734,5211,5739,6189
1234,2367,3251,3886,4344,4735,5208,5737,6188
1234,2367,3250,3886,4343,4734,5211,5741,6187
1235,2369,3248,3887,4341,4733,5212,5744,6186
1235,2367,3246,3887,4339,4730,5210,5743,6189
1236,2366,3247,3886,4340,4731,5210,5741,6185
1235,2367,3248,3885,4342,4733,5209,5744,6183
1235,2367,3247,3887,4342,4732,5210,5742,6184
1234,2369,3246,3887,4341,4732,5214,5740,6188
1233,2368,3245,3885,4339,4733,5212,5743,6186
1234,2368,3247,3883,4342,4735,5211,5743,6184
1233,2368,3247,3882,4343,4733,5209,5741,6187
1234,2370,3249,3884,4345,4731,5211,5744,6188
1234,2370,3248,3883,4343,4730,5213,5747,6186
1234,2369,3248,3882,4342,4732,5215,5746,6184
1232,2368,3247,3881,4343,4730,5213,5746,6187
1231,2368,3247,3882,4345,4729,5211,5749,6186
1232,2369,3248,3881,4348,4731,5210,5749,6184
1233,2370,3247,3880,4347,4733,5210,5748,6187
1233,2369,3245,3879,4346,4731,5212,5749,6190
1234,2367,3243,3880,4344,4730,5214,5748,6188
1233,2370,3242,3879,4346,4729,5212,5747,6187
1233,2369,3243,3878,4347,4731,5210,5749,6190
1233,2368,3245,3878,4345,4729,5213,5747,6193
1233,2367,3244,3880,4344,4728,5214,5747,6191
1234,2366,3242,3881,4343,4731,5216,5750,6191
1233,2366,3241,3880,4345,4733,5215,5747,6192
1234,2368,3243,3879,4347,4732,5213,5745,6190
1233,2368,3243,3880,4346,4731,5211,5747,6188
1234,2367,3243,3882,4345,4733,5213,5746,6192
1234,2369,3243,3880,4343,4735,5217,5745,6194
1235,2369,3242,3878,4345,4733,5218,5747,6192
1234,2370,3242,3879,4346,4732,5216,5750,6189
1235,2369,3243,3881,4347,4731,5215,5749,6192
1235,2369,3243,3880,4345,4734,5212,5747,6194
1237,2368,3242,3879,4345,4733,5213,5750,6194
1237,2369,3242,3880,4344,4732,5216,5748,6192
1236,2370,3244,3881,4346,4731,5215,5745,6195
1236,2369,3243,3880,4347,4733,5214,5748,6193
1236,2368,3241,3880,4346,4732,5213,5747,6191
1235,2368,3239,3878,4345,4729,5214,5746,6192
1235,2370,3240,3879,4343,4731,5216,5744,6195
1236,2370,3241,3878,4344,4734,5215,5746,6193
1236,2369,3241,3877,4346,4734,5214,5744,6192
1237,2368,3240,3880,4345,4733,5212,5743,6193
1236,2370,3238,3882,4344,4735,5214,5745,6193
1235,2371,3240,3880,4342,4736,5216,5744,6191
1235,2370,3241,3879,4344,4736,5214,5744,6189
1235,2368,3241,3881,4346,4735,5212,5745,6192
1236,2367,3241,3882,4347,4737,5211,5744,6191
1236,2369,3241,3882,4346,4738,5212,5743,6190
1237,2369,3241,3881,4345,4737,5214,5742,6193
1237,2370,3243,3882,4343,4736,5212,5739,6196
1238,2369,3242,3883,4345,4734,5211,5737,6194
1238,2369,3242,3883,4345,4735,5210,5741,6193
1237,2369,3241,3882,4348,4734,5213,5744,6196
1236,2370,3242,3885,4347,4734,5215,5742,6194
1237,2370,3242,3885,4345,4732,5216,5742,6192
1237,2369,3241,3884,4343,4733,5214,5743,6193
1238,2368,3240,3882,4345,4732,5212,5741,6196
1237,2367,3241,3882,4347,4731,5211,5738,6194
1237,2368,3243,3883,4345,4735,5213,5743,6192
1236,2369,3244,3880,4344,4735,5215,5741,6196
1237,2369,3244,3879,4343,4734,5214,5740,6195
1236,2369,3242,3878,4345,4733,5213,5743,6194
1237,2367,3244,3879,4347,4735,5211,5741,6192
1238,2367,3245,3879,4349,4736,5213,5738,6195
1239,2369,3243,3878,4347,4734,5214,5737,6192
1238,2368,3243,3878,4346,4733,5216,5740,6190
1240,2368,3242,3879,4344,4736,5214,5740,6193
1239,2366,3242,3880,4346,4737,5213,5739,6196
1239,2368,3244,3879,4346,4739,5212,5741,6195
1239,2369,3242,3878,4348,4738,5215,5740,6193
1239,2368,3241,3876,4346,4737,5216,5739,6195
1239,2367,3241,3877,4346,4738,5214,5741,6194
1239,2366,3242,3876,4345,4741,5212,5740,6193
1240,2368,3243,3875,4347,4738,5209,5739,6197
1239,2368,3242,3878,4347,4737,5213,5740,6199
1238,2367,3241,3879,4346,4739,5214,5739,6197
1238,2366,3240,3877,4345,4742,5213,5738,6196
1238,2366,3241,3877,4342,4740,5212,5741,6198
1239,2367,3242,3876,4343,4739,5211,5738,6196
1239,2369,3242,3877,4344,4741,5212,5738,6195
1239,2368,3241,3876,4346,4742,5214,5740,6194
1239,2368,3239,3874,4346,4741,5212,5739,6198
1240,2367,3241,3874,4345,4740,5212,5737,6195
1240,2368,3241,3875,4347,4739,5211,5739,6194
1240,2369,3241,3877,4348,4742,5214,5741,6195
1240,2370,3241,3877,4349,4740,5214,5739,6193
1241,2369,3240,3875,4347,4740,5214,5737,6191
1240,2369,3242,3877,4345,4738,5213,5740,6190
1242,2370,3243,3878,4344,4740,5214,5739,6191
1241,2370,3244,3878,4346,4739,5216,5739,6190
1241,2369,3242,3877,4348,4737,5218,5741,6188
1241,2369,3241,3879,4349,4739,5217,5739,6191
1242,2369,3240,3879,4347,4741,5216,5737,6189
1242,2369,3241,3877,4345,4740,5217,5739,6188
1242,2370,3242,3875,4344,4738,5219,5738,6187
1242,2370,3241,3874,4346,4737,5221,5738,6190
1242,2370,3240,3876,4347,4737,5218,5736,6188
1243,2369,3242,3875,4348,4739,5216,5738,6186
1243,2370,3244,3873,4346,4737,5215,5738,6187
1243,2372,3243,3872,4344,4735,5219,5737,6186
1244,2370,3242,3873,4347,4736,5220,5739,6186
1244,2370,3240,3874,4348,4738,5218,5738,6186
1244,2369,3242,3874,4346,4738,5218,5738,6187
1243,2370,3243,3873,4344,4737,5216,5739,6186
1242,2371,3242,3874,4343,4735,5217,5737,6183
1243,2370,3241,3876,4344,4737,5219,5734,6186
1243,2369,3240,3876,4345,4739,5222,5738,6189
1244,2369,3240,3875,4346,4737,5220,5736,6189
1244,2370,3243,3877,4344,4734,5220,5734,6187
1243,2370,3241,3877,4343,4733,5219,5737,6190
1243,2369,3239,3876,4342,4735,5221,5735,6188
1242,2368,3241,3876,4343,4736,5222,5733,6186
1243,2368,3242,3875,4345,4736,5220,5736,6187
1244,2369,3243,3875,4346,4734,5219,5734,6191
1243,2371,3242,3877,4345,4736,5218,5733,6189
1244,2370,3240,3875,4343,4737,5220,5736,6187
1244,2369,3243,3873,4341,4735,5222,5739,6190
1245,2370,3243,3875,4341,4732,5223,5738,6187
1244,2371,3242,3877,4342,4731,5223,5735,6185
1244,2372,3241,3876,4341,4734,5221,5739,6183
1245,2371,3239,3875,4340,4733,5219,5738,6187
1245,2370,3240,3874,4338,4731,5220,5737,6188
1245,2371,3242,3875,4340,4733,5223,5738,6187
1244,2372,3242,3875,4341,4734,5225,5736,6185
1244,2371,3241,3873,4342,4733,5223,5736,6188
1242,2370,3240,3871,4341,4731,5222,5739,6186
1242,2369,3241,3872,4338,4730,5223,5738,6185
1243,2370,3242,3874,4336,4732,5227,5737,6188
1244,2370,3242,3873,4338,4731,5224,5739,6191
1244,2369,3243,3871,4341,4731,5223,5736,6189
1243,2369,3241,3870,4341,4732,5222,5734,6189
1242,2370,3243,3872,4340,4731,5225,5738,6190
1241,2371,3244,3873,4338,4730,5225,5736,6188
1240,2371,3242,3873,4337,4728,5227,5734,6186
1240,2371,3241,3872,4338,4730,5226,5736,6191
1242,2369,3241,3873,4339,4727,5224,5735,6192
1242,2369,3243,3873,4339,4726,5222,5732,6190
1241,2370,3244,3875,4338,4729,5224,5734,6188
1240,2370,3243,3874,4337,4731,5227,5734,6190
1240,2369,3242,3873,4339,4730,5227,5734,6188
1241,2369,3243,3874,4340,4728,5225,5737,6188
1241,2370,3244,3875,4342,4730,5223,5734,6186
1241,2371,3244,3874,4340,4730,5225,5734,6190
1241,2371,3243,3874,4338,4729,5226,5735,6188
1241,2370,3242,3874,4337,4730,5228,5733,6187
1241,2368,3243,3876,4337,4732,5226,5731,6188
1241,2370,3244,3874,4338,4733,5226,5735,6189
1240,2371,3243,3873,4340,4732,5227,5735,6188
1240,2372,3243,3876,4339,4735,5230,5734,6186
1241,2372,3243,3877,4338,4736,5228,5736,6188
1241,2371,3245,3877,4338,4735,5226,5735,6191
1241,2372,3246,3875,4340,4733,5224,5733,6188
1240,2371,3245,3877,4341,4734,5226,5734,6187
1239,2370,3243,3878,4340,4735,5228,5735,6189
1238,2370,3241,3877,4338,4735,5230,5733,6188
1238,2370,3243,3877,4337,4735,5229,5736,6187
1238,2371,3244,3876,4337,4733,5227,5735,6186
1239,2371,3243,3877,4339,4735,5228,5734,6188
1239,2370,3241,3876,4341,4736,5230,5735,6187
1240,2369,3240,3876,4339,4734,5232,5734,6185
1239,2369,3242,3875,4338,4733,5230,5732,6188
1238,2369,3243,3876,4336,4731,5230,5731,6192
1237,2368,3245,3878,4337,4733,5231,5732,6190
1236,2367,3244,3877,4338,4736,5234,5732,6189
1236,2365,3244,3876,4339,4735,5235,5731,6191
1237,2367,3243,3878,4337,4734,5234,5732,6189
1238,2368,3244,3877,4336,4735,5233,5730,6187
1239,2370,3245,3876,4335,4738,5235,5729,6190
1238,2369,3245,3875,4338,4737,5236,5732,6193
1238,2368,3245,3877,4338,4735,5238,5730,6191
1239,2368,3244,3878,4337,4737,5237,5728,6190
1239,2368,3245,3878,4335,4737,5235,5730,6193
1240,2370,3246,3877,4333,4740,5233,5730,6193
1239,2368,3247,3878,4334,4739,5235,5728,6192
1240,2368,3246,3878,4335,4736,5237,5726,6191
1241,2369,3246,3877,4333,4737,5235,5729,6194
1239,2370,3245,3876,4332,4739,5233,5727,6192
1239,2370,3247,3878,4331,4738,5231,5725,6190
1239,2369,3248,3875,4333,4735,5234,5727,6192
1239,2368,3248,3874,4333,4733,5235,5726,6190
1239,2368,3248,3872,4335,4735,5233,5723,6187
1239,2368,3248,3874,4333,4738,5231,5725,6191
1240,2370,3247,3876,4331,4737,5230,5723,6193
1239,2370,3249,3875,4329,4736,5231,5722,6192
1239,2370,3250,3873,4331,4734,5232,5725,6190
1239,2371,3248,3874,4332,4736,5231,5727,6193
1238,2371,3247,3876,4331,4738,5230,5726,6191
1239,2371,3246,3874,4330,4736,5229,5727,6190
1238,2370,3247,3872,4329,4734,5231,5728,6189
1239,2369,3249,3872,4329,4736,5233,5726,6192
1240,2369,3249,3875,4330,4736,5231,5726,6190
1239,2370,3248,3875,4333,4736,5229,5727,6190
1238,2370,3248,3875,4329,4735,5227,5725,6191
1238,2370,3246,3874,4328,4735,5229,5723,6189
1238,2369,3247,3872,4326,4737,5231,5726,6188
1237,2369,3249,3874,4327,4736,5229,5723,6192
1238,2370,3248,3873,4329,4734,5227,5720,6193
1239,2370,3248,3871,4331,4735,5225,5723,6192
1240,2370,3247,3871,4329,4737,5227,5722,6190
1241,2370,3249,3871,4327,4737,5227,5721,6192
1240,2371,3250,3872,4325,4735,5229,5722,6191
1240,2372,3252,3871,4326,4734,5228,5722,6191
1239,2372,3251,3870,4328,4736,5227,5719,6192
1239,2372,3251,3870,4328,4736,5224,5721,6195
1240,2371,3250,3873,4326,4734,5226,5724,6192
1240,2373,3251,3872,4325,4733,5229,5723,6190
1241,2373,3253,3870,4324,4735,5231,5725,6192
1240,2372,3252,3869,4325,4738,5228,5727,6190
1239,2370,3251,3871,4326,4737,5227,5724,6189
1238,2372,3249,3871,4327,4735,5229,5721,6193
1238,2373,3251,3870,4326,4737,5232,5722,6194
1239,2372,3252,3868,4324,4740,5233,5720,6192
1239,2371,3251,3868,4325,4738,5232,5718,6191
1239,2371,3249,3870,4326,4736,5229,5722,6192
1240,2372,3248,3870,4326,4734,5228,5720,6190
1240,2371,3249,3869,4325,4735,5228,5719,6190
1240,2370,3251,3870,4324,4735,5230,5721,6191
1240,2369,3252,3872,4324,4733,5229,5722,6194
1239,2371,3250,3871,4324,4732,5229,5720,6192
1240,2371,3249,3871,4325,4733,5227,5718,6190
1240,2371,3249,3869,4323,4735,5226,5720,6192
1240,2370,3248,3871,4321,4734,5228,5719,6191
1239,2371,3249,3871,4318,4731,5226,5716,6189
1241,2372,3251,3870,4319,4733,5224,5718,6192
1239,2372,3249,3869,4320,4735,5223,5717,6194
1239,2371,3249,3872,4322,4734,5225,5715,6194
1237,2371,3249,3873,4321,4733,5227,5717,6192
1236,2371,3250,3872,4319,4731,5230,5716,6194
1237,2372,3251,3870,4318,4734,5228,5715,6192
1237,2371,3251,3870,4319,4733,5227,5716,6191
1238,2370,3250,3871,4321,4731,5229,5714,6192
1239,2369,3249,3872,4321,4729,5230,5712,6190
1239,2371,3250,3871,4319,4731,5232,5714,6189
1239,2370,3251,3870,4318,4730,5231,5712,6192
1240,2370,3250,3869,4317,4731,5230,5712,6193
1240,2369,3249,3871,4319,4733,5233,5714,6192
1240,2371,3247,3871,4321,4735,5235,5711,6191
1240,2371,3249,3870,4319,4733,5237,5710,6194
1240,2371,3250,3869,4317,4732,5235,5712,6192
1240,2370,3251,3870,4315,4730,5233,5710,6189
1241,2369,3251,3869,4314,4732,5235,5708,6190
1240,2370,3250,3868,4315,4731,5236,5711,6193
1239,2370,3250,3867,4316,4730,5239,5710,6192
1238,2371,3251,3867,4314,4733,5238,5709,6190
1239,2370,3253,3868,4312,4736,5237,5710,6192
1239,2370,3251,3867,4314,4734,5236,5709,6195
1239,2370,3250,3868,4317,4732,5238,5708,6193
1240,2369,3249,3869,4317,4732,5238,5709,6190
1240,2368,3250,3872,4316,4733,5240,5711,6192
1240,2367,3251,3869,4314,4732,5239,5711,6192
1240,2368,3250,3868,4312,4731,5238,5709,6190
1240,2368,3249,3867,4312,4733,5240,5712,6193
1239,2368,3249,3868,4314,4737,5242,5709,6195
1240,2368,3250,3870,4312,4736,5240,5707,6194
1240,2368,3250,3868,4311,4735,5238,5709,6191
1240,2369,3250,3866,4310,4733,5235,5707,6194
1240,2370,3249,3867,4311,4735,5238,5705,6194
1241,2370,3249,3869,4312,4736,5240,5709,6193
1240,2370,3249,3868,4311,4734,5242,5710,6195
1240,2369,3251,3868,4309,4732,5240,5708,6197
1238,2369,3251,3869,4307,4735,5238,5707,6194
1240,2370,3252,3871,4308,4737,5241,5709,6191
1240,2370,3251,3869,4309,4735,5241,5706,6194
1240,2371,3250,3868,4311,4733,5243,5704,6194
1241,2370,3251,3867,4310,4731,5241,5707,6192
1240,2372,3253,3867,4308,4733,5241,5705,6190
1240,2372,3252,3868,4310,4735,5239,5703,6193
1239,2371,3251,3869,4311,4734,5242,5706,6189
1237,2370,3249,3868,4312,4733,5243,5704,6188
1237,2371,3250,3870,4311,4735,5242,5701,6191
1239,2372,3251,3872,4310,4739,5240,5700,6195
1238,2371,3253,3870,4309,4737,5237,5702,6193
1240,2371,3251,3869,4311,4736,5239,5701,6191
1239,2371,3250,3870,4313,4735,5242,5699,6192
1239,2372,3248,3872,4312,4737,5240,5702,6190
1239,2373,3249,3869,4311,4737,5238,5700,6188
1238,2372,3251,3868,4309,4736,5237,5697,6187
1237,2371,3250,3867,4310,4735,5240,5698,6189
1237,2372,3249,3869,4311,4739,5241,5697,6188
1238,2373,3249,3868,4313,4740,5241,5696,6185
1238,2373,3249,3867,4310,4739,5240,5695,6182
1238,2373,3250,3866,4308,4737,5238,5696,6184
1240,2373,3249,3868,4306,4739,5237,5695,6183
1239,2374,3249,3869,4308,4740,5238,5693,6182
1238,2373,3248,3868,4309,4738,5240,5695,6185
1238,2373,3248,3867,4311,4736,5243,5697,6187
1239,2372,3249,3868,4310,4736,5240,5696,6186
1239,2374,3250,3869,4308,4739,5238,5694,6184
1239,2373,3249,3868,4307,4737,5236,5698,6186
1239,2373,3249,3867,4308,4735,5239,5695,6185
1239,2372,3251,3869,4308,4734,5240,5693,6184
1240,2373,3251,3871,4310,4736,5239,5691,6183
1240,2375,3253,3869,4308,4738,5237,5693,6186
1239,2373,3252,3867,4308,4736,5236,5692,6184
1238,2373,3250,3869,4309,4735,5236,5691,6182
1239,2372,3249,3869,4310,4738,5239,5692,6184
1239,2373,3251,3869,4311,4741,5241,5690,6183
1239,2372,3251,3868,4310,4740,5240,5689,6182
1241,2372,3252,3867,4308,4739,5239,5690,6185
1240,2373,3251,3868,4306,4738,5241,5692,6187
1238,2373,3249,3871,4306,4740,5243,5690,6187
1237,2372,3248,3871,4307,4739,5245,5688,6185
1236,2372,3249,3870,4306,4738,5242,5692,6188
1236,2371,3250,3872,4306,4736,5240,5690,6186
1237,2372,3250,3872,4305,4739,5239,5688,6185
1237,2372,3249,3873,4307,4739,5241,5691,6187
1238,2372,3249,3872,4308,4739,5243,5687,6188
1238,2372,3250,3870,4306,4736,5242,5686,6187
1237,2374,3251,3868,4305,4738,5241,5688,6186
1236,2373,3250,3870,4302,4738,5239,5687,6188
1236,2373,3249,3869,4303,4735,5241,5686,6188
1237,2373,3248,3868,4304,4733,5242,5688,6187
1237,2373,3247,3870,4303,4735,5245,5686,6189
1237,2373,3248,3872,4303,4737,5243,5684,6192
1237,2373,3250,3870,4301,4737,5241,5685,6190
1238,2372,3250,3869,4303,4736,5242,5688,6188
1238,2373,3249,3869,4304,4735,5244,5687,6191
1237,2375,3247,3870,4305,4736,5246,5686,6191
1237,2373,3247,3868,4303,4735,5244,5687,6190
1236,2371,3250,3866,4301,4733,5242,5687,6192
1237,2371,3248,3865,4300,4732,5244,5685,6194
1238,2371,3248,3866,4301,4734,5247,5687,6191
1237,2372,3248,3869,4303,4738,5248,5686,6189
1238,2371,3249,3867,4305,4737,5247,5685,6193
1237,2371,3248,3865,4302,4736,5245,5687,6191
1237,2372,3250,3867,4301,4739,5244,5685,6190
1237,2373,3249,3868,4299,4740,5245,5683,6193
1238,2373,3247,3868,4301,4739,5247,5686,6195
1238,2372,3249,3867,4302,4737,5249,5684,6193
1238,2371,3251,3867,4303,4735,5248,5683,6191
1238,2371,3251,3868,4300,4737,5246,5685,6194
1239,2372,3251,3870,4298,4737,5244,5684,6193
1240,2371,3250,3869,4298,4737,5241,5682,6190
1241,2370,3249,3868,4299,4735,5243,5684,6189
1240,2371,3250,3871,4301,4737,5246,5683,6190
1239,2373,3251,3872,4301,4739,5246,5680,6188
1239,2372,3251,3870,4300,4737,5245,5683,6185
1238,2372,3250,3868,4298,4736,5244,5681,6185
1239,2371,3249,3870,4297,4735,5243,5681,6186
1239,2371,3250,3870,4296,4738,5244,5682,6184
1240,2373,3251,3868,4298,4737,5247,5681,6181
1240,2373,3253,3866,4297,4735,5244,5679,6184
1239,2372,3252,3868,4297,4733,5241,5677,6185
1238,2371,3250,3867,4296,4736,5239,5678,6183
1237,2373,3249,3867,4297,4738,5238,5677,6181
1237,2374,3250,3865,4298,4737,5240,5677,6185
1237,2372,3251,3866,4299,4735,5242,5680,6186
1237,2370,3253,3864,4297,4738,5241,5679,6185
1237,2371,3251,3863,4295,4741,5240,5677,6183
1238,2372,3250,3862,4293,4740,5238,5680,6185
1238,2372,3248,3862,4294,4739,5239,5678,6184
1237,2371,3248,3865,4297,4738,5241,5675,6183
1236,2371,3250,3863,4298,4740,5243,5678,6185
1235,2372,3250,3862,4296,4739,5243,5677,6187
1235,2371,3249,3865,4295,4738,5241,5675,6185
1236,2370,3249,3867,4295,4740,5244,5679,6183
1236,2369,3250,3866,4297,4742,5246,5677,6185
1236,2370,3251,3865,4299,4743,5247,5675,6183
1236,2371,3251,3863,4297,4742,5245,5676,6181
1235,2371,3251,3864,4294,4740,5243,5674,6184
1233,2371,3251,3866,4293,4742,5241,5674,6187
1232,2372,3250,3864,4294,4741,5243,5678,6184
1233,2373,3251,3862,4296,4739,5247,5679,6182
1234,2372,3251,3863,4297,4737,5248,5679,6184
1234,2371,3250,3865,4297,4738,5246,5678,6183
1236,2372,3249,3864,4295,4741,5244,5680,6182
1235,2373,3249,3863,4293,4740,5241,5679,6183
1235,2372,3251,3864,4295,4740,5243,5682,6181
1235,2371,3252,3866,4294,4741,5246,5684,6179
1234,2371,3252,3865,4294,4744,5249,5683,6176
1235,2371,3252,3865,4293,4743,5249,5682,6179
1235,2372,3251,3866,4293,4742,5247,5684,6178
1236,2371,3251,3867,4294,4743,5246,5683,6176
1236,2370,3253,3865,4296,4743,5243,5681,6179
1236,2371,3255,3864,4297,4742,5244,5683,6182
1235,2372,3253,3863,4296,4740,5247,5684,6179
1235,2371,3251,3866,4295,4742,5250,5683,6176
1235,2371,3253,3867,4294,4741,5249,5684,6179
1234,2370,3254,3866,4295,4740,5247,5684,6183
1235,2371,3255,3864,4296,4740,5245,5683,6180
1235,2372,3254,3866,4295,4741,5247,5686,6178
1235,2372,3253,3867,4294,4739,5248,5684,6181
1236,2371,3252,3866,4296,4738,5250,5683,6178
1236,2371,3254,3865,4297,4738,5251,5687,6176
1235,2372,3254,3864,4298,4740,5250,5685,6175
1234,2372,3254,3866,4297,4742,5249,5683,6177
1232,2373,3253,3865,4295,4741,5247,5686,6176
1234,2373,3253,3865,4294,4742,5248,5684,6173
1233,2373,3254,3867,4295,4743,5250,5683,6176
1234,2373,3255,3868,4296,4742,5252,5686,6177
1234,2372,3254,3867,4298,4740,5252,5685,6174
1233,2371,3253,3866,4297,4739,5251,5683,6172
1232,2372,3252,3865,4295,4742,5251,5685,6171
1231,2373,3254,3866,4293,4744,5250,5684,6173
1230,2373,3255,3867,4294,4744,5251,5683,6171
1230,2372,3254,3866,4296,4743,5253,5685,6170
1231,2374,3253,3865,4294,4745,5255,5683,6172
1231,2375,3253,3867,4292,4744,5253,5683,6174
1232,2373,3254,3869,4290,4742,5251,5682,6173
1231,2372,3256,3868,4292,4741,5249,5681,6172
1232,2372,3255,3866,4294,4743,5249,5679,6174
1231,2374,3255,3865,4296,4742,5250,5678,6173
1232,2373,3253,3867,4295,4740,5252,5680,6171
1232,2372,3253,3868,4293,4740,5254,5677,6172
1234,2373,3255,3868,4294,4742,5252,5675,6175
1234,2374,3258,3866,4296,4741,5250,5679,6174
1233,2373,3256,3869,4297,4741,5248,5677,6171
1232,2371,3255,3870,4295,4740,5250,5675,6174
1231,2372,3254,3869,4293,4743,5253,5678,6172
1232,2373,3254,3869,4292,4742,5255,5675,6169
1233,2374,3254,3871,4294,4742,5256,5673,6172
1233,2373,3252,3872,4296,4740,5255,5675,6175
1233,2373,3251,3870,4294,4743,5253,5675,6174
1232,2374,3251,3869,4292,4744,5249,5674,6172
1232,2375,3253,3871,4291,4745,5251,5673,6175
1231,2375,3253,3871,4292,4743,5253,5675,6173
1232,2375,3252,3869,4293,4746,5256,5674,6171
1233,2375,3252,3867,4295,4747,5254,5673,6172
1233,2376,3254,3866,4294,4748,5252,5675,6171
1234,2377,3255,3868,4293,4747,5255,5674,6170
1233,2376,3257,3871,4293,4751,5256,5673,6168
1233,2375,3255,3869,4293,4749,5258,5675,6170
1231,2376,3253,3867,4295,4748,5256,5674,6170
1231,2377,3255,3865,4297,4750,5253,5673,6167
1233,2375,3256,3867,4296,4752,5256,5675,6171
1233,2374,3258,3866,4294,4750,5258,5676,6170
1233,2374,3256,3863,4296,4749,5260,5676,6169
1232,2375,3254,3861,4297,4751,5262,5675,6170
1233,2376,3255,3862,4298,4754,5260,5678,6173
1232,2375,3256,3861,4297,4753,5257,5676,6170
1232,2375,3257,3861,4296,4752,5256,5675,6167
1233,2374,3257,3859,4295,4754,5258,5678,6170
1234,2376,3255,3861,4297,4757,5261,5675,6172
1235,2376,3254,3862,4298,4755,5262,5674,6171
1235,2376,3255,3861,4299,4755,5261,5677,6170
1235,2375,3256,3860,4297,4757,5259,5676,6172
1234,2375,3256,3861,4295,4760,5257,5675,6170
1233,2377,3256,3863,4296,4760,5259,5677,6169
1233,2376,3254,3861,4298,4759,5261,5679,6170
1234,2375,3256,3859,4301,4762,5264,5678,6175
1234,2376,3256,3857,4300,4760,5262,5677,6173
1235,2377,3255,3860,4298,4759,5260,5679,6172
1234,2376,3254,3861,4297,4760,5262,5679,6174
1234,2376,3256,3860,4299,4762,5263,5678,6172
1233,2376,3257,3858,4300,4762,5262,5679,6170
1233,2377,3256,3859,4298,4762,5260,5678,6173
1232,2377,3255,3861,4297,4763,5260,5676,6173
1232,2376,3255,3860,4297,4762,5262,5679,6171
1233,2377,3256,3859,4299,4761,5265,5677,6169
1234,2378,3257,3859,4301,4763,5262,5676,6171
1234,2378,3258,3861,4302,4764,5260,5678,6169
1234,2378,3257,3861,4301,4762,5258,5676,6167
1233,2378,3256,3860,4300,4761,5261,5673,6165
1232,2379,3255,3859,4299,4764,5262,5677,6169
1232,2378,3256,3861,4300,4766,5260,5674,6167
1231,2377,3257,3862,4301,4764,5259,5673,6166
1232,2377,3259,3861,4302,4763,5259,5676,6165
1232,2378,3258,3860,4301,4765,5260,5675,6166
1232,2378,3257,3862,4300,4767,5262,5673,6164
1231,2377,3256,3862,4300,4765,5260,5675,6164
1231,2376,3258,3861,4300,4762,5258,5677,6166
1231,2376,3259,3860,4302,4765,5256,5675,6169
1230,2378,3260,3863,4301,4767,5258,5674,6166
1231,2377,3260,3864,4300,4766,5261,5676,6164
1232,2376,3260,3864,4298,4765,5263,5676,6166
1232,2378,3259,3862,4300,4766,5260,5674,6165
1233,2377,3261,3864,4300,4766,5257,5677,6163
1233,2378,3261,3865,4303,4764,5255,5675,6167
1233,2377,3260,3864,4302,4763,5257,5673,6169
1233,2378,3259,3862,4300,4764,5259,5674,6167
1233,2378,3262,3862,4299,4765,5261,5676,6166
1234,2378,3261,3862,4301,4764,5259,5676,6168
1233,2378,3260,3861,4303,4767,5256,5675,6166
1234,2379,3258,3863,4304,4768,5259,5676,6165
1234,2379,3257,3865,4302,4767,5261,5675,6164
1233,2379,3258,3867,4300,4766,5262,5674,6167
1232,2379,3259,3865,4299,4768,5260,5677,6164
1232,2379,3259,3863,4301,4766,5258,5675,6162
1233,2380,3259,3865,4303,4766,5257,5674,6164
1233,2379,3258,3867,4302,4768,5259,5676,6167
1233,2378,3256,3866,4301,4771,5262,5675,6166
1233,2379,3259,3864,4299,4771,5264,5674,6163
1232,2380,3260,3862,4301,4770,5262,5677,6165
1232,2380,3260,3864,4302,4771,5260,5677,6165
1231,2380,3259,3864,4303,4774,5262,5675,6162
1231,2382,3258,3863,4302,4773,5262,5672,6165
1233,2381,3258,3865,4301,4772,5261,5675,6169
1233,2381,3260,3866,4300,4774,5260,5675,6168
1233,2380,3259,3865,4303,4777,5258,5673,6167
1232,2378,3259,3864,4303,4775,5255,5676,6169
1232,2380,3257,3865,4305,4773,5257,5674,6172
1233,2379,3258,3865,4305,4775,5260,5671,6170
1232,2378,3258,3865,4304,4774,5257,5673,6168
1233,2378,3260,3863,4305,4773,5256,5672,6171
1233,2379,3259,3862,4306,4771,5255,5670,6170
1234,2378,3260,3864,4307,4774,5257,5674,6168
1235,2377,3260,3864,4307,4771,5259,5671,6167
1233,2376,3261,3863,4307,4771,5261,5670,6168
1232,2377,3261,3861,4305,4773,5258,5671,6166
1231,2376,3260,3862,4306,4775,5256,5669,6164
1231,2375,3260,3864,4308,4773,5253,5667,6166
1233,2375,3261,3863,4310,4772,5255,5671,6168
1233,2375,3262,3862,4309,4773,5257,5670,6167
1234,2377,3263,3864,4306,4775,5256,5669,6165
1234,2376,3262,3864,4304,4774,5255,5671,6168
1233,2376,3260,3864,4305,4774,5252,5669,6165
1232,2377,3258,3863,4307,4777,5255,5666,6164
1231,2378,3260,3866,4307,4774,5256,5668,6165
1233,2377,3260,3866,4305,4773,5254,5670,6167
1233,2377,3260,3865,4304,4772,5252,5670,6165
1233,2378,3260,3864,4306,4774,5250,5672,6163
1234,2378,3260,3865,4307,4772,5252,5670,6165
1234,2378,3261,3865,4309,4770,5255,5670,6167
1233,2377,3260,3863,4307,4768,5253,5670,6165
1233,2378,3260,3861,4306,4771,5252,5669,6164
1232,2378,3258,3862,4306,4771,5251,5668,6165
1233,2378,3260,3864,4308,4770,5252,5667,6168
1233,2378,3260,3864,4310,4771,5253,5669,6166
1233,2379,3259,3865,4309,4773,5255,5667,6164
1233,2381,3258,3865,4308,4772,5256,5665,6164
1233,2380,3258,3864,4306,4771,5255,5667,6164
1233,2380,3260,3863,4308,4772,5253,5665,6163
1233,2379,3261,3862,4308,4771,5255,5664,6162
1234,2379,3260,3863,4307,4770,5257,5665,6163
1234,2379,3258,3864,4305,4770,5257,5664,6163
1234,2378,3257,3862,4305,4771,5256,5662,6161
1234,2379,3259,3860,4307,4770,5254,5661,6164
1235,2379,3259,3862,4309,4768,5257,5662,6162
1234,2379,3260,3865,4310,4771,5259,5660,6161
1235,2379,3259,3864,4309,4772,5260,5658,6163
1235,2378,3257,3862,4307,4770,5258,5661,6165
1234,2380,3260,3864,4306,4769,5257,5660,6163
1234,2380,3260,3863,4307,4772,5257,5658,6161
1235,2379,3262,3862,4309,4774,5259,5661,6164
1235,2378,3261,3861,4307,4772,5261,5659,6163
1237,2379,3260,3863,4307,4770,5262,5658,6161
1236,2380,3261,3863,4306,4773,5259,5658,6159
1236,2380,3262,3862,4308,4775,5257,5657,6161
1234,2380,3263,3862,4309,4773,5254,5657,6159
1233,2380,3262,3864,4310,4772,5256,5660,6157
1234,2381,3260,3865,4309,4774,5258,5661,6160
1234,2380,3259,3864,4307,4774,5255,5658,6164
1235,2380,3259,3863,4306,4773,5254,5657,6162
1235,2380,3260,3864,4307,4776,5256,5659,6160
1236,2382,3260,3865,4309,4778,5258,5656,6163
1235,2380,3260,3863,4309,4777,5259,5655,6160
1234,2379,3260,3861,4308,4774,5258,5658,6159
1234,2380,3262,3861,4307,4773,5256,5656,6161
1234,2380,3262,3862,4308,4774,5257,5655,6164
1234,2380,3262,3865,4310,4773,5258,5656,6163
1235,2378,3261,3864,4312,4773,5261,5656,6160
1235,2379,3262,3863,4310,4775,5258,5654,6164
1235,2380,3263,3865,4309,4776,5256,5656,6161
1235,2380,3266,3866,4310,4776,5254,5659,6159
1234,2380,3263,3865,4313,4775,5256,5659,6162
1234,2380,3262,3864,4315,4777,5257,5659,6166
1233,2379,3261,3865,4313,4778,5255,5661,6164
1235,2378,3262,3866,4312,4777,5253,5659,6163
1234,2378,3263,3864,4311,4775,5251,5656,6166
1235,2379,3265,3863,4313,4779,5249,5658,6162
1235,2378,3264,3866,4313,4780,5250,5656,6160
1235,2378,3264,3867,4314,4779,5252,5655,6162
1234,2377,3263,3865,4313,4777,5254,5658,6165
1233,2378,3263,3864,4311,4780,5254,5656,6163
1233,2377,3264,3863,4311,4778,5251,5654,6160
1234,2376,3266,3864,4312,4776,5248,5656,6163
1234,2376,3265,3867,4315,4774,5251,5655,6161
1234,2376,3265,3864,4313,4778,5252,5653,6159
1235,2376,3263,3862,4311,4777,5254,5656,6159
1235,2375,3262,3863,4309,4776,5254,5655,6161
1235,2375,3263,3866,4311,4778,5253,5653,6160
1234,2377,3266,3865,4312,4781,5250,5655,6159
1234,2378,3267,3864,4313,4779,5251,5654,6156
1233,2377,3268,3866,4312,4778,5252,5653,6160
1234,2377,3267,3867,4311,4781,5254,5654,6157
1234,2379,3266,3866,4310,4783,5256,5652,6157
1235,2378,3264,3865,4312,4783,5255,5652,6158
1234,2379,3266,3867,4313,4783,5253,5654,6161
1235,2378,3267,3867,4314,4786,5254,5653,6158
1234,2379,3268,3866,4313,4787,5256,5652,6156
1233,2380,3268,3864,4312,4786,5254,5653,6156
1232,2379,3268,3866,4311,4784,5253,5655,6156
1232,2378,3266,3868,4312,4786,5252,5653,6155
1232,2377,3266,3866,4314,4785,5253,5652,6158
1233,2379,3268,3865,4314,4784,5254,5654,6159
1233,2378,3269,3866,4313,4783,5256,5652,6158
1233,2376,3270,3867,4312,4786,5253,5649,6154
1231,2378,3269,3867,4313,4784,5251,5652,6156
1232,2379,3268,3865,4314,4783,5248,5649,6159
1231,2379,3267,3865,4312,4786,5249,5646,6159
1231,2379,3266,3867,4311,4787,5252,5648,6157
1232,2380,3267,3866,4310,4786,5253,5648,6160
1232,2380,3268,3865,4311,4786,5254,5647,6162
1231,2380,3269,3865,4314,4789,5252,5648,6160
1230,2380,3269,3866,4315,4788,5251,5649,6158
1229,2380,3269,3868,4314,4787,5249,5648,6161
1228,2381,3269,3866,4313,4788,5250,5646,6159
1228,2380,3269,3864,4311,4791,5251,5648,6157
1229,2381,3270,3867,4313,4789,5253,5648,6155
1229,2381,3272,3867,4314,4786,5252,5646,6157
1230,2382,3272,3865,4313,4787,5249,5650,6155
1230,2381,3271,3862,4312,4787,5246,5647,6153
1229,2380,3270,3864,4311,4786,5247,5645,6156
1228,2380,3270,3866,4314,4786,5249,5645,6158
1230,2380,3270,3866,4315,4786,5250,5644,6156
1230,2381,3271,3864,4316,4785,5251,5642,6154
1230,2380,3272,3865,4315,4784,5249,5645,6156
1231,2379,3273,3864,4314,4786,5246,5644,6154
1231,2380,3272,3863,4316,4785,5244,5643,6153
1230,2379,3272,3863,4317,4784,5246,5645,6152
1230,2379,3272,3863,4317,4783,5247,5648,6155
1229,2377,3274,3865,4316,4787,5249,5645,6153
1230,2379,3275,3863,4314,4786,5245,5643,6151
1230,2380,3276,3862,4313,4785,5241,5647,6149
1230,2379,3275,3862,4314,4786,5240,5645,6150
1231,2378,3275,3865,4316,4789,5241,5643,6149
1230,2379,3274,3864,4318,4787,5244,5645,6148
1230,2380,3272,3863,4317,4785,5241,5644,6147
1229,2379,3272,3864,4315,4787,5240,5642,6150
1230,2378,3274,3865,4313,4790,5237,5644,6148
1230,2378,3274,3865,4314,4790,5239,5643,6146
1231,2380,3274,3864,4315,4789,5241,5643,6144
1230,2379,3273,3865,4315,4791,5240,5644,6147
1231,2378,3273,3866,4314,4793,5239,5642,6145
1230,2379,3273,3865,4313,4791,5238,5640,6142
1228,2381,3274,3865,4315,4790,5239,5642,6141
1227,2380,3275,3867,4316,4792,5241,5640,6144
1226,2380,3274,3868,4318,4791,5242,5638,6141
1227,2382,3274,3866,4315,4791,5240,5641,6139
1227,2382,3274,3865,4313,4793,5238,5644,6139
1227,2381,3274,3867,4315,4796,5237,5642,6141
1228,2381,3275,3868,4316,4793,5238,5640,6141
1228,2381,3276,3866,4318,4792,5239,5642,6138
1229,2382,3275,3865,4317,4793,5237,5640,6141
1229,2381,3274,3866,4315,4796,5235,5638,6139
1229,2379,3274,3867,4314,4794,5232,5641,6137
1231,2379,3273,3870,4315,4793,5230,5642,6140
1231,2379,3275,3869,4317,4795,5231,5642,6144
1231,2379,3275,3868,4319,4798,5234,5640,6142
1231,2379,3276,3870,4317,4797,5236,5642,6141
1230,2379,3278,3868,4316,4796,5234,5641,6142
1230,2378,3277,3868,4315,4797,5233,5638,6140
1230,2379,3276,3867,4318,4796,5231,5641,6137
1230,2379,3275,3868,4319,4794,5232,5640,6136
1230,2378,3274,3865,4317,4792,5234,5638,6137
1231,2378,3275,3865,4315,4795,5232,5640,6139
1231,2379,3276,3867,4314,4793,5233,5642,6139
1230,2378,3277,3867,4316,4792,5233,5639,6137
1229,2378,3280,3866,4316,4792,5235,5637,6138
1228,2377,3279,3864,4315,4793,5236,5638,6137
1229,2378,3278,3863,4314,4792,5235,5640,6137
1230,2379,3277,3865,4314,4790,5233,5639,6139
1230,2378,3278,3863,4315,4791,5231,5638,6141
1230,2377,3279,3860,4317,4793,5232,5639,6140
1231,2377,3280,3859,4318,4793,5234,5639,6137
1231,2378,3280,3861,4316,4791,5232,5637,6140
1231,2377,3278,3863,4315,4793,5229,5639,6143
1231,2375,3275,3863,4313,4794,5228,5641,6142
1231,2377,3276,3862,4314,4793,5226,5640,6140
1232,2379,3278,3861,4315,4791,5227,5639,6143
1232,2379,3280,3861,4315,4792,5229,5641,6140
1232,2378,3279,3861,4314,4791,5226,5639,6138
1231,2377,3277,3860,4313,4790,5225,5637,6136
1231,2378,3276,3861,4313,4790,5227,5638,6140
1231,2379,3276,3862,4315,4791,5228,5639,6138
1231,2377,3278,3861,4313,4790,5229,5639,6137
1231,2376,3279,3860,4312,4788,5231,5638,6139
1232,2377,3277,3862,4309,4790,5229,5639,6138
1233,2378,3275,3863,4311,4792,5227,5642,6136
1233,2377,3274,3863,4313,4790,5225,5640,6139
1233,2377,3274,3861,4314,4789,5227,5638,6138
1232,2377,3275,3860,4313,4791,5228,5639,6137
1231,2376,3277,3861,4311,4793,5227,5638,6139
1232,2375,3278,3864,4310,4792,5225,5637,6141
1232,2374,3278,3862,4311,4790,5223,5639,6139
1233,2373,3277,3860,4314,4792,5224,5637,6135
1233,2374,3275,3861,4314,4794,5226,5636,6138
1232,2376,3277,3860,4312,4793,5227,5634,6137
1231,2376,3278,3859,4310,4791,5226,5636,6135
1231,2376,3279,3858,4310,4792,5224,5634,6133
1232,2377,3281,3860,4312,4793,5226,5635,6135
1232,2377,3279,3859,4313,4793,5228,5637,6136
1232,2376,3277,3858,4314,4794,5226,5638,6134
1232,2375,3276,3858,4313,4796,5223,5636,6131
1233,2374,3277,3859,4311,4795,5220,5634,6135
1232,2375,3279,3858,4310,4793,5221,5635,6133
1231,2376,3281,3856,4310,4796,5223,5638,6132
1232,2374,3280,3856,4312,4797,5223,5637,6131
1232,2373,3278,3858,4310,4795,5221,5636,6133
1232,2374,3278,3857,4310,4794,5219,5637,6131
1231,2375,3279,3855,4309,4797,5222,5639,6131
1231,2373,3280,3858,4311,4796,5223,5637,6133
1231,2371,3282,3858,4312,4794,5221,5634,6131
1230,2371,3279,3857,4314,4793,5219,5635,6129
1230,2371,3278,3856,4313,4795,5218,5633,6132
1231,2373,3277,3858,4311,4793,5220,5632,6133
1230,2373,3278,3859,4308,4791,5221,5631,6131
1231,2373,3279,3857,4310,4793,5223,5632,6129
1231,2372,3281,3854,4311,4796,5221,5634,6133
1231,2372,3281,3853,4311,4795,5219,5632,6131
1231,2374,3280,3856,4311,4794,5218,5629,6129
1230,2372,3279,3855,4309,4796,5219,5630,6132
1231,2372,3280,3852,4310,4798,5222,5629,6134
1232,2373,3282,3851,4312,4797,5220,5628,6132
1232,2374,3283,3852,4310,4796,5219,5626,6132
1234,2373,3283,3852,4308,4798,5217,5628,6134
1233,2372,3282,3851,4307,4797,5218,5626,6134
1233,2370,3280,3852,4308,4796,5219,5624,6132
1231,2371,3281,3854,4310,4794,5217,5623,6135
1230,2369,3282,3852,4312,4796,5216,5623,6133
1231,2368,3284,3852,4310,4795,5216,5625,6132
1231,2367,3285,3854,4309,4794,5220,5622,6130
1232,2368,3283,3856,4310,4795,5218,5626,6134
1232,2370,3282,3855,4311,4797,5214,5627,6132
1232,2369,3281,3854,4312,4795,5212,5627,6131
1232,2368,3283,3856,4311,4795,5213,5625,6133
1232,2368,3283,3858,4310,4797,5216,5628,6136
1232,2368,3284,3857,4308,4795,5214,5626,6134
1233,2368,3283,3856,4310,4793,5213,5624,6134
1233,2368,3283,3858,4312,4792,5212,5626,6136
1234,2367,3282,3857,4311,4794,5213,5629,6134
1233,2367,3281,3857,4309,4792,5215,5627,6132
1232,2368,3281,3857,4307,4791,5215,5625,6135
1233,2368,3283,3857,4308,4792,5214,5626,6133
1232,2367,3285,3859,4310,4795,5213,5628,6132
1233,2366,3284,3858,4308,4794,5215,5628,6131
1232,2365,3284,3856,4307,4793,5216,5626,6134
1233,2366,3282,3859,4306,4794,5217,5628,6133
1232,2368,3282,3859,4309,4797,5216,5630,6132
1232,2367,3284,3858,4310,4795,5214,5628,6133
1232,2366,3285,3857,4312,4794,5212,5626,6136
1232,2366,3284,3858,4310,4795,5214,5627,6134
1232,2366,3284,3860,4309,4797,5217,5629,6133
1233,2368,3282,3859,4308,4796,5214,5629,6135
1233,2367,3283,3858,4309,4795,5212,5628,6134
1233,2365,3285,3859,4310,4796,5210,5629,6133
1232,2366,3287,3860,4311,4798,5212,5632,6136
1231,2368,3288,3859,4310,4798,5214,5629,6137
1231,2367,3286,3858,4310,4796,5212,5627,6137
1230,2366,3284,3857,4310,4797,5210,5629,6136
1231,2365,3282,3858,4312,4796,5213,5632,6140
1231,2365,3284,3856,4313,4795,5215,5630,6138
1232,2366,3285,3855,4312,4795,5213,5628,6136
1231,2366,3286,3857,4310,4796,5211,5631,6137
1229,2366,3285,3860,4308,4795,5210,5632,6136
1229,2367,3283,3859,4308,4794,5211,5630,6135
1229,2367,3281,3857,4310,4796,5213,5628,6139
1229,2368,3283,3855,4312,4794,5215,5632,6141
1229,2368,3284,3857,4311,4792,5214,5633,6139
1230,2367,3286,3859,4309,4790,5212,5632,6137
1229,2367,3287,3856,4307,4793,5210,5631,6140
1229,2368,3286,3855,4309,4792,5212,5633,6141
1228,2369,3286,3855,4310,4790,5213,5633,6141
1227,2368,3284,3857,4308,4792,5215,5632,6139
1227,2367,3286,3859,4306,4795,5213,5630,6143
1228,2368,3287,3858,4305,4794,5212,5634,6140
1228,2368,3288,3857,4305,4793,5210,5635,6138
1228,2370,3286,3859,4308,4795,5212,5634,6139
1229,2369,3285,3860,4309,4794,5215,5633,6143
1228,2369,3286,3859,4308,4794,5213,5635,6141
1228,2370,3288,3858,4306,4793,5211,5637,6139
1227,2370,3289,3858,4305,4796,5210,5634,6142
1228,2371,3291,3857,4307,4794,5211,5632,6140
1228,2370,3290,3856,4308,4794,5213,5635,6138
1229,2369,3289,3855,4307,4795,5211,5637,6141
1228,2370,3287,3858,4306,4797,5210,5635,6143
1228,2372,3289,3859,4304,4796,5211,5634,6143
1228,2371,3290,3858,4307,4795,5214,5636,6141
1228,2370,3291,3857,4308,4798,5212,5637,6143
1228,2370,3292,3856,4307,4801,5210,5637,6146
1228,2370,3290,3858,4306,4799,5208,5636,6145
1229,2371,3289,3856,4305,4798,5209,5638,6142
1228,2370,3290,3854,4306,4800,5212,5639,6145
1228,2370,3291,3855,4308,4802,5211,5639,6149
1227,2371,3293,3856,4305,4800,5209,5637,6147
1226,2371,3292,3855,4304,4800,5207,5640,6145
1225,2371,3292,3855,4302,4803,5209,5642,6147
1226,2371,3291,3855,4305,4804,5210,5641,6149
1226,2370,3291,3857,4305,4805,5209,5639,6147
1227,2371,3293,3858,4307,4804,5207,5642,6146
1227,2371,3294,3857,4308,4803,5208,5639,6144
1227,2371,3294,3857,4307,4806,5209,5637,6148
1226,2371,3293,3858,4306,4806,5211,5638,6149
1226,2370,3291,3858,4307,4804,5209,5638,6148
1226,2372,3291,3857,4308,4803,5207,5637,6145
1226,2373,3292,3856,4310,4802,5205,5641,6147
1227,2372,3293,3857,4309,4803,5207,5642,6150
1228,2371,3295,3858,4308,4805,5208,5640,6149
1228,2372,3294,3857,4306,4804,5207,5639,6147
1227,2372,3293,3856,4308,4803,5207,5641,6144
1227,2371,3292,3856,4310,4802,5204,5640,6147
1227,2370,3295,3858,4311,4803,5206,5639,6145
1227,2371,3295,3858,4309,4804,5208,5641,6143
1226,2372,3296,3857,4307,4803,5205,5645,6142
1227,2370,3295,3857,4306,4801,5204,5643,6146
1227,2369,3294,3859,4308,4799,5203,5642,6147
1228,2370,3293,3858,4310,4801,5205,5643,6145
1228,2370,3291,3857,4309,4802,5208,5642,6143
1227,2371,3292,3859,4308,4805,5206,5640,6144
1226,2371,3295,3860,4306,4803,5205,5644,6147
1226,2370,3297,3860,4308,4801,5207,5643,6146
1226,2372,3296,3859,4309,4803,5208,5642,6145
1227,2373,3295,3860,4310,4806,5210,5644,6146
1227,2373,3294,3863,4309,4808,5208,5647,6149
1228,2372,3292,3860,4308,4807,5206,5644,6147
1228,2374,3292,3859,4307,4806,5209,5642,6145
1228,2374,3293,3860,4309,4807,5210,5644,6142
1227,2374,3293,3861,4310,4809,5212,5644,6147
1226,2373,3291,3861,4312,4807,5210,5643,6145
1226,2374,3290,3860,4311,4805,5207,5646,6143
1226,2375,3288,3862,4310,4804,5208,5644,6142
1228,2374,3290,3864,4310,4807,5210,5642,6145
1227,2373,3291,3862,4313,4809,5208,5646,6142
1228,2373,3292,3861,4312,4808,5206,5644,6141
1228,2374,3292,3863,4312,4807,5204,5644,6143
1227,2374,3291,3863,4311,4808,5207,5645,6146
1226,2374,3290,3861,4309,4810,5208,5644,6145
1227,2375,3291,3858,4311,4809,5206,5643,6143
1227,2376,3292,3857,4313,4808,5205,5646,6141
1227,2375,3294,3859,4314,4806,5203,5644,6144
1227,2374,3292,3861,4313,4809,5206,5643,6143
1228,2374,3290,3860,4311,4811,5206,5646,6142
1229,2374,3289,3859,4313,4809,5205,5645,6140
1228,2376,3291,3861,4314,4808,5203,5643,6144
1227,2374,3292,3862,4316,4807,5201,5645,6141
1226,2374,3294,3861,4315,4808,5202,5648,6138
1228,2375,3293,3860,4314,4805,5204,5646,6139
1227,2376,3291,3861,4312,4803,5202,5645,6143
1227,2375,3289,3862,4314,4802,5201,5647,6140
1228,2374,3291,3861,4316,4805,5200,5647,6138
1227,2373,3292,3860,4315,4806,5201,5647,6141
1226,2372,3293,3863,4314,4805,5203,5649,6142
1225,2374,3294,3863,4313,4804,5202,5648,6140
1224,2373,3292,3861,4313,4802,5200,5647,6139
1224,2372,3291,3860,4315,4805,5198,5648,6142
1225,2373,3290,3859,4318,4805,5199,5647,6141
1225,2375,3291,3860,4317,4804,5201,5646,6140
1226,2374,3293,3861,4316,4803,5200,5650,6143
1227,2374,3295,3860,4314,4802,5198,5648,6140
1226,2373,3293,3860,4316,4804,5195,5648,6137
1225,2373,3292,3861,4317,4805,5198,5650,6140
1225,2373,3291,3863,4316,4804,5200,5648,6140
1224,2373,3292,3862,4314,4802,5200,5645,6138
1225,2372,3293,3861,4312,4801,5198,5648,6136
1225,2373,3295,3863,4315,4803,5197,5648,6139
1225,2374,3294,3863,4317,4805,5200,5646,6137
1225,2373,3293,3865,4318,4804,5201,5649,6135
1226,2373,3292,3864,4317,4801,5203,5653,6138
1226,2374,3291,3863,4316,4799,5201,5651,6136
1225,2375,3292,3863,4315,4801,5199,5650,6134
1224,2373,3294,3864,4316,4802,5200,5652,6134
1223,2372,3294,3864,4318,4805,5202,5653,6135
1222,2371,3294,3864,4316,4802,5201,5652,6134
1223,2373,3292,3865,4315,4801,5200,5655,6133
1223,2375,3291,3863,4314,4800,5199,5653,6135
1224,2374,3292,3861,4316,4800,5201,5652,6134
1223,2373,3294,3860,4317,4801,5203,5654,6133
1224,2374,3293,3862,4319,4802,5204,5652,6135
1224,2374,3292,3863,4318,4801,5203,5652,6134
1224,2374,3291,3861,4316,4799,5201,5655,6132
1225,2373,3289,3859,4317,4796,5204,5653,6131
1224,2374,3290,3860,4318,4799,5205,5651,6134
1225,2375,3292,3862,4320,4802,5208,5651,6133
1224,2374,3294,3862,4322,4801,5206,5649,6130
1224,2373,3292,3860,4321,4799,5205,5647,6133
1225,2371,3291,3863,4320,4798,5205,5645,6135
1224,2373,3290,3863,4319,4800,5208,5649,6133
1223,2374,3291,3862,4321,4802,5209,5648,6132
1222,2372,3292,3861,4322,4800,5208,5647,6136
1223,2371,3293,3862,4323,4798,5207,5649,6135
1223,2372,3291,3863,4322,4800,5206,5648,6133
1223,2374,3290,3861,4321,4799,5207,5646,6136
1224,2373,3289,3859,4321,4799,5209,5648,6139
1224,2373,3290,3859,4323,4798,5210,5648,6137
1224,2373,3291,3860,4325,4799,5208,5647,6135
1226,2375,3293,3862,4324,4801,5207,5651,6138
1224,2373,3292,3861,4323,4799,5207,5652,6137
1225,2373,3291,3860,4322,4799,5209,5652,6135
1226,2372,3289,3861,4324,4797,5210,5651,6139
1226,2373,3291,3860,4325,4799,5209,5654,6139
1226,2375,3292,3859,4327,4802,5207,5653,6137
1225,2372,3293,3859,4326,4801,5205,5654,6135
1225,2372,3294,3860,4325,4799,5205,5656,6139
1224,2371,3293,3858,4324,4798,5207,5654,6141
1225,2372,3291,3857,4326,4799,5206,5653,6140
1225,2371,3290,3856,4327,4801,5204,5656,6138
1225,2370,3291,3859,4327,4799,5202,5654,6141
1225,2372,3292,3857,4326,4797,5204,5653,6139
1226,2373,3293,3855,4324,4799,5207,5657,6138
1226,2373,3294,3853,4325,4802,5204,5655,6142
1226,2372,3292,3855,4326,4801,5203,5654,6140
1225,2371,3290,3856,4328,4800,5201,5654,6138
1226,2372,3291,3854,4328,4798,5204,5652,6138
1227,2371,3292,3852,4326,4800,5205,5651,6138
1227,2370,3291,3854,4325,4804,5208,5653,6137
1227,2369,3289,3856,4326,4801,5206,5658,6135
1227,2370,3287,3855,4328,4800,5204,5657,6139
1227,2371,3286,3855,4327,4799,5203,5655,6140
1227,2370,3286,3854,4324,4801,5205,5659,6140
1225,2368,3288,3856,4322,4802,5206,5658,6139
1225,2367,3287,3857,4325,4802,5208,5656,6141
1225,2367,3286,3856,4326,4800,5206,5659,6143
1225,2368,3284,3855,4326,4799,5205,5658,6143
1226,2367,3283,3855,4326,4800,5206,5657,6141
1226,2367,3283,3856,4325,4799,5208,5661,6144
1226,2366,3285,3858,4325,4797,5209,5659,6146
1227,2366,3286,3857,4327,4798,5210,5659,6145
1226,2366,3285,3856,4330,4800,5208,5662,6143
1225,2366,3284,3857,4328,4798,5208,5659,6141
1226,2366,3282,3858,4328,4797,5210,5658,6145
1226,2365,3283,3857,4326,4797,5211,5661,6142
1227,2366,3284,3856,4328,4798,5213,5661,6140
1226,2366,3286,3856,4330,4797,5211,5661,6139
1226,2365,3285,3855,4329,4795,5209,5660,6142
1225,2366,3285,3854,4327,4794,5206,5662,6140
1224,2367,3284,3853,4326,4797,5208,5661,6139
1224,2366,3284,3854,4328,4796,5211,5660,6143
1223,2366,3286,3854,4330,4796,5210,5663,6146
1224,2365,3287,3853,4328,4798,5209,5663,6144
1224,2366,3286,3852,4327,4800,5207,5663,6144
1224,2364,3285,3854,4326,4798,5209,5665,6144
1224,2363,3286,3853,4329,4796,5210,5664,6143
1223,2363,3287,3852,4330,4798,5207,5661,6143
1223,2364,3288,3851,4333,4798,5205,5660,6143
1223,2366,3289,3852,4331,4797,5204,5663,6144
1224,2366,3288,3851,4330,4800,5206,5662,6146
1223,2367,3287,3850,4329,4801,5208,5662,6144
1224,2368,3287,3849,4331,4803,5210,5665,6141
1223,2367,3287,3851,4331,4801,5208,5663,6144
1222,2367,3288,3852,4331,4800,5205,5662,6146
1223,2366,3289,3850,4330,4799,5207,5664,6145
1222,2365,3288,3849,4330,4801,5208,5666,6144
1222,2366,3286,3850,4331,4804,5211,5666,6143
1223,2367,3284,3850,4332,4802,5208,5670,6145
1223,2367,3284,3849,4331,4801,5206,5671,6143
1222,2366,3285,3847,4331,4799,5205,5671,6141
1221,2365,3287,3848,4329,4801,5206,5670,6140
1221,2365,3286,3850,4331,4803,5208,5672,6142
1221,2366,3286,3848,4332,4805,5206,5670,6141
1221,2367,3286,3848,4334,4804,5205,5669,6139
1222,2366,3286,3849,4334,4803,5204,5672,6142
1222,2365,3287,3850,4333,4806,5206,5671,6141
1223,2367,3288,3849,4334,4808,5208,5670,6140
1222,2368,3288,3848,4336,4807,5206,5672,6140
1222,2368,3288,3849,4338,4806,5204,5671,6144
1221,2367,3288,3852,4337,4805,5202,5670,6141
1221,2367,3287,3849,4336,4808,5203,5673,6140
1222,2368,3289,3848,4335,4808,5205,5672,6142
1222,2368,3289,3849,4336,4807,5203,5671,6141
1222,2368,3288,3851,4339,4806,5202,5673,6140
1222,2367,3288,3850,4338,4809,5204,5671,6140
1220,2366,3289,3849,4337,4810,5205,5669,6141
1219,2367,3290,3851,4336,4809,5203,5672,6144
1220,2368,3292,3852,4337,4806,5202,5670,6143
1220,2367,3291,3850,4339,4804,5199,5670,6140
1220,2367,3290,3848,4340,4805,5201,5673,6143
1220,2367,3289,3850,4339,4804,5204,5676,6143
1220,2369,3291,3849,4336,4802,5203,5674,6142
1222,2369,3291,3848,4335,4801,5201,5674,6141
1222,2369,3292,3847,4337,4803,5199,5675,6143
1221,2368,3291,3847,4340,4806,5202,5673,6142
1221,2367,3289,3849,4341,4804,5202,5672,6141
1220,2368,3288,3847,4340,4803,5200,5675,6144
1221,2369,3289,3846,4338,4801,5197,5677,6143
1222,2369,3291,3845,4340,4803,5195,5676,6142
1222,2369,3292,3847,4340,4805,5197,5674,6141
1222,2368,3292,3848,4342,4804,5200,5676,6144
1222,2369,3291,3848,4342,4803,5198,5675,6143
1222,2370,3289,3846,4341,4802,5197,5675,6141
1223,2370,3290,3845,4340,4803,5196,5675,6143
1223,2369,3291,3846,4343,4805,5197,5678,6146
1224,2368,3292,3848,4344,4807,5198,5677,6146
1224,2368,3292,3848,4343,4806,5198,5675,6144
1225,2369,3290,3847,4341,4803,5197,5678,6147
1225,2368,3288,3847,4340,4806,5200,5675,6148
1225,2368,3289,3848,4341,4808,5200,5672,6148
1225,2369,3291,3850,4343,4807,5202,5675,6146
1226,2370,3293,3849,4344,4807,5200,5675,6151
1225,2371,3294,3848,4344,4806,5198,5675,6152
1225,2370,3292,3849,4343,4807,5199,5677,6155
1224,2370,3291,3849,4345,4807,5201,5676,6154
1223,2369,3292,3849,4346,4805,5199,5675,6152
1224,2370,3292,3849,4348,4804,5197,5677,6154
1225,2371,3294,3851,4347,4805,5195,5679,6154
1225,2371,3292,3851,4345,4808,5197,5679,6154
1225,2369,3291,3851,4344,4806,5199,5682,6157
1225,2369,3289,3849,4345,4805,5199,5681,6160
1225,2369,3289,3849,4347,4806,5198,5679,6158
1225,2371,3291,3849,4349,4809,5197,5677,6156
1224,2370,3293,3851,4348,4810,5200,5680,6160
1222,2369,3294,3849,4346,4809,5201,5678,6159
1222,2369,3293,3848,4345,4808,5199,5678,6158
1223,2369,3292,3850,4346,4810,5196,5681,6160
1223,2370,3290,3852,4348,4812,5194,5679,6159
1224,2372,3292,3851,4349,4811,5195,5677,6157
1223,2372,3293,3850,4347,4809,5197,5680,6155
1223,2372,3294,3852,4346,4808,5195,5678,6158
1222,2374,3292,3853,4349,4810,5193,5677,6158
1223,2373,3291,3852,4351,4811,5191,5680,6157
1223,2372,3290,3851,4352,4810,5193,5678,6160
1223,2371,3291,3850,4353,4808,5195,5677,6162
1224,2372,3293,3850,4352,4810,5194,5678,6162
1224,2371,3294,3848,4351,4813,5192,5678,6160
1224,2370,3293,3846,4349,4811,5190,5677,6163
1225,2370,3292,3849,4349,4810,5192,5679,6164
1225,2370,3290,3850,4351,4809,5195,5677,6163
1225,2371,3291,3849,4352,4811,5193,5676,6166
1226,2370,3293,3848,4355,4812,5190,5675,6169
1225,2370,3293,3847,4353,4810,5190,5679,6166
1226,2371,3295,3849,4351,4809,5191,5677,6165
1226,2372,3293,3851,4352,4810,5192,5677,6168
1226,2372,3291,3849,4354,4814,5190,5678,6168
1226,2371,3290,3848,4355,4812,5190,5676,6167
1226,2371,3291,3848,4354,4811,5191,5675,6171
1225,2371,3293,3850,4352,4809,5194,5678,6173
1225,2373,3294,3850,4354,4812,5192,5677,6171
1226,2371,3294,3848,4356,4813,5191,5676,6170
1226,2370,3293,3851,4358,4811,5189,5675,6175
1225,2371,3292,3851,4356,4809,5191,5677,6172
1226,2372,3293,3853,4353,4809,5193,5675,6170
1227,2372,3294,3851,4352,4811,5191,5675,6170
1227,2371,3296,3851,4353,4813,5189,5677,6172
1227,2369,3294,3850,4354,4810,5187,5677,6170
1226,2370,3294,3852,4355,4809,5187,5676,6169
1226,2371,3292,3851,4354,4806,5190,5678,6174
1227,2370,3293,3850,4352,4808,5188,5677,6175
1228,2370,3295,3852,4355,4810,5185,5676,6174
1227,2370,3296,3854,4356,4809,5183,5674,6173
1225,2370,3297,3853,4355,4808,5185,5677,6175
1224,2371,3295,3852,4353,4810,5188,5676,6177
1224,2371,3293,3850,4354,4811,5190,5676,6177
1224,2370,3293,3852,4355,4810,5188,5677,6176
1225,2370,3291,3851,4356,4809,5187,5681,6179
1226,2372,3293,3848,4355,4811,5189,5677,6178
1225,2371,3293,3851,4353,4812,5190,5676,6176
1226,2370,3295,3851,4355,4811,5188,5678,6175
1226,2369,3295,3852,4358,4810,5187,5678,6178
1226,2370,3293,3852,4358,4809,5185,5677,6177
1226,2370,3292,3850,4358,4810,5187,5679,6176
1227,2370,3291,3851,4356,4812,5189,5677,6178
1227,2368,3293,3850,4357,4810,5190,5676,6181
1228,2367,3294,3848,4358,4808,5191,5674,6179
1228,2368,3294,3847,4359,4807,5190,5676,6177
1229,2369,3293,3848,4358,4809,5188,5676,6179
1228,2368,3292,3849,4356,4811,5190,5675,6180
1227,2367,3291,3848,4356,4810,5192,5678,6178
1226,2367,3293,3847,4358,4809,5190,5677,6176
1225,2368,3294,3848,4358,4811,5189,5676,6179
1225,2369,3294,3851,4357,4813,5188,5677,6177
1225,2368,3295,3852,4355,4811,5190,5680,6175
1226,2368,3293,3850,4358,4809,5191,5678,6178
1226,2367,3293,3849,4358,4806,5189,5677,6182
1226,2368,3293,3850,4356,4808,5188,5678,6180
1226,2369,3294,3850,4355,4810,5188,5678,6179
1225,2369,3295,3849,4357,4810,5190,5676,6182
1225,2369,3296,3850,4358,4809,5189,5679,6179
1225,2368,3296,3850,4357,4810,5188,5677,6178
1225,2367,3297,3850,4355,4811,5186,5676,6177
1225,2368,3296,3850,4354,4813,5188,5679,6180
1225,2369,3295,3852,4356,4811,5189,5678,6179
1226,2368,3293,3851,4358,4809,5192,5677,6178
1226,2368,3291,3850,4356,4812,5190,5679,6180
1225,2369,3291,3849,4355,4814,5189,5680,6181
1224,2370,3293,3849,4356,4813,5190,5679,6179
1224,2371,3294,3851,4358,4811,5192,5677,6178
1222,2371,3294,3849,4357,4809,5191,5680,6182
1223,2370,3293,3847,4355,4810,5189,5680,6180
1224,2371,3292,3848,4354,4812,5187,5679,6180
1223,2372,3293,3849,4355,4810,5190,5682,6181
1224,2371,3294,3848,4356,4809,5193,5679,6184
1224,2369,3295,3848,4358,4809,5192,5677,6182
1224,2368,3295,3849,4356,4810,5191,5678,6182
1225,2369,3294,3851,4355,4813,5190,5678,6184
1226,2370,3293,3849,4356,4811,5193,5678,6183
1226,2369,3292,3848,4359,4810,5193,5681,6181
1226,2368,3293,3847,4357,4812,5191,5679,6180
1227,2367,3294,3848,4356,4813,5189,5677,6181
1227,2367,3295,3849,4353,4812,5188,5675,6180
1227,2367,3294,3848,4355,4811,5190,5677,6180
1226,2367,3294,3846,4356,4810,5191,5676,6183
1226,2366,3293,3846,4354,4812,5190,5676,6184
1226,2366,3294,3848,4352,4814,5189,5677,6184
1226,2368,3295,3850,4349,4812,5188,5676,6181
1227,2369,3296,3849,4351,4810,5190,5675,6184
1227,2368,3294,3848,4353,4812,5192,5676,6187
1226,2367,3292,3849,4354,4813,5192,5678,6186
1227,2369,3291,3850,4353,4811,5191,5676,6184
1227,2370,3292,3850,4351,4808,5190,5674,6188
1226,2370,3292,3848,4349,4812,5191,5678,6185
1225,2369,3294,3850,4350,4813,5194,5677,6182
1225,2369,3293,3849,4351,4812,5191,5676,6184
1226,2369,3292,3849,4352,4810,5189,5678,6183
1226,2371,3291,3848,4350,4809,5192,5675,6182
1226,2370,3292,3851,4349,4810,5194,5673,6181
1227,2370,3293,3851,4348,4811,5196,5675,6183
1226,2368,3293,3850,4346,4810,5195,5678,6182
1226,2369,3295,3849,4348,4809,5193,5677,6180
1226,2370,3294,3851,4349,4811,5192,5675,6183
1226,2370,3293,3851,4348,4814,5194,5677,6182
1226,2370,3291,3849,4346,4812,5194,5676,6180
1226,2369,3291,3847,4344,4810,5193,5674,6179
1227,2369,3293,3846,4345,4809,5192,5677,6181
1227,2369,3294,3848,4347,4810,5190,5677,6180
1227,2370,3295,3850,4345,4811,5192,5676,6177
1226,2369,3295,3849,4343,4810,5194,5678,6179
1226,2368,3294,3848,4342,4809,5196,5676,6179
1226,2367,3293,3850,4343,4811,5195,5674,6177
1227,2367,3294,3851,4345,4813,5193,5676,6175
1227,2369,3295,3850,4346,4811,5195,5675,6178
1228,2368,3297,3848,4344,4808,5198,5675,6178
1228,2368,3298,3850,4342,4811,5197,5677,6177
1228,2368,3296,3850,4342,4811,5196,5681,6175
1228,2369,3293,3850,4344,4810,5194,5678,6179
1228,2368,3292,3849,4346,4808,5197,5677,6177
1228,2368,3292,3852,4345,4807,5197,5679,6176
1227,2367,3294,3853,4343,4809,5194,5677,6179
1228,2367,3296,3852,4341,4811,5192,5676,6181
1228,2368,3294,3851,4342,4810,5191,5680,6179
1229,2369,3293,3852,4343,4808,5193,5678,6178
1228,2369,3292,3853,4341,4810,5194,5678,6181
1227,2369,3293,3852,4340,4811,5194,5680,6179
1227,2368,3294,3850,4339,4810,5193,5678,6177
1227,2368,3295,3851,4341,4810,5191,5677,6176
1227,2369,3293,3852,4343,4811,5193,5679,6177
1227,2368,3292,3852,4343,4814,5195,5678,6175
1228,2367,3291,3851,4342,4812,5197,5678,6175
1228,2366,3291,3851,4341,4811,5195,5680,6178
1227,2368,3292,3852,4342,4809,5193,5678,6179
1227,2368,3294,3851,4342,4812,5194,5677,6177
1226,2367,3293,3850,4344,4808,5196,5678,6175
1225,2366,3293,3849,4342,4807,5198,5681,6177
1224,2364,3292,3850,4341,4805,5196,5679,6179
1224,2366,3292,3849,4340,4808,5195,5678,6179
1225,2365,3293,3848,4342,4809,5195,5680,6177
1225,2365,3295,3847,4343,4807,5197,5679,6180
1225,2364,3294,3849,4341,4805,5198,5678,6182
1225,2366,3293,3850,4339,4803,5197,5680,6181
1225,2366,3291,3848,4338,4804,5195,5678,6179
1225,2366,3290,3847,4338,4806,5193,5677,6181
1225,2366,3291,3846,4339,4805,5194,5680,6180
1226,2366,3292,3847,4338,4804,5196,5679,6178
1226,2367,3294,3848,4337,4802,5194,5678,6180
1226,2366,3293,3848,4335,4806,5193,5680,6179
1227,2365,3291,3847,4337,4806,5191,5678,6177
1226,2365,3290,3846,4338,4805,5193,5677,6175
1228,2367,3292,3848,4339,4804,5195,5678,6178
1226,2367,3292,3849,4338,4806,5193,5677,6177
1225,2365,3293,3848,4335,4807,5192,5676,6175
1224,2363,3292,3847,4332,4805,5190,5678,6173
1224,2364,3291,3847,4334,4805,5193,5677,6176
1224,2365,3289,3849,4335,4804,5194,5676,6174
1224,2365,3291,3851,4337,4805,5193,5678,6172
1225,2364,3292,3849,4339,4806,5191,5676,6176
1226,2363,3293,3848,4338,4805,5190,5675,6179
1225,2365,3292,3850,4337,4803,5190,5674,6178
1225,2365,3291,3851,4338,4801,5192,5678,6177
1225,2366,3290,3850,4339,4803,5191,5676,6179
1226,2365,3289,3849,4339,4805,5190,5675,6176
1226,2365,3290,3849,4338,4803,5192,5678,6174
1226,2366,3291,3849,4336,4801,5193,5675,6178
1226,2366,3293,3848,4336,4799,5195,5674,6179
1226,2365,3292,3846,4338,4800,5194,5676,6178
1226,2366,3291,3845,4340,4802,5192,5675,6177
1226,2367,3290,3846,4338,4800,5190,5674,6179
1225,2367,3288,3847,4336,4798,5192,5677,6180
1225,2367,3290,3846,4335,4800,5192,5675,6178
1224,2366,3292,3845,4337,4801,5190,5673,6177
1223,2367,3293,3846,4336,4801,5188,5672,6180
1223,2367,3292,3848,4338,4799,5189,5675,6178
1223,2367,3291,3850,4337,4798,5191,5673,6177
1223,2367,3289,3848,4336,4800,5190,5671,6178
1224,2367,3290,3846,4335,4802,5188,5673,6181
1224,2368,3292,3848,4337,4801,5190,5672,6178
1224,2368,3292,3849,4337,4799,5192,5672,6177
1224,2368,3293,3847,4336,4798,5191,5674,6175
1223,2368,3292,3846,4335,4800,5190,5677,6177
1224,2366,3291,3845,4333,4800,5189,5675,6175
1224,2367,3291,3846,4333,4799,5190,5673,6173
1224,2368,3292,3848,4335,4801,5192,5677,6173
1225,2368,3293,3848,4336,4803,5191,5674,6176
1225,2367,3296,3847,4336,4804,5190,5673,6175
1224,2366,3296,3846,4333,4803,5189,5674,6174
1224,2366,3294,3847,4332,4801,5191,5672,6176
1224,2365,3293,3849,4333,4803,5192,5670,6174
1224,2363,3292,3846,4334,4805,5191,5675,6172
1223,2362,3293,3845,4332,4807,5190,5677,6175
1224,2363,3294,3844,4331,4806,5191,5675,6174
1224,2364,3294,3846,4329,4805,5192,5674,6173
1224,2364,3293,3847,4330,4806,5191,5676,6171
1222,2364,3291,3847,4333,4808,5190,5676,6174
1221,2366,3291,3846,4334,4806,5189,5674,6172
1223,2366,3290,3844,4332,4805,5190,5677,6169
1223,2365,3292,3845,4330,4804,5193,5677,6171
1223,2365,3293,3846,4329,4807,5191,5675,6174
1224,2365,3294,3847,4330,4807,5190,5678,6172
1223,2366,3294,3846,4332,4806,5190,5677,6170
1223,2365,3294,3845,4332,4804,5192,5674,6172
1223,2365,3295,3846,4331,4806,5194,5677,6171
1222,2363,3297,3846,4329,4807,5193,5676,6169
1223,2366,3297,3846,4329,4805,5191,5675,6167
1222,2366,3298,3845,4329,4801,5189,5675,6171
1223,2365,3296,3844,4331,4800,5191,5678,6170
1223,2365,3295,3845,4333,4802,5191,5675,6168
1223,2365,3294,3847,4331,4804,5190,5673,6171
1224,2366,3294,3845,4330,4802,5188,5675,6169
1223,2365,3295,3844,4327,4800,5191,5674,6167
1224,2366,3296,3843,4328,4799,5192,5674,6165
1224,2365,3296,3843,4329,4800,5191,5677,6168
1225,2366,3298,3844,4329,4801,5189,5675,6166
1226,2366,3296,3845,4329,4800,5190,5674,6163
1225,2366,3295,3844,4327,4800,5192,5676,6166
1225,2366,3293,3844,4329,4802,5190,5674,6167
1224,2365,3294,3843,4330,4803,5187,5674,6166
1224,2367,3295,3845,4332,4802,5185,5674,6165
1225,2366,3296,3846,4331,4800,5187,5676,6169
1225,2366,3297,3845,4329,4798,5189,5675,6166
1226,2366,3296,3843,4328,4799,5191,5673,6164
1225,2367,3295,3842,4329,4801,5189,5676,6163
1224,2366,3293,3841,4331,4799,5187,5674,6165
1223,2366,3293,3844,4333,4799,5186,5673,6163
1223,2367,3294,3842,4331,4798,5187,5676,6163
1223,2368,3295,3842,4329,4801,5189,5674,6166
1222,2367,3296,3844,4327,4802,5188,5673,6169
1223,2366,3297,3846,4329,4800,5187,5674,6166
1224,2367,3296,3844,4330,4798,5188,5677,6163
1224,2367,3294,3843,4328,4800,5190,5675,6165
1223,2368,3292,3841,4327,4801,5188,5674,6162
1222,2368,3293,3842,4326,4801,5185,5676,6160
1220,2368,3294,3843,4328,4800,5183,5676,6159
1221,2367,3296,3842,4330,4798,5186,5676,6160
1221,2368,3296,3842,4332,4800,5188,5678,6159
1221,2369,3296,3841,4330,4799,5190,5677,6158
1221,2368,3295,3842,4328,4797,5188,5677,6160
1222,2368,3295,3845,4330,4795,5185,5677,6158
1222,2367,3294,3843,4331,4796,5188,5680,6158
1222,2367,3294,3841,4330,4798,5189,5680,6160
1220,2368,3295,3839,4328,4798,5187,5682,6162
1219,2367,3297,3840,4328,4797,5186,5682,6161
1218,2366,3296,3841,4330,4798,5186,5680,6160
1219,2365,3296,3840,4331,4797,5184,5677,6160
1220,2367,3294,3839,4330,4796,5187,5680,6164
1220,2368,3294,3837,4328,4794,5189,5678,6163
1220,2368,3296,3838,4326,4796,5188,5677,6161
1221,2367,3297,3840,4328,4794,5187,5680,6162
1221,2368,3297,3842,4329,4793,5189,5678,6162
1221,2368,3299,3840,4329,4796,5190,5676,6159
1220,2370,3297,3839,4327,4797,5191,5679,6157
1219,2369,3296,3841,4327,4796,5190,5677,6159
1218,2368,3295,3841,4325,4794,5187,5676,6159
1218,2367,3293,3843,4327,4796,5189,5678,6157
1219,2369,3293,3841,4328,4797,5191,5682,6159
1219,2368,3294,3838,4329,4796,5192,5681,6163
1220,2368,3294,3837,4328,4795,5190,5680,6160
1219,2367,3294,3838,4328,4797,5189,5682,6159
1220,2366,3294,3837,4326,4799,5187,5681,6162
1221,2367,3292,3837,4327,4798,5190,5680,6161
1219,2367,3294,3837,4328,4797,5191,5682,6160
1219,2366,3296,3838,4328,4799,5190,5681,6161
1219,2366,3296,3839,4326,4800,5188,5680,6163
1219,2365,3297,3838,4325,4798,5185,5683,6161
1219,2366,3295,3837,4327,4797,5186,5682,6159
1220,2368,3294,3836,4328,4798,5189,5681,6163
1220,2366,3293,3838,4329,4800,5188,5682,6161
1220,2365,3292,3836,4327,4800,5187,5681,6158
1220,2366,3292,3834,4325,4799,5186,5679,6156
1220,2367,3293,3833,4323,4800,5187,5684,6160
1221,2366,3295,3836,4325,4802,5189,5681,6157
1221,2366,3296,3837,4328,4800,5188,5679,6155
1221,2365,3296,3836,4327,4798,5187,5682,6159
1220,2365,3294,3835,4326,4797,5187,5685,6162
1219,2365,3292,3835,4325,4799,5189,5683,6159
1219,2365,3291,3835,4326,4797,5190,5682,6158
1218,2365,3292,3837,4327,4796,5189,5685,6160
1219,2365,3293,3835,4329,4795,5188,5684,6162
1220,2366,3295,3835,4327,4797,5190,5684,6159
1221,2366,3293,3833,4326,4799,5190,5685,6159
1220,2365,3291,3835,4325,4797,5189,5685,6160
1221,2367,3292,3837,4327,4796,5187,5682,6159
1222,2367,3293,3836,4329,4798,5185,5685,6157
1222,2369,3295,3834,4330,4801,5183,5684,6159
1221,2367,3295,3833,4328,4799,5186,5684,6161
1221,2365,3294,3835,4327,4796,5187,5685,6159
1221,2364,3293,3837,4328,4799,5185,5685,6157
1221,2364,3292,3834,4330,4801,5184,5683,6161
1221,2365,3290,3832,4328,4803,5182,5685,6163
1222,2365,3292,3831,4327,4801,5180,5684,6162
1221,2364,3292,3832,4326,4799,5183,5683,6160
1220,2365,3291,3834,4328,4798,5185,5686,6162
1220,2366,3289,3834,4329,4801,5185,5684,6161
1220,2364,3289,3833,4330,4800,5184,5683,6161
1219,2363,3288,3834,4329,4800,5183,5684,6159
1219,2361,3290,3836,4327,4798,5184,5683,6163
1219,2362,3291,3834,4325,4800,5185,5681,6160
1220,2363,3293,3833,4327,4799,5187,5683,6159
1220,2363,3292,3832,4328,4797,5185,5683,6160
1221,2363,3291,3834,4330,4796,5182,5683,6160
1221,2363,3290,3835,4329,4798,5180,5684,6158
1222,2365,3291,3834,4327,4796,5182,5686,6156
1221,2364,3292,3833,4326,4795,5184,5685,6158
1220,2363,3290,3832,4327,4796,5182,5683,6161
1220,2364,3288,3833,4329,4798,5180,5685,6158
1219,2365,3288,3835,4330,4797,5178,5683,6155
1219,2364,3287,3833,4328,4796,5181,5682,6160
1218,2364,3289,3832,4327,4797,5182,5684,6158
1219,2365,3290,3831,4328,4799,5181,5683,6157
1219,2365,3289,3833,4330,4798,5179,5682,6156
1219,2364,3289,3833,4332,4798,5179,5684,6159
1220,2363,3289,3832,4331,4800,5178,5682,6156
0,2362,3290,3832,4330,4802,5181,5679,6155
0,2363,3291,3835,4329,4799,5179,5683,6158
0,2362,3292,3835,4330,4797,5179,5682,6157
0,2362,3293,3837,4332,4795,5179,5680,6155
0,2362,3293,3836,4333,4797,5181,5683,6158
0,2363,3293,3834,4331,4796,0,5682,6159
0,2363,0,3836,4330,4795,0,5680,6157
0,2363,0,3838,4329,4798,0,5681,6156
0,2363,0,3836,0,4800,0,5681,6159
0,2363,0,3835,0,4799,0,5681,6161
0,2363,0,3833,0,4798,0,5684,6159
0,2363,0,0,0,4799,0,5686,6158
0,0,0,0,0,4801,0,5684,6161
0,0,0,0,0,0,0,5682,6162
0,0,0,0,0,0,0,5685,0
0,0,0,0,0,0,0,5682,0
0,0,0,0,0,0,0,5682,0
