90,105,132,144,168,194,224,238,278,313,329
92,107,130,149,174,195,216,244,280,311,332
90,105,131,147,171,193,224,241,283,309,334
88,106,131,148,173,195,216,246,285,307,334
90,105,133,148,167,194,223,241,281,305,330
89,106,128,145,174,192,218,243,285,313,332
91,104,133,148,167,190,219,242,280,307,332
87,107,131,145,175,198,216,247,286,312,331
89,107,132,149,169,194,219,238,281,309,334
89,107,130,148,174,198,217,244,281,312,333
91,107,131,148,168,193,223,243,281,309,330
88,103,128,146,174,199,213,244,281,310,331
88,108,131,149,170,193,224,241,283,307,330
92,104,130,144,174,193,216,243,282,309,332
87,106,132,147,171,193,220,241,280,310,328
92,107,131,146,170,195,215,243,282,312,334
87,107,133,150,172,192,222,241,280,312,332
89,105,128,146,173,194,218,243,280,310,333
92,107,130,150,171,193,221,247,280,313,329
88,103,129,146,170,196,220,240,279,310,332
89,108,128,150,170,193,219,246,282,313,332
91,105,129,144,174,191,220,241,284,310,332
88,108,131,146,166,199,217,242,280,312,330
88,103,125,146,175,192,222,242,279,309,332
88,106,130,149,168,199,216,244,283,309,331
91,103,128,145,172,193,222,240,283,312,334
91,108,129,148,171,198,218,248,281,309,328
91,104,130,144,171,193,217,242,278,310,329
89,108,133,148,169,199,217,245,284,305,329
90,103,128,147,176,194,215,243,282,306,334
91,109,133,149,170,197,225,249,284,308,331
90,107,131,148,174,194,218,241,278,311,330
92,109,133,148,169,195,222,243,283,309,329
92,105,130,149,173,193,217,239,280,311,332
89,107,129,143,171,196,221,245,286,312,333
92,107,128,148,172,196,213,241,282,309,334
92,105,130,146,172,194,222,245,287,310,329
92,104,128,148,171,195,217,239,283,310,330
92,107,127,146,171,192,217,244,288,305,334
91,108,125,150,172,197,219,242,284,308,329
89,109,127,144,170,194,218,241,280,310,332
92,105,130,150,173,198,220,244,284,308,333
89,107,128,146,169,192,215,241,282,309,334
91,107,129,148,172,198,221,247,282,307,332
88,107,129,146,172,189,218,245,283,311,332
88,107,131,148,173,198,222,246,283,310,331
90,108,126,144,171,190,216,240,280,310,329
90,105,133,150,172,198,220,247,282,312,333
91,108,129,148,172,192,216,241,278,304,333
88,105,131,144,173,197,217,247,282,309,332
87,105,128,150,172,194,221,242,280,309,332
90,108,129,148,175,200,216,246,279,310,328
91,105,130,149,170,190,222,240,278,311,334
91,109,130,146,176,196,214,246,283,310,330
88,106,128,150,167,195,222,243,282,309,329
90,108,129,144,176,196,215,243,286,308,330
90,105,131,151,168,195,220,246,282,313,332
91,109,130,146,177,192,216,243,286,309,333
92,105,127,149,172,192,219,250,280,313,331
88,106,126,145,175,195,222,242,286,310,327
88,108,131,148,171,197,214,246,283,310,329
88,109,128,145,174,192,222,242,286,310,330
87,107,131,150,172,197,216,245,281,307,331
91,105,129,146,174,195,224,242,284,310,332
92,106,133,148,168,198,216,247,280,309,332
91,107,129,146,174,192,222,242,283,311,329
92,106,130,148,170,197,216,248,279,310,332
92,105,130,148,175,193,223,243,280,313,332
91,103,132,146,169,198,214,246,282,309,329
91,108,130,149,174,190,221,243,283,311,334
90,107,129,149,172,196,214,245,282,308,330
87,103,129,148,174,193,216,242,280,309,331
92,108,130,146,169,198,217,244,281,312,332
87,107,131,146,172,191,217,241,283,310,332
91,107,132,151,170,198,218,246,282,310,331
91,107,129,146,170,192,217,245,281,312,331
91,103,129,149,173,195,224,241,282,309,334
91,108,130,145,170,193,217,246,284,306,333
87,104,131,148,170,194,221,244,282,310,329
91,105,129,146,172,194,217,244,283,308,332
89,104,131,150,169,197,221,240,278,311,332
92,105,128,145,169,195,217,247,281,312,332
91,107,128,146,170,197,215,241,278,306,332
90,104,131,147,172,194,219,247,284,312,334
91,103,126,148,170,196,218,244,278,308,333
91,107,129,148,170,194,221,244,284,310,329
90,108,131,146,173,196,212,242,281,310,331
92,107,131,150,170,195,223,244,282,310,332
90,106,128,146,170,196,213,243,279,311,331
89,105,130,151,169,192,220,248,283,310,335
90,108,126,148,172,190,217,241,280,304,332
91,107,133,151,171,198,220,247,279,310,333
90,107,131,150,174,193,219,239,281,310,328
92,103,128,146,168,200,216,245,278,312,334
91,109,128,148,170,193,222,239,282,312,332
91,105,129,148,170,196,214,243,281,307,330
92,106,126,146,174,194,223,245,279,312,331
89,106,128,145,172,200,216,243,281,310,332
90,107,128,149,176,192,222,248,280,312,331
92,108,133,148,170,197,217,243,281,308,330
92,108,130,146,176,192,221,248,282,312,334
91,103,131,148,171,199,217,240,283,309,333
92,109,126,143,175,190,217,248,282,313,334
92,105,131,147,172,200,215,242,277,306,333
91,108,128,146,172,191,218,245,283,307,332
92,106,133,145,169,196,223,239,284,312,334
92,107,130,148,170,194,215,248,282,307,332
91,107,130,146,168,194,224,242,286,309,334
92,105,130,148,173,196,218,246,281,312,334
91,105,128,148,168,194,220,239,282,307,330
90,108,128,143,172,196,216,248,281,308,332
90,105,132,148,170,194,219,243,285,310,330
90,103,126,143,172,197,216,245,281,308,331
87,107,130,149,173,193,221,246,284,311,330
90,106,131,146,169,199,217,241,278,310,329
92,107,128,150,170,190,216,246,284,308,329
91,107,132,143,167,195,217,244,282,309,330
88,105,131,148,173,190,219,248,285,310,334
89,107,130,144,170,193,220,241,283,313,331
92,106,129,150,174,193,216,245,283,307,335
89,105,131,144,170,193,220,245,282,312,334
92,108,130,148,174,197,213,246,282,306,327
91,107,128,146,169,194,223,244,279,310,330
88,108,125,146,174,197,216,248,282,308,329
91,107,132,146,167,190,224,244,281,309,332
91,108,130,145,174,198,216,248,282,311,331
91,105,132,147,173,191,220,244,282,305,332
91,108,131,144,170,197,216,245,281,311,327
91,108,130,145,171,190,224,244,281,310,327
88,108,126,144,170,200,217,246,283,307,329
88,107,128,148,173,193,221,242,284,309,333
91,109,129,148,172,198,216,245,284,311,328
90,105,132,153,169,192,220,244,285,310,332
91,108,129,147,172,195,215,243,281,311,331
92,103,130,150,173,192,218,244,283,307,335
91,108,129,147,167,196,223,246,282,307,330
90,108,132,149,176,194,213,238,282,309,329
91,108,130,147,171,192,223,248,284,308,332
91,105,129,150,174,195,212,243,279,312,335
91,109,129,143,170,195,220,250,283,309,330
91,106,132,149,177,194,217,239,284,310,331
88,105,130,146,168,194,221,248,284,311,328
89,106,128,148,175,194,219,240,284,310,334
90,105,128,147,168,197,216,249,277,305,332
91,108,133,147,173,195,215,241,283,307,334
90,108,132,146,172,195,217,244,279,310,330
92,106,128,150,172,196,221,241,284,308,331
91,107,129,147,170,193,217,246,278,309,330
92,106,132,150,173,198,223,239,284,308,331
91,107,128,147,171,194,216,247,277,307,332
91,107,126,150,173,199,224,243,284,310,333
91,105,131,148,170,192,216,244,282,310,328
88,107,129,147,174,198,223,244,281,312,332
90,107,130,148,169,193,214,248,278,307,330
88,104,130,149,173,199,220,242,285,310,331
88,103,131,147,169,194,218,247,282,308,332
91,108,129,146,169,192,218,240,281,309,330
89,105,131,148,171,192,222,245,281,305,332
90,108,127,146,170,194,217,242,286,312,330
88,106,131,150,172,195,220,246,277,307,329
89,108,129,147,172,194,217,243,285,307,331
92,105,134,152,171,198,222,245,280,309,329
88,107,129,147,168,193,215,243,282,310,328
90,106,132,150,170,197,221,244,277,307,331
92,104,125,148,171,194,219,244,285,306,329
91,106,130,149,171,197,215,243,283,310,334
91,108,130,146,169,193,217,246,284,311,332
89,107,130,148,173,196,214,246,284,311,334
88,108,130,144,169,190,222,245,281,313,333
90,106,132,147,174,200,218,241,282,310,333
92,104,127,148,171,193,222,248,277,312,328
92,105,132,146,175,194,216,242,281,308,333
88,108,131,147,172,194,220,248,277,310,329
87,104,129,146,173,198,218,243,282,307,334
89,106,131,151,170,190,220,245,279,305,333
92,105,131,146,176,196,221,243,281,308,334
92,105,130,149,171,196,216,241,279,308,329
90,107,130,144,173,192,222,244,282,311,331
91,105,130,151,171,195,216,248,278,308,332
88,106,130,143,171,190,223,240,281,308,333
87,108,130,149,171,197,214,245,277,310,332
89,106,130,145,173,193,220,241,283,310,334
91,107,131,146,172,199,220,244,281,306,332
91,108,130,147,174,191,216,242,284,309,335
88,108,129,149,170,198,219,246,281,309,327
90,104,130,143,172,192,217,240,284,309,332
90,109,132,147,173,195,223,245,279,308,332
91,107,130,148,170,191,212,242,284,308,334
91,108,132,147,173,200,221,242,281,308,330
90,106,130,146,171,191,214,243,283,310,335
89,108,131,150,170,196,221,243,283,309,333
90,107,129,144,171,192,216,245,284,309,334
92,106,134,149,173,195,220,242,282,309,331
92,108,130,146,169,192,219,246,284,308,332
87,105,130,149,177,195,217,241,282,310,327
88,103,131,146,171,193,219,245,284,309,334
87,108,131,147,178,199,214,238,280,308,330
90,106,126,146,168,190,222,248,285,308,329
92,107,131,145,171,193,216,242,281,305,330
88,106,128,148,168,194,221,250,281,308,332
89,106,128,145,175,192,219,243,279,310,331
92,105,128,146,171,192,220,246,287,305,335
89,105,129,147,174,194,221,242,282,309,332
89,107,131,148,167,192,218,248,285,308,334
88,108,130,146,175,194,221,241,279,306,333
89,108,131,152,169,194,217,247,282,309,335
90,106,131,146,176,193,220,243,281,310,332
90,107,130,148,170,196,216,244,282,308,332
90,107,129,146,173,192,218,242,282,307,330
91,104,132,147,173,196,215,244,285,309,332
92,105,130,143,169,194,222,238,279,309,332
89,107,130,149,169,196,216,245,281,308,329
89,108,131,143,169,194,219,240,281,304,331
90,107,133,149,172,194,219,242,284,312,330
88,107,131,143,171,194,217,243,282,305,332
88,109,130,148,170,197,221,242,286,306,330
92,107,129,148,171,192,217,244,281,309,331
90,104,130,145,174,199,220,242,285,309,331
92,107,130,149,168,191,218,243,278,308,333
91,109,126,147,171,196,224,242,286,310,332
91,107,132,148,167,193,217,246,282,312,332
92,105,131,145,175,192,221,243,286,308,333
91,104,129,147,167,193,217,249,282,312,332
90,109,126,144,174,193,218,240,284,308,330
89,108,129,146,171,198,221,247,284,311,331
88,108,129,146,173,193,218,241,285,306,329
92,107,130,146,168,198,220,244,284,307,332
91,105,125,143,174,194,216,240,282,310,331
88,103,133,149,168,199,222,246,280,307,331
90,108,129,144,176,192,217,241,284,308,332
88,107,129,147,167,200,219,246,283,311,334
89,107,129,149,173,194,217,239,284,311,334
90,108,132,147,169,196,218,246,283,306,333
91,107,130,147,169,194,220,240,282,310,330
90,107,128,143,167,197,217,245,281,306,330
92,107,128,150,174,189,220,243,284,310,330
91,109,130,147,170,195,218,246,281,312,331
90,108,127,149,174,191,221,240,281,310,331
91,108,133,147,171,197,215,244,283,305,334
90,108,130,151,174,192,220,241,280,310,330
92,108,130,145,170,196,217,246,285,312,332
88,107,130,151,172,189,217,239,281,306,332
90,107,131,146,171,196,214,241,282,309,332
92,107,130,150,174,189,217,239,279,307,332
87,108,130,146,170,200,220,244,283,307,332
92,107,128,150,173,193,217,241,280,308,330
88,107,128,146,170,194,216,242,284,310,331
88,105,128,146,176,194,218,247,282,305,332
90,105,125,147,167,198,222,242,281,305,332
90,107,131,149,173,192,217,245,282,308,330
91,104,126,146,170,198,218,240,285,309,328
88,107,132,148,172,194,214,244,283,310,332
92,108,131,147,168,196,220,242,285,309,333
89,108,132,148,172,193,218,245,278,307,331
89,108,130,148,169,198,220,241,281,306,327
92,107,129,145,173,194,220,245,278,310,328
89,109,130,148,171,201,218,239,283,313,331
92,105,129,148,174,190,222,247,282,310,330
87,108,129,151,171,200,213,243,282,312,331
91,105,130,146,173,192,219,248,279,306,333
91,107,128,147,171,200,217,240,286,309,333
91,104,134,146,172,192,222,249,281,309,330
87,108,129,150,169,198,216,242,286,311,331
91,105,133,146,173,192,218,245,284,306,331
91,107,130,150,167,195,218,238,286,307,329
92,107,132,143,176,193,219,242,282,311,328
87,104,131,149,170,199,221,244,286,309,332
92,108,129,146,171,191,216,244,280,310,329
87,107,131,146,170,197,224,242,284,310,334
91,105,131,147,176,193,212,241,280,312,331
89,105,128,149,170,195,221,243,284,306,332
92,107,132,147,175,193,218,241,284,309,332
92,107,131,149,168,200,221,244,281,310,331
92,107,131,145,173,193,215,243,279,308,330
89,107,129,149,168,199,220,244,288,306,331
91,108,128,147,174,195,216,242,284,310,331
90,107,128,148,170,198,220,247,284,313,331
92,107,131,145,174,193,215,241,283,305,332
91,107,128,148,168,197,217,249,286,310,329
92,109,132,148,176,191,222,240,282,311,334
87,107,128,147,170,194,215,246,281,310,331
91,103,126,147,176,195,220,241,285,308,333
89,108,128,145,170,197,216,246,285,310,332
91,105,126,151,175,197,224,238,281,312,334
88,107,129,147,171,194,216,245,278,308,330
90,106,132,148,173,197,219,242,281,311,334
91,107,128,145,166,196,216,244,281,310,334
91,104,128,150,176,194,218,238,282,310,334
92,106,129,145,169,196,216,246,283,308,333
92,106,129,149,174,194,220,240,284,309,331
91,105,130,145,172,194,219,246,284,309,328
89,107,130,149,169,196,220,241,284,309,334
90,106,132,147,171,190,219,244,281,312,330
91,107,129,148,167,197,219,242,282,309,330
91,105,132,146,173,192,218,243,284,309,330
92,108,128,149,170,199,216,244,285,310,331
90,107,128,147,175,194,219,240,282,310,333
90,105,128,151,166,197,218,246,280,312,332
91,105,132,146,171,194,221,240,281,312,332
89,106,129,148,172,198,217,248,281,308,332
91,104,134,147,172,194,220,241,286,311,334
91,103,128,149,172,198,217,246,286,307,332
90,108,128,147,173,191,220,241,284,312,334
90,107,126,151,170,199,215,247,286,310,332
91,107,130,147,169,193,222,242,285,310,332
88,106,131,148,174,198,214,243,286,313,332
92,107,129,147,172,190,221,243,281,304,334
91,107,130,149,173,197,216,244,283,309,332
91,106,129,145,169,193,220,241,284,310,330
91,104,130,147,169,195,216,241,286,307,333
88,108,129,144,172,193,220,241,284,309,330
89,104,126,143,172,198,218,243,286,308,334
89,106,130,151,172,195,221,241,280,308,333
91,106,130,149,169,196,216,244,285,310,331
90,106,130,149,172,192,220,241,282,310,330
91,108,131,146,170,194,214,243,283,310,331
91,105,126,146,171,193,216,242,282,312,333
91,104,126,148,171,198,215,241,286,308,331
91,105,130,148,172,194,215,244,281,311,332
91,105,129,148,170,197,213,240,287,308,334
90,106,129,149,174,189,220,243,282,312,332
87,106,128,143,170,194,215,241,288,310,333
90,107,127,148,175,195,220,248,284,310,330
92,105,131,146,166,195,216,240,287,312,332
92,104,127,147,173,194,218,246,281,307,331
91,109,129,147,171,195,218,240,285,309,330
89,108,130,147,170,198,221,248,282,309,333
92,109,132,147,173,189,217,241,283,310,333
92,108,128,147,170,199,222,244,284,308,332
92,110,134,149,175,189,216,243,287,312,329
88,105,128,144,167,198,222,246,284,306,328
90,106,132,148,170,195,218,240,284,307,332
92,107,128,147,172,198,218,246,280,311,330
87,106,129,149,172,195,218,239,288,310,332
92,105,130,146,170,196,220,244,283,311,331
89,105,131,150,168,192,217,240,285,306,334
88,103,130,146,172,197,218,246,280,307,333
88,107,128,150,168,195,216,242,281,307,331
89,104,126,147,171,194,215,244,282,311,331
91,106,128,150,169,196,216,240,288,305,333
92,107,128,144,176,192,220,246,283,310,327
88,107,130,150,169,193,216,237,283,308,334
92,106,128,145,171,195,218,241,283,311,332
91,107,127,147,169,196,218,242,282,308,331
91,104,132,145,169,191,219,248,284,305,331
91,106,128,149,172,198,221,240,284,312,335
88,105,128,145,172,193,220,245,283,307,334
90,104,128,149,171,194,221,237,285,310,331
91,104,130,144,169,195,217,242,283,307,330
90,109,132,149,175,198,222,242,282,309,331
90,104,129,148,171,195,218,245,280,306,331
88,105,130,146,173,198,223,239,283,310,330
89,107,131,148,172,193,217,246,281,305,335
90,102,129,149,173,200,224,240,283,311,330
92,106,133,147,172,192,216,244,280,307,329
92,108,125,146,167,198,220,240,281,309,330
91,107,132,148,169,190,219,248,284,310,331
91,107,126,145,169,197,221,240,284,308,329
92,105,134,149,174,194,218,247,282,312,333
90,108,130,148,165,195,222,244,281,309,332
91,108,132,151,176,190,213,245,283,312,331
91,104,130,147,168,197,220,240,284,305,328
89,107,132,153,174,193,218,243,281,312,333
90,105,130,148,169,200,222,240,284,308,332
93,107,130,148,172,194,216,246,282,309,331
91,104,128,148,172,198,218,241,284,309,331
92,104,128,145,169,192,216,244,278,309,329
91,105,131,147,172,200,220,241,286,312,329
89,108,130,149,168,192,218,244,283,311,333
89,103,132,145,173,196,223,240,286,312,333
91,107,130,144,171,194,216,245,282,309,332
92,106,130,151,172,201,224,242,286,310,330
90,104,127,147,170,193,215,241,284,310,330
91,106,132,151,172,197,222,242,283,312,334
91,109,129,147,171,189,213,239,280,308,334
90,106,129,151,176,198,223,243,283,309,332
92,106,128,147,169,193,216,242,277,304,332
91,108,131,151,174,196,223,244,286,307,330
92,108,128,145,171,193,216,238,286,306,334
92,108,132,149,173,197,222,248,283,309,333
92,108,130,145,168,196,218,240,283,310,334
91,106,130,149,169,196,219,245,280,306,332
89,107,126,147,172,192,214,241,281,309,330
88,107,131,150,169,196,221,247,279,307,332
90,109,131,144,173,193,218,242,283,309,336
91,107,130,148,168,195,218,244,283,308,329
92,105,131,147,174,196,216,240,286,308,333
91,105,129,148,169,194,221,243,280,305,335
90,109,129,150,176,195,218,241,285,308,331
89,106,131,146,169,195,222,243,277,309,332
92,108,130,151,176,195,215,242,286,311,331
92,108,129,143,170,196,219,241,283,309,334
92,107,130,149,175,192,213,236,287,309,334
91,108,131,145,171,195,221,244,281,309,332
90,106,129,152,170,194,216,241,283,309,331
91,105,130,146,170,198,223,243,280,310,332
91,107,130,147,173,193,217,240,284,309,333
91,108,132,146,171,196,220,245,282,309,333
91,105,128,148,170,192,218,243,286,308,329
91,108,129,146,173,195,224,245,280,311,333
90,107,128,150,173,191,218,242,287,308,334
89,106,127,147,169,197,223,244,279,307,330
88,106,130,146,170,195,216,241,284,305,330
90,106,132,149,171,196,222,244,279,309,334
92,108,131,145,172,193,214,244,285,310,332
89,107,133,149,171,196,220,241,279,309,331
91,106,130,147,174,190,217,244,286,312,329
90,108,132,149,170,197,224,242,280,308,334
92,108,128,148,171,192,218,243,284,307,334
87,106,129,148,171,195,224,243,280,310,329
90,105,128,145,169,195,214,244,282,312,333
91,107,132,150,168,195,221,240,282,308,334
88,106,128,144,170,191,215,240,285,310,333
87,107,125,151,173,201,222,244,278,310,335
91,106,130,144,171,193,218,242,282,310,329
91,107,131,149,168,199,221,243,281,312,331
90,106,127,147,173,194,218,245,282,307,331
90,103,132,146,172,199,225,238,280,314,334
90,106,128,148,172,195,218,244,284,309,334
87,108,131,144,172,200,219,240,282,311,331
92,108,131,150,172,194,216,237,287,305,329
92,107,130,145,171,199,220,240,280,310,333
87,106,129,151,172,193,219,242,282,312,330
90,107,126,145,173,199,219,240,281,310,329
90,107,133,151,169,193,218,240,280,310,330
91,107,127,147,172,197,220,242,283,308,333
88,107,132,146,169,194,214,238,282,310,333
90,108,131,146,173,201,217,243,283,304,334
91,107,128,146,169,194,218,245,282,307,335
91,103,126,145,169,200,223,240,282,308,332
92,105,131,148,169,193,214,241,283,312,329
92,106,130,148,173,200,220,242,285,306,332
91,103,128,147,166,194,220,246,278,309,330
91,108,129,150,173,196,220,239,277,309,334
87,107,131,143,166,194,218,246,276,305,334
87,107,131,148,175,198,218,242,285,311,335
90,108,130,147,167,196,218,244,283,308,330
89,106,130,148,174,195,219,242,285,310,331
90,104,132,145,171,193,217,243,281,308,332
89,104,128,150,175,196,218,240,280,309,333
92,106,128,147,170,190,215,240,283,309,332
90,106,131,151,172,196,221,240,284,308,331
91,103,128,146,172,195,213,244,283,306,332
90,106,128,150,173,194,220,239,284,312,333
88,107,133,146,167,193,216,245,284,310,332
91,105,130,151,172,197,220,239,282,310,330
91,106,131,146,172,195,218,245,279,309,333
91,108,132,151,171,196,220,242,284,307,335
89,107,130,145,171,195,217,242,283,308,334
89,109,130,150,172,196,215,240,285,306,334
92,105,131,147,173,192,219,243,279,309,335
90,105,129,151,169,196,218,242,286,307,335
91,106,130,148,170,197,220,242,281,310,331
92,106,131,150,171,195,217,249,282,312,333
90,107,131,144,172,193,222,240,281,304,334
89,104,132,145,170,197,216,249,285,314,334
90,105,129,145,175,192,216,243,283,310,332
90,105,130,147,169,193,217,245,284,312,332
92,104,125,147,173,193,217,242,279,306,334
92,107,133,147,168,193,221,244,284,311,332
91,108,127,148,172,195,216,240,281,311,335
88,106,130,148,170,197,218,244,282,311,334
88,108,131,146,176,195,218,241,280,307,334
88,106,133,144,165,195,217,244,282,310,330
88,106,130,146,176,196,220,241,283,314,329
91,106,131,148,168,196,221,243,284,309,334
88,107,131,145,173,195,219,240,283,312,334
89,107,129,143,169,194,219,246,284,310,330
91,108,131,146,176,193,216,239,284,312,332
88,108,129,145,166,197,218,244,283,309,333
91,108,130,148,173,195,216,237,279,310,333
89,106,128,148,170,198,219,240,280,309,330
88,105,133,148,176,191,220,243,279,312,332
91,107,130,143,169,196,215,245,281,309,334
90,107,129,151,174,192,217,238,278,309,332
93,108,131,146,170,197,216,241,281,309,333
91,108,129,148,174,193,218,245,280,311,334
88,108,130,146,172,198,219,243,281,310,334
90,107,131,149,170,194,216,242,284,310,335
90,105,130,146,168,199,221,240,284,312,331
91,106,132,149,175,191,217,245,282,310,332
91,105,125,147,169,197,219,239,280,310,333
91,105,133,149,172,194,217,246,280,307,332
92,106,130,146,170,200,221,242,283,308,333
91,106,129,146,170,193,213,241,281,309,332
90,107,128,148,167,197,214,239,279,308,332
92,107,131,146,172,191,220,246,283,305,333
92,108,131,149,170,196,213,237,285,310,334
91,108,132,146,172,195,224,244,283,306,333
90,105,127,148,169,198,217,242,284,309,330
91,107,131,148,173,192,224,244,282,313,329
90,107,129,152,170,198,216,243,282,308,332
92,105,130,148,174,192,220,241,282,308,331
92,108,129,150,169,198,215,242,280,310,332
92,105,132,146,170,190,220,243,280,310,334
92,108,132,150,167,201,213,242,286,308,332
90,107,129,144,173,192,220,241,277,312,331
89,107,129,144,173,195,218,241,283,306,336
91,105,131,147,170,194,216,244,281,309,333
88,108,131,145,172,200,220,242,280,311,331
89,107,129,146,170,193,219,246,278,310,329
87,105,130,146,172,199,222,241,283,309,329
91,107,130,148,171,194,218,246,280,308,329
89,109,132,147,176,198,220,241,285,314,334
91,107,131,146,168,193,216,244,281,310,334
91,106,132,147,171,200,222,242,281,310,333
91,106,129,151,170,192,213,245,282,312,331
87,107,130,147,175,196,219,240,283,310,335
92,103,131,147,171,193,215,243,281,310,332
92,108,132,145,175,200,216,238,282,310,335
87,103,128,149,170,193,220,241,282,314,334
90,108,131,146,175,199,217,241,285,313,330
89,106,130,149,172,195,219,239,281,312,329
90,104,132,146,174,197,217,241,281,308,334
92,107,131,150,169,194,220,245,279,311,334
92,105,128,148,176,197,217,240,284,308,332
91,104,130,148,169,191,222,241,278,313,333
88,108,131,148,172,198,215,243,286,306,332
89,104,128,148,168,193,222,239,280,312,334
89,106,132,149,174,198,219,246,284,311,336
91,106,131,145,167,194,218,240,280,311,329
92,106,130,149,175,194,220,245,283,312,332
89,107,126,144,171,194,216,243,280,312,333
92,104,127,150,172,195,222,245,283,312,334
87,106,132,147,172,195,217,243,283,308,332
88,108,128,151,172,195,222,246,285,310,334
89,107,132,148,170,195,216,241,279,312,330
91,106,127,151,169,196,217,246,286,311,331
88,103,132,147,170,195,214,243,281,310,334
90,109,130,150,170,196,216,243,285,309,332
89,105,130,147,167,196,221,241,280,307,335
88,109,129,150,173,195,216,244,283,309,332
88,106,129,146,170,198,221,244,277,311,332
90,108,129,148,168,195,215,244,282,311,331
91,107,131,147,168,195,222,235,279,314,335
89,106,131,146,173,193,217,245,286,309,332
92,105,131,149,169,192,220,241,281,310,332
87,104,131,147,171,191,216,243,283,307,332
90,107,130,146,171,194,215,236,278,310,331
91,107,130,144,170,193,217,245,285,309,333
92,107,129,150,167,196,213,240,282,309,334
90,107,131,146,173,195,221,245,285,306,333
91,106,130,152,168,194,214,241,281,306,332
88,107,128,145,169,195,218,244,288,308,332
92,105,130,148,171,195,219,239,279,311,333
92,104,132,147,170,193,220,242,288,314,332
88,108,129,152,171,198,217,241,279,311,335
91,104,132,144,169,195,217,246,283,308,336
91,108,131,145,176,201,217,241,281,312,329
92,103,131,144,169,194,216,242,282,312,330
89,108,129,146,173,199,220,241,282,307,334
92,107,131,144,168,195,215,243,280,311,331
88,105,131,147,174,196,222,241,282,305,333
91,107,131,147,168,194,218,244,277,308,332
89,106,126,143,171,199,220,240,283,311,332
90,105,134,146,171,195,216,237,284,309,334
91,108,131,144,171,198,220,241,282,310,330
88,108,130,149,174,195,214,243,281,312,331
88,108,126,148,167,196,219,239,281,309,333
91,107,132,148,172,193,214,243,278,308,334
90,107,127,143,167,195,220,243,284,312,333
92,107,133,148,175,194,219,243,279,312,331
89,108,127,144,166,197,212,240,279,307,331
87,108,133,149,171,196,222,241,277,307,334
91,107,130,145,171,196,214,243,282,313,334
92,105,131,145,170,193,220,240,280,311,331
91,108,132,147,172,198,216,243,284,308,330
91,107,132,147,170,194,224,243,280,310,333
91,108,129,146,168,198,216,237,280,309,333
90,106,129,148,173,195,222,244,279,308,333
92,105,131,149,172,195,217,240,284,308,334
88,103,131,147,166,192,220,243,284,312,334
89,107,133,147,172,191,216,242,284,312,334
91,106,129,145,167,192,216,245,281,308,332
90,106,134,148,173,193,216,241,285,310,332
90,104,131,146,169,196,217,246,281,309,332
89,107,132,151,176,193,221,241,286,310,334
90,105,131,143,169,196,213,247,281,313,335
91,107,129,149,175,198,221,241,283,308,335
92,109,128,147,172,194,215,244,282,312,333
90,108,133,149,170,196,222,237,284,314,329
90,108,129,145,169,192,219,248,278,311,335
88,106,131,146,169,200,218,242,281,312,333
90,106,132,145,175,189,217,245,282,307,332
91,107,128,151,167,195,213,240,283,312,334
92,108,130,146,175,195,222,245,280,310,336
89,107,129,150,168,198,216,243,285,310,331
91,105,129,146,172,192,222,240,279,312,337
88,106,131,148,167,195,213,240,287,312,335
90,109,129,146,173,195,217,247,281,310,335
92,107,128,148,169,196,215,238,282,311,334
92,107,134,147,172,197,218,245,280,311,332
89,106,131,148,172,195,221,240,283,312,331
90,105,129,148,168,199,215,245,283,312,333
91,105,128,149,172,196,224,242,282,310,330
91,108,134,145,172,197,216,244,283,314,331
88,107,131,146,168,194,224,240,283,308,331
90,107,131,148,170,200,216,244,285,312,336
87,108,127,146,172,194,220,243,278,309,332
91,109,131,146,171,197,216,243,285,311,335
90,107,131,147,176,192,220,242,280,309,335
91,104,129,149,167,198,217,243,283,309,335
88,108,128,147,175,195,222,240,280,311,335
90,105,128,150,169,196,215,240,285,306,333
91,107,127,146,173,194,217,241,280,310,333
88,105,129,145,170,200,214,240,282,310,333
91,107,131,146,171,194,218,237,278,310,335
90,105,131,149,174,198,217,241,284,309,336
92,107,129,145,168,193,215,241,279,308,333
89,105,130,152,173,197,222,244,283,308,335
89,104,130,147,170,195,217,246,279,307,334
90,103,131,151,174,194,222,242,285,308,335
91,107,129,143,167,191,218,244,279,310,332
90,107,130,148,171,196,219,240,284,312,329
92,107,133,146,171,195,215,242,282,311,332
89,103,130,150,171,195,216,240,284,311,336
92,108,132,143,173,198,221,238,279,313,332
89,107,126,150,168,193,217,241,284,311,334
92,105,131,147,173,200,224,247,282,312,332
92,107,129,148,169,195,214,238,288,308,334
90,104,130,147,177,199,223,245,280,307,331
89,106,131,148,169,194,216,240,284,311,335
91,104,129,143,176,198,221,247,283,307,329
92,108,131,144,170,193,217,236,282,314,336
90,107,131,145,176,196,222,241,283,309,329
90,108,131,145,170,196,215,240,279,312,335
89,107,129,147,174,196,221,247,284,312,334
91,105,131,146,172,193,219,239,282,312,331
90,107,127,150,170,195,217,244,278,311,335
92,104,131,147,172,197,220,240,284,313,335
88,108,132,147,168,194,216,245,281,307,331
90,108,128,144,169,200,223,236,279,310,334
89,108,132,150,170,194,217,241,283,312,336
91,106,130,147,174,200,224,239,281,309,336
89,108,131,151,168,194,216,244,281,308,333
93,106,129,147,176,200,223,235,282,308,333
90,106,130,146,168,190,217,240,284,312,334
88,105,128,148,177,198,222,236,279,311,334
89,104,128,147,171,194,216,244,282,311,335
92,103,130,144,171,199,222,238,282,310,334
90,108,130,146,170,195,218,242,279,312,334
92,106,129,145,172,196,218,238,276,308,331
91,108,130,144,172,193,220,244,282,309,335
91,107,131,146,174,194,213,239,283,313,333
89,106,129,147,169,196,221,244,279,309,332
92,107,131,147,171,194,215,238,280,309,331
89,109,126,147,172,199,219,242,282,310,332
89,104,133,147,173,196,218,243,281,309,335
91,109,126,145,172,200,217,240,283,309,336
88,107,133,150,169,191,219,241,282,311,334
87,108,127,146,170,197,218,240,281,310,333
92,106,132,150,170,196,220,240,282,310,334
89,107,131,144,170,195,214,240,282,311,333
92,108,134,147,166,194,224,238,277,311,333
87,108,131,144,174,195,213,243,282,311,330
90,103,128,147,170,198,220,239,281,309,334
91,108,126,144,172,195,215,244,282,310,336
91,106,130,149,170,199,219,241,282,309,335
92,106,128,148,172,193,220,244,282,313,332
90,107,128,147,169,200,217,243,281,312,332
89,109,132,145,171,192,220,239,280,313,332
90,107,131,144,170,198,216,245,280,312,334
92,105,132,146,170,193,222,241,284,309,334
92,105,131,149,173,194,215,244,277,314,332
90,107,131,144,170,194,223,239,286,312,335
91,108,129,148,173,195,214,248,281,311,335
88,107,132,145,171,198,224,241,286,310,336
88,108,129,147,172,195,217,248,279,312,332
92,107,133,150,168,195,222,240,282,310,332
91,105,130,147,172,193,218,241,284,313,333
91,106,131,150,171,199,221,240,284,314,333
90,104,129,146,171,193,219,245,280,312,335
92,108,130,152,172,194,217,240,286,312,333
88,108,131,144,169,194,220,244,277,310,331
88,108,134,146,170,193,218,240,286,314,332
89,106,126,147,168,196,222,246,281,310,332
91,107,131,149,169,194,213,242,280,312,337
91,107,129,143,168,200,221,245,277,312,332
92,107,132,146,172,193,211,237,281,309,335
91,105,129,144,169,198,221,246,282,307,334
92,107,129,146,172,193,219,238,285,310,333
91,107,132,146,167,196,219,245,279,310,333
91,107,131,147,173,194,219,242,280,311,335
87,103,131,148,168,200,212,244,280,310,335
93,108,131,147,170,193,222,240,283,311,333
91,108,130,148,171,197,217,244,281,311,336
92,106,131,147,172,192,222,237,285,312,335
92,108,130,148,173,194,214,243,278,313,333
88,105,129,148,169,192,218,241,282,310,332
90,107,129,0,174,193,216,242,282,312,333
89,106,129,0,171,194,215,242,0,310,333
91,108,133,0,176,194,222,240,0,311,333
88,106,130,0,167,200,214,242,0,309,334
89,109,134,0,175,189,222,240,0,313,333
88,106,128,0,172,197,214,240,0,309,333
0,109,133,0,171,0,223,241,0,309,334
0,105,0,0,167,0,213,242,0,309,336
0,0,0,0,0,0,0,0,0,308,332
0,0,0,0,0,0,0,0,0,311,334
