0.0010828
0.0027223
0.0019763
0.0021785
0.0023127
0.0035843
0.0031321
0.0016109
0.0015574
0.0021839
0.00074264
-0.00057809
-0.0014315
-0.0016708
-0.0034293
-0.0039032
-0.0046773
-0.0044223
-0.005885
-0.008048
-0.0077226
-0.0088
-0.0090527
-0.0097531
-0.0086156
-0.010182
-0.009438
-0.0097028
-0.0091841
-0.0096158
-0.0092568
-0.0086046
-0.0071999
-0.0087054
-0.008342
-0.008405
-0.0084385
-0.0074603
-0.0084614
-0.006085
-0.0079878
-0.0045142
-0.0064044
-0.0026657
-0.0046441
-0.0026212
-0.0020002
-0.0013652
-0.00054785
0.00031149
0.0015285
0.0011595
0.0011786
0.0022786
0.003616
0.0048753
0.0053416
0.0059524
0.0074375
0.0081542
0.0088524
0.0085257
0.010559
0.0090254
0.010117
0.010657
0.0126
0.010808
0.011295
0.011469
0.010948
0.011134
0.012072
0.01347
0.013093
0.013862
0.013226
0.015512
0.013588
0.015377
0.015519
0.017591
0.015958
0.01736
0.016508
0.01739
0.015596
0.017123
0.017747
0.017021
0.01988
0.019218
0.021773
0.019382
0.0224
0.021122
0.023321
0.023352
0.025711
0.026893
0.026914
0.027403
0.027922
0.029257
0.030332
0.030942
0.030177
0.031704
0.031886
0.031367
0.032355
0.033016
0.032625
0.033809
0.035303
0.036736
0.034266
0.03613
0.035224
0.03481
0.035119
0.036614
0.037026
0.034787
0.035553
0.03545
0.037825
0.03589
0.036734
0.035557
0.0372
0.035605
0.037415
0.035892
0.037522
0.036726
0.038487
0.039099
0.038972
0.040848
0.041009
0.041874
0.040804
0.04224
0.041783
0.043422
0.042733
0.044914
0.045283
0.046573
0.046079
0.046415
0.047867
0.048519
0.047558
0.048724
0.050123
0.05096
0.051589
0.05164
0.052478
0.050373
0.053046
0.053713
0.055723
0.054988
0.057747
0.057704
0.056471
0.056772
0.058004
0.058634
0.056478
0.058229
0.058039
0.059604
0.058398
0.058532
0.058728
0.060506
0.059894
0.061168
0.059264
0.060905
0.060912
0.062213
0.063211
0.062544
0.065711
0.065945
0.067191
0.067296
0.069784
0.070002
0.071383
0.073165
0.07558
0.079311
0.081969
0.084378
0.087187
0.091082
0.093787
0.094102
0.096989
0.099089
0.10129
0.10245
0.104
0.10477
0.10413
0.10511
0.10578
0.10781
0.10624
0.10972
0.10882
0.10853
0.10859
0.10974
0.11132
0.10761
0.11044
0.10919
0.11217
0.11004
0.11071
0.11155
0.11251
0.11253
0.11231
0.11306
0.11245
0.11296
0.1128
0.113
0.11136
0.114
0.11374
0.11553
0.11395
0.11527
0.11465
0.11463
0.11519
0.11707
0.11851
0.11854
0.11667
0.11741
0.11741
0.11799
0.11762
0.11939
0.1203
0.12046
0.12059
0.12012
0.12111
0.1199
0.12186
0.12185
0.12311
0.12269
0.12287
0.12271
0.12161
0.12205
0.12128
0.12245
0.12285
0.12513
0.12392
0.12592
0.12435
0.1257
0.12515
0.12633
0.12712
0.12736
0.12687
0.1263
0.12694
0.1269
0.12738
0.12615
0.12939
0.12951
0.13204
0.13104
0.13372
0.13346
0.13386
0.13283
0.13496
0.13676
0.13668
0.13694
0.13803
0.13921
0.13904
0.13797
0.13815
0.14019
0.13985
0.14169
0.1398
0.14087
0.13916
0.13998
0.13981
0.14125
0.14176
0.14197
0.14219
0.13947
0.14113
0.14003
0.14187
0.14087
0.1427
0.1426
0.14321
0.14435
0.14517
0.14398
0.14565
0.14595
0.14547
0.14637
0.14392
0.14631
0.1451
0.14759
0.14714
0.14901
0.15014
0.15206
0.15216
0.15355
0.15482
0.15407
0.15427
0.1532
0.15456
0.15595
0.15549
0.1565
0.1566
0.15635
0.15658
0.15565
0.15713
0.15644
0.15768
0.15714
0.15576
0.15442
0.1554
0.1565
0.15741
0.15969
0.15932
0.15883
0.15811
0.15821
0.15832
0.15674
0.15728
0.15865
0.15897
0.15917
0.15958
0.16027
0.16115
0.16045
0.16088
0.16153
0.16212
0.16087
0.16214
0.16147
0.16432
0.16378
0.16547
0.16614
0.16561
0.16556
0.16593
0.16734
0.16711
0.16748
0.16756
0.16982
0.16982
0.17039
0.17131
0.1726
0.173
0.17356
0.1731
0.17579
0.17519
0.17715
0.17781
0.17726
0.17752
0.17912
0.18094
0.18078
0.18336
0.18396
0.18425
0.18401
0.18641
0.18649
0.18614
0.18491
0.1867
0.18855
0.18918
0.19025
0.18968
0.19302
0.1935
0.19477
0.195
0.19486
0.19619
0.19793
0.19858
0.19911
0.20264
0.20534
0.20799
0.20771
0.21048
0.2105
0.2114
0.21262
0.21434
0.21649
0.21781
0.21781
0.21951
0.22112
0.22252
0.22302
0.22413
0.22633
0.22632
0.22681
0.22625
0.22598
0.22529
0.2252
0.22643
0.22713
0.22735
0.22706
0.22749
0.2262
0.22593
0.22562
0.2256
0.22493
0.225
0.22476
0.22562
0.22574
0.22623
0.22551
0.22641
0.2271
0.22615
0.2272
0.22453
0.22549
0.22382
0.22523
0.22324
0.22502
0.22515
0.22558
0.22418
0.22564
0.22771
0.22655
0.22741
0.22768
0.22865
0.22922
0.22972
0.23059
0.23116
0.23132
0.23164
0.23107
0.23193
0.23173
0.23199
0.23037
0.23099
0.23116
0.23242
0.23196
0.23186
0.23503
0.23525
0.23438
0.23654
0.2379
0.23908
0.23912
0.23994
0.24237
0.24238
0.24246
0.24398
0.24754
0.24711
0.24759
0.24842
0.24829
0.24671
0.24639
0.24832
0.2467
0.24859
0.24949
0.24979
0.25037
0.24767
0.25082
0.24962
0.2506
0.25119
0.25078
0.25275
0.25145
0.25273
0.25069
0.25298
0.25053
0.25268
0.25195
0.25221
0.25226
0.25162
0.25189
0.25223
0.25139
0.25181
0.25031
0.25106
0.24917
0.24893
0.24814
0.24654
0.24592
0.24517
0.24657
0.2417
0.24388
0.24331
0.24494
0.24256
0.24567
0.24613
0.24544
0.24739
0.24705
0.24672
0.24326
0.24672
0.24652
0.24883
0.24509
0.2498
0.24812
0.24921
0.24735
0.24944
0.24947
0.24963
0.24981
0.25133
0.2508
0.2498
0.24925
0.2471
0.24862
0.24717
0.24588
0.24307
0.24381
0.2408
0.24235
0.23881
0.23819
0.23757
0.24086
0.23948
0.23895
0.23871
0.23861
0.23864
0.2379
0.23872
0.23994
0.23869
0.23978
0.24062
0.24041
0.23798
0.23642
0.23975
0.23888
0.2388
0.23959
0.23632
0.23607
0.23443
0.23883
0.23882
0.23816
0.23917
0.24014
0.24152
0.24203
0.2423
0.24363
0.24257
0.24572
0.24472
0.24775
0.24616
0.24669
0.24791
0.24885
0.25074
0.25152
0.25283
0.25383
0.25478
0.25475
0.25631
0.2557
0.25384
0.25459
0.25665
0.25955
0.25856
0.25919
0.26225
0.25977
0.26166
0.2609
0.26292
0.2633
0.26396
0.26614
0.26667
0.26684
0.2676
0.26854
0.26717
0.2686
0.26972
0.27183
0.26855
0.26934
0.27161
0.27257
0.27098
0.27195
0.27407
0.27588
0.27623
0.27558
0.27794
0.27644
0.27683
0.27589
0.27604
0.27408
0.27215
0.27266
0.27241
0.27291
0.27284
0.27329
0.27204
0.27089
0.27146
0.26911
0.26692
0.26069
0.26015
0.25901
0.25288
0.2489
0.2458
0.24658
0.24214
0.24011
0.23744
0.23537
0.23268
0.2325
0.23297
0.23153
0.231
0.2269
0.23088
0.22673
0.22823
0.22761
0.22644
0.22827
0.22615
0.23218
0.22918
0.23264
0.23096
0.23382
0.23277
0.23421
0.23483
0.23483
0.23503
0.23593
0.23789
0.23721
0.23619
0.23778
0.24058
0.2392
0.23891
0.23774
0.2394
0.23869
0.24012
0.23982
0.23998
0.23842
0.23666
0.23799
0.23964
0.24108
0.23955
0.23834
0.24
0.23789
0.23843
0.23749
0.24002
0.23882
0.23793
0.2394
0.23678
0.23885
0.23804
0.23846
0.23899
0.23885
0.24148
0.23975
0.24242
0.24165
0.24195
0.2407
0.2419
0.24098
0.24212
0.24224
0.24268
0.24337
0.24334
0.2445
0.24586
0.24686
0.24533
0.24575
0.24673
0.24972
0.24625
0.2463
0.24472
0.24615
0.24463
0.24508
0.24539
0.24613
0.24584
0.24465
0.24501
0.2437
0.24238
0.24147
0.24213
0.24349
0.24395
0.24278
0.24281
0.24123
0.24267
0.24147
0.24424
0.24472
0.24566
0.24338
0.24306
0.24308
0.24263
0.24374
0.24372
0.24367
0.24394
0.24433
0.24391
0.24503
0.24348
0.24334
0.24072
0.24438
0.24232
0.24252
0.24357
0.24381
0.24496
0.24297
0.24383
0.24255
0.24301
0.24155
0.24114
0.23865
0.24026
0.23884
0.23848
0.23878
0.23977
0.24172
0.24081
0.23896
0.23942
0.23874
0.23815
0.2383
0.2387
0.24114
0.23981
0.24174
0.24038
0.24218
0.24384
0.24689
0.24657
0.24649
0.2471
0.24488
0.24657
0.24589
0.24796
0.24808
0.25052
0.25185
0.25358
0.25398
0.25437
0.25399
0.25438
0.25628
0.25552
0.25724
0.25773
0.25897
0.26059
0.2622
0.26246
0.26513
0.264
0.26745
0.26645
0.26912
0.26788
0.27093
0.2717
0.27222
0.27439
0.2769
0.2805
0.27853
0.28252
0.28301
0.2833
0.28158
0.28352
0.28395
0.28502
0.28222
0.2837
0.28358
0.28338
0.28531
0.28476
0.28597
0.28522
0.28675
0.28161
0.2824
0.2827
0.28322
0.28287
0.28122
0.28485
0.28579
0.28576
0.2832
0.28278
0.28427
0.28366
0.2814
0.28169
0.2822
0.28253
0.28081
0.27977
0.27808
0.27736
0.27509
0.27034
0.26632
0.26257
0.26232
0.25924
0.25749
0.25583
0.25556
0.25359
0.25046
0.2502
0.25001
0.24802
0.24517
0.24475
0.24473
0.24362
0.24212
0.24234
0.24303
0.24324
0.24375
0.2447
0.24531
0.24409
0.24361
0.2422
0.24369
0.24237
0.24435
0.24622
0.24632
0.24919
0.24981
0.25114
0.2506
0.25209
0.25252
0.25245
0.25252
0.25397
0.25415
0.25657
0.25424
0.25689
0.2571
0.2595
0.25807
0.2599
0.25864
0.25911
0.25848
0.25889
0.25752
0.25685
0.25836
0.25717
0.25721
0.25769
0.25769
0.25487
0.25539
0.25372
0.25567
0.25465
0.25518
0.25618
0.25634
0.2555
0.2541
0.25361
0.25733
0.2544
0.25348
0.25251
0.25118
0.25116
0.25123
0.2518
0.25172
0.2529
0.25423
0.25685
0.25415
0.2568
0.25669
0.2573
0.25632
0.25765
0.2595
0.25959
0.2599
0.26033
0.26146
0.26008
0.26212
0.25933
0.25994
0.25895
0.25853
0.25926
0.25872
0.25969
0.25927
0.25953
0.25976
0.26131
0.2608
0.26186
0.26111
0.26085
0.26134
0.26141
0.26118
0.26168
0.2613
0.26088
0.2594
0.2571
0.26218
0.26087
0.26248
0.26008
0.26249
0.26289
0.26449
0.26453
0.26418
0.26475
0.26627
0.27041
0.27102
0.27002
0.2692
0.26975
0.27008
0.26865
0.27035
0.26826
0.27001
0.2712
0.27398
0.27552
0.27798
0.28157
0.28505
0.28697
0.28823
0.2889
0.29229
0.29598
0.29851
0.30267
0.30508
0.30836
0.31012
0.31487
0.31624
0.31764
0.31998
0.31961
0.32388
0.32285
0.32533
0.32522
0.32538
0.32689
0.32683
0.32417
0.31697
0.31475
0.30838
0.30509
0.30023
0.29998
0.29822
0.29617
0.29573
0.29322
0.29241
0.2903
0.28811
0.28983
0.29151
0.29345
0.29319
0.29936
0.30068
0.30762
0.30691
0.30888
0.30562
0.30596
0.30859
0.30582
0.3063
0.30178
0.29962
0.29751
0.29905
0.29977
0.30056
0.30284
0.30461
0.30819
0.3028
0.30083
0.29877
0.29579
0.29997
0.2972
0.29116
0.28409
0.27897
0.27108
0.26906
0.26741
0.26243
0.26021
0.25526
0.25299
0.24878
0.24331
0.24671
0.24157
0.2436
0.24372
0.24486
0.24623
0.24776
0.24732
0.24993
0.24502
0.25048
0.24752
0.25079
0.25211
0.24797
0.25274
0.24952
0.2504
0.24677
0.2492
0.2467
0.24589
0.24325
0.24208
0.24303
0.24163
0.24402
0.24304
0.24309
0.23775
0.23775
0.23316
0.23413
0.22872
0.23037
0.22899
0.22851
0.23003
0.23289
0.235
0.23744
0.24225
0.24959
0.25329
0.25826
0.26429
0.26898
0.27101
0.27745
0.27964
0.2855
0.28546
0.29184
0.29567
0.3001
0.30454
0.30815
0.31471
0.31874
0.32374
0.32534
0.3342
0.3363
0.34438
0.34538
0.35171
0.35472
0.35821
0.36167
0.36212
0.36857
0.36838
0.37386
0.37075
0.37818
0.37659
0.38143
0.37989
0.38785
0.38502
0.39149
0.38498
0.39191
0.39033
0.39812
0.39927
0.40921
0.41218
0.42062
0.42388
0.43304
0.43705
0.44219
0.44882
0.44536
0.45862
0.45527
0.46599
0.46372
0.47402
0.47536
0.47913
0.48355
0.49178
0.49447
0.50627
0.50577
0.51229
0.51563
0.51274
0.5189
0.51053
0.5189
0.51279
0.51284
0.51068
0.50675
0.50839
0.51017
0.5132
0.51853
0.51653
0.52133
0.519
0.52443
0.52642
0.52987
0.53475
0.53681
0.54258
0.54421
0.55423
0.55453
0.55666
0.5629
0.56213
0.57021
0.57356
0.5701
0.57383
0.57606
0.5786
0.58816
0.58399
0.59234
0.58894
0.59516
0.59588
0.60104
0.60735
0.61173
0.61309
0.61939
0.61363
0.61762
0.61858
0.61542
0.61966
0.61801
0.6139
0.61915
0.62237
0.61898
0.63078
0.62923
0.63971
0.64098
0.65161
0.65114
0.66366
0.65985
0.66692
0.67011
0.6703
0.68093
0.68165
0.68933
0.69685
0.7047
0.69966
0.71235
0.70753
0.71375
0.71906
0.71956
0.72271
0.72859
0.73392
0.73301
0.74533
0.74259
0.74892
0.75714
0.75641
0.76084
0.76613
0.76568
0.76577
0.7767
0.77919
0.77989
0.78788
0.78386
0.79064
0.79683
0.80271
0.80451
0.81052
0.81937
0.81521
0.8238
0.8273
0.82739
0.82677
0.83135
0.8389
0.8371
0.84489
0.85272
0.85564
0.86169
0.86695
0.86881
0.87055
0.87826
0.88741
0.8872
0.89347
0.89944
0.90206
0.90341
0.91038
0.91317
0.91771
0.92115
0.92384
0.92779
0.93005
0.9367
0.93957
0.94537
0.9493
0.95982
0.96492
0.96842
0.97602
0.97937
0.98403
0.98254
0.98505
0.99186
1.0001
1.0047
1.0118
1.02
1.0259
1.031
1.0387
1.0451
1.0515
1.0586
1.0612
1.0696
1.0733
1.0819
1.0871
1.0938
1.0999
1.1045
1.1083
1.1157
1.1181
1.1276
1.1335
1.1373
1.1452
1.1512
1.1632
1.1716
1.1807
1.1868
1.1984
1.2052
1.2152
1.2218
1.2313
1.2362
1.2447
1.2523
1.2568
1.2709
1.2787
1.2884
1.2948
1.3003
1.3119
1.3217
1.3293
1.3403
1.3475
1.3503
1.3602
1.3703
1.3816
1.3896
1.4025
1.4105
1.4142
1.4207
1.4272
1.4372
1.4439
1.4537
1.4594
1.4623
1.4704
1.479
1.484
1.4904
1.5001
1.5078
1.515
1.5141
1.5187
1.5278
1.5389
1.5491
1.5609
1.565
1.5739
1.5786
1.5881
1.5982
1.6086
1.6161
1.6252
1.6336
1.6435
1.6444
1.6512
1.6573
1.6677
1.6756
1.6866
1.6926
1.6997
1.7044
1.7105
1.7149
1.7272
1.7329
1.7413
1.7487
1.7541
1.7616
1.7677
1.7702
1.7787
1.7854
1.7946
1.8032
1.8086
1.8134
1.8191
1.8271
1.8341
1.8404
1.8465
1.8536
1.8564
1.8624
1.8697
1.8786
1.8896
1.8999
1.9056
1.9116
1.9168
1.9195
1.9239
1.9324
1.9388
1.9483
1.9529
1.9608
1.9662
1.9734
1.9786
1.9858
1.9926
2.0015
2.0107
2.0167
2.0244
2.0331
2.0437
2.047
2.0537
2.0612
2.0677
2.0716
2.0796
2.0836
2.0914
2.0978
2.105
2.1117
2.115
2.1212
2.13
2.1376
2.1453
2.151
2.1579
2.1672
2.1768
2.1846
2.1902
2.1964
2.1998
2.2042
2.2072
2.2117
2.2117
2.2158
2.2192
2.2238
2.2288
2.2326
2.2358
2.2391
2.2436
2.2477
2.2516
2.2629
2.2683
2.271
2.2745
2.2788
2.2865
2.2914
2.3007
2.3071
2.3148
2.3194
2.3283
2.3376
2.3512
2.3657
2.3762
2.3905
2.3984
2.4043
2.4124
2.42
2.4307
2.44
2.4482
2.4598
2.4647
2.4715
2.4762
2.4852
2.4933
2.5025
2.5066
2.5125
2.5191
2.5264
2.5354
2.5419
2.5515
2.5591
2.5668
2.5777
2.5835
2.5912
2.5963
2.6025
2.6097
2.6127
2.6157
2.6247
2.6339
2.6416
2.6545
2.6569
2.668
2.6758
2.689
2.7038
2.7231
2.7352
2.7475
2.7571
2.7625
2.7716
2.7793
2.7916
2.8047
2.8121
2.818
2.8188
2.823
2.8336
2.8436
2.8545
2.8635
2.8689
2.8774
2.8799
2.8896
2.8947
2.9052
2.9157
2.9195
2.9261
2.9322
2.9458
2.9592
2.9728
2.9842
2.9948
3.0011
3.0066
3.0138
3.0225
3.0368
3.0442
3.0563
3.0614
3.0739
3.0873
3.1037
3.1164
3.1282
3.1368
3.1391
3.1448
3.149
3.1594
3.1716
3.1787
3.1822
3.184
3.1897
3.1968
3.2072
3.2112
3.2231
3.2218
3.2272
3.2268
3.2311
3.2382
3.2471
3.2543
3.2547
3.2625
3.2625
3.2728
3.2765
3.2904
3.2956
3.298
3.2985
3.2996
3.3061
3.3117
3.3191
3.3241
3.3336
3.3355
3.349
3.3538
3.3697
3.3782
3.3893
3.3905
3.403
3.4037
3.4191
3.4229
3.4336
3.4319
3.4376
3.4334
3.4397
3.4427
3.4504
3.4507
3.4532
3.4503
3.447
3.4549
3.4537
3.4689
3.4664
3.4771
3.4706
3.4806
3.487
3.4999
3.5093
3.5187
3.517
3.5241
3.526
3.5336
3.5477
3.5525
3.5664
3.5652
3.5779
3.5864
3.6029
3.6225
3.6336
3.6388
3.6383
3.6362
3.6476
3.6535
3.667
3.6699
3.6733
3.6742
3.679
3.6896
3.6938
3.7056
3.7058
3.7125
3.7139
3.7139
3.7246
3.7287
3.7366
3.7452
3.7455
3.7485
3.7586
3.7659
3.7892
3.796
3.8096
3.8109
3.8186
3.8248
3.8322
3.8405
3.8439
3.8431
3.8541
3.8604
3.8757
3.898
3.9094
3.9189
3.9305
3.9361
3.9433
3.9587
3.9574
3.964
3.9566
3.9592
3.959
3.9721
3.9776
3.9924
3.9885
3.9871
3.9892
3.9875
3.9999
4.0029
4.0002
3.9934
4.0035
3.9987
4.0163
4.0246
4.0327
4.0362
4.0346
4.0275
4.0289
4.04
4.0398
4.0528
4.0513
4.0482
4.0561
4.0667
4.0741
4.0869
4.093
4.0827
4.0809
4.0864
4.088
4.1023
4.1045
4.1027
4.0997
4.1038
4.1116
4.1179
4.1363
4.1363
4.134
4.1361
4.1405
4.1445
4.1492
4.1636
4.1593
4.1552
4.1592
4.1673
4.1782
4.1915
4.1954
4.1915
4.1806
4.1838
4.1878
4.193
4.2024
4.202
4.2008
4.2029
4.2115
4.2218
4.234
4.2351
4.2343
4.2285
4.2291
4.2353
4.2454
4.2467
4.2437
4.2472
4.2458
4.2569
4.2708
4.2876
4.2904
4.2864
4.2849
4.2878
4.2946
4.2992
4.3093
4.3087
4.3088
4.3109
4.3168
4.3302
4.3433
4.3459
4.3535
4.3546
4.3625
4.3697
4.3802
4.3861
4.3877
4.3876
4.3936
4.4015
4.4183
4.4371
4.4422
4.4527
4.452
4.4578
4.465
4.4766
4.4772
4.4779
4.4772
4.4825
4.491
4.5068
4.5196
4.5228
4.5268
4.518
4.52
4.5212
4.5312
4.5298
4.5244
4.518
4.5217
4.5239
4.5342
4.5438
4.538
4.5325
4.5282
4.5334
4.5335
4.5386
4.5373
4.5364
4.5335
4.5351
4.5449
4.5566
4.561
4.5715
4.5726
4.5753
4.5832
4.5875
4.5865
4.5857
4.586
4.5946
4.6058
4.6154
4.6255
4.6254
4.6239
4.6239
4.6275
4.6344
4.6385
4.6336
4.626
4.6252
4.6245
4.6293
4.6387
4.6507
4.6477
4.6473
4.6453
4.6517
4.6499
4.6578
4.6541
4.6586
4.6602
4.6649
4.6728
4.6899
4.6963
4.7016
4.706
4.7089
4.7152
4.7246
4.724
4.72
4.7169
4.7183
4.7237
4.732
4.7411
4.7369
4.733
4.7302
4.7346
4.7408
4.7519
4.7499
4.748
4.7472
4.749
4.7547
4.7705
4.7777
4.7859
4.7929
4.7971
4.8024
4.8051
4.8089
4.8079
4.8069
4.8105
4.8169
4.8251
4.8342
4.8325
4.8289
4.8217
4.8281
4.8321
4.8387
4.8337
4.8338
4.8364
4.8395
4.851
4.8673
4.8734
4.881
4.8834
4.8873
4.8931
4.8955
4.9002
4.8961
4.8944
4.8936
4.8975
4.9018
4.9108
4.9035
4.9023
4.8994
4.9051
4.91
4.9151
4.912
4.911
4.9126
4.9213
4.9345
4.9504
4.9539
4.9559
4.9523
4.954
4.957
4.9628
4.9627
4.959
4.9549
4.9575
4.9658
4.9782
4.9869
4.992
4.9966
5.0014
5.0076
5.0133
5.0203
5.0198
5.0206
5.02
5.0272
5.0332
5.0426
5.0419
5.0451
5.043
5.0488
5.0542
5.0591
5.0578
5.0548
5.0601
5.0653
5.0763
5.09
5.0906
5.0933
5.0935
5.0985
5.1034
5.1099
5.1074
5.1042
5.1032
5.1063
5.1159
5.125
5.1326
5.1384
5.1455
5.1512
5.1567
5.164
5.1717
5.173
5.1743
5.1754
5.1792
5.1845
5.1941
5.1962
5.1991
5.1947
5.1982
5.2001
5.2086
5.2078
5.213
5.2142
5.2247
5.2344
5.2486
5.2521
5.2633
5.2653
5.2705
5.2696
5.2718
5.2641
5.2601
5.2636
5.2715
5.282
5.2978
5.3065
5.3103
5.3127
5.3222
5.3305
5.3386
5.3351
5.3271
5.3219
5.3185
5.3231
5.3344
5.3408
5.3473
5.3506
5.3533
5.36
5.3665
5.3769
5.3751
5.3711
5.3667
5.3663
5.3671
5.3716
5.37
5.3712
5.3721
5.3748
5.3729
5.3795
5.377
5.3779
5.3789
5.3857
5.3903
5.3981
5.3933
5.3941
5.3941
5.4049
5.4101
5.4157
5.4078
5.4053
5.4045
5.4093
5.4215
5.4305
5.4284
5.4222
5.4131
5.4192
5.4238
5.4343
5.4258
5.4203
5.4174
5.4177
5.4274
5.4397
5.4426
5.4407
5.4314
5.4264
5.4248
5.4315
5.4297
5.4278
5.4272
5.4289
5.438
5.4533
5.4631
5.4719
5.4718
5.4746
5.4738
5.4787
5.482
5.4824
5.4888
5.4929
5.4979
5.5055
5.512
5.5207
5.5269
5.5312
5.5315
5.5301
5.5219
5.5122
5.5119
5.5096
5.5153
5.5193
5.5218
5.5261
5.5315
5.5405
5.5468
5.5514
5.549
5.5384
5.5337
5.5322
5.5448
5.5518
5.5562
5.5549
5.5562
5.5605
5.5709
5.5803
5.5846
5.5778
5.5741
5.5656
5.5701
5.5755
5.5815
5.5861
5.5847
5.5836
5.5875
5.5965
5.6035
5.6024
5.5954
5.5866
5.5823
5.5792
5.579
5.5793
5.58
5.5793
5.5822
5.583
5.5919
5.5901
5.5894
5.5846
5.5825
5.5769
5.572
5.5699
5.573
5.5744
5.5793
5.5829
5.585
5.5845
5.5863
5.5892
5.5944
5.5947
5.592
5.5862
5.5953
5.6044
5.6189
5.622
5.6233
5.6159
5.6198
5.6242
5.6346
5.6399
5.6387
5.6335
5.6297
5.6386
5.6541
5.6704
5.6757
5.6699
5.666
5.663
5.6718
5.6796
5.6847
5.6797
5.6782
5.6786
5.6906
5.703
5.7149
5.7127
5.7115
5.7089
5.7129
5.7219
5.7295
5.7373
5.7366
5.7381
5.7408
5.7466
5.754
5.7588
5.7611
5.7597
5.7611
5.7629
5.7712
5.7794
5.7869
5.7889
5.7884
5.7863
5.7882
5.7908
5.7998
5.8046
5.808
5.8087
5.8105
5.824
5.8363
5.847
5.8488
5.8487
5.8407
5.8397
5.8447
5.8538
5.8617
5.8659
5.8671
5.8741
5.8855
5.8958
5.9025
5.9017
5.8904
5.8784
5.8833
5.8907
5.9015
5.9111
5.9147
5.9189
5.9184
5.9268
5.9288
5.9332
5.9274
5.9148
5.9077
5.9096
5.9141
5.9273
5.9317
5.9312
5.9243
5.9255
5.9287
5.9338
5.9319
5.9246
5.9115
5.9022
5.9077
5.9147
5.918
5.9182
5.9068
5.9025
5.9006
5.911
5.9072
5.9017
5.8923
5.8858
5.8807
5.889
5.8906
5.8936
5.8865
5.8889
5.8851
5.8981
5.8996
5.9043
5.9025
5.9067
5.9049
5.9079
5.9107
5.9133
5.9165
5.9195
5.9208
5.9234
5.9261
5.9285
5.9321
5.9382
5.9327
5.9243
5.9188
5.9167
5.922
5.9301
5.9318
5.9331
5.9288
5.9301
5.9305
5.9346
5.9296
5.922
5.913
5.917
5.923
5.9373
5.9397
5.9382
5.9293
5.9327
5.9384
5.946
5.9516
5.9515
5.9521
5.9538
5.9703
5.977
5.981
5.9733
5.9654
5.9621
5.9691
5.9778
5.9919
5.9963
5.9937
5.9813
5.9811
5.9783
5.9817
5.976
5.9687
5.9686
5.9744
5.99
6.0042
6.0061
6.0048
5.9941
5.9942
6.0018
6.0169
6.019
6.0154
6.0129
6.0171
6.0307
6.0409
6.0388
6.0337
6.0248
6.0225
6.0231
6.0272
6.0217
6.0191
6.0129
6.0208
6.0186
6.0231
6.0235
6.0245
6.0234
6.0275
6.0237
6.0316
6.0311
6.0365
6.0313
6.0342
6.0311
6.0397
6.0499
6.0543
6.0589
6.056
6.0483
6.0411
6.0327
6.0346
6.0382
6.0424
6.0508
6.0589
6.0708
6.0711
6.0771
6.0737
6.0775
6.0681
6.0712
6.0736
6.0823
6.088
6.0967
6.0934
6.0993
6.0946
6.1049
6.1037
6.1051
6.0919
6.0875
6.0875
6.1031
6.11
6.1148
6.1065
6.1106
6.1181
6.1316
6.1381
6.1391
6.1277
6.1235
6.1204
6.1258
6.1253
6.1239
6.1246
6.1259
6.1391
6.1495
6.1543
6.1474
6.1393
6.1299
6.1362
6.1458
6.162
6.1681
6.1733
6.1685
6.1786
6.1814
6.1879
6.1799
6.1686
6.1557
6.1568
6.1636
6.1769
6.1771
6.1764
6.1689
6.1799
6.1899
6.2014
6.201
6.1951
6.1899
6.1956
6.1979
6.1985
6.1928
6.1864
6.1874
6.1916
6.204
6.2085
6.2074
6.1991
6.1951
6.1905
6.2004
6.204
6.2169
6.2155
6.221
6.2187
6.2252
6.2243
6.2212
6.2171
6.2109
6.2045
6.2123
6.213
6.2225
6.2177
6.2193
6.2164
6.2272
6.2274
6.2221
6.2188
6.2162
6.2103
6.2069
6.1988
6.1931
6.1876
6.1926
6.1952
6.2024
6.2039
6.2015
6.2027
6.2062
6.2022
6.1968
6.1932
6.1899
6.1909
6.1946
6.1961
6.1909
6.1906
6.188
6.1887
6.1905
6.1957
6.1992
6.2098
6.2112
6.2155
6.2117
6.2106
6.1995
6.198
6.2008
6.2052
6.2044
6.2082
6.2005
6.2037
6.2028
6.2175
6.2152
6.2235
6.2145
6.2177
6.2203
6.2336
6.233
6.2241
6.2107
6.2111
6.2168
6.2337
6.2351
6.2351
6.2223
6.2306
6.2333
6.2415
6.2444
6.2398
6.235
6.231
6.2366
6.2411
6.2436
6.2388
6.2271
6.2317
6.2387
6.2466
6.2547
6.2483
6.237
6.2227
6.2249
6.2274
6.2335
6.2322
6.2264
6.2279
6.2439
6.2474
6.2461
6.2375
6.2326
6.2309
6.2341
6.2353
6.2317
6.2224
6.2189
6.2196
6.2326
6.2402
6.2497
6.2525
6.2497
6.2511
6.2442
6.2445
6.2339
6.2247
6.2207
6.2228
6.2314
6.2412
6.2428
6.2375
6.2305
6.2332
6.2345
6.2374
6.2291
6.2248
6.2256
6.2322
6.2355
6.234
6.2333
6.2347
6.2401
6.2501
6.2533
6.2537
6.2451
6.2395
6.2395
6.2429
6.2569
6.2651
6.2752
6.2695
6.2732
6.273
6.2791
6.2775
6.2776
6.2713
6.274
6.2777
6.2902
6.2925
6.2947
6.2907
6.2936
6.298
6.3067
6.3017
6.3038
6.2979
6.3008
6.295
6.2965
6.3004
6.3062
6.314
6.3179
6.3185
6.32
6.3106
6.3112
6.3095
6.3145
6.3235
6.3361
6.3451
6.3464
6.3476
6.3475
6.3527
6.3543
6.3531
6.3534
6.357
6.3603
6.36
6.3621
6.363
6.3743
6.3778
6.385
6.3841
6.3813
6.3819
6.3793
6.3789
6.3797
6.3822
6.3955
6.402
6.4143
6.4122
6.412
6.4069
6.4003
6.399
6.4001
6.4016
6.4069
6.4103
6.4151
6.4134
6.4228
6.425
6.4288
6.4264
6.4237
6.4226
6.4252
6.4194
6.4134
6.4146
6.4226
6.4335
6.4409
6.4416
6.4364
6.4274
6.4213
6.4178
6.4156
6.4189
6.42
6.4284
6.4305
6.4347
6.4336
6.4333
6.4228
6.4139
6.4067
6.4096
6.4083
6.4091
6.4032
6.4021
6.4107
6.4157
6.4222
6.4164
6.4045
6.3963
6.3866
6.3885
6.3858
6.3882
6.3938
6.3991
6.4135
6.4097
6.4105
6.3967
6.3815
6.3758
6.375
6.3834
6.3893
6.3912
6.3848
6.385
6.3923
6.3973
6.3999
6.3918
6.381
6.3815
6.3869
6.393
6.3868
6.3895
6.3869
6.4047
6.4119
6.4175
6.4115
6.3957
6.3854
6.3904
6.3984
6.4138
6.4168
6.4198
6.4117
6.4166
6.4172
6.4219
6.4134
6.4058
6.4028
6.4169
6.4245
6.4272
6.4157
6.4097
6.4101
6.4186
6.4294
6.4279
6.4174
6.4143
6.4118
6.421
6.4229
6.4238
6.4223
6.4183
6.4228
6.427
6.4324
6.4306
6.4233
6.4237
6.4276
6.4348
6.4375
6.4311
6.4176
6.4139
6.4165
6.4276
6.434
6.434
6.4262
6.4198
6.4227
6.4161
6.4096
6.4015
6.4002
6.4061
6.4133
6.4203
6.4175
6.411
6.4077
6.4002
6.3981
6.402
6.405
6.4039
6.3987
6.3995
6.4097
6.4209
6.4217
6.4148
6.4105
6.4091
6.4088
6.4072
6.4142
6.4112
6.4187
6.4161
6.4226
6.424
6.4185
6.4089
6.4034
6.4024
6.4118
6.4216
6.4273
6.4185
6.4148
6.4116
6.4176
6.4228
6.4204
6.4179
6.4269
6.4343
6.4398
6.4369
6.4323
6.4312
6.4343
6.4383
6.4427
6.4401
6.4393
6.4345
6.4409
6.4404
6.444
6.4466
6.4445
6.4437
6.4442
6.4483
6.4535
6.4481
6.4497
6.4495
6.4496
6.4479
6.4418
6.4417
6.4411
6.4506
6.4537
6.4641
6.4671
6.4633
6.4569
6.4544
6.4486
6.4552
6.4633
6.4755
6.4737
6.4744
6.4666
6.4678
6.4683
6.4724
6.4668
6.4711
6.4743
6.4825
6.4798
6.4791
6.4775
6.4801
6.4835
6.4894
6.4883
6.4918
6.494
6.4943
6.494
6.4954
6.4933
6.4961
6.4949
6.4941
6.4935
6.4918
6.4974
6.4989
6.5008
6.4995
6.4969
6.4905
6.488
6.4889
6.4967
6.4967
6.5021
6.4992
6.5012
6.5071
6.5028
6.4924
6.4938
6.4931
6.5057
6.5054
6.5043
6.4951
6.4918
6.4931
6.4921
6.4894
6.4885
6.4913
6.495
6.4907
6.4894
6.4859
6.4861
6.4832
6.4805
6.4853
6.4973
6.4994
6.4954
6.4927
6.4837
6.4857
6.4867
6.4855
6.4842
6.4821
6.4869
6.4882
6.4931
6.4937
6.4899
6.4875
6.4809
6.4879
6.4885
6.4936
6.4896
6.4838
6.4892
6.4992
6.5021
6.4977
6.49
6.4929
6.5004
6.5081
6.5062
6.5001
6.4897
6.4902
6.4937
6.4999
6.5007
6.5049
6.5127
6.5095
6.5113
6.5078
6.5046
6.4999
6.4969
6.5055
6.516
6.5259
6.5224
6.513
6.5074
6.506
6.5143
6.5167
6.5175
6.509
6.5081
6.5126
6.5172
6.5178
6.5151
6.5094
6.5072
6.5085
6.5183
6.5126
6.509
6.4943
6.4988
6.5089
6.5192
6.5135
6.5081
6.5055
6.51
6.5152
6.5185
6.5105
6.5048
6.4978
6.5014
6.5082
6.5171
6.5194
6.5204
6.5173
6.5109
6.5122
6.5108
6.5099
6.5036
6.5107
6.5211
6.5292
6.5282
6.5183
6.5048
6.504
6.5109
6.5255
6.5203
6.518
6.5066
6.5056
6.5104
6.5167
6.5122
6.5167
6.518
6.5219
6.5185
6.5184
6.5072
6.5019
6.5027
6.5146
6.5232
6.5264
6.518
6.5093
6.5057
6.5053
6.5137
6.5095
6.509
6.5028
6.5063
6.5173
6.5293
6.5301
6.5326
6.525
6.5277
6.5308
6.5411
6.5336
6.5284
6.5223
6.5314
6.5399
6.5407
6.5291
6.5284
6.5322
6.5439
6.5464
6.5439
6.5322
6.5238
6.5231
6.5345
6.5418
6.5456
6.5474
6.5406
6.5368
6.5334
6.5389
6.5329
6.5286
6.5245
6.5311
6.5406
6.5484
6.5405
6.5346
6.5276
6.5397
6.5502
6.5532
6.5469
6.5376
6.5325
6.5437
6.5518
6.558
6.5583
6.5615
6.5667
6.5717
6.5745
6.5654
6.5549
6.5534
6.5616
6.5801
6.5857
6.5795
6.5737
6.5612
6.5672
6.5684
6.576
6.5696
6.5651
6.5588
6.5636
6.5756
6.5806
6.5794
6.5716
6.5691
6.5734
6.5814
6.5729
6.565
6.5534
6.5609
6.5722
6.5754
6.5704
6.5677
6.561
6.568
6.5647
6.5644
6.5501
6.5462
6.5432
6.5494
6.5625
6.566
6.5679
6.5541
6.5455
6.5438
6.5477
6.5499
6.5386
6.5283
6.5287
6.536
6.5382
6.5324
6.5256
6.5231
6.5346
6.5385
6.5388
6.5284
6.5184
6.5154
6.5208
6.5343
6.5386
6.5407
6.5298
6.5229
6.5201
6.5194
6.5215
6.5135
6.513
6.5149
6.525
6.5296
6.5305
6.5241
6.5176
6.5231
6.5278
6.5341
6.5272
6.5215
6.5167
6.521
6.5335
6.5394
6.544
6.5337
6.5372
6.5376
6.5381
6.5351
6.5211
6.522
6.5237
6.535
6.5375
6.539
6.5367
6.5297
6.5276
6.5274
6.5303
6.5304
6.5237
6.5241
6.5236
6.5353
6.5381
6.5341
6.5198
6.524
6.5314
6.5383
6.5349
6.5211
6.516
6.5149
6.5209
6.5319
6.5379
6.5375
6.5342
6.5274
6.5238
6.5141
6.5112
6.5062
6.5098
6.5132
6.5247
6.5248
6.5203
6.5047
6.5076
6.5131
6.5242
6.5263
6.5156
6.5081
6.5025
6.5084
6.5137
6.5217
6.5216
6.5161
6.5131
6.5128
6.5014
6.4957
6.484
6.4855
6.4906
6.5038
6.5057
6.5001
6.4904
6.4873
6.4881
6.4929
6.4986
6.4925
6.4892
6.4848
6.4866
6.4931
6.5059
6.5084
6.5016
6.5019
6.5073
6.5053
6.5004
6.49
6.4903
6.4982
6.5084
6.5122
6.5081
6.5007
6.5032
6.5036
6.5024
6.5012
6.5011
6.4983
6.4976
6.5018
6.5067
6.5158
6.5092
6.4996
6.5042
6.51
6.5156
6.5103
6.497
6.497
6.5041
6.5068
6.5144
6.5155
6.5101
6.5135
6.5176
6.5155
6.5129
6.5076
6.5103
6.5151
6.5259
6.5321
6.5414
6.5297
6.5248
6.5249
6.5297
6.5359
6.5326
6.5198
6.5184
6.5203
6.5216
6.5356
6.5401
6.5427
6.5425
6.5483
6.5386
6.5337
6.524
6.5228
6.528
6.5384
6.5446
6.546
6.5309
6.5278
6.5288
6.5273
6.5337
6.5324
6.5282
6.5227
6.5252
6.5196
6.5301
6.5336
6.5408
6.5383
6.5418
6.5371
6.5263
6.5132
6.5083
6.517
6.5226
6.5254
6.5221
6.5101
6.5115
6.5168
6.5104
6.5088
6.5015
6.5035
6.5007
6.5056
6.5031
6.5085
6.5064
6.5043
6.4982
6.5001
6.5015
6.4919
6.4879
6.4797
6.4841
6.478
6.4826
6.4835
6.4762
6.4783
6.4808
6.4718
6.4638
6.4512
6.4581
6.4593
6.4624
6.463
6.4642
6.4612
6.4585
6.4569
6.4542
6.4602
6.45
6.4543
6.4536
6.4567
6.4482
6.4497
6.4464
6.4534
6.4612
6.4643
6.4563
6.4437
6.4341
6.4362
6.4396
6.4455
6.4422
6.439
6.4351
6.4367
6.4393
6.4383
6.4412
6.4316
6.4323
6.4321
6.431
6.4308
6.4357
6.4359
6.436
6.4358
6.4299
6.4215
6.4098
6.4027
6.4056
6.4108
6.4106
6.4034
6.3956
6.3988
6.403
6.4057
6.3975
6.3934
6.3876
6.3893
6.3932
6.3984
6.3993
6.4041
6.4076
6.4123
6.4191
6.416
6.413
6.4006
6.3979
6.4104
6.4175
6.4141
6.4078
6.4049
6.4101
6.4161
6.4169
6.4043
6.3954
6.3917
6.39
6.3932
6.3975
6.3966
6.3954
6.3922
6.4011
6.4107
6.4089
6.4094
6.3974
6.3961
6.4022
6.4097
6.4048
6.4066
6.4041
6.414
6.4146
6.4111
6.3985
6.391
6.385
6.3869
6.3939
6.3907
6.3837
6.3747
6.372
6.3811
6.3962
6.3863
6.3784
6.3599
6.3574
6.3652
6.3776
6.3818
6.3848
6.3833
6.388
6.3912
6.3896
6.3858
6.3812
6.3816
6.3911
6.4014
6.3915
6.3886
6.3816
6.3827
6.3928
6.4061
6.3998
6.3889
6.374
6.3703
6.3767
6.389
6.3949
6.3931
6.389
6.3965
6.4027
6.4035
6.4009
6.3944
6.4035
6.4119
6.4195
6.4073
6.4048
6.4007
6.4108
6.4173
6.4271
6.4189
6.406
6.3941
6.3918
6.4004
6.4076
6.4076
6.4002
6.3986
6.4075
6.4198
6.4146
6.4059
6.3941
6.402
6.4117
6.4255
6.4227
6.4225
6.4171
6.4241
6.4332
6.4415
6.4435
6.4354
6.4274
6.4286
6.4356
6.4335
6.433
6.4268
6.429
6.4417
6.4532
6.4463
6.4337
6.4203
6.4276
6.4331
6.447
6.4423
6.435
6.4258
6.433
6.4457
6.4518
6.4501
6.4356
6.4315
6.4309
6.4384
6.4367
6.4433
6.4361
6.4389
6.4446
6.4522
6.4441
6.4339
6.4205
6.4252
6.4305
6.4339
6.4229
6.4069
6.3983
6.4029
6.4161
6.4125
6.4094
6.3889
6.3882
6.3836
6.3961
6.4003
6.408
6.3976
6.4018
6.4052
6.4088
6.4073
6.3965
6.3924
6.4028
6.4056
6.3987
6.3947
6.3838
6.3842
6.3923
6.4028
6.3984
6.3928
6.3762
6.3723
6.3705
6.3811
6.3871
6.3774
6.3684
6.3716
6.3842
6.3893
6.3865
6.3754
6.3766
6.384
6.3897
6.3958
6.392
6.3893
6.387
6.3889
6.3912
6.3902
6.3839
6.3708
6.3694
6.3747
6.3754
6.3739
6.3648
6.3593
6.3629
6.3763
6.3746
6.3665
6.3534
6.3548
6.3575
6.3605
6.3702
6.3632
6.3616
6.36
6.3688
6.3708
6.3739
6.3683
6.3588
6.3599
6.3641
6.3665
6.3674
6.3649
6.3591
6.3651
6.3695
6.3703
6.361
6.3565
6.3584
6.3622
6.3629
6.3655
6.3523
6.3481
6.3508
6.3597
6.3649
6.3599
6.3521
6.3381
6.3369
6.3408
6.355
6.3574
6.3573
6.346
6.3471
6.3458
6.3504
6.3475
6.3438
6.3472
6.3502
6.3424
6.3413
6.3369
6.3362
6.3448
6.3513
6.3517
6.3454
6.3349
6.3239
6.329
6.3328
6.3464
6.3378
6.3287
6.32
6.326
6.3298
6.3344
6.3295
6.3253
6.3259
6.3219
6.3216
6.3253
6.3246
6.3236
6.3307
6.3331
6.3387
6.3302
6.3234
6.3113
6.3239
6.3296
6.3397
6.3282
6.3201
6.3191
6.3248
6.3345
6.3331
6.3289
6.3176
6.3169
6.3129
6.321
6.3242
6.3249
6.3162
6.3199
6.3231
6.3305
6.3259
6.3173
6.3185
6.3289
6.3312
6.3346
6.3292
6.3163
6.3247
6.3277
6.3388
6.3322
6.3288
6.314
6.3133
6.3147
6.3263
6.3269
6.3177
6.3171
6.3175
6.3286
6.3341
6.3291
6.3141
6.3179
6.3216
6.3295
6.3416
6.3375
6.325
6.322
6.3231
6.3294
6.3268
6.3175
6.3088
6.3106
6.3095
6.3176
6.3126
6.3023
6.3034
6.3078
6.3187
6.3241
6.3189
6.3062
6.3095
6.3072
6.3154
6.317
6.3096
6.3006
6.3022
6.3062
6.3146
6.3129
6.301
6.2979
6.2956
6.2999
6.3145
6.3142
6.3025
6.303
6.2974
6.3031
6.3032
6.2997
6.2925
6.2957
6.2929
6.2948
6.2861
6.278
6.2793
6.282
6.2922
6.297
6.2945
6.2774
6.2701
6.2747
6.2859
6.2999
6.2956
6.282
6.2804
6.2826
6.2907
6.2887
6.2809
6.2757
6.2767
6.2709
6.2775
6.2738
6.2711
6.2672
6.2721
6.2753
6.2797
6.2724
6.2615
6.2668
6.2717
6.2865
6.2874
6.2795
6.2684
6.2729
6.2767
6.2898
6.2807
6.2712
6.2594
6.2546
6.2559
6.2739
6.2758
6.2667
6.263
6.2575
6.2625
6.257
6.2492
6.244
6.2553
6.2581
6.2644
6.255
6.245
6.2426
6.2506
6.2614
6.2683
6.2663
6.2576
6.2467
6.2495
6.257
6.2698
6.2637
6.2523
6.2482
6.2497
6.2586
6.2563
6.2458
6.2435
6.2468
6.2429
6.2527
6.2509
6.2447
6.2421
6.2488
6.2492
6.2505
6.2447
6.2378
6.2383
6.2463
6.2543
6.2522
6.24
6.2279
6.234
6.2401
6.2498
6.2417
6.2323
6.2155
6.2166
6.2167
6.223
6.2166
6.21
6.2062
6.2057
6.211
6.2058
6.1921
6.1889
6.1962
6.2004
6.2068
6.2056
6.1896
6.185
6.1916
6.2037
6.2077
6.2081
6.1996
6.1928
6.1957
6.204
6.2088
6.2015
6.1933
6.1918
6.1949
6.2025
6.2011
6.1898
6.1837
6.1869
6.1908
6.2007
6.1999
6.1904
6.1858
6.1896
6.1955
6.2073
6.2062
6.2033
6.2005
6.2033
6.2146
6.2244
6.2227
6.2129
6.2168
6.2236
6.2337
6.2327
6.2207
6.2133
6.2104
6.2123
6.2174
6.2155
6.211
6.2163
6.215
6.222
6.2245
6.2167
6.2078
6.21
6.2111
6.2234
6.2269
6.2191
6.2125
6.2167
6.223
6.2322
6.2297
6.2306
6.2263
6.2266
6.2253
6.2322
6.2284
6.23
6.2296
6.23
6.2313
6.2286
6.22
6.2149
6.2288
6.2314
6.2387
6.2302
6.2296
6.2261
6.2343
6.2352
6.2447
6.2391
6.2376
6.2351
6.2378
6.2495
6.2561
6.2519
6.2408
6.2472
6.2443
6.2541
6.2488
6.2477
6.2403
6.2464
6.2389
6.2412
6.2365
6.2384
6.2381
6.2389
6.2417
6.2386
6.2275
6.2187
6.2281
6.231
6.2392
6.2371
6.2271
6.218
6.2234
6.228
6.2344
6.2289
6.2318
6.2234
6.2229
6.2248
6.2324
6.2266
6.2208
6.2162
6.2111
6.2142
6.2092
6.2096
6.2041
6.2136
6.2036
6.2005
6.1934
6.1973
6.1934
6.1989
6.2
6.2013
6.1942
6.1874
6.1918
6.196
6.2132
6.2191
6.215
6.2033
6.2105
6.2067
6.2153
6.2048
6.2087
6.205
6.2031
6.197
6.1993
6.1892
6.1946
6.1996
6.1951
6.1978
6.1946
6.1902
6.1883
6.206
6.2007
6.2064
6.1962
6.201
6.1988
6.2101
6.2153
6.2203
6.2103
6.2069
6.206
6.2027
6.2159
6.2217
6.2184
6.209
6.2136
6.2059
6.2107
6.2023
6.2078
6.209
6.2107
6.2024
6.2007
6.1954
6.2041
6.2149
6.2133
6.217
6.2161
6.218
6.2119
6.223
6.2287
6.239
6.2348
6.2374
6.234
6.2429
6.2487
6.255
6.2451
6.2459
6.2478
6.2394
6.2462
6.2444
6.2457
6.2395
6.2445
6.2345
6.2341
6.2228
6.2215
6.2229
6.2335
6.2304
6.224
6.2127
6.2113
6.221
6.2256
6.2328
6.2273
6.2303
6.2263
6.2338
6.2375
6.2489
6.2458
6.2481
6.2455
6.2455
6.2473
6.2478
6.2414
6.2452
6.2524
6.2424
6.2417
6.2357
6.2387
6.2417
6.2509
6.2462
6.2452
6.2382
6.2362
6.2384
6.2513
6.2539
6.2524
6.243
6.2465
6.2531
6.2633
6.2704
6.2717
6.2719
6.2715
6.2783
6.2781
6.2844
6.2878
6.2942
6.2915
6.2986
6.3011
6.3038
6.2959
6.3054
6.3128
6.3165
6.3173
6.3147
6.3084
6.3118
6.3215
6.3183
6.3243
6.3169
6.3267
6.3229
6.3324
6.3308
6.3355
6.3282
6.3341
6.3391
6.3448
6.3508
6.3485
6.355
6.356
6.3633
6.3567
6.3622
6.3536
6.3655
6.3669
6.3765
6.3716
6.3745
6.3671
6.3691
6.3741
6.3769
6.3821
6.378
6.3828
6.3829
6.3908
6.3812
6.3884
6.3817
6.3943
6.3962
6.4
6.3953
6.396
6.3933
6.3982
6.4003
6.3972
6.4014
6.3951
6.4072
6.4106
6.4137
6.4051
6.4078
6.3991
6.412
6.4126
6.4169
6.4154
6.4142
6.4092
6.4124
6.4099
6.4076
6.4078
6.3998
6.4069
6.4053
6.4078
6.3966
6.3973
6.3848
6.3974
6.3964
6.4001
6.4007
6.4008
6.3979
6.4012
6.4079
6.404
6.4115
6.4062
6.4179
6.4184
6.4245
6.4174
6.4218
6.4122
6.4231
6.4199
6.4229
6.421
6.4171
6.4176
6.4155
6.4214
6.414
6.4224
6.4141
6.4282
6.4227
6.4319
6.4205
6.4248
6.4177
6.427
6.4338
6.4333
6.4375
6.4354
6.4376
6.4367
6.4415
6.4356
6.4421
6.4364
6.446
6.4477
6.4496
6.4439
6.4438
6.4412
6.4475
6.4592
6.4518
6.4553
6.448
6.4471
6.4492
6.4555
6.4507
6.4537
6.4537
6.4548
6.4638
6.4678
6.47
6.4694
6.4556
6.4634
6.479
6.4799
6.4828
6.4769
6.4622
6.4682
6.4767
6.4738
6.4772
6.4729
6.4781
6.481
6.4831
6.4818
6.4793
6.4728
6.4837
6.4898
6.49
6.4881
6.4888
6.4723
6.478
6.4906
6.489
6.4927
6.4977
6.4899
6.4941
6.5031
6.4998
6.5069
6.5011
6.513
6.5201
6.5187
6.5162
6.5137
6.5065
6.5182
6.5321
6.527
6.5307
6.5281
6.5191
6.5208
6.527
6.5244
6.529
6.5336
6.532
6.5417
6.5434
6.5441
6.5471
6.5465
6.5584
6.5741
6.5703
6.571
6.5737
6.5738
6.5822
6.5891
6.5842
6.5871
6.5886
6.5887
6.591
6.5948
6.5934
6.5924
6.5878
6.599
6.6083
6.6114
6.6071
6.6085
6.5991
6.6095
6.6167
6.6147
6.6156
6.6251
6.6243
6.632
6.6336
6.6289
6.6348
6.6321
6.6423
6.6546
6.6534
6.644
6.641
6.6369
6.6519
6.6646
6.6646
6.6627
6.6548
6.6517
6.6521
6.6636
6.6691
6.6725
6.6691
6.6648
6.6742
6.6815
6.6857
6.6919
6.6799
6.6875
6.6983
6.6932
6.6948
6.6989
6.7
6.7101
6.715
6.7126
6.7095
6.7055
6.7075
6.7141
6.7252
6.7305
6.7219
6.7137
6.7135
6.7185
6.7247
6.7287
6.7304
6.7236
6.7188
6.7225
6.7185
6.7289
6.7359
6.7383
6.7324
6.7347
6.7297
6.7389
6.7381
6.7401
6.7461
6.7472
6.741
6.7368
6.7382
6.737
6.7414
6.7358
6.7395
6.7329
6.7321
6.7282
6.7313
6.7291
6.7315
6.7308
6.7269
6.7301
6.7299
6.7374
6.7416
6.7426
6.7383
6.7409
6.7331
6.7337
6.7341
6.7361
6.7329
6.7338
6.7262
6.7283
6.7278
6.729
6.7302
6.7315
6.7308
6.733
6.7316
6.732
6.7351
6.7381
6.7438
6.7427
6.7407
6.7332
6.7344
6.7341
6.7405
6.7417
6.7459
6.7432
6.7469
6.7457
6.7506
6.7514
6.7447
6.7412
6.7427
6.7442
6.7495
6.7454
6.7423
6.7408
6.7501
6.7488
6.7542
6.7511
6.7526
6.7536
6.7578
6.7612
6.7636
6.7657
6.7648
6.7672
6.7689
6.7763
6.7794
6.7699
6.7666
6.7732
6.7707
6.7716
6.7718
6.7684
6.7654
6.7743
6.7733
6.7722
6.7611
6.7578
6.7566
6.7621
6.7748
6.7853
6.774
6.7668
6.7652
6.7645
6.7736
6.7786
6.7808
6.7833
6.7875
6.7816
6.7833
6.781
6.7865
6.7885
6.7968
6.7955
6.7957
6.7776
6.7706
6.7747
6.7811
6.7905
6.7951
6.7812
6.7743
6.7835
6.787
6.799
6.7894
6.79
6.7908
6.7864
6.785
6.7923
6.7832
6.7834
6.7834
6.7812
6.7782
6.7803
6.7683
6.7651
6.7719
6.7676
6.774
6.7685
6.7669
6.7684
6.78
6.7846
6.7985
6.7863
6.7817
6.7834
6.7822
6.7927
6.8062
6.7965
6.7927
6.7926
6.7919
6.7952
6.7875
6.778
6.7729
6.7766
6.7752
6.7871
6.7758
6.7751
6.7822
6.7913
6.797
6.8088
6.7945
6.7926
6.8047
6.8037
6.8141
6.8216
6.8167
6.8187
6.823
6.8261
6.8367
6.8328
6.8268
6.8256
6.8311
6.8381
6.8482
6.8336
6.8323
6.8355
6.8414
6.8454
6.8472
6.8311
6.832
6.8325
6.8317
6.8402
6.8416
6.8378
6.838
6.8394
6.8414
6.8557
6.8413
6.8386
6.8465
6.8519
6.856
6.8584
6.8459
6.8441
6.8584
6.8667
6.8756
6.8682
6.8463
6.8388
6.8491
6.8562
6.8758
6.8724
6.8556
6.8513
6.856
6.8629
6.8682
6.8584
6.853
6.8644
6.8657
6.8758
6.8665
6.8545
6.8503
6.8609
6.8673
6.8787
6.8667
6.8403
6.838
6.8431
6.85
6.8604
6.854
6.8385
6.8425
6.8482
6.8564
6.856
6.8456
6.8348
6.8385
6.8439
6.8532
6.8434
6.8339
6.8287
6.8313
6.8409
6.8367
6.8245
6.8124
6.816
6.8084
6.8212
6.8181
6.8217
6.8149
6.8167
6.8202
6.8308
6.827
6.8191
6.8228
6.8312
6.8418
6.8375
6.8308
6.8228
6.8324
6.8428
6.8558
6.8482
6.8384
6.8289
6.8199
6.8227
6.831
6.8359
6.8307
6.833
6.8247
6.8342
6.8287
6.822
6.8067
6.8183
6.8202
6.8272
6.82
6.8136
6.8147
6.8182
6.8354
6.8372
6.8383
6.821
6.8246
6.8201
6.8396
6.836
6.8421
6.8324
6.8428
6.8459
6.8612
6.856
6.849
6.8344
6.8292
6.8348
6.8398
6.843
6.8371
6.8345
6.8348
6.8472
6.8461
6.8382
6.8277
6.8228
6.8226
6.8392
6.8332
6.822
6.8182
6.8095
6.8228
6.84
6.842
6.8342
6.825
6.8098
6.8141
6.8212
6.8185
6.8175
6.8149
6.8138
6.8354
6.8357
6.8205
6.8146
6.7982
6.8002
6.8173
6.8193
6.819
6.8278
6.8302
6.8327
6.8295
6.8249
6.8149
6.8076
6.7982
6.8106
6.8062
6.8026
6.8026
6.8052
6.8047
6.8229
6.8217
6.816
6.8103
6.8008
6.7786
6.7921
6.7906
6.7912
6.7986
6.7979
6.8044
6.7937
6.7826
6.7828
6.7862
6.7797
6.7744
6.7689
6.7603
6.7679
6.7824
6.7939
6.8083
6.7948
6.7879
6.7886
6.7865
6.7867
6.7829
6.7702
6.765
6.7646
6.7705
6.7799
6.7714
6.7446
6.7452
6.7488
6.7498
6.7518
6.7393
6.7171
6.7175
6.7224
6.7318
6.7401
6.7293
6.7085
6.7099
6.7121
6.7236
6.7209
6.7085
6.6886
6.6869
6.6902
6.7097
6.7174
6.7101
6.7076
6.6888
6.6828
6.6937
6.6913
6.6863
6.6743
6.6573
6.6588
6.6592
6.6496
6.6512
6.6468
6.6292
6.6319
6.6283
6.6222
6.6214
6.6207
6.6096
6.6132
6.6091
6.6077
6.6145
6.6089
6.6056
6.6043
6.5928
6.5921
6.5898
6.5836
6.5866
6.5713
6.5543
6.5641
6.5625
6.5677
6.5685
6.5498
6.5353
6.5359
6.5409
6.5481
6.5446
6.5217
6.5086
6.5016
6.5077
6.5177
6.5179
6.5034
6.4823
6.4742
6.4732
6.4853
6.4792
6.4621
6.4438
6.4298
6.4271
6.4294
6.4324
6.4211
6.4112
6.3927
6.3868
6.3908
6.3847
6.3739
6.3644
6.352
6.3513
6.3574
6.3585
6.3667
6.3596
6.3526
6.3464
6.3387
6.3346
6.336
6.3223
6.311
6.304
6.2977
6.2991
6.3021
6.3026
6.2978
6.2839
6.264
6.2543
6.2573
6.2566
6.2536
6.2418
6.2242
6.2215
6.2257
6.2413
6.2532
6.2503
6.2321
6.2214
6.2082
6.2185
6.2264
6.2216
6.2086
6.1875
6.1827
6.1888
6.1983
6.2086
6.2065
6.1953
6.1882
6.1818
6.1898
6.194
6.1978
6.1894
6.1717
6.1665
6.1678
6.1666
6.1771
6.172
6.1673
6.1462
6.1361
6.1248
6.1336
6.1346
6.1386
6.1237
6.112
6.1026
6.0967
6.1064
6.1079
6.1139
6.09
6.0897
6.0823
6.097
6.1081
6.1017
6.0846
6.064
6.0618
6.0723
6.0838
6.092
6.0802
6.0657
6.0633
6.0597
6.0633
6.0718
6.0645
6.0515
6.0235
6.0237
6.0215
6.0223
6.0356
6.0328
6.0395
6.0112
6.003
5.9895
5.997
6.0018
6.0003
5.9848
5.9632
5.9578
5.9598
5.9747
5.9928
5.9935
5.9796
5.9689
5.9536
5.9557
5.9734
5.971
5.9591
5.9345
5.9223
5.9167
5.921
5.9324
5.9337
5.934
5.9111
5.9114
5.8973
5.8975
5.909
5.9099
5.9115
5.8856
5.8788
5.8618
5.8667
5.8809
5.8876
5.8934
5.8633
5.8542
5.8458
5.8476
5.8622
5.8548
5.84
5.8029
5.7981
5.7849
5.7957
5.8
5.7996
5.8019
5.7809
5.7838
5.7796
5.7756
5.7698
5.7598
5.748
5.7313
5.7289
5.7095
5.7041
5.7119
5.7085
5.718
5.6935
5.6833
5.6672
5.6599
5.6642
5.6699
5.6641
5.6544
5.6452
5.6317
5.6308
5.6321
5.6315
5.6229
5.6145
5.5988
5.5992
5.5952
5.5913
5.5893
5.588
5.5812
5.5715
5.5593
5.5457
5.5455
5.5455
5.5435
5.5461
5.5197
5.5116
5.4969
5.4879
5.4975
5.4915
5.4821
5.4656
5.4613
5.4496
5.4579
5.4547
5.4501
5.4445
5.4415
5.4342
5.4476
5.4476
5.4361
5.4325
5.4169
5.4042
5.3896
5.3823
5.3676
5.3666
5.3656
5.3702
5.361
5.3314
5.3151
5.303
5.3064
5.3245
5.3185
5.3113
5.2977
5.2819
5.2799
5.2881
5.291
5.2882
5.2847
5.2684
5.2449
5.2444
5.2324
5.2288
5.2359
5.2263
5.2284
5.2165
5.202
5.1879
5.1852
5.1928
5.2025
5.2037
5.1899
5.1656
5.1565
5.1518
5.1615
5.1683
5.165
5.1553
5.1353
5.1246
5.1187
5.118
5.1215
5.122
5.1174
5.1117
5.0886
5.0721
5.0633
5.0697
5.0747
5.0715
5.0661
5.0437
5.0379
5.0295
5.0352
5.0352
5.0345
5.0267
5.0149
4.9923
4.9824
4.986
4.9879
4.985
4.9755
4.9728
4.9693
4.9599
4.9443
4.94
4.9338
4.941
4.9376
4.9299
4.9158
4.9077
4.905
4.9076
4.9086
4.9071
4.8996
4.8937
4.8711
4.8641
4.8592
4.8598
4.8629
4.8672
4.8654
4.8666
4.848
4.8294
4.825
4.824
4.8287
4.8311
4.8259
4.8066
4.7999
4.7929
4.7914
4.7969
4.7932
4.7822
4.7731
4.7702
4.7696
4.7755
4.7646
4.7559
4.7544
4.753
4.7563
4.7459
4.7409
4.7313
4.7284
4.7229
4.7157
4.7122
4.7002
4.6855
4.6841
4.6894
4.6947
4.6865
4.6762
4.6598
4.6481
4.6292
4.6239
4.6267
4.6269
4.6251
4.6251
4.6201
4.6237
4.6111
4.6058
4.5976
4.59
4.583
4.5788
4.5725
4.5661
4.553
4.5478
4.5447
4.5575
4.5578
4.5524
4.5377
4.5214
4.5085
4.5081
4.5127
4.5116
4.5023
4.4937
4.4863
4.4963
4.4872
4.4774
4.4676
4.455
4.4487
4.4477
4.4507
4.4412
4.4265
4.422
4.4253
4.4343
4.4307
4.4193
4.409
4.3979
4.3863
4.3847
4.3945
4.3899
4.3756
4.3571
4.3557
4.3547
4.3721
4.367
4.3578
4.3455
4.3335
4.3351
4.3476
4.3407
4.3299
4.3182
4.3118
4.3037
4.307
4.3056
4.2986
4.2875
4.2671
4.2554
4.2468
4.2512
4.2491
4.2401
4.2317
4.2244
4.2263
4.2325
4.2237
4.2214
4.2141
4.2127
4.2148
4.2229
4.2115
4.1964
4.1899
4.1881
4.1869
4.1955
4.1921
4.1869
4.1738
4.1487
4.1436
4.1437
4.1425
4.1341
4.1234
4.1121
4.1098
4.1145
4.1161
4.1128
4.0982
4.087
4.0738
4.0679
4.071
4.0687
4.061
4.0478
4.0392
4.0351
4.0463
4.0414
4.0332
4.0245
4.0136
4.0088
4.0084
4.0175
4.0182
4.0186
4.01
4.0074
4.0049
4.0168
4.0095
4.003
3.9972
3.9909
3.9898
3.9914
3.9975
3.9943
3.9887
3.98
3.9781
3.9815
3.9912
3.9886
3.9755
3.9583
3.9434
3.9364
3.9469
3.9535
3.9567
3.9504
3.9384
3.9333
3.9337
3.9408
3.9375
3.9301
3.9187
3.9079
3.9056
3.9064
3.9127
3.913
3.9016
3.8993
3.8967
3.8996
3.905
3.902
3.8914
3.8761
3.8595
3.8569
3.8632
3.8687
3.8712
3.8563
3.8446
3.8429
3.8429
3.8545
3.8581
3.8503
3.8384
3.8233
3.8197
3.8191
3.8165
3.8138
3.8049
3.7955
3.7912
3.7906
3.8074
3.8112
3.8059
3.7912
3.7752
3.7729
3.7768
3.7944
3.796
3.7928
3.7764
3.7701
3.768
3.7773
3.7756
3.7729
3.7661
3.7488
3.7395
3.7274
3.7425
3.7352
3.7326
3.716
3.6968
3.6948
3.7011
3.7185
3.7198
3.7087
3.688
3.669
3.6634
3.6736
3.6754
3.6845
3.6751
3.6481
3.6416
3.6357
3.6467
3.6452
3.6449
3.6318
3.6108
3.5954
3.5883
3.6046
3.5991
3.6005
3.5902
3.5757
3.5748
3.5819
3.595
3.5894
3.5803
3.5632
3.5436
3.5363
3.5379
3.5389
3.5408
3.5314
3.5146
3.5116
3.5061
3.5216
3.5235
3.5275
3.5129
3.4877
3.4837
3.473
3.4856
3.4812
3.4803
3.4709
3.4554
3.4508
3.4472
3.473
3.4718
3.4758
3.4575
3.4346
3.427
3.4164
3.4332
3.4307
3.4337
3.4209
3.4085
3.409
3.4076
3.4409
3.4387
3.4395
3.4277
3.4117
3.4051
3.3963
3.4113
3.4094
3.4116
3.4037
3.3957
3.3972
3.3999
3.4125
3.413
3.4166
3.4048
3.3891
3.3808
3.3739
3.385
3.3809
3.3876
3.378
3.3622
3.3533
3.3436
3.3475
3.3508
3.3553
3.3498
3.3415
3.3293
3.3206
3.321
3.3263
3.3246
3.3193
3.3062
3.2937
3.2866
3.2904
3.3092
3.3028
3.3062
3.2952
3.2799
3.2704
3.2667
3.2798
3.2757
3.2872
3.2827
3.2682
3.2604
3.2507
3.251
3.25
3.2575
3.2489
3.2358
3.2285
3.216
3.2127
3.2197
3.2153
3.2045
3.1967
3.1935
3.1865
3.1898
3.2076
3.2007
3.2036
3.194
3.181
3.1751
3.1731
3.1826
3.1782
3.1828
3.1751
3.1578
3.1568
3.1485
3.1452
3.1523
3.1549
3.1519
3.1402
3.135
3.121
3.1222
3.1377
3.1354
3.1429
3.1333
3.122
3.1093
3.1063
3.1122
3.1081
3.1153
3.1087
3.0942
3.0806
3.0797
3.0753
3.0871
3.0939
3.09
3.08
3.0647
3.0552
3.0503
3.0579
3.0593
3.0522
3.0513
3.0374
3.0252
3.0314
3.0299
3.0429
3.0438
3.0496
3.0306
3.0246
3.0245
3.0139
3.0249
3.0233
3.0273
3.0228
3.0209
3.0135
3.0094
3.0174
3.0224
3.0299
3.0207
3.0079
3.0048
3.0079
3.0023
3.0036
3.0111
3.0045
3.0049
3.0074
2.9986
2.9931
2.9946
2.9926
2.991
2.9923
2.9872
2.9777
2.9766
2.9654
2.9645
2.9737
2.9677
2.9591
2.9555
2.9352
2.9267
2.9278
2.9233
2.9329
2.9346
2.9258
2.9163
2.9112
2.9052
2.8963
2.9099
2.8973
2.8995
2.8986
2.8929
2.8942
2.8884
2.8879
2.8833
2.887
2.8739
2.8738
2.8625
2.8502
2.8477
2.8408
2.8463
2.8395
2.8416
2.8248
2.8234
2.8198
2.8131
2.824
2.8213
2.8198
2.8113
2.8127
2.8064
2.8156
2.8133
2.8104
2.8217
2.813
2.8122
2.8022
2.7944
2.784
2.7917
2.7885
2.7961
2.79
2.7802
2.7817
2.7716
2.7723
2.7758
2.7754
2.771
2.7768
2.7662
2.7604
2.7564
2.745
2.7471
2.743
2.748
2.7377
2.7359
2.7217
2.7244
2.7217
2.7247
2.7287
2.7233
2.7278
2.7193
2.7139
2.7073
2.7091
2.703
2.7065
2.7061
2.6981
2.6949
2.6884
2.6921
2.6933
2.6949
2.6845
2.6954
2.6835
2.6866
2.6796
2.6745
2.6839
2.6745
2.6792
2.6705
2.6717
2.6622
2.6659
2.6571
2.6581
2.6474
2.6447
2.6486
2.6461
2.647
2.6464
2.6552
2.6462
2.6494
2.6367
2.6425
2.634
2.6375
2.6345
2.6289
2.6249
2.6235
2.6237
2.6257
2.6264
2.6223
2.6212
2.6092
2.6087
2.6008
2.6041
2.6003
2.6064
2.5967
2.5964
2.593
2.5952
2.5933
2.5859
2.5891
2.5871
2.5883
2.5824
2.5819
2.5778
2.5832
2.5732
2.5761
2.5705
2.5746
2.5727
2.5711
2.5673
2.5646
2.5653
2.5651
2.564
2.56
2.5633
2.5547
2.5616
2.5548
2.5575
2.5558
2.5545
2.5493
2.553
2.5466
2.5457
2.5383
2.526
2.5253
2.522
2.5257
2.5233
2.5284
2.5218
2.5168
2.5075
2.5072
2.4998
2.5052
2.5006
2.4967
2.4939
2.4899
2.4838
2.4837
2.4736
2.4764
2.4757
2.4741
2.4824
2.4729
2.471
2.4626
2.4608
2.4615
2.463
2.465
2.4598
2.4574
2.4554
2.4473
2.4472
2.4484
2.4477
2.4493
2.4498
2.4483
2.4464
2.4387
2.4412
2.4383
2.4408
2.4373
2.4361
2.438
2.4365
2.4351
2.4313
2.4257
2.4303
2.4291
2.4251
2.431
2.4231
2.4228
2.4216
2.4133
2.4123
2.4052
2.4016
2.4028
2.3984
2.3968
2.3894
2.3881
2.3883
2.3842
2.3802
2.3746
2.3738
2.3685
2.3671
2.3699
2.3612
2.3639
2.357
2.355
2.3554
2.3492
2.3473
2.3477
2.3383
2.3344
2.3261
2.3273
2.3258
2.3208
2.3217
2.315
2.3121
2.3111
2.3095
2.3052
2.2973
2.2962
2.2943
2.2928
2.2932
2.2858
2.284
2.2793
2.2754
2.277
2.2772
2.2801
2.2767
2.2836
2.2812
2.2772
2.2782
2.2745
2.2815
2.2763
2.2768
2.2741
2.2671
2.2664
2.2656
2.2647
2.2639
2.2523
2.2529
2.2534
2.2492
2.2553
2.2495
2.2498
2.2455
2.2431
2.2398
2.2356
2.2313
2.2315
2.2299
2.2238
2.2241
2.2223
2.2202
2.2187
2.2168
2.2177
2.2208
2.2174
2.2168
2.2075
2.2091
2.2096
2.2036
2.2072
2.2019
2.2065
2.2003
2.1992
2.2001
2.1991
2.1956
2.185
2.1894
2.1807
2.1807
2.1792
2.1749
2.1735
2.1733
2.1745
2.1733
2.1669
2.1678
2.1654
2.162
2.1647
2.1609
2.1608
2.1547
2.1539
2.156
2.1491
2.1456
2.1472
2.1448
2.1442
2.1468
2.1398
2.141
2.1378
2.1395
2.1374
2.1284
2.1323
2.1243
2.1221
2.1231
2.1193
2.1226
2.1157
2.1214
2.1164
2.1193
2.1183
2.1135
2.112
2.1055
2.1084
2.0966
2.0989
2.0973
2.0934
2.0925
2.089
2.0891
2.081
2.0822
2.0825
2.0735
2.076
2.0729
2.0741
2.0756
2.0733
2.0706
2.0666
2.0664
2.0673
2.0609
2.0595
2.0598
2.0494
2.0521
2.0503
2.0491
2.0438
2.0456
2.0429
2.0393
2.0412
2.0402
2.037
2.0397
2.0373
2.0363
2.0358
2.0373
2.0347
2.0321
2.0354
2.0257
2.0255
2.0202
2.0218
2.0108
2.0136
2.0115
2.0017
2.0082
2.0004
1.9996
1.9976
1.9976
1.9995
1.9921
2.002
1.9919
1.9917
1.9918
1.9834
1.9816
1.9815
1.9812
1.9712
1.975
1.9705
1.966
1.9662
1.969
1.9637
1.9691
1.9672
1.9659
1.9648
1.9668
1.9644
1.9618
1.9682
1.9578
1.9595
1.961
1.9562
1.9541
1.9572
1.9545
1.9485
1.9581
1.9503
1.9552
1.951
1.952
1.9461
1.9433
1.9452
1.9331
1.9412
1.9288
1.9279
1.931
1.9251
1.9244
1.9164
1.9239
1.9087
1.9172
1.9089
1.902
1.9027
1.9002
1.8983
1.8937
1.8961
1.883
1.8894
1.8807
1.8751
1.8738
1.87
1.8632
1.8654
1.8662
1.8556
1.8632
1.8531
1.8495
1.8475
1.8472
1.8431
1.8358
1.8368
1.8269
1.829
1.827
1.8178
1.8184
1.8179
1.809
1.8159
1.8048
1.8063
1.8057
1.8048
1.7963
1.7986
1.7984
1.7932
1.8026
1.7909
1.7984
1.7978
1.7997
1.7966
1.7974
1.791
1.7893
1.7944
1.7828
1.79
1.7793
1.7808
1.7725
1.781
1.7679
1.7737
1.771
1.7642
1.7693
1.761
1.7655
1.7571
1.7661
1.7508
1.7618
1.7519
1.7522
1.7545
1.7431
1.7455
1.7403
1.7421
1.7381
1.7428
1.7274
1.7378
1.73
1.7288
1.7278
1.7266
1.7275
1.7232
1.7255
1.719
1.7261
1.7185
1.7254
1.7174
1.7171
1.7119
1.7115
1.7103
1.7088
1.7083
1.6995
1.7056
1.7018
1.7033
1.7062
1.7028
1.702
1.7005
1.6965
1.6951
1.6934
1.6883
1.6893
1.689
1.6841
1.6906
1.6806
1.6877
1.6871
1.6828
1.685
1.6784
1.6749
1.6789
1.6742
1.673
1.6736
1.6637
1.667
1.6586
1.663
1.6539
1.6593
1.6509
1.6589
1.6496
1.6563
1.6505
1.6504
1.6541
1.6472
1.6499
1.6398
1.6458
1.6341
1.6461
1.6317
1.638
1.6271
1.6289
1.6229
1.628
1.6221
1.6245
1.6194
1.617
1.6156
1.6141
1.6175
1.6064
1.6089
1.6
1.6022
1.5979
1.6072
1.5907
1.6016
1.5883
1.5937
1.5877
1.5874
1.5885
1.5805
1.579
1.5717
1.5705
1.5663
1.5701
1.5645
1.5747
1.5662
1.5709
1.566
1.5627
1.5568
1.5583
1.5473
1.5533
1.5473
1.5506
1.5496
1.5492
1.5459
1.5423
1.5388
1.5375
1.5392
1.5331
1.5367
1.5332
1.5388
1.5314
1.5375
1.5353
1.5377
1.538
1.5411
1.5343
1.5407
1.5309
1.5316
1.5303
1.5269
1.5287
1.5282
1.5273
1.5281
1.5246
1.5268
1.523
1.526
1.5251
1.5219
1.5257
1.5223
1.5178
1.5253
1.5226
1.5223
1.5264
1.5251
1.529
1.5265
1.528
1.5244
1.5208
1.5177
1.5149
1.5142
1.514
1.5092
1.5135
1.5049
1.5082
1.4998
1.4992
1.4955
1.4948
1.4877
1.4913
1.483
1.4863
1.4826
1.4825
1.4812
1.478
1.4765
1.475
1.47
1.4663
1.4622
1.4628
1.4627
1.463
1.4634
1.4594
1.4559
1.4492
1.4434
1.4481
1.4405
1.445
1.4385
1.4355
1.4366
1.4316
1.4339
1.4287
1.427
1.4237
1.4233
1.4218
1.422
1.4215
1.4194
1.4149
1.4175
1.4115
1.4103
1.4108
1.4078
1.4151
1.4115
1.4121
1.4113
1.4047
1.4112
1.4052
1.4088
1.4045
1.4012
1.4005
1.4003
1.401
1.3977
1.3969
1.396
1.3972
1.4007
1.3967
1.3917
1.3915
1.3838
1.3897
1.3866
1.3883
1.3907
1.3868
1.3896
1.3837
1.3883
1.3815
1.3839
1.3785
1.3794
1.3766
1.3747
1.3768
1.3761
1.3764
1.3774
1.3709
1.3697
1.3678
1.3624
1.3653
1.3609
1.3631
1.3607
1.3587
1.3648
1.3601
1.36
1.3576
1.3559
1.3554
1.3524
1.3499
1.3499
1.3532
1.3468
1.3515
1.3481
1.3491
1.3499
1.3475
1.35
1.3437
1.3408
1.3393
1.3354
1.3361
1.3351
1.3335
1.3353
1.3326
1.3361
1.3336
1.334
1.3345
1.333
1.3333
1.3299
1.3347
1.3219
1.3286
1.3211
1.3226
1.3187
1.3184
1.3261
1.3239
1.3272
1.3245
1.3227
1.3235
1.3168
1.3185
1.3152
1.3122
1.3107
1.3088
1.3086
1.3083
1.3114
1.3106
1.3149
1.3103
1.3083
1.312
1.31
1.3139
1.3082
1.313
1.3098
1.3054
1.3071
1.3031
1.3068
1.3043
1.305
1.302
1.2971
1.2955
1.2929
1.2925
1.2895
1.2937
1.2868
1.2913
1.2876
1.2911
1.2915
1.288
1.2949
1.287
1.2882
1.2811
1.2814
1.2797
1.2754
1.2731
1.2682
1.2659
1.2656
1.2657
1.2655
1.2617
1.2596
1.2569
1.261
1.2567
1.2602
1.2574
1.2601
1.2577
1.2566
1.2606
1.261
1.2638
1.2604
1.2591
1.2575
1.2555
1.2569
1.2588
1.2608
1.2608
1.2591
1.2618
1.2635
1.2655
1.2635
1.2699
1.2667
1.2689
1.2617
1.262
1.2591
1.258
1.2588
1.2539
1.2594
1.2582
1.2618
1.2622
1.263
1.2659
1.2635
1.2638
1.2609
1.2595
1.2583
1.2522
1.2489
1.248
1.2427
1.2435
1.2406
1.2402
1.2438
1.2412
1.2414
1.2336
1.2359
1.2327
1.2301
1.2244
1.2196
1.2208
1.2178
1.2179
1.2175
1.2196
1.2208
1.2187
1.2163
1.2121
1.2066
1.2079
1.2082
1.2041
1.2076
1.2016
1.2064
1.2036
1.2086
1.2079
1.2091
1.2125
1.2046
1.2116
1.2044
1.2134
1.2061
1.2114
1.2105
1.2087
1.2128
1.212
1.2169
1.2167
1.2218
1.2167
1.2192
1.2151
1.2171
1.2144
1.2147
1.2163
1.216
1.2201
1.2154
1.2221
1.2157
1.2229
1.2189
1.2178
1.2148
1.2099
1.2122
1.2085
1.206
1.2019
1.2002
1.1987
1.2004
1.1974
1.2
1.1935
1.195
1.1909
1.1925
1.1894
1.1826
1.1819
1.1803
1.1842
1.1757
1.1804
1.1781
1.1818
1.1808
1.177
1.1807
1.1798
1.1806
1.1757
1.1717
1.1682
1.1729
1.1713
1.1737
1.1715
1.1712
1.169
1.1688
1.1679
1.1678
1.1643
1.1608
1.1637
1.16
1.164
1.1523
1.1591
1.1527
1.1572
1.1543
1.1501
1.1516
1.1519
1.1525
1.1466
1.1435
1.1375
1.1393
1.1329
1.1356
1.1302
1.1325
1.1307
1.1334
1.1316
1.1333
1.1283
1.1286
1.1267
1.1185
1.1221
1.1142
1.1227
1.1202
1.1232
1.1205
1.1211
1.1205
1.1247
1.1217
1.1263
1.1225
1.1242
1.1216
1.1222
1.1191
1.1217
1.1181
1.1199
1.1179
1.1139
1.1191
1.1141
1.1262
1.118
1.1295
1.1205
1.125
1.1242
1.1278
1.1289
1.1293
1.1269
1.1286
1.128
1.1247
1.1259
1.1229
1.1248
1.1199
1.1236
1.1222
1.1231
1.1195
1.1214
1.115
1.1206
1.1158
1.118
1.1159
1.1193
1.1185
1.1158
1.1205
1.1168
1.1177
1.1167
1.1145
1.1122
1.1098
1.105
1.1033
1.1008
1.0997
1.105
1.1085
1.1069
1.1082
1.1054
1.1102
1.104
1.1098
1.1024
1.1068
1.1037
1.1049
1.102
1.1017
1.1072
1.1026
1.107
1.1055
1.1085
1.1052
1.1061
1.0997
1.0985
1.0965
1.0991
1.0989
1.1011
1.1014
1.1018
1.1044
1.1026
1.1012
1.1049
1.1014
1.1032
1.096
1.098
1.0936
1.0964
1.0917
1.0927
1.09
1.0899
1.0873
1.085
1.087
1.0823
1.0821
1.078
1.0758
1.072
1.0737
1.0752
1.0745
1.0755
1.0705
1.0665
1.0655
1.0656
1.0651
1.0626
1.0662
1.0608
1.065
1.0573
1.0623
1.0575
1.06
1.0531
1.0552
1.052
1.0551
1.0542
1.0543
1.0553
1.0534
1.0586
1.055
1.0542
1.051
1.0513
1.05
1.046
1.0485
1.044
1.0481
1.0396
1.047
1.0425
1.0468
1.0439
1.0396
1.0404
1.0387
1.0419
1.0381
1.0402
1.0381
1.0403
1.038
1.0375
1.0392
1.0371
1.04
1.0348
1.0394
1.0344
1.0356
1.0335
1.0349
1.0364
1.0337
1.0382
1.0297
1.0329
1.0294
1.0334
1.0323
1.0305
1.0295
1.029
1.0292
1.0244
1.0261
1.0236
1.0246
1.0238
1.022
1.0227
1.0236
1.0224
1.023
1.0198
1.0204
1.0179
1.0185
1.0149
1.0124
1.0145
1.0148
1.0191
1.0145
1.0181
1.0154
1.0173
1.0101
1.0129
1.0085
1.0121
1.0114
1.0075
1.0089
1.0071
1.009
1.0064
1.0074
1.0055
1.0066
1.002
1.0011
1.0012
1.002
1.0017
1.001
1.0001
1.0005
0.99812
1.0023
1.0002
0.99798
0.99555
0.99478
0.99137
0.98764
0.99032
0.98527
0.99221
0.98817
0.99161
0.98653
0.98594
0.98715
0.98557
0.98746
0.98017
0.98242
0.97634
0.98023
0.97366
0.97583
0.9744
0.97952
0.97837
0.97781
0.97954
0.97968
0.97932
0.97485
0.97279
0.97068
0.96893
0.97081
0.96909
0.96892
0.96839
0.96289
0.96904
0.96643
0.97144
0.96678
0.96552
0.96505
0.96127
0.96289
0.95804
0.96234
0.95394
0.95353
0.95266
0.95289
0.95263
0.95149
0.95457
0.95492
0.9549
0.95378
0.95389
0.95227
0.95441
0.95855
0.9578
0.96022
0.96234
0.96214
0.96507
0.96406
0.96497
0.96383
0.96106
0.96118
0.95961
0.95458
0.9531
0.9518
0.95618
0.95394
0.95731
0.95308
0.95838
0.9575
0.96141
0.96114
0.95843
0.96005
0.95691
0.96156
0.9582
0.95956
0.95787
0.95714
0.9577
0.95463
0.9598
0.95318
0.95318
0.94712
0.94933
0.94971
0.94271
0.94658
0.94323
0.95027
0.94424
0.94622
0.94632
0.94617
0.9428
0.9397
0.94075
0.937
0.93159
0.93203
0.93553
0.9385
0.94222
0.94405
0.94678
0.94605
0.94989
0.94859
0.94653
0.9447
0.93871
0.93717
0.93356
0.9337
0.93267
0.93304
0.93287
0.93008
0.93463
0.93255
0.93659
0.93196
0.93117
0.92912
0.92962
0.92613
0.92144
0.92282
0.9227
0.9226
0.92232
0.92049
0.92838
0.92409
0.93037
0.92409
0.92826
0.92493
0.92457
0.92512
0.9217
0.92431
0.92373
0.93057
0.92498
0.92652
0.9269
0.92654
0.9264
0.92119
0.92041
0.91399
0.91026
0.90518
0.90282
0.90599
0.90467
0.90393
0.89876
0.90139
0.89631
0.90112
0.89744
0.89747
0.8932
0.8932
0.89247
0.89135
0.8924
0.89382
0.89794
0.89651
0.8938
0.89234
0.8896
0.88887
0.88518
0.88641
0.88408
0.88553
0.88171
0.88101
0.8799
0.87938
0.88227
0.88303
0.88481
0.88968
0.88902
0.89054
0.88569
0.88748
0.88889
0.88783
0.88758
0.88633
0.8882
0.88791
0.88942
0.89563
0.89487
0.89556
0.89216
0.89813
0.90033
0.89357
0.89509
0.89186
0.89655
0.89367
0.89543
0.89414
0.89502
0.89907
0.89887
0.90113
0.89819
0.90084
0.89565
0.89983
0.89647
0.89527
0.89252
0.89428
0.89721
0.89931
0.8979
0.89311
0.8963
0.89631
0.89978
0.89718
0.89967
0.90008
0.90439
0.9055
0.89897
0.89861
0.89727
0.89921
0.90343
0.90166
0.90601
0.90363
0.90602
0.90582
0.90142
0.90117
0.8969
0.89881
0.89707
0.89728
0.89579
0.89783
0.89711
0.90051
0.89945
0.89836
0.89861
0.89868
0.90188
0.89909
0.89994
0.89632
0.89687
0.89331
0.89529
0.89281
0.89253
0.89454
0.89233
0.89717
0.89178
0.89362
0.89097
0.8895
0.8876
0.88464
0.88323
0.87845
0.87788
0.87483
0.87297
0.86905
0.86798
0.86611
0.86691
0.8671
0.86504
0.86758
0.86154
0.8643
0.86163
0.86878
0.86805
0.86897
0.87285
0.86887
0.86891
0.86556
0.86694
0.86671
0.87019
0.86697
0.8647
0.86086
0.85968
0.85762
0.85888
0.86228
0.86248
0.86567
0.8629
0.86469
0.86308
0.86012
0.8599
0.86068
0.85832
0.85783
0.85685
0.85967
0.85262
0.85241
0.85297
0.85531
0.85714
0.85557
0.86042
0.85603
0.85711
0.85023
0.8496
0.85398
0.85082
0.85362
0.84685
0.84648
0.8418
0.84378
0.84352
0.84441
0.84299
0.84259
0.84522
0.84235
0.84244
0.8339
0.83865
0.83625
0.83851
0.83902
0.83865
0.84349
0.8407
0.84402
0.84199
0.84917
0.84772
0.84986
0.85289
0.84982
0.85157
0.84805
0.85276
0.85134
0.85625
0.85683
0.85882
0.85529
0.8552
0.85318
0.84896
0.85326
0.85085
0.85259
0.84666
0.85013
0.84737
0.84876
0.84697
0.84595
0.84624
0.84399
0.84428
0.84289
0.84876
0.84823
0.84876
0.84424
0.84261
0.84171
0.83702
0.83961
0.83465
0.84081
0.83983
0.84099
0.8359
0.83235
0.83315
0.8323
0.83624
0.83605
0.83965
0.83385
0.83574
0.83263
0.8345
0.83714
0.83657
0.83707
0.83031
0.83456
0.83315
0.83687
0.83673
0.83503
0.83483
0.82821
0.83232
0.82922
0.83505
0.8329
0.8359
0.83344
0.83168
0.83192
0.83021
0.82985
0.82704
0.83092
0.82937
0.83019
0.82604
0.82717
0.82789
0.8261
0.82607
0.82282
0.82718
0.82434
0.82391
0.82332
0.82306
0.82969
0.82583
0.82565
0.8249
0.82305
0.82373
0.82424
0.82323
0.82255
0.82425
0.82334
0.82771
0.8264
0.82863
0.82777
0.82706
0.82633
0.82206
0.82917
0.8254
0.82922
0.82568
0.82742
0.82954
0.82641
0.82731
0.82534
0.82527
0.82283
0.82453
0.82064
0.82351
0.8248
0.82252
0.8228
0.81747
0.81907
0.81893
0.81913
0.82344
0.81949
0.82227
0.82021
0.82238
0.82072
0.82316
0.82495
0.82017
0.82461
0.81841
0.81879
0.81722
0.82275
0.82335
0.8212
0.82009
0.81804
0.82043
0.8164
0.81871
0.81372
0.81498
0.81399
0.80989
0.81339
0.81161
0.81262
0.80927
0.8092
0.80611
0.80594
0.80654
0.80895
0.80865
0.8063
0.80942
0.80779
0.81137
0.8148
0.81562
0.8135
0.80996
0.81167
0.80987
0.81092
0.81071
0.80984
0.81239
0.81255
0.81391
0.81561
0.81255
0.81588
0.81397
0.81331
0.81181
0.80789
0.80757
0.80511
0.80029
0.80021
0.80012
0.79992
0.80339
0.80068
0.79832
0.79741
0.79367
0.79684
0.79302
0.79595
0.79329
0.79129
0.79195
0.78998
0.79721
0.79269
0.79414
0.78981
0.78976
0.79318
0.79008
0.791
0.7866
0.78642
0.78559
0.78413
0.78647
0.7867
0.78945
0.78687
0.78791
0.78631
0.78511
0.78373
0.77925
0.78447
0.78178
0.78525
0.78161
0.77984
0.78421
0.78436
0.78431
0.78062
0.78081
0.77945
0.77653
0.77828
0.77838
0.77721
0.77611
0.77987
0.78185
0.78111
0.77959
0.77686
0.77759
0.77187
0.7704
0.76889
0.7673
0.76718
0.76338
0.76391
0.75965
0.75809
0.75791
0.75774
0.76047
0.7602
0.76362
0.7647
0.76919
0.76811
0.76852
0.76983
0.77049
0.77022
0.76734
0.77217
0.77208
0.77401
0.77355
0.7742
0.77327
0.77515
0.7708
0.77522
0.77397
0.77437
0.77277
0.76904
0.77039
0.76632
0.76927
0.76694
0.76709
0.7646
0.76522
0.76356
0.76238
0.7652
0.76543
0.77128
0.76979
0.77323
0.77668
0.77641
0.77687
0.77285
0.77442
0.77575
0.777
0.77922
0.77705
0.77641
0.7787
0.77572
0.77832
0.77431
0.773
0.77083
0.76901
0.77032
0.76388
0.76574
0.7667
0.76795
0.76744
0.7669
0.76721
0.76397
0.76279
0.75745
0.75918
0.75667
0.75703
0.76092
0.7583
0.75993
0.75913
0.75836
0.76066
0.76118
0.76285
0.7633
0.7607
0.76143
0.75901
0.76026
0.75894
0.75787
0.75695
0.75458
0.75414
0.75155
0.7549
0.75095
0.75046
0.74923
0.74508
0.7454
0.74331
0.74536
0.74454
0.74379
0.74309
0.74101
0.74214
0.73968
0.73718
0.73887
0.73747
0.73856
0.73923
0.74073
0.74371
0.74257
0.74132
0.74075
0.73901
0.739
0.73888
0.74
0.73926
0.74037
0.73562
0.73526
0.73212
0.7294
0.73218
0.73053
0.7374
0.73414
0.7321
0.73218
0.72679
0.72732
0.72572
0.72615
0.72619
0.72535
0.72281
0.72345
0.72333
0.72462
0.72558
0.72446
0.72685
0.72544
0.72622
0.72532
0.72432
0.72294
0.72049
0.72139
0.72079
0.71972
0.71874
0.72105
0.71747
0.71809
0.71775
0.71472
0.71538
0.71283
0.71459
0.71453
0.71388
0.71207
0.71022
0.71041
0.70993
0.70903
0.70917
0.71227
0.71333
0.71416
0.71383
0.71326
0.71355
0.71331
0.7131
0.71285
0.7152
0.7123
0.71195
0.70649
0.70806
0.70749
0.70504
0.71109
0.70896
0.71243
0.71135
0.70809
0.70757
0.70453
0.70564
0.70743
0.70917
0.71112
0.71038
0.70828
0.70571
0.70474
0.70703
0.70653
0.70654
0.70834
0.70771
0.70871
0.70727
0.706
0.70453
0.70346
0.7099
0.7074
0.71046
0.70484
0.70675
0.70647
0.70227
0.70811
0.70621
0.70977
0.70917
0.70384
0.70333
0.70196
0.70452
0.70509
0.70814
0.70828
0.70809
0.70458
0.70351
0.70287
0.70168
0.70249
0.7024
0.70542
0.70148
0.69966
0.6948
0.69324
0.69248
0.69035
0.69313
0.68995
0.68892
0.68628
0.68461
0.68556
0.68346
0.68599
0.68536
0.68488
0.68459
0.68002
0.68113
0.681
0.68245
0.68446
0.68655
0.68973
0.69204
0.69238
0.69444
0.69684
0.69748
0.69546
0.6947
0.69476
0.69353
0.69428
0.69425
0.6941
0.69458
0.69195
0.68853
0.68681
0.68471
0.68868
0.68694
0.6888
0.69052
0.69018
0.69257
0.69138
0.69241
0.69334
0.69735
0.70163
0.70492
0.70554
0.7066
0.70611
0.70778
0.7091
0.70576
0.70883
0.70659
0.71061
0.70754
0.70746
0.7099
0.70956
0.70879
0.70271
0.70276
0.70057
0.70161
0.70343
0.70073
0.6977
0.69639
0.69206
0.68994
0.68882
0.68878
0.68955
0.68878
0.69054
0.68963
0.68814
0.68828
0.6883
0.68768
0.6899
0.68943
0.6888
0.69048
0.69007
0.69185
0.69063
0.69213
0.68924
0.69004
0.68736
0.69042
0.69118
0.69042
0.69029
0.68764
0.6839
0.68472
0.68298
0.68092
0.68058
0.67441
0.6734
0.66933
0.66963
0.66963
0.67217
0.67435
0.67352
0.67304
0.67248
0.67459
0.67366
0.67499
0.67651
0.67836
0.67848
0.68121
0.68048
0.68074
0.68117
0.67985
0.67946
0.67809
0.68048
0.68398
0.6847
0.68536
0.68391
0.68162
0.68178
0.67921
0.68022
0.67854
0.67738
0.67512
0.67236
0.67434
0.67573
0.67618
0.67676
0.67724
0.67309
0.67262
0.6732
0.67477
0.6746
0.67987
0.68025
0.67962
0.68308
0.68232
0.68386
0.68398
0.68313
0.68163
0.68601
0.68621
0.68643
0.68676
0.68756
0.68677
0.6841
0.68627
0.68224
0.68298
0.67948
0.67817
0.67521
0.67226
0.67314
0.67261
0.67194
0.6717
0.67084
0.66833
0.66856
0.66822
0.66697
0.666
0.6655
0.66614
0.66626
0.66669
0.66629
0.66807
0.67
0.67112
0.67079
0.67375
0.67215
0.67283
0.67157
0.67035
0.67148
0.6689
0.67245
0.67142
0.67094
0.6722
0.66916
0.67111
0.66917
0.66852
0.66731
0.66454
0.66594
0.66273
0.66265
0.65797
0.65749
0.65568
0.65484
0.65499
0.65545
0.65678
0.65666
0.65758
0.65531
0.65809
0.65772
0.66006
0.66021
0.66005
0.66215
0.66201
0.66255
0.66279
0.66085
0.65827
0.65974
0.656
0.65758
0.65397
0.65254
0.65437
0.65208
0.65337
0.65155
0.65087
0.64869
0.64807
0.64734
0.64448
0.64326
0.63811
0.63642
0.63242
0.6332
0.63193
0.62829
0.62637
0.62558
0.62837
0.62741
0.63339
0.63253
0.63307
0.63125
0.63039
0.62908
0.62768
0.62713
0.6218
0.62337
0.6211
0.62545
0.62456
0.62599
0.62676
0.62267
0.62741
0.62559
0.62887
0.62956
0.63115
0.62998
0.6289
0.62779
0.62643
0.6263
0.62428
0.62346
0.6237
0.62414
0.62428
0.62414
0.62649
0.62484
0.6286
0.63096
0.63316
0.63361
0.63288
0.63232
0.63273
0.63245
0.63156
0.63419
0.63247
0.63828
0.63651
0.63901
0.63996
0.6373
0.64094
0.63796
0.63589
0.63891
0.63693
0.63763
0.63629
0.63638
0.63271
0.63172
0.63087
0.63035
0.62997
0.62644
0.62496
0.623
0.62434
0.62453
0.62141
0.6232
0.62245
0.62423
0.62413
0.62451
0.62462
0.62469
0.62634
0.62446
0.62288
0.62335
0.62324
0.62572
0.62603
0.6257
0.6302
0.62964
0.62837
0.6284
0.62752
0.62687
0.62761
0.62594
0.62713
0.62487
0.62566
0.62625
0.62794
0.62659
0.6233
0.6217
0.61914
0.62125
0.6201
0.61787
0.61676
0.61546
0.61624
0.61321
0.61542
0.61365
0.61776
0.61791
0.61709
0.61752
0.61577
0.61619
0.61734
0.61792
0.61822
0.62439
0.62086
0.62288
0.62295
0.62252
0.62153
0.61906
0.6185
0.62108
0.61971
0.6214
0.61967
0.61964
0.6192
0.62112
0.62097
0.62037
0.62065
0.61884
0.62114
0.61807
0.61698
0.6149
0.61203
0.6101
0.6081
0.60643
0.60871
0.61019
0.61299
0.61071
0.61317
0.61149
0.61133
0.61464
0.6138
0.61329
0.61693
0.61977
0.62212
0.62556
0.62302
0.62404
0.62223
0.61857
0.6214
0.62228
0.62277
0.62312
0.6219
0.62131
0.62103
0.6207
0.61853
0.62008
0.61678
0.61837
0.61566
0.61469
0.61449
0.61237
0.61323
0.61127
0.61012
0.61288
0.61173
0.61485
0.61492
0.61398
0.61569
0.61427
0.61716
0.61746
0.6191
0.62188
0.62207
0.62282
0.62481
0.62209
0.62239
0.62057
0.61748
0.61767
0.61689
0.61747
0.61805
0.61843
0.61729
0.61554
0.61449
0.6137
0.61498
0.61241
0.60855
0.60825
0.60501
0.60589
0.60404
0.60263
0.60234
0.60114
0.60179
0.60269
0.60362
0.60546
0.60418
0.60334
0.60126
0.60185
0.60143
0.60196
0.60227
0.60367
0.60701
0.60738
0.60771
0.60729
0.60639
0.60517
0.60304
0.60456
0.60449
0.60472
0.60523
0.60399
0.6013
0.60102
0.60064
0.59641
0.59657
0.59112
0.58987
0.58701
0.58406
0.58259
0.57793
0.57811
0.5734
0.57306
0.5709
0.57244
0.57307
0.57195
0.57264
0.57009
0.57197
0.57068
0.57226
0.57362
0.57804
0.57804
0.58256
0.5837
0.58482
0.58619
0.58637
0.58762
0.59121
0.5929
0.59779
0.5977
0.60098
0.60092
0.59866
0.59953
0.59713
0.5943
0.59577
0.59327
0.5919
0.58947
0.58547
0.58573
0.58244
0.58306
0.58173
0.58274
0.58831
0.58977
0.59457
0.59331
0.59773
0.59757
0.6001
0.60322
0.60479
0.60925
0.61034
0.6141
0.61385
0.61556
0.61436
0.61471
0.61185
0.61225
0.61312
0.61371
0.6151
0.6124
0.61094
0.60885
0.60483
0.60474
0.60026
0.5972
0.59442
0.58819
0.5863
0.58458
0.58035
0.58022
0.57644
0.57416
0.57283
0.57537
0.57468
0.57774
0.57619
0.57662
0.57768
0.57854
0.57964
0.58249
0.58292
0.58432
0.58942
0.58898
0.59382
0.59526
0.59408
0.59616
0.5915
0.58817
0.5868
0.58432
0.58653
0.58613
0.58255
0.58232
0.57928
0.5795
0.57695
0.57481
0.57298
0.57138
0.56884
0.56779
0.56723
0.56651
0.56682
0.56334
0.56239
0.5619
0.5644
0.56539
0.56606
0.56485
0.56786
0.56699
0.56888
0.57093
0.56947
0.57092
0.5728
0.57293
0.5752
0.57651
0.57025
0.5704
0.56661
0.56401
0.56273
0.5627
0.56283
0.56121
0.56234
0.55933
0.55843
0.55695
0.55597
0.55356
0.55236
0.5468
0.54563
0.54694
0.54623
0.546
0.54474
0.54454
0.54386
0.5463
0.54844
0.55354
0.55483
0.55635
0.55632
0.55806
0.55734
0.55906
0.56354
0.5631
0.5668
0.56667
0.56885
0.57126
0.56928
0.56721
0.56595
0.56424
0.5626
0.56593
0.56636
0.56733
0.56452
0.5657
0.56482
0.56431
0.56379
0.56202
0.55918
0.55679
0.55725
0.55554
0.55602
0.55502
0.55461
0.55489
0.55257
0.55567
0.55805
0.5627
0.56585
0.56566
0.5675
0.56983
0.57452
0.57702
0.58021
0.58167
0.58441
0.58671
0.58702
0.58684
0.58645
0.58383
0.57826
0.57885
0.57373
0.57656
0.57696
0.57754
0.57614
0.57304
0.57175
0.57102
0.5713
0.56911
0.56846
0.56473
0.56623
0.56643
0.56489
0.56462
0.5658
0.56578
0.56439
0.56687
0.56905
0.5725
0.5769
0.57808
0.57966
0.58173
0.58313
0.58481
0.58739
0.59093
0.59165
0.59252
0.59198
0.594
0.58935
0.58648
0.5832
0.57919
0.57836
0.57615
0.57755
0.57746
0.57731
0.57451
0.57269
0.56778
0.56651
0.56515
0.56339
0.56181
0.5578
0.55628
0.55392
0.55232
0.55094
0.553
0.55402
0.55423
0.55534
0.55948
0.5641
0.57003
0.57066
0.57138
0.57375
0.57718
0.57755
0.58412
0.58304
0.5853
0.58706
0.58791
0.59258
0.59244
0.58902
0.58824
0.58758
0.58659
0.5908
0.58882
0.59425
0.59183
0.59041
0.59061
0.5907
0.59392
0.5967
0.59268
0.59368
0.59068
0.59253
0.59425
0.59665
0.59691
0.59926
0.5985
0.59926
0.60605
0.6093
0.61458
0.61583
0.61775
0.61966
0.62201
0.62326
0.62229
0.62521
0.62076
0.6208
0.62093
0.61511
0.61737
0.61497
0.60955
0.60706
0.60315
0.6008
0.60061
0.59686
0.59812
0.59673
0.59444
0.59431
0.59149
0.59167
0.59002
0.58588
0.58639
0.58291
0.58383
0.58308
0.58574
0.58758
0.58939
0.5921
0.59172
0.59599
0.60072
0.60373
0.60644
0.60778
0.60743
0.60996
0.61068
0.60849
0.61024
0.60904
0.6084
0.6122
0.61059
0.61049
0.61014
0.60452
0.60091
0.59947
0.59778
0.59819
0.59894
0.60403
0.60246
0.60352
0.59917
0.59835
0.59781
0.59861
0.59773
0.59629
0.59356
0.59133
0.59296
0.59348
0.59918
0.60059
0.6042
0.60689
0.61008
0.61539
0.6183
0.61999
0.61978
0.61628
0.6155
0.61451
0.61631
0.6166
0.61701
0.61678
0.61786
0.61822
0.61955
0.61687
0.61246
0.60852
0.60443
0.60566
0.6052
0.60811
0.61217
0.60952
0.60817
0.6077
0.60598
0.60737
0.60772
0.60688
0.60331
0.60262
0.59965
0.60176
0.60206
0.60726
0.61014
0.61411
0.61898
0.62008
0.62389
0.62689
0.62623
0.62505
0.62097
0.62132
0.62043
0.62111
0.62397
0.62246
0.62365
0.62369
0.62495
0.62529
0.62453
0.62382
0.6242
0.62263
0.62229
0.62598
0.62632
0.62725
0.62788
0.6268
0.62796
0.6281
0.6285
0.62868
0.62918
0.62823
0.62831
0.63034
0.62895
0.63176
0.63391
0.63605
0.64149
0.64687
0.64823
0.65123
0.65066
0.6499
0.65048
0.65047
0.64978
0.65274
0.65253
0.6518
0.65342
0.65198
0.65124
0.65034
0.64857
0.64852
0.64906
0.6466
0.64798
0.64932
0.64716
0.64716
0.64498
0.64679
0.64556
0.64589
0.64497
0.64434
0.64447
0.64256
0.64158
0.63803
0.63643
0.63506
0.63424
0.63537
0.64161
0.64698
0.64917
0.65405
0.65081
0.64917
0.65041
0.64919
0.65096
0.64875
0.64637
0.64635
0.64645
0.64477
0.64597
0.64385
0.64413
0.648
0.64688
0.64707
0.64737
0.64227
0.6407
0.63648
0.6359
0.63599
0.63691
0.64043
0.63885
0.64055
0.64299
0.64089
0.64422
0.64472
0.64472
0.64445
0.64426
0.64453
0.64434
0.64888
0.65391
0.65786
0.66091
0.66408
0.66671
0.66756
0.67215
0.67272
0.67314
0.67364
0.67649
0.67701
0.67646
0.67951
0.67904
0.68634
0.68906
0.69472
0.69812
0.6977
0.70074
0.69674
0.69857
0.69686
0.69996
0.70373
0.70555
0.70907
0.70841
0.71236
0.71448
0.71678
0.71816
0.71927
0.71767
0.71759
0.71892
0.71794
0.71608
0.71927
0.72371
0.72944
0.73588
0.73971
0.73955
0.73957
0.73691
0.73651
0.73544
0.7307
0.73185
0.72938
0.72689
0.72908
0.7286
0.73208
0.73382
0.73659
0.73409
0.73081
0.72911
0.72696
0.72514
0.72571
0.72303
0.72624
0.72904
0.73129
0.73232
0.73364
0.73493
0.73301
0.73466
0.73322
0.73144
0.72907
0.72619
0.72317
0.72036
0.72452
0.73341
0.73877
0.74705
0.75228
0.75194
0.7547
0.75517
0.75495
0.75386
0.75067
0.75108
0.75577
0.75814
0.76204
0.76517
0.76716
0.76948
0.77037
0.77098
0.7696
0.77139
0.77025
0.76864
0.76926
0.76984
0.77156
0.77484
0.77541
0.77431
0.77452
0.77436
0.77331
0.77203
0.77074
0.76721
0.76038
0.75805
0.75454
0.75472
0.75868
0.76596
0.77455
0.78126
0.78678
0.78668
0.78663
0.78645
0.78481
0.78229
0.78328
0.78527
0.78745
0.7883
0.78968
0.79049
0.78798
0.7893
0.79318
0.79188
0.79218
0.79459
0.79098
0.79282
0.79395
0.79477
0.79637
0.79565
0.7971
0.79647
0.7958
0.79593
0.7967
0.79429
0.79109
0.78528
0.77913
0.77877
0.77783
0.77683
0.78138
0.78846
0.79578
0.80584
0.81256
0.81402
0.8154
0.81426
0.81418
0.81768
0.82196
0.82251
0.82945
0.82862
0.82882
0.8302
0.83197
0.83534
0.83735
0.83855
0.84027
0.84172
0.84418
0.84379
0.84379
0.8445
0.84163
0.84236
0.84204
0.84401
0.84367
0.84318
0.84
0.83399
0.83091
0.82641
0.82486
0.821
0.82008
0.81888
0.81985
0.82783
0.83841
0.84647
0.85453
0.86023
0.86191
0.86591
0.86812
0.87166
0.87341
0.8706
0.8695
0.86654
0.8683
0.87199
0.87567
0.87706
0.87967
0.883
0.88258
0.8831
0.88524
0.88251
0.87971
0.87956
0.87796
0.8767
0.876
0.87815
0.87503
0.87055
0.86799
0.86204
0.85961
0.85693
0.85173
0.84566
0.84234
0.83608
0.8365
0.84156
0.85049
0.86071
0.86946
0.87923
0.88844
0.89064
0.89166
0.893
0.89222
0.89216
0.88843
0.89388
0.89609
0.89809
0.9013
0.90225
0.90484
0.91122
0.91457
0.92037
0.92078
0.92207
0.92176
0.92053
0.92075
0.92366
0.92662
0.92631
0.92772
0.92412
0.92543
0.92553
0.92917
0.92658
0.92494
0.92315
0.91849
0.91976
0.91901
0.92152
0.93341
0.94716
0.96193
0.98114
0.99606
1.0034
1.0062
1.007
1.0078
1.007
1.0097
1.011
1.0153
1.0197
1.0218
1.0294
1.0334
1.0369
1.0413
1.0422
1.0433
1.0421
1.0401
1.0369
1.0351
1.0342
1.0299
1.0298
1.029
1.0282
1.0259
1.028
1.0233
1.0198
1.0146
1.009
1.0038
1.0011
0.99757
0.99742
1.0007
1.012
1.0307
1.0439
1.0601
1.072
1.0745
1.0754
1.073
1.0758
1.0764
1.0776
1.0776
1.0793
1.082
1.0873
1.0983
1.1017
1.1064
1.1078
1.1074
1.1053
1.1022
1.0986
1.0964
1.0942
1.09
1.0878
1.088
1.0885
1.0893
1.0869
1.0872
1.0867
1.0825
1.0803
1.0775
1.0716
1.0687
1.0664
1.0666
1.074
1.0877
1.106
1.1218
1.1362
1.1482
1.1509
1.1537
1.1562
1.1579
1.1588
1.1602
1.1589
1.165
1.1692
1.1774
1.1863
1.1902
1.1934
1.1917
1.1885
1.1866
1.1822
1.1807
1.1788
1.1752
1.1746
1.1728
1.1759
1.1767
1.1758
1.1751
1.1732
1.1718
1.1692
1.1657
1.1605
1.1571
1.1555
1.1546
1.1589
1.1674
1.1829
1.2008
1.2182
1.2344
1.2488
1.2566
1.2573
1.2581
1.257
1.2589
1.2587
1.2599
1.2653
1.2689
1.2752
1.2816
1.2831
1.2849
1.2844
1.2808
1.2806
1.2779
1.2761
1.2729
1.2705
1.2713
1.2711
1.2709
1.2731
1.2741
1.2711
1.2716
1.2713
1.2651
1.2632
1.2615
1.2585
1.2599
1.2596
1.2615
1.2683
1.2803
1.2997
1.3176
1.3388
1.3579
1.3676
1.3711
1.3719
1.3737
1.3777
1.3823
1.38
1.3835
1.385
1.3868
1.3883
1.3879
1.3894
1.3875
1.3918
1.3889
1.3873
1.3842
1.379
1.3777
1.3767
1.3748
1.3744
1.3748
1.3725
1.3698
1.3664
1.3628
1.3612
1.3584
1.3558
1.3557
1.3533
1.3529
1.3534
1.3564
1.3669
1.3811
1.4017
1.4206
1.4376
1.4524
1.4555
1.4558
1.4557
1.458
1.4583
1.4549
1.4524
1.4476
1.4426
1.4439
1.4462
1.4447
1.4502
1.4507
1.4453
1.4449
1.4422
1.4414
1.4366
1.4355
1.4345
1.4323
1.4358
1.4347
1.4357
1.431
1.4324
1.4334
1.4299
1.4324
1.43
1.43
1.4275
1.4266
1.432
1.4417
1.4616
1.4824
1.505
1.5254
1.5441
1.556
1.5621
1.5656
1.5662
1.5702
1.5701
1.5616
1.5582
1.5548
1.5556
1.5622
1.5686
1.578
1.585
1.5882
1.5889
1.592
1.5917
1.5897
1.5898
1.5887
1.589
1.5915
1.5962
1.5948
1.5953
1.5957
1.595
1.5971
1.5975
1.5974
1.5978
1.5935
1.5923
1.594
1.6049
1.6193
1.6402
1.6651
1.6866
1.7056
1.7237
1.7307
1.7343
1.7349
1.7355
1.7306
1.7171
1.706
1.6978
1.6925
1.7002
1.7096
1.7133
1.7183
1.7232
1.7211
1.7206
1.7169
1.715
1.7128
1.7116
1.7117
1.7086
1.7094
1.7146
1.7166
1.7158
1.719
1.7196
1.7165
1.7146
1.7114
1.7076
1.7058
1.7069
1.7149
1.7282
1.7474
1.7741
1.7996
1.8255
1.8474
1.8595
1.8661
1.8661
1.8605
1.8521
1.8451
1.8316
1.823
1.823
1.8264
1.8362
1.845
1.8521
1.8621
1.8665
1.8623
1.8614
1.8591
1.8549
1.8535
1.8519
1.8515
1.8558
1.8614
1.863
1.8661
1.865
1.8671
1.8674
1.8649
1.8621
1.8594
1.8583
1.8575
1.8609
1.8728
1.8893
1.9127
1.9411
1.9694
1.9916
2.0131
2.024
2.0251
2.0164
2.003
1.9919
1.9797
1.9712
1.9708
1.9726
1.9793
1.9919
1.9979
2.0068
2.0089
2.0114
