1017,1983,3055,3699,4278,4744,5366,5903,6409,6768,6960,6891
1017,1982,3056,3699,4277,4744,5366,5904,6411,6765,6962,6891
1016,1982,3055,3702,4275,4742,5369,5903,6415,6764,6962,6893
1015,1982,3054,3702,4274,4743,5371,5903,6413,6762,6960,6896
1014,1985,3055,3701,4277,4745,5373,5901,6409,6763,6958,6895
1013,1986,3056,3701,4278,4745,5370,5903,6408,6766,6962,6892
1014,1987,3055,3702,4276,4744,5368,5907,6411,6764,6964,6889
1014,1986,3055,3700,4273,4746,5367,5905,6412,6760,6961,6893
1015,1985,3056,3699,4272,4747,5368,5902,6410,6763,6960,6895
1014,1985,3057,3701,4274,4746,5369,5904,6409,6766,6962,6893
1014,1984,3058,3704,4277,4745,5371,5908,6409,6763,6965,6892
1013,1984,3056,3702,4274,4747,5370,5906,6411,6760,6964,6889
1013,1985,3054,3701,4272,4747,5368,5904,6411,6764,6961,6891
1012,1987,3054,3699,4271,4746,5364,5908,6409,6761,6963,6895
1013,1988,3056,3702,4274,4746,5368,5911,6410,6758,6968,6898
1013,1989,3059,3704,4275,4749,5370,5909,6415,6757,6965,6894
1012,1990,3060,3703,4276,4750,5371,5907,6412,6759,6963,6894
1012,1989,3059,3700,4274,4748,5368,5911,6409,6760,6967,6891
1011,1990,3057,3701,4274,4747,5367,5913,6412,6760,6969,6892
1011,1991,3058,3703,4276,4750,5366,5911,6414,6756,6966,6897
1010,1992,3060,3702,4278,4751,5366,5910,6412,6758,6967,6895
1011,1992,3063,3701,4276,4749,5368,5910,6411,6762,6969,6893
1010,1992,3063,3703,4275,4747,5368,5910,6415,6759,6971,6892
1010,1992,3062,3703,4276,4747,5366,5908,6416,6755,6970,6894
1010,1994,3063,3702,4278,4749,5363,5908,6413,6759,6967,6896
1010,1996,3063,3702,4279,4750,5364,5911,6412,6762,6969,6895
1011,1996,3064,3704,4276,4748,5367,5912,6409,6759,6973,6892
1011,1996,3066,3706,4275,4748,5369,5912,6411,6758,6975,6890
1010,1996,3066,3704,4277,4750,5366,5910,6410,6760,6972,6894
1010,1996,3065,3702,4280,4751,5364,5911,6408,6761,6971,6896
1010,1995,3067,3703,4281,4750,5363,5913,6404,6760,6973,6892
1011,1996,3067,3706,4279,4749,5365,5913,6408,6758,6975,6892
1011,1997,3068,3706,4278,4752,5365,5910,6410,6760,6973,6891
1011,1997,3067,3705,4279,4754,5367,5908,6408,6758,6970,6892
1011,1997,3068,3706,4280,4752,5370,5912,6406,6756,6968,6897
1011,1998,3067,3707,4281,4751,5368,5911,6410,6752,6972,6894
1010,1998,3069,3706,4278,4755,5365,5908,6411,6755,6969,6890
1009,2000,3070,3706,4277,4757,5364,5910,6408,6754,6966,6895
1009,2000,3068,3708,4276,4754,5363,5914,6407,6751,6966,6898
1009,2001,3066,3708,4278,4752,5364,5912,6409,6749,6969,6899
1009,2002,3065,3706,4279,4755,5365,5909,6410,6752,6971,6899
1010,2001,3067,3704,4278,4758,5367,5913,6410,6753,6971,6897
1009,2000,3069,3706,4277,4756,5366,5916,6408,6751,6968,6893
1008,1999,3070,3709,4278,4753,5364,5913,6408,6751,6970,6897
1006,1999,3070,3707,4279,4757,5362,5910,6410,6753,6974,6900
1007,2001,3069,3705,4280,4760,5365,5910,6410,6755,6971,6896
1007,2002,3067,3704,4277,4758,5367,5912,6406,6754,6968,6895
1007,2003,3069,3705,4277,4756,5368,5914,6404,6751,6973,6893
1007,2004,3072,3708,4275,4757,5365,5913,6408,6752,6973,6894
1008,2003,3071,3707,4277,4760,5364,5912,6409,6756,6974,6897
1008,2001,3070,3705,4278,4760,5362,5913,6406,6754,6974,6900
1008,2001,3068,3706,4276,4759,5359,5914,6405,6750,6971,6897
1008,2001,3067,3707,4277,4760,5360,5914,6402,6755,6973,6896
1008,2002,3068,3706,4277,4763,5364,5912,6403,6757,6977,6899
1008,2004,3070,3706,4278,4763,5366,5913,6406,6753,6974,6900
1008,2006,3070,3708,4278,4761,5363,5916,6405,6752,6971,6904
1008,2006,3070,3709,4277,4762,5360,5915,6401,6749,6971,6902
1007,2006,3068,3706,4277,4763,5360,5912,6399,6751,6973,6899
1006,2006,3069,3705,4276,4767,5361,5909,6402,6755,6974,6898
1006,2006,3070,3704,4274,4765,5362,5913,6403,6752,6974,6900
1006,2007,3071,3707,4275,4762,5364,5912,6405,6749,6970,6902
1006,2007,3071,3705,4277,4764,5364,5910,6409,6752,6972,6901
1005,2008,3071,3703,4278,4767,5362,5909,6406,6755,6976,6898
1004,2008,3070,3702,4277,4767,5358,5912,6402,6752,6973,6895
1003,2008,3070,3703,4274,4765,5360,5910,6405,6749,6970,6899
1003,2009,3072,3707,4275,4766,5363,5907,6408,6748,6975,6901
1003,2011,3070,3705,4277,4768,5365,5907,6408,6749,6975,6898
1003,2012,3069,3703,4276,4768,5362,5909,6407,6751,6977,6896
1004,2013,3069,3704,4275,4766,5360,5907,6405,6750,6976,6895
1003,2013,3069,3705,4276,4764,5359,5906,6402,6748,6973,6897
1002,2012,3070,3704,4277,4767,5356,5906,6403,6750,6975,6900
1002,2012,3072,3704,4278,4767,5358,5907,6407,6754,6979,6903
1002,2011,3072,3705,4279,4765,5360,5904,6404,6751,6975,6899
1003,2012,3071,3706,4277,4763,5359,5904,6402,6748,6972,6898
1004,2013,3071,3704,4274,4764,5357,5902,6400,6752,6972,6902
1003,2015,3072,3703,4275,4763,5354,5904,6402,6754,6973,6904
1003,2016,3074,3703,4277,4763,5353,5902,6403,6751,6976,6907
1001,2016,3075,3705,4277,4761,5355,5902,6407,6751,6975,6905
1002,2016,3075,3706,4275,4762,5357,5901,6405,6753,6971,6901
1002,2016,3075,3704,4273,4766,5358,5901,6403,6754,6968,6904
1002,2016,3074,3703,4274,4765,5357,5904,6405,6753,6973,6908
1002,2017,3074,3704,4277,4764,5356,5903,6408,6750,6975,6910
1001,2018,3074,3705,4279,4764,5354,5901,6409,6752,6971,6909
1001,2019,3076,3704,4277,4765,5355,5903,6406,6755,6970,6906
1001,2019,3076,3702,4275,4766,5359,5907,6405,6753,6972,6908
1001,2018,3077,3703,4272,4765,5361,5905,6402,6749,6973,6911
1001,2019,3076,3704,4275,4766,5358,5901,6404,6748,6973,6914
1001,2020,3075,3703,4278,4767,5356,5904,6408,6751,6970,6911
1000,2021,3076,3702,4277,4767,5355,5907,6405,6748,6967,6909
1000,2022,3076,3701,4274,4767,5358,5905,6402,6747,6972,6907
1000,2021,3077,3701,4276,4769,5359,5902,6401,6745,6969,6908
1000,2020,3078,3702,4279,4769,5361,5902,6403,6746,6966,6911
1001,2019,3078,3701,4281,4767,5360,5904,6405,6744,6965,6915
1001,2020,3078,3702,4279,4767,5358,5904,6403,6744,6967,6912
1001,2021,3078,3704,4276,4769,5355,5903,6402,6741,6970,6911
1001,2023,3078,3705,4274,4771,5357,5903,6399,6743,6969,6913
1001,2023,3078,3703,4277,4769,5361,5905,6400,6743,6966,6914
1001,2024,3079,3701,4279,4768,5362,5906,6403,6739,6967,6917
1001,2023,3080,3703,4278,4767,5359,5906,6404,6737,6972,6920
1000,2024,3081,3705,4276,4768,5357,5904,6402,6741,6969,6917
999,2025,3079,3707,4275,4769,5356,5900,6401,6742,6965,6916
998,2025,3079,3705,4279,4768,5354,5903,6399,6739,6969,6919
997,2025,3080,3703,4280,4768,5354,5903,6399,6738,6971,6921
997,2025,3080,3704,4277,4766,5356,5901,6402,6740,6967,6923
997,2026,3080,3706,4275,4768,5359,5898,6404,6741,6967,6922
997,2028,3081,3708,4274,4766,5357,5902,6402,6741,6964,6918
996,2029,3081,3707,4276,4767,5354,5904,6400,6738,6966,6922
996,2031,3080,3705,4278,4766,5353,5902,6399,6736,6965,6926
994,2032,3080,3705,4277,4767,5355,5900,6400,6740,6961,6922
995,2031,3080,3706,4275,4764,5357,5904,6401,6737,6957,6920
995,2030,3081,3707,4275,4763,5357,5906,6405,6733,6962,6925
995,2029,3082,3707,4278,4763,5356,5904,6402,6732,6964,6926
995,2029,3083,3708,4280,4765,5356,5903,6400,6735,6961,6924
995,2030,3082,3709,4276,4765,5354,5906,6399,6736,6960,6923
996,2032,3081,3706,4274,4764,5355,5907,6401,6736,6957,6920
996,2031,3083,3706,4273,4764,5358,5905,6401,6734,6958,6923
996,2032,3085,3706,4275,4765,5360,5904,6404,6735,6963,6922
997,2032,3086,3707,4277,4766,5358,5902,6403,6738,6960,6919
997,2033,3085,3706,4276,4764,5355,5903,6401,6736,6958,6917
996,2034,3083,3704,4274,4764,5355,5907,6399,6732,6962,6921
995,2035,3081,3703,4274,4767,5357,5906,6402,6735,6964,6922
995,2034,3080,3705,4276,4768,5358,5903,6404,6734,6961,6920
995,2033,3083,3707,4278,4766,5360,5905,6405,6731,6960,6919
995,2033,3085,3706,4275,4765,5359,5908,6404,6728,6963,6916
995,2035,3085,3704,4273,4765,5357,5906,6401,6732,6964,6919
995,2036,3084,3705,4272,4766,5353,5904,6402,6730,6963,6923
995,2038,3083,3706,4275,4767,5351,5907,6406,6728,6960,6919
994,2038,3082,3706,4276,4765,5355,5910,6408,6727,6957,6917
995,2037,3082,3705,4274,4765,5356,5907,6405,6729,6961,6916
995,2037,3085,3706,4273,4767,5358,5904,6404,6726,6963,6917
995,2037,3086,3707,4276,4768,5356,5904,6402,6725,6960,6920
994,2038,3085,3704,4278,4767,5355,5906,6403,6722,6959,6919
994,2038,3083,3703,4279,4768,5352,5903,6406,6724,6961,6915
994,2038,3081,3705,4277,4770,5352,5902,6406,6728,6962,6913
994,2037,3083,3707,4275,4771,5355,5901,6403,6725,6962,6917
995,2038,3084,3706,4278,4769,5355,5902,6400,6722,6960,6919
995,2039,3087,3704,4280,4768,5353,5900,6403,6721,6962,6917
995,2041,3089,3702,4278,4768,5350,5900,6405,6723,6967,6916
995,2042,3087,3705,4277,4769,5353,5898,6406,6724,6964,6913
993,2042,3086,3707,4276,4771,5356,5899,6405,6724,6960,6915
994,2042,3085,3706,4279,4769,5357,5898,6402,6722,6964,6919
994,2041,3086,3704,4280,4768,5357,5897,6398,6722,6967,6917
994,2040,3088,3704,4281,4771,5356,5894,6401,6726,6964,6914
993,2041,3088,3706,4278,4771,5355,5895,6405,6724,6964,6913
993,2042,3087,3706,4277,4769,5352,5899,6406,6720,6961,6914
992,2042,3086,3706,4281,4769,5354,5898,6404,6719,6962,6917
991,2042,3087,3707,4282,4772,5357,5895,6403,6721,6967,6921
992,2042,3087,3707,4283,4773,5360,5898,6400,6722,6964,6918
992,2042,3089,3705,4282,4771,5357,5901,6401,6720,6962,6915
991,2043,3089,3705,4282,4769,5354,5899,6405,6718,6967,6915
990,2043,3089,3704,4284,4773,5353,5896,6406,6715,6968,6916
990,2044,3088,3706,4286,4774,5355,5895,6403,6717,6965,6918
989,2043,3089,3704,4284,4772,5356,5898,6402,6721,6965,6923
989,2042,3089,3702,4282,4770,5358,5899,6400,6718,6967,6920
990,2042,3090,3699,4281,4770,5358,5898,6401,6716,6969,6919
991,2044,3090,3702,4284,4772,5356,5898,6404,6720,6969,6922
991,2046,3090,3702,4285,4774,5352,5900,6403,6720,6966,6924
990,2047,3089,3701,4283,4771,5351,5901,6400,6723,6963,6922
991,2047,3090,3699,4281,4770,5354,5901,6398,6722,6967,6921
991,2047,3090,3700,4281,4772,5356,5899,6402,6720,6970,6918
991,2046,3089,3702,4283,4774,5353,5897,6403,6720,6967,6921
991,2046,3088,3701,4284,4772,5352,5899,6405,6725,6966,6925
991,2047,3088,3700,4282,4771,5352,5899,6404,6722,6968,6921
991,2047,3090,3701,4281,4774,5353,5896,6401,6718,6970,6918
991,2049,3092,3701,4281,4775,5353,5897,6398,6718,6969,6918
991,2048,3091,3699,4283,4774,5355,5901,6402,6720,6967,6920
991,2048,3089,3698,4284,4772,5359,5903,6404,6721,6968,6922
991,2048,3088,3698,4285,4775,5356,5901,6401,6720,6973,6922
991,2048,3090,3699,4283,4778,5353,5898,6400,6717,6970,6919
990,2048,3093,3701,4283,4775,5352,5898,6399,6718,6966,6917
989,2049,3094,3699,4282,4773,5355,5899,6399,6722,6971,6921
989,2049,3093,3698,4282,4775,5356,5896,6402,6721,6973,6923
990,2050,3091,3700,4283,4779,5356,5895,6405,6717,6970,6921
990,2049,3089,3703,4281,4777,5355,5894,6406,6716,6970,6921
990,2048,3090,3701,4281,4775,5354,5896,6408,6719,6971,6923
989,2047,3092,3700,4280,4777,5356,5898,6407,6720,6972,6925
989,2047,3093,3700,4280,4780,5357,5897,6405,6718,6972,6930
990,2049,3092,3701,4282,4779,5360,5895,6406,6717,6969,6927
990,2050,3091,3702,4280,4776,5362,5891,6411,6713,6966,6924
991,2050,3092,3701,4279,4777,5359,5894,6409,6716,6971,6929
990,2051,3093,3702,4278,4779,5356,5898,6405,6720,6968,6931
990,2050,3093,3703,4279,4779,5355,5895,6403,6716,6965,6928
990,2050,3093,3702,4279,4777,5358,5892,6406,6713,6964,6928
990,2050,3092,3701,4279,4775,5359,5896,6408,6718,6967,6931
990,2051,3093,3703,4278,4777,5360,5899,6411,6719,6969,6929
991,2053,3094,3705,4277,4777,5360,5896,6410,6720,6968,6929
990,2054,3095,3703,4278,4775,5358,5895,6407,6720,6965,6926
989,2056,3093,3701,4279,4773,5354,5894,6408,6718,6966,6929
988,2055,3093,3700,4278,4773,5356,5895,6412,6719,6970,6933
988,2054,3093,3702,4277,4776,5359,5897,6410,6723,6968,6931
987,2054,3094,3704,4278,4775,5361,5897,6407,6720,6965,6929
987,2054,3096,3703,4279,4773,5362,5894,6411,6716,6964,6933
987,2054,3097,3701,4280,4773,5360,5891,6414,6715,6967,6935
986,2054,3095,3699,4279,4776,5359,5893,6411,6718,6963,6937
985,2055,3094,3701,4278,4776,5356,5897,6410,6715,6963,6937
985,2056,3094,3703,4277,4774,5357,5894,6414,6715,6960,6934
986,2058,3096,3702,4277,4771,5359,5891,6410,6717,6962,6936
987,2059,3098,3701,4279,4772,5362,5890,6408,6718,6966,6941
986,2058,3096,3698,4278,4773,5360,5893,6407,6717,6964,6938
987,2060,3094,3698,4278,4772,5357,5894,6409,6715,6960,6936
986,2060,3093,3700,4276,4770,5359,5892,6410,6713,6965,6936
987,2061,3094,3701,4277,4771,5362,5892,6410,6715,6967,6939
986,2061,3096,3701,4278,4770,5363,5890,6408,6719,6965,6937
987,2061,3096,3702,4277,4770,5363,5892,6410,6716,6964,6936
988,2061,3095,3702,4276,4767,5362,5895,6414,6713,6967,6932
987,2062,3094,3701,4275,4768,5361,5894,6412,6718,6968,6935
987,2064,3095,3700,4276,4767,5359,5891,6408,6720,6968,6935
986,2066,3096,3700,4278,4767,5360,5889,6411,6717,6965,6933
986,2065,3096,3701,4278,4765,5362,5893,6415,6716,6967,6931
986,2065,3096,3699,4277,4766,5365,5895,6412,6712,6972,6935
986,2065,3095,3697,4277,4768,5365,5893,6411,6715,6968,6938
986,2066,3097,3695,4278,4768,5361,5892,6414,6715,6965,6936
985,2066,3097,3698,4280,4766,5360,5891,6417,6712,6969,6936
985,2066,3098,3701,4280,4767,5359,5891,6418,6709,6972,6938
985,2065,3096,3699,4279,4768,5356,5893,6417,6714,6968,6941
984,2065,3096,3697,4277,4767,5358,5893,6415,6716,6968,6940
985,2067,3098,3698,4278,4768,5360,5890,6416,6713,6965,6937
985,2068,3100,3700,4280,4766,5360,5892,6416,6712,6966,6935
985,2069,3099,3700,4280,4767,5357,5895,6414,6714,6965,6939
985,2068,3098,3699,4278,4766,5353,5898,6411,6716,6963,6937
985,2067,3097,3700,4276,4766,5353,5895,6414,6716,6959,6936
985,2066,3098,3700,4277,4769,5354,5892,6413,6714,6964,6935
985,2067,3100,3698,4279,4769,5356,5896,6410,6716,6967,6937
986,2067,3102,3697,4279,4767,5358,5898,6408,6720,6963,6935
986,2069,3101,3696,4277,4766,5357,5900,6412,6718,6963,6934
986,2069,3099,3698,4275,4770,5354,5899,6414,6715,6966,6932
985,2069,3097,3696,4275,4771,5351,5898,6411,6717,6968,6935
985,2068,3098,3694,4278,4769,5352,5900,6411,6721,6967,6939
984,2069,3100,3693,4278,4769,5356,5901,6410,6717,6965,6936
983,2071,3100,3696,4276,4772,5358,5901,6412,6714,6966,6934
984,2071,3100,3696,4274,4773,5355,5899,6411,6713,6971,6939
984,2070,3099,3695,4275,4771,5353,5901,6410,6715,6969,6941
984,2069,3100,3694,4278,4769,5352,5904,6411,6713,6966,6939
983,2068,3100,3695,4277,4769,5354,5903,6414,6712,6970,6938
982,2069,3101,3697,4275,4771,5354,5900,6413,6709,6973,6940
981,2071,3101,3697,4273,4772,5356,5898,6410,6711,6970,6943
981,2071,3101,3696,4273,4770,5356,5902,6413,6715,6970,6943
981,2072,3101,3697,4277,4770,5354,5900,6416,6713,6973,6940
981,2072,3101,3697,4276,4773,5351,5898,6414,6710,6975,6943
981,2073,3102,3697,4274,4774,5354,5897,6412,6715,6974,6943
981,2074,3103,3697,4271,4771,5357,5901,6412,6716,6971,6940
980,2074,3101,3696,4272,4769,5357,5898,6415,6713,6968,6937
980,2073,3101,3697,4274,4773,5354,5894,6416,6713,6971,6942
981,2072,3101,3698,4274,4775,5352,5893,6415,6710,6970,6940
981,2071,3102,3696,4272,4773,5351,5896,6414,6711,6968,6937
982,2073,3103,3696,4270,4771,5352,5897,6416,6716,6966,6937
981,2074,3104,3698,4272,4771,5354,5900,6418,6714,6969,6939
981,2076,3102,3700,4275,4774,5353,5900,6418,6711,6971,6941
981,2075,3101,3698,4274,4772,5351,5897,6415,6714,6970,6941
980,2075,3104,3696,4272,4769,5347,5898,6417,6713,6969,6938
980,2073,3106,3698,4270,4767,5344,5902,6422,6710,6970,6940
980,2074,3107,3697,4272,4771,5347,5902,6419,6709,6974,6945
981,2074,3107,3698,4272,4769,5349,5899,6416,6712,6972,6942
980,2075,3105,3698,4270,4768,5351,5902,6420,6713,6969,6939
979,2075,3103,3698,4268,4767,5348,5902,6423,6711,6973,6939
978,2075,3103,3698,4269,4770,5347,5899,6420,6710,6976,6941
977,2075,3105,3697,4271,4772,5345,5895,6419,6706,6973,6944
977,2076,3107,3696,4270,4769,5346,5899,6423,6709,6971,6943
977,2077,3107,3699,4269,4766,5347,5898,6424,6713,6968,6940
977,2078,3106,3700,4266,4769,5350,5896,6421,6709,6969,6942
978,2077,3105,3698,4267,4772,5349,5894,6420,6707,6974,6947
978,2076,3105,3696,4268,4771,5345,5898,6422,6711,6971,6944
977,2075,3106,3698,4272,4769,5343,5900,6425,6713,6968,6941
977,2075,3108,3700,4270,4771,5347,5896,6424,6710,6972,6941
977,2077,3108,3699,4269,4774,5349,5894,6421,6710,6975,6942
978,2079,3106,3697,4270,4773,5349,5893,6418,6708,6976,6945
978,2078,3105,3698,4272,4770,5351,5894,6422,6709,6975,6944
978,2078,3105,3698,4273,4771,5350,5897,6420,6713,6973,6942
978,2078,3107,3697,4271,4775,5348,5897,6417,6711,6974,6944
977,2078,3109,3697,4269,4773,5346,5895,6417,6708,6978,6948
977,2079,3109,3696,4269,4771,5348,5895,6419,6712,6976,6950
977,2078,3108,3697,4272,4769,5351,5898,6420,6714,6972,6947
977,2077,3107,3698,4272,4772,5352,5898,6418,6710,6972,6947
977,2077,3108,3696,4270,4772,5350,5895,6417,6710,6974,6949
977,2079,3111,3696,4268,4770,5348,5893,6414,6713,6976,6951
977,2080,3110,3698,4269,4771,5347,5896,6416,6714,6975,6951
976,2081,3109,3700,4272,4772,5349,5899,6420,6713,6973,6948
975,2083,3108,3698,4272,4772,5349,5896,6418,6711,6969,6950
975,2082,3108,3696,4270,4771,5352,5894,6415,6707,6973,6955
975,2080,3108,3697,4268,4770,5351,5894,6419,6711,6975,6951
975,2081,3107,3701,4269,4771,5349,5895,6421,6710,6976,6948
975,2082,3107,3699,4272,4771,5346,5897,6418,6706,6976,6954
975,2082,3107,3697,4271,4771,5348,5897,6417,6705,6973,6955
975,2083,3109,3698,4270,4771,5352,5896,6415,6708,6974,6952
975,2083,3109,3698,4270,4772,5353,5893,6417,6709,6978,6952
975,2083,3110,3698,4272,4771,5351,5895,6419,6707,6981,6954
976,2082,3109,3697,4275,4771,5351,5899,6418,6707,6977,6956
976,2083,3108,3696,4274,4773,5350,5897,6415,6708,6976,6956
977,2084,3108,3697,4272,4774,5351,5894,6417,6711,6973,6952
977,2083,3110,3697,4272,4772,5352,5898,6421,6711,6974,6954
976,2083,3112,3696,4274,4773,5355,5900,6419,6707,6979,6959
976,2082,3108,3696,4274,4774,5353,5897,6415,6709,6976,6957
975,2082,3109,3699,4274,4775,5351,5895,6418,6713,6972,6954
974,2083,3112,3700,4272,4776,5349,5895,6421,6711,6977,6958
974,2085,3114,3698,4273,4775,5352,5896,6418,6708,6978,6959
974,2084,3112,3696,4275,4775,5354,5898,6417,6713,6975,6957
974,2084,3112,3698,4275,4776,5355,5897,6416,6715,6975,6956
974,2085,3113,3700,4274,4777,5353,5896,6417,6711,6972,6954
974,2086,3115,3699,4275,4776,5352,5893,6418,6711,6973,6956
973,2087,3115,3697,4275,4776,5350,5895,6418,6709,6978,6961
972,2086,3113,3698,4274,4777,5351,5899,6416,6710,6975,6957
973,2085,3113,3698,4273,4777,5354,5897,6418,6710,6971,6954
973,2084,3114,3698,4272,4775,5357,5894,6422,6709,6971,6954
973,2086,3115,3698,4273,4775,5354,5894,6420,6706,6973,6956
973,2087,3115,3700,4274,4778,5351,5896,6416,6709,6975,6953
972,2088,3115,3701,4277,4780,5349,5897,6420,6712,6979,6953
972,2088,3114,3699,4276,4777,5352,5895,6423,6709,6975,6954
973,2088,3114,3698,4274,4776,5354,5895,6419,6708,6972,6956
973,2089,3115,3697,4271,4779,5355,5897,6418,6707,6972,6955
973,2090,3114,3699,4272,4780,5358,5898,6422,6708,6974,6953
973,2088,3113,3698,4275,4778,5357,5898,6423,6707,6972,6951
973,2088,3112,3696,4275,4777,5354,5897,6420,6706,6972,6954
973,2087,3114,3693,4274,4779,5351,5894,6419,6702,6970,6952
972,2088,3114,3695,4275,4782,5354,5896,6422,6705,6972,6949
973,2089,3113,3698,4276,4780,5357,5900,6423,6704,6971,6948
973,2089,3115,3696,4276,4777,5358,5898,6423,6701,6968,6951
972,2089,3117,3695,4276,4780,5355,5897,6421,6698,6966,6947
972,2088,3118,3695,4273,4782,5355,5900,6422,6703,6970,6946
971,2090,3117,3696,4274,4781,5354,5903,6426,6699,6968,6943
971,2090,3116,3696,4275,4778,5355,5901,6424,6696,6964,6945
971,2091,3115,3696,4275,4776,5355,5898,6421,6696,6963,6949
971,2090,3116,3697,4274,4779,5359,5902,6423,6698,6965,6946
970,2090,3119,3698,4272,4781,5357,5904,6427,6695,6968,6944
970,2089,3118,3696,4273,4779,5355,5902,6425,6694,6967,6948
969,2091,3116,3695,4274,4777,5353,5901,6422,6692,6964,6950
969,2092,3115,3696,4274,4780,5356,5904,6422,6694,6961,6947
970,2094,3115,3699,4273,4783,5358,5906,6424,6694,6966,6946
970,2093,3117,3698,4271,4779,5358,5907,6421,6692,6964,6943
970,2093,3120,3697,4272,4776,5360,5907,6420,6688,6961,6945
970,2093,3119,3695,4273,4778,5359,5905,6422,6692,6960,6945
970,2093,3117,3697,4273,4782,5357,5907,6424,6690,6962,6942
970,2093,3116,3699,4271,4780,5354,5910,6422,6687,6963,6940
971,2094,3116,3698,4270,4778,5357,5910,6421,6686,6964,6944
970,2093,3118,3697,4271,4780,5360,5908,6423,6689,6962,6946
970,2093,3118,3697,4273,4783,5361,5909,6426,6690,6964,6943
969,2093,3118,3697,4272,4782,5358,5913,6424,6688,6968,6942
969,2094,3118,3697,4271,4780,5356,5912,6421,6688,6966,6945
969,2096,3118,3697,4269,4781,5356,5910,6423,6690,6962,6945
969,2095,3119,3697,4270,4783,5357,5912,6426,6693,6968,6944
969,2094,3117,3698,4272,4782,5358,5916,6424,6692,6970,6942
968,2092,3116,3698,4271,4780,5361,5914,6421,6689,6967,6939
968,2093,3117,3697,4270,4781,5364,5911,6420,6691,6966,6943
967,2094,3118,3697,4271,4782,5361,5915,6422,6696,6968,6941
967,2093,3120,3699,4272,4782,5358,5917,6419,6693,6970,6937
967,2093,3119,3700,4271,4780,5357,5915,6417,6689,6969,6936
967,2093,3117,3695,4272,4781,5360,5914,6415,6688,6966,6940
968,2093,3116,3697,4270,4782,5361,5919,6418,6691,6968,6941
967,2094,3118,3700,4271,4781,5362,5919,6416,6692,6973,6941
966,2095,3120,3698,4271,4780,5362,5917,6415,6692,6970,6938
966,2095,3119,3697,4271,4781,5361,5916,6413,6690,6967,6939
966,2094,3117,3698,4271,4782,5358,5914,6413,6692,6968,6943
967,2093,3115,3697,4273,4782,5359,5916,6417,6696,6970,6942
967,2094,3114,3697,4273,4781,5362,5914,6414,6694,6973,6939
968,2096,3115,3696,4275,4778,5365,5914,6411,6691,6971,6943
967,2097,3117,3697,4274,4779,5362,5911,6410,6694,6968,6946
967,2097,3117,3697,4274,4780,5361,5912,6413,6693,6970,6942
967,2096,3116,3695,4272,4780,5360,5912,6410,6691,6975,6941
967,2095,3115,3695,4272,4779,5362,5911,6408,6690,6972,6944
967,2095,3116,3697,4273,4780,5363,5913,6407,6693,6970,6945
967,2096,3117,3698,4273,4781,5364,5915,6408,6694,6969,6944
967,2097,3118,3699,4272,4780,5364,5915,6411,6693,6971,6941
967,2096,3118,3697,4271,4779,5362,5913,6410,6692,6969,6938
967,2096,3118,3697,4271,4776,5360,5910,6407,6693,6968,6942
967,2096,3117,3699,4273,4777,5361,5914,6408,6696,6966,6945
967,2097,3117,3701,4272,4779,5365,5913,6412,6696,6968,6941
967,2099,3118,3699,4272,4778,5366,5910,6410,6694,6973,6940
966,2100,3117,3697,4270,4777,5366,5909,6408,6696,6970,6943
966,2099,3117,3694,4270,4777,5365,5913,6412,6701,6967,6944
965,2098,3117,3696,4271,4779,5364,5914,6414,6697,6972,6946
965,2099,3118,3696,4272,4779,5362,5912,6411,6694,6974,6945
966,2099,3119,3695,4271,4777,5364,5911,6409,6698,6972,6942
966,2100,3120,3694,4272,4779,5366,5914,6413,6701,6971,6944
967,2100,3119,3694,4273,4779,5369,5916,6414,6697,6973,6947
967,2101,3118,3695,4272,4778,5366,5914,6412,6697,6975,6943
967,2101,3118,3695,4271,4778,5363,5914,6412,6695,6974,6942
967,2102,3120,3694,4271,4776,5362,5912,6410,6696,6971,6946
966,2103,3121,3693,4271,4777,5364,5913,6410,6696,6969,6947
967,2104,3122,3693,4272,4779,5366,5912,6410,6693,6973,6945
967,2103,3120,3693,4270,4778,5367,5911,6408,6694,6975,6943
967,2102,3119,3692,4270,4776,5366,5913,6409,6698,6976,6939
967,2101,3118,3693,4268,4776,5364,5915,6413,6697,6976,6942
966,2102,3120,3695,4270,4777,5361,5916,6415,6695,6973,6941
965,2103,3122,3695,4270,4777,5362,5914,6412,6693,6975,6938
963,2105,3121,3694,4270,4777,5365,5914,6411,6697,6979,6936
964,2104,3120,3691,4270,4777,5367,5918,6415,6698,6980,6939
964,2103,3118,3690,4272,4778,5365,5917,6412,6697,6978,6940
964,2102,3120,3693,4272,4777,5362,5915,6409,6695,6977,6939
964,2103,3122,3695,4270,4777,5362,5912,6409,6697,6979,6937
963,2103,3121,3692,4268,4775,5359,5917,6410,6700,6981,6939
963,2104,3120,3690,4268,4775,5360,5915,6408,6699,6985,6942
962,2103,3118,3688,4270,4777,5362,5912,6407,6696,6982,6940
962,2102,3118,3691,4271,4777,5361,5910,6405,6697,6979,6936
962,2102,3119,3691,4269,4776,5359,5915,6406,6702,6984,6939
963,2104,3120,3689,4268,4777,5356,5912,6409,6699,6985,6943
963,2106,3120,3687,4267,4778,5355,5911,6408,6697,6983,6939
963,2105,3120,3688,4268,4777,5359,5914,6405,6701,6983,6937
965,2105,3119,3690,4269,4776,5359,5917,6402,6703,6979,6942
964,2104,3120,3690,4267,4773,5360,5914,6406,6699,6981,6942
964,2103,3120,3689,4267,4774,5358,5912,6407,6699,6985,6940
963,2103,3119,3690,4266,4776,5358,5912,6405,6698,6982,6938
963,2104,3118,3690,4267,4776,5360,5914,6404,6699,6980,6940
963,2103,3118,3688,4268,4775,5361,5912,6402,6703,6980,6943
962,2103,3118,3687,4267,4775,5364,5912,6403,6701,6982,6942
963,2103,3119,3687,4267,4777,5363,5910,6406,6697,6978,6939
962,2102,3119,3689,4266,4777,5361,5911,6409,6701,6978,6942
963,2104,3119,3689,4267,4775,5358,5910,6405,6704,6974,6945
962,2105,3118,3688,4267,4776,5360,5910,6405,6701,6977,6942
961,2105,3118,3687,4266,4776,5363,5912,6403,6701,6982,6940
961,2104,3118,3689,4266,4776,5365,5914,6405,6704,6978,6944
960,2102,3120,3691,4268,4776,5365,5913,6406,6705,6975,6945
961,2102,3121,3693,4269,4774,5369,5912,6410,6707,6980,6942
960,2103,3119,3691,4270,4775,5367,5908,6407,6707,6982,6942
961,2104,3118,3689,4269,4776,5364,5911,6405,6704,6984,6943
961,2106,3120,3690,4268,4777,5361,5911,6409,6707,6983,6945
961,2105,3122,3693,4267,4776,5365,5909,6410,6711,6980,6948
962,2105,3124,3692,4268,4776,5367,5906,6407,6708,6982,6945
961,2104,3123,3691,4268,4777,5368,5910,6407,6705,6987,6942
961,2102,3121,3690,4267,4776,5370,5914,6405,6709,6984,6947
960,2103,3120,3691,4267,4775,5369,5910,6406,6711,6981,6948
960,2104,3120,3693,4267,4773,5367,5908,6409,6709,6986,6945
961,2103,3122,3693,4268,4774,5364,5912,6408,6707,6988,6944
961,2103,3122,3691,4269,4776,5362,5914,6404,6705,6985,6940
961,2103,3121,3691,4268,4776,5365,5912,6402,6706,6984,6942
961,2103,3120,3693,4268,4775,5367,5912,6406,6711,6986,6941
960,2105,3119,3690,4266,4775,5368,5915,6407,6708,6989,6938
960,2105,3119,3690,4267,4777,5367,5913,6405,6705,6988,6936
960,2106,3121,3689,4268,4776,5366,5911,6404,6709,6984,6940
960,2105,3122,3691,4267,4775,5364,5911,6402,6711,6987,6942
960,2104,3122,3691,4266,4776,5364,5913,6404,6708,6992,6938
960,2103,3122,3690,4264,4777,5366,5914,6407,6708,6989,6938
959,2104,3122,3689,4265,4776,5366,5914,6405,6711,6987,6939
958,2105,3123,3692,4266,4776,5364,5913,6402,6712,6991,6942
957,2106,3121,3693,4266,4774,5361,5914,6401,6711,6993,6940
958,2107,3120,3695,4266,4774,5363,5916,6400,6709,6991,6937
958,2107,3120,3692,4265,4776,5367,5916,6401,6705,6990,6938
958,2106,3121,3689,4266,4776,5368,5914,6403,6708,6992,6942
958,2108,3123,3691,4266,4774,5365,5911,6402,6712,6995,6940
958,2108,3124,3694,4266,4775,5364,5915,6399,6709,6994,6937
958,2107,3122,3693,4266,4776,5363,5914,6396,6708,6991,6936
958,2107,3121,3691,4268,4776,5360,5911,6396,6711,6994,6938
958,2107,3121,3689,4268,4775,5361,5908,6397,6713,6998,6934
957,2108,3123,3690,4269,4773,5365,5913,6398,6710,6995,6933
957,2109,3125,3693,4269,4773,5367,5915,6401,6710,6993,6931
957,2111,3125,3693,4268,4772,5367,5912,6400,6711,6997,6932
957,2110,3126,3691,4266,4772,5365,5911,6397,6714,6998,6932
957,2110,3124,3688,4267,4771,5364,5914,6396,6714,6996,6929
957,2109,3122,3689,4268,4772,5363,5916,6399,6711,6995,6926
956,2109,3124,3691,4267,4771,5364,5913,6399,6712,6998,6931
955,2110,3127,3690,4266,4771,5366,5913,6401,6717,7001,6928
955,2110,3126,3687,4264,4770,5369,5914,6405,6715,7000,6925
955,2109,3124,3689,4265,4770,5367,5916,6401,6713,6997,6924
955,2108,3123,3689,4267,4768,5363,5919,6398,6717,6999,6926
954,2108,3124,3689,4266,4768,5361,5919,6398,6718,7003,6927
955,2110,3126,3689,4264,4768,5365,5917,6399,6715,7000,6926
955,2111,3127,3690,4265,4768,5366,5918,6400,6714,6999,6923
954,2112,3127,3691,4266,4770,5367,5922,6403,6712,7003,6925
954,2111,3126,3691,4268,4768,5370,5920,6405,6714,7001,6930
953,2111,3127,3690,4267,4768,5369,5917,6402,6717,7003,6927
953,2110,3127,3689,4266,4770,5367,5920,6401,6715,7006,6924
954,2111,3128,3692,4264,4771,5364,5924,6399,6712,7005,6928
954,2111,3127,3693,4265,4768,5366,5921,6400,6716,7002,6931
954,2112,3127,3692,4267,4768,5369,5918,6402,6719,7005,6928
953,2114,3128,3690,4267,4767,5370,5918,6405,6716,7009,6927
954,2114,3128,3692,4266,4768,5368,5920,6402,6714,7005,6929
955,2114,3129,3694,4264,4770,5368,5922,6400,6713,7003,6930
954,2114,3128,3693,4264,4769,5367,5921,6400,6714,7001,6928
954,2114,3128,3691,4267,4769,5368,5920,6401,6712,7003,6926
954,2115,3128,3689,4267,4770,5369,5921,6402,6710,7001,6928
953,2113,3130,3690,4265,4771,5371,5922,6406,6707,7000,6932
953,2113,3128,3692,4266,4769,5370,5922,6404,6710,6997,6930
953,2112,3127,3692,4267,4769,5367,5920,6402,6710,7000,6926
952,2111,3126,3691,4270,4771,5364,5917,6404,6707,7004,6930
951,2114,3128,3692,4270,4772,5368,5920,6407,6705,7000,6933
951,2114,3130,3693,4269,4771,5371,5924,6404,6709,6998,6929
951,2116,3131,3692,4269,4771,5371,5921,6402,6706,7003,6928
950,2116,3130,3692,4270,4773,5368,5918,6402,6704,7005,6926
950,2115,3128,3694,4272,4774,5367,5922,6404,6704,7003,6926
949,2115,3128,3695,4271,4771,5365,5924,6405,6706,7002,6925
950,2115,3129,3693,4269,4769,5366,5922,6405,6707,7003,6924
950,2116,3132,3691,4270,4769,5368,5920,6402,6706,7006,6920
950,2116,3131,3690,4271,4771,5371,5920,6397,6703,7005,6924
950,2116,3129,3693,4271,4772,5369,5921,6401,6705,7002,6927
950,2116,3127,3695,4271,4770,5366,5922,6404,6710,7000,6923
950,2118,3126,3693,4270,4770,5364,5921,6405,6708,7004,6922
950,2119,3126,3692,4270,4773,5368,5920,6403,6704,7001,6925
951,2120,3128,3691,4271,4773,5369,5921,6402,6708,7000,6927
951,2118,3128,3693,4270,4770,5370,5924,6399,6712,6999,6925
951,2117,3128,3695,4270,4769,5369,5924,6400,6709,7001,6923
951,2116,3126,3694,4268,4772,5369,5921,6403,6708,6999,6919
951,2116,3127,3692,4269,4774,5367,5922,6406,6711,6997,6922
950,2117,3128,3692,4271,4772,5367,5926,6403,6713,6994,6925
950,2118,3127,3693,4270,4771,5370,5925,6402,6711,6997,6922
949,2118,3127,3693,4269,4774,5372,5923,6400,6710,7001,6921
949,2118,3127,3693,4267,4776,5374,5921,6400,6712,6998,6923
949,2119,3127,3692,4267,4773,5372,5925,6403,6715,6997,6925
949,2120,3128,3692,4269,4771,5372,5927,6406,6715,6995,6923
948,2120,3127,3691,4269,4770,5370,5924,6402,6712,6997,6922
948,2120,3126,3690,4268,4773,5371,5924,6401,6714,7000,6918
948,2120,3125,3691,4265,4774,5371,5927,6399,6718,6999,6921
949,2120,3127,3692,4266,4772,5374,5929,6400,6716,6996,6924
948,2120,3129,3693,4268,4771,5377,5927,6402,6714,7001,6921
948,2121,3130,3691,4268,4775,5375,5927,6405,6718,7004,6919
948,2123,3129,3689,4266,4776,5372,5925,6402,6719,7000,6918
949,2123,3127,3691,4264,4773,5371,5926,6400,6717,6999,6919
949,2123,3127,3694,4265,4771,5374,5925,6398,6716,7002,6922
948,2121,3129,3693,4266,4775,5374,5924,6401,6714,7004,6921
948,2120,3130,3692,4269,4777,5375,5922,6401,6716,7003,6917
948,2120,3132,3690,4268,4774,5375,5924,6405,6716,7001,6919
949,2121,3130,3692,4265,4772,5373,5924,6403,6714,7002,6923
948,2122,3128,3694,4266,4772,5370,5921,6400,6712,7006,6920
948,2122,3129,3693,4268,4775,5368,5918,6398,6715,7005,6918
948,2123,3130,3692,4272,4776,5372,5921,6401,6714,7002,6922
948,2123,3133,3693,4270,4773,5373,5924,6402,6710,7002,6924
948,2123,3132,3693,4268,4772,5374,5922,6404,6710,7005,6921
948,2124,3131,3692,4265,4775,5372,5921,6403,6713,7002,6920
947,2124,3130,3692,4267,4777,5372,5924,6400,6710,7001,6918
948,2123,3131,3694,4270,4775,5369,5927,6401,6709,7000,6920
948,2122,3131,3695,4268,4773,5371,5924,6405,6708,7001,6923
948,2123,3131,3696,4267,4773,5373,5923,6407,6710,7005,6920
947,2124,3131,3695,4265,4775,5376,5927,6403,6714,7002,6917
946,2125,3130,3695,4267,4776,5374,5928,6401,6713,6999,6921
946,2126,3129,3697,4270,4773,5370,5925,6404,6710,7003,6922
946,2126,3129,3698,4271,4772,5370,5925,6405,6713,7006,6925
947,2126,3130,3697,4269,4775,5373,5922,6407,6717,7003,6924
947,2127,3128,3695,4267,4776,5374,5923,6407,6714,7002,6921
947,2127,3128,3696,4270,4774,5375,5926,6404,6712,7005,6923
947,2126,3130,3699,4272,4772,5378,5926,6405,6716,7006,6927
947,2126,3132,3701,4273,4771,5377,5923,6408,6718,7005,6923
948,2125,3131,3699,4271,4774,5374,5925,6410,6716,7004,6920
948,2126,3129,3698,4270,4771,5371,5925,6407,6716,7001,6919
948,2127,3128,3699,4269,4768,5374,5922,6406,6718,7005,6920
947,2128,3127,3701,4272,4768,5376,5919,6408,6721,7008,6923
947,2128,3129,3701,4273,4770,5377,5921,6409,6720,7004,6922
948,2128,3131,3700,4271,4772,5379,5925,6407,6717,7003,6919
947,2129,3132,3697,4270,4769,5378,5923,6406,6713,7006,6921
947,2129,3130,3698,4270,4768,5377,5920,6402,6718,7008,6924
947,2130,3128,3699,4273,4771,5377,5923,6405,6720,7007,6926
947,2128,3130,3699,4274,4773,5379,5926,6408,6718,7004,6924
948,2128,3131,3698,4271,4770,5382,5923,6405,6718,7006,6923
947,2128,3133,3697,4270,4769,5380,5922,6402,6721,7010,6925
946,2129,3132,3698,4273,4769,5378,5925,6401,6722,7009,6927
945,2130,3131,3699,4274,4771,5377,5927,6403,6721,7006,6927
945,2131,3132,3697,4275,4772,5380,5924,6404,6719,7010,6924
945,2130,3132,3697,4273,4770,5381,5924,6407,6721,7013,6926
945,2129,3134,3696,4271,4769,5378,5926,6406,6724,7008,6930
945,2128,3133,3697,4271,4772,5377,5927,6403,6728,7008,6927
945,2128,3133,3695,4273,4774,5376,5925,6405,6724,7005,6925
946,2128,3131,3693,4274,4771,5377,5925,6408,6723,7007,6929
946,2129,3132,3693,4272,4769,5378,5926,6409,6727,7012,6931
946,2129,3132,3695,4271,4772,5381,5928,6406,6725,7010,6927
947,2130,3131,3697,4271,4774,5380,5928,6405,6723,7007,6927
947,2129,3130,3695,4273,4771,5377,5927,6402,6722,7011,6924
948,2131,3130,3694,4274,4769,5374,5928,6403,6723,7014,6926
948,2132,3131,3693,4271,4772,5378,5930,6407,6722,7011,6931
947,2133,3133,3695,4270,4774,5380,5930,6405,6722,7010,6927
947,2131,3133,3698,4270,4772,5381,5928,6401,6720,7012,6923
947,2130,3131,3696,4272,4770,5379,5930,6400,6722,7014,6928
947,2130,3130,3695,4272,4771,5379,5933,6403,6727,7013,6930
946,2130,3129,3696,4271,4775,5382,5931,6403,6723,7011,6927
945,2132,3131,3698,4271,4772,5382,5927,6405,6720,7012,6926
945,2132,3133,3697,4273,4770,5380,5929,6404,6725,7017,6928
945,2132,3134,3696,4274,4771,5380,5932,6401,6726,7014,6930
945,2131,3132,3695,4275,4774,5379,5934,6399,6728,7010,6929
946,2132,3130,3696,4273,4773,5380,5931,6402,6729,7015,6927
945,2132,3131,3697,4273,4771,5381,5931,6403,6727,7018,6929
944,2133,3133,3697,4275,4771,5381,5934,6404,6728,7015,6933
944,2132,3133,3697,4276,4774,5379,5934,6403,6733,7014,6930
945,2131,3132,3699,4275,4774,5376,5931,6401,6730,7012,6927
945,2132,3130,3699,4273,4772,5377,5931,6402,6727,7013,6926
945,2133,3131,3696,4272,4772,5380,5928,6405,6732,7017,6929
944,2135,3132,3695,4275,4774,5382,5930,6408,6735,7014,6930
944,2135,3131,3698,4276,4774,5379,5929,6404,6732,7011,6930
945,2134,3131,3700,4273,4772,5378,5927,6402,6732,7015,6926
945,2133,3130,3698,4272,4769,5378,5924,6405,6735,7017,6928
945,2134,3130,3697,4272,4770,5379,5925,6406,6736,7014,6933
945,2134,3130,3695,4274,4769,5379,5928,6408,6736,7013,6930
945,2133,3130,3697,4275,4768,5378,5927,6407,6735,7015,6928
944,2132,3129,3699,4273,4766,5377,5924,6405,6736,7017,6932
944,2132,3128,3699,4271,4768,5375,5927,6401,6739,7021,6934
944,2133,3128,3698,4274,4769,5376,5931,6404,6738,7017,6931
944,2134,3130,3698,4276,4769,5378,5927,6406,6736,7014,6931
944,2133,3130,3699,4277,4767,5381,5924,6404,6739,7018,6933
943,2133,3130,3698,4274,4768,5381,5928,6402,6742,7020,6934
944,2131,3129,3698,4272,4769,5379,5930,6400,6744,7018,6934
943,2132,3130,3697,4273,4768,5378,5927,6401,6742,7017,6932
942,2132,3132,3698,4275,4767,5381,5926,6403,6741,7018,6933
942,2133,3134,3699,4275,4765,5382,5929,6402,6743,7020,6938
941,2132,3133,3698,4274,4765,5383,5931,6398,6742,7024,6935
941,2131,3131,3698,4273,4768,5382,5928,6395,6740,7022,6932
942,2133,3130,3701,4273,4768,5381,5927,6399,6738,7019,6932
942,2134,3130,3701,4274,4766,5381,5929,6400,6740,7023,6934
941,2136,3132,3702,4275,4767,5382,5930,6400,6739,7020,6936
941,2135,3132,3700,4273,4768,5385,5929,6403,6737,7016,6935
942,2135,3131,3699,4272,4768,5383,5928,6401,6735,7016,6933
942,2134,3129,3701,4272,4767,5380,5929,6397,6739,7018,6934
942,2134,3130,3704,4273,4764,5378,5930,6395,6741,7015,6938
942,2135,3131,3702,4275,4766,5382,5929,6398,6738,7015,6936
942,2134,3132,3701,4276,4766,5383,5927,6398,6739,7012,6932
942,2135,3132,3699,4274,4766,5380,5924,6399,6736,7013,6936
942,2135,3132,3702,4273,4764,5377,5927,6403,6738,7018,6939
942,2137,3132,3704,4275,4765,5377,5930,6400,6738,7015,6936
942,2137,3134,3703,4275,4766,5378,5928,6397,6736,7012,6935
942,2138,3132,3701,4275,4766,5380,5925,6397,6733,7017,6937
941,2137,3130,3702,4275,4765,5381,5928,6399,6737,7018,6938
941,2135,3129,3703,4275,4766,5381,5931,6398,6740,7014,6937
941,2135,3131,3703,4274,4767,5379,5928,6401,6737,7014,6935
941,2136,3133,3703,4275,4767,5376,5925,6403,6737,7011,6936
940,2137,3134,3704,4276,4766,5378,5929,6400,6740,7013,6941
940,2138,3133,3705,4276,4768,5381,5930,6398,6741,7017,6938
941,2138,3131,3703,4275,4768,5382,5927,6397,6745,7013,6934
940,2138,3132,3703,4276,4766,5380,5926,6398,6743,7010,6934
940,2139,3134,3702,4277,4766,5379,5929,6399,6740,7014,6937
940,2139,3136,3704,4274,4767,5381,5930,6401,6744,7016,6938
941,2138,3135,3703,4274,4765,5383,5928,6403,6748,7014,6937
941,2137,3133,3701,4273,4764,5383,5927,6400,6744,7013,6935
941,2136,3131,3699,4274,4764,5382,5929,6397,6743,7014,6936
941,2137,3131,3702,4275,4766,5381,5930,6394,6747,7016,6940
941,2138,3132,3704,4274,4766,5379,5927,6395,6749,7016,6939
941,2140,3134,3703,4274,4764,5380,5926,6397,6747,7013,6936
942,2140,3134,3702,4273,4763,5383,5923,6399,6747,7015,6940
942,2140,3133,3701,4274,4766,5381,5925,6396,6748,7019,6943
941,2139,3134,3703,4274,4767,5378,5929,6394,6750,7016,6939
941,2140,3135,3705,4273,4765,5374,5926,6392,6750,7014,6937
942,2139,3135,3704,4272,4763,5377,5923,6393,6747,7018,6936
942,2138,3135,3703,4271,4762,5380,5925,6394,6750,7020,6938
941,2137,3134,3703,4273,4764,5381,5929,6398,6749,7018,6937
940,2136,3133,3704,4273,4762,5378,5926,6399,6746,7017,6934
941,2138,3134,3703,4275,4759,5378,5923,6395,6744,7018,6931
941,2139,3135,3703,4275,4759,5380,5922,6394,6749,7020,6934
940,2140,3135,3701,4273,4762,5379,5925,6392,6746,7020,6937
939,2139,3133,3702,4274,4760,5381,5920,6392,6742,7017,6934
939,2139,3132,3704,4275,4757,5381,5918,6394,6742,7014,6933
939,2139,3132,3702,4273,4760,5379,5918,6396,6745,7018,6936
939,2139,3134,3703,4272,4763,5377,5920,6393,6746,7020,6937
940,2140,3135,3705,4272,4761,5378,5921,6391,6745,7017,6935
940,2140,3133,3706,4272,4759,5382,5920,6390,6742,7016,6934
940,2140,3132,3704,4274,4760,5380,5919,6386,6739,7013,6930
940,2139,3131,3702,4273,4763,5377,5919,6387,6743,7015,6934
941,2141,3133,3704,4272,4761,5378,5921,6391,6746,7015,6933
942,2142,3135,3707,4271,4759,5382,5921,6388,6742,7012,6929
941,2143,3136,3707,4272,4757,5383,5918,6384,6741,7009,6927
941,2142,3135,3705,4272,4760,5380,5915,6383,6744,7014,6932
941,2140,3133,3703,4272,4760,5378,5918,6385,6746,7015,6928
941,2141,3132,3704,4272,4758,5382,5921,6385,6745,7013,6926
941,2141,3133,3707,4274,4755,5382,5917,6387,6743,7012,6925
941,2142,3135,3707,4274,4756,5382,5914,6390,6740,7009,6926
940,2141,3137,3706,4276,4756,5381,5914,6387,6743,7010,6924
940,2141,3138,3704,4275,4755,5380,5916,6385,6743,7015,6924
940,2140,3137,3704,4274,4753,5378,5913,6385,6740,7011,6920
940,2141,3135,3705,4275,4754,5379,5911,6385,6742,7009,6924
939,2142,3133,3706,4275,4758,5381,5909,6386,6747,7013,6928
938,2143,3135,3705,4274,4757,5380,5911,6389,6745,7013,6925
937,2142,3137,3707,4274,4755,5377,5912,6390,6742,7012,6923
938,2140,3139,3707,4274,4755,5374,5912,6387,6742,7011,6927
938,2140,3137,3706,4275,4753,5376,5910,6386,6744,7013,6929
938,2142,3135,3705,4275,4753,5378,5911,6385,6742,7016,6927
937,2143,3134,3708,4274,4751,5380,5914,6385,6741,7015,6926
938,2143,3132,3710,4275,4753,5377,5913,6386,6744,7011,6923
939,2143,3134,3708,4274,4754,5376,5910,6390,6746,7014,6925
940,2143,3136,3706,4272,4753,5374,5911,6387,6746,7018,6929
939,2143,3135,3707,4273,4753,5375,5915,6384,6744,7014,6926
939,2143,3134,3709,4274,4750,5375,5913,6383,6746,7013,6924
939,2143,3132,3709,4274,4751,5377,5910,6384,6750,7012,6928
940,2142,3133,3707,4274,4754,5379,5913,6384,6748,7013,6930
940,2140,3135,3705,4275,4753,5377,5916,6388,6745,7015,6928
939,2141,3136,3706,4276,4751,5375,5913,6385,6745,7014,6927
939,2143,3136,3708,4274,4751,5374,5909,6381,6747,7012,6929
939,2144,3134,3708,4274,4754,5376,5909,6380,6749,7014,6932
939,2144,3133,3709,4272,4754,5375,5911,6383,6748,7018,6931
939,2144,3133,3708,4273,4753,5377,5908,6383,6746,7015,6928
938,2144,3134,3709,4273,4753,5380,5907,6385,6747,7013,6931
938,2143,3133,3710,4275,4754,5378,5907,6388,6751,7017,6935
938,2145,3133,3709,4275,4754,5374,5908,6384,6750,7018,6932
938,2145,3132,3709,4274,4753,5377,5905,6381,6748,7016,6931
938,2146,3133,3708,4275,4754,5380,5904,6380,6751,7014,6935
937,2145,3133,3707,4276,4755,5381,5903,6377,6755,7016,6936
937,2146,3134,3707,4275,4754,5378,5904,6377,6751,7019,6934
937,2147,3133,3709,4275,4754,5376,5906,6380,6749,7018,6934
938,2148,3133,3708,4273,4752,5375,5906,6383,6754,7014,6936
937,2148,3133,3707,4273,4753,5376,5903,6379,6755,7017,6939
936,2148,3133,3708,4274,4754,5377,5904,6377,6754,7021,6939
937,2146,3134,3709,4274,4754,5379,5907,6376,6753,7017,6937
938,2147,3134,3709,4273,4753,5378,5906,6373,6755,7014,6939
937,2147,3132,3708,4271,4754,5375,5904,6374,6757,7013,6943
937,2147,3131,3709,4272,4755,5372,5906,6377,6757,7013,6940
937,2147,3132,3707,4274,4755,5374,5910,6378,6753,7017,6938
938,2147,3133,3709,4273,4754,5376,5907,6375,6751,7019,6942
938,2149,3134,3709,4272,4756,5378,5904,6375,6755,7016,6944
938,2150,3133,3710,4270,4756,5378,5907,6373,6753,7014,6940
938,2150,3132,3710,4271,4754,5377,5910,6373,6750,7017,6940
937,2149,3130,3710,4272,4754,5375,5907,6375,6750,7019,6936
938,2148,3132,3708,4272,4753,5373,5905,6379,6752,7018,6939
937,2147,3134,3709,4271,4754,5372,5905,6375,6754,7017,6939
937,2147,3134,3709,4269,4756,5375,5906,6372,6753,7017,6936
936,2148,3132,3711,4270,4755,5377,5907,6371,6750,7020,6938
936,2148,3133,3711,4272,4754,5374,5906,6372,6752,7018,6943
936,2149,3133,3710,4272,4755,5372,5906,6372,6756,7014,6940
936,2149,3133,3709,4272,4756,5371,5907,6376,6754,7013,6938
936,2150,3133,3710,4270,4755,5373,5905,6373,6751,7016,6942
935,2150,3133,3710,4271,4755,5373,5905,6369,6751,7012,6943
935,2151,3134,3710,4272,4757,5374,5902,6368,6754,7010,6941
935,2149,3135,3710,4273,4758,5374,5903,6370,6751,7009,6940
935,2148,3135,3709,4272,4756,5372,5905,6371,6750,7009,6936
936,2147,3134,3710,4273,4756,5370,5905,6373,6753,7014,6939
936,2148,3133,3710,4274,4758,5371,5903,6371,6755,7011,6939
936,2149,3133,3709,4276,4759,5374,5900,6368,6754,7007,6936
936,2149,3135,3709,4276,4757,5375,5904,6365,6753,7010,6934
937,2149,3135,3708,4275,4756,5376,5907,6363,6754,7014,6939
936,2149,3136,3707,4276,4759,5374,5903,6365,6757,7010,6941
936,2148,3136,3708,4277,4761,5373,5902,6366,6756,7009,6939
936,2149,3135,3709,4278,4759,5371,5905,6369,6753,7012,6938
937,2149,3134,3708,4278,4758,5372,5907,6371,6752,7013,6940
937,2149,3134,3709,4277,4761,5374,5905,6367,6756,7011,6942
936,2149,3135,3710,4278,4763,5377,5904,6366,6757,7009,6942
935,2149,3136,3711,4279,4761,5374,5903,6365,6755,7010,6940
935,2149,3134,3712,4281,4759,5370,5903,6364,6755,7014,6941
935,2150,3133,3712,4281,4758,5372,5905,6366,6756,7012,6946
935,2151,3132,3711,4279,4761,5375,5905,6370,6759,7007,6942
934,2152,3134,3711,4277,4762,5376,5903,6367,6758,7006,6940
933,2150,3136,3713,4277,4760,5376,5904,6365,6756,7009,6940
933,2148,3137,3713,4280,4760,5379,5908,6365,6757,7010,6942
934,2149,3135,3714,4279,4763,5377,5907,6365,6761,7009,6940
934,2149,3133,3713,4278,4762,5373,5903,6365,6758,7007,6940
934,2150,3132,3712,4276,4760,5370,5900,6369,6755,7007,6937
934,2149,3133,3713,4277,4758,5368,5905,6370,6759,7011,6938
934,2148,3135,3714,4280,4761,5371,5903,6371,6761,7010,6939
934,2148,3137,3712,4279,4760,5372,5900,6370,6758,7007,6936
935,2148,3135,3712,4277,4759,5369,5900,6367,6758,7010,6939
935,2150,3134,3713,4275,4756,5368,5902,6364,6755,7013,6943
935,2149,3132,3714,4276,4759,5366,5900,6365,6756,7010,6940
934,2148,3133,3715,4278,4760,5362,5897,6369,6756,7008,6938
935,2147,3135,3713,4279,4758,5363,5901,6370,6754,7012,6943
935,2147,3137,3712,4277,4755,5367,5903,6367,6756,7013,6945
935,2148,3138,3711,4274,4757,5368,5904,6366,6759,7011,6947
935,2150,3136,3714,4276,4758,5366,5903,6364,6758,7009,6946
935,2150,3134,3715,4278,4757,5364,5902,6364,6754,7004,6942
935,2149,3134,3715,4278,4754,5367,5904,6368,6753,7008,6945
935,2150,3136,3713,4276,4755,5368,5901,6370,6756,7011,6949
934,2150,3138,3712,4273,4759,5369,5901,6367,6757,7007,6946
933,2149,3137,3712,4275,4758,5367,5899,6365,6756,7006,6943
933,2148,3136,3714,4278,4756,5366,5900,6363,6754,7009,6942
934,2147,3134,3715,4277,4757,5364,5904,6364,6756,7010,6945
933,2148,3135,3713,4275,4759,5365,5903,6366,6759,7008,6946
934,2149,3135,3712,4273,4759,5367,5899,6369,6758,7007,6946
933,2150,3136,3712,4275,4757,5370,5901,6366,6754,7004,6944
933,2150,3137,3714,4278,4759,5372,5904,6363,6757,7008,6946
933,2150,3136,3716,4280,4761,5368,5903,6362,6761,7010,6950
934,2150,3134,3714,4277,4760,5366,5901,6364,6757,7007,6947
934,2151,3133,3712,4274,4759,5365,5899,6365,6755,7005,6944
935,2151,3133,3710,4274,4760,5367,5903,6368,6754,7008,6948
934,2150,3134,3714,4276,4761,5368,5904,6370,6756,7009,6950
933,2149,3133,3716,4278,4760,5371,5901,6367,6758,7008,6948
934,2148,3133,3714,4277,4760,5369,5900,6365,6757,7006,6947
934,2150,3132,3712,4275,4761,5366,5903,6364,6754,7002,6944
935,2152,3133,3711,4274,4763,5364,5904,6365,6756,7006,6946
934,2153,3134,3713,4277,4761,5366,5902,6366,6760,7009,6950
933,2153,3132,3716,4278,4760,5369,5901,6370,6758,7006,6948
934,2152,3131,3715,4276,4758,5370,5903,6367,6754,7008,6946
934,2151,3131,3714,4274,4759,5367,5903,6363,6758,7009,6951
934,2151,3130,3711,4273,4757,5366,5907,6363,6760,7007,6952
933,2152,3131,3713,4276,4756,5364,5905,6365,6757,7006,6950
933,2150,3131,3715,4278,4754,5365,5901,6365,6757,7002,6950
933,2149,3130,3718,4276,4757,5365,5903,6368,6754,7006,6952
933,2149,3128,3716,4275,4754,5368,5907,6370,6755,7009,6950
932,2151,3127,3714,4275,4754,5367,5905,6367,6755,7005,6949
933,2152,3130,3712,4277,4754,5364,5901,6365,6753,7004,6946
932,2152,3131,3714,4278,4755,5361,5903,6364,6750,7007,6948
932,2152,3130,3717,4276,4756,5364,5907,6365,6754,7009,6952
933,2151,3128,3716,4274,4754,5366,5904,6366,6753,7008,6950
933,2149,3127,3714,4274,4753,5367,5902,6370,6749,7006,6947
933,2150,3128,3714,4276,4755,5364,5903,6367,6747,7002,6951
933,2150,3129,3716,4278,4757,5363,5904,6365,6751,7006,6953
933,2150,3129,3715,4275,4754,5361,5901,6363,6753,7009,6950
934,2149,3129,3714,4274,4754,5358,5899,6366,6751,7006,6950
934,2148,3127,3713,4277,4753,5359,5898,6366,6750,7004,6953
935,2149,3125,3714,4279,4754,5363,5900,6368,6751,7007,6954
935,2150,3125,3714,4280,4752,5365,5902,6371,6753,7008,6954
935,2151,3126,3717,4277,4751,5361,5901,6372,6753,7007,6951
935,2150,3129,3717,4276,4750,5359,5899,6370,6750,7006,6953
935,2149,3128,3716,4276,4752,5358,5899,6369,6753,7007,6957
935,2147,3127,3717,4278,4754,5356,5902,6370,6756,7011,6955
935,2147,3128,3717,4279,4751,5357,5901,6371,6754,7009,6952
934,2149,3128,3718,4277,4751,5359,5898,6374,6751,7005,6952
934,2151,3129,3718,4277,4753,5362,5900,6376,6755,7005,6954
935,2151,3131,3718,4276,4754,5359,5899,6373,6757,7008,6951
934,2151,3130,3719,4278,4752,5356,5897,6372,6754,7009,6950
933,2149,3130,3720,4279,4750,5355,5893,6370,6754,7008,6947
932,2150,3128,3719,4276,4749,5359,5894,6370,6755,7006,6950
933,2151,3129,3719,4275,4751,5359,5898,6372,6757,7007,6949
933,2152,3129,3721,4274,4752,5361,5895,6375,6756,7011,6947
933,2150,3128,3724,4276,4751,5359,5893,6372,6753,7009,6944
933,2150,3128,3722,4277,4750,5358,5892,6369,6750,7006,6948
932,2149,3128,3721,4275,4753,5356,5895,6368,6755,7006,6945
933,2151,3129,3719,4275,4754,5356,5895,6365,6752,7007,6942
934,2152,3130,3721,4274,4751,5359,5892,6365,6748,7009,6941
934,2151,3130,3724,4276,4751,5362,5891,6368,6748,7008,6943
934,2150,3128,3723,4276,4751,5360,5889,6370,6751,7006,6945
934,2148,3127,3721,4274,4752,5357,5890,6371,6747,7007,6944
933,2147,3129,3722,4274,4750,5357,5893,6369,6746,7011,6942
933,2147,3132,3723,4277,4749,5355,5892,6368,6745,7008,6939
934,2148,3132,3723,4278,4749,5355,5889,6365,6746,7004,6943
933,2147,3131,3723,4279,4751,5356,5889,6366,6749,7004,6946
933,2147,3129,3725,4278,4751,5359,5892,6369,6748,7006,6943
932,2148,3127,3726,4279,4749,5358,5894,6371,6744,7003,6943
932,2148,3128,3723,4281,4749,5357,5891,6372,6748,7003,6946
932,2149,3131,3721,4282,4752,5354,5889,6371,6752,7000,6948
931,2150,3132,3724,4280,4753,5358,5892,6368,6748,7001,6947
931,2149,3131,3726,4278,4751,5360,5893,6363,6746,7001,6945
931,2148,3129,3725,4278,4752,5360,5894,6362,6750,6998,6947
931,2148,3128,3723,4281,4754,5358,5893,6364,6752,6994,6951
931,2148,3129,3722,4282,4755,5358,5891,6365,6750,6999,6948
931,2149,3130,3725,4280,4753,5359,5892,6368,6749,7001,6945
931,2149,3131,3724,4280,4752,5360,5894,6370,6751,6997,6950
931,2149,3131,3723,4279,4752,5363,5893,6367,6753,6996,6952
931,2149,3129,3721,4282,4754,5362,5890,6365,6752,6994,6948
932,2150,3130,3722,4283,4755,5359,5886,6364,6750,6996,6948
931,2151,3131,3721,4280,4753,5357,5889,6364,6748,6995,6946
932,2151,3131,3722,4280,4752,5359,5892,6366,6753,6992,6948
932,2150,3130,3722,4280,4755,5362,5889,6369,6755,6989,6948
932,2148,3129,3723,4281,4754,5363,5887,6371,6751,6993,6945
933,2148,3130,3724,4282,4751,5360,5886,6367,6751,6995,6941
932,2149,3130,3723,4283,4750,5360,5887,6365,6754,6992,6945
932,2150,3129,3722,4283,4754,5359,5887,6364,6755,6991,6948
932,2150,3128,3725,4283,4756,5356,5890,6364,6755,6993,6945
932,2150,3129,3727,4282,4753,5357,5889,6367,6753,6993,6944
932,2149,3130,3725,4283,4751,5359,5886,6370,6754,6994,6946
932,2149,3131,3723,4284,4754,5362,5884,6366,6758,6992,6947
932,2150,3131,3724,4284,4756,5359,5887,6363,6756,6989,6947
932,2149,3129,3726,4283,4754,5356,5888,6363,6753,6994,6944
932,2147,3127,3726,4285,4752,5356,5888,6364,6757,6991,6941
931,2147,3126,3725,4286,4751,5357,5886,6365,6760,6987,6946
930,2149,3129,3723,4287,4754,5358,5885,6369,6761,6986,6948
929,2150,3130,3724,4286,4756,5359,5882,6371,6759,6989,6945
930,2151,3129,3724,4286,4754,5359,5883,6366,6758,6990,6944
930,2150,3127,3724,4283,4753,5358,5887,6365,6759,6990,6947
929,2149,3125,3723,4284,4756,5355,5889,6364,6762,6987,6949
929,2148,3124,3724,4285,4758,5357,5885,6364,6761,6989,6948
928,2148,3126,3725,4285,4756,5360,5883,6366,6758,6993,6945
929,2149,3128,3723,4284,4753,5362,5886,6370,6760,6991,6942
929,2148,3127,3724,4282,4756,5358,5887,6366,6765,6988,6946
930,2148,3125,3726,4281,4759,5355,5888,6363,6761,6992,6949
930,2148,3125,3728,4282,4758,5354,5888,6362,6759,6995,6946
930,2149,3125,3726,4285,4755,5356,5886,6364,6758,6991,6945
930,2151,3127,3725,4284,4758,5357,5883,6365,6759,6991,6948
929,2151,3128,3726,4282,4762,5359,5884,6368,6761,6993,6949
930,2150,3130,3729,4279,4760,5359,5887,6370,6761,6994,6949
930,2149,3129,3728,4281,4757,5356,5884,6366,6759,6994,6946
930,2147,3126,3726,4284,4758,5353,5880,6363,6761,6991,6944
930,2149,3125,3724,4283,4762,5351,5879,6362,6765,6992,6948
929,2149,3126,3726,4280,4761,5354,5881,6363,6762,6992,6945
929,2151,3128,3728,4278,4760,5355,5882,6365,6759,6990,6942
929,2152,3128,3728,4281,4758,5357,5879,6368,6759,6987,6942
929,2152,3127,3728,4284,4761,5355,5879,6369,6761,6992,6945
928,2152,3125,3730,4282,4761,5355,5880,6365,6763,6994,6946
928,2152,3125,3730,4280,4760,5351,5882,6364,6763,6990,6951
928,2152,3126,3729,4276,4758,5352,5880,6362,6760,6990,6949
928,2153,3126,3729,4279,4760,5355,5879,6364,6761,6993,6945
928,2151,3126,3729,4282,4759,5357,5875,6367,6765,6990,6950
928,2150,3126,3731,4282,4758,5355,5876,6369,6763,6989,6953
928,2150,3127,3731,4280,4756,5352,5880,6365,6760,6987,6949
928,2152,3128,3729,4281,4757,5351,5877,6362,6764,6989,6948
928,2153,3127,3729,4283,4757,5353,5874,6360,6767,6993,6951
929,2154,3125,3731,4286,4756,5354,5872,6357,6764,6991,6953
929,2154,3125,3733,4285,4754,5355,5876,6359,6763,6988,6952
930,2153,3127,3732,4282,4755,5355,5876,6363,6766,6992,6950
930,2153,3128,3730,4280,4757,5353,5873,6364,6768,6994,6952
929,2153,3128,3730,4283,4757,5350,5872,6360,6766,6991,6957
929,2154,3127,3732,4286,4755,5348,5870,6359,6764,6991,6955
929,2154,3125,3735,4284,4757,5351,5871,6357,6766,6993,6952
929,2153,3123,3733,4281,4759,5352,5874,6357,6769,6995,6956
929,2152,3125,3731,4280,4758,5353,5873,6360,6768,6994,6959
929,2154,3126,3730,4283,4757,5350,5870,6363,6765,6992,6956
929,2155,3128,3731,4285,4758,5349,5871,6359,6764,6993,6956
928,2155,3127,3734,4285,4759,5348,5873,6356,6767,6998,6953
927,2153,3125,3733,4283,4758,5348,5876,6355,6769,6995,6955
927,2152,3124,3731,4281,4757,5350,5873,6356,6766,6992,6959
927,2152,3124,3732,4284,4759,5353,5871,6358,6765,6996,6958
927,2152,3127,3734,4286,4760,5354,5870,6362,6767,6999,6955
927,2152,3126,3734,4287,4759,5351,5872,6359,6770,6995,6959
926,2152,3125,3734,4288,4760,5349,5873,6356,6769,6994,6962
926,2152,3123,3735,4287,4761,5348,5871,6354,6766,6997,6959
927,2153,3123,3736,4286,4761,5350,5870,6357,6768,6999,6959
927,2154,3123,3734,4286,4759,5351,5871,6358,6772,6998,6961
927,2154,3125,3732,4286,4759,5354,5873,6360,6770,6995,6959
927,2153,3125,3735,4286,4758,5353,5873,6359,6768,6992,6958
927,2152,3124,3738,4288,4760,5349,5870,6356,6767,6996,6956
928,2152,3122,3737,4289,4758,5346,5866,6353,6769,6994,6957
928,2153,3123,3735,4287,4758,5348,5869,6356,6771,6992,6956
928,2155,3123,3733,4285,4760,5351,5871,6358,6771,6991,6954
928,2155,3124,3736,4283,4762,5352,5873,6359,6769,6993,6951
927,2154,3126,3739,4285,4759,5353,5870,6358,6770,6994,6956
927,2154,3127,3737,4288,4756,5352,5870,6356,6775,6994,6954
928,2155,3126,3735,4286,4756,5352,5868,6352,6772,6992,6950
927,2155,3127,3733,4284,4758,5349,5869,6354,6769,6994,6950
927,2154,3127,3734,4281,4759,5350,5870,6357,6773,6999,6953
926,2152,3127,3737,4284,4758,5352,5870,6357,6776,6996,6950
926,2151,3125,3736,4287,4757,5355,5867,6355,6773,6993,6950
926,2151,3125,3735,4288,4760,5352,5869,6354,6772,6997,6947
926,2153,3124,3736,4286,4761,5349,5872,6350,6770,7000,6949
924,2152,3126,3737,4284,4758,5348,5874,6346,6771,6997,6953
924,2152,3127,3736,4283,4756,5350,5871,6350,6770,6996,6952
923,2152,3127,3737,4287,4760,5351,5869,6351,6769,6994,6950
924,2153,3125,3738,4287,4761,5352,5873,6352,6765,6995,6954
924,2153,3124,3739,4288,4760,5351,5874,6355,6769,6995,6958
924,2154,3124,3737,4286,4758,5350,5872,6353,6773,6993,6954
924,2152,3126,3736,4286,4758,5346,5871,6349,6769,6991,6954
924,2151,3127,3737,4284,4760,5348,5870,6347,6767,6995,6958
925,2152,3125,3739,4286,4761,5351,5871,6346,6766,6993,6955
925,2154,3123,3740,4286,4758,5353,5872,6347,6768,6990,6954
925,2155,3121,3738,4286,4757,5350,5871,6349,6766,6990,6951
925,2155,3123,3737,4285,4760,5348,5869,6352,6766,6992,6953
925,2154,3124,3739,4283,4762,5347,5866,6349,6762,6994,6957
925,2153,3126,3742,4285,4760,5349,5869,6346,6765,6994,6956
926,2153,3125,3741,4285,4759,5350,5873,6344,6769,6992,6952
925,2153,3123,3739,4286,4763,5352,5869,6347,6766,6993,6957
925,2154,3121,3739,4287,4764,5355,5866,6348,6764,6997,6960
925,2153,3123,3740,4286,4762,5352,5865,6350,6768,6995,6956
924,2153,3124,3740,4284,4760,5348,5868,6353,6771,6992,6956
924,2153,3127,3741,4285,4763,5346,5869,6349,6767,6996,6958
924,2154,3125,3740,4288,4766,5349,5867,6347,6767,6998,6960
924,2155,3124,3741,4290,4764,5350,5867,6346,6769,6995,6960
924,2156,3122,3742,4288,4761,5351,5864,6347,6771,6995,6958
924,2156,3122,3741,4286,4764,5349,5864,6349,6771,6998,6955
924,2155,3123,3741,4284,4767,5348,5868,6352,6769,7000,6959
923,2155,3125,3743,4287,4765,5345,5866,6354,6770,7000,6958
923,2156,3125,3744,4290,4762,5342,5863,6350,6776,6997,6955
923,2157,3124,3743,4291,4759,5344,5862,6348,6773,6998,6955
924,2157,3123,3741,4289,4762,5348,5865,6346,6770,7003,6958
923,2156,3124,3741,4288,4762,5348,5867,6347,6775,7001,6955
923,2155,3124,3743,4288,4760,5349,5863,6350,6778,6998,6955
924,2157,3124,3745,4287,4761,5348,5862,6353,6774,6997,6953
924,2157,3124,3746,4286,4763,5346,5861,6353,6772,6998,6955
924,2158,3124,3744,4286,4763,5342,5862,6354,6775,7001,6955
923,2157,3125,3742,4287,4760,5344,5864,6354,6778,7000,6953
923,2155,3124,3746,4290,4757,5347,5868,6351,6777,6997,6950
924,2155,3123,3747,4289,4759,5349,5866,6352,6775,6999,6954
924,2156,3121,3746,4286,4759,5346,5863,6356,6772,7004,6952
924,2157,3121,3745,4285,4758,5343,5865,6358,6776,7000,6949
924,2158,3122,3745,4284,4759,5343,5868,6354,6775,6997,6948
923,2158,3124,3747,4286,4760,5344,5870,6353,6772,6997,6951
923,2156,3125,3747,4289,4760,5345,5867,6351,6771,6999,6948
923,2158,3123,3746,4289,4760,5346,5867,6347,6775,7001,6947
923,2158,3121,3745,4289,4761,5349,5868,6350,6772,7000,6946
922,2159,3123,3745,4290,4761,5347,5869,6353,6771,6997,6947
922,2157,3125,3747,4291,4760,5345,5868,6355,6771,6999,6951
922,2156,3126,3747,4289,4760,5342,5867,6351,6773,7003,6948
922,2156,3125,3747,4287,4758,5346,5864,6350,6771,7005,6945
922,2157,3124,3748,4284,4759,5347,5866,6347,6771,7002,6949
921,2159,3123,3748,4287,4758,5347,5869,6348,6768,7001,6952
921,2160,3123,3747,4290,4758,5345,5871,6352,6771,7003,6949
921,2159,3125,3746,4291,4756,5344,5868,6350,6770,7005,6948
922,2159,3127,3746,4291,4757,5343,5865,6347,6768,7005,6951
922,2159,3126,3748,4289,4758,5343,5869,6345,6770,7002,6952
923,2159,3124,3747,4287,4757,5345,5870,6343,6774,7000,6952
923,2159,3123,3745,4287,4756,5348,5872,6345,6776,7005,6950
923,2158,3123,3743,4285,4758,5349,5871,6346,6773,7002,6953
924,2158,3124,3746,4286,4759,5346,5870,6350,6773,7000,6957
924,2157,3124,3748,4287,4758,5344,5870,6348,6774,7004,6954
924,2159,3124,3748,4290,4758,5344,5873,6344,6777,7006,6950
924,2159,3124,3746,4290,4760,5345,5871,6344,6776,7003,6950
923,2160,3125,3746,4288,4758,5346,5869,6342,6773,7003,6953
923,2159,3124,3748,4286,4755,5348,5866,6343,6775,7000,6950
923,2158,3125,3748,4287,4754,5350,5869,6346,6779,7002,6950
923,2158,3124,3748,4290,4757,5348,5872,6349,6778,7002,6948
923,2159,3123,3749,4292,4755,5344,5873,6346,6775,6999,6950
922,2160,3125,3750,4293,4753,5342,5870,6344,6780,7002,6949
923,2160,3127,3749,4291,4752,5341,5870,6343,6782,7006,6946
922,2159,3126,3749,4289,4756,5342,5872,6344,6783,7002,6943
922,2159,3125,3751,4289,4757,5342,5873,6346,6782,7000,6947
922,2159,3124,3752,4287,4755,5345,5876,6350,6781,7000,6950
922,2160,3124,3751,4285,4753,5348,5875,6347,6782,7002,6946
922,2161,3126,3748,4285,4756,5345,5872,6343,6786,7000,6946
921,2159,3127,3747,4287,4759,5342,5874,6342,6784,6999,6949
921,2158,3126,3750,4290,4757,5341,5878,6345,6781,7000,6951
920,2158,3124,3752,4292,4755,5344,5875,6346,6780,7003,6951
921,2160,3122,3751,4289,4755,5344,5872,6349,6783,7003,6948
922,2161,3123,3749,4286,4758,5346,5871,6352,6784,7000,6949
922,2161,3125,3747,4285,4756,5349,5874,6348,6783,7003,6954
922,2160,3127,3750,4285,4754,5351,5875,6346,6782,7006,6952
921,2159,3126,3752,4286,4753,5347,5872,6345,6783,7004,6949
921,2160,3125,3751,4287,4756,5344,5872,6346,6786,7002,6953
922,2160,3123,3750,4288,4756,5344,5874,6348,6790,7001,6955
923,2159,3123,3750,4287,4754,5345,5875,6352,6787,7003,6956
922,2158,3125,3751,4286,4751,5346,5874,6349,6786,7001,6956
921,2158,3127,3750,4285,4755,5348,5873,6345,6790,6999,6954
921,2159,3127,3750,4286,4757,5351,5871,6343,6791,6995,6956
921,2160,3126,3749,4287,4755,5349,5871,6347,6789,6998,6960
922,2161,3124,3750,4290,4753,5345,5875,6347,6788,7002,6958
921,2160,3124,3751,4289,4755,5343,5873,6350,6790,7000,6954
920,2160,3125,3750,4286,4758,5346,5870,6349,6793,6997,6957
919,2160,3125,3750,4284,4757,5348,5873,6346,6792,7001,6961
919,2161,3125,3749,4282,4754,5349,5876,6344,6789,7002,6957
919,2159,3124,3750,4285,4756,5351,5878,6347,6786,7001,6956
918,2158,3125,3750,4287,4760,5350,5875,6349,6790,7000,6954
917,2157,3125,3749,4285,4759,5348,5874,6350,6793,6997,6955
917,2159,3126,3748,4283,4757,5343,5877,6350,6790,7000,6954
917,2159,3125,3748,4282,4757,5346,5878,6347,6790,6999,6952
918,2161,3124,3750,4285,4760,5349,5876,6344,6792,6996,6954
917,2160,3124,3750,4287,4760,5350,5876,6342,6794,6994,6959
916,2159,3126,3749,4288,4759,5348,5874,6346,6793,6998,6957
917,2158,3126,3749,4285,4759,5348,5874,6347,6791,6995,6953
918,2158,3124,3751,4284,4761,5347,5877,6350,6793,6994,6957
918,2158,3122,3753,4284,4761,5344,5876,6349,6797,6993,6960
918,2159,3122,3751,4286,4760,5345,5873,6346,6795,6994,6957
918,2159,3124,3749,4287,4758,5348,5871,6343,6792,6992,6956
917,2159,3126,3747,4288,4759,5350,5875,6347,6791,6991,6954
917,2160,3125,3750,4287,4759,5348,5877,6349,6794,6993,6955
917,2161,3124,3752,4286,4758,5346,5874,6350,6790,6995,6954
917,2162,3122,3751,4284,4759,5346,5873,6349,6790,6995,6952
917,2161,3123,3750,4284,4761,5348,5872,6347,6787,6991,6949
917,2159,3125,3748,4285,4759,5349,5874,6343,6789,6989,6954
917,2158,3127,3750,4287,4759,5350,5876,6346,6792,6994,6956
917,2158,3126,3752,4287,4761,5353,5875,6349,6791,6991,6952
916,2160,3125,3752,4286,4762,5352,5872,6350,6788,6990,6952
916,2160,3124,3750,4284,4760,5349,5869,6352,6792,6989,6955
917,2161,3124,3750,4282,4759,5347,5871,6351,6796,6990,6957
917,2161,3125,3751,4286,4758,5350,5874,6348,6792,6989,6956
917,2160,3127,3751,4288,4760,5352,5876,6345,6791,6988,6954
916,2161,3127,3751,4285,4758,5353,5874,6348,6795,6984,6954
916,2161,3125,3753,4282,4758,5351,5874,6350,6796,6988,6958
916,2160,3124,3754,4280,4757,5350,5876,6351,6795,6987,6956
916,2159,3125,3752,4282,4759,5349,5877,6350,6794,6984,6953
917,2158,3125,3752,4285,4757,5349,5879,6348,6795,6982,6952
918,2159,3124,3752,4287,4755,5351,5878,6345,6798,6987,6955
917,2161,3124,3754,4284,4755,5355,5876,6342,6798,6983,6951
917,2162,3123,3756,4282,4757,5352,5878,6341,6794,6981,6949
916,2162,3124,3753,4283,4755,5349,5881,6342,6797,6980,6948
917,2161,3125,3752,4285,4754,5347,5884,6345,6801,6981,6949
917,2161,3125,3753,4285,4754,5347,5880,6349,6797,6984,6948
916,2161,3123,3756,4283,4756,5348,5878,6345,6795,6983,6947
916,2162,3123,3755,4282,4755,5350,5882,6341,6799,6980,6944
916,2160,3122,3754,4282,4753,5352,5883,6340,6801,6983,6947
915,2160,3122,3754,4284,4752,5351,5881,6343,6799,6987,6949
915,2160,3123,3756,4285,4755,5349,5880,6344,6798,6983,6951
915,2161,3123,3756,4283,4757,5346,5879,6347,6800,6982,6950
915,2162,3122,3756,4282,4754,5349,5880,6350,6802,6980,6948
914,2162,3121,3757,4282,4752,5352,5882,6346,6802,6982,6950
913,2161,3120,3757,4284,4756,5353,5882,6344,6799,6981,6947
913,2161,3123,3755,4285,4758,5350,5880,6342,6801,6980,6946
913,2162,3124,3754,4283,4756,5350,5882,6345,6806,6977,6943
913,2161,3124,3754,4283,4753,5348,5884,6346,6803,6980,6946
913,2162,3122,3756,4283,4756,5350,5887,6350,6799,6979,6949
912,2162,3120,3757,4285,4759,5350,5884,6351,6804,6976,6945
911,2162,3122,3755,4286,4757,5353,5881,6348,6805,6975,6944
912,2163,3124,3754,4284,4756,5355,5881,6347,6803,6978,6942
912,2164,3126,3756,4283,4755,5353,5883,6345,6803,6979,6944
913,2164,3125,3758,4283,4758,5351,5884,6347,6805,6977,6947
913,2165,3123,3758,4284,4760,5350,5887,6349,6806,6976,6945
912,2164,3124,3756,4285,4757,5349,5886,6353,6805,6973,6941
913,2162,3125,3757,4282,4755,5349,5884,6349,6803,6977,6940
913,2161,3126,3758,4281,4758,5350,5884,6347,6800,6980,6943
913,2162,3126,3758,4280,4761,5354,5888,6346,6804,6976,6941
913,2163,3126,3757,4282,4760,5352,5890,6348,6802,6974,6939
913,2164,3126,3758,4283,4758,5350,5888,6349,6799,6978,6937
912,2164,3126,3759,4282,4760,5348,5886,6353,6798,6979,6938
911,2164,3125,3757,4282,4763,5352,5886,6355,6801,6978,6942
910,2164,3123,3756,4281,4762,5353,5887,6352,6798,6976,6941
910,2164,3123,3756,4282,4759,5353,5888,6351,6798,6972,6938
911,2165,3122,3758,4283,4761,5351,5891,6349,6796,6976,6941
910,2164,3124,3758,4281,4764,5351,5889,6351,6798,6979,6944
910,2163,3124,3756,4281,4763,5349,5885,6353,6796,6976,6940
910,2163,3123,3754,4281,4761,5350,5887,6356,6795,6975,6938
910,2165,3122,3757,4282,4762,5352,5892,6353,6792,6977,6937
911,2166,3121,3759,4283,4765,5355,5893,6350,6796,6978,6939
910,2167,3123,3758,4281,4765,5357,5889,6350,6795,6977,6937
910,2167,3125,3756,4280,4763,5353,5888,6347,6792,6976,6935
911,2167,3126,3755,4280,4763,5352,5886,6349,6794,6973,6932
911,2167,3124,3757,4280,4765,5351,5888,6353,6798,6976,6935
912,2167,3122,3759,4280,4765,5353,5890,6355,6795,6979,6934
912,2167,3123,3758,4281,4764,5354,5889,6351,6793,6976,6931
912,2167,3125,3756,4282,4761,5357,5887,6350,6792,6974,6934
912,2166,3126,3756,4280,4763,5356,5883,6349,6793,6973,6938
912,2166,3126,3757,4279,4767,5353,5886,6349,6795,6974,6934
912,2168,3125,3758,4279,4765,5350,5889,6352,6795,6978,6932
912,2169,3123,3758,4281,4763,5349,5886,6356,6792,6976,6931
912,2168,3123,3757,4282,4763,5351,5884,6353,6795,6972,6933
912,2168,3125,3758,4280,4766,5353,5883,6349,6794,6971,6931
911,2166,3127,3759,4281,4766,5354,5885,6348,6791,6975,6930
911,2167,3126,3758,4281,4764,5354,5886,6346,6788,6976,6926
911,2167,3125,3758,4283,4762,5353,5885,6347,6792,6975,6929
911,2167,3123,3760,4283,4764,5349,5884,6351,6790,6973,6928
911,2167,3123,3761,4281,4764,5351,5881,6354,6787,6973,6926
910,2168,3124,3759,4279,4764,5354,5883,6350,6787,6977,6924
910,2169,3125,3757,4280,4762,5356,5887,6348,6789,6981,6927
910,2170,3125,3759,4283,4763,5353,5885,6347,6790,6977,6929
910,2170,3124,3762,4285,4765,5351,5881,6349,6790,6975,6927
909,2169,3123,3763,4283,4765,5350,5880,6351,6788,6978,6926
909,2168,3124,3761,4281,4763,5352,5883,6355,6790,6979,6927
910,2168,3125,3760,4282,4761,5353,5885,6353,6794,6982,6930
911,2168,3125,3759,4285,4763,5354,5882,6349,6796,6981,6930
911,2169,3125,3761,4287,4766,5354,5882,6349,6793,6977,6927
911,2169,3124,3763,4285,4764,5352,5880,6347,6791,6981,6929
911,2169,3124,3761,4282,4762,5349,5881,6348,6795,6984,6933
912,2169,3124,3758,4281,4763,5352,5883,6352,6796,6980,6930
911,2169,3125,3756,4284,4767,5354,5883,6355,6795,6979,6927
911,2170,3123,3759,4286,4765,5356,5880,6351,6794,6978,6926
911,2170,3122,3759,4284,4763,5353,5882,6349,6795,6979,6927
912,2169,3121,3758,4281,4764,5351,5886,6348,6798,6983,6929
912,2167,3123,3757,4279,4767,5350,5885,6349,6797,6981,6928
912,2166,3124,3757,4282,4767,5352,5882,6351,6794,6978,6926
912,2167,3126,3759,4284,4765,5352,5880,6356,6797,6982,6928
912,2168,3124,3759,4282,4766,5355,5884,6353,6800,6985,6932
912,2168,3122,3758,4280,4768,5358,5885,6349,6797,6982,6929
912,2168,3124,3756,4279,4768,5355,5883,6349,6794,6982,6926
911,2167,3126,3756,4282,4767,5353,5882,6346,6794,6980,6931
911,2167,3128,3755,4283,4765,5356,5881,6348,6795,6981,6933
911,2168,3127,3755,4281,4766,5359,5881,6352,6798,6980,6930
912,2168,3125,3755,4278,4769,5359,5883,6354,6797,6978,6929
911,2167,3125,3757,4276,4769,5361,5883,6351,6793,6975,6931
911,2165,3125,3758,4280,4767,5360,5881,6349,6795,6978,6933
910,2165,3127,3756,4281,4768,5359,5879,6348,6799,6981,6932
910,2166,3129,3754,4282,4770,5356,5882,6350,6797,6977,6930
911,2168,3128,3757,4280,4770,5357,5885,6352,6795,6976,6927
912,2167,3127,3759,4280,4769,5360,5886,6352,6799,6974,6932
912,2167,3125,3758,4282,4770,5362,5884,6350,6801,6976,6928
912,2166,3125,3756,4284,4772,5359,5884,6347,6797,6980,6925
911,2166,3126,3757,4281,4772,5357,5885,6347,6797,6978,6929
912,2167,3129,3758,4278,4770,5357,5887,6349,6798,6974,6931
913,2166,3128,3759,4277,4771,5358,5890,6350,6800,6978,6928
912,2166,3128,3758,4280,4772,5359,5889,6354,6801,6981,6928
912,2166,3127,3757,4282,4772,5361,5885,6352,6798,6977,6925
912,2167,3127,3758,4280,4772,5364,5883,6349,6795,6976,6926
912,2168,3127,3760,4279,4773,5362,5887,6347,6799,6974,6926
912,2168,3128,3759,4278,4774,5360,5888,6346,6797,6976,6924
911,2167,3128,3759,4281,4773,5359,5886,6348,6794,6979,6921
911,2165,3128,3760,4282,4772,5363,5886,6350,6793,6978,6925
911,2166,3127,3761,4279,4770,5364,5885,6354,6795,6975,6926
911,2166,3127,3759,4277,4771,5361,5885,6351,6797,6974,6923
911,2165,3128,3758,4277,4768,5359,5887,6348,6795,6977,6923
910,2165,3128,3760,4279,4768,5359,5887,6347,6794,6978,6925
909,2165,3128,3762,4280,4767,5357,5885,6350,6795,6977,6927
910,2167,3128,3761,4281,4769,5358,5882,6351,6799,6975,6926
909,2168,3127,3758,4279,4770,5361,5886,6355,6798,6972,6923
910,2167,3128,3757,4278,4769,5364,5889,6354,6794,6976,6924
909,2166,3128,3759,4280,4769,5361,5890,6350,6797,6978,6929
909,2165,3129,3762,4281,4770,5358,5887,6348,6800,6974,6926
909,2165,3127,3760,4281,4771,5357,5886,6352,6797,6973,6924
910,2166,3127,3757,4280,4772,5360,5885,6354,6796,6971,6928
911,2167,3129,3755,4280,4774,5361,5886,6356,6795,6972,6930
911,2167,3131,3757,4278,4772,5363,5890,6356,6796,6972,6927
911,2167,3131,3759,4279,4772,5367,5889,6354,6794,6970,6926
911,2167,3132,3758,4280,4774,5365,5885,6350,6793,6967,6928
912,2168,3130,3757,4280,4775,5362,5882,6349,6790,6971,6930
912,2168,3129,3757,4280,4773,5359,5882,6352,6793,6969,6930
912,2167,3131,3759,4279,4771,5363,5884,6353,6796,6966,6927
911,2166,3133,3759,4280,4775,5365,5886,6356,6793,6965,6928
912,2165,3134,3759,4280,4777,5366,5885,6358,6791,6968,6932
912,2165,3132,3757,4281,4775,5364,5884,6356,6795,6969,6931
912,2166,3130,3758,4281,4773,5364,5885,6353,6797,6967,6927
911,2166,3129,3758,4280,4773,5361,5887,6353,6794,6966,6931
911,2166,3130,3757,4278,4775,5361,5890,6354,6793,6967,6934
911,2165,3132,3757,4279,4776,5363,5889,6356,6789,6972,6930
911,2166,3132,3757,4281,4773,5367,5886,6360,6790,6970,6928
910,2166,3131,3757,4281,4771,5369,5885,6362,6795,6966,6925
910,2165,3129,3758,4279,4775,5366,5889,6359,6792,6969,6926
910,2164,3129,3757,4277,4776,5366,5890,6358,6788,6972,6925
910,2164,3131,3756,4277,4774,5365,5887,6361,6793,6969,6923
911,2165,3132,3756,4279,4772,5366,5886,6362,6795,6969,6920
910,2166,3132,3758,4282,4772,5367,5885,6365,6791,6971,6923
910,2166,3131,3756,4280,4774,5369,5887,6369,6790,6972,6926
911,2166,3129,3754,4278,4775,5368,5889,6365,6789,6970,6922
911,2166,3129,3753,4280,4773,5365,5893,6362,6790,6969,6921
912,2166,3129,3755,4282,4774,5362,5890,6361,6789,6965,6923
912,2167,3131,3757,4281,4776,5365,5886,6359,6786,6968,6924
912,2166,3131,3756,4279,4777,5368,5886,6361,6783,6970,6927
912,2164,3130,3754,4276,4775,5368,5889,6365,6787,6967,6925
912,2163,3130,3755,4277,4774,5369,5890,6366,6789,6966,6923
912,2164,3130,3757,4279,4777,5369,5889,6363,6786,6969,6926
911,2165,3131,3757,4279,4778,5367,5889,6362,6784,6970,6928
910,2165,3130,3755,4277,4776,5364,5886,6360,6787,6969,6925
910,2165,3129,3753,4275,4774,5362,5887,6362,6788,6966,6923
910,2164,3129,3753,4277,4778,5365,5890,6365,6786,6963,6927
910,2165,3130,3754,4279,4780,5367,5889,6367,6785,6966,6928
909,2165,3131,3755,4282,4778,5367,5887,6365,6782,6965,6926
908,2165,3132,3755,4280,4777,5368,5886,6362,6784,6960,6924
908,2164,3130,3753,4278,4776,5369,5890,6362,6788,6960,6924
908,2163,3129,3754,4279,4779,5366,5891,6363,6784,6962,6927
908,2162,3129,3755,4282,4780,5363,5888,6365,6782,6959,6926
907,2164,3130,3755,4284,4778,5366,5888,6369,6781,6958,6922
907,2165,3132,3755,4282,4776,5369,5887,6371,6782,6961,6925
908,2165,3130,3756,4280,4780,5371,5888,6367,6785,6962,6928
908,2164,3129,3757,4282,4782,5368,5891,6366,6783,6960,6925
908,2163,3127,3756,4284,4779,5367,5895,6365,6780,6958,6923
908,2164,3129,3754,4283,4777,5366,5892,6366,6777,6954,6921
909,2164,3131,3754,4281,4781,5368,5889,6369,6781,6957,6922
909,2163,3132,3756,4278,4783,5369,5888,6373,6783,6960,6920
909,2162,3131,3756,4279,4784,5372,5890,6369,6780,6957,6919
909,2162,3129,3754,4282,4781,5371,5892,6366,6780,6955,6916
909,2163,3127,3755,4281,4781,5368,5891,6366,6777,6958,6918
909,2164,3128,3757,4279,4784,5364,5890,6368,6778,6959,6921
909,2165,3129,3757,4277,4785,5367,5888,6369,6778,6957,6918
909,2166,3131,3756,4279,4783,5370,5888,6373,6776,6956,6915
907,2166,3131,3754,4282,4782,5369,5892,6375,6773,6957,6914
906,2166,3129,3755,4283,4782,5367,5891,6371,6777,6960,6914
906,2166,3128,3755,4281,4784,5367,5889,6370,6775,6959,6916
906,2166,3129,3755,4277,4784,5365,5888,6369,6771,6956,6915
907,2166,3130,3754,4280,4782,5365,5892,6370,6771,6954,6912
907,2166,3132,3756,4283,4782,5367,5894,6373,6774,6958,6909
906,2165,3132,3757,4284,4785,5370,5891,6376,6771,6959,6912
906,2166,3131,3756,4282,4786,5369,5890,6373,6772,6957,6913
907,2167,3131,3755,4280,4784,5367,5889,6370,6774,6956,6914
907,2166,3132,3758,4278,4784,5365,5891,6370,6775,6957,6913
906,2165,3132,3760,4281,4787,5365,5893,6372,6774,6959,6911
906,2164,3131,3758,4282,4788,5365,5894,6373,6773,6958,6908
906,2164,3130,3757,4280,4785,5366,5892,6377,6770,6954,6912
907,2164,3132,3755,4277,4782,5368,5889,6375,6773,6957,6912
907,2165,3133,3757,4276,4783,5372,5892,6372,6776,6961,6913
907,2166,3134,3759,4279,4784,5369,5895,6371,6773,6957,6912
907,2165,3133,3758,4280,4783,5366,5893,6374,6771,6954,6909
907,2167,3132,3757,4278,4781,5365,5890,6375,6775,6953,6906
908,2167,3132,3755,4277,4780,5367,5891,6378,6777,6954,6904
908,2168,3134,3757,4277,4782,5369,5892,6377,6775,6957,6906
908,2167,3135,3760,4279,4784,5369,5894,6374,6774,6955,6907
908,2165,3133,3759,4280,4782,5372,5892,6371,6775,6951,6906
908,2164,3131,3756,4280,4782,5371,5892,6375,6778,6954,6903
908,2166,3129,3755,4279,4785,5368,5894,6377,6778,6958,6904
909,2168,3131,3755,4279,4787,5365,5896,6379,6776,6954,6909
907,2167,3133,3757,4281,4785,5368,5900,6378,6778,6952,6910
907,2166,3134,3758,4282,4783,5372,5898,6376,6778,6956,6906
907,2165,3133,3757,4283,4783,5373,5895,6372,6775,6957,6904
907,2166,3132,3758,4281,4786,5369,5898,6375,6772,6953,6907
907,2166,3130,3759,4280,4783,5368,5902,6379,6776,6953,6908
906,2165,3131,3758,4279,4781,5367,5900,6376,6774,6949,6907
905,2164,3133,3758,4279,4781,5369,5898,6374,6770,6952,6903
906,2163,3133,3760,4280,4784,5370,5902,6373,6770,6955,6899
906,2164,3132,3762,4278,4785,5373,5905,6374,6772,6953,6903
906,2166,3131,3760,4277,4783,5375,5901,6376,6769,6950,6905
906,2167,3132,3758,4275,4783,5372,5899,6380,6768,6954,6901
906,2167,3132,3759,4276,4786,5369,5903,6378,6767,6956,6900
907,2165,3131,3763,4277,4787,5369,5905,6376,6769,6953,6898
908,2166,3130,3762,4277,4785,5367,5903,6380,6772,6951,6898
908,2167,3130,3761,4277,4783,5368,5903,6382,6769,6953,6902
908,2167,3132,3759,4275,4786,5370,5903,6383,6766,6954,6899
908,2166,3133,3761,4276,4789,5373,5903,6382,6769,6954,6895
908,2165,3132,3763,4276,4787,5372,5906,6380,6772,6951,6894
908,2165,3130,3762,4275,4784,5369,5906,6377,6769,6953,6895
909,2167,3129,3761,4275,4785,5367,5904,6379,6767,6957,6896
909,2168,3131,3758,4273,4787,5370,5906,6382,6765,6953,6900
909,2167,3133,3759,4274,4788,5372,5910,6384,6766,6950,6898
908,2167,3134,3761,4275,4786,5373,5909,6381,6770,6948,6894
908,2166,3132,3761,4277,4785,5375,5906,6380,6768,6950,6897
908,2165,3131,3760,4277,4789,5375,5908,6377,6765,6952,6900
908,2166,3131,3758,4275,4790,5372,5912,6374,6768,6951,6901
908,2167,3133,3759,4273,4788,5368,5910,6377,6772,6948,6899
908,2166,3134,3761,4274,4787,5367,5908,6380,6769,6950,6897
909,2166,3134,3760,4276,4791,5370,5912,6381,6767,6949,6894
907,2168,3133,3760,4276,4793,5371,5916,6379,6771,6945,6897
907,2168,3131,3761,4275,4790,5372,5913,6378,6772,6942,6899
906,2169,3132,3762,4275,4788,5372,5910,6375,6771,6946,6896
906,2168,3132,3760,4277,4788,5372,5915,6378,6770,6948,6894
907,2167,3132,3760,4279,4791,5369,5917,6382,6772,6944,6893
907,2168,3132,3759,4278,4790,5369,5914,6383,6773,6943,6894
907,2168,3132,3761,4276,4788,5373,5914,6379,6778,6945,6896
907,2167,3132,3760,4274,4790,5375,5917,6378,6775,6947,6894
907,2167,3133,3758,4275,4794,5376,5918,6376,6773,6946,6891
908,2166,3131,3758,4278,4793,5378,5916,6377,6778,6943,6888
907,2168,3130,3760,4277,4790,5377,5917,6382,6774,6940,6892
906,2169,3130,3760,4275,4789,5376,5918,6384,6771,6944,6893
906,2169,3132,3759,4276,4792,5373,5920,6380,6770,6946,6891
906,2168,3134,3759,4278,4794,5374,5919,6379,6773,6942,6889
906,2168,3132,3760,4277,4792,5377,5918,6377,6775,6941,6884
906,2167,3131,3759,4276,4791,5379,5919,6378,6774,6943,6887
906,2168,3129,3759,4273,4793,5376,5921,6381,6771,6944,6891
905,2168,3131,3758,4273,4796,5374,5921,6384,6772,6943,6887
905,2168,3133,3758,4275,4794,5373,5919,6382,6776,6939,6886
906,2168,3134,3760,4275,4793,5374,5916,6379,6774,6936,6884
905,2167,3133,3759,4274,4794,5374,5920,6378,6772,6940,6885
905,2168,3132,3758,4272,4797,5376,5923,6380,6776,6938,6888
903,2169,3132,3761,4273,4799,5380,5920,6382,6778,6935,6891
904,2169,3133,3762,4275,4797,5377,5918,6385,6775,6934,6888
904,2168,3135,3761,4278,4795,5375,5922,6384,6775,6936,6886
904,2167,3134,3758,4276,4798,5373,5924,6381,6778,6933,6889
904,2168,3134,3757,4273,4801,5372,5922,6378,6780,6932,6890
903,2169,3133,3760,4273,4799,5373,5921,6382,6778,6929,6888
903,2170,3133,3760,4275,4796,5373,5924,6383,6776,6930,6886
904,2170,3134,3759,4278,4795,5377,5926,6387,6773,6935,6883
904,2169,3133,3758,4276,4798,5376,5924,6385,6777,6932,6885
903,2169,3133,3758,4274,4800,5372,5925,6382,6775,6929,6889
903,2169,3133,3761,4275,4798,5370,5927,6380,6773,6933,6884
904,2170,3134,3761,4278,4796,5369,5928,6384,6772,6935,6881
905,2168,3134,3760,4278,4799,5371,5927,6385,6775,6931,6880
904,2167,3133,3761,4276,4801,5371,5926,6387,6772,6930,6882
903,2166,3131,3761,4274,4801,5372,5923,6390,6771,6932,6883
903,2168,3130,3760,4274,4802,5375,5925,6388,6771,6934,6888
903,2170,3132,3760,4276,4802,5374,5925,6385,6773,6933,6884
903,2171,3135,3762,4276,4801,5372,5924,6384,6775,6930,6881
903,2170,3136,3764,4274,4799,5370,5921,6387,6775,6928,6885
903,2170,3134,3762,4275,4800,5373,5925,6388,6772,6931,6887
903,2169,3132,3760,4276,4803,5375,5929,6391,6774,6930,6888
903,2170,3132,3762,4276,4805,5375,5925,6389,6778,6926,6887
903,2170,3133,3765,4275,4803,5377,5922,6385,6775,6926,6884
903,2170,3135,3764,4273,4800,5376,5926,6381,6772,6929,6885
902,2169,3137,3763,4274,4798,5374,5929,6385,6776,6925,6889
902,2171,3135,3764,4274,4801,5372,5927,6386,6778,6923,6891
902,2172,3133,3764,4275,4803,5371,5926,6388,6775,6922,6888
902,2173,3131,3767,4274,4804,5374,5926,6392,6774,6923,6887
902,2173,3132,3766,4272,4802,5375,5927,6390,6777,6922,6884
901,2172,3134,3765,4273,4801,5375,5924,6386,6778,6920,6885
901,2171,3136,3766,4274,4799,5373,5924,6384,6777,6917,6889
901,2171,3135,3767,4274,4800,5373,5927,6387,6774,6920,6890
902,2171,3133,3766,4273,4800,5371,5929,6389,6771,6923,6887
902,2172,3132,3767,4271,4800,5368,5927,6391,6776,6920,6886
902,2173,3133,3768,4272,4799,5372,5927,6390,6774,6918,6888
903,2174,3134,3770,4273,4798,5374,5924,6386,6771,6916,6889
902,2173,3134,3767,4272,4798,5375,5925,6383,6775,6917,6893
902,2174,3133,3766,4271,4801,5372,5929,6387,6779,6920,6890
903,2172,3132,3768,4273,4800,5371,5928,6389,6774,6923,6886
902,2173,3132,3771,4273,4799,5370,5926,6390,6773,6920,6890
902,2173,3133,3769,4275,4796,5372,5929,6389,6771,6919,6892
903,2174,3134,3767,4275,4797,5373,5933,6386,6773,6922,6888
902,2174,3133,3766,4274,4800,5376,5929,6382,6771,6924,6887
903,2174,3133,3767,4275,4800,5374,5927,6384,6769,6922,6884
901,2174,3134,3768,4276,4798,5371,5926,6387,6766,6920,6886
900,2176,3135,3766,4274,4799,5369,5929,6388,6769,6922,6890
900,2177,3135,3765,4273,4801,5372,5927,6387,6773,6925,6887
900,2178,3134,3765,4271,4804,5375,5926,6386,6769,6924,6883
900,2178,3134,3766,4273,4803,5375,5926,6384,6766,6920,6882
900,2177,3134,3766,4274,4800,5377,5928,6384,6770,6919,6885
901,2176,3136,3766,4276,4798,5376,5925,6388,6771,6922,6885
901,2174,3137,3768,4276,4801,5373,5924,6390,6768,6923,6889
900,2175,3137,3769,4274,4803,5370,5923,6387,6768,6922,6886
899,2176,3135,3767,4274,4804,5368,5925,6387,6766,6921,6882
899,2178,3133,3766,4275,4803,5371,5927,6385,6768,6921,6880
900,2177,3133,3768,4277,4803,5373,5926,6381,6767,6924,6882
901,2176,3135,3771,4276,4803,5374,5923,6383,6764,6928,6884
901,2175,3136,3769,4275,4803,5377,5924,6387,6762,6925,6882
900,2176,3137,3767,4273,4804,5376,5928,6388,6765,6924,6880
900,2176,3138,3765,4273,4806,5373,5927,6386,6763,6927,6876
900,2177,3136,3767,4276,4805,5370,5925,6385,6761,6929,6879
900,2177,3135,3769,4275,4803,5373,5923,6382,6760,6926,6882
900,2176,3135,3769,4273,4800,5376,5927,6383,6763,6925,6879
901,2176,3137,3767,4274,4802,5377,5925,6386,6759,6927,6877
900,2176,3137,3768,4274,4806,5378,5921,6388,6759,6930,6880
899,2177,3137,3769,4277,4804,5377,5921,6385,6757,6929,6881
898,2178,3138,3772,4277,4802,5376,5924,6384,6758,6925,6883
898,2177,3136,3771,4275,4798,5373,5925,6382,6762,6924,6882
899,2177,3135,3770,4274,4802,5374,5924,6384,6760,6928,6879
899,2176,3135,3770,4274,4804,5377,5924,6385,6756,6930,6877
899,2174,3134,3772,4278,4805,5379,5921,6388,6760,6927,6880
899,2175,3135,3771,4277,4803,5381,5922,6390,6763,6927,6881
898,2176,3136,3770,4275,4802,5379,5922,6387,6759,6927,6878
898,2177,3137,3769,4272,4801,5378,5921,6386,6757,6930,6876
897,2179,3135,3770,4273,4799,5380,5919,6384,6760,6929,6873
898,2178,3136,3769,4276,4799,5380,5922,6384,6761,6926,6875
898,2178,3136,3767,4275,4801,5382,5921,6388,6759,6929,6879
899,2176,3137,3767,4274,4804,5382,5919,6386,6759,6932,6875
899,2177,3137,3769,4271,4803,5380,5916,6383,6756,6929,6873
899,2177,3138,3770,4273,4801,5377,5920,6381,6759,6927,6873
899,2178,3138,3768,4275,4799,5379,5919,6384,6762,6931,6873
899,2178,3137,3766,4277,4802,5382,5916,6385,6758,6932,6875
899,2179,3136,3768,4275,4805,5380,5914,6387,6756,6931,6879
900,2179,3136,3771,4272,4805,5377,5918,6390,6760,6930,6875
900,2179,3137,3770,4270,4803,5379,5920,6386,6762,6932,6872
900,2178,3138,3768,4273,4802,5383,5917,6384,6759,6934,6876
900,2179,3138,3769,4275,4802,5385,5916,6385,6759,6934,6878
898,2179,3137,3771,4273,4803,5381,5920,6385,6760,6932,6875
898,2179,3136,3771,4271,4804,5380,5921,6385,6761,6934,6874
898,2179,3136,3770,4271,4807,5379,5919,6390,6761,6938,6871
898,2178,3135,3769,4274,4806,5381,5919,6391,6758,6935,6872
898,2178,3136,3769,4276,4804,5381,5917,6388,6760,6932,6876
898,2177,3137,3769,4273,4801,5380,5918,6387,6764,6937,6877
897,2178,3137,3769,4270,4802,5379,5917,6386,6762,6938,6874
896,2179,3137,3769,4269,4805,5376,5916,6386,6759,6936,6873
896,2180,3137,3768,4272,4807,5377,5913,6389,6762,6935,6870
896,2181,3137,3769,4273,4808,5380,5915,6392,6765,6932,6871
897,2179,3136,3768,4274,4806,5383,5920,6389,6761,6934,6875
897,2178,3137,3767,4273,4805,5380,5918,6387,6759,6933,6872
896,2177,3138,3767,4272,4809,5377,5915,6387,6756,6930,6870
896,2179,3138,3770,4271,4810,5377,5918,6388,6757,6927,6869
897,2179,3139,3770,4273,4807,5378,5922,6389,6760,6932,6870
897,2180,3139,3769,4273,4806,5380,5919,6392,6760,6934,6871
898,2182,3139,3767,4271,4806,5381,5917,6395,6756,6931,6870
898,2181,3140,3769,4272,4808,5381,5917,6391,6760,6931,6868
897,2180,3140,3772,4272,4809,5379,5919,6389,6763,6933,6869
897,2179,3140,3771,4273,4807,5380,5921,6392,6759,6935,6872
897,2177,0,3769,4274,4808,5382,5919,6394,6757,6934,6874
898,2178,0,3767,4273,4806,5385,5919,6395,6761,6931,6870
897,2178,0,3769,4273,4808,5383,5921,6394,6762,6932,6868
898,2179,0,3771,4271,4809,5382,5923,6390,6759,6937,6866
897,2180,0,3771,4273,4808,5383,5924,6388,6759,6935,6867
897,2180,0,3770,4273,4807,5387,5922,6387,6760,6932,6871
897,2179,0,3768,4272,4805,5385,5923,6390,6762,6937,6868
897,2179,0,3768,4272,4806,5382,5922,6390,6761,6938,6864
898,2178,0,3770,4271,4809,0,5922,6389,6758,6935,6862
897,2179,0,3771,4272,4809,0,5920,6386,6756,6934,6865
896,2180,0,0,4273,4808,0,5922,0,6760,6937,6865
0,0,0,0,0,4806,0,5926,0,6757,6939,6869
0,0,0,0,0,4808,0,5925,0,6754,0,6866
0,0,0,0,0,0,0,5922,0,6754,0,6862
0,0,0,0,0,0,0,5924,0,6756,0,6860
