0.022172
0.039622
0.04848
0.051858
0.051239
0.046174
0.035975
0.024336
0.0030465
-0.020889
-0.044635
-0.07185
-0.10967
-0.14723
-0.18951
-0.22651
-0.26464
-0.30253
-0.34498
-0.38977
-0.42957
-0.4755
-0.51944
-0.54909
-0.58031
-0.62301
-0.64695
-0.65756
-0.6805
-0.71027
-0.72519
-0.73075
-0.7333
-0.73519
-0.72589
-0.70972
-0.69638
-0.68341
-0.66628
-0.64201
-0.61469
-0.5859
-0.5467
-0.50571
-0.47109
-0.44146
-0.4037
-0.36239
-0.31976
-0.28384
-0.24794
-0.2122
-0.17504
-0.1423
-0.11299
-0.092176
-0.068296
-0.045448
-0.025261
-0.012438
-0.0038908
0.0019612
0.0040371
-0.0009249
-0.0099513
-0.026784
-0.047828
-0.069147
-0.094524
-0.1292
-0.16528
-0.20427
-0.23856
-0.28269
-0.32493
-0.36701
-0.40738
-0.45148
-0.50103
-0.54892
-0.58274
-0.61938
-0.66266
-0.68834
-0.70142
-0.72823
-0.75741
-0.76915
-0.77099
-0.77164
-0.7717
-0.7596
-0.7387
-0.72118
-0.7048
-0.68451
-0.65752
-0.63047
-0.59916
-0.55759
-0.51421
-0.47891
-0.44658
-0.407
-0.36641
-0.32532
-0.28961
-0.25508
-0.22113
-0.1843
-0.15363
-0.12826
-0.10903
-0.086825
-0.067183
-0.051444
-0.043624
-0.040865
-0.03971
-0.039133
-0.047618
-0.060941
-0.080416
-0.10645
-0.13149
-0.15835
-0.19133
-0.22771
-0.26794
-0.30368
-0.35039
-0.39748
-0.44126
-0.47719
-0.5202
-0.56612
-0.60776
-0.63761
-0.67382
-0.71158
-0.73325
-0.74373
-0.77025
-0.79682
-0.80651
-0.80769
-0.80861
-0.80883
-0.79932
-0.78069
-0.76494
-0.74925
-0.72639
-0.69689
-0.66971
-0.63745
-0.59618
-0.55142
-0.51728
-0.4851
-0.44572
-0.40286
-0.36137
-0.32167
-0.28514
-0.24961
-0.21199
-0.17986
-0.15553
-0.13645
-0.11249
-0.091128
-0.075104
-0.067243
-0.067587
-0.072423
-0.075579
-0.08548
-0.10123
-0.12101
-0.14661
-0.17212
-0.20132
-0.23321
-0.2705
-0.31159
-0.34815
-0.38846
-0.43421
-0.47766
-0.50915
-0.55218
-0.59821
-0.63564
-0.66268
-0.6971
-0.73116
-0.75056
-0.76117
-0.78684
-0.81074
-0.81968
-0.82322
-0.82492
-0.8255
-0.81676
-0.79926
-0.78234
-0.7686
-0.74717
-0.71894
-0.69317
-0.66319
-0.62421
-0.58151
-0.55015
-0.51689
-0.473
-0.42679
-0.38501
-0.34499
-0.31084
-0.27691
-0.2398
-0.20472
-0.17854
-0.15507
-0.12847
-0.10547
-0.091531
-0.083778
-0.0818
-0.087862
-0.091701
-0.10037
-0.11619
-0.13572
-0.16005
-0.18616
-0.22057
-0.25705
-0.29324
-0.33225
-0.37008
-0.40739
-0.45574
-0.50387
-0.53476
-0.57392
-0.62035
-0.65697
-0.68695
-0.72205
-0.75131
-0.76648
-0.77731
-0.80334
-0.82457
-0.82948
-0.83152
-0.83216
-0.83114
-0.8196
-0.80061
-0.78076
-0.76591
-0.7428
-0.716
-0.69039
-0.66188
-0.62407
-0.58277
-0.55239
-0.5214
-0.48075
-0.4363
-0.3967
-0.35879
-0.3253
-0.293
-0.25961
-0.22626
-0.19973
-0.17631
-0.15149
-0.12738
-0.11353
-0.10457
-0.099485
-0.1043
-0.1088
-0.11706
-0.13292
-0.15125
-0.17263
-0.19518
-0.22725
-0.26413
-0.3018
-0.34073
-0.37926
-0.41445
-0.4618
-0.5108
-0.54512
-0.58369
-0.6302
-0.6667
-0.70004
-0.7388
-0.77123
-0.78891
-0.80342
-0.83117
-0.85216
-0.85709
-0.85946
-0.86223
-0.86106
-0.8505
-0.83237
-0.81311
-0.79559
-0.76871
-0.73933
-0.71131
-0.67925
-0.63964
-0.59962
-0.56781
-0.53502
-0.49248
-0.4475
-0.40549
-0.3674
-0.33465
-0.30408
-0.27406
-0.24519
-0.22257
-0.2028
-0.18089
-0.15929
-0.14936
-0.14578
-0.14614
-0.15605
-0.16509
-0.17589
-0.19129
-0.21056
-0.23134
-0.25329
-0.28051
-0.31551
-0.34779
-0.37818
-0.4085
-0.43455
-0.47089
-0.51041
-0.54208
-0.57553
-0.61655
-0.64647
-0.6733
-0.70662
-0.73255
-0.74695
-0.76215
-0.79202
-0.81499
-0.82331
-0.82891
-0.83717
-0.84094
-0.83624
-0.82534
-0.81466
-0.80267
-0.78072
-0.75567
-0.72785
-0.69598
-0.65589
-0.61514
-0.57992
-0.54386
-0.49988
-0.4552
-0.41194
-0.37034
-0.3332
-0.29468
-0.25678
-0.22222
-0.19469
-0.16933
-0.14466
-0.12033
-0.10817
-0.1017
-0.098138
-0.1038
-0.11085
-0.12266
-0.14135
-0.16655
-0.19295
-0.22108
-0.25356
-0.29667
-0.33566
-0.37308
-0.41032
-0.44585
-0.49123
-0.53636
-0.57685
-0.61709
-0.66137
-0.69419
-0.72585
-0.76113
-0.78612
-0.79752
-0.81202
-0.83948
-0.85863
-0.86065
-0.85868
-0.85859
-0.85424
-0.84105
-0.82101
-0.80201
-0.78273
-0.75577
-0.7288
-0.70313
-0.67049
-0.62919
-0.5886
-0.55528
-0.52202
-0.48091
-0.43975
-0.40033
-0.3633
-0.32907
-0.29491
-0.2594
-0.22747
-0.20189
-0.17977
-0.15825
-0.13416
-0.12081
-0.11465
-0.11004
-0.114
-0.11871
-0.12594
-0.13849
-0.15903
-0.18214
-0.2093
-0.23923
-0.27919
-0.31608
-0.3507
-0.38595
-0.42083
-0.46465
-0.51072
-0.55307
-0.59526
-0.63987
-0.67286
-0.70449
-0.74093
-0.76848
-0.78361
-0.80133
-0.83266
-0.85476
-0.8585
-0.85612
-0.85599
-0.85158
-0.83866
-0.81976
-0.80347
-0.78493
-0.75683
-0.72749
-0.69781
-0.66219
-0.6182
-0.57777
-0.56396
-0.54409
-0.50903
-0.46919
-0.42499
-0.38045
-0.33558
-0.28847
-0.23117
-0.17663
-0.12733
-0.076905
-0.01823
0.040715
0.093514
0.13434
0.17556
0.20895
0.24383
0.27799
0.30247
0.32678
0.34683
0.34852
0.35016
0.35115
0.33684
0.31399
0.30606
0.2996
0.27226
0.23775
0.19995
0.16057
0.1102
0.064728
0.022714
-0.023284
-0.063182
-0.098725
-0.14255
-0.2008
-0.2595
-0.30294
-0.33401
-0.36447
-0.39947
-0.42933
-0.45371
-0.47549
-0.49517
-0.50442
-0.51464
-0.52101
-0.51803
-0.49832
-0.48487
-0.47518
-0.45834
-0.42773
-0.39425
-0.35732
-0.32
-0.28004
-0.23346
-0.178
-0.12465
-0.0748
-0.021982
0.037722
0.096422
0.14832
0.18958
0.23964
0.28049
0.31703
0.34699
0.37568
0.40504
0.42975
0.4343
0.4403
0.44028
0.42428
0.4013
0.39332
0.38193
0.34868
0.30777
0.26583
0.22021
0.16327
0.10937
0.060719
0.0092971
-0.032925
-0.069171
-0.11171
-0.17079
-0.23125
-0.27598
-0.30669
-0.33741
-0.37081
-0.39633
-0.41513
-0.43385
-0.44858
-0.45501
-0.46333
-0.46728
-0.45878
-0.43526
-0.41856
-0.40642
-0.38808
-0.35491
-0.31863
-0.2797
-0.24238
-0.19998
-0.15391
-0.10004
-0.046869
0.0014596
0.052272
0.10712
0.16516
0.21814
0.25713
0.30548
0.34817
0.38475
0.41048
0.43971
0.4661
0.48495
0.48539
0.49163
0.48677
0.4664
0.43996
0.43448
0.42247
0.39114
0.35169
0.31129
0.26769
0.2179
0.17251
0.12951
0.082625
0.040881
0.0044724
-0.034435
-0.091746
-0.14956
-0.1944
-0.22345
-0.25418
-0.28654
-0.31482
-0.33367
-0.35667
-0.37444
-0.38377
-0.39411
-0.40209
-0.39503
-0.37435
-0.36441
-0.35832
-0.33959
-0.30679
-0.26829
-0.22261
-0.18157
-0.13624
-0.084253
-0.026318
0.029146
0.081477
0.13768
0.19359
0.25276
0.30596
0.34636
0.38921
0.43295
0.47005
0.49164
0.5199
0.54642
0.56107
0.55848
0.56395
0.5568
0.53299
0.50585
0.49909
0.48176
0.44671
0.40963
0.36944
0.32347
0.2716
0.22294
0.17634
0.12707
0.084538
0.047959
0.0068088
-0.050648
-0.10886
-0.15454
-0.18244
-0.2164
-0.25653
-0.28887
-0.30925
-0.3348
-0.3519
-0.36058
-0.37028
-0.38042
-0.37239
-0.35345
-0.34339
-0.33408
-0.31093
-0.27495
-0.23698
-0.18871
-0.145
-0.10127
-0.0483
0.009594
0.06463
0.1185
0.18084
0.24214
0.2996
0.35124
0.39474
0.4371
0.48462
0.52789
0.5475
0.57006
0.59608
0.61098
0.61235
0.61951
0.6078
0.57976
0.55209
0.54476
0.52356
0.48465
0.44526
0.40423
0.35543
0.29859
0.24578
0.19375
0.14116
0.095369
0.05865
0.016599
-0.039509
-0.094868
-0.13733
-0.16232
-0.19271
-0.2276
-0.25645
-0.27281
-0.29367
-0.30715
-0.31094
-0.31468
-0.31914
-0.30957
-0.28838
-0.27345
-0.26631
-0.24468
-0.21096
-0.17605
-0.12938
-0.086433
-0.044179
0.0047442
0.057591
0.10597
0.15149
0.20765
0.26725
0.32678
0.37849
0.42019
0.45635
0.50006
0.54302
0.56827
0.59357
0.62133
0.63626
0.64225
0.65497
0.64872
0.62684
0.60605
0.60396
0.58649
0.55131
0.51348
0.47458
0.42759
0.37386
0.32514
0.27537
0.22097
0.16834
0.12572
0.079215
0.016848
-0.043234
-0.08711
-0.11645
-0.15074
-0.18993
-0.22287
-0.24588
-0.27034
-0.28405
-0.28598
-0.28524
-0.28562
-0.27211
-0.24879
-0.23251
-0.21956
-0.18997
-0.14708
-0.10396
-0.049332
0.00020085
0.046087
0.097888
0.1552
0.20545
0.25324
0.30579
0.36374
0.41561
0.45698
0.48995
0.51767
0.54957
0.58091
0.59908
0.6148
0.63322
0.63906
0.63694
0.64141
0.62541
0.59801
0.57724
0.57519
0.55817
0.52359
0.49033
0.45894
0.41953
0.37217
0.32962
0.28881
0.2421
0.19803
0.1621
0.11733
0.058033
-0.00018938
-0.044101
-0.07733
-0.11624
-0.15865
-0.19196
-0.21589
-0.24286
-0.26245
-0.27487
-0.28657
-0.29719
-0.29256
-0.27763
-0.26686
-0.26007
-0.23774
-0.20102
-0.16381
-0.1148
-0.068625
-0.02358
0.029794
0.090334
0.14743
0.20334
0.26113
0.32758
0.38879
0.437
0.47845
0.51782
0.56082
0.60013
0.62931
0.65294
0.67443
0.68307
0.68473
0.68957
0.67091
0.64014
0.6167
0.60714
0.58552
0.54163
0.49568
0.45138
0.40037
0.3401
0.28586
0.23425
0.17825
0.12456
0.083042
0.040309
-0.021061
-0.079135
-0.11838
-0.14531
-0.17327
-0.20534
-0.22802
-0.24139
-0.25559
-0.26582
-0.26737
-0.27174
-0.27361
-0.26106
-0.23758
-0.21651
-0.2058
-0.18423
-0.14851
-0.11153
-0.065771
-0.025024
0.012025
0.052582
0.10096
0.14792
0.19275
0.23978
0.29837
0.35418
0.39717
0.43613
0.47452
0.51463
0.5548
0.58869
0.61676
0.64204
0.65466
0.66268
0.67118
0.65834
0.63697
0.62354
0.62156
0.61054
0.57354
0.53041
0.49163
0.44742
0.38989
0.3373
0.28897
0.23363
0.1759
0.12952
0.080663
0.01225
-0.053745
-0.099172
-0.13604
-0.17671
-0.21907
-0.25204
-0.27819
-0.30085
-0.31772
-0.32687
-0.33641
-0.33989
-0.33245
-0.31446
-0.29505
-0.28194
-0.25736
-0.21907
-0.17837
-0.12981
-0.08064
-0.034259
0.016122
0.072643
0.12794
0.1813
0.23435
0.30024
0.36149
0.40542
0.4431
0.48465
0.52184
0.5558
0.58469
0.60672
0.62438
0.6302
0.63469
0.6365
0.61836
0.59165
0.57151
0.56685
0.55258
0.51098
0.46586
0.43132
0.3891
0.33451
0.28467
0.2403
0.19015
0.13904
0.099085
0.055729
-0.007111
-0.069947
-0.1139
-0.14048
-0.18057
-0.22039
-0.25419
-0.28196
-0.30717
-0.32234
-0.33379
-0.34764
-0.35331
-0.34426
-0.32177
-0.30407
-0.29066
-0.26085
-0.21118
-0.16654
-0.11991
-0.061368
0.0086956
0.070075
0.13019
0.20732
0.28366
0.34457
0.42321
0.50091
0.5544
0.58724
0.63031
0.67628
0.69692
0.71054
0.72318
0.7159
0.68892
0.66267
0.61865
0.54641
0.4669
0.3924
0.32062
0.25418
0.18359
0.08544
0.0069654
-0.060417
-0.14833
-0.23409
-0.2889
-0.32626
-0.36115
-0.37653
-0.38924
-0.38187
-0.36969
-0.32934
-0.24542
-0.1662
-0.091052
0.025718
0.13638
0.23013
0.3519
0.45895
0.54252
0.65302
0.75106
0.82569
0.88262
0.90986
0.90281
0.86565
0.79785
0.69211
0.56104
0.39326
0.20217
-0.010448
-0.2248
-0.43336
-0.64718
-0.83406
-1.0202
-1.1824
-1.3137
-1.3732
-1.372
-1.3148
-1.2102
-1.044
-0.83974
-0.60906
-0.33825
-0.036469
0.26934
0.56466
0.85101
1.1162
1.3271
1.4992
1.6522
1.7446
1.8064
1.7733
1.6771
1.5235
1.2511
0.94371
0.60271
0.25139
-0.11283
-0.46652
-0.7825
-1.0567
-1.2912
-1.4501
-1.5227
-1.5465
-1.4889
-1.4035
-1.2744
-1.1463
-0.99617
-0.82207
-0.63844
-0.47495
-0.34007
-0.21131
-0.11618
-0.058758
-0.011424
0.041109
0.091807
0.1436
0.1659
0.18687
0.22853
0.24412
0.26002
0.27205
0.23831
0.1994
0.12229
0.023406
-0.12148
-0.27355
-0.41011
-0.56275
-0.69769
-0.80434
-0.85462
-0.88133
-0.88628
-0.81233
-0.66899
-0.53059
-0.38638
-0.21479
-0.0631
0.066648
0.15231
0.25377
0.30659
0.30997
0.30714
0.27232
0.28665
0.26225
0.19143
0.13458
0.10347
0.08152
0.0082813
-0.091047
-0.21374
-0.30138
-0.3901
-0.55203
-0.7237
-0.88258
-1.045
-1.2034
-1.3102
-1.3701
-1.3972
-1.375
-1.3097
-1.2214
-1.1386
-1.0291
-0.94612
-0.88138
-0.81743
-0.74905
-0.69744
-0.65061
-0.59738
-0.52589
-0.43195
-0.34744
-0.27584
-0.19969
-0.12274
-0.076018
-0.036304
-0.021226
-0.036674
-0.076164
-0.15391
-0.25001
-0.33753
-0.42088
-0.4795
-0.51732
-0.53288
-0.52668
-0.5214
-0.50894
-0.50007
-0.51837
-0.56905
-0.63414
-0.69086
-0.73749
-0.77894
-0.79313
-0.76829
-0.72733
-0.69271
-0.66422
-0.64269
-0.63619
-0.64132
-0.66767
-0.73771
-0.84802
-0.95484
-1.0457
-1.1381
-1.2286
-1.2935
-1.3205
-1.3408
-1.3605
-1.382
-1.425
-1.4668
-1.509
-1.5588
-1.6001
-1.6235
-1.608
-1.5393
-1.44
-1.3215
-1.2003
-1.0632
-0.92704
-0.82828
-0.77821
-0.74207
-0.74284
-0.76488
-0.78999
-0.80854
-0.82162
-0.79809
-0.72813
-0.64964
-0.61457
-0.6132
-0.64312
-0.70665
-0.79923
-0.93029
-1.0948
-1.2574
-1.3944
-1.478
-1.5234
-1.5239
-1.5034
-1.4954
-1.5014
-1.507
-1.5386
-1.6281
-1.7326
-1.8421
-1.9406
-2.016
-2.0445
-2.0197
-1.9557
-1.8897
-1.8345
-1.7895
-1.7769
-1.7951
-1.8501
-1.948
-2.0638
-2.1817
-2.2893
-2.344
-2.3404
-2.2766
-2.1888
-2.1257
-2.0748
-2.0403
-2.0613
-2.1365
-2.2251
-2.3034
-2.3384
-2.331
-2.2546
-2.1056
-1.933
-1.777
-1.6304
-1.5116
-1.4549
-1.4531
-1.4813
-1.5354
-1.6004
-1.6723
-1.6914
-1.6477
-1.5747
-1.5057
-1.4385
-1.4009
-1.4318
-1.5329
-1.67
-1.8437
-2.0284
-2.1886
-2.3196
-2.4145
-2.4487
-2.4297
-2.4048
-2.3815
-2.3665
-2.3904
-2.4828
-2.6224
-2.7735
-2.9084
-3.007
-3.0393
-2.9771
-2.835
-2.6727
-2.5221
-2.3968
-2.3092
-2.2909
-2.3437
-2.4052
-2.4592
-2.5075
-2.5263
-2.4901
-2.3879
-2.2691
-2.1608
-2.0804
-2.0485
-2.0829
-2.1634
-2.2806
-2.4143
-2.5165
-2.5811
-2.5957
-2.5506
-2.4418
-2.3175
-2.2333
-2.1957
-2.1922
-2.2516
-2.363
-2.4661
-2.5452
-2.6106
-2.6335
-2.5631
-2.4178
-2.2711
-2.1718
-2.1188
-2.127
-2.2306
-2.3882
-2.5534
-2.6992
-2.8429
-2.9375
-2.9442
-2.8978
-2.8582
-2.8394
-2.8366
-2.8841
-3.0121
-3.2033
-3.3964
-3.5689
-3.7173
-3.7932
-3.7719
-3.6639
-3.5189
-3.3765
-3.2525
-3.1761
-3.1901
-3.2741
-3.3695
-3.4372
-3.4704
-3.4401
-3.2998
-3.0922
-2.8901
-2.7283
-2.5874
-2.5315
-2.5815
-2.6938
-2.8098
-2.9176
-3.0113
-3.0463
-3.0023
-2.9265
-2.8617
-2.8075
-2.7642
-2.794
-2.9039
-3.0688
-3.2463
-3.4107
-3.5503
-3.6227
-3.6116
-3.5465
-3.4557
-3.3608
-3.294
-3.2752
-3.3325
-3.4629
-3.6243
-3.766
-3.8729
-3.9205
-3.8792
-3.759
-3.6229
-3.5411
-3.5026
-3.5054
-3.601
-3.7696
-3.92
-4.0402
-4.1288
-4.1722
-4.1268
-4.0123
-3.9076
-3.8212
-3.7454
-3.7004
-3.7414
-3.8643
-4.0014
-4.0886
-4.1426
-4.1221
-3.98
-3.7707
-3.5892
-3.4456
-3.3351
-3.2938
-3.3478
-3.4573
-3.5523
-3.6267
-3.678
-3.6611
-3.5433
-3.3987
-3.2864
-3.2313
-3.2103
-3.271
-3.4312
-3.6206
-3.7886
-3.9496
-4.0784
-4.1221
-4.0748
-4.0088
-3.9805
-3.9683
-4.0068
-4.1122
-4.3059
-4.5013
-4.6624
-4.8094
-4.8901
-4.8767
-4.8003
-4.7177
-4.6361
-4.5701
-4.533
-4.5696
-4.6475
-4.7356
-4.8247
-4.8664
-4.8405
-4.7217
-4.5069
-4.2805
-4.1029
-3.9699
-3.8806
-3.8804
-3.9684
-4.0447
-4.0992
-4.1197
-4.0556
-3.9129
-3.7432
-3.624
-3.556
-3.5386
-3.574
-3.7205
-3.9349
-4.1602
-4.3926
-4.5736
-4.6698
-4.6989
-4.6892
-4.7002
-4.7742
-4.8752
-5.0299
-5.2781
-5.54
-5.7531
-5.9124
-5.9998
-5.9598
-5.8026
-5.606
-5.4058
-5.2047
-4.9934
-4.86
-4.793
-4.729
-4.6163
-4.4569
-4.2395
-3.9182
-3.5906
-3.3349
-3.1879
-3.131
-3.187
-3.3686
-3.6295
-3.9166
-4.2139
-4.5144
-4.7822
-4.9862
-5.1649
-5.3416
-5.4966
-5.6446
-5.8467
-6.1231
-6.3651
-6.551
-6.6043
-6.5502
-6.3478
-5.9549
-5.5315
-5.1296
-4.7553
-4.3965
-4.1417
-3.9887
-3.8795
-3.7673
-3.7151
-3.7059
-3.6513
-3.6209
-3.6299
-3.732
-3.8741
-4.0947
-4.4226
-4.8142
-5.1611
-5.4222
-5.617
-5.6946
-5.6535
-5.5805
-5.5542
-5.5505
-5.5739
-5.6169
-5.7187
-5.8527
-5.9362
-5.9742
-5.9631
-5.828
-5.6211
-5.3608
-5.1091
-4.8643
-4.6569
-4.547
-4.4949
-4.4753
-4.4353
-4.4003
-4.3428
-4.2459
-4.1828
-4.2143
-4.2996
-4.4397
-4.6679
-4.9401
-5.2236
-5.4543
-5.6791
-5.8221
-5.8364
-5.7621
-5.6286
-5.5662
-5.5192
-5.4712
-5.5088
-5.6267
-5.7651
-5.8305
-5.835
-5.7622
-5.6418
-5.454
-5.1947
-4.9681
-4.7795
-4.6415
-4.5753
-4.6318
-4.7457
-4.8399
-4.9383
-5.0229
-5.0317
-4.9643
-4.9393
-4.9353
-4.9553
-5.033
-5.2331
-5.4591
-5.6129
-5.7126
-5.7925
-5.8141
-5.7084
-5.577
-5.5258
-5.5241
-5.4976
-5.5577
-5.6862
-5.79
-5.7962
-5.7497
-5.6434
-5.4311
-5.1521
-4.9628
-4.871
-4.8259
-4.8499
-4.9997
-5.2126
-5.3726
-5.4499
-5.4699
-5.3993
-5.2416
-5.0881
-5.0092
-5.0037
-5.06
-5.2151
-5.4396
-5.6349
-5.7714
-5.8838
-5.9364
-5.8727
-5.7139
-5.5386
-5.3892
-5.2646
-5.1938
-5.1915
-5.2705
-5.3755
-5.4428
-5.4751
-5.4503
-5.3077
-5.1188
-4.9584
-4.8233
-4.7264
-4.6917
-4.8215
-5.0233
-5.2132
-5.3871
-5.5371
-5.6027
-5.5753
-5.5055
-5.4424
-5.3934
-5.3319
-5.3469
-5.4517
-5.5531
-5.618
-5.7002
-5.7675
-5.7216
-5.5801
-5.468
-5.3811
-5.2706
-5.1873
-5.2005
-5.2198
-5.1874
-5.1335
-5.1319
-5.0777
-4.9621
-4.8678
-4.8257
-4.8077
-4.8161
-4.8938
-4.9877
-5.0512
-5.0628
-5.0641
-5.0429
-4.9859
-4.9283
-4.9196
-4.9549
-4.9887
-5.0497
-5.1577
-5.3151
-5.4194
-5.4259
-5.3671
-5.244
-5.012
-4.7856
-4.6537
-4.6245
-4.6501
-4.7169
-4.8747
-5.0333
-5.079
-5.0136
-4.8938
-4.6894
-4.4537
-4.2714
-4.224
-4.289
-4.4106
-4.5831
-4.8252
-5.0576
-5.1991
-5.2442
-5.1902
-5.0223
-4.81
-4.6361
-4.5623
-4.591
-4.7319
-4.9699
-5.226
-5.4157
-5.5118
-5.496
-5.3527
-5.1004
-4.841
-4.6437
-4.4989
-4.4251
-4.4982
-4.6814
-4.8735
-5.0267
-5.1385
-5.1391
-4.9659
-4.7047
-4.4522
-4.254
-4.1206
-4.1102
-4.2727
-4.5446
-4.8104
-5.0347
-5.2039
-5.2466
-5.1337
-4.922
-4.7335
-4.5803
-4.4786
-4.5011
-4.6554
-4.8638
-5.0607
-5.2232
-5.2959
-5.22
-5.0105
-4.7761
-4.5361
-4.3281
-4.2201
-4.2198
-4.3103
-4.4578
-4.628
-4.7631
-4.7987
-4.7129
-4.5815
-4.4123
-4.2251
-4.1101
-4.086
-4.1411
-4.2605
-4.455
-4.7116
-4.9155
-4.9987
-4.9728
-4.8783
-4.7208
-4.5578
-4.4442
-4.4321
-4.4758
-4.5442
-4.6605
-4.8024
-4.8786
-4.847
-4.756
-4.6351
-4.4609
-4.2466
-4.0774
-4.0093
-3.9958
-4.0382
-4.1566
-4.3226
-4.4234
-4.4196
-4.3684
-4.2952
-4.1665
-3.9992
-3.92
-3.946
-4.0053
-4.0919
-4.255
-4.425
-4.4929
-4.4753
-4.4556
-4.396
-4.2557
-4.1018
-4.0503
-4.0645
-4.082
-4.1252
-4.2341
-4.3051
-4.272
-4.1973
-4.1463
-4.0538
-3.9264
-3.8497
-3.8359
-3.8424
-3.8476
-3.8957
-3.9728
-4.005
-3.9889
-3.9924
-3.9899
-3.9798
-3.9647
-3.9646
-3.9712
-3.975
-3.9863
-4.0227
-4.0737
-4.0992
-4.1215
-4.1174
-4.1029
-4.0787
-4.0219
-3.9939
-4.0018
-3.9944
-4.0056
-4.0052
-3.9973
-3.9697
-3.9188
-3.8876
-3.8748
-3.8734
-3.8907
-3.9029
-3.8864
-3.8559
-3.8316
-3.8191
-3.8217
-3.836
-3.8808
-3.9375
-3.9729
-3.9974
-4.0472
-4.0611
-4.0298
-3.9832
-3.9805
-3.9757
-3.9566
-3.9591
-3.9738
-3.9548
-3.9177
-3.9199
-3.9161
-3.8959
-3.8551
-3.8146
-3.7692
-3.6898
-3.6186
-3.5966
-3.597
-3.5972
-3.61
-3.6676
-3.7368
-3.7579
-3.7317
-3.6864
-3.6413
-3.5543
-3.5234
-3.5569
-3.6097
-3.6403
-3.7103
-3.82
-3.8803
-3.857
-3.7869
-3.7231
-3.6328
-3.5559
-3.5592
-3.6118
-3.6408
-3.6556
-3.7099
-3.781
-3.7577
-3.6715
-3.5882
-3.5039
-3.3895
-3.3211
-3.3473
-3.3872
-3.4115
-3.4655
-3.5887
-3.6628
-3.6288
-3.5649
-3.5005
-3.4071
-3.3024
-3.2926
-3.3642
-3.4265
-3.4659
-3.5675
-3.6814
-3.7181
-3.6688
-3.6126
-3.5234
-3.3612
-3.2375
-3.2315
-3.2764
-3.3066
-3.3801
-3.5378
-3.6221
-3.5691
-3.4646
-3.3769
-3.2409
-3.0949
-3.0537
-3.0969
-3.1312
-3.155
-3.2472
-3.3699
-3.3954
-3.3564
-3.3209
-3.26
-3.1225
-2.9902
-2.9753
-3.0095
-3.0469
-3.1411
-3.3215
-3.4523
-3.4593
-3.4051
-3.3447
-3.2362
-3.076
-2.993
-3.027
-3.0901
-3.137
-3.2363
-3.3769
-3.4328
-3.3975
-3.3347
-3.2726
-3.1284
-2.9654
-2.9241
-2.9514
-2.9839
-3.0341
-3.1388
-3.2536
-3.2922
-3.2241
-3.1264
-2.9926
-2.8203
-2.7175
-2.7358
-2.8079
-2.8787
-2.9843
-3.1291
-3.2283
-3.23
-3.202
-3.154
-3.0471
-2.9213
-2.8758
-2.9253
-2.9974
-3.0693
-3.1862
-3.3355
-3.3954
-3.3582
-3.2874
-3.1838
-3.0237
-2.8982
-2.8762
-2.9157
-2.9418
-2.9954
-3.1228
-3.2253
-3.2322
-3.1948
-3.1327
-3.0008
-2.8114
-2.6992
-2.7099
-2.7692
-2.8549
-2.9975
-3.1847
-3.288
-3.2944
-3.2744
-3.1955
-3.0254
-2.8727
-2.8339
-2.8791
-2.953
-3.0602
-3.2438
-3.4006
-3.455
-3.4073
-3.3056
-3.1397
-2.9209
-2.7535
-2.7312
-2.809
-2.9063
-3.0536
-3.2267
-3.3242
-3.2656
-3.1473
-3.0259
-2.8678
-2.7051
-2.6551
-2.7399
-2.8566
-2.9633
-3.0911
-3.2564
-3.3364
-3.2983
-3.2088
-3.1055
-2.9351
-2.8032
-2.8153
-2.9124
-2.9941
-3.0738
-3.2195
-3.3331
-3.2866
-3.1652
-3.0549
-2.8952
-2.6939
-2.5848
-2.6161
-2.6786
-2.7096
-2.796
-2.9401
-2.9823
-2.9087
-2.8451
-2.7585
-2.577
-2.4145
-2.3869
-2.4528
-2.5224
-2.6353
-2.8388
-3.0162
-3.0917
-3.0804
-3.0218
-2.8959
-2.7274
-2.6139
-2.6527
-2.7458
-2.8338
-2.9741
-3.1576
-3.2685
-3.2085
-3.0971
-2.9556
-2.7497
-2.5509
-2.4897
-2.5307
-2.5862
-2.6577
-2.8144
-2.9734
-3.0051
-2.9183
-2.8278
-2.6904
-2.4961
-2.3711
-2.4
-2.5084
-2.6064
-2.7612
-2.9658
-3.0922
-3.0528
-3
-2.9325
-2.8082
-2.6405
-2.5982
-2.669
-2.7517
-2.836
-2.9852
-3.1452
-3.1903
-3.1508
-3.1049
-3.0175
-2.8198
-2.6453
-2.5876
-2.6115
-2.6495
-2.7456
-2.932
-3.0879
-3.1119
-3.0269
-2.9009
-2.7259
-2.5283
-2.4176
-2.467
-2.5641
-2.6641
-2.8175
-3.0146
-3.1257
-3.0827
-2.9995
-2.9192
-2.7921
-2.6658
-2.665
-2.7658
-2.8715
-2.9874
-3.1853
-3.3843
-3.4603
-3.4179
-3.3299
-3.1896
-3.003
-2.8717
-2.8827
-2.9611
-3.0288
-3.1534
-3.3391
-3.4345
-3.3809
-3.2777
-3.1348
-2.9149
-2.7082
-2.6527
-2.7133
-2.7929
-2.8985
-3.0919
-3.276
-3.3292
-3.2882
-3.2255
-3.1045
-2.9251
-2.8165
-2.8563
-2.9405
-3.0259
-3.1863
-3.3961
-3.5232
-3.5172
-3.4627
-3.3783
-3.2117
-3.0237
-2.9528
-2.9881
-3.0542
-3.1489
-3.3114
-3.4811
-3.5366
-3.4838
-3.4123
-3.2931
-3.0826
-2.9113
-2.8872
-2.9642
-3.0544
-3.1964
-3.3929
-3.5309
-3.5456
-3.4941
-3.4033
-3.254
-3.09
-3.0264
-3.0968
-3.203
-3.3111
-3.461
-3.619
-3.6963
-3.6796
-3.6143
-3.5141
-3.3327
-3.1661
-3.1144
-3.1722
-3.2484
-3.3449
-3.5114
-3.6538
-3.6803
-3.6211
-3.5373
-3.3939
-3.1959
-3.0576
-3.0679
-3.1398
-3.2113
-3.3437
-3.5416
-3.6749
-3.6763
-3.6355
-3.5431
-3.3548
-3.1513
-3.0877
-3.1524
-3.2561
-3.3789
-3.6011
-3.8221
-3.8939
-3.8539
-3.7853
-3.6543
-3.4516
-3.3112
-3.3348
-3.4243
-3.5007
-3.6451
-3.8444
-3.9689
-3.9565
-3.8928
-3.7888
-3.5968
-3.3713
-3.2824
-3.3186
-3.3871
-3.4729
-3.6394
-3.8074
-3.8459
-3.7927
-3.7347
-3.6253
-3.4193
-3.2651
-3.2524
-3.3406
-3.4281
-3.5731
-3.7853
-3.9438
-3.9612
-3.9243
-3.8597
-3.7115
-3.5296
-3.4252
-3.4733
-3.5459
-3.6138
-3.7578
-3.9436
-4.0387
-3.9793
-3.8724
-3.7494
-3.5313
-3.3148
-3.2413
-3.2878
-3.3613
-3.4699
-3.6632
-3.8452
-3.875
-3.7838
-3.6823
-3.5456
-3.3566
-3.2417
-3.28
-3.388
-3.4717
-3.6062
-3.7995
-3.9217
-3.8925
-3.8341
-3.7739
-3.6549
-3.4728
-3.3941
-3.4395
-3.5003
-3.5814
-3.7563
-3.9801
-4.0663
-4.0228
-3.931
-3.8244
-3.6279
-3.4556
-3.4255
-3.499
-3.5714
-3.6818
-3.9036
-4.0953
-4.1192
-3.9983
-3.8594
-3.6904
-3.5033
-3.402
-3.4866
-3.604
-3.6911
-3.8307
-4.035
-4.1371
-4.0691
-3.9647
-3.8735
-3.7378
-3.5975
-3.5752
-3.6478
-3.7087
-3.7861
-3.9726
-4.173
-4.2408
-4.1721
-4.0789
-3.9326
-3.7325
-3.5865
-3.5985
-3.6647
-3.7319
-3.8736
-4.0693
-4.1769
-4.1027
-3.9787
-3.8594
-3.6912
-3.5245
-3.465
-3.5096
-3.5811
-3.6858
-3.866
-4.0684
-4.1507
-4.1122
-4.0413
-3.9264
-3.754
-3.6352
-3.6676
-3.7665
-3.8653
-4.0288
-4.2468
-4.3843
-4.3633
-4.2854
-4.1934
-4.0493
-3.8858
-3.8475
-3.9178
-3.9933
-4.0625
-4.1985
-4.3788
-4.4431
-4.3863
-4.3237
-4.2254
-4.0209
-3.8499
-3.8404
-3.9264
-3.9859
-4.1019
-4.3254
-4.5056
-4.4995
-4.416
-4.3375
-4.1916
-4.0041
-3.9171
-4.0102
-4.1149
-4.1926
-4.3434
-4.5453
-4.6327
-4.5984
-4.5548
-4.4729
-4.3027
-4.1303
-4.1107
-4.1794
-4.2313
-4.3265
-4.5194
-4.6907
-4.7336
-4.6594
-4.5449
-4.4022
-4.203
-4.0899
-4.1285
-4.2096
-4.2671
-4.3804
-4.5346
-4.6197
-4.5804
-4.5096
-4.4251
-4.2674
-4.1092
-4.0834
-4.1543
-4.229
-4.3092
-4.449
-4.6131
-4.6765
-4.6517
-4.597
-4.4837
-4.3008
-4.1876
-4.222
-4.3122
-4.3858
-4.5101
-4.6962
-4.8165
-4.7975
-4.7289
-4.6433
-4.4843
-4.3115
-4.2523
-4.3136
-4.3823
-4.4373
-4.5653
-4.71
-4.7485
-4.6917
-4.6424
-4.5684
-4.3943
-4.251
-4.2515
-4.3095
-4.3533
-4.4448
-4.6481
-4.8172
-4.8303
-4.7832
-4.7336
-4.6075
-4.4134
-4.3382
-4.4115
-4.517
-4.5945
-4.7379
-4.8957
-4.9251
-4.8468
-4.7972
-4.7491
-4.6071
-4.4467
-4.4061
-4.4286
-4.4299
-4.4552
-4.5757
-4.7136
-4.7658
-4.7354
-4.669
-4.5447
-4.3653
-4.2588
-4.2993
-4.383
-4.4544
-4.5903
-4.7811
-4.9214
-4.9358
-4.9045
-4.8821
-4.789
-4.6657
-4.6451
-4.725
-4.8001
-4.8852
-5.0449
-5.2281
-5.2779
-5.2126
-5.1578
-5.083
-4.9357
-4.8344
-4.8624
-4.917
-4.9349
-4.9849
-5.0888
-5.1691
-5.1418
-5.0713
-5.0026
-4.8947
-4.7603
-4.715
-4.7505
-4.799
-4.8375
-4.9293
-5.079
-5.1674
-5.1547
-5.146
-5.1245
-5.0478
-4.9696
-4.9783
-5.0254
-5.0503
-5.1126
-5.2583
-5.3927
-5.4072
-5.3763
-5.361
-5.3
-5.131
-5.015
-5.006
-5.0067
-5.003
-5.0772
-5.2288
-5.302
-5.2736
-5.2448
-5.2215
-5.0845
-4.9284
-4.8738
-4.9065
-4.9302
-4.9928
-5.1676
-5.3564
-5.4212
-5.4153
-5.4106
-5.3662
-5.2336
-5.1287
-5.1842
-5.2795
-5.3639
-5.4813
-5.6553
-5.7718
-5.752
-5.6911
-5.6564
-5.5684
-5.4318
-5.3846
-5.4344
-5.4755
-5.4763
-5.5538
-5.7026
-5.7731
-5.724
-5.6608
-5.6166
-5.5032
-5.3654
-5.3337
-5.378
-5.3977
-5.4356
-5.5665
-5.702
-5.6897
-5.5986
-5.5633
-5.4926
-5.3649
-5.2962
-5.3487
-5.4198
-5.4494
-5.5115
-5.6434
-5.6877
-5.6247
-5.5709
-5.5421
-5.4623
-5.3744
-5.395
-5.4612
-5.4684
-5.4801
-5.5431
-5.6292
-5.6165
-5.564
-5.5663
-5.5459
-5.447
-5.3636
-5.353
-5.3724
-5.3783
-5.4318
-5.5593
-5.6319
-5.6083
-5.585
-5.5881
-5.5341
-5.4205
-5.3688
-5.3848
-5.384
-5.3964
-5.4805
-5.6195
-5.6832
-5.6706
-5.6409
-5.6087
-5.5031
-5.3845
-5.3728
-5.4162
-5.4261
-5.4616
-5.5727
-5.6605
-5.6465
-5.6045
-5.6008
-5.5625
-5.4726
-5.4266
-5.4595
-5.475
-5.4617
-5.4911
-5.601
-5.6924
-5.6992
-5.6983
-5.6881
-5.6095
-5.5004
-5.4801
-5.5322
-5.5683
-5.5775
-5.6583
-5.7708
-5.7864
-5.7443
-5.7135
-5.6843
-5.5943
-5.5308
-5.5543
-5.604
-5.596
-5.6187
-5.7304
-5.8126
-5.771
-5.7247
-5.7315
-5.683
-5.6003
-5.5976
-5.6635
-5.6786
-5.6686
-5.7196
-5.8122
-5.797
-5.7395
-5.7498
-5.7611
-5.6972
-5.6212
-5.6289
-5.6544
-5.6358
-5.6267
-5.711
-5.7955
-5.8163
-5.8188
-5.8369
-5.8087
-5.7244
-5.6781
-5.6953
-5.7152
-5.7134
-5.7597
-5.8663
-5.9531
-5.9757
-5.972
-5.978
-5.9235
-5.8363
-5.8224
-5.8731
-5.9066
-5.9098
-5.9524
-6.0487
-6.0609
-6.0048
-5.9796
-5.9615
-5.9039
-5.8397
-5.8535
-5.8973
-5.8963
-5.8901
-5.9521
-6.0055
-5.9955
-5.9577
-5.965
-5.9484
-5.8789
-5.8433
-5.8716
-5.9126
-5.9333
-5.9757
-6.0481
-6.0737
-6.0373
-6.0125
-6.0172
-5.9806
-5.937
-5.9462
-6.0033
-6.0236
-6.023
-6.0529
-6.1105
-6.1161
-6.093
-6.0885
-6.0771
-6.0281
-5.9765
-5.9938
-6.039
-6.0629
-6.0919
-6.164
-6.2024
-6.1737
-6.1264
-6.1005
-6.0825
-6.0413
-6.0575
-6.1233
-6.1778
-6.1881
-6.2053
-6.2073
-6.1376
-6.0355
-5.9969
-6.0256
-6.0728
-6.1351
-6.201
-6.233
-6.1913
-6.1207
-6.0665
-6.0165
-5.9671
-5.9616
-6.0043
-6.0592
-6.1248
-6.1958
-6.2378
-6.2524
-6.2667
-6.268
-6.1989
-6.0668
-5.9655
-5.9316
-5.9402
-6.001
-6.1488
-6.3094
-6.3912
-6.3861
-6.3682
-6.3056
-6.1391
-5.9688
-5.9206
-5.9705
-5.9976
-6.0501
-6.2259
-6.3857
-6.4481
-6.4814
-6.5054
-6.446
-6.269
-6.061
-5.9236
-5.884
-5.899
-6.0066
-6.194
-6.4122
-6.5465
-6.6065
-6.6018
-6.4812
-6.2689
-6.0649
-5.917
-5.8227
-5.8079
-5.9226
-6.1001
-6.246
-6.3599
-6.4432
-6.463
-6.369
-6.1649
-5.9646
-5.8129
-5.6964
-5.6952
-5.8382
-6.0315
-6.1933
-6.3004
-6.4106
-6.424
-6.302
-6.1238
-5.9552
-5.8228
-5.7534
-5.8061
-5.9289
-6.0493
-6.1225
-6.2112
-6.285
-6.227
-6.0713
-5.9523
-5.9213
-5.9125
-5.9306
-6.0029
-6.1386
-6.2238
-6.2561
-6.2635
-6.2441
-6.1157
-5.9625
-5.844
-5.7604
-5.7271
-5.7934
-6.0017
-6.2076
-6.3142
-6.3564
-6.364
-6.281
-6.1083
-5.9421
-5.8245
-5.7515
-5.7116
-5.7747
-5.8895
-5.9784
-6.0545
-6.1753
-6.2648
-6.2498
-6.1546
-6.0352
-5.9131
-5.8006
-5.7493
-5.8246
-5.9102
-5.9572
-6.0153
-6.0624
-6.0295
-5.9379
-5.8686
-5.8257
-5.7552
-5.7153
-5.7569
-5.8406
-5.9059
-5.935
-5.9688
-5.9677
-5.8716
-5.702
-5.5599
-5.4824
-5.422
-5.4244
-5.5791
-5.7918
-5.9523
-6.0792
-6.1789
-6.1747
-5.9994
-5.7799
-5.6401
-5.5187
-5.4354
-5.3984
-5.5238
-5.6842
-5.784
-5.8775
-5.9828
-5.9612
-5.8895
-5.8473
-5.8126
-5.6807
-5.591
-5.63
-5.7194
-5.7413
-5.7496
-5.8073
-5.8423
-5.7804
-5.6121
-5.522
-5.5133
-5.5004
-5.5917
-5.7562
-5.9346
-6.07
-6.1395
-6.1309
-6.0337
-5.8741
-5.6706
-5.4964
-5.3549
-5.2809
-5.2968
-5.3884
-5.5339
-5.6472
-5.7942
-5.8626
-5.8412
-5.7649
-5.6888
-5.6001
-5.5051
-5.4954
-5.5553
-5.6254
-5.6663
-5.6856
-5.7
-5.6755
-5.6005
-5.514
-5.4104
-5.4021
-5.4224
-5.5021
-5.6411
-5.7877
-5.9507
-6.0569
-6.0749
-6.0222
-5.8596
-5.6328
-5.4298
-5.2339
-5.1209
-5.1178
-5.2104
-5.3024
-5.413
-5.5204
-5.6208
-5.5992
-5.5535
-5.4807
-5.3867
-5.3148
-5.3038
-5.3978
-5.5018
-5.5733
-5.6186
-5.6099
-5.5057
-5.2976
-5.0935
-4.949
-4.8498
-4.8014
-4.9032
-5.1197
-5.3311
-5.5041
-5.6403
-5.6996
-5.6415
-5.5064
-5.3669
-5.2282
-5.0917
-4.9719
-4.9538
-4.9744
-4.9616
-4.9828
-5.0063
-4.9631
-4.8498
-4.7862
-4.7291
-4.7067
-4.7222
-4.7813
-4.9421
-5.1271
-5.2481
-5.3345
-5.4026
-5.3285
-5.1115
-4.8896
-4.6836
-4.5371
-4.4011
-4.3636
-4.4633
-4.5706
-4.6533
-4.7885
-4.8886
-4.882
-4.7914
-4.7286
-4.7485
-4.7605
-4.7807
-4.9008
-5.0423
-5.0898
-5.1042
-5.0816
-4.9814
-4.7954
-4.6044
-4.4355
-4.2703
-4.1643
-4.1835
-4.2962
-4.4495
-4.6158
-4.7869
-4.9323
-5.0005
-4.9475
-4.9006
-4.8417
-4.7331
-4.678
-4.681
-4.7344
-4.7798
-4.7867
-4.7776
-4.7129
-4.5671
-4.3798
-4.2086
-4.1096
-4.0606
-4.1137
-4.2986
-4.5283
-4.7624
-4.9726
-5.133
-5.219
-5.1557
-5.0438
-4.9378
-4.8183
-4.6914
-4.6471
-4.6878
-4.7174
-4.7002
-4.6903
-4.6116
-4.4509
-4.2607
-4.0978
-4.011
-3.9586
-3.9995
-4.1471
-4.3785
-4.5822
-4.7652
-4.9416
-5.0377
-5.0044
-4.8828
-4.74
-4.6086
-4.4837
-4.4181
-4.4555
-4.4882
-4.4857
-4.4501
-4.4111
-4.3321
-4.1847
-4.0689
-4.0076
-3.9876
-4.026
-4.1753
-4.3839
-4.5884
-4.7772
-4.9679
-5.0671
-5.0224
-4.8955
-4.7682
-4.6066
-4.4244
-4.2926
-4.2601
-4.243
-4.192
-4.15
-4.1274
-4.0532
-3.9177
-3.796
-3.7055
-3.6537
-3.6408
-3.7515
-3.9768
-4.2487
-4.495
-4.7272
-4.9036
-4.9452
-4.86
-4.7116
-4.5642
-4.411
-4.2989
-4.2703
-4.2992
-4.2979
-4.2293
-4.155
-4.0664
-3.8864
-3.6506
-3.4728
-3.3913
-3.3408
-3.3825
-3.5585
-3.7806
-3.9704
-4.1567
-4.3431
-4.4753
-4.4357
-4.354
-4.2802
-4.2012
-4.09
-4.0367
-4.0841
-4.1096
-4.0819
-4.0372
-3.9873
-3.8522
-3.6146
-3.392
-3.2675
-3.1917
-3.1832
-3.3321
-3.5585
-3.8018
-3.9824
-4.162
-4.328
-4.3767
-4.3446
-4.3132
-4.2781
-4.2292
-4.1964
-4.2397
-4.2807
-4.2522
-4.1764
-4.0922
-3.9295
-3.6436
-3.3428
-3.0992
-2.9157
-2.8119
-2.8034
-2.9384
-3.1062
-3.25
-3.4228
-3.6134
-3.7239
-3.7716
-3.8176
-3.8987
-3.9874
-4.0702
-4.1914
-4.3358
-4.4079
-4.4304
-4.4386
-4.3852
-4.2324
-3.9997
-3.7472
-3.488
-3.2022
-2.9787
-2.8652
-2.8387
-2.8647
-2.9452
-3.0722
-3.1882
-3.2431
-3.2524
-3.2756
-3.3283
-3.407
-3.5308
-3.7153
-3.9227
-4.0955
-4.231
-4.3493
-4.4178
-4.3913
-4.2564
-4.0638
-3.8421
-3.5916
-3.3369
-3.1459
-3.0327
-2.9805
-2.9626
-2.9843
-3.018
-3.0151
-2.959
-2.9008
-2.9039
-2.9682
-3.0258
-3.1409
-3.3446
-3.5869
-3.8215
-4.0213
-4.2069
-4.3486
-4.3924
-4.329
-4.2122
-4.0696
-3.8991
-3.6852
-3.4854
-3.3229
-3.1696
-3.0246
-2.8873
-2.7832
-2.7064
-2.6435
-2.5885
-2.5475
-2.5251
-2.5279
-2.5837
-2.6974
-2.8727
-3.0945
-3.3576
-3.6315
-3.8855
-4.1068
-4.2557
-4.3481
-4.3691
-4.3265
-4.2553
-4.1269
-3.9785
-3.805
-3.6259
-3.4693
-3.3124
-3.11
-2.8921
-2.694
-2.5263
-2.3704
-2.2365
-2.1347
-2.1189
-2.1507
-2.208
-2.2823
-2.3908
-2.5757
-2.8363
-3.1007
-3.3675
-3.6391
-3.9105
-4.1178
-4.2803
-4.3777
-4.4201
-4.4164
-4.3481
-4.2149
-4.0026
-3.7608
-3.5151
-3.272
-3.034
-2.7895
-2.5662
-2.3623
-2.2115
-2.0746
-2.0012
-1.9447
-1.9409
-1.9752
-2.0344
-2.0961
-2.2139
-2.4007
-2.6339
-2.9243
-3.2174
-3.5194
-3.8266
-4.0737
-4.28
-4.4196
-4.4589
-4.4498
-4.3914
-4.2541
-4.0328
-3.7701
-3.5178
-3.2523
-2.973
-2.6949
-2.4427
-2.2151
-2.024
-1.8816
-1.7756
-1.7197
-1.7032
-1.6885
-1.7255
-1.8217
-1.9175
-2.0768
-2.306
-2.571
-2.8644
-3.1698
-3.5005
-3.8008
-4.0326
-4.2246
-4.361
-4.4916
-4.51
-4.4253
-4.279
-4.0559
-3.7452
-3.4236
-3.0642
-2.6801
-2.3332
-2.0997
-1.882
-1.6814
-1.5414
-1.478
-1.4497
-1.4319
-1.4339
-1.498
-1.6424
-1.8009
-1.9476
-2.1608
-2.42
-2.725
-3.0261
-3.2992
-3.6025
-3.9124
-4.1777
-4.3471
-4.4927
-4.581
-4.5922
-4.5042
-4.3633
-4.1603
-3.8561
-3.5101
-3.1003
-2.7058
-2.3255
-1.9702
-1.687
-1.4873
-1.3389
-1.2053
-1.1115
-1.0986
-1.1548
-1.3002
-1.5079
-1.7561
-2.021
-2.29
-2.5962
-2.8704
-3.175
-3.4749
-3.7606
-4.0347
-4.2272
-4.3969
-4.5331
-4.6064
-4.6326
-4.6128
-4.5328
-4.4099
-4.2159
-3.9356
-3.5842
-3.2252
-2.86
-2.4986
-2.131
-1.8323
-1.5334
-1.2986
-1.1494
-1.045
-0.99875
-1.026
-1.1666
-1.3999
-1.6767
-2.0129
-2.4144
-2.8414
-3.2654
-3.6976
-4.1268
-4.4915
-4.7578
-4.9565
-5.0913
-5.1606
-5.1659
-5.1226
-5.0032
-4.8143
-4.6119
-4.3896
-4.1321
-3.8599
-3.5492
-3.2743
-3.0325
-2.7657
-2.5168
-2.3202
-2.1475
-1.9168
-1.7585
-1.6319
-1.534
-1.5435
-1.6234
-1.7456
-1.9433
-2.2234
-2.5559
-2.9919
-3.5011
-4.0208
-4.5441
-5.0039
-5.4154
-5.7727
-6.031
-6.2109
-6.2893
-6.2091
-6.047
-5.8354
-5.5733
-5.2623
-4.875
-4.4331
-4.016
-3.5907
-3.2094
-2.9189
-2.6861
-2.5355
-2.4533
-2.394
-2.357
-2.3601
-2.4042
-2.4798
-2.5684
-2.7064
-2.8775
-3.0672
-3.2928
-3.5709
-3.9151
-4.3043
-4.6756
-5.0393
-5.3904
-5.6938
-5.977
-6.2382
-6.4636
-6.6137
-6.6807
-6.6708
-6.607
-6.4701
-6.2628
-5.9569
-5.5552
-5.0914
-4.6226
-4.1826
-3.7436
-3.3539
-3.0388
-2.7374
-2.511
-2.3575
-2.2636
-2.2594
-2.3352
-2.5003
-2.7529
-3.0575
-3.4237
-3.8493
-4.3299
-4.8259
-5.307
-5.7707
-6.1682
-6.4944
-6.7348
-6.9254
-7.0276
-7.0589
-7.0573
-6.9656
-6.8245
-6.6487
-6.4452
-6.2433
-6.0055
-5.7048
-5.4116
-5.1219
-4.8394
-4.5895
-4.4032
-4.2626
-4.1133
-3.98
-3.8294
-3.7066
-3.611
-3.5187
-3.4691
-3.478
-3.5315
-3.6503
-3.8314
-4.1001
-4.4546
-4.8884
-5.3494
-5.8584
-6.3532
-6.82
-7.2206
-7.5903
-7.9173
-8.1851
-8.3873
-8.4891
-8.4979
-8.4096
-8.2182
-7.9319
-7.5769
-7.123
-6.6308
-6.1035
-5.5958
-5.1214
-4.7074
-4.3626
-4.0806
-3.8823
-3.7592
-3.6944
-3.6892
-3.7515
-3.8622
-4.0741
-4.3698
-4.7199
-5.0783
-5.4657
-5.8915
-6.3394
-6.7604
-7.1577
-7.5115
-7.8097
-8.0531
-8.2323
-8.3525
-8.4132
-8.4319
-8.4351
-8.382
-8.2979
-8.1753
-8.0484
-7.8753
-7.6381
-7.3871
-7.1082
-6.8701
-6.6492
-6.4753
-6.3241
-6.1598
-5.9953
-5.8019
-5.6228
-5.4261
-5.25
-5.0692
-4.9364
-4.8821
-4.8868
-4.9352
-5.051
-5.2623
-5.5495
-5.9051
-6.3298
-6.7738
-7.2361
-7.6758
-8.1221
-8.5454
-8.9717
-9.3355
-9.6303
-9.8693
-10.01
-10.014
-9.9755
-9.8513
-9.6161
-9.3022
-8.9272
-8.4976
-8.0333
-7.5698
-7.1151
-6.7127
-6.3306
-6.0142
-5.7523
-5.5412
-5.384
-5.3042
-5.2799
-5.3303
-5.4596
-5.6769
-5.9341
-6.2399
-6.5988
-6.963
-7.3068
-7.6431
-7.9657
-8.2294
-8.4326
-8.5941
-8.7028
-8.748
-8.7563
-8.7073
-8.6122
-8.4971
-8.3664
-8.2142
-8.0738
-7.9238
-7.7774
-7.6664
-7.5896
-7.519
-7.4538
-7.4279
-7.4315
-7.4502
-7.4756
-7.5188
-7.5504
-7.5597
-7.5349
-7.5059
-7.4722
-7.398
-7.3029
-7.2149
-7.107
-6.9724
-6.8526
-6.7261
-6.5817
-6.438
-6.357
-6.3054
-6.2723
-6.2936
-6.3687
-6.4635
-6.586
-6.7613
-6.9456
-7.1477
-7.3792
-7.6138
-7.8464
-8.0779
-8.2793
-8.4272
-8.5269
-8.6086
-8.6232
-8.5843
-8.5317
-8.4244
-8.2651
-8.0742
-7.8658
-7.6199
-7.3539
-7.1046
-6.8749
-6.667
-6.4843
-6.3525
-6.2728
-6.2091
-6.1871
-6.2165
-6.2828
-6.3809
-6.5161
-6.6878
-6.8736
-7.051
-7.2283
-7.3888
-7.5145
-7.6
-7.6729
-7.7126
-7.721
-7.6924
-7.6317
-7.5364
-7.392
-7.2355
-7.0739
-6.9068
-6.7621
-6.6475
-6.5593
-6.4893
-6.4615
-6.4837
-6.5351
-6.6289
-6.7676
-6.9344
-7.1167
-7.3429
-7.5871
-7.8074
-8.0143
-8.1997
-8.3566
-8.4633
-8.5277
-8.5441
-8.5132
-8.4019
-8.2453
-8.0499
-7.7954
-7.4945
-7.174
-6.8371
-6.4738
-6.1337
-5.8248
-5.5432
-5.3059
-5.1429
-5.0509
-5.0268
-5.076
-5.1903
-5.3618
-5.602
-5.8969
-6.2204
-6.5938
-6.988
-7.3965
-7.7787
-8.1518
-8.47
-8.7288
-8.955
-9.129
-9.2124
-9.2351
-9.1966
-9.075
-8.8916
-8.6332
-8.3215
-7.9616
-7.5587
-7.1747
-6.7891
-6.416
-6.0806
-5.7938
-5.5455
-5.3436
-5.2138
-5.1468
-5.1407
-5.2016
-5.338
-5.5238
-5.7501
-6.0254
-6.3096
-6.5757
-6.8316
-7.0884
-7.3266
-7.551
-7.763
-7.9199
-8.0361
-8.0858
-8.0862
-8.0012
-7.8904
-7.7608
-7.5663
-7.3294
-7.1038
-6.8826
-6.6295
-6.4178
-6.249
-6.1012
-5.9793
-5.9387
-5.9512
-5.9833
-6.0642
-6.2044
-6.3667
-6.5517
-6.7646
-6.9852
-7.1716
-7.3433
-7.5007
-7.6083
-7.6682
-7.6943
-7.7378
-7.733
-7.6687
-7.5574
-7.4047
-7.1861
-6.9348
-6.6634
-6.3843
-6.0555
-5.7156
-5.4171
-5.1451
-4.8898
-4.7084
-4.5949
-4.536
-4.5389
-4.6216
-4.777
-4.9816
-5.2497
-5.5434
-5.8765
-6.2545
-6.6613
-7.0176
-7.3372
-7.6274
-7.8661
-8.0483
-8.2062
-8.327
-8.3959
-8.406
-8.368
-8.2555
-8.0416
-7.7954
-7.5135
-7.1624
-6.7712
-6.3553
-5.9231
-5.4618
-5.036
-4.6522
-4.3176
-4.0541
-3.8546
-3.7373
-3.6999
-3.734
-3.8433
-3.9916
-4.1838
-4.4272
-4.7389
-5.1104
-5.4635
-5.7889
-6.1019
-6.3847
-6.6177
-6.8099
-6.9889
-7.1239
-7.2284
-7.3113
-7.3309
-7.2667
-7.1536
-7.017
-6.807
-6.54
-6.237
-5.8983
-5.5169
-5.1432
-4.8127
-4.5328
-4.2698
-4.0443
-3.8839
-3.7862
-3.7615
-3.8016
-3.885
-4.0031
-4.1537
-4.3421
-4.5905
-4.8611
-5.1288
-5.3739
-5.5796
-5.7433
-5.8673
-5.9643
-6.03
-6.0613
-6.0636
-6.0521
-5.9875
-5.87
-5.7236
-5.5324
-5.2995
-5.0353
-4.7285
-4.3842
-4.018
-3.6535
-3.3484
-3.1048
-2.8984
-2.7565
-2.673
-2.6319
-2.6583
-2.7606
-2.9254
-3.1024
-3.3167
-3.5969
-3.911
-4.2628
-4.6446
-5.0038
-5.3112
-5.5794
-5.8041
-5.9538
-6.0696
-6.1482
-6.1761
-6.1616
-6.0929
-5.9932
-5.8335
-5.5927
-5.3228
-5.0092
-4.6311
-4.2121
-3.7492
-3.2789
-2.8314
-2.4003
-2.0129
-1.7013
-1.4544
-1.2595
-1.1305
-1.058
-1.0878
-1.1762
-1.3155
-1.5281
-1.7916
-2.0892
-2.4734
-2.9028
-3.3118
-3.7066
-4.0764
-4.413
-4.6823
-4.9036
-5.1021
-5.2624
-5.3533
-5.3964
-5.4216
-5.3925
-5.303
-5.173
-4.9718
-4.6867
-4.3412
-3.9491
-3.4955
-3.0425
-2.5797
-2.1483
-1.7585
-1.4215
-1.129
-0.88593
-0.69461
-0.53384
-0.45005
-0.42848
-0.45789
-0.55425
-0.68918
-0.89615
-1.1841
-1.5081
-1.8385
-2.1597
-2.4493
-2.7063
-2.9366
-3.1418
-3.3277
-3.4816
-3.6149
-3.7189
-3.7865
-3.8224
-3.7928
-3.7116
-3.5685
-3.3836
-3.1704
-2.8979
-2.5574
-2.1934
-1.8435
-1.5036
-1.1764
-0.89752
-0.65954
-0.44839
-0.28232
-0.15148
-0.067024
-0.038963
-0.07079
-0.16736
-0.29072
-0.47342
-0.72472
-0.99888
-1.3169
-1.5917
-1.8479
-2.0464
-2.2331
-2.3913
-2.5105
-2.6254
-2.707
-2.7651
-2.8008
-2.8215
-2.8057
-2.7153
-2.5485
-2.3578
-2.1175
-1.8164
-1.4816
-1.1271
-0.76976
-0.40799
-0.060872
0.23536
0.50431
0.753
0.9699
1.1208
1.2173
1.2733
1.266
1.1808
1.0791
0.94044
0.72504
0.45034
0.16366
-0.14381
-0.47121
-0.77615
-1.0606
-1.2997
-1.5448
-1.743
-1.9185
-2.0724
-2.2248
-2.3194
-2.3829
-2.4047
-2.3816
-2.2833
-2.1548
-1.9829
-1.7586
-1.5014
-1.2445
-0.97141
-0.66335
-0.36335
-0.086434
0.18063
0.42937
0.64416
0.83554
0.997
1.1252
1.2275
1.2954
1.3099
1.2892
1.2201
1.1223
1.004
0.87379
0.71225
0.52457
0.33677
0.15083
-0.051197
-0.25759
-0.44646
-0.63411
-0.8106
-0.97644
-1.1238
-1.2448
-1.356
-1.4428
-1.5001
-1.5374
-1.5619
-1.5531
-1.5325
-1.5062
-1.4648
-1.3887
-1.3047
-1.2254
-1.1243
-1.0031
-0.89604
-0.78891
-0.65799
-0.53599
-0.42768
-0.30011
-0.18269
-0.071767
0.029188
0.13659
0.23546
0.31685
0.40068
0.46226
0.49459
0.52758
0.54852
0.55037
0.54808
0.54285
0.50665
0.43876
0.36374
0.28329
0.1864
0.075104
-0.03941
-0.14334
-0.27787
-0.41821
-0.54401
-0.66383
-0.78868
-0.91546
-1.0133
-1.1007
-1.19
-1.2702
-1.3151
-1.3434
-1.3716
-1.3756
-1.3466
-1.3097
-1.2712
-1.2091
-1.1192
-1.0313
-0.93071
-0.81266
-0.69455
-0.57421
-0.4444
-0.31629
-0.20583
-0.090075
0.020498
0.10943
0.19629
0.27542
0.33191
0.37588
0.42636
0.46069
0.45644
0.43976
0.41439
0.36444
0.31457
0.25805
0.19671
0.12402
0.032073
-0.067097
-0.16842
-0.28293
-0.38912
-0.48409
-0.58186
-0.68029
-0.76818
-0.84337
-0.91726
-0.97966
-1.0126
-1.043
-1.0733
-1.0648
-1.0471
-1.0327
-1.0006
-0.94625
-0.90073
-0.8363
-0.76354
-0.6819
-0.61136
-0.52397
-0.42961
-0.34818
-0.26379
-0.18423
-0.11692
-0.058253
0.011929
0.066456
0.10188
0.13559
0.15905
0.15871
0.14228
0.12062
0.087935
0.034693
-0.005898
-0.048929
-0.1199
-0.21402
-0.29024
-0.36634
-0.46808
-0.55578
-0.62159
-0.68994
-0.75596
-0.79163
-0.82685
-0.8697
-0.89573
-0.88362
-0.86706
-0.84216
-0.79373
-0.73686
-0.67685
-0.60951
-0.53107
-0.4578
-0.37802
-0.28777
-0.19292
-0.11992
-0.043931
0.020199
0.067475
0.10959
0.1479
0.15225
0.1347
0.12125
0.092663
0.039614
-0.018456
-0.083491
-0.16585
-0.25845
-0.34896
-0.4448
-0.54844
-0.63839
-0.70937
-0.78382
-0.86278
-0.93128
-0.96787
-0.99516
-1.023
-1.017
-0.9862
-0.95875
-0.91693
-0.84338
-0.76972
-0.707
-0.62567
-0.51533
-0.41462
-0.3198
-0.21329
-0.10424
-0.024092
0.034308
0.10376
0.16371
0.20012
0.23905
0.25667
0.2569
0.24807
0.23642
0.20621
0.15801
0.10704
0.037346
-0.038066
-0.10994
-0.17973
-0.24692
-0.31643
-0.37651
-0.43131
-0.49445
-0.54932
-0.60102
-0.65157
-0.69063
-0.71694
-0.72522
-0.74041
-0.75402
-0.77197
-0.77409
-0.77483
-0.77158
-0.76381
-0.75003
-0.73673
-0.71765
-0.69672
-0.68822
-0.68313
-0.65436
-0.60967
-0.58334
-0.55247
-0.49443
-0.43853
-0.40381
-0.36367
-0.29979
-0.24656
-0.19745
-0.12512
-0.046489
0.0082765
0.054715
0.12563
0.18777
0.22417
0.26286
0.3135
0.34293
0.35575
0.37027
0.38442
0.36477
0.33081
0.28505
0.23038
0.15014
0.058142
-0.023257
-0.11015
-0.2183
-0.33537
-0.4423
-0.5622
-0.70114
-0.82756
-0.93897
-1.0442
-1.1421
-1.2204
-1.2841
-1.3464
-1.3919
-1.4085
-1.41
-1.4003
-1.3562
-1.2843
-1.196
-1.1034
-0.99421
-0.86637
-0.72751
-0.58599
-0.43358
-0.2754
-0.12239
0.023954
0.16835
0.29715
0.41091
0.52996
0.62262
0.68662
0.73556
0.76711
0.76755
0.74331
0.71887
0.67323
0.59802
0.50829
0.41139
0.29724
0.16211
0.036671
-0.090382
-0.22216
-0.36061
-0.48393
-0.60721
-0.73363
-0.8444
-0.93156
-1.0078
-1.0859
-1.149
-1.1916
-1.2225
-1.2454
-1.2572
-1.2357
-1.2032
-1.1747
-1.1447
-1.0921
-1.0247
-0.96409
-0.90075
-0.81604
-0.72017
-0.64283
-0.56557
-0.47283
-0.39404
-0.33576
-0.26099
-0.16437
-0.084501
-0.026969
0.050078
0.12879
0.17488
0.20802
0.2596
0.30345
0.33108
0.36266
0.39931
0.41634
0.40977
0.40333
0.39148
0.36291
0.31742
0.27604
0.23459
0.17876
0.11131
0.026936
-0.058922
-0.15412
-0.25921
-0.36525
-0.46409
-0.56859
-0.68489
-0.78796
-0.87485
-0.96619
-1.0625
-1.1384
-1.1917
-1.2539
-1.3054
-1.3288
-1.3197
-1.3138
-1.2965
-1.2512
-1.1905
-1.1296
-1.0511
-0.94778
-0.84273
-0.73493
-0.60863
-0.47056
-0.34403
-0.22929
-0.10109
0.028398
0.14876
0.25646
0.35318
0.43316
0.50138
0.56186
0.60156
0.6163
0.61718
0.61726
0.59336
0.5503
0.49
0.41319
0.32743
0.23221
0.13191
0.019229
-0.087179
-0.20202
-0.31865
-0.43148
-0.54695
-0.65886
-0.7625
-0.84811
-0.92594
-0.98915
-1.0484
-1.0992
-1.1398
-1.1618
-1.181
-1.1869
-1.1651
-1.1316
-1.102
-1.0653
-1.0182
-0.97451
-0.91902
-0.85399
-0.78455
-0.71638
-0.64645
-0.5694
-0.49941
-0.43841
-0.36699
-0.28689
-0.22528
-0.16621
-0.1039
-0.055717
-0.017295
0.029923
0.084432
0.11738
0.13731
0.16215
0.19021
0.199
0.1917
0.19181
0.19261
0.18119
0.16031
0.13235
0.086705
0.039109
-0.010776
-0.05902
-0.11907
-0.18986
-0.26075
-0.33398
-0.40926
-0.48382
-0.55644
-0.63489
-0.70593
-0.77607
-0.85136
-0.91625
-0.96815
-1.014
-1.052
-1.0745
-1.0854
-1.097
-1.0935
-1.0728
-1.0593
-1.0368
-1.0008
-0.94729
-0.88348
-0.81717
-0.74838
-0.66885
-0.58772
-0.51007
-0.43504
-0.34797
-0.26685
-0.1956
-0.12317
-0.044329
0.013082
0.056407
0.098843
0.1502
0.17961
0.19489
0.205
0.21959
0.2182
0.19779
0.16559
0.1354
0.092246
0.042388
-0.0062254
-0.05792
-0.13011
-0.20996
-0.28086
-0.34915
-0.42428
-0.49666
-0.55445
-0.61366
-0.68055
-0.73604
-0.78197
-0.82841
-0.86227
-0.88186
-0.90192
-0.9081
-0.9045
-0.89305
-0.87581
-0.84316
-0.80948
-0.77818
-0.74159
-0.69516
-0.65142
-0.61278
-0.56693
-0.5068
-0.45
-0.40614
-0.36579
-0.32123
-0.28718
-0.25982
-0.22654
-0.18178
-0.14983
-0.12914
-0.1084
-0.088795
-0.091097
-0.09498
-0.091231
-0.0746
-0.071203
-0.07243
-0.079355
-0.081202
-0.091603
-0.10951
-0.12961
-0.13836
-0.15852
-0.18247
-0.19957
-0.22147
-0.25894
-0.2959
-0.32111
-0.35245
-0.39126
-0.42991
-0.47002
-0.51558
-0.55044
-0.57996
-0.61413
-0.65031
-0.67487
-0.69578
-0.71734
-0.72862
-0.73847
-0.74526
-0.74384
-0.73163
-0.71755
-0.69887
-0.67683
-0.64354
-0.61593
-0.58248
-0.54675
-0.50176
-0.45681
-0.41833
-0.37674
-0.3241
-0.27284
-0.23651
-0.20655
-0.17595
-0.14474
-0.12539
-0.09902
-0.076423
-0.069858
-0.076875
-0.084231
-0.089814
-0.099434
-0.12229
-0.14653
-0.16449
-0.18332
-0.22749
-0.27705
-0.30995
-0.3375
-0.37275
-0.4058
-0.42442
-0.45588
-0.49339
-0.51733
-0.53752
-0.56819
-0.58419
-0.5806
-0.57908
-0.58524
-0.58552
-0.57879
-0.57085
-0.55734
-0.54006
-0.51886
-0.50409
-0.49144
-0.48008
-0.4631
-0.44757
-0.43706
-0.4289
-0.40658
-0.39297
-0.38851
-0.39093
-0.38959
-0.3841
-0.3711
-0.36455
-0.36499
-0.3662
-0.36383
-0.36488
-0.37165
-0.37564
-0.36938
-0.36133
-0.35473
-0.34758
-0.34665
-0.3529
-0.36135
-0.3591
-0.34239
-0.32929
-0.3343
-0.3396
-0.32666
-0.32402
-0.33861
-0.34788
-0.34134
-0.34149
-0.34625
-0.35464
-0.36838
-0.38885
-0.40573
-0.41623
-0.41761
-0.42748
-0.44087
-0.44426
-0.44478
-0.45148
-0.45616
-0.46128
-0.45977
-0.46235
-0.46313
-0.4555
-0.43218
-0.42541
-0.41694
-0.39971
-0.38726
-0.38871
-0.38469
-0.36679
-0.35269
-0.35331
-0.35111
-0.33742
-0.33116
-0.33285
-0.33705
-0.33567
-0.34427
-0.35334
-0.36319
-0.37316
-0.38727
-0.39866
-0.41051
-0.42315
-0.43642
-0.45394
-0.4678
-0.47654
-0.48998
-0.50371
-0.50966
-0.52092
-0.53576
-0.53359
-0.52397
-0.52908
-0.53536
-0.5269
-0.51022
-0.50197
-0.49078
-0.4716
-0.4516
-0.43431
-0.41621
-0.39599
-0.37671
-0.36243
-0.34479
-0.32935
-0.31741
-0.30989
-0.30068
-0.29236
-0.27634
-0.2736
-0.2727
-0.26263
-0.26949
-0.29164
-0.29804
-0.29926
-0.31952
-0.34273
-0.34226
-0.3378
-0.3668
-0.40048
-0.41413
-0.42569
-0.44991
-0.46833
-0.46879
-0.47237
-0.48734
-0.50348
-0.52091
-0.53357
-0.55037
-0.55553
-0.54762
-0.54084
-0.55773
-0.5728
-0.57004
-0.56694
-0.5745
-0.57485
-0.5675
-0.55571
-0.54819
-0.54692
-0.54383
-0.53837
-0.52987
-0.50897
-0.48401
-0.46381
-0.44909
-0.43724
-0.41677
-0.39824
-0.38077
-0.36378
-0.3415
-0.32317
-0.30953
-0.29582
-0.27317
-0.25948
-0.24845
-0.22782
-0.21817
-0.22562
-0.22058
-0.2136
-0.22556
-0.2396
-0.23693
-0.2402
-0.25795
-0.28189
-0.29484
-0.32551
-0.36372
-0.39151
-0.41094
-0.43611
-0.46774
-0.49913
-0.52937
-0.56534
-0.60493
-0.64023
-0.66069
-0.67339
-0.68976
-0.70828
-0.71798
-0.7243
-0.73611
-0.7469
-0.73816
-0.7155
-0.69971
-0.68588
-0.66288
-0.63409
-0.61252
-0.59487
-0.56422
-0.52241
-0.48376
-0.43835
-0.39059
-0.35562
-0.33261
-0.30245
-0.27316
-0.24313
-0.22117
-0.20272
-0.17924
-0.16253
-0.16092
-0.15959
-0.15567
-0.15888
-0.17525
-0.18782
-0.19352
-0.21087
-0.24407
-0.26888
-0.29079
-0.31399
-0.35475
-0.39325
-0.41999
-0.44359
-0.48372
-0.5278
-0.5611
-0.58771
-0.62253
-0.65566
-0.67813
-0.70056
-0.72844
-0.74619
-0.76011
-0.77909
-0.80038
-0.81252
-0.80867
-0.8075
-0.81273
-0.81929
-0.80975
-0.7965
-0.78065
-0.77298
-0.75684
-0.73221
-0.70059
-0.66141
-0.62432
-0.59723
-0.56379
-0.52206
-0.47818
-0.43705
-0.39726
-0.3561
-0.31338
-0.27499
-0.24059
-0.21912
-0.19619
-0.17176
-0.152
-0.134
-0.11465
-0.11568
-0.11734
-0.11121
-0.12015
-0.14719
-0.17194
-0.18991
-0.22093
-0.25727
-0.28885
-0.32164
-0.37229
-0.41825
-0.45545
-0.49791
-0.55678
-0.60694
-0.64374
-0.68022
-0.72647
-0.76893
-0.79783
-0.81688
-0.84619
-0.87909
-0.90079
-0.90966
-0.91184
-0.91309
-0.90688
-0.89764
-0.88442
-0.87551
-0.85459
-0.82798
-0.79366
-0.75706
-0.71733
-0.66968
-0.62208
-0.58431
-0.543
-0.49612
-0.44513
-0.3901
-0.34464
-0.30259
-0.25864
-0.22386
-0.19342
-0.15959
-0.13089
-0.11809
-0.10148
-0.076896
-0.071264
-0.082617
-0.087086
-0.087647
-0.10683
-0.13046
-0.14205
-0.15695
-0.18067
-0.22339
-0.26524
-0.30052
-0.33591
-0.38264
-0.42214
-0.4556
-0.48729
-0.54219
-0.59545
-0.63732
-0.67906
-0.72666
-0.75845
-0.77858
-0.80254
-0.84614
-0.87964
-0.90662
-0.93237
-0.95859
-0.96752
-0.96296
-0.9557
-0.95447
-0.95283
-0.94242
-0.92395
-0.89162
-0.85097
-0.80944
-0.76383
-0.70934
-0.65066
-0.59845
-0.55402
-0.49639
-0.43055
-0.36368
-0.30185
-0.24714
-0.19999
-0.15315
-0.1044
-0.070525
-0.045557
-0.021514
-0.0069367
-0.0090397
-0.012415
-0.020681
-0.042601
-0.073194
-0.084052
-0.10271
-0.1403
-0.19478
-0.23889
-0.29042
-0.34855
-0.40255
-0.4456
-0.49804
-0.55064
-0.60076
-0.64979
-0.71399
-0.77194
-0.81581
-0.84111
-0.87239
-0.90273
-0.93188
-0.95214
-0.97127
-0.99122
-1.0109
-1.0203
-1.0137
-0.99597
-0.97989
-0.96287
-0.9512
-0.93561
-0.90699
-0.86765
-0.82393
-0.777
-0.73353
-0.67963
-0.6165
-0.55919
-0.51229
-0.46698
-0.40845
-0.34563
-0.28685
-0.23658
-0.18957
-0.14626
-0.1101
-0.078374
-0.045954
-0.027682
-0.023918
-0.013515
-0.0034711
-0.017663
-0.040554
-0.053008
-0.068518
-0.10305
-0.14646
-0.18789
-0.23135
-0.28905
-0.35397
-0.41028
-0.45939
-0.51612
-0.58456
-0.64099
-0.68983
-0.75299
-0.82377
-0.87212
-0.90229
-0.93785
-0.9809
-1.0125
-1.0332
-1.0464
-1.0682
-1.087
-1.0841
-1.0717
-1.0598
-1.0463
-1.0251
-1.0055
-0.98187
-0.94725
-0.89696
-0.8492
-0.79651
-0.73674
-0.68137
-0.62551
-0.56898
-0.51383
-0.45875
-0.40304
-0.341
-0.28238
-0.23557
-0.18668
-0.14088
-0.10612
-0.063484
-0.027852
-0.013003
0.00032742
0.023262
0.025565
0.0074712
-0.0098076
-0.016914
-0.041122
-0.081683
-0.12211
-0.1593
-0.20885
-0.26317
-0.321
-0.38324
-0.44549
-0.49796
-0.5584
-0.63075
-0.6892
-0.73792
-0.79751
-0.85699
-0.90545
-0.94698
-0.99453
-1.0356
-1.0596
-1.0805
-1.1046
-1.1231
-1.1306
-1.1309
-1.1272
-1.119
-1.1051
-1.0815
-1.0503
-1.0169
-0.98208
-0.93583
-0.8884
-0.83228
-0.77206
-0.71525
-0.65203
-0.58397
-0.5226
-0.46184
-0.40358
-0.34213
-0.27237
-0.2127
-0.16526
-0.11747
-0.07615
-0.03924
-0.013956
0.0081232
0.027361
0.028546
0.018215
0.016029
0.011208
-0.011821
-0.047124
-0.083507
-0.12131
-0.17346
-0.23238
-0.28494
-0.34296
-0.41193
-0.48237
-0.54065
-0.60455
-0.68088
-0.74681
-0.79425
-0.84821
-0.91689
-0.97445
-1.0174
-1.0564
-1.0905
-1.1177
-1.1434
-1.159
-1.1649
-1.1659
-1.1668
-1.155
-1.137
-1.109
-1.0737
-1.0294
-0.99104
-0.94711
-0.88904
-0.82872
-0.76343
-0.70024
-0.63635
-0.56335
-0.4921
-0.43085
-0.36939
-0.31293
-0.25175
-0.18447
-0.13758
-0.092257
-0.043477
-0.016118
0.0036186
0.025961
0.041318
0.039289
0.030336
0.036727
0.033795
0.0071177
-0.026136
-0.05928
-0.097134
-0.14484
-0.19594
-0.24615
-0.29313
-0.3516
-0.4198
-0.49003
-0.54983
-0.61554
-0.6877
-0.73985
-0.7811
-0.83914
-0.91134
-0.96562
-1.0052
-1.0404
-1.0797
-1.108
-1.1261
-1.1326
-1.1397
-1.1496
-1.1547
-1.1372
-1.1156
-1.0845
-1.0383
-0.99614
-0.95606
-0.90543
-0.84093
-0.7774
-0.70912
-0.6363
-0.5645
-0.4919
-0.42064
-0.35197
-0.29375
-0.23557
-0.17206
-0.11482
-0.06506
-0.013884
0.024034
0.042879
0.066856
0.087598
0.085464
0.072643
0.074514
0.074196
0.049221
0.013781
-0.019918
-0.058509
-0.1088
-0.16199
-0.2103
-0.26101
-0.31233
-0.3732
-0.44132
-0.51275
-0.57538
-0.64338
-0.70947
-0.75581
-0.79686
-0.85506
-0.92491
-0.97561
-1.0075
-1.0418
-1.0807
-1.1018
-1.1079
-1.1103
-1.1215
-1.1289
-1.1286
-1.1117
-1.0838
-1.0437
-1.0031
-0.95989
-0.91462
-0.86346
-0.80191
-0.74052
-0.67128
-0.59619
-0.52525
-0.44669
-0.37141
-0.30455
-0.24263
-0.18039
-0.11649
-0.049126
0.011159
0.065755
0.10214
0.12862
0.16187
0.17849
0.17478
0.17872
0.18958
0.18218
0.15513
