0.036392,0.072074,-0.010479,0.047792,0.052916,-0.01206,0.087607,-0.11545,-0.15644,-0.081072,-0.0081593,0.2845
0.067658,0.11832,0.0072826,0.068926,0.11185,0.039082,0.24141,-0.30534,-0.25896,0.047,0.27893,0.66851
0.10264,0.12073,0.039186,0.083605,0.16329,0.15886,0.41626,-0.55191,-0.26703,0.23252,0.69146,0.95904
0.13663,0.093577,0.072424,0.078545,0.1744,0.29333,0.55475,-0.80665,-0.16743,0.47903,0.99836,1.096
0.17387,0.016674,0.13038,0.062797,0.13701,0.38963,0.56889,-0.95112,-0.02876,0.60872,1.1201,0.89853
0.21222,-0.080478,0.20398,0.040782,0.081451,0.43566,0.50977,-0.92224,0.11662,0.59134,0.92124,0.55128
0.24942,-0.20131,0.26357,0.002279,0.012843,0.43656,0.37241,-0.78612,0.22567,0.4144,0.55413,0.1287
0.28405,-0.33856,0.31739,-0.054071,-0.069442,0.38231,0.19923,-0.57512,0.25283,0.15982,0.12378,-0.12238
0.31634,-0.46769,0.30548,-0.11056,-0.15121,0.26296,0.0021609,-0.35168,0.12527,-0.14724,-0.14335,-0.13463
0.3448,-0.60345,0.25323,-0.15299,-0.20565,0.1128,-0.094284,-0.17848,-0.026998,-0.25103,-0.11463,0.15172
0.3698,-0.7417,0.20919,-0.18768,-0.24407,0.00074896,-0.084598,-0.19583,-0.17451,-0.18168,0.17776,0.55848
0.38799,-0.8679,0.15251,-0.21671,-0.25515,-0.081364,-0.0088737,-0.32259,-0.29559,0.027533,0.58084,0.88641
0.40351,-0.97559,0.091435,-0.22977,-0.23512,-0.12334,0.12508,-0.52581,-0.35325,0.24909,0.92489,0.93532
0.41641,-1.0552,-0.0090873,-0.20998,-0.17408,-0.10636,0.32229,-0.80685,-0.29577,0.46004,0.96613,0.7123
0.4261,-1.1084,-0.094082,-0.17242,-0.086895,-0.017032,0.51659,-1.0471,-0.15679,0.50694,0.75655,0.32887
0.43225,-1.1215,-0.14921,-0.12641,-0.030023,0.10977,0.58638,-1.1711,-0.029442,0.37804,0.33896,-0.063703
0.43394,-1.0902,-0.18815,-0.06599,-0.015582,0.22042,0.57532,-1.1322,0.08722,0.12653,-0.026809,-0.26565
0.42959,-1.0211,-0.20921,-0.030449,-0.0044169,0.29458,0.49628,-0.96075,0.13745,-0.13328,-0.22353,-0.17807
0.4207,-0.93714,-0.20082,-0.0023707,-0.014724,0.33813,0.35929,-0.7332,0.066016,-0.37137,-0.10662,0.11476
0.40593,-0.81727,-0.1851,0.02298,-0.07552,0.32292,0.14979,-0.48148,-0.071868,-0.36002,0.21861,0.47788
0.38876,-0.67816,-0.15902,0.019065,-0.16458,0.23213,-0.017072,-0.32037,-0.22443,-0.2051,0.58064,0.82038
0.36653,-0.55899,-0.10633,-0.011799,-0.25707,0.11866,-0.076179,-0.33998,-0.37941,0.053419,0.91637,0.81781
0.33941,-0.44047,-0.052702,-0.058264,-0.32247,5.3617e-005,-0.026638,-0.46852,-0.45713,0.27042,0.90576,0.60972
0.31044,-0.30845,-0.0047506,-0.09215,-0.36552,-0.084184,0.06843,-0.66174,-0.40561,0.38021,0.67846,0.17698
0.28822,-0.1814,0.068878,-0.14289,-0.38688,-0.13984,0.19966,-0.93589,-0.2602,0.28258,0.25722,-0.21268
0.25517,-0.080454,0.11274,-0.18265,-0.39507,-0.13946,0.37689,-1.1565,-0.11091,0.054098,-0.12444,-0.38696
0.21296,-0.01342,0.14554,-0.20654,-0.38395,-0.047194,0.50075,-1.2304,0.030768,-0.24771,-0.28437,-0.19858
0.17702,0.02613,0.15026,-0.22039,-0.34451,0.10155,0.53332,-1.1694,0.091303,-0.44903,-0.11762,0.16165
0.14266,0.026649,0.13229,-0.22604,-0.28288,0.24492,0.48879,-0.9957,0.060652,-0.55315,0.25123,0.51546
0.098452,-0.0005208,0.095674,-0.20354,-0.21121,0.36357,0.37329,-0.76377,-0.095034,-0.46056,0.5992,0.7647
0.054589,-0.07867,0.022024,-0.15538,-0.14499,0.45748,0.18064,-0.54306,-0.28309,-0.25376,0.83586,0.74069
0.020051,-0.17873,-0.046782,-0.11452,-0.10589,0.49396,-0.022711,-0.38989,-0.43425,-0.003197,0.84612,0.47789
-0.0076353,-0.30502,-0.096957,-0.065131,-0.092057,0.45279,-0.14132,-0.41507,-0.50786,0.15291,0.55636,0.06482
-0.048517,-0.44937,-0.1422,-0.034179,-0.084847,0.35476,-0.15153,-0.5699,-0.47829,0.1438,0.15947,-0.30534
-0.093517,-0.58319,-0.1998,-0.025149,-0.12079,0.26058,-0.095377,-0.7913,-0.36486,-0.033328,-0.24649,-0.44215
-0.12479,-0.72559,-0.23488,-0.048883,-0.17319,0.16646,0.0065288,-1.0737,-0.1968,-0.31058,-0.36419,-0.27444
-0.15209,-0.86676,-0.2407,-0.082596,-0.21686,0.092896,0.16668,-1.3011,-0.070506,-0.57811,-0.20599,0.1185
-0.18677,-0.99388,-0.22557,-0.12141,-0.22508,0.056717,0.32555,-1.3725,-0.004234,-0.69332,0.17797,0.52372
-0.21703,-1.1034,-0.20408,-0.1963,-0.20816,0.085634,0.41155,-1.3,-0.042965,-0.66196,0.58602,0.68733
-0.23458,-1.1819,-0.17107,-0.2648,-0.1779,0.18372,0.40559,-1.1343,-0.17984,-0.478,0.74541,0.64343
-0.25006,-1.2323,-0.12939,-0.31415,-0.15765,0.30668,0.33409,-0.93763,-0.36523,-0.23283,0.699,0.28724
-0.27004,-1.2476,-0.053462,-0.35172,-0.12273,0.41649,0.1824,-0.73033,-0.49881,-0.031283,0.36331,-0.12958
-0.28951,-1.2204,0.019998,-0.38889,-0.084634,0.49306,0.0019032,-0.61524,-0.58903,0.026473,-0.037731,-0.47997
-0.29722,-1.159,0.066593,-0.38487,-0.053569,0.5109,-0.15256,-0.66307,-0.58977,-0.10241,-0.37141,-0.52497
-0.29819,-1.0807,0.065449,-0.33559,-0.045543,0.44177,-0.21919,-0.82878,-0.48775,-0.37397,-0.43435,-0.35317
-0.29885,-0.96336,0.042896,-0.28032,-0.069716,0.29712,-0.19797,-1.0808,-0.34471,-0.65511,-0.25353,-0.0034711
-0.29559,-0.81952,-0.0050665,-0.24479,-0.1193,0.12217,-0.12567,-1.3563,-0.21619,-0.85418,0.087247,0.36117
-0.28531,-0.69054,-0.067068,-0.24018,-0.20375,-0.024104,0.0042334,-1.5523,-0.15672,-0.86615,0.45291,0.53918
-0.27605,-0.56777,-0.13003,-0.22103,-0.2982,-0.14312,0.19888,-1.5902,-0.203,-0.72086,0.64158,0.41006
-0.26772,-0.44302,-0.19236,-0.19787,-0.36644,-0.21012,0.35668,-1.4743,-0.31145,-0.51029,0.50944,0.04166
-0.25818,-0.32509,-0.26546,-0.17614,-0.41014,-0.21258,0.43796,-1.2856,-0.4806,-0.29305,0.15362,-0.39728
-0.23779,-0.22871,-0.34665,-0.16596,-0.43472,-0.14031,0.42989,-1.0791,-0.64737,-0.18534,-0.29622,-0.71397
-0.20889,-0.16262,-0.41948,-0.18621,-0.422,-0.024776,0.35405,-0.86304,-0.74669,-0.24843,-0.57103,-0.73773
-0.17851,-0.1183,-0.45356,-0.23155,-0.37177,0.085855,0.2062,-0.76415,-0.74871,-0.46011,-0.59694,-0.46538
-0.14891,-0.11512,-0.45716,-0.27974,-0.29704,0.16876,0.013867,-0.81384,-0.64446,-0.72213,-0.34388,-0.080196
-0.11699,-0.14201,-0.44588,-0.31837,-0.23993,0.21103,-0.11794,-0.97603,-0.50735,-0.99412,0.029839,0.20494
-0.082594,-0.22339,-0.42452,-0.36063,-0.21402,0.22406,-0.1391,-1.1981,-0.3588,-1.1116,0.32737,0.35453
-0.046056,-0.32498,-0.37883,-0.40326,-0.19335,0.17645,-0.098603,-1.457,-0.26737,-1.0457,0.48131,0.15395
-0.013749,-0.45463,-0.30968,-0.42579,-0.17607,0.077855,-0.018822,-1.6195,-0.2689,-0.81719,0.30496,-0.20469
0.017492,-0.59856,-0.24716,-0.41644,-0.19678,-0.020214,0.13128,-1.6553,-0.37852,-0.59138,-0.026201,-0.65467
0.054135,-0.73175,-0.20131,-0.38391,-0.24952,-0.11111,0.29628,-1.5348,-0.54622,-0.42305,-0.46506,-0.91709
0.092146,-0.87654,-0.16525,-0.33194,-0.31444,-0.16,0.41816,-1.3306,-0.71965,-0.43228,-0.74984,-0.93043
0.13027,-1.0183,-0.12868,-0.27201,-0.40097,-0.16339,0.43025,-1.0832,-0.83745,-0.60441,-0.75956,-0.63429
0.16888,-1.1416,-0.097418,-0.24316,-0.47619,-0.10459,0.38035,-0.86131,-0.85698,-0.87559,-0.48321,-0.23191
0.20337,-1.244,-0.10516,-0.2146,-0.53419,0.010956,0.28082,-0.76085,-0.75968,-1.1106,-0.089387,0.080694
0.23294,-1.3167,-0.15905,-0.19508,-0.5788,0.14974,0.091353,-0.84908,-0.61356,-1.3046,0.21796,0.12556
0.2556,-1.3639,-0.21279,-0.21403,-0.60517,0.27571,-0.129,-1.0647,-0.45087,-1.3112,0.29791,-0.11059
0.27548,-1.3757,-0.25101,-0.26591,-0.60492,0.37191,-0.23867,-1.3228,-0.3333,-1.1485,0.098719,-0.50279
0.29318,-1.3443,-0.30315,-0.31634,-0.57055,0.42662,-0.25677,-1.5992,-0.30143,-0.89076,-0.29358,-0.91045
0.30742,-1.2779,-0.38965,-0.37436,-0.49703,0.40742,-0.2332,-1.7546,-0.41529,-0.6916,-0.67954,-1.1248
0.32038,-1.1926,-0.45699,-0.44442,-0.41404,0.31852,-0.13651,-1.778,-0.57823,-0.6034,-0.93124,-1.0695
0.33029,-1.0714,-0.497,-0.48706,-0.35797,0.18956,0.039986,-1.6653,-0.74227,-0.71549,-0.8821,-0.79582
0.33373,-0.92173,-0.51558,-0.5103,-0.33484,0.078277,0.21701,-1.4581,-0.87331,-0.96856,-0.59126,-0.42938
0.33161,-0.78629,-0.52311,-0.54666,-0.31881,-0.014498,0.29002,-1.2318,-0.92035,-1.2746,-0.20716,-0.069813
0.32418,-0.6582,-0.50077,-0.57827,-0.32928,-0.053536,0.28688,-1.0428,-0.85337,-1.4538,0.13473,-0.052726
0.31106,-0.52693,-0.46253,-0.55814,-0.39499,-0.032054,0.2061,-1.0017,-0.71125,-1.531,0.13857,-0.26766
0.29615,-0.39763,-0.42425,-0.50093,-0.48127,0.060382,0.042831,-1.1327,-0.57849,-1.4084,-0.081549,-0.70994
0.2799,-0.29513,-0.35699,-0.45251,-0.53947,0.18972,-0.19858,-1.364,-0.47024,-1.2191,-0.52695,-1.1179
0.25781,-0.22844,-0.28471,-0.40843,-0.57728,0.3121,-0.37243,-1.6487,-0.43297,-0.97214,-0.89109,-1.3098
0.23105,-0.1827,-0.23107,-0.38456,-0.59548,0.3928,-0.41961,-1.9054,-0.52814,-0.83798,-1.0662,-1.1435
0.20517,-0.17221,-0.18852,-0.38149,-0.58778,0.42279,-0.37603,-2.043,-0.67592,-0.85517,-0.93261,-0.7975
0.17479,-0.18705,-0.20506,-0.39676,-0.57641,0.40774,-0.29154,-2.0191,-0.82744,-1.0438,-0.61623,-0.44053
0.13726,-0.25482,-0.25459,-0.4181,-0.55745,0.34138,-0.13639,-1.8905,-0.98194,-1.2983,-0.27828,-0.17743
0.096367,-0.3478,-0.28723,-0.45567,-0.53507,0.21538,0.064303,-1.6699,-1.0595,-1.6071,0.022059,-0.19281
0.062717,-0.47012,-0.33563,-0.51614,-0.5201,0.064559,0.19721,-1.4372,-1.0103,-1.7157,0.027759,-0.45802
0.027996,-0.61559,-0.39556,-0.57721,-0.51274,-0.050795,0.22619,-1.2535,-0.86498,-1.6485,-0.20538,-0.88167
-0.019424,-0.75435,-0.49685,-0.61767,-0.50079,-0.12874,0.20387,-1.2229,-0.72716,-1.4313,-0.61328,-1.2548
-0.061089,-0.896,-0.58511,-0.64255,-0.53177,-0.15851,0.11435,-1.344,-0.61659,-1.2194,-1.0067,-1.4137
-0.090932,-1.0303,-0.64714,-0.66641,-0.57423,-0.11542,-0.068455,-1.5263,-0.57471,-1.0213,-1.1629,-1.259
-0.12902,-1.1474,-0.68827,-0.67982,-0.62697,-0.012263,-0.25061,-1.8055,-0.61223,-0.98756,-1.0027,-0.8831
-0.17703,-1.2454,-0.71232,-0.66323,-0.68021,0.1023,-0.35131,-2.0178,-0.76801,-1.1236,-0.63193,-0.48917
-0.21411,-1.3088,-0.70307,-0.63298,-0.73279,0.19682,-0.35029,-2.1352,-0.95168,-1.383,-0.26154,-0.32793
-0.24183,-1.3577,-0.68725,-0.59782,-0.77509,0.26486,-0.31338,-2.0841,-1.0991,-1.6369,-0.053671,-0.37129
-0.27207,-1.3749,-0.66194,-0.55861,-0.76758,0.2786,-0.23233,-1.9,-1.1632,-1.877,-0.058758,-0.71197
-0.30293,-1.3531,-0.60659,-0.52927,-0.71827,0.23006,-0.069949,-1.653,-1.1313,-1.8692,-0.37566,-1.1269
-0.3256,-1.2931,-0.54593,-0.49888,-0.66091,0.13155,0.10605,-1.4134,-1.0319,-1.7063,-0.76302,-1.4853
-0.33843,-1.2129,-0.49538,-0.47796,-0.6086,0.0090835,0.20784,-1.2469,-0.88178,-1.4368,-1.1425,-1.5331
-0.36003,-1.0981,-0.42204,-0.4885,-0.5704,-0.083799,0.21921,-1.2379,-0.77277,-1.2118,-1.2321,-1.3656
-0.38365,-0.95557,-0.3884,-0.52705,-0.54153,-0.14374,0.15444,-1.3715,-0.72023,-1.1082,-1.067,-1.0051
-0.39555,-0.82207,-0.37652,-0.59144,-0.53264,-0.15577,0.020345,-1.5786,-0.73793,-1.2092,-0.69558,-0.62696
-0.39667,-0.70112,-0.38562,-0.64149,-0.55275,-0.10624,-0.17677,-1.8492,-0.86594,-1.4388,-0.2905,-0.43701
-0.39702,-0.58462,-0.40458,-0.69714,-0.57222,0.0068192,-0.37755,-2.0489,-1.0285,-1.7414,-0.12243,-0.55261
-0.39489,-0.46968,-0.42346,-0.73934,-0.62993,0.15497,-0.45304,-2.1464,-1.1525,-1.9342,-0.21309,-0.92852
-0.38584,-0.37605,-0.48835,-0.77325,-0.70871,0.29541,-0.43007,-2.0916,-1.2276,-2.0344,-0.56862,-1.3673
-0.36868,-0.31526,-0.56266,-0.79012,-0.76343,0.39835,-0.37745,-1.8871,-1.2276,-1.9216,-0.99088,-1.6794
-0.35843,-0.27612,-0.62434,-0.78813,-0.81042,0.45034,-0.25924,-1.649,-1.1359,-1.7295,-1.3013,-1.6872
-0.35045,-0.27519,-0.68258,-0.76964,-0.84899,0.43918,-0.075667,-1.4147,-0.99278,-1.4641,-1.3418,-1.4105
-0.33098,-0.29842,-0.74749,-0.72353,-0.856,0.36825,0.06906,-1.2823,-0.87602,-1.3026,-1.1271,-1.0281
-0.30226,-0.37143,-0.78431,-0.67744,-0.82448,0.26918,0.1153,-1.2963,-0.81367,-1.3078,-0.7697,-0.7344
-0.27331,-0.46735,-0.78202,-0.63826,-0.75878,0.14016,0.09418,-1.4446,-0.85364,-1.4903,-0.42732,-0.58363
-0.24122,-0.59618,-0.76466,-0.6111,-0.67079,0.032688,0.024956,-1.7136,-0.96038,-1.7582,-0.24208,-0.76905
-0.21132,-0.74097,-0.7406,-0.60792,-0.60172,-0.033121,-0.11636,-1.9873,-1.1395,-2.0482,-0.39409,-1.1068
-0.17416,-0.87806,-0.71474,-0.62691,-0.57399,-0.048717,-0.32074,-2.2058,-1.306,-2.1533,-0.74338,-1.5381
-0.13455,-1.0154,-0.67193,-0.66747,-0.55847,-0.0013611,-0.44753,-2.2682,-1.4022,-2.1148,-1.209,-1.8009
-0.10041,-1.1477,-0.60611,-0.70809,-0.55847,0.1067,-0.4639,-2.1903,-1.4038,-1.9245,-1.5051,-1.8205
-0.069858,-1.2622,-0.5372,-0.78194,-0.6017,0.23894,-0.42823,-1.9958,-1.2991,-1.7023,-1.5108,-1.5338
-0.035585,-1.3556,-0.50048,-0.85726,-0.69405,0.35587,-0.36524,-1.7674,-1.1553,-1.4989,-1.2233,-1.1313
0.0019121,-1.4156,-0.49534,-0.90116,-0.79772,0.42597,-0.23095,-1.5607,-1.0129,-1.4483,-0.82956,-0.81692
0.040817,-1.4568,-0.51039,-0.93431,-0.87363,0.4271,-0.047647,-1.4471,-0.93325,-1.5808,-0.52334,-0.76337
0.074376,-1.465,-0.55734,-0.98069,-0.92647,0.34478,0.078548,-1.4774,-0.95659,-1.8639,-0.40848,-1.0028
0.10787,-1.4322,-0.62128,-1.002,-0.96061,0.21336,0.11343,-1.6119,-1.0701,-2.1528,-0.60522,-1.3889
0.1405,-1.3647,-0.6916,-0.97321,-0.98115,0.080121,0.10096,-1.8713,-1.2364,-2.3748,-0.94241,-1.8085
0.16555,-1.2786,-0.75685,-0.91382,-0.98941,-0.04088,0.019096,-2.1365,-1.4061,-2.3728,-1.3524,-2.0276
0.18502,-1.1613,-0.8193,-0.86003,-0.96802,-0.12333,-0.16409,-2.3384,-1.5012,-2.2378,-1.6341,-1.972
0.20335,-1.0149,-0.9014,-0.84055,-0.93107,-0.16163,-0.33912,-2.3743,-1.499,-2.0099,-1.6307,-1.6994
0.21705,-0.87568,-0.97368,-0.83191,-0.88823,-0.13027,-0.43604,-2.2567,-1.3894,-1.8034,-1.3492,-1.3406
0.22733,-0.74476,-0.99749,-0.83353,-0.84727,-0.030633,-0.44974,-2.0566,-1.2522,-1.7051,-0.9504,-1.0006
0.23525,-0.61876,-0.99353,-0.83747,-0.84207,0.087835,-0.43047,-1.8121,-1.1168,-1.7878,-0.61682,-1.0087
0.24121,-0.49632,-0.97797,-0.84347,-0.84976,0.1919,-0.33385,-1.5995,-1.0309,-2.0087,-0.55171,-1.2309
0.24089,-0.40051,-0.96128,-0.87073,-0.85257,0.28493,-0.16393,-1.4848,-1.021,-2.3004,-0.77391,-1.6684
0.23346,-0.34135,-0.92191,-0.91895,-0.8958,0.3239,0.001781,-1.5212,-1.1442,-2.5362,-1.194,-2.0629
0.22547,-0.3051,-0.85552,-0.97674,-0.95581,0.2684,0.07692,-1.6736,-1.3066,-2.6483,-1.5709,-2.2552
0.21413,-0.30702,-0.77215,-1.0137,-0.99865,0.16674,0.066408,-1.9047,-1.4624,-2.5692,-1.784,-2.0883
0.19656,-0.33164,-0.71556,-1.0446,-1.0212,0.046467,0.0041615,-2.174,-1.574,-2.3306,-1.6979,-1.7427
0.1727,-0.40642,-0.67891,-1.0736,-1.0214,-0.071673,-0.14986,-2.346,-1.6013,-2.0828,-1.4016,-1.3913
0.14642,-0.50413,-0.67431,-1.0925,-1.0024,-0.18533,-0.34721,-2.3866,-1.5347,-1.9121,-1.0229,-1.1212
0.12065,-0.63533,-0.6692,-1.0905,-0.97448,-0.2451,-0.5165,-2.2517,-1.4061,-1.916,-0.69511,-1.1222
0.093627,-0.7883,-0.68167,-1.0668,-0.93215,-0.22064,-0.60176,-2.0418,-1.2852,-2.082,-0.6977,-1.364
0.062118,-0.93732,-0.72632,-1.0185,-0.87886,-0.12733,-0.60846,-1.7899,-1.1805,-2.3496,-0.91788,-1.769
0.023244,-1.088,-0.77779,-0.95215,-0.82962,-0.0010471,-0.56541,-1.5838,-1.1496,-2.575,-1.3581,-2.1309
-0.0098482,-1.2298,-0.84829,-0.92422,-0.80571,0.13593,-0.44388,-1.4964,-1.2495,-2.7172,-1.7405,-2.2809
-0.040931,-1.3535,-0.91671,-0.914,-0.8046,0.25176,-0.25338,-1.5727,-1.4051,-2.7041,-1.9032,-2.1115
-0.080783,-1.4585,-0.99034,-0.90134,-0.82406,0.31491,-0.11921,-1.795,-1.5519,-2.5236,-1.7456,-1.7176
-0.11979,-1.5318,-1.0505,-0.91606,-0.87268,0.327,-0.066926,-2.0526,-1.6759,-2.2565,-1.4061,-1.3115
-0.15293,-1.5816,-1.0823,-0.95056,-0.92794,0.2818,-0.092825,-2.3311,-1.7437,-2.0488,-1.0608,-1.1235
-0.18843,-1.5962,-1.0855,-0.9987,-0.97107,0.2022,-0.17295,-2.4785,-1.69,-1.9677,-0.80625,-1.1468
-0.22953,-1.5734,-1.0897,-1.044,-0.99543,0.11512,-0.32734,-2.5076,-1.5495,-2.0778,-0.82722,-1.4768
-0.26914,-1.5111,-1.087,-1.1108,-1.0084,0.0088257,-0.52729,-2.3893,-1.4164,-2.3407,-1.0828,-1.8835
-0.29929,-1.4295,-1.0515,-1.1763,-0.98684,-0.067071,-0.66373,-2.1864,-1.3052,-2.6276,-1.4782,-2.2423
-0.3251,-1.3183,-0.99139,-1.2104,-0.9304,-0.093559,-0.68097,-1.9553,-1.2559,-2.7987,-1.8702,-2.2995
-0.3594,-1.1775,-0.93113,-1.226,-0.86781,-0.058847,-0.64774,-1.7737,-1.3109,-2.8483,-2.0192,-2.1336
-0.38751,-1.0392,-0.86319,-1.2339,-0.82261,0.03385,-0.57897,-1.716,-1.4567,-2.7203,-1.8716,-1.7732
-0.40394,-0.91232,-0.81111,-1.2115,-0.79496,0.16257,-0.42599,-1.8266,-1.6303,-2.5262,-1.5063,-1.3938
-0.42178,-0.7884,-0.76394,-1.162,-0.77124,0.28253,-0.24057,-2.0593,-1.7833,-2.3002,-1.1234,-1.2026
-0.44433,-0.66499,-0.75459,-1.1158,-0.7515,0.36337,-0.10558,-2.3427,-1.8621,-2.1874,-0.9527,-1.3249
-0.46291,-0.5639,-0.79453,-1.072,-0.76975,0.38707,-0.09065,-2.6132,-1.8245,-2.2216,-0.98353,-1.7063
-0.47051,-0.49992,-0.84731,-1.0506,-0.80997,0.32023,-0.13264,-2.7618,-1.7121,-2.4328,-1.3123,-2.1604
-0.46814,-0.46061,-0.90091,-1.0516,-0.87685,0.19679,-0.22018,-2.7648,-1.5724,-2.6935,-1.7027,-2.4997
-0.46972,-0.46091,-0.93935,-1.0617,-0.97278,0.052164,-0.42222,-2.6605,-1.4688,-2.984,-2.0543,-2.5381
-0.46482,-0.48192,-1.009,-1.0824,-1.0603,-0.072767,-0.61921,-2.4648,-1.4303,-3.0945,-2.1231,-2.2798
-0.45062,-0.55217,-1.0972,-1.1131,-1.133,-0.18222,-0.68866,-2.2582,-1.4556,-3.0319,-1.9569,-1.9013
-0.43924,-0.6478,-1.1465,-1.171,-1.1867,-0.24251,-0.6711,-2.0911,-1.6046,-2.8011,-1.6109,-1.6073
-0.43509,-0.77339,-1.1674,-1.24,-1.2059,-0.23135,-0.62691,-2.0596,-1.7669,-2.5978,-1.2213,-1.4466
-0.42217,-0.91895,-1.1901,-1.2934,-1.1912,-0.1502,-0.515,-2.1806,-1.8875,-2.4224,-1.0425,-1.6268
-0.39904,-1.057,-1.2008,-1.3398,-1.138,-0.025052,-0.32249,-2.3822,-1.9507,-2.4034,-1.1432,-1.9705
-0.36797,-1.1955,-1.1842,-1.3772,-1.0577,0.10848,-0.14965,-2.6689,-1.9368,-2.5516,-1.5049,-2.423
-0.3378,-1.3325,-1.1507,-1.372,-0.99014,0.21888,-0.098573,-2.9054,-1.8442,-2.814,-1.9246,-2.7023
-0.30424,-1.4545,-1.0895,-1.3313,-0.97904,0.27622,-0.12105,-3.0526,-1.6969,-3.0523,-2.2232,-2.7187
-0.26466,-1.5567,-0.99841,-1.2685,-0.98077,0.26902,-0.18747,-3.0321,-1.5889,-3.2807,-2.2533,-2.4187
-0.22716,-1.6237,-0.92224,-1.215,-0.96741,0.21568,-0.33725,-2.8786,-1.5233,-3.2789,-2.0284,-2.005
-0.19543,-1.6672,-0.86241,-1.2008,-0.9921,0.12079,-0.55584,-2.6485,-1.5543,-3.1113,-1.678,-1.6751
-0.16118,-1.6768,-0.8271,-1.1947,-1.0596,-0.016984,-0.72373,-2.4222,-1.6483,-2.8369,-1.3541,-1.6121
-0.12823,-1.6476,-0.85069,-1.1933,-1.1283,-0.14111,-0.77931,-2.2549,-1.8033,-2.6289,-1.1792,-1.8436
-0.090971,-1.5835,-0.88489,-1.1873,-1.1798,-0.21521,-0.77304,-2.232,-1.9458,-2.5269,-1.3158,-2.2214
-0.052298,-1.5025,-0.89823,-1.1835,-1.2309,-0.21352,-0.73384,-2.3607,-2.024,-2.6327,-1.6439,-2.6182
-0.01368,-1.3953,-0.93477,-1.2076,-1.277,-0.15054,-0.60994,-2.5717,-2.0254,-2.8696,-2.093,-2.8343
0.021873,-1.257,-1.0057,-1.2653,-1.2972,-0.030788,-0.41895,-2.8442,-1.9304,-3.1781,-2.3878,-2.7553
0.054905,-1.1204,-1.1119,-1.3317,-1.2933,0.12681,-0.28691,-3.0388,-1.7816,-3.3593,-2.415,-2.4595
0.084554,-0.99365,-1.1966,-1.3875,-1.2581,0.26127,-0.2635,-3.139,-1.6413,-3.4576,-2.1448,-2.0839
0.10988,-0.87163,-1.254,-1.4355,-1.2025,0.32951,-0.28881,-3.0847,-1.5715,-3.3465,-1.7459,-1.7211
0.12701,-0.75175,-1.2924,-1.4677,-1.1466,0.32181,-0.37554,-2.8907,-1.615,-3.157,-1.4395,-1.7065
0.14251,-0.65214,-1.3258,-1.4846,-1.0928,0.25852,-0.56663,-2.6437,-1.725,-2.9018,-1.3352,-1.9312
0.15478,-0.58776,-1.3318,-1.4763,-1.0751,0.15923,-0.79004,-2.4128,-1.8937,-2.7582,-1.5435,-2.3802
0.16389,-0.54859,-1.3272,-1.4458,-1.1017,0.030399,-0.92802,-2.2748,-2.0746,-2.765,-1.8772,-2.7916
0.17064,-0.54998,-1.3041,-1.4005,-1.1241,-0.092212,-0.94111,-2.2915,-2.1747,-2.9559,-2.293,-2.978
0.17388,-0.57592,-1.2519,-1.3495,-1.1681,-0.17369,-0.88373,-2.4344,-2.1739,-3.2231,-2.5578,-2.7966
0.1699,-0.65043,-1.1946,-1.339,-1.2295,-0.20251,-0.78255,-2.691,-2.0846,-3.529,-2.539,-2.4377
0.16222,-0.74345,-1.1407,-1.3274,-1.2809,-0.17148,-0.61692,-2.966,-1.9606,-3.6409,-2.2643,-2.0749
0.14779,-0.86962,-1.0743,-1.304,-1.3099,-0.083817,-0.44653,-3.1806,-1.8161,-3.5951,-1.8802,-1.833
0.13145,-1.0122,-1.0529,-1.3059,-1.3048,0.044706,-0.3614,-3.2432,-1.7305,-3.4052,-1.5557,-1.8663
0.10849,-1.1496,-1.0302,-1.3317,-1.2895,0.17345,-0.37135,-3.1725,-1.7557,-3.1843,-1.504,-2.1408
0.082801,-1.2884,-1.0259,-1.3703,-1.2752,0.25726,-0.44179,-2.9911,-1.8719,-2.9795,-1.7353,-2.5665
0.055578,-1.4254,-1.0507,-1.4164,-1.2489,0.27471,-0.53986,-2.7711,-2.0437,-2.9283,-2.1573,-2.9409
0.034456,-1.5474,-1.0865,-1.4916,-1.2126,0.24447,-0.69908,-2.5741,-2.2186,-3.0568,-2.5388,-3.0831
0.00092992,-1.6499,-1.1701,-1.5565,-1.1789,0.14507,-0.86782,-2.4601,-2.3359,-3.3355,-2.7372,-2.9222
-0.039378,-1.7166,-1.2447,-1.5849,-1.1768,0.020917,-0.91718,-2.4999,-2.3483,-3.609,-2.636,-2.5394
-0.076014,-1.7565,-1.3044,-1.5856,-1.2009,-0.12973,-0.88575,-2.6547,-2.2719,-3.8355,-2.3259,-2.132
-0.10937,-1.7607,-1.3507,-1.5803,-1.2352,-0.24746,-0.84801,-2.9354,-2.1566,-3.8342,-1.9543,-1.9627
-0.15133,-1.7294,-1.4057,-1.5437,-1.2958,-0.322,-0.75198,-3.2054,-2.0242,-3.6911,-1.6285,-2.0344
-0.19372,-1.6653,-1.4333,-1.4867,-1.3655,-0.33182,-0.58737,-3.4106,-1.9342,-3.451,-1.6294,-2.4049
-0.23007,-1.5824,-1.4439,-1.4411,-1.4186,-0.28345,-0.43577,-3.4516,-1.9238,-3.2339,-1.8365,-2.8311
-0.25983,-1.4748,-1.4391,-1.3969,-1.4549,-0.18707,-0.36964,-3.3419,-2.0454,-3.1271,-2.2705,-3.1923
-0.3023,-1.3366,-1.4191,-1.3825,-1.4785,-0.064391,-0.36901,-3.1534,-2.2047,-3.2046,-2.6681,-3.2221
-0.3484,-1.2002,-1.3857,-1.3815,-1.4785,0.054311,-0.42569,-2.9209,-2.3638,-3.4204,-2.8464,-3.0262
-0.3781,-1.0699,-1.3363,-1.3889,-1.4446,0.13441,-0.56892,-2.7214,-2.4793,-3.7013,-2.6931,-2.6675
-0.40324,-0.94424,-1.2589,-1.4112,-1.3814,0.14632,-0.76903,-2.6034,-2.5259,-3.9114,-2.3339,-2.311
-0.43642,-0.82211,-1.1854,-1.4454,-1.3177,0.092268,-0.91696,-2.6409,-2.4652,-4.0241,-1.9771,-2.1175
-0.46673,-0.72483,-1.1459,-1.5145,-1.2704,-0.0021362,-0.96494,-2.8061,-2.3254,-3.9473,-1.7048,-2.2419
-0.48665,-0.66356,-1.1488,-1.5913,-1.2275,-0.11761,-0.95083,-3.0425,-2.1903,-3.7247,-1.7104,-2.5987
-0.50353,-0.62591,-1.1667,-1.6524,-1.1921,-0.22587,-0.89152,-3.3126,-2.0856,-3.4829,-1.9817,-3.0292
-0.52421,-0.62903,-1.2101,-1.6986,-1.1966,-0.29161,-0.74926,-3.4805,-2.0451,-3.3171,-2.384,-3.3429
-0.54432,-0.65752,-1.2809,-1.7361,-1.2439,-0.30211,-0.55584,-3.509,-2.1266,-3.322,-2.7774,-3.366
-0.55295,-0.73324,-1.3434,-1.7363,-1.3229,-0.2528,-0.42365,-3.3621,-2.2653,-3.4866,-2.9065,-3.0774
-0.55439,-0.82775,-1.411,-1.7034,-1.4292,-0.14208,-0.39292,-3.1364,-2.428,-3.7542,-2.736,-2.6735
-0.55546,-0.95059,-1.4815,-1.6557,-1.5149,-0.00092011,-0.43022,-2.8895,-2.5764,-3.9986,-2.3482,-2.3778
-0.5525,-1.0959,-1.5629,-1.6183,-1.5763,0.13418,-0.51835,-2.6807,-2.6475,-4.145,-1.957,-2.241
-0.54434,-1.2396,-1.6194,-1.6185,-1.631,0.239,-0.68442,-2.5929,-2.5963,-4.1264,-1.7686,-2.4326
-0.53225,-1.3802,-1.6377,-1.6139,-1.6509,0.27595,-0.85837,-2.6673,-2.465,-3.953,-1.8074,-2.7708
-0.52191,-1.5145,-1.641,-1.608,-1.6331,0.22165,-0.97578,-2.8903,-2.335,-3.6948,-2.1435,-3.1942
-0.51328,-1.6341,-1.6365,-1.6015,-1.6005,0.11206,-1.0019,-3.135,-2.2196,-3.4942,-2.5265,-3.4454
-0.49453,-1.7354,-1.6279,-1.6053,-1.5483,-0.015624,-0.97763,-3.4081,-2.1845,-3.4255,-2.8743,-3.443
-0.46916,-1.8019,-1.5861,-1.6371,-1.4913,-0.13975,-0.8882,-3.5653,-2.2309,-3.5393,-2.9375,-3.1411
-0.44185,-1.8428,-1.5117,-1.6911,-1.4689,-0.25302,-0.73403,-3.5933,-2.3791,-3.7927,-2.749,-2.732
-0.41126,-1.8475,-1.4328,-1.7489,-1.4786,-0.32083,-0.56932,-3.4744,-2.5662,-4.0921,-2.3859,-2.3939
-0.37744,-1.8147,-1.3952,-1.7981,-1.481,-0.31289,-0.47381,-3.2758,-2.7252,-4.2733,-1.9971,-2.3585
-0.34113,-1.7442,-1.3713,-1.8309,-1.4905,-0.24725,-0.4802,-3.0493,-2.7914,-4.3176,-1.7989,-2.5992
-0.30569,-1.6546,-1.3661,-1.8568,-1.5398,-0.14878,-0.54252,-2.8645,-2.7692,-4.1849,-1.9042,-3.0039
-0.27612,-1.5418,-1.3434,-1.8731,-1.6209,-0.028699,-0.68416,-2.8041,-2.6816,-3.9959,-2.2754,-3.4114
-0.24757,-1.4048,-1.3369,-1.8657,-1.6997,0.082711,-0.88465,-2.9316,-2.5374,-3.7639,-2.7189,-3.6212
-0.21405,-1.2674,-1.3754,-1.8255,-1.7586,0.14374,-1.0759,-3.1708,-2.4239,-3.6381,-3.0082,-3.5264
-0.17783,-1.1399,-1.4378,-1.7696,-1.7902,0.12774,-1.1751,-3.4426,-2.3771,-3.6733,-3.0276,-3.2363
-0.1392,-1.0155,-1.5245,-1.7142,-1.8006,0.071067,-1.1786,-3.7075,-2.4053,-3.8672,-2.778,-2.8704
-0.10348,-0.88986,-1.6026,-1.6916,-1.8025,-0.037797,-1.1219,-3.8645,-2.5359,-4.1178,-2.4118,-2.5292
-0.072828,-0.78548,-1.6789,-1.6705,-1.7726,-0.17502,-1.0012,-3.8609,-2.7031,-4.4202,-2.0913,-2.5279
-0.044529,-0.72037,-1.7343,-1.6399,-1.7203,-0.30857,-0.81803,-3.7327,-2.8433,-4.5275,-1.9155,-2.7576
-0.02132,-0.68488,-1.7646,-1.6421,-1.6845,-0.40136,-0.66409,-3.5496,-2.9151,-4.4538,-2.067,-3.2128
-0.0025063,-0.69239,-1.7727,-1.6715,-1.6607,-0.4218,-0.61991,-3.3207,-2.9041,-4.2293,-2.3897,-3.6157
0.011894,-0.72311,-1.788,-1.7104,-1.6462,-0.37201,-0.68673,-3.1395,-2.7972,-4.013,-2.8348,-3.8118
0.0235,-0.79837,-1.7913,-1.7547,-1.6709,-0.26888,-0.78344,-3.0972,-2.6509,-3.8191,-3.1144,-3.6376
0.032501,-0.8967,-1.753,-1.8324,-1.7101,-0.13704,-0.92236,-3.2243,-2.5319,-3.7953,-3.1202,-3.2696
0.03935,-1.0215,-1.6955,-1.8923,-1.7658,-0.010912,-1.1147,-3.418,-2.4648,-3.9508,-2.8392,-2.9102
0.041485,-1.1644,-1.6399,-1.9106,-1.8194,0.061601,-1.2626,-3.6759,-2.5005,-4.2178,-2.4397,-2.6889
0.042085,-1.3063,-1.578,-1.9104,-1.8618,0.071417,-1.3032,-3.8878,-2.5968,-4.4682,-2.1279,-2.7013
0.034093,-1.45,-1.5397,-1.9176,-1.8937,-0.0019366,-1.2624,-4.0112,-2.7542,-4.6972,-2.0308,-2.9814
0.02246,-1.5929,-1.5003,-1.8933,-1.8818,-0.11586,-1.1903,-3.9612,-2.9102,-4.7019,-2.2427,-3.3813
0.0054534,-1.7206,-1.4929,-1.8481,-1.8441,-0.24289,-1.0655,-3.7912,-3.0022,-4.5545,-2.5977,-3.7475
-0.012748,-1.8245,-1.5241,-1.8156,-1.8049,-0.35553,-0.88521,-3.5749,-3.0064,-4.2871,-3.0044,-3.8707
-0.038223,-1.8873,-1.5693,-1.7778,-1.7642,-0.45037,-0.76282,-3.3534,-2.9103,-4.0715,-3.2742,-3.7211
-0.064487,-1.9253,-1.6275,-1.7535,-1.7388,-0.49174,-0.75972,-3.1684,-2.7744,-3.9747,-3.2516,-3.3401
-0.08992,-1.9284,-1.6758,-1.7431,-1.7171,-0.47218,-0.79979,-3.145,-2.6344,-4.0894,-2.9682,-2.9186
-0.1134,-1.8958,-1.7513,-1.7518,-1.7069,-0.39156,-0.87283,-3.262,-2.5509,-4.3306,-2.5797,-2.735
-0.1481,-1.8308,-1.8364,-1.7782,-1.7272,-0.28298,-1.0389,-3.4646,-2.5755,-4.6503,-2.2566,-2.7908
-0.18289,-1.7472,-1.883,-1.8118,-1.7698,-0.16643,-1.2321,-3.7149,-2.6959,-4.8563,-2.2071,-3.147
-0.21073,-1.6395,-1.8989,-1.8744,-1.8499,-0.053333,-1.3525,-3.9329,-2.8725,-4.9556,-2.4247,-3.5712
-0.23998,-1.5011,-1.9248,-1.9425,-1.9355,0.015012,-1.358,-4.0484,-3.0596,-4.8572,-2.8556,-3.9231
-0.28016,-1.3573,-1.9508,-1.9911,-1.9945,0.010453,-1.3214,-3.9967,-3.1781,-4.669,-3.2243,-3.9484
-0.31147,-1.2206,-1.9424,-2.0246,-2.0489,-0.043825,-1.2245,-3.7997,-3.1924,-4.4057,-3.4331,-3.7459
-0.33578,-1.0935,-1.9085,-2.0556,-2.0934,-0.15113,-1.0376,-3.5668,-3.1094,-4.2563,-3.3453,-3.3772
-0.36932,-0.9708,-1.8418,-2.0501,-2.104,-0.29576,-0.85724,-3.3488,-2.9916,-4.2729,-3.0492,-3.0363
-0.41172,-0.87086,-1.749,-2.0091,-2.0801,-0.42502,-0.79288,-3.194,-2.8662,-4.4563,-2.6824,-2.842
-0.44373,-0.80607,-1.6816,-1.9481,-2.0184,-0.50495,-0.80546,-3.2139,-2.7784,-4.7265,-2.3578,-2.9824
-0.46443,-0.76645,-1.6309,-1.8932,-1.9364,-0.51273,-0.8878,-3.3697,-2.7748,-5.0123,-2.3612,-3.3408
-0.48719,-0.77054,-1.608,-1.8763,-1.8777,-0.46482,-1.0363,-3.6188,-2.9089,-5.1208,-2.5687,-3.777
-0.51494,-0.79737,-1.6346,-1.8554,-1.8569,-0.37057,-1.2467,-3.8889,-3.0935,-5.0684,-2.9945,-4.09
-0.53877,-0.87016,-1.6634,-1.8319,-1.8473,-0.24204,-1.4367,-4.1136,-3.2631,-4.8729,-3.3664,-4.1136
-0.55177,-0.96408,-1.669,-1.811,-1.8671,-0.11526,-1.5365,-4.1876,-3.38,-4.6314,-3.5148,-3.8249
-0.57053,-1.0913,-1.6978,-1.8041,-1.9199,-0.036268,-1.5342,-4.0963,-3.4188,-4.4218,-3.3447,-3.4271
-0.58963,-1.2342,-1.7716,-1.8352,-1.9856,-0.030252,-1.4855,-3.8964,-3.364,-4.3698,-2.9844,-3.1434
-0.6004,-1.3737,-1.8821,-1.8824,-2.0678,-0.088919,-1.3721,-3.6704,-3.2262,-4.4907,-2.6326,-3.0476
-0.60308,-1.5194,-1.9705,-1.9358,-2.1395,-0.17391,-1.176,-3.4625,-3.0969,-4.7461,-2.3653,-3.2796
-0.60219,-1.6633,-2.0287,-1.9723,-2.1948,-0.29452,-1.0243,-3.3392,-2.992,-5.0105,-2.364,-3.6356
-0.60065,-1.7897,-2.0661,-2.0048,-2.2473,-0.42596,-0.96925,-3.3746,-2.9503,-5.2106,-2.634,-4.0739
-0.59625,-1.8936,-2.0991,-2.0319,-2.2866,-0.50932,-1.0167,-3.5246,-3.0387,-5.2112,-3.0168,-4.3094
-0.58456,-1.9577,-2.1082,-2.0435,-2.2887,-0.52589,-1.1089,-3.7482,-3.1831,-5.0646,-3.4178,-4.3021
-0.57914,-1.9966,-2.103,-2.0366,-2.2554,-0.47251,-1.28,-4.0099,-3.3299,-4.8335,-3.532,-4.021
-0.57789,-1.9991,-2.0751,-2.0153,-2.1954,-0.35977,-1.492,-4.2084,-3.4539,-4.6046,-3.3637,-3.6354
-0.5677,-1.968,-2.0165,-1.9789,-2.1246,-0.20135,-1.6488,-4.253,-3.5258,-4.4864,-2.9809,-3.2967
-0.54908,-1.9018,-1.9625,-1.9236,-2.0728,-0.039242,-1.6685,-4.1269,-3.4709,-4.5484,-2.5888,-3.2782
-0.52371,-1.8199,-1.9134,-1.9008,-2.062,0.060964,-1.6096,-3.9334,-3.3191,-4.7548,-2.407,-3.5186
-0.49724,-1.7174,-1.8501,-1.8799,-2.0627,0.082758,-1.5188,-3.7227,-3.1805,-5.0184,-2.4574,-3.9355
-0.47162,-1.586,-1.8253,-1.8624,-2.0865,0.046463,-1.3596,-3.4915,-3.0807,-5.2786,-2.8058,-4.3594
-0.43788,-1.4467,-1.7948,-1.8784,-2.161,-0.038544,-1.1799,-3.3737,-3.0412,-5.3844,-3.1959,-4.555
-0.40175,-1.3123,-1.7794,-1.9209,-2.2469,-0.15389,-1.0635,-3.4178,-3.106,-5.3195,-3.5397,-4.4214
-0.37248,-1.185,-1.7996,-1.973,-2.3009,-0.28878,-1.0779,-3.5913,-3.2616,-5.0869,-3.6065,-4.1105
-0.34244,-1.0587,-1.8352,-2.0243,-2.3233,-0.37628,-1.1448,-3.8185,-3.443,-4.8553,-3.4128,-3.7496
-0.30843,-0.95453,-1.9214,-2.096,-2.3291,-0.41877,-1.2326,-4.0966,-3.5961,-4.6821,-3.0669,-3.4237
-0.27046,-0.89115,-1.9914,-2.1552,-2.3201,-0.42362,-1.3938,-4.298,-3.6687,-4.6865,-2.7009,-3.4409
-0.23139,-0.85898,-2.039,-2.1806,-2.3094,-0.38096,-1.5861,-4.3463,-3.6325,-4.8522,-2.519,-3.6645
-0.19347,-0.86798,-2.0722,-2.1928,-2.2942,-0.28996,-1.6863,-4.2139,-3.5266,-5.1314,-2.6494,-4.0902
-0.15519,-0.89642,-2.1136,-2.2062,-2.2735,-0.18576,-1.6845,-4.0113,-3.3933,-5.3736,-3.0171,-4.4582
-0.12082,-0.96704,-2.1339,-2.1835,-2.2461,-0.094731,-1.6412,-3.7966,-3.2999,-5.5556,-3.4562,-4.6392
-0.09294,-1.0587,-2.1467,-2.1329,-2.2196,-0.043031,-1.5476,-3.5866,-3.2808,-5.5538,-3.7237,-4.4576
-0.067035,-1.1779,-2.1449,-2.0888,-2.204,-0.051449,-1.3737,-3.503,-3.317,-5.3937,-3.7461,-4.0807
-0.045529,-1.3168,-2.1259,-2.0372,-2.2301,-0.098538,-1.2004,-3.606,-3.4658,-5.1275,-3.4872,-3.7161
-0.03152,-1.4589,-2.0851,-1.9883,-2.2681,-0.17157,-1.1594,-3.8317,-3.6498,-4.9275,-3.1149,-3.5101
-0.019348,-1.6011,-2.0203,-1.9721,-2.3005,-0.27175,-1.1971,-4.0802,-3.7813,-4.8416,-2.8044,-3.5255
-0.0088879,-1.7407,-1.9286,-1.989,-2.3405,-0.37708,-1.2837,-4.3518,-3.8433,-4.9504,-2.6408,-3.8181
0.0010825,-1.867,-1.8487,-2.0224,-2.3869,-0.45434,-1.4438,-4.5219,-3.8529,-5.1931,-2.7967,-4.232
0.0041397,-1.9686,-1.8049,-2.0603,-2.4234,-0.48635,-1.6609,-4.5506,-3.7706,-5.5064,-3.1158,-4.5931
0.0017478,-2.0295,-1.8142,-2.1233,-2.4073,-0.45328,-1.8499,-4.4247,-3.6201,-5.6858,-3.5527,-4.7114
-0.0053342,-2.0648,-1.8389,-2.1785,-2.3624,-0.35226,-1.9192,-4.2343,-3.5097,-5.7367,-3.826,-4.5781
-0.017405,-2.0625,-1.8748,-2.2037,-2.3082,-0.20269,-1.879,-4.0085,-3.4729,-5.6043,-3.8207,-4.2203
-0.035962,-2.028,-1.9406,-2.2228,-2.2513,-0.049087,-1.7983,-3.8167,-3.4984,-5.4121,-3.5385,-3.81
-0.056535,-1.9631,-1.9992,-2.2549,-2.1902,0.07072,-1.6731,-3.7518,-3.6257,-5.1499,-3.1511,-3.6438
-0.083578,-1.8809,-2.0585,-2.2584,-2.1371,0.12662,-1.5078,-3.873,-3.7972,-5.0144,-2.8474,-3.7153
-0.11173,-1.7776,-2.1239,-2.2287,-2.1157,0.10304,-1.4051,-4.0767,-3.9452,-5.0353,-2.7585,-4.0894
-0.13685,-1.6472,-2.2001,-2.1811,-2.1415,0.012678,-1.3994,-4.3328,-4.0353,-5.2082,-2.9664,-4.5272
-0.1676,-1.5048,-2.2557,-2.1413,-2.1745,-0.093447,-1.4473,-4.5779,-4.0469,-5.4565,-3.3288,-4.8917
-0.2111,-1.3683,-2.2842,-2.1289,-2.2429,-0.20855,-1.51,-4.7177,-3.946,-5.755,-3.7076,-4.9268
-0.24514,-1.2432,-2.2883,-2.1071,-2.3259,-0.31221,-1.6363,-4.6985,-3.7967,-5.8666,-3.9587,-4.7377
-0.27811,-1.1234,-2.2845,-2.0831,-2.3881,-0.36958,-1.804,-4.5579,-3.6589,-5.8003,-3.9242,-4.3893
-0.32247,-1.0231,-2.2771,-2.0698,-2.4356,-0.36171,-1.9449,-4.3642,-3.5984,-5.5932,-3.6506,-4.063
-0.36838,-0.95925,-2.2308,-2.0783,-2.4707,-0.2866,-1.9799,-4.13,-3.6444,-5.365,-3.2627,-3.8842
-0.40513,-0.92784,-2.1479,-2.1243,-2.4851,-0.16449,-1.9531,-3.94,-3.745,-5.1592,-2.9329,-4.0303
-0.43877,-0.93855,-2.067,-2.1909,-2.4709,-0.02661,-1.8904,-3.9036,-3.9025,-5.1279,-2.9026,-4.3958
-0.48155,-0.96826,-2.0228,-2.2651,-2.415,0.095563,-1.7414,-4.0219,-4.0827,-5.2755,-3.1281,-4.8365
-0.52513,-1.0372,-1.9897,-2.3117,-2.3351,0.17782,-1.5469,-4.214,-4.1796,-5.5389,-3.5819,-5.1559
-0.55445,-1.1314,-1.9717,-2.3488,-2.2721,0.19114,-1.4116,-4.466,-4.1678,-5.8062,-3.972,-5.1916
-0.57825,-1.2577,-1.9443,-2.3799,-2.2478,0.13678,-1.4013,-4.69,-4.077,-6.0416,-4.1704,-4.9067
-0.61254,-1.4003,-1.9405,-2.4023,-2.2389,0.024878,-1.4648,-4.8215,-3.9558,-6.0568,-4.0543,-4.5056
-0.64268,-1.5437,-1.9842,-2.4015,-2.2476,-0.10121,-1.5844,-4.7838,-3.8205,-5.9245,-3.7421,-4.22
-0.66027,-1.684,-2.0434,-2.383,-2.2943,-0.22341,-1.7837,-4.627,-3.7507,-5.6761,-3.3807,-4.1099
-0.67705,-1.8219,-2.1067,-2.3554,-2.3763,-0.31949,-2.0082,-4.4001,-3.788,-5.4535,-3.0747,-4.3132
-0.69742,-1.9469,-2.1672,-2.3097,-2.4743,-0.34495,-2.0969,-4.1669,-3.8884,-5.3459,-3.0849,-4.6623
-0.71586,-2.0447,-2.2388,-2.288,-2.5553,-0.28904,-2.073,-3.9857,-4.0699,-5.4449,-3.3155,-5.0857
-0.72237,-2.1026,-2.2931,-2.2681,-2.6115,-0.1777,-2.0256,-3.9867,-4.2719,-5.6761,-3.7416,-5.3168
-0.72249,-2.1376,-2.3302,-2.2488,-2.6505,-0.042126,-1.9275,-4.1188,-4.402,-5.9722,-4.1525,-5.3077
-0.72336,-2.1345,-2.3418,-2.2644,-2.6734,0.090417,-1.7578,-4.3347,-4.4244,-6.2056,-4.3185,-5.0167
-0.71808,-2.097,-2.3479,-2.3081,-2.6746,0.17585,-1.606,-4.588,-4.3828,-6.3047,-4.1555,-4.616
-0.70553,-2.0274,-2.3319,-2.3595,-2.6436,0.18779,-1.5647,-4.8171,-4.2776,-6.2234,-3.7909,-4.2563
-0.69613,-1.94,-2.2893,-2.407,-2.5932,0.11654,-1.6259,-4.9076,-4.1441,-6.0128,-3.4303,-4.2214
-0.68921,-1.8342,-2.2362,-2.4702,-2.5339,0.010923,-1.7025,-4.8447,-4.0548,-5.7655,-3.2102,-4.4486
-0.67861,-1.7028,-2.1732,-2.5234,-2.479,-0.10913,-1.8381,-4.6751,-4.0557,-5.5911,-3.2343,-4.8471
-0.65811,-1.5606,-2.1009,-2.5405,-2.4591,-0.22577,-2.068,-4.4464,-4.1697,-5.5903,-3.5512,-5.2601
-0.63038,-1.4216,-2.0564,-2.544,-2.4699,-0.31525,-2.2459,-4.2226,-4.3416,-5.7533,-3.94,-5.4593
-0.59931,-1.2936,-2.0051,-2.5498,-2.4745,-0.34109,-2.2979,-4.072,-4.5319,-6.0179,-4.3404,-5.3302
-0.56728,-1.1722,-2.0002,-2.5258,-2.504,-0.29467,-2.2686,-4.1123,-4.6675,-6.2563,-4.4477,-5.0163
-0.5336,-1.0725,-2.0341,-2.466,-2.5621,-0.19706,-2.2079,-4.2617,-4.7388,-6.3987,-4.2836,-4.6584
-0.49929,-1.0115,-2.0702,-2.4103,-2.6151,-0.077945,-2.0668,-4.4813,-4.6899,-6.3781,-3.9152,-4.3338
-0.46336,-0.98104,-2.1252,-2.3506,-2.638,0.047364,-1.8717,-4.7372,-4.5632,-6.1975,-3.517,-4.3394
-0.43149,-0.99095,-2.1794,-2.3081,-2.6235,0.15275,-1.7525,-4.954,-4.441,-5.9402,-3.346,-4.5616
-0.40013,-1.0204,-2.268,-2.2887,-2.6039,0.2009,-1.7624,-5.005,-4.3393,-5.7326,-3.4266,-4.9926
-0.36342,-1.0943,-2.3533,-2.294,-2.5926,0.20007,-1.8061,-4.9095,-4.2919,-5.6437,-3.8007,-5.3713
-0.32481,-1.1914,-2.4007,-2.3168,-2.5666,0.15429,-1.8963,-4.746,-4.3736,-5.7502,-4.2341,-5.5609
-0.28635,-1.3193,-2.4124,-2.3457,-2.5102,0.065662,-2.0868,-4.5657,-4.5106,-5.9928,-4.5376,-5.3855
-0.24912,-1.4659,-2.4278,-2.3977,-2.4553,-0.047097,-2.2893,-4.3384,-4.6686,-6.2884,-4.5824,-5.0094
-0.21584,-1.6178,-2.433,-2.4579,-2.4382,-0.15763,-2.3861,-4.2001,-4.8332,-6.4757,-4.3647,-4.6454
-0.18611,-1.7625,-2.4199,-2.4915,-2.4532,-0.235,-2.3734,-4.236,-4.9239,-6.5156,-4.0042,-4.4428
-0.16316,-1.901,-2.394,-2.5226,-2.4792,-0.26264,-2.3226,-4.3846,-4.8838,-6.3715,-3.6628,-4.4634
-0.14357,-2.0251,-2.3341,-2.5623,-2.5339,-0.23648,-2.202,-4.5915,-4.7553,-6.1754,-3.4803,-4.7701
-0.12575,-2.1259,-2.251,-2.564,-2.6082,-0.15599,-2.0105,-4.89,-4.6129,-5.9349,-3.6324,-5.1928
-0.11337,-2.19,-2.1903,-2.524,-2.6621,-0.046171,-1.8249,-5.1174,-4.4903,-5.8157,-3.9747,-5.5582
-0.10113,-2.2284,-2.1253,-2.4672,-2.6996,0.056413,-1.7496,-5.159,-4.4517,-5.8544,-4.4431,-5.6603
-0.091067,-2.2277,-2.0989,-2.4216,-2.7257,0.11336,-1.7612,-5.0415,-4.4873,-6.0474,-4.7236,-5.5028
-0.087487,-2.1915,-2.1088,-2.405,-2.7147,0.11243,-1.8316,-4.8644,-4.6393,-6.3005,-4.7337,-5.1264
-0.090008,-2.1218,-2.1287,-2.391,-2.6665,0.050802,-1.9677,-4.6683,-4.8249,-6.6058,-4.4548,-4.7132
-0.096452,-2.0292,-2.1396,-2.3884,-2.6016,-0.057846,-2.1575,-4.4368,-4.981,-6.7188,-4.0641,-4.555
-0.10814,-1.9204,-2.1654,-2.3949,-2.5393,-0.18643,-2.3326,-4.3176,-5.0519,-6.6501,-3.774,-4.6379
-0.12329,-1.7911,-2.241,-2.4099,-2.499,-0.30314,-2.3889,-4.3826,-5.0465,-6.4391,-3.6603,-5.0074
-0.13968,-1.6476,-2.338,-2.4536,-2.4659,-0.39955,-2.3508,-4.5703,-4.9705,-6.2186,-3.8667,-5.4284
-0.16224,-1.5114,-2.4136,-2.5147,-2.4492,-0.44639,-2.2792,-4.8218,-4.83,-6.0242,-4.215,-5.7712
-0.18845,-1.3856,-2.4732,-2.5851,-2.4735,-0.4186,-2.1388,-5.1118,-4.728,-6.0025,-4.6328,-5.7888
-0.21348,-1.263,-2.5229,-2.6278,-2.5258,-0.33164,-1.9347,-5.3188,-4.7003,-6.1502,-4.9106,-5.5791
-0.24188,-1.1571,-2.5565,-2.6608,-2.6016,-0.20954,-1.8105,-5.3472,-4.7397,-6.4066,-4.8905,-5.2187
-0.27913,-1.0848,-2.5622,-2.6883,-2.6961,-0.072326,-1.7904,-5.2055,-4.8898,-6.6578,-4.6124,-4.8868
-0.32045,-1.045,-2.554,-2.7093,-2.7729,0.048692,-1.846,-5.0241,-5.0806,-6.8861,-4.234,-4.6851
-0.35499,-1.0522,-2.5261,-2.7067,-2.8334,0.10398,-1.9329,-4.7918,-5.2342,-6.8994,-3.9223,-4.8345
-0.3886,-1.0884,-2.4804,-2.6795,-2.8737,0.091287,-2.0619,-4.5942,-5.3241,-6.7615,-3.8815,-5.183
-0.43591,-1.1669,-2.4287,-2.6436,-2.8869,0.020394,-2.2576,-4.5115,-5.343,-6.4977,-4.1065,-5.6072
-0.4755,-1.2703,-2.3719,-2.5995,-2.8748,-0.078599,-2.3773,-4.6214,-5.2581,-6.2701,-4.5487,-5.8985
-0.50327,-1.3942,-2.3113,-2.5774,-2.8419,-0.21975,-2.3832,-4.8157,-5.1207,-6.1495,-4.9198,-5.9162
-0.54099,-1.533,-2.2862,-2.5556,-2.7776,-0.3523,-2.3524,-5.0577,-5.0053,-6.2398,-5.146,-5.6169
-0.58876,-1.6777,-2.2628,-2.5335,-2.703,-0.42484,-2.3067,-5.3064,-4.9583,-6.463,-5.0682,-5.2084
-0.62544,-1.8175,-2.2594,-2.5441,-2.6583,-0.43107,-2.1826,-5.4691,-5.0097,-6.7612,-4.763,-4.9206
-0.65289,-1.957,-2.2937,-2.5784,-2.6469,-0.36268,-2.0242,-5.4574,-5.1343,-6.9643,-4.3942,-4.8156
-0.6834,-2.0863,-2.3424,-2.6208,-2.6324,-0.24576,-1.916,-5.3134,-5.308,-7.0568,-4.0657,-5.0214
-0.71512,-2.1941,-2.4156,-2.6622,-2.6302,-0.10752,-1.9155,-5.146,-5.4786,-6.9572,-4.076,-5.3736
-0.73786,-2.2612,-2.4745,-2.7245,-2.6756,0.010243,-1.9559,-4.916,-5.5786,-6.7471,-4.2988,-5.7963
-0.7499,-2.3005,-2.5219,-2.7862,-2.7536,0.061336,-2.026,-4.7218,-5.5805,-6.4864,-4.7442,-6.0242
-0.77017,-2.296,-2.5829,-2.8127,-2.8222,0.023671,-2.2132,-4.6489,-5.4791,-6.3264,-5.1417,-6.0132
-0.79155,-2.2584,-2.6506,-2.82,-2.8697,-0.058174,-2.3767,-4.7525,-5.346,-6.3319,-5.2979,-5.7242
-0.8022,-2.1885,-2.685,-2.8169,-2.8955,-0.16739,-2.4668,-4.9061,-5.2109,-6.5045,-5.1382,-5.3288
-0.80489,-2.0959,-2.697,-2.7909,-2.9004,-0.29317,-2.4818,-5.1467,-5.1354,-6.777,-4.7759,-4.9896
-0.80513,-1.9896,-2.6812,-2.7411,-2.9025,-0.42164,-2.464,-5.371,-5.1804,-7.0441,-4.4247,-4.9808
-0.80237,-1.8651,-2.652,-2.7,-2.868,-0.50568,-2.3546,-5.5328,-5.2877,-7.1628,-4.1741,-5.2166
-0.79508,-1.7251,-2.5994,-2.66,-2.7957,-0.5384,-2.1666,-5.5227,-5.4614,-7.123,-4.1667,-5.6307
-0.78135,-1.5846,-2.5323,-2.6209,-2.7372,-0.50787,-1.9945,-5.3964,-5.6434,-6.9366,-4.467,-6.05
-0.77233,-1.4552,-2.4425,-2.6058,-2.7176,-0.42437,-1.9227,-5.199,-5.7603,-6.6873,-4.8587,-6.2592
-0.7638,-1.3351,-2.381,-2.6252,-2.7298,-0.3082,-1.9269,-4.982,-5.7652,-6.4941,-5.2674,-6.1378
-0.74504,-1.232,-2.3436,-2.663,-2.7661,-0.19255,-1.9811,-4.7769,-5.7008,-6.4332,-5.3829,-5.8357
-0.71787,-1.1608,-2.3535,-2.7037,-2.8139,-0.10523,-2.1315,-4.7467,-5.5901,-6.5496,-5.221,-5.4933
-0.68764,-1.1231,-2.3631,-2.7743,-2.8786,-0.068,-2.3153,-4.8667,-5.4565,-6.7971,-4.8424,-5.1779
-0.65661,-1.1318,-2.3784,-2.8483,-2.9325,-0.12456,-2.4807,-5.0724,-5.3764,-7.079,-4.4407,-5.178
-0.6279,-1.1643,-2.4289,-2.8978,-2.9644,-0.22565,-2.5495,-5.3324,-5.3916,-7.2786,-4.2683,-5.4063
-0.59241,-1.2395,-2.4799,-2.9348,-2.9887,-0.34896,-2.5488,-5.5882,-5.522,-7.3031,-4.3369,-5.8321
-0.5539,-1.3395,-2.5491,-2.9747,-2.9699,-0.47815,-2.495,-5.7305,-5.7114,-7.1559,-4.7094,-6.199
-0.52129,-1.4655,-2.6309,-2.9818,-2.9286,-0.59135,-2.3643,-5.6986,-5.8992,-6.9439,-5.1393,-6.3865
-0.48992,-1.6082,-2.7117,-2.9426,-2.8928,-0.63959,-2.1749,-5.5434,-6.0179,-6.7044,-5.4619,-6.2104
-0.45593,-1.7579,-2.7707,-2.8891,-2.8604,-0.61265,-2.0536,-5.3257,-6.0781,-6.5854,-5.5376,-5.8359
-0.41882,-1.8982,-2.8019,-2.853,-2.8273,-0.5265,-2.0138,-5.1182,-6.0536,-6.635,-5.3299,-5.466
-0.38091,-2.0327,-2.8049,-2.8406,-2.7903,-0.39787,-2.0331,-4.9511,-5.9313,-6.8295,-4.9748,-5.2572
-0.34584,-2.1522,-2.8103,-2.8201,-2.7634,-0.25687,-2.1146,-4.9738,-5.8082,-7.0701,-4.635,-5.26
-0.31102,-2.2562,-2.8074,-2.8089,-2.792,-0.13411,-2.274,-5.1088,-5.7216,-7.3566,-4.4598,-5.5492
-0.27952,-2.3253,-2.7648,-2.8055,-2.8453,-0.054268,-2.4834,-5.336,-5.6933,-7.4692,-4.6313,-5.9563
-0.25509,-2.3696,-2.6973,-2.8126,-2.9156,-0.04702,-2.6248,-5.5924,-5.7967,-7.3989,-4.9908,-6.303
-0.23379,-2.3703,-2.6397,-2.8442,-3.0037,-0.097203,-2.6657,-5.8388,-5.9573,-7.1778,-5.4749,-6.3962
-0.21578,-2.3339,-2.5991,-2.8938,-3.0748,-0.19221,-2.642,-5.9512,-6.137,-6.9535,-5.7494,-6.2392
-0.20337,-2.2621,-2.5667,-2.9561,-3.1263,-0.30235,-2.565,-5.8885,-6.2908,-6.7547,-5.7558,-5.8625
-0.18987,-2.1669,-2.5309,-2.9908,-3.1509,-0.40371,-2.4101,-5.7235,-6.3788,-6.7387,-5.4829,-5.4543
-0.17767,-2.0566,-2.5143,-3.0106,-3.1502,-0.47676,-2.2427,-5.5088,-6.3382,-6.8935,-5.0907,-5.2901
-0.16878,-1.9334,-2.5346,-3.0338,-3.1263,-0.49395,-2.1296,-5.2554,-6.2048,-7.1542,-4.8001,-5.3652
-0.17008,-1.7951,-2.5993,-3.0487,-3.0741,-0.44422,-2.0989,-5.0853,-6.0755,-7.4023,-4.6791,-5.7296
-0.17609,-1.6603,-2.6611,-3.0447,-2.9941,-0.34944,-2.1483,-5.1193,-5.9758,-7.619,-4.8759,-6.1588
-0.18477,-1.538,-2.7139,-3.0235,-2.9304,-0.23448,-2.2378,-5.277,-5.9477,-7.6306,-5.2211,-6.5166
-0.19554,-1.4225,-2.7642,-2.9937,-2.9038,-0.12332,-2.4317,-5.4881,-6.0078,-7.4855,-5.6287,-6.5562
-0.21297,-1.3195,-2.8384,-2.9436,-2.8856,-0.054458,-2.6054,-5.7875,-6.1507,-7.227,-5.901,-6.3583
-0.23319,-1.244,-2.8971,-2.9043,-2.8628,-0.048616,-2.6627,-6.0207,-6.3274,-7.015,-5.8612,-6.0055
-0.25991,-1.2053,-2.9358,-2.8689,-2.8765,-0.12103,-2.6486,-6.086,-6.4782,-6.9048,-5.5527,-5.6762
-0.28676,-1.2154,-2.9679,-2.8415,-2.9393,-0.23019,-2.5975,-6.0034,-6.5389,-7.0086,-5.1489,-5.4851
-0.31089,-1.252,-2.9916,-2.8572,-3.0265,-0.36031,-2.4602,-5.835,-6.509,-7.249,-4.8194,-5.6427
-0.33835,-1.3283,-2.9725,-2.906,-3.1096,-0.50721,-2.2578,-5.6516,-6.4178,-7.5564,-4.7814,-6.0233
-0.37937,-1.4318,-2.9249,-2.963,-3.183,-0.63797,-2.0859,-5.4214,-6.2815,-7.7464,-4.995,-6.4825
-0.4122,-1.5592,-2.8656,-3.012,-3.2384,-0.70256,-2.0091,-5.3031,-6.1844,-7.8343,-5.4261,-6.8021
-0.44487,-1.6978,-2.7785,-3.0829,-3.2628,-0.67134,-2.0123,-5.3495,-6.15,-7.7302,-5.7745,-6.8363
-0.48821,-1.8408,-2.6957,-3.1487,-3.267,-0.57286,-2.0755,-5.5268,-6.1751,-7.5389,-5.9681,-6.5374
-0.53184,-1.9745,-2.6439,-3.1756,-3.2344,-0.4432,-2.2205,-5.7354,-6.3081,-7.2848,-5.858,-6.1345
-0.56696,-2.1093,-2.6028,-3.1823,-3.1701,-0.30068,-2.417,-6.0228,-6.4801,-7.1338,-5.5259,-5.8548
-0.599,-2.2352,-2.6222,-3.1834,-3.1119,-0.19123,-2.5564,-6.2354,-6.6168,-7.1378,-5.1541,-5.753
-0.64053,-2.3347,-2.6653,-3.1627,-3.0876,-0.17238,-2.6051,-6.3032,-6.7014,-7.3142,-4.8461,-5.9612
-0.68406,-2.3953,-2.6819,-3.1214,-3.0892,-0.20858,-2.6032,-6.2019,-6.7216,-7.5732,-4.875,-6.3166
-0.71412,-2.4338,-2.7337,-3.089,-3.1247,-0.2828,-2.546,-6.0367,-6.6431,-7.8582,-5.1125,-6.7394
-0.7387,-2.4319,-2.789,-3.0538,-3.1663,-0.38013,-2.4055,-5.849,-6.5017,-7.9645,-5.552,-6.9762
-0.77424,-2.3985,-2.8866,-3.0144,-3.2221,-0.50863,-2.2293,-5.65,-6.3935,-7.9143,-5.9514,-6.9756
-0.80379,-2.328,-2.9695,-3.0009,-3.2793,-0.62729,-2.1131,-5.5504,-6.3552,-7.7209,-6.0973,-6.6961
-0.82132,-2.2274,-3.0261,-3.0187,-3.3164,-0.67747,-2.0792,-5.6021,-6.4093,-7.4766,-5.9327,-6.2984
-0.83828,-2.1136,-3.0616,-3.0544,-3.3346,-0.66484,-2.117,-5.7507,-6.5377,-7.2692,-5.5702,-5.9375
-0.85957,-1.9854,-3.0897,-3.0917,-3.3109,-0.61272,-2.2291,-5.9813,-6.73,-7.2101,-5.2195,-5.9018
-0.87905,-1.8426,-3.0943,-3.155,-3.2728,-0.51563,-2.4067,-6.2474,-6.916,-7.322,-5.0133,-6.1274
-0.88646,-1.7028,-3.0847,-3.2146,-3.2461,-0.37929,-2.5939,-6.4406,-7.037,-7.577,-5.0182,-6.5435
-0.88628,-1.5783,-3.0575,-3.2455,-3.2181,-0.24857,-2.7322,-6.4987,-7.0571,-7.8421,-5.3324,-6.9584
-0.88756,-1.4629,-2.9987,-3.2742,-3.1877,-0.17698,-2.7844,-6.3869,-6.974,-8.0458,-5.7249,-7.1554
-0.88177,-1.3624,-2.9414,-3.315,-3.1525,-0.17147,-2.7651,-6.2071,-6.8474,-8.0539,-6.1197,-7.0213
-0.86964,-1.2932,-2.9053,-3.3205,-3.1256,-0.21142,-2.6762,-5.9774,-6.7171,-7.9099,-6.2189,-6.7081
-0.86019,-1.2593,-2.8508,-3.2784,-3.1354,-0.29089,-2.5199,-5.7836,-6.6497,-7.6846,-6.0503,-6.3428
-0.8522,-1.2684,-2.8278,-3.2178,-3.1655,-0.41658,-2.36,-5.706,-6.6995,-7.4583,-5.67,-6.0201
-0.8403,-1.3033,-2.8183,-3.1694,-3.2316,-0.55919,-2.255,-5.8062,-6.811,-7.3488,-5.2627,-6.0223
-0.82013,-1.3773,-2.8247,-3.1418,-3.3121,-0.64621,-2.2347,-5.9832,-6.9911,-7.4101,-5.0823,-6.262
-0.79404,-1.4827,-2.8524,-3.1105,-3.3672,-0.66741,-2.2896,-6.2381,-7.1778,-7.6116,-5.1572,-6.708
-0.76337,-1.6097,-2.8838,-3.0946,-3.4109,-0.61893,-2.4132,-6.5087,-7.2861,-7.8717,-5.514,-7.0904
-0.73058,-1.7505,-2.9721,-3.0886,-3.4443,-0.51135,-2.5706,-6.6789,-7.2769,-8.1238,-5.9384,-7.2613
-0.69636,-1.9068,-3.0574,-3.104,-3.4388,-0.37991,-2.7316,-6.7163,-7.1859,-8.2356,-6.2075,-7.0648
-0.66195,-2.0506,-3.1203,-3.1496,-3.4056,-0.26459,-2.8,-6.6191,-7.0673,-8.1677,-6.2459,-6.68
-0.62602,-2.1865,-3.1688,-3.2091,-3.3448,-0.18994,-2.787,-6.4547,-6.9295,-7.9399,-6.0012,-6.313
-0.59617,-2.305,-3.2218,-3.2744,-3.2634,-0.18326,-2.7139,-6.2329,-6.8474,-7.7195,-5.6264,-6.1291
-0.56689,-2.4037,-3.259,-3.3061,-3.2003,-0.25178,-2.5685,-6.0464,-6.8653,-7.5362,-5.2919,-6.1672
-0.5305,-2.4672,-3.2815,-3.3314,-3.1726,-0.35436,-2.3718,-5.988,-6.9808,-7.5316,-5.0883,-6.4837
-0.49179,-2.506,-3.2793,-3.3629,-3.1601,-0.46384,-2.1969,-6.1173,-7.1523,-7.6844,-5.243,-6.9102
-0.45316,-2.5035,-3.2517,-3.3918,-3.1691,-0.60123,-2.1063,-6.3256,-7.327,-7.9366,-5.5692,-7.2763
-0.41626,-2.4698,-3.2157,-3.3986,-3.2189,-0.73536,-2.09,-6.5949,-7.4474,-8.1654,-6.024,-7.3632
-0.38442,-2.4017,-3.1617,-3.3745,-3.3161,-0.81311,-2.1577,-6.8614,-7.48,-8.3428,-6.2885,-7.2084
-0.35551,-2.307,-3.0869,-3.3421,-3.4358,-0.81391,-2.28,-7.0218,-7.428,-8.346,-6.2738,-6.8339
-0.33318,-2.194,-3.0122,-3.303,-3.5368,-0.76562,-2.4607,-7.0275,-7.3076,-8.1937,-5.9753,-6.4168
-0.31415,-2.0635,-2.9691,-3.289,-3.6057,-0.68018,-2.5867,-6.9168,-7.1856,-7.9348,-5.5647,-6.2453
-0.2983,-1.9147,-2.9578,-3.2711,-3.6478,-0.5591,-2.6348,-6.7274,-7.1007,-7.7183,-5.2547,-6.3646
-0.28693,-1.7732,-2.9708,-3.2558,-3.6745,-0.43784,-2.6263,-6.5002,-7.0884,-7.6017,-5.1502,-6.7652
-0.27591,-1.6478,-3.0208,-3.2753,-3.6847,-0.36596,-2.5696,-6.304,-7.205,-7.6959,-5.3548,-7.2017
-0.2653,-1.5396,-3.0862,-3.3153,-3.6617,-0.36309,-2.4374,-6.2731,-7.365,-7.9189,-5.7282,-7.5531
-0.26003,-1.4471,-3.1511,-3.3601,-3.616,-0.40697,-2.26,-6.3914,-7.5363,-8.205,-6.1333,-7.5597
-0.26004,-1.3796,-3.205,-3.3998,-3.5649,-0.50264,-2.12,-6.5996,-7.6797,-8.388,-6.4074,-7.3202
-0.26582,-1.3465,-3.2571,-3.4655,-3.5342,-0.61143,-2.0682,-6.8673,-7.7597,-8.4666,-6.3584,-6.9646
-0.27719,-1.3557,-3.3313,-3.5291,-3.5208,-0.71787,-2.0981,-7.1077,-7.7207,-8.3562,-6.0501,-6.6502
-0.29322,-1.3865,-3.3932,-3.5609,-3.5216,-0.7747,-2.2042,-7.2341,-7.5917,-8.1668,-5.6503,-6.471
-0.30996,-1.4588,-3.4237,-3.5784,-3.5328,-0.76985,-2.4183,-7.1952,-7.4751,-7.9099,-5.3235,-6.6289
-0.33327,-1.5654,-3.4355,-3.5823,-3.5592,-0.70735,-2.6373,-7.038,-7.3819,-7.754,-5.3163,-6.9782
-0.35876,-1.7031,-3.4305,-3.5463,-3.6077,-0.59919,-2.7841,-6.81,-7.3498,-7.7541,-5.5393,-7.4129
-0.38363,-1.8533,-3.4173,-3.4741,-3.6439,-0.47012,-2.8301,-6.5766,-7.4344,-7.928,-5.9983,-7.7069
-0.40871,-2.0071,-3.3716,-3.4094,-3.6575,-0.33839,-2.8112,-6.3942,-7.594,-8.188,-6.3698,-7.7261
-0.44496,-2.1476,-3.2986,-3.359,-3.6291,-0.24135,-2.701,-6.3912,-7.7803,-8.4925,-6.5441,-7.4086
-0.48371,-2.2823,-3.2167,-3.3208,-3.5861,-0.19176,-2.5085,-6.5109,-7.9501,-8.6097,-6.3975,-6.9974
-0.51885,-2.4021,-3.1699,-3.3138,-3.5526,-0.21144,-2.3129,-6.7254,-8.0215,-8.5537,-6.0444,-6.7069
-0.55285,-2.497,-3.1354,-3.3367,-3.5105,-0.28558,-2.2258,-6.9915,-7.9813,-8.3508,-5.6841,-6.6343
-0.59957,-2.5551,-3.1312,-3.3708,-3.4635,-0.40628,-2.2401,-7.2336,-7.8744,-8.1159,-5.3751,-6.8475
-0.63818,-2.5857,-3.1239,-3.3981,-3.4213,-0.53857,-2.3302,-7.3408,-7.7406,-7.9078,-5.3777,-7.1977
-0.66576,-2.5855,-3.1322,-3.45,-3.3994,-0.66868,-2.497,-7.2995,-7.6417,-7.8472,-5.6243,-7.6048
-0.70349,-2.5493,-3.1822,-3.5014,-3.4056,-0.73748,-2.7068,-7.1366,-7.6199,-7.9754,-6.0302,-7.8343
-0.74944,-2.4763,-3.2334,-3.5403,-3.4261,-0.71882,-2.883,-6.9182,-7.6508,-8.2311,-6.4314,-7.8152
-0.78501,-2.3727,-3.3101,-3.5847,-3.4792,-0.62324,-2.9494,-6.7058,-7.7962,-8.4943,-6.5413,-7.5381
-0.81124,-2.2513,-3.3845,-3.6431,-3.5435,-0.48109,-2.919,-6.5488,-7.9731,-8.7188,-6.3498,-7.1498
-0.84014,-2.1164,-3.4615,-3.6598,-3.5928,-0.33617,-2.8344,-6.5828,-8.1056,-8.7219,-5.9381,-6.798
-0.87316,-1.9641,-3.5186,-3.6228,-3.6451,-0.23052,-2.6847,-6.7265,-8.1664,-8.5704,-5.5517,-6.7771
-0.89937,-1.8144,-3.5528,-3.5664,-3.6912,-0.19806,-2.4843,-6.9488,-8.1649,-8.3183,-5.3618,-7.003
-0.91457,-1.6784,-3.5616,-3.5262,-3.6945,-0.2469,-2.3524,-7.2382,-8.0826,-8.0865,-5.3703,-7.431
-0.93518,-1.5596,-3.5736,-3.5236,-3.6616,-0.34931,-2.3106,-7.4851,-7.9395,-7.9746,-5.7024,-7.8409
-0.95597,-1.4562,-3.5628,-3.5205,-3.5969,-0.48131,-2.3453,-7.5771,-7.8281,-8.0455,-6.0904,-8.0436
-0.9684,-1.3831,-3.5158,-3.5228,-3.5316,-0.63379,-2.4333,-7.5101,-7.7974,-8.2578,-6.4317,-7.9019
-0.97348,-1.3468,-3.4577,-3.525,-3.4893,-0.76406,-2.5729,-7.3469,-7.8403,-8.5309,-6.4959,-7.5888
-0.97376,-1.353,-3.4079,-3.5456,-3.4772,-0.83666,-2.7585,-7.1442,-7.9791,-8.7537,-6.3011,-7.2313
-0.97391,-1.3817,-3.348,-3.5941,-3.4837,-0.85011,-2.8814,-6.9303,-8.1647,-8.8516,-5.9327,-6.9373
-0.97029,-1.4496,-3.3009,-3.6577,-3.521,-0.81635,-2.9282,-6.7899,-8.3321,-8.7698,-5.5573,-6.9283
-0.95889,-1.5497,-3.2512,-3.7241,-3.5925,-0.74741,-2.9119,-6.83,-8.436,-8.5378,-5.3807,-7.1638
-0.98738,-1.7455,-3.234,-3.8118,-3.7549,-0.63904,-2.9241,-6.8725,-8.2911,-8.2191,-5.5023,-7.8783
-1.0139,-1.9359,-3.2877,-3.8717,-3.9344,-0.6012,-2.9532,-6.9008,-8.104,-8.1635,-6.1653,-8.6394
-1.0342,-2.097,-3.367,-3.9314,-4.0839,-0.68479,-2.9815,-6.9307,-7.9645,-8.3507,-7.0383,-9.1
-1.0442,-2.2134,-3.4531,-3.9553,-4.1628,-0.83716,-3.0194,-6.8883,-7.941,-8.7529,-7.619,-9.0607
-1.0516,-2.2723,-3.5579,-3.9351,-4.1793,-0.98847,-3.0022,-6.7946,-8.0289,-9.1373,-7.7696,-8.4701
-1.0608,-2.295,-3.7126,-3.8745,-4.1657,-1.1279,-3.0008,-6.7056,-8.2387,-9.3484,-7.3208,-7.7291
-1.0675,-2.2725,-3.8595,-3.7864,-4.1125,-1.2556,-2.9857,-6.6603,-8.4666,-9.3211,-6.5799,-7.116
-1.0658,-2.1993,-3.9663,-3.6727,-4.0013,-1.3259,-3.0069,-6.6754,-8.6715,-9.0536,-5.8481,-6.8873
-1.0595,-2.109,-3.9817,-3.5886,-3.8544,-1.2827,-2.9614,-6.6736,-8.7368,-8.5839,-5.4302,-7.1947
-1.0554,-1.9728,-3.9564,-3.5271,-3.7141,-1.1545,-2.9611,-6.7274,-8.6998,-8.2175,-5.641,-7.8916
-1.0468,-1.8044,-3.9226,-3.4779,-3.6076,-0.99856,-2.9919,-6.7463,-8.5469,-8.0852,-6.2744,-8.6615
-1.0335,-1.6157,-3.8511,-3.4625,-3.5682,-0.81371,-3.0435,-6.7866,-8.3373,-8.2014,-7.1306,-9.061
-1.0147,-1.4143,-3.7612,-3.4769,-3.5873,-0.63246,-3.0689,-6.7877,-8.1596,-8.5174,-7.7709,-8.9514
-0.99022,-1.2234,-3.6036,-3.5262,-3.656,-0.50978,-3.0996,-6.7704,-8.0758,-8.9739,-7.8157,-8.3638
-0.96081,-1.0444,-3.4385,-3.5876,-3.7745,-0.49464,-3.1551,-6.7166,-8.1258,-9.318,-7.3254,-7.5738
-0.92969,-0.88464,-3.3205,-3.6852,-3.8813,-0.58946,-3.15,-6.6221,-8.2957,-9.3719,-6.4945,-6.9815
-0.89932,-0.76971,-3.227,-3.801,-3.9335,-0.72412,-3.1401,-6.5294,-8.5164,-9.1829,-5.7875,-6.8966
-0.86902,-0.70648,-3.1824,-3.8716,-3.9568,-0.86999,-3.1065,-6.51,-8.7403,-8.8036,-5.503,-7.3664
-0.83653,-0.67843,-3.2146,-3.9178,-3.9255,-0.99813,-3.1228,-6.5313,-8.8594,-8.382,-5.8358,-8.1041
-0.80455,-0.70233,-3.2605,-3.9435,-3.8388,-1.1016,-3.0794,-6.5749,-8.8439,-8.149,-6.5803,-8.8064
-0.77293,-0.77128,-3.2954,-3.9061,-3.729,-1.1243,-3.0204,-6.6405,-8.6972,-8.1708,-7.3302,-9.1589
-0.73574,-0.85527,-3.3876,-3.8136,-3.6013,-1.0848,-3.0091,-6.7014,-8.4786,-8.4453,-7.9005,-8.8903
-0.69828,-0.98125,-3.5179,-3.7139,-3.4866,-0.98588,-3.0807,-6.7556,-8.2803,-8.8395,-7.8048,-8.3082
-0.66307,-1.1443,-3.6742,-3.6364,-3.409,-0.8695,-3.1166,-6.7988,-8.1874,-9.2056,-7.2488,-7.5732
-0.63965,-1.3349,-3.8378,-3.5594,-3.3842,-0.73105,-3.1045,-6.7867,-8.2464,-9.4188,-6.4359,-7.013
-0.61185,-1.5335,-3.9498,-3.5213,-3.4083,-0.60498,-3.1022,-6.7455,-8.4031,-9.3201,-5.699,-7.0078
-0.57904,-1.7241,-4.0307,-3.5281,-3.4543,-0.568,-3.0841,-6.7145,-8.67,-8.9631,-5.5355,-7.5356
-0.55857,-1.8963,-4.0622,-3.5542,-3.5395,-0.64709,-3.0425,-6.6637,-8.906,-8.5572,-5.9173,-8.3203
-0.54095,-2.0476,-4.0389,-3.5883,-3.6813,-0.81496,-2.9893,-6.6602,-9.0581,-8.224,-6.7271,-8.9451
-0.51755,-2.1587,-3.9883,-3.6739,-3.8258,-1.0107,-2.9587,-6.6807,-9.0222,-8.1157,-7.466,-9.2037
-0.49845,-2.2156,-3.8844,-3.7829,-3.9574,-1.2409,-2.9248,-6.7077,-8.8954,-8.2825,-7.8548,-8.8639
-0.49236,-2.2319,-3.7687,-3.8721,-4.0488,-1.4332,-2.8949,-6.7812,-8.7047,-8.6734,-7.7021,-8.1814
-0.48838,-2.1994,-3.6755,-3.9789,-4.0708,-1.5512,-2.9001,-6.884,-8.5032,-9.0889,-7.0222,-7.4454
-0.48389,-2.1114,-3.586,-4.0743,-4.0409,-1.566,-2.9426,-6.9404,-8.4106,-9.3405,-6.267,-7.0268
-0.47923,-2.0096,-3.4675,-4.1015,-3.9466,-1.4941,-2.989,-6.9896,-8.4416,-9.3878,-5.5982,-7.1143
-0.48198,-1.861,-3.4032,-4.0406,-3.8451,-1.3569,-3.0284,-6.9723,-8.5959,-9.1234,-5.4735,-7.6628
-0.48674,-1.682,-3.3635,-3.9463,-3.7788,-1.1943,-3.0534,-6.9073,-8.832,-8.7156,-5.9421,-8.455
-0.49443,-1.4851,-3.359,-3.8538,-3.7573,-1.038,-3.0658,-6.8458,-9.0599,-8.3558,-6.7378,-9.0614
-0.50831,-1.2789,-3.4017,-3.7641,-3.7813,-0.95133,-3.0338,-6.8055,-9.2026,-8.1634,-7.5604,-9.1519
-0.52912,-1.0914,-3.4725,-3.6889,-3.8524,-0.9808,-2.9915,-6.7815,-9.2319,-8.242,-7.8191,-8.8117
-0.54376,-0.91866,-3.5944,-3.6462,-3.9448,-1.0992,-2.9843,-6.7555,-9.1377,-8.5735,-7.5946,-8.0773
-0.56477,-0.75799,-3.7438,-3.6109,-4.0747,-1.2794,-2.9554,-6.7635,-8.9639,-8.9959,-6.8446,-7.3156
-0.59124,-0.63775,-3.8772,-3.5771,-4.2131,-1.449,-2.9891,-6.8353,-8.7514,-9.3403,-6.0176,-6.9779
-0.61318,-0.56184,-3.9785,-3.6126,-4.3275,-1.582,-3.0294,-6.9046,-8.6325,-9.4397,-5.5072,-7.1745
-0.63753,-0.52426,-4.0382,-3.7143,-4.3933,-1.6415,-3.0588,-6.9396,-8.6416,-9.2836,-5.5012,-7.7866
-0.67055,-0.54698,-4.0436,-3.8233,-4.421,-1.6135,-3.1001,-6.9506,-8.7673,-8.9332,-6.0565,-8.5341
-0.70459,-0.62356,-4.0027,-3.8893,-4.4005,-1.4928,-3.1444,-6.9377,-8.957,-8.5165,-6.8229,-9.0818
-0.73532,-0.72325,-3.9325,-3.9305,-4.3193,-1.316,-3.1716,-6.8768,-9.1774,-8.2731,-7.4904,-9.0759
-0.76156,-0.86115,-3.8466,-3.994,-4.1963,-1.1039,-3.1953,-6.7891,-9.3275,-8.2571,-7.7252,-8.5992
-0.79045,-1.0279,-3.7484,-4.0449,-4.0475,-0.90916,-3.1742,-6.7445,-9.3774,-8.4809,-7.3405,-7.8874
-0.82174,-1.2234,-3.6258,-4.0598,-3.8982,-0.76247,-3.1771,-6.7094,-9.2739,-8.8692,-6.6018,-7.2093
-0.85231,-1.4246,-3.465,-4.0269,-3.8097,-0.71242,-3.1855,-6.6951,-9.0794,-9.2546,-5.799,-6.9067
-0.88274,-1.616,-3.3316,-3.9519,-3.7887,-0.75827,-3.1962,-6.719,-8.8835,-9.4398,-5.3299,-7.1525
-0.91441,-1.7979,-3.2661,-3.848,-3.8235,-0.86777,-3.1886,-6.8106,-8.7316,-9.3893,-5.4668,-7.8433
-0.94267,-1.9623,-3.2727,-3.7795,-3.9039,-0.99297,-3.2022,-6.8848,-8.7211,-9.1228,-6.0783,-8.586
-0.96717,-2.0842,-3.3002,-3.7349,-4.0099,-1.1275,-3.2303,-6.9456,-8.8303,-8.6967,-6.9349,-9.0047
-0.98998,-2.1433,-3.3525,-3.6881,-4.1111,-1.2714,-3.2699,-6.9801,-9.0065,-8.3294,-7.4898,-8.9853
-1.0194,-2.1678,-3.4583,-3.6615,-4.1967,-1.3475,-3.2894,-6.9622,-9.2384,-8.2052,-7.619,-8.4009
-1.0447,-2.1416,-3.5929,-3.6712,-4.2522,-1.327,-3.2935,-6.9066,-9.4106,-8.3483,-7.124,-7.6406
-1.0585,-2.0638,-3.7304,-3.7171,-4.2462,-1.2412,-3.2953,-6.8213,-9.4364,-8.6676,-6.3778,-7.0256
-1.0696,-1.9653,-3.8661,-3.783,-4.1895,-1.1085,-3.2531,-6.7718,-9.3352,-9.0818,-5.636,-6.8158
-1.0802,-1.8145,-3.988,-3.8993,-4.1104,-0.97316,-3.214,-6.7604,-9.1549,-9.3756,-5.2405,-7.1374
-1.0883,-1.6361,-4.0774,-4.0294,-3.99,-0.86133,-3.1561,-6.7776,-8.9299,-9.3907,-5.4401,-7.8348
-1.0975,-1.4469,-4.132,-4.1071,-3.8728,-0.82221,-3.1283,-6.8484,-8.7491,-9.1736,-6.0985,-8.5848
-1.0983,-1.2482,-4.1213,-4.1668,-3.7887,-0.89876,-3.1356,-6.9768,-8.7161,-8.8166,-6.8881,-8.9327
-1.0944,-1.0641,-4.0678,-4.2046,-3.7501,-1.0627,-3.1601,-7.023,-8.8104,-8.4282,-7.4493,-8.8039
-1.0862,-0.89255,-4.0041,-4.1646,-3.7694,-1.2735,-3.1371,-7.0219,-9.0105,-8.177,-7.4682,-8.2188
-1.0771,-0.73541,-3.919,-4.0545,-3.8149,-1.4867,-3.1555,-7.0361,-9.2499,-8.2053,-6.9392,-7.4582
-1.0634,-0.62346,-3.7868,-3.9477,-3.8992,-1.685,-3.1679,-6.9981,-9.4537,-8.4727,-6.1462,-6.8301
-1.0418,-0.55858,-3.6337,-3.8376,-4.0554,-1.825,-3.1503,-6.9245,-9.5102,-8.837,-5.4263,-6.7355
-1.0155,-0.52945,-3.5242,-3.7415,-4.213,-1.8548,-3.1369,-6.8331,-9.4468,-9.1735,-5.1564,-7.1531
-0.99205,-0.54984,-3.4421,-3.7073,-4.3274,-1.7816,-3.142,-6.7779,-9.2771,-9.3517,-5.4212,-7.8613
-0.96417,-0.62751,-3.384,-3.721,-4.3862,-1.6496,-3.1436,-6.7826,-9.0455,-9.2123,-6.16,-8.5552
-0.93159,-0.73191,-3.3465,-3.7263,-4.3883,-1.4816,-3.118,-6.7479,-8.8658,-8.8445,-6.8883,-8.9378
-0.90115,-0.87559,-3.37,-3.7322,-4.3324,-1.3423,-3.1235,-6.7886,-8.8048,-8.4572,-7.3894,-8.6731
-0.87044,-1.0435,-3.4615,-3.8119,-4.2145,-1.253,-3.1441,-6.8584,-8.8766,-8.1531,-7.249,-8.0713
-0.84019,-1.2448,-3.5546,-3.9191,-4.0872,-1.2626,-3.1391,-6.8664,-9.0609,-8.072,-6.6827,-7.3513
-0.81208,-1.4522,-3.672,-4.0013,-4.0143,-1.3796,-3.081,-6.8334,-9.2656,-8.2101,-5.8718,-6.7981
-0.77937,-1.6453,-3.795,-4.0864,-3.9672,-1.5354,-3.0815,-6.8447,-9.474,-8.5857,-5.1874,-6.7884
-0.74407,-1.8292,-3.9239,-4.1661,-3.9422,-1.6712,-3.1054,-6.8185,-9.5709,-8.9751,-4.9957,-7.3085
-0.71254,-1.9903,-4.0258,-4.1835,-3.9732,-1.7813,-3.1373,-6.7379,-9.5336,-9.2194,-5.3478,-8.0864
-0.68285,-2.1137,-4.0465,-4.1247,-4.0195,-1.9082,-3.1704,-6.672,-9.3786,-9.2536,-6.0492,-8.7006
-0.65505,-2.183,-4.0206,-4.036,-4.0984,-1.9812,-3.2166,-6.6375,-9.1564,-9.0155,-6.7944,-8.9877
-0.62511,-2.215,-4.0075,-3.9402,-4.2026,-1.934,-3.2591,-6.6718,-8.9732,-8.5705,-7.2199,-8.6757
-0.604,-2.1954,-3.9448,-3.8536,-4.2817,-1.7851,-3.26,-6.6556,-8.8778,-8.2234,-7.042,-7.9907
-0.58611,-2.1158,-3.8432,-3.7754,-4.3456,-1.6275,-3.2319,-6.7165,-8.9354,-8.073,-6.4087,-7.228
-0.56162,-2.0163,-3.6914,-3.7341,-4.4086,-1.4563,-3.2183,-6.7872,-9.0979,-8.1845,-5.6013,-6.8362
-0.54606,-1.868,-3.5324,-3.7041,-4.4,-1.2984,-3.2083,-6.8492,-9.3167,-8.4802,-4.9896,-6.9177
-0.54053,-1.6929,-3.3993,-3.6814,-4.3411,-1.2135,-3.1785,-6.8718,-9.536,-8.8948,-4.8293,-7.4882
-0.52679,-1.5028,-3.3125,-3.6938,-4.2293,-1.2525,-3.1951,-6.8942,-9.6918,-9.2015,-5.3036,-8.2821
-0.50562,-1.3043,-3.249,-3.7582,-4.07,-1.3859,-3.2559,-6.8837,-9.6546,-9.2957,-6.0293,-8.8835
-0.50339,-1.129,-3.2764,-3.84,-3.9172,-1.5517,-3.3331,-6.821,-9.5038,-9.1496,-6.74,-8.9411
-0.50356,-0.9617,-3.3374,-3.9086,-3.8292,-1.7221,-3.3588,-6.7562,-9.3082,-8.8229,-7.0142,-8.5922
-0.50247,-0.80285,-3.3854,-3.9933,-3.822,-1.8684,-3.3723,-6.772,-9.1218,-8.3726,-6.8048,-7.9043
-0.50705,-0.67915,-3.4963,-4.0787,-3.8648,-1.9682,-3.4023,-6.8139,-9.0097,-8.1522,-6.1091,-7.1605
-0.51796,-0.60404,-3.6227,-4.147,-3.9546,-1.9761,-3.4103,-6.8468,-9.0106,-8.1356,-5.329,-6.7943
-0.53328,-0.56718,-3.7701,-4.1722,-4.088,-1.8947,-3.3757,-6.9145,-9.1352,-8.3963,-4.7512,-6.9724
-0.54269,-0.58315,-3.9212,-4.1249,-4.221,-1.779,-3.3309,-7.0073,-9.3528,-8.7804,-4.7745,-7.58
-0.55613,-0.65649,-4.0082,-4.0262,-4.3238,-1.6436,-3.3132,-7.0563,-9.5586,-9.1373,-5.3092,-8.3049
-0.58032,-0.75955,-4.0552,-3.8978,-4.391,-1.5199,-3.3177,-7.1039,-9.7099,-9.2649,-6.1407,-8.8719
-0.60346,-0.89602,-4.0783,-3.8271,-4.4137,-1.4664,-3.3158,-7.0911,-9.7163,-9.1887,-6.8081,-8.8783
-0.62418,-1.0532,-4.0643,-3.7765,-4.4198,-1.5194,-3.3078,-7.084,-9.6145,-8.8774,-7.0015,-8.3772
-0.65785,-1.2434,-4.0346,-3.7458,-4.3756,-1.673,-3.3555,-7.0338,-9.4264,-8.5232,-6.6414,-7.6367
-0.69174,-1.4431,-3.9392,-3.7437,-4.285,-1.9011,-3.3988,-6.9721,-9.2059,-8.1576,-5.9004,-7.0026
-0.722,-1.6295,-3.7936,-3.7719,-4.198,-2.121,-3.4036,-7.01,-9.066,-8.066,-5.1551,-6.6994
-0.74754,-1.8069,-3.6624,-3.8211,-4.1222,-2.31,-3.4093,-7.0106,-9.0504,-8.1609,-4.6542,-6.9887
-0.77534,-1.9659,-3.5554,-3.8818,-4.0764,-2.4569,-3.4447,-7.0374,-9.1561,-8.5117,-4.7635,-7.685
-0.81135,-2.0896,-3.4278,-3.9862,-4.098,-2.5259,-3.4388,-7.0777,-9.3621,-8.9155,-5.2972,-8.4239
-0.84596,-2.1587,-3.3691,-4.0887,-4.1712,-2.503,-3.3878,-7.1715,-9.5784,-9.209,-6.0927,-8.8132
-0.87273,-2.1864,-3.3568,-4.1632,-4.2859,-2.3754,-3.3643,-7.2062,-9.7185,-9.2137,-6.7427,-8.8071
-0.90663,-2.1596,-3.3662,-4.2208,-4.4438,-2.2177,-3.3743,-7.2186,-9.7716,-9.0134,-6.9115,-8.2479
-0.93195,-2.0824,-3.4021,-4.2359,-4.5732,-2.0673,-3.4015,-7.2139,-9.6569,-8.6101,-6.4478,-7.4987
-0.9589,-1.9855,-3.455,-4.1906,-4.6434,-1.9424,-3.3727,-7.1738,-9.4412,-8.3182,-5.6776,-6.9071
-0.99481,-1.8448,-3.5687,-4.0929,-4.6784,-1.8922,-3.3965,-7.111,-9.2305,-8.1088,-4.8745,-6.7518
-1.0287,-1.6748,-3.7077,-3.9831,-4.6567,-1.9442,-3.4523,-7.0451,-9.094,-8.1654,-4.4917,-7.1088
-1.0513,-1.4914,-3.8396,-3.8489,-4.5822,-2.0911,-3.4765,-7.0438,-9.0894,-8.4069,-4.6857,-7.833
-1.0688,-1.3017,-3.9261,-3.7408,-4.4686,-2.2641,-3.4669,-7.0319,-9.2091,-8.7823,-5.3775,-8.597
-1.0844,-1.1299,-3.9902,-3.704,-4.3396,-2.4252,-3.4847,-7.0162,-9.3908,-9.0921,-6.1361,-8.9342
-1.0976,-0.96549,-4.01,-3.7056,-4.2296,-2.5309,-3.5082,-7.0705,-9.6143,-9.262,-6.6697,-8.782
-1.102,-0.81068,-3.9772,-3.6867,-4.1395,-2.5601,-3.489,-7.1655,-9.7653,-9.1065,-6.7041,-8.1973
-1.1055,-0.69651,-3.9027,-3.6917,-4.076,-2.5068,-3.4434,-7.2268,-9.7872,-8.7733,-6.1874,-7.4972
-1.1068,-0.62856,-3.8102,-3.7688,-4.0542,-2.3971,-3.4401,-7.2221,-9.6792,-8.3461,-5.4469,-6.8736
-1.0996,-0.60055,-3.7056,-3.8709,-4.0791,-2.2413,-3.4421,-7.2179,-9.5031,-8.1126,-4.6776,-6.8091
-1.0901,-0.62167,-3.5954,-3.9544,-4.1759,-2.0686,-3.3972,-7.1608,-9.3174,-8.0431,-4.376,-7.2211
-1.0794,-0.69633,-3.4446,-4.0135,-4.3016,-1.916,-3.4023,-7.0984,-9.1658,-8.2242,-4.589,-7.9193
-1.057,-0.80053,-3.3086,-4.0756,-4.4125,-1.8295,-3.4416,-7.0705,-9.1536,-8.5524,-5.3255,-8.5712
-1.0293,-0.9401,-3.2434,-4.0907,-4.4989,-1.8513,-3.4823,-7.0787,-9.2456,-8.9049,-6.1284,-8.9521
-0.99888,-1.0973,-3.2365,-4.0587,-4.5374,-1.9417,-3.4845,-7.117,-9.4021,-9.0813,-6.6191,-8.6403
-0.96715,-1.2877,-3.262,-3.9892,-4.5281,-2.092,-3.5107,-7.1529,-9.6197,-9.079,-6.5104,-8.0042
-0.93239,-1.4874,-3.3227,-3.8994,-4.494,-2.2765,-3.5454,-7.2603,-9.8005,-8.7994,-5.9003,-7.2697
-0.89364,-1.6756,-3.4278,-3.8244,-4.3913,-2.4452,-3.5438,-7.3591,-9.8201,-8.4232,-5.1124,-6.7801
-0.86215,-1.8525,-3.567,-3.7547,-4.2582,-2.5302,-3.4736,-7.4107,-9.7501,-8.0673,-4.4571,-6.7902
-0.83208,-2.0057,-3.7127,-3.7278,-4.1717,-2.5628,-3.4128,-7.4453,-9.5997,-7.9168,-4.2374,-7.3207
-0.79815,-2.1239,-3.8338,-3.7067,-4.1385,-2.5203,-3.4036,-7.4293,-9.3857,-8.0402,-4.6383,-8.089
-0.76334,-2.1863,-3.9458,-3.7033,-4.13,-2.402,-3.3669,-7.4072,-9.207,-8.354,-5.3381,-8.6547
-0.72526,-2.2116,-3.9944,-3.7291,-4.1448,-2.2061,-3.3696,-7.3412,-9.1387,-8.7274,-6.1409,-8.8933
-0.68802,-2.1796,-4.0179,-3.7861,-4.2108,-2.012,-3.3883,-7.3264,-9.2067,-8.9752,-6.5806,-8.5971
-0.6546,-2.0893,-4.0037,-3.8628,-4.3371,-1.8909,-3.406,-7.319,-9.3744,-9.0405,-6.3917,-7.9621
-0.62395,-1.9796,-3.9513,-3.9452,-4.5028,-1.8798,-3.4068,-7.3594,-9.584,-8.8741,-5.7509,-7.1872
-0.59055,-1.826,-3.8877,-4.0499,-4.6571,-1.9841,-3.3955,-7.3975,-9.7766,-8.5731,-4.9008,-6.8106
-0.56727,-1.6464,-3.7674,-4.1316,-4.768,-2.1532,-3.3934,-7.4915,-9.8549,-8.213,-4.3453,-6.8925
-0.55038,-1.4528,-3.6154,-4.1864,-4.8295,-2.3564,-3.4096,-7.539,-9.7955,-7.9992,-4.2562,-7.4865
-0.52666,-1.2522,-3.4616,-4.2166,-4.847,-2.5366,-3.3858,-7.5073,-9.6349,-7.9968,-4.783,-8.2958
-0.51155,-1.0713,-3.3516,-4.1747,-4.8059,-2.6938,-3.3546,-7.4799,-9.4153,-8.2594,-5.5321,-8.9303
-0.50434,-0.90289,-3.2849,-4.0787,-4.7239,-2.7741,-3.3289,-7.4378,-9.2228,-8.6288,-6.1746,-8.9629
-0.49317,-0.74447,-3.253,-3.9618,-4.6414,-2.774,-3.3197,-7.3895,-9.1349,-8.9732,-6.4699,-8.6044
-0.4791,-0.61957,-3.2185,-3.8873,-4.5825,-2.7028,-3.3103,-7.2854,-9.1963,-9.0963,-6.2005,-7.9396
-0.47703,-0.54559,-3.2263,-3.8177,-4.5461,-2.5513,-3.3158,-7.2163,-9.3688,-8.9963,-5.5732,-7.2469
-0.48615,-0.51031,-3.3134,-3.7556,-4.5651,-2.375,-3.3364,-7.176,-9.5707,-8.7061,-4.8182,-6.8778
-0.49534,-0.52175,-3.4378,-3.7504,-4.64,-2.223,-3.3912,-7.1892,-9.7871,-8.389,-4.2136,-7.0955
-0.49672,-0.59422,-3.5633,-3.7708,-4.7194,-2.1457,-3.4249,-7.1835,-9.9155,-8.0859,-4.2133,-7.7021
-0.51729,-0.70295,-3.6926,-3.796,-4.8096,-2.1874,-3.4208,-7.2562,-9.8818,-8.0143,-4.7129,-8.4291
-0.54102,-0.84333,-3.8208,-3.8449,-4.8882,-2.3498,-3.4185,-7.2787,-9.7087,-8.1116,-5.5607,-8.9794
-0.55268,-1.0051,-3.9288,-3.9503,-4.9603,-2.5459,-3.4138,-7.2395,-9.4863,-8.4275,-6.2055,-9.0021
-0.57022,-1.197,-3.9786,-4.0562,-5.0199,-2.7162,-3.3886,-7.1836,-9.2912,-8.788,-6.3565,-8.4911
-0.59989,-1.3994,-3.9665,-4.1333,-5.0011,-2.863,-3.3242,-7.1274,-9.1862,-9.0653,-6.0107,-7.7189
-0.62743,-1.5825,-3.9443,-4.1816,-4.9349,-2.9198,-3.2952,-7.0621,-9.2071,-9.0545,-5.269,-7.1032
-0.65501,-1.7558,-3.889,-4.2032,-4.8336,-2.8887,-3.3019,-6.9854,-9.3464,-8.8688,-4.5669,-6.802
-0.68156,-1.9099,-3.8168,-4.1741,-4.6934,-2.7719,-3.2946,-6.9239,-9.563,-8.4716,-4.0931,-7.107
-0.71815,-2.0335,-3.7029,-4.0895,-4.566,-2.602,-3.2879,-6.9335,-9.7686,-8.1775,-4.2098,-7.8066
-0.75728,-2.1027,-3.5485,-3.9835,-4.4574,-2.3978,-3.3454,-6.9334,-9.9153,-7.9967,-4.7163,-8.5517
-0.78325,-2.1279,-3.4262,-3.8595,-4.39,-2.2156,-3.3908,-6.9776,-9.8888,-8.0982,-5.4556,-8.8799
-0.80823,-2.1038,-3.3548,-3.765,-4.3899,-2.1083,-3.3901,-7.0559,-9.7696,-8.3163,-6.1208,-8.8609
-0.8426,-2.021,-3.2904,-3.7253,-4.441,-2.1161,-3.3947,-7.1168,-9.5975,-8.6618,-6.2547,-8.3093
-0.87827,-1.9154,-3.2992,-3.7176,-4.5603,-2.2399,-3.425,-7.1476,-9.4091,-8.9525,-5.845,-7.5827
-0.91436,-1.767,-3.36,-3.7222,-4.7101,-2.4195,-3.4319,-7.1358,-9.2947,-9.0999,-5.0802,-6.9336
-0.94405,-1.5912,-3.4204,-3.765,-4.836,-2.6066,-3.3802,-7.1206,-9.2927,-8.959,-4.3344,-6.7959
-0.97525,-1.4003,-3.5374,-3.864,-4.8974,-2.756,-3.3431,-7.0439,-9.405,-8.6704,-4.0076,-7.1464
-1.0083,-1.2033,-3.6937,-3.9776,-4.9331,-2.8878,-3.3539,-6.9758,-9.6146,-8.2458,-4.2025,-7.8641
-1.0335,-1.0256,-3.8684,-4.0634,-4.9539,-2.967,-3.3399,-6.9754,-9.8186,-7.9995,-4.8664,-8.5999
-1.0559,-0.86061,-4.0024,-4.1202,-4.8926,-2.9676,-3.3049,-7.0546,-9.9418,-7.9613,-5.5556,-8.9553
-1.0857,-0.70453,-4.0858,-4.1812,-4.7459,-2.8608,-3.3124,-7.0753,-9.9965,-8.1998,-6.0639,-8.7394
-1.1054,-0.58636,-4.0838,-4.2066,-4.5951,-2.7085,-3.3229,-7.1438,-9.911,-8.5321,-6.1213,-8.1173
-1.1206,-0.51566,-4.0655,-4.1876,-4.4953,-2.5555,-3.3113,-7.2134,-9.7134,-8.8534,-5.6491,-7.4578
-1.1299,-0.48187,-4.053,-4.1323,-4.4327,-2.4412,-3.2807,-7.273,-9.5026,-9.0168,-4.9459,-6.9037
-1.1379,-0.49353,-4.0119,-4.0484,-4.3892,-2.3903,-3.2722,-7.259,-9.3735,-8.9915,-4.1751,-6.8668
-1.1416,-0.56356,-3.9104,-3.9657,-4.3968,-2.4415,-3.2877,-7.2469,-9.346,-8.7074,-3.88,-7.3097
-1.1376,-0.66559,-3.74,-3.8858,-4.4662,-2.6047,-3.2706,-7.2314,-9.4522,-8.3877,-4.0911,-8.0194
-1.1319,-0.80095,-3.5918,-3.8362,-4.6045,-2.7996,-3.2202,-7.1664,-9.6551,-8.0533,-4.772,-8.6218
-1.1265,-0.9614,-3.4888,-3.7923,-4.7744,-2.9786,-3.1836,-7.0988,-9.875,-7.9299,-5.5526,-8.9974
-1.1115,-1.1589,-3.385,-3.7699,-4.9204,-3.0968,-3.1714,-7.1193,-10.014,-8.0062,-5.9698,-8.7093
-1.097,-1.3666,-3.323,-3.7817,-5.038,-3.1663,-3.1249,-7.2168,-10.062,-8.32,-5.8748,-8.0686
-1.0749,-1.5581,-3.3006,-3.8325,-5.1148,-3.159,-3.0751,-7.2273,-9.96,-8.6677,-5.2672,-7.2914
-1.0464,-1.7337,-3.3003,-3.916,-5.1323,-3.0608,-3.0445,-7.2533,-9.74,-8.9179,-4.5674,-6.861
-1.0151,-1.8853,-3.3484,-3.9966,-5.1209,-2.8984,-3.0585,-7.288,-9.5287,-8.9904,-3.9319,-6.9035
-0.98291,-2.0045,-3.4357,-4.0865,-5.0533,-2.7167,-3.0888,-7.313,-9.3792,-8.8396,-3.6375,-7.4874
-0.94912,-2.0658,-3.5781,-4.1373,-4.9515,-2.5525,-3.1139,-7.2461,-9.3488,-8.4768,-3.9373,-8.2751
-0.91496,-2.0904,-3.715,-4.1812,-4.851,-2.4454,-3.1347,-7.2273,-9.4337,-8.1581,-4.5475,-8.8515
-0.87686,-2.0628,-3.8529,-4.2072,-4.7809,-2.4356,-3.1407,-7.1971,-9.6049,-7.9791,-5.2987,-8.9807
-0.84474,-1.9864,-3.924,-4.1644,-4.7781,-2.5229,-3.0963,-7.1736,-9.8463,-7.9832,-5.7003,-8.6435
-0.80718,-1.8897,-4.0056,-4.0705,-4.791,-2.6912,-3.0274,-7.1318,-10.003,-8.2121,-5.5745,-8.0247
-0.76773,-1.7487,-4.046,-3.9548,-4.8128,-2.8601,-2.9863,-7.1443,-10.018,-8.5901,-4.9532,-7.2661
-0.72967,-1.5713,-4.0422,-3.8774,-4.89,-3.009,-3.0071,-7.1644,-9.9161,-8.9182,-4.1139,-6.8875
-0.70137,-1.3762,-4.0079,-3.7947,-4.9902,-3.1239,-3.02,-7.1621,-9.7461,-9.0403,-3.5451,-6.9767
-0.66443,-1.1761,-3.9048,-3.733,-5.0772,-3.1477,-3.0103,-7.1755,-9.5382,-8.9517,-3.4195,-7.5711
-0.62807,-0.9968,-3.7933,-3.7332,-5.1159,-3.0754,-3.0648,-7.2463,-9.3665,-8.6994,-3.8751,-8.32
-0.59991,-0.83095,-3.6834,-3.7754,-5.0986,-2.8951,-3.1191,-7.2995,-9.3274,-8.3518,-4.6093,-8.9336
-0.58251,-0.67902,-3.5704,-3.8244,-5.0485,-2.6935,-3.1275,-7.2276,-9.405,-8.1128,-5.2459,-8.9255
-0.55678,-0.56625,-3.4595,-3.8884,-4.9704,-2.4972,-3.1162,-7.2012,-9.5882,-8.0625,-5.6158,-8.4704
-0.53476,-0.49897,-3.3975,-3.9905,-4.8773,-2.3557,-3.1305,-7.1761,-9.8082,-8.2164,-5.3756,-7.7341
-0.52206,-0.46976,-3.3847,-4.091,-4.7959,-2.3062,-3.1341,-7.1599,-9.9938,-8.5367,-4.7976,-7.0978
-0.51967,-0.47883,-3.3922,-4.1761,-4.7231,-2.3677,-3.1088,-7.155,-10.027,-8.8936,-4.032,-6.7385
-0.50009,-0.54331,-3.43,-4.2169,-4.6844,-2.5137,-3.0957,-7.1788,-9.9632,-9.1288,-3.441,-7.0173
-0.48996,-0.64452,-3.5185,-4.2277,-4.6953,-2.6998,-3.1013,-7.1909,-9.8102,-9.1138,-3.4313,-7.6553
-0.4984,-0.78532,-3.6429,-4.2041,-4.7631,-2.9045,-3.1241,-7.1959,-9.596,-8.915,-3.9217,-8.3715
-0.50851,-0.94534,-3.8028,-4.1274,-4.8869,-3.0742,-3.0803,-7.2157,-9.4096,-8.6141,-4.7564,-8.8112
-0.50811,-1.1394,-3.961,-4.033,-5.026,-3.1495,-3.0568,-7.2942,-9.3437,-8.327,-5.3681,-8.8392
-0.518,-1.3442,-4.0804,-3.906,-5.1424,-3.1403,-3.0714,-7.3199,-9.4315,-8.1675,-5.6365,-8.3272
-0.54056,-1.5375,-4.122,-3.7865,-5.2367,-3.053,-3.0905,-7.3339,-9.62,-8.2562,-5.3442,-7.5516
-0.56259,-1.717,-4.1176,-3.719,-5.2988,-2.9249,-3.0938,-7.2903,-9.8303,-8.5068,-4.6694,-6.9525
-0.57139,-1.8647,-4.0639,-3.7077,-5.2808,-2.7893,-3.121,-7.2862,-10.037,-8.8429,-3.9729,-6.7382
-0.5906,-1.9765,-3.9909,-3.7119,-5.1798,-2.6756,-3.1606,-7.2461,-10.135,-9.1071,-3.4663,-7.0887
-0.6276,-2.0399,-3.9218,-3.7472,-5.0352,-2.6157,-3.1465,-7.2585,-10.089,-9.23,-3.5179,-7.8074
-0.65599,-2.0698,-3.811,-3.8392,-4.8782,-2.6712,-3.0737,-7.3321,-9.9152,-9.0841,-4.0495,-8.5729
-0.67972,-2.046,-3.6688,-3.9459,-4.7633,-2.8272,-3.0072,-7.3539,-9.6723,-8.804,-4.8031,-8.8919
-0.71559,-1.9619,-3.5252,-4.0186,-4.6926,-3.0235,-2.9968,-7.3915,-9.4746,-8.4742,-5.4496,-8.8063
-0.7547,-1.8605,-3.4272,-4.0527,-4.6514,-3.2144,-2.9795,-7.4242,-9.3821,-8.2609,-5.5699,-8.2517
-0.78774,-1.7217,-3.3755,-4.1096,-4.6615,-3.3824,-2.9936,-7.4865,-9.4351,-8.2531,-5.1967,-7.6018
-0.81244,-1.5547,-3.3337,-4.1409,-4.7341,-3.4788,-3.0118,-7.465,-9.5935,-8.4575,-4.4503,-6.9769
-0.83982,-1.3654,-3.3108,-4.1149,-4.8555,-3.4699,-3.0394,-7.4941,-9.8008,-8.7712,-3.7136,-6.8822
-0.87937,-1.1654,-3.3325,-4.04,-5.0054,-3.3659,-3.0417,-7.4501,-10.005,-9.0867,-3.3232,-7.2454
-0.91514,-0.98454,-3.4339,-3.9501,-5.1389,-3.2035,-3.0417,-7.4484,-10.14,-9.2541,-3.4484,-7.9813
-0.94358,-0.81828,-3.5711,-3.8717,-5.2245,-2.9932,-3.0395,-7.3936,-10.095,-9.2083,-4.0686,-8.6729
-0.97624,-0.66886,-3.7103,-3.8064,-5.2877,-2.7697,-3.0305,-7.373,-9.9089,-8.9472,-4.753,-9.0444
-1.008,-0.55822,-3.8124,-3.7687,-5.3327,-2.611,-2.9849,-7.4031,-9.6804,-8.6416,-5.2964,-8.7663
-1.0364,-0.50069,-3.9176,-3.7429,-5.3131,-2.5703,-2.923,-7.4498,-9.4969,-8.3958,-5.3502,-8.0946
-1.0587,-0.47635,-3.986,-3.7356,-5.2232,-2.6472,-2.8999,-7.4646,-9.3761,-8.2986,-4.895,-7.3814
-1.0811,-0.48876,-4.0439,-3.7659,-5.0737,-2.8113,-2.8769,-7.5081,-9.3691,-8.391,-4.1452,-6.9056
-1.1018,-0.55274,-4.0806,-3.8296,-4.9204,-3.0028,-2.873,-7.5017,-9.5173,-8.6845,-3.3683,-6.9164
-1.1178,-0.65264,-4.0684,-3.9331,-4.8251,-3.189,-2.8465,-7.4575,-9.7545,-9.0086,-3.0499,-7.4004
-1.1282,-0.78659,-3.9952,-4.0267,-4.7883,-3.3391,-2.8384,-7.4317,-9.9762,-9.2212,-3.2466,-8.132
-1.1391,-0.94461,-3.8649,-4.1185,-4.7733,-3.4074,-2.8453,-7.3963,-10.13,-9.3112,-3.8775,-8.6994
-1.1437,-1.1413,-3.7252,-4.1837,-4.7897,-3.3438,-2.858,-7.3693,-10.123,-9.1877,-4.6479,-8.9861
-1.1448,-1.3534,-3.5675,-4.2303,-4.8772,-3.2003,-2.8623,-7.3217,-10.004,-8.8298,-5.1034,-8.6898
-1.1378,-1.547,-3.449,-4.2602,-4.9951,-3.0261,-2.8701,-7.268,-9.8049,-8.5223,-5.1143,-8.0877
-1.1255,-1.7217,-3.376,-4.2361,-5.0874,-2.8446,-2.8487,-7.2334,-9.6035,-8.3821,-4.5743,-7.2786
-1.1121,-1.8662,-3.3357,-4.1617,-5.1427,-2.7131,-2.7999,-7.2649,-9.4814,-8.4206,-3.8745,-6.879
-1.0976,-1.9739,-3.34,-4.0647,-5.1684,-2.6846,-2.7435,-7.2641,-9.4892,-8.6394,-3.2138,-6.9112
-1.0772,-2.0309,-3.3608,-3.9991,-5.1438,-2.7616,-2.7345,-7.3069,-9.6172,-8.9996,-2.9351,-7.5135
-1.0487,-2.0502,-3.3937,-3.915,-5.1051,-2.9094,-2.7627,-7.3176,-9.8574,-9.2816,-3.2442,-8.2762
-1.015,-2.0253,-3.4889,-3.8513,-5.031,-3.0953,-2.7554,-7.336,-10.075,-9.3747,-3.889,-8.8525
-0.98261,-1.9484,-3.6165,-3.8507,-4.9433,-3.268,-2.7528,-7.3067,-10.197,-9.3188,-4.6574,-8.9114
-0.94904,-1.8482,-3.7868,-3.8916,-4.8704,-3.4096,-2.7712,-7.321,-10.253,-9.0876,-5.0664,-8.5371
-0.90932,-1.703,-3.9145,-3.9382,-4.8279,-3.4689,-2.801,-7.2929,-10.159,-8.7222,-4.9879,-7.9037
-0.8738,-1.5206,-4.0148,-3.9985,-4.8476,-3.4463,-2.7986,-7.2747,-9.9356,-8.4703,-4.4067,-7.2608
-0.83606,-1.3191,-4.059,-4.0882,-4.9257,-3.3467,-2.7949,-7.2739,-9.7031,-8.4108,-3.6529,-6.8876
-0.79994,-1.1181,-4.0489,-4.1677,-5.0207,-3.2041,-2.8121,-7.2869,-9.5678,-8.5832,-3.0483,-7.05
-0.76234,-0.94423,-4.005,-4.2409,-5.1254,-3.0137,-2.7848,-7.3316,-9.5542,-8.9081,-2.8806,-7.6512
-0.72432,-0.78255,-3.9375,-4.2843,-5.2041,-2.8337,-2.7129,-7.3675,-9.6632,-9.2385,-3.2647,-8.3929
-0.68846,-0.63299,-3.8557,-4.2918,-5.272,-2.7183,-2.6836,-7.4105,-9.8724,-9.4174,-4.0043,-8.9447
-0.65568,-0.52311,-3.7181,-4.2576,-5.3243,-2.7067,-2.7063,-7.4476,-10.108,-9.3729,-4.6537,-8.949
-0.62096,-0.45934,-3.5785,-4.1774,-5.3064,-2.7768,-2.6842,-7.4821,-10.265,-9.153,-5.0082,-8.4959
-0.59289,-0.43127,-3.4805,-4.0904,-5.231,-2.9275,-2.654,-7.48,-10.303,-8.8599,-4.7929,-7.7233
-0.57555,-0.44081,-3.4063,-3.9819,-5.1087,-3.1355,-2.6452,-7.5,-10.185,-8.5693,-4.1854,-7.1384
-0.55956,-0.50814,-3.3574,-3.8785,-4.9914,-3.3379,-2.683,-7.4804,-9.949,-8.4291,-3.4157,-6.8663
-0.53958,-0.61763,-3.3056,-3.8195,-4.9021,-3.4751,-2.6915,-7.467,-9.7166,-8.4601,-2.8379,-7.2013
-0.52906,-0.76546,-3.2976,-3.8119,-4.8186,-3.5314,-2.6883,-7.5077,-9.5598,-8.7254,-2.7774,-7.831
-0.52996,-0.92867,-3.3527,-3.8201,-4.7685,-3.4736,-2.7164,-7.5556,-9.536,-9.0445,-3.1763,-8.5765
-0.52151,-1.1244,-3.4529,-3.8657,-4.7919,-3.3088,-2.7133,-7.5846,-9.6256,-9.2998,-3.9246,-8.95
-0.50408,-1.3292,-3.6179,-3.9721,-4.8876,-3.106,-2.6334,-7.5937,-9.7901,-9.3804,-4.5812,-8.9418
-0.50115,-1.5215,-3.7597,-4.099,-5.0518,-2.9148,-2.5696,-7.5878,-10.034,-9.2393,-4.872,-8.4369
-0.52338,-1.7034,-3.8642,-4.1857,-5.2329,-2.7792,-2.5471,-7.5915,-10.224,-8.9264,-4.5412,-7.7415
-0.53519,-1.8514,-3.9375,-4.2348,-5.3616,-2.7268,-2.5194,-7.5786,-10.233,-8.6481,-3.9117,-7.0889
-0.54105,-1.9684,-3.9722,-4.3066,-5.4392,-2.7688,-2.4752,-7.5657,-10.117,-8.466,-3.1567,-6.9308
-0.56142,-2.0358,-3.9785,-4.3636,-5.498,-2.9001,-2.4529,-7.5694,-9.9408,-8.4822,-2.6788,-7.2789
-0.59178,-2.0657,-3.99,-4.3605,-5.4942,-3.0848,-2.4447,-7.5492,-9.7308,-8.6473,-2.7225,-7.9914
-0.60614,-2.0385,-3.9514,-4.309,-5.4255,-3.2946,-2.4583,-7.5182,-9.539,-8.9569,-3.2949,-8.6859
-0.61819,-1.9583,-3.8624,-4.2203,-5.3179,-3.4529,-2.4524,-7.525,-9.4865,-9.2522,-4.0045,-8.9946
-0.64809,-1.8582,-3.7075,-4.1401,-5.1704,-3.5228,-2.4503,-7.5665,-9.5886,-9.4276,-4.5943,-8.7794
-0.68766,-1.7123,-3.5467,-4.0681,-5.0384,-3.5295,-2.4847,-7.542,-9.7685,-9.3766,-4.7753,-8.1334
-0.71835,-1.5338,-3.3997,-4.0368,-4.9571,-3.4428,-2.4824,-7.5491,-10.012,-9.158,-4.4301,-7.4882
-0.74554,-1.3403,-3.311,-4.0067,-4.8883,-3.2886,-2.4652,-7.5534,-10.239,-8.8376,-3.7595,-6.95
-0.78705,-1.1406,-3.2486,-3.9872,-4.8341,-3.1256,-2.438,-7.5702,-10.296,-8.6499,-3.0231,-6.9165
-0.82959,-0.96292,-3.2454,-4.0208,-4.8578,-3.0015,-2.4506,-7.5478,-10.237,-8.5608,-2.6038,-7.2929
-0.85213,-0.79579,-3.2512,-4.0921,-4.969,-2.9541,-2.4374,-7.5348,-10.09,-8.6806,-2.7134,-8.014
-0.86995,-0.64739,-3.2847,-4.1716,-5.1239,-3.0137,-2.4106,-7.5283,-9.8619,-8.9404,-3.3317,-8.6179
-0.90015,-0.53466,-3.3928,-4.2483,-5.2715,-3.1723,-2.4118,-7.5316,-9.6446,-9.2419,-4.0787,-8.9218
-0.93643,-0.47067,-3.5042,-4.3332,-5.3773,-3.3982,-2.4767,-7.5444,-9.5771,-9.4348,-4.6083,-8.6361
-0.96949,-0.43868,-3.6333,-4.385,-5.4179,-3.6144,-2.5212,-7.5619,-9.6758,-9.5284,-4.6059,-7.9999
-0.9971,-0.44328,-3.7811,-4.4088,-5.4296,-3.7812,-2.5309,-7.596,-9.8649,-9.3884,-4.181,-7.2056
-1.0242,-0.50386,-3.8814,-4.3914,-5.4107,-3.8748,-2.5582,-7.6149,-10.086,-9.0661,-3.4716,-6.7625
-1.0535,-0.6066,-3.9614,-4.3295,-5.3207,-3.874,-2.5685,-7.6423,-10.303,-8.7499,-2.787,-6.7943
-1.0781,-0.74765,-4.0128,-4.24,-5.2033,-3.7928,-2.5338,-7.7008,-10.41,-8.5813,-2.4247,-7.35
-1.0985,-0.90571,-4.0084,-4.1466,-5.1269,-3.6325,-2.44,-7.7242,-10.355,-8.6099,-2.6092,-8.0711
-1.1205,-1.1026,-3.9912,-4.0822,-5.091,-3.4519,-2.402,-7.702,-10.165,-8.8164,-3.1781,-8.6619
-1.1436,-1.3105,-3.8991,-4.0033,-5.0793,-3.2682,-2.4281,-7.6927,-9.9036,-9.1307,-3.9206,-8.8389
-1.1614,-1.5011,-3.7813,-3.9337,-5.0914,-3.1137,-2.4147,-7.6795,-9.6941,-9.3679,-4.3948,-8.4744
-1.1743,-1.676,-3.6607,-3.9068,-5.1253,-3.0432,-2.3649,-7.6762,-9.5917,-9.4504,-4.3866,-7.9061
-1.1826,-1.8201,-3.562,-3.9232,-5.1983,-3.092,-2.3693,-7.7041,-9.6196,-9.3906,-3.8525,-7.2001
-1.1898,-1.9324,-3.4584,-3.9556,-5.2826,-3.2118,-2.3888,-7.7393,-9.7923,-9.1569,-3.0861,-6.8057
-1.192,-1.9956,-3.4017,-4.017,-5.3695,-3.3526,-2.3794,-7.722,-9.9975,-8.831,-2.4545,-6.8677
-1.1858,-2.0242,-3.3442,-4.1126,-5.4481,-3.5128,-2.3571,-7.7282,-10.187,-8.5708,-2.225,-7.499
-1.1763,-2.007,-3.3382,-4.2197,-5.471,-3.6393,-2.3603,-7.7237,-10.33,-8.5011,-2.5233,-8.2437
-1.1661,-1.9351,-3.3889,-4.3376,-5.4108,-3.6886,-2.3418,-7.7435,-10.283,-8.6469,-3.1544,-8.7704
-1.1484,-1.8344,-3.4716,-4.4235,-5.321,-3.6678,-2.2351,-7.7172,-10.097,-8.9255,-3.8472,-8.8145
-1.1253,-1.6892,-3.5902,-4.431,-5.2485,-3.5834,-2.1715,-7.704,-9.8757,-9.2235,-4.2286,-8.4146
-1.0996,-1.5135,-3.7349,-4.3776,-5.1917,-3.4506,-2.1628,-7.6657,-9.691,-9.3885,-4.1949,-7.699
-1.0708,-1.3184,-3.8965,-4.2878,-5.1309,-3.2773,-2.1492,-7.6411,-9.5429,-9.3615,-3.6851,-7.1131
-1.0392,-1.1219,-4.0185,-4.2008,-5.0886,-3.115,-2.1069,-7.5974,-9.547,-9.1507,-3.0023,-6.8112
-1.0064,-0.94844,-4.0552,-4.1197,-5.137,-3.0356,-2.0776,-7.5923,-9.7078,-8.8906,-2.3614,-7.0381
-0.97012,-0.78541,-4.0497,-4.0615,-5.2248,-3.0764,-2.1074,-7.6153,-9.9512,-8.6267,-2.2269,-7.6027
-0.93416,-0.64421,-4.0375,-4.0255,-5.348,-3.2446,-2.1625,-7.6052,-10.171,-8.5288,-2.6049,-8.3395
-0.89581,-0.53702,-3.9775,-4.0224,-5.4834,-3.4701,-2.174,-7.5835,-10.317,-8.5424,-3.3744,-8.7866
-0.85968,-0.47192,-3.9135,-4.0271,-5.6082,-3.7123,-2.1752,-7.5723,-10.308,-8.8073,-4.0319,-8.7605
-0.82056,-0.4419,-3.828,-4.0582,-5.7236,-3.9208,-2.1737,-7.567,-10.18,-9.1158,-4.3559,-8.3161
-0.78029,-0.44892,-3.6965,-4.1486,-5.7823,-4.0269,-2.121,-7.5443,-9.9778,-9.3601,-4.1854,-7.5817
-0.7444,-0.50946,-3.5405,-4.2677,-5.7563,-4.027,-2.0628,-7.5293,-9.7618,-9.4268,-3.5967,-6.9272
-0.70922,-0.61344,-3.4286,-4.3556,-5.6919,-3.9558,-2.0591,-7.5092,-9.6262,-9.3493,-2.9148,-6.7145
-0.6639,-0.7566,-3.3398,-4.3977,-5.5541,-3.8134,-2.1225,-7.5071,-9.6363,-9.0519,-2.3867,-7.0672
-0.63771,-0.91296,-3.313,-4.4582,-5.3836,-3.6219,-2.1674,-7.4846,-9.7691,-8.7961,-2.3025,-7.6752
-0.61555,-1.1056,-3.3222,-4.5044,-5.2628,-3.433,-2.1783,-7.4948,-10.027,-8.6284,-2.6531,-8.3499
-0.58617,-1.3105,-3.3411,-4.4778,-5.1983,-3.3162,-2.1763,-7.5287,-10.246,-8.6402,-3.3623,-8.7143
-0.55639,-1.5055,-3.3982,-4.389,-5.1559,-3.3165,-2.2258,-7.5749,-10.359,-8.7783,-4.0582,-8.5861
-0.54519,-1.6803,-3.5252,-4.2748,-5.1476,-3.4133,-2.243,-7.5755,-10.405,-9.085,-4.3717,-8.0221
-0.53752,-1.821,-3.6876,-4.1703,-5.2116,-3.5807,-2.2258,-7.5845,-10.318,-9.363,-4.0999,-7.369
-0.52012,-1.9317,-3.8192,-4.0842,-5.3606,-3.7928,-2.2451,-7.5974,-10.074,-9.5199,-3.4657,-6.7884
-0.50211,-1.9978,-3.9235,-4.0493,-5.5404,-3.9825,-2.2816,-7.5837,-9.8289,-9.4447,-2.6768,-6.6674
-0.50755,-2.0239,-3.9908,-4.0183,-5.6782,-4.1182,-2.2793,-7.5779,-9.7196,-9.2425,-2.2081,-7.0071
-0.52151,-1.9971,-4.0693,-3.9905,-5.757,-4.1642,-2.2298,-7.5954,-9.7083,-8.8936,-2.2214,-7.7426
-0.52183,-1.9187,-4.1071,-3.9933,-5.8217,-4.1168,-2.2133,-7.608,-9.7994,-8.6915,-2.7452,-8.3777
-0.52553,-1.8203,-4.0774,-4.04,-5.8505,-3.9907,-2.211,-7.6007,-10.016,-8.5785,-3.3959,-8.6522
-0.55208,-1.6851,-4.0178,-4.1101,-5.8096,-3.7999,-2.1775,-7.6111,-10.24,-8.6867,-3.9644,-8.4425
-0.57338,-1.5142,-3.9336,-4.1824,-5.6983,-3.5763,-2.0996,-7.6389,-10.379,-8.9087,-4.176,-7.8347
-0.58326,-1.3183,-3.8234,-4.2583,-5.5569,-3.3973,-2.0983,-7.6671,-10.436,-9.183,-3.8322,-7.1203
-0.60157,-1.1231,-3.6899,-4.3079,-5.424,-3.3188,-2.1125,-7.6527,-10.315,-9.3422,-3.2059,-6.69
-0.63837,-0.95094,-3.5606,-4.3369,-5.3283,-3.3545,-2.0758,-7.6426,-10.054,-9.4052,-2.432,-6.7041
-0.67563,-0.78965,-3.4587,-4.3318,-5.2752,-3.4815,-2.0337,-7.6603,-9.793,-9.2208,-2.008,-7.1377
-0.70279,-0.65129,-3.4094,-4.2729,-5.249,-3.6917,-2.0202,-7.6268,-9.6383,-8.9381,-2.0533,-7.843
-0.73542,-0.55239,-3.3853,-4.1801,-5.255,-3.8999,-1.9958,-7.5961,-9.5746,-8.6439,-2.6533,-8.4571
-0.78159,-0.49985,-3.3992,-4.0985,-5.3355,-4.0391,-1.9436,-7.6087,-9.6498,-8.4882,-3.3979,-8.6598
-0.81769,-0.47689,-3.4758,-4.0385,-5.4524,-4.0873,-1.8961,-7.6308,-9.8263,-8.5065,-3.8941,-8.3368
-0.83995,-0.48529,-3.5868,-3.9638,-5.5728,-4.061,-1.928,-7.6181,-10.091,-8.716,-3.9319,-7.7602
-0.86922,-0.54698,-3.722,-3.9052,-5.6656,-3.9616,-1.9494,-7.6016,-10.283,-9.0012,-3.5389,-7.0535
-0.91186,-0.6541,-3.8625,-3.905,-5.685,-3.8017,-1.8852,-7.6232,-10.311,-9.2512,-2.8639,-6.6298
-0.95522,-0.80121,-3.9704,-3.9501,-5.6552,-3.6208,-1.849,-7.5911,-10.207,-9.3602,-2.211,-6.6909
-0.99322,-0.96039,-4.0983,-4.0051,-5.6274,-3.4814,-1.8687,-7.5643,-9.9995,-9.2998,-1.8153,-7.2764
-1.0233,-1.157,-4.1532,-4.0745,-5.5619,-3.4278,-1.8929,-7.5334,-9.7667,-9.0763,-1.9768,-7.9436
-1.0584,-1.3654,-4.146,-4.1794,-5.4688,-3.473,-1.8921,-7.5164,-9.539,-8.8001,-2.5118,-8.4608
-1.0891,-1.5592,-4.122,-4.294,-5.3857,-3.5943,-1.9397,-7.5045,-9.4824,-8.6005,-3.2785,-8.5923
-1.1142,-1.7345,-4.0765,-4.4171,-5.3574,-3.7773,-1.9935,-7.4792,-9.5748,-8.5568,-3.7828,-8.1836
-1.1377,-1.875,-4.0221,-4.4997,-5.3932,-3.9858,-1.9747,-7.494,-9.7441,-8.7034,-3.7849,-7.5554
-1.1638,-1.9824,-3.8826,-4.5213,-5.4517,-4.1863,-1.9041,-7.5251,-9.9956,-8.9605,-3.3177,-6.9511
-1.1842,-2.0392,-3.7132,-4.4847,-5.5312,-4.3433,-1.9189,-7.5583,-10.228,-9.2515,-2.5368,-6.6009
-1.198,-2.0631,-3.5913,-4.405,-5.64,-4.4165,-1.9638,-7.57,-10.282,-9.3985,-1.9267,-6.738
-1.2076,-2.0369,-3.5378,-4.3187,-5.7489,-4.3841,-1.9368,-7.5934,-10.23,-9.4341,-1.6922,-7.3429
-1.2177,-1.958,-3.4947,-4.2384,-5.8311,-4.2555,-1.9144,-7.5962,-10.075,-9.2533,-2.0017,-8.0846
-1.2205,-1.851,-3.4694,-4.1576,-5.8631,-4.0533,-1.9585,-7.6041,-9.8124,-9.0028,-2.6032,-8.4983
-1.2171,-1.7078,-3.4634,-4.1019,-5.8344,-3.8255,-2.0332,-7.6146,-9.5673,-8.7415,-3.2611,-8.5382
-1.2076,-1.5332,-3.5012,-4.0862,-5.7562,-3.6427,-2.0584,-7.6054,-9.4935,-8.6486,-3.6557,-8.1617
-1.1923,-1.3374,-3.6053,-4.0953,-5.6287,-3.5629,-2.0867,-7.6192,-9.5811,-8.6379,-3.6363,-7.4713
-1.1749,-1.1378,-3.7338,-4.1341,-5.4971,-3.609,-2.117,-7.5868,-9.7775,-8.8645,-3.1382,-6.8626
-1.1564,-0.95893,-3.8528,-4.2231,-5.4084,-3.7432,-2.1185,-7.6013,-10.019,-9.1447,-2.4393,-6.6301
-1.134,-0.79241,-3.9787,-4.3338,-5.3426,-3.9166,-2.0453,-7.6391,-10.237,-9.3616,-1.7813,-6.9166
-1.1065,-0.65002,-4.0754,-4.4186,-5.2958,-4.0918,-2.0036,-7.7132,-10.369,-9.3989,-1.6267,-7.502
-1.0727,-0.54787,-4.1216,-4.4512,-5.3167,-4.2287,-2.0179,-7.7524,-10.318,-9.3452,-1.9751,-8.2288
-1.0358,-0.4948,-4.1412,-4.4957,-5.4174,-4.262,-2.0267,-7.7993,-10.126,-9.0569,-2.7239,-8.6716
-0.99694,-0.47896,-4.1563,-4.5226,-5.5716,-4.2014,-1.9994,-7.8054,-9.8674,-8.8063,-3.3933,-8.5573
-0.955,-0.49249,-4.1421,-4.4858,-5.739,-4.0846,-1.9674,-7.8078,-9.66,-8.6161,-3.6959,-8.0719
-0.91589,-0.55306,-4.0404,-4.4042,-5.863,-3.936,-1.9881,-7.7954,-9.5372,-8.6037,-3.5375,-7.415
-0.88222,-0.6581,-3.8972,-4.2935,-5.9649,-3.7553,-2.007,-7.7654,-9.5574,-8.7153,-2.9348,-6.832
-0.84223,-0.79945,-3.7634,-4.182,-6.035,-3.5941,-1.9867,-7.6916,-9.7504,-9.0088,-2.2696,-6.6762
-0.80384,-0.95933,-3.6232,-4.0945,-6.039,-3.5219,-1.99,-7.6479,-9.9664,-9.2685,-1.7104,-7.0359
-0.76794,-1.1587,-3.5011,-4.0646,-5.9792,-3.5531,-2.0171,-7.6329,-10.168,-9.4274,-1.6021,-7.6928
-0.73049,-1.3767,-3.4197,-4.0496,-5.8619,-3.6997,-1.9673,-7.6503,-10.303,-9.3782,-1.9382,-8.2877
-0.6897,-1.5849,-3.3774,-4.0419,-5.7,-3.9164,-1.9075,-7.6931,-10.237,-9.2196,-2.6331,-8.6409
-0.65478,-1.7755,-3.4008,-4.0609,-5.5653,-4.148,-1.8676,-7.7136,-10.039,-8.896,-3.2977,-8.5428
-0.62791,-1.9266,-3.4602,-4.1185,-5.4701,-4.3539,-1.8771,-7.7681,-9.8002,-8.6975,-3.5787,-7.9821
-0.60745,-2.0321,-3.5134,-4.196,-5.4244,-4.4948,-1.9055,-7.7366,-9.5903,-8.6005,-3.3218,-7.2955
-0.57255,-2.0856,-3.6221,-4.2777,-5.4021,-4.524,-1.8855,-7.6829,-9.4351,-8.7134,-2.7019,-6.8368
-0.54887,-2.1017,-3.7638,-4.3653,-5.42,-4.464,-1.9113,-7.6096,-9.4488,-8.9552,-1.9309,-6.7658
-0.5436,-2.0832,-3.9376,-4.4312,-5.5054,-4.3049,-1.9875,-7.5526,-9.6061,-9.2581,-1.4936,-7.1342
-0.53421,-2.0156,-4.0491,-4.47,-5.6388,-4.1012,-1.9996,-7.4931,-9.821,-9.4428,-1.4818,-7.8585
-0.51156,-1.9203,-4.1383,-4.4707,-5.7667,-3.9138,-1.9649,-7.478,-10.036,-9.4862,-1.9699,-8.4876
-0.50679,-1.7873,-4.1859,-4.4186,-5.8567,-3.7778,-1.9704,-7.4928,-10.159,-9.3183,-2.617,-8.6734
-0.51536,-1.6172,-4.1809,-4.336,-5.8878,-3.7558,-1.9793,-7.5392,-10.143,-9.094,-3.1912,-8.4727
-0.5242,-1.4184,-4.1424,-4.2651,-5.8968,-3.8622,-1.9659,-7.5732,-9.9853,-8.8342,-3.4306,-7.9195
-0.52762,-1.2121,-4.0762,-4.2114,-5.8868,-4.0567,-1.929,-7.5731,-9.7492,-8.7115,-3.1031,-7.2236
-0.54072,-1.0288,-4.0038,-4.1337,-5.8163,-4.2627,-1.9506,-7.5779,-9.5313,-8.7471,-2.4851,-6.7684
-0.57388,-0.85862,-3.9192,-4.0623,-5.6959,-4.4429,-2.0162,-7.552,-9.3939,-8.9472,-1.6886,-6.7723
-0.59381,-0.72229,-3.8096,-4.0472,-5.5878,-4.5651,-2.024,-7.5055,-9.3975,-9.2158,-1.2763,-7.2404
-0.60085,-0.62511,-3.6873,-4.0849,-5.5285,-4.6061,-2.0456,-7.4803,-9.5178,-9.4594,-1.331,-7.9136
-0.62857,-0.57454,-3.5896,-4.1481,-5.512,-4.5489,-2.0751,-7.5029,-9.7902,-9.5819,-1.9285,-8.5057
-0.67427,-0.55873,-3.5504,-4.2165,-5.5286,-4.4179,-2.0773,-7.5157,-10.038,-9.5001,-2.6956,-8.6539
-0.70901,-0.56894,-3.5457,-4.2939,-5.5743,-4.2482,-2.0439,-7.5601,-10.163,-9.281,-3.1996,-8.2618
-0.73928,-0.62121,-3.5677,-4.3754,-5.6837,-4.0578,-2.0428,-7.576,-10.186,-9.0395,-3.2699,-7.638
-0.7782,-0.71835,-3.652,-4.4612,-5.8118,-3.8666,-2.0589,-7.6132,-10.077,-8.8906,-2.9047,-7.0233
-0.82305,-0.86168,-3.7526,-4.5212,-5.9115,-3.765,-2.0499,-7.6409,-9.8253,-8.8462,-2.2355,-6.6268
-0.85524,-1.0237,-3.9018,-4.5253,-5.9591,-3.7877,-2.0117,-7.7014,-9.5736,-8.977,-1.5721,-6.7229
-0.8765,-1.2234,-4.0267,-4.4717,-5.9331,-3.897,-2.0113,-7.7245,-9.4634,-9.1992,-1.1539,-7.2717
-0.9157,-1.4351,-4.1172,-4.3799,-5.8393,-4.0545,-2.0512,-7.7375,-9.4236,-9.4363,-1.2983,-7.9423
-0.96427,-1.6407,-4.1563,-4.2775,-5.7216,-4.2527,-2.0475,-7.6987,-9.5087,-9.5643,-1.8295,-8.3529
-1.005,-1.8274,-4.2055,-4.1754,-5.5974,-4.4316,-2.0312,-7.6914,-9.7559,-9.6119,-2.6155,-8.5001
-1.0381,-1.9701,-4.2165,-4.0821,-5.5131,-4.5049,-2.0146,-7.6663,-9.9876,-9.4594,-3.1466,-8.1222
-1.0683,-2.0782,-4.1739,-4.0142,-5.4644,-4.4736,-2.0042,-7.633,-10.133,-9.2131,-3.1594,-7.4888
-1.1014,-2.1342,-4.1043,-3.9875,-5.4266,-4.358,-1.9636,-7.6159,-10.165,-8.9953,-2.7006,-6.8628
-1.1341,-2.152,-4.01,-3.9834,-5.465,-4.1855,-1.9095,-7.6502,-10.047,-8.9097,-1.9154,-6.6083
-1.1542,-2.1249,-3.8816,-4.01,-5.5568,-3.9728,-1.8801,-7.679,-9.7965,-8.92,-1.2825,-6.8013
-1.1786,-2.0427,-3.7308,-4.1017,-5.6767,-3.7943,-1.8755,-7.7162,-9.5449,-9.1341,-1.0164,-7.3992
-1.2053,-1.9308,-3.5943,-4.2182,-5.8039,-3.7139,-1.833,-7.7824,-9.3609,-9.397,-1.2975,-8.1317
-1.2245,-1.7971,-3.5092,-4.3015,-5.8966,-3.7453,-1.8023,-7.7844,-9.2726,-9.5935,-1.9091,-8.5149
-1.2372,-1.6323,-3.4684,-4.3484,-5.9853,-3.871,-1.8251,-7.7246,-9.3635,-9.6601,-2.572,-8.4614
-1.243,-1.4435,-3.4626,-4.4157,-6.0587,-4.0657,-1.8588,-7.5998,-9.5453,-9.6506,-2.9636,-8.0713
-1.2477,-1.2399,-3.4654,-4.4638,-6.0405,-4.2999,-1.842,-7.5373,-9.7855,-9.3849,-2.9133,-7.4788
-1.2519,-1.0505,-3.5177,-4.4431,-5.9655,-4.5273,-1.787,-7.4696,-10.002,-9.1481,-2.3783,-6.8779
-1.2422,-0.86725,-3.6313,-4.3672,-5.8506,-4.6766,-1.7632,-7.4476,-10.066,-8.9756,-1.6605,-6.6947
-1.2277,-0.71906,-3.7486,-4.2741,-5.6849,-4.745,-1.7539,-7.4613,-9.9734,-8.9874,-0.96827,-6.9586
-1.2151,-0.62046,-3.8767,-4.1822,-5.5391,-4.712,-1.7364,-7.5041,-9.7416,-9.1093,-0.82495,-7.551
-1.1972,-0.57218,-4.007,-4.1078,-5.4491,-4.5967,-1.7225,-7.5376,-9.4631,-9.3941,-1.1725,-8.1838
-1.179,-0.55432,-4.1368,-4.1005,-5.4107,-4.4298,-1.7309,-7.566,-9.2227,-9.6276,-1.9146,-8.6069
-1.1546,-0.56547,-4.2138,-4.1175,-5.3975,-4.2533,-1.7336,-7.5844,-9.1398,-9.7594,-2.5657,-8.4503
-1.1274,-0.61912,-4.2281,-4.1253,-5.446,-4.1109,-1.7331,-7.6167,-9.238,-9.7481,-2.8434,-7.9509
-1.093,-0.71583,-4.1677,-4.1526,-5.5695,-4.0587,-1.7525,-7.568,-9.4091,-9.6157,-2.6619,-7.2548
-1.0545,-0.85146,-4.1212,-4.2152,-5.7379,-4.1047,-1.7956,-7.4919,-9.6878,-9.3435,-2.0546,-6.7832
-1.0181,-0.99949,-4.0616,-4.2885,-5.8676,-4.2187,-1.8522,-7.4627,-9.9019,-9.1382,-1.3866,-6.6488
-0.98535,-1.1852,-3.9775,-4.3624,-5.9453,-4.3815,-1.8324,-7.4318,-9.9772,-9.065,-0.84463,-6.9879
-0.94767,-1.3887,-3.8554,-4.4468,-5.996,-4.5544,-1.838,-7.3955,-9.911,-9.1537,-0.75191,-7.603
-0.91226,-1.5937,-3.748,-4.5218,-6.0334,-4.7107,-1.875,-7.4256,-9.7215,-9.3731,-1.1141,-8.1709
-0.8745,-1.7804,-3.6509,-4.5683,-6.0234,-4.7635,-1.888,-7.519,-9.4779,-9.6533,-1.8203,-8.4122
-0.83491,-1.9225,-3.5736,-4.5759,-5.9366,-4.7352,-1.8781,-7.5786,-9.2557,-9.8313,-2.4998,-8.2994
-0.80092,-2.0277,-3.502,-4.5225,-5.8103,-4.621,-1.8957,-7.6107,-9.1803,-9.8345,-2.7809,-7.7818
-0.76638,-2.0846,-3.5199,-4.4273,-5.6898,-4.4356,-1.9186,-7.6052,-9.2331,-9.6975,-2.5094,-7.0452
-0.72709,-2.0973,-3.6077,-4.3411,-5.5873,-4.2145,-1.9226,-7.6372,-9.4317,-9.5089,-1.8903,-6.5544
-0.70072,-2.0672,-3.7031,-4.2673,-5.5116,-4.0323,-1.93,-7.5854,-9.6684,-9.2816,-1.1338,-6.4623
-0.6792,-1.9923,-3.8334,-4.1731,-5.5014,-3.9561,-1.9626,-7.5486,-9.8909,-9.1395,-0.74891,-6.8797
-0.65095,-1.8921,-3.9694,-4.0983,-5.5286,-4.0048,-1.9894,-7.505,-10.01,-9.1317,-0.78153,-7.5643
-0.62487,-1.7651,-4.1165,-4.079,-5.6222,-4.148,-1.9743,-7.4934,-9.9656,-9.2943,-1.3188,-8.171
-0.60836,-1.6055,-4.2367,-4.11,-5.758,-4.3478,-1.9551,-7.4549,-9.7975,-9.5388,-2.0016,-8.2822
-0.59872,-1.4179,-4.2729,-4.1619,-5.8825,-4.56,-1.9465,-7.4914,-9.5645,-9.7855,-2.565,-8.0013
-0.58084,-1.229,-4.261,-4.2244,-5.9473,-4.7258,-1.9386,-7.547,-9.3429,-9.928,-2.7711,-7.409
-0.55612,-1.0582,-4.2654,-4.2992,-5.9355,-4.8341,-1.905,-7.6102,-9.2143,-9.8625,-2.4271,-6.8162
-0.55401,-0.88734,-4.2051,-4.3757,-5.8572,-4.8638,-1.8803,-7.6198,-9.2518,-9.6368,-1.8152,-6.3697
-0.56756,-0.74626,-4.1264,-4.4682,-5.7664,-4.8165,-1.8955,-7.5951,-9.4514,-9.4161,-1.0539,-6.3994
-0.56142,-0.64805,-3.9976,-4.5504,-5.6701,-4.6811,-1.9036,-7.548,-9.6739,-9.2816,-0.65511,-6.8249
-0.56031,-0.60306,-3.8552,-4.5689,-5.5862,-4.4984,-1.8885,-7.4749,-9.8919,-9.2318,-0.7268,-7.4837
-0.58017,-0.59452,-3.7309,-4.5188,-5.5312,-4.3431,-1.8771,-7.445,-10.012,-9.3465,-1.3293,-7.9808
-0.59706,-0.61398,-3.65,-4.4166,-5.5129,-4.2297,-1.8883,-7.3999,-9.9835,-9.5785,-2.088,-8.1862
-0.60324,-0.67699,-3.5636,-4.314,-5.5627,-4.1797,-1.8857,-7.3394,-9.7824,-9.8079,-2.5799,-7.8383
-0.60709,-0.78145,-3.5369,-4.2216,-5.6323,-4.24,-1.881,-7.2927,-9.4985,-9.9625,-2.6122,-7.1866
-0.63504,-0.92401,-3.542,-4.149,-5.7141,-4.4032,-1.8613,-7.3203,-9.2437,-10.008,-2.2417,-6.5579
-0.67659,-1.078,-3.5707,-4.1097,-5.8059,-4.6208,-1.8408,-7.3251,-9.0851,-9.8588,-1.5816,-6.2269
-0.7008,-1.2655,-3.6411,-4.1141,-5.8797,-4.8172,-1.8128,-7.3567,-9.1015,-9.6032,-0.95236,-6.3962
-0.73077,-1.4674,-3.7317,-4.1279,-5.9508,-4.9876,-1.7956,-7.3616,-9.2681,-9.3987,-0.55344,-6.9516
-0.77625,-1.6668,-3.8406,-4.1664,-6.0032,-5.0853,-1.7903,-7.3874,-9.5097,-9.304,-0.72595,-7.6352
-0.81112,-1.8482,-3.985,-4.2635,-5.991,-5.0657,-1.7931,-7.3129,-9.747,-9.3352,-1.2621,-8.0286
-0.83216,-1.9875,-4.1004,-4.3882,-5.9249,-4.9227,-1.801,-7.2177,-9.8796,-9.5373,-2.0357,-8.1043
-0.85714,-2.0939,-4.18,-4.4779,-5.7833,-4.7228,-1.8275,-7.1205,-9.8635,-9.7683,-2.5578,-7.7114
-0.8945,-2.1556,-4.2302,-4.5245,-5.6191,-4.5391,-1.8674,-7.068,-9.6776,-9.9382,-2.5866,-7.1557
-0.94073,-2.1678,-4.2263,-4.5836,-5.5129,-4.402,-1.9021,-6.9842,-9.3939,-10.003,-2.1287,-6.4925
-0.98123,-2.1364,-4.1989,-4.6382,-5.446,-4.3499,-1.9377,-6.9556,-9.1587,-9.9572,-1.3549,-6.2626
-1.0173,-2.0551,-4.0992,-4.6333,-5.3973,-4.4013,-1.9689,-7.0119,-9.0223,-9.72,-0.73717,-6.4596
-1.0547,-1.934,-3.999,-4.5647,-5.4139,-4.5425,-1.9722,-7.0554,-9.0331,-9.4667,-0.53564,-7.115
-1.0892,-1.7944,-3.91,-4.464,-5.4989,-4.7062,-1.9864,-7.0797,-9.163,-9.3139,-0.86165,-7.7838
-1.1195,-1.6289,-3.8151,-4.3598,-5.6441,-4.8584,-2.001,-7.081,-9.4174,-9.3165,-1.5199,-8.1946
-1.1415,-1.4436,-3.6937,-4.2733,-5.8253,-4.9802,-2.0094,-7.1268,-9.6752,-9.4238,-2.2018,-8.063
-1.1669,-1.2526,-3.599,-4.24,-5.9693,-5.0435,-2.0407,-7.0705,-9.8349,-9.6642,-2.5863,-7.5898
-1.1987,-1.0741,-3.5426,-4.2234,-6.0614,-5.0356,-2.076,-6.9976,-9.8315,-9.8621,-2.5699,-6.9316
-1.2239,-0.8942,-3.5365,-4.2134,-6.1328,-4.9658,-2.0972,-6.9021,-9.6922,-9.9561,-2.0549,-6.4333
-1.2414,-0.75116,-3.5728,-4.2298,-6.1706,-4.8067,-2.1118,-6.8675,-9.4424,-9.9677,-1.3798,-6.2826
-1.2547,-0.65068,-3.6388,-4.2862,-6.129,-4.5958,-2.1584,-6.805,-9.1908,-9.8489,-0.72297,-6.579
-1.2612,-0.59984,-3.7366,-4.3643,-6.0049,-4.3954,-2.1982,-6.8259,-9.0222,-9.601,-0.59098,-7.1683
-1.2634,-0.57885,-3.8783,-4.4384,-5.8423,-4.2587,-2.2368,-6.8828,-8.9746,-9.3815,-0.96329,-7.7699
-1.2544,-0.59625,-4.0294,-4.5083,-5.7014,-4.2073,-2.2406,-6.9449,-9.0712,-9.3027,-1.7383,-8.0868
-1.2403,-0.66505,-4.157,-4.5506,-5.5962,-4.2686,-2.2611,-6.9664,-9.3179,-9.36,-2.4462,-7.9169
-1.2229,-0.77969,-4.2677,-4.5726,-5.5448,-4.4515,-2.2701,-6.9884,-9.5536,-9.562,-2.7709,-7.4224
-1.2008,-0.92995,-4.3194,-4.5607,-5.5183,-4.6857,-2.2542,-7.0244,-9.7165,-9.8427,-2.5975,-6.649
-1.1778,-1.0871,-4.2998,-4.5073,-5.5315,-4.9074,-2.2244,-7.0032,-9.7227,-9.996,-1.9922,-6.1965
-1.152,-1.2751,-4.2296,-4.4285,-5.6314,-5.0658,-2.2043,-6.9333,-9.62,-10.009,-1.3059,-6.0984
-1.1161,-1.4751,-4.1592,-4.3512,-5.7633,-5.1472,-2.2094,-6.8631,-9.378,-9.9292,-0.78246,-6.5492
-1.0797,-1.6796,-4.0958,-4.2921,-5.8807,-5.1094,-2.2277,-6.821,-9.0984,-9.7688,-0.70359,-7.1758
-1.0411,-1.8685,-4.001,-4.22,-5.9516,-4.9838,-2.2596,-6.7456,-8.8947,-9.5533,-1.094,-7.7312
-0.9975,-2.0171,-3.8681,-4.1558,-5.9764,-4.8164,-2.3123,-6.7675,-8.8227,-9.4114,-1.85,-7.8563
-0.9559,-2.1376,-3.7504,-4.1316,-5.9604,-4.6646,-2.3558,-6.8361,-8.927,-9.3911,-2.5502,-7.6197
-0.91765,-2.2072,-3.6767,-4.1604,-5.921,-4.5476,-2.3228,-6.9179,-9.1405,-9.5456,-2.8551,-7.0642
-0.87483,-2.2275,-3.6341,-4.2243,-5.864,-4.5072,-2.2848,-6.9614,-9.3706,-9.8012,-2.5756,-6.477
-0.83369,-2.1979,-3.6079,-4.3073,-5.7805,-4.5646,-2.2313,-7.0053,-9.5578,-10.042,-1.9596,-6.028
-0.79494,-2.1188,-3.6043,-4.4186,-5.7105,-4.69,-2.1809,-7.0456,-9.6398,-10.181,-1.1649,-6.0218
-0.75821,-2.011,-3.6684,-4.5264,-5.6922,-4.8596,-2.1354,-6.9987,-9.5538,-10.128,-0.73383,-6.46
-0.71614,-1.8804,-3.7903,-4.6317,-5.7333,-5.0515,-2.1184,-6.8874,-9.3245,-9.9244,-0.7841,-7.1642
-0.67554,-1.721,-3.9188,-4.7056,-5.7959,-5.2318,-2.1229,-6.8212,-9.0472,-9.7185,-1.3646,-7.6528
-0.64947,-1.5393,-4.0087,-4.714,-5.8632,-5.3411,-2.1507,-6.7707,-8.8635,-9.5925,-2.0906,-7.752
-0.62661,-1.3601,-4.1116,-4.6655,-5.9562,-5.3552,-2.1635,-6.7166,-8.7961,-9.555,-2.668,-7.4302
-0.59218,-1.1915,-4.2034,-4.5813,-6.0489,-5.2584,-2.1688,-6.7396,-8.8882,-9.6425,-2.8868,-6.7912
-0.56845,-1.0212,-4.2803,-4.5001,-6.1219,-5.091,-2.1675,-6.8234,-9.0803,-9.8621,-2.5672,-6.2452
-0.56286,-0.87895,-4.3088,-4.4209,-6.1656,-4.8708,-2.1523,-6.9191,-9.3392,-10.102,-1.9352,-5.9542
-0.55117,-0.78453,-4.279,-4.3473,-6.1492,-4.6725,-2.1319,-6.9723,-9.566,-10.253,-1.1879,-6.1087
-0.53367,-0.73656,-4.2243,-4.281,-6.0842,-4.563,-2.0904,-7.0183,-9.7006,-10.28,-0.78267,-6.5536
-0.53128,-0.72007,-4.1102,-4.2401,-5.9661,-4.5923,-2.0795,-7.0266,-9.6206,-10.14,-0.89704,-7.1713
-0.54228,-0.74013,-3.9945,-4.221,-5.8485,-4.7285,-2.0869,-6.9893,-9.4256,-9.8848,-1.5327,-7.5761
-0.55637,-0.81103,-3.8629,-4.2479,-5.7703,-4.9259,-2.0764,-6.865,-9.2097,-9.6991,-2.3543,-7.653
-0.55942,-0.92354,-3.7256,-4.3442,-5.7012,-5.1315,-2.0641,-6.8375,-9.0087,-9.6098,-2.8759,-7.2665
-0.56685,-1.0735,-3.6249,-4.4756,-5.6586,-5.3112,-2.0854,-6.8198,-8.8948,-9.6721,-2.8805,-6.7291
-0.59465,-1.2309,-3.5622,-4.5641,-5.6903,-5.4094,-2.0873,-6.7837,-8.9328,-9.8536,-2.486,-6.0966
-0.61576,-1.4176,-3.5158,-4.5918,-5.7638,-5.4044,-2.0946,-6.7931,-9.0966,-10.065,-1.7907,-5.8628
-0.6288,-1.6217,-3.5423,-4.6121,-5.9055,-5.2967,-2.1152,-6.8773,-9.3494,-10.226,-1.1675,-6.0418
-0.6536,-1.829,-3.6139,-4.6212,-6.0752,-5.1181,-2.1573,-6.9705,-9.5592,-10.31,-0.83392,-6.6239
-0.69188,-2.0195,-3.6661,-4.581,-6.1991,-4.911,-2.229,-7.0251,-9.6471,-10.239,-1.0556,-7.1894
-0.73256,-2.1638,-3.7534,-4.4923,-6.2855,-4.7122,-2.2237,-7.0681,-9.5681,-10.045,-1.6207,-7.541
-0.76257,-2.2774,-3.8895,-4.3894,-6.3483,-4.5582,-2.1969,-7.0643,-9.3663,-9.8073,-2.3802,-7.5
-0.79243,-2.3436,-4.0319,-4.29,-6.3502,-4.4967,-2.1627,-7.0145,-9.0887,-9.6785,-2.8581,-7.0783
-0.83889,-2.3583,-4.1742,-4.2132,-6.2732,-4.5343,-2.1461,-6.9025,-8.8106,-9.6703,-2.8745,-6.5146
