0.0027246
0.0036217
0.0055132
0.0065687
0.0084812
0.0094052
0.0104
0.012444
0.013398
0.015382
0.016399
0.018392
0.019383
0.021416
0.02239
0.023403
0.02541
0.026384
0.028398
0.029409
0.031382
0.032407
0.033379
0.035403
0.036383
0.038399
0.039362
0.041412
0.042407
0.044394
0.045455
0.04642
0.048433
0.049379
0.051411
0.052387
0.054395
0.05556
0.057447
0.058401
0.059378
0.061466
0.062387
0.064372
0.065396
0.067412
0.068381
0.070409
0.071391
0.072389
0.074475
0.075399
0.077395
0.078372
0.080414
0.081393
0.083369
0.084393
0.08541
0.087414
0.088395
0.090381
0.091404
0.093392
0.094371
0.096397
0.097433
0.098379
0.10043
0.10136
0.1035
0.10447
0.10641
0.1074
0.10837
0.11041
0.11139
0.11345
0.11434
0.11637
0.11735
0.11933
0.12035
0.12134
0.12346
0.1244
0.12641
0.1274
0.12939
0.13041
0.1324
0.13339
0.13441
0.13641
0.1374
0.1394
0.14037
0.14241
0.1434
0.14439
0.14641
0.1474
0.14943
0.15036
0.15238
0.15334
0.15537
0.15634
0.15833
0.15934
0.16035
0.16244
0.1634
0.16539
0.16641
0.16839
0.16937
0.17046
0.17243
0.17339
0.1754
0.17639
0.17839
0.17941
0.1814
0.18237
0.18339
0.18537
0.1864
0.18841
0.18939
0.19139
0.19238
0.19446
0.19535
0.19635
0.19838
0.19935
0.20137
0.20246
0.20444
0.2054
0.20738
0.2084
0.20939
0.21139
0.21241
0.21448
0.21543
0.21739
0.21838
0.22041
0.22142
0.22241
0.2244
0.22534
0.22736
0.22834
0.23035
0.23136
0.2324
0.23441
0.23535
0.23748
0.2384
0.24038
0.2414
0.24354
0.24439
0.24539
0.24738
0.24841
0.25039
0.25139
0.25348
0.25442
0.25539
0.25751
0.25836
0.26048
0.2614
0.26339
0.26441
0.2664
0.26737
0.2684
0.27041
0.27138
0.27344
0.27434
0.27643
0.27741
0.2794
0.2804
0.28139
0.28343
0.28437
0.28642
0.28739
0.28941
0.29051
0.29142
0.29347
0.29437
0.29642
0.29748
0.29942
0.30038
0.30237
0.30339
0.30437
0.30636
0.30747
0.30939
0.31038
0.3124
0.31338
0.31537
0.31634
0.31736
0.31934
0.32036
0.32236
0.32347
0.32541
0.32641
0.3274
0.32939
0.33041
0.3324
0.3334
0.3354
0.33639
0.33846
0.33941
0.34042
0.34241
0.34342
0.34538
0.34645
0.34843
0.34939
0.35041
0.35241
0.35346
0.35561
0.35646
0.3584
0.3594
0.36139
0.36237
0.3634
0.36542
0.36636
0.36835
0.36933
0.37136
0.37234
0.37338
0.37549
0.37643
0.37842
0.37942
0.38141
0.38242
0.38468
0.38539
0.38735
0.38833
0.38936
0.39135
0.39257
0.39439
0.39547
0.39735
0.39833
0.40034
0.40137
0.40235
0.40444
0.40541
0.40738
0.40837
0.41039
0.41138
0.41238
0.41438
0.41546
0.41737
0.41836
0.42044
0.42142
0.42339
0.42441
0.42542
0.42738
0.42841
0.43038
0.43149
0.43342
0.43438
0.43639
0.4374
0.4384
0.44042
0.44138
0.44339
0.44441
0.44635
0.44738
0.44936
0.45034
0.45136
0.45346
0.45444
0.4564
0.45749
0.45939
0.46039
0.46138
0.4634
0.46439
0.46639
0.46737
0.46942
0.47042
0.4724
0.47343
0.47437
0.47643
0.47739
0.47943
0.48042
0.48239
0.48338
0.48442
0.48638
0.48742
0.48941
0.49041
0.49238
0.49338
0.49538
0.49641
0.4974
0.49943
0.5004
0.50239
0.50339
0.5054
0.50643
0.50839
0.50934
0.51037
0.51235
0.51346
0.51542
0.51641
0.51841
0.5194
0.5204
0.52241
0.52341
0.52551
0.52644
0.52841
0.52941
0.53141
0.5324
0.53341
0.53542
0.53641
0.53842
0.53936
0.54142
0.5425
0.5434
0.54541
0.54641
0.54841
0.5494
0.55139
0.55237
0.55439
0.55539
0.55638
0.55842
0.5594
0.56146
0.56242
0.56443
0.56542
0.56738
0.56841
0.56938
0.57136
0.5729
0.5745
0.5754
0.57741
0.57835
0.58036
0.58135
0.58341
0.58437
0.58535
0.58735
0.58833
0.59041
0.59149
0.59343
0.59442
0.59638
0.59738
0.59842
0.60042
0.60137
0.60347
0.60449
0.60642
0.60738
0.60939
0.61038
0.61141
0.61345
0.61436
0.61635
0.61733
0.61944
0.62034
0.62135
0.62344
0.62443
0.62639
0.62739
0.62939
0.63039
0.63241
0.6334
0.63442
0.6364
0.6374
0.63942
0.64039
0.6424
0.64342
0.64541
0.64641
0.64741
0.6494
0.65035
0.65234
0.65334
0.65534
0.65636
0.65734
0.65937
0.66035
0.66246
0.6634
0.66541
0.66656
0.66841
0.66939
0.67039
0.67241
0.67338
0.67541
0.6764
0.6784
0.67941
0.68041
0.68241
0.6834
0.68539
0.68638
0.68843
0.68938
0.69139
0.6924
0.69339
0.69541
0.69636
0.69836
0.69935
0.70134
0.70236
0.70335
0.70534
0.70634
0.70837
0.70936
0.71135
0.71237
0.71448
0.71544
0.7164
0.71841
0.71942
0.72142
0.7224
0.72441
0.7254
0.72741
0.72836
0.72935
0.73141
0.73246
0.73443
0.73538
0.73741
0.73843
0.73941
0.74142
0.74238
0.74437
0.74541
0.74741
0.74841
0.75041
0.75141
0.7524
0.75441
0.75543
0.75742
0.75838
0.7604
0.76146
0.76341
0.76446
0.76543
0.76739
0.76844
0.77041
0.77141
0.77339
0.77437
0.77642
0.77742
0.77838
0.78041
0.78135
0.78343
0.78439
0.78642
0.78741
0.78841
0.79045
0.7914
0.79339
0.79438
0.79638
0.79741
0.79939
0.80041
0.80137
0.80335
0.80434
0.80639
0.80745
0.80943
0.81043
0.81242
0.81336
0.81435
0.81635
0.81734
0.81933
0.82036
0.8225
0.82341
0.82439
0.82639
0.82739
0.82942
0.83039
0.83241
0.83341
0.83538
0.83639
0.83739
0.83941
0.84042
0.84239
0.84339
0.84541
0.8464
0.84842
0.84938
0.85039
0.85244
0.85338
0.85561
0.85643
0.85842
0.85938
0.86141
0.86241
0.86341
0.86545
0.86639
0.86844
0.86937
0.87141
0.87242
0.87342
0.87551
0.87639
0.87841
0.87942
0.88141
0.8824
0.88442
0.88542
0.8864
0.88842
0.88943
0.8914
0.89241
0.89439
0.89539
0.89741
0.89841
0.89942
0.90142
0.90238
0.90444
0.90548
0.90743
0.9084
0.91038
0.91138
0.9124
0.9144
0.91538
0.91752
0.91843
0.92041
0.92141
0.92341
0.9244
0.92541
0.92738
0.92842
0.93041
0.9314
0.93342
0.93441
0.93638
0.93738
0.93838
0.94042
0.9414
0.94342
0.94441
0.94642
0.94738
0.94838
0.95045
0.95141
0.9534
0.95441
0.95642
0.95739
0.9594
0.9604
0.96139
0.9634
0.96441
0.96638
0.96743
0.96944
0.97035
0.97243
0.97339
0.97436
0.97644
0.97741
0.97948
0.98039
0.98241
0.98341
0.98538
0.98642
0.98743
0.98943
0.99034
0.99245
0.99343
0.9954
0.99645
0.99846
0.99939
1.0004
1.0035
1.0054
1.0064
1.0084
1.0094
1.0104
1.0123
1.0134
1.0154
1.0163
1.0185
1.0194
1.0214
1.0225
1.0234
1.0254
1.0264
1.0284
1.0294
1.0314
1.0324
1.0344
1.0354
1.0364
1.0384
1.0394
1.0414
1.0424
1.0444
1.0454
1.0464
1.0484
1.0494
1.0514
1.0524
1.0544
1.0554
1.0574
1.0584
1.0594
1.0614
1.0624
1.0644
1.0654
1.0674
1.0684
1.0705
1.0715
1.0724
1.0744
1.0754
1.0774
1.0784
1.0804
1.0814
1.0824
1.0844
1.0854
1.0874
1.0884
1.0904
1.0914
1.0935
1.0944
1.0954
1.0974
1.0984
1.1004
1.1013
1.1034
1.1044
1.1053
1.1074
1.1084
1.1104
1.1114
1.1134
1.1144
1.1164
1.1173
1.1183
1.1204
1.1213
1.1235
1.1244
1.1264
1.1274
1.1284
1.1304
1.1314
1.1334
1.1344
1.1364
1.1374
1.1394
1.1403
1.1413
1.1435
1.1444
1.1464
1.1473
1.1494
1.1503
1.1514
1.1534
1.1544
1.1564
1.1573
1.1593
1.1603
1.1624
1.1634
1.1644
1.1664
1.1674
1.1694
1.1704
1.1724
1.1734
1.1744
1.1764
1.1774
1.1795
1.1804
1.1825
1.1834
1.1854
1.1865
1.1874
1.1893
1.1904
1.1924
1.1934
1.1954
1.1964
1.1974
1.1994
1.2004
1.2024
1.2034
1.2054
1.2065
1.2084
1.2094
1.2104
1.2124
1.2134
1.2153
1.2164
1.2183
1.2193
1.2204
1.2225
1.2234
1.2254
1.2264
1.2283
1.2293
1.2316
1.2325
1.2335
1.2354
1.2364
1.2384
1.2394
1.2414
1.2424
1.2434
1.2454
1.2464
1.2484
1.2494
1.2514
1.2524
1.2544
1.2554
1.2564
1.2584
1.2594
1.2615
1.2625
1.2644
1.2654
1.2664
1.2684
1.2693
1.2713
1.2724
1.2744
1.2754
1.2765
1.2785
1.2796
1.2814
1.2824
1.2844
1.2854
1.2874
1.2884
1.2894
1.2914
1.2924
1.2944
1.2954
1.2974
1.2984
1.2994
1.3014
1.3024
1.3043
1.3054
1.3075
1.3084
1.3104
1.3114
1.3124
1.3144
1.3154
1.3174
1.3183
1.3203
1.3213
1.3224
1.3245
1.3254
1.3275
1.3284
1.3304
1.3314
1.3324
1.3344
1.3354
1.3374
1.3384
1.3404
1.3414
1.3434
1.3444
1.3454
1.3474
1.3484
1.3504
1.3514
1.3534
1.3543
1.3564
1.3574
1.3584
1.3604
1.3614
1.3634
1.3644
1.3664
1.3674
1.3684
1.3704
1.3714
1.3736
1.3745
1.3765
1.3774
1.3794
1.3805
1.3814
1.3834
1.3844
1.3864
1.3874
1.3894
1.3904
1.3914
1.3935
1.3944
1.3964
1.3974
1.3994
1.4004
1.4024
1.4034
1.4044
1.4064
1.4074
1.4094
1.4104
1.4124
1.4134
1.4154
1.4164
1.4174
1.4194
1.4206
1.4224
1.4234
1.4254
1.4264
1.4274
1.4294
1.4304
1.4324
1.4334
1.4354
1.4364
1.4384
1.4394
1.4404
1.4425
1.4434
1.4454
1.4464
1.4484
1.4494
1.4514
1.4524
1.4534
1.4554
1.4564
1.4584
1.4594
1.4614
1.4625
1.4634
1.4654
1.4664
1.4684
1.4694
1.4713
1.4724
1.4744
1.4754
1.4764
1.4784
1.4794
1.4814
1.4825
1.4846
1.4854
1.4864
1.4884
1.4893
1.4914
1.4923
1.4944
1.4954
1.4964
1.4984
1.4994
1.5014
1.5024
1.5044
1.5053
1.5074
1.5084
1.5094
1.5115
1.5124
1.5145
1.5154
1.5174
1.5184
1.5204
1.5214
1.5223
1.5245
1.5254
1.5274
1.5284
1.5304
1.5314
1.5324
1.5344
1.5354
1.5374
1.5384
1.5404
1.5414
1.5435
1.5444
1.5454
1.5474
1.5484
1.5504
1.5514
1.5534
1.5544
1.5554
1.5575
1.5584
1.5604
1.5616
1.5634
1.5644
1.5654
1.5674
1.5683
1.5704
1.5713
1.5735
1.5744
1.5764
1.5774
1.5784
1.5804
1.5814
1.5834
1.5844
1.5864
1.5874
1.5884
1.5904
1.5914
1.5934
1.5944
1.5964
1.5975
1.5993
1.6003
1.6015
1.6034
1.6044
1.6064
1.6074
1.6094
1.6104
1.6114
1.6134
1.6143
1.6163
1.6173
1.6194
1.6204
1.6214
1.6235
1.6245
1.6264
1.6274
1.6294
1.6304
1.6324
1.6334
1.6344
1.6364
1.6374
1.6394
1.6404
1.6424
1.6434
1.6444
1.6464
1.6474
1.6494
1.6504
1.6524
1.6534
1.6555
1.6564
1.6573
1.6594
1.6604
1.6624
1.6634
1.6654
1.6665
1.6684
1.6694
1.6704
1.6724
1.6734
1.6755
1.6764
1.6784
1.6794
1.6815
1.6824
1.6834
1.6855
1.6864
1.6884
1.6894
1.6914
1.6924
1.6934
1.6954
1.6964
1.6984
1.6994
1.7014
1.7025
1.7044
1.7054
1.7064
1.7084
1.7094
1.7114
1.7124
1.7145
1.7154
1.7174
1.7184
1.7194
1.7214
1.7224
1.7244
1.7254
1.7274
1.7284
1.7294
1.7314
1.7324
1.7344
1.7354
1.7374
1.7384
1.7404
1.7415
1.7424
1.7444
1.7454
1.7474
1.7484
1.7505
1.7514
1.7534
1.7544
1.7554
1.7574
1.7584
1.7604
1.7614
1.7634
1.7644
1.7654
1.7674
1.7684
1.7704
1.7714
1.7734
1.7744
1.7764
1.7774
1.7784
1.7805
1.7814
1.7834
1.7844
1.7864
1.7874
1.7895
1.7904
1.7914
1.7934
1.7944
1.7966
1.7974
1.7994
1.8004
1.8014
1.8034
1.8044
1.8064
1.8074
1.8094
1.8104
1.8124
1.8134
1.8144
1.8164
1.8174
1.8194
1.8204
1.8225
1.8234
1.8244
1.8264
1.8274
1.8294
1.8304
1.8324
1.8334
1.8354
1.8364
1.8374
1.8394
1.8404
1.8424
1.8434
1.8454
1.8465
1.8484
1.8494
1.8503
1.8524
1.8535
1.8554
1.8564
1.8585
1.8594
1.8614
1.8624
1.8634
1.8654
1.8664
1.8684
1.8694
1.8714
1.8724
1.8744
1.8754
1.8764
1.8784
1.8794
1.8814
1.8824
1.8845
1.8854
1.8864
1.8885
1.8894
1.8915
1.8924
1.8944
1.8954
1.8974
1.8984
1.8994
1.9014
1.9024
1.9044
1.9054
1.9074
1.9084
1.9104
1.9114
1.9124
1.9145
1.9154
1.9174
1.9184
1.9204
1.9214
1.9224
1.9244
1.9255
1.9274
1.9284
1.9304
1.9314
1.9334
1.9344
1.9354
1.9374
1.9385
1.9404
1.9414
1.9434
1.9444
1.9464
1.9474
1.9484
1.9504
1.9514
1.9534
1.9544
1.9564
1.9573
1.9583
1.9604
1.9613
1.9635
1.9644
1.9664
1.9674
1.9694
1.9704
1.9714
1.9734
1.9744
1.9764
1.9774
1.9794
1.9804
1.9824
1.9834
1.9844
1.9864
1.9873
1.9893
1.9903
1.9925
1.9935
1.9944
1.9964
1.9974
1.9994
2.0004
2.0025
2.0035
2.0054
2.0064
2.0074
2.0094
2.0104
2.0125
2.0134
2.0154
2.0164
2.0184
2.0193
2.0203
2.0223
2.0233
2.0254
2.0263
2.0285
2.0294
2.0304
2.0325
2.0334
2.0354
2.0364
2.0384
2.0394
2.0414
2.0424
2.0434
2.0454
2.0464
2.0484
2.0494
2.0514
2.0524
2.0544
2.0554
2.0564
2.0584
2.0594
2.0614
2.0624
2.0644
2.0653
2.0663
2.0683
2.0693
2.0714
2.0724
2.0744
2.0754
2.0774
2.0784
2.0795
2.0814
2.0825
2.0844
2.0854
2.0874
2.0884
2.0904
2.0914
2.0924
2.0944
2.0954
2.0975
2.0984
2.1004
2.1014
2.1034
2.1044
2.1054
2.1074
2.1084
2.1104
2.1114
2.1134
2.1144
2.1153
2.1174
2.1184
2.1203
2.1214
2.1235
2.1244
2.1265
2.1274
2.1284
2.1304
2.1314
2.1334
2.1344
2.1364
2.1374
2.1384
2.1404
2.1414
2.1434
2.1444
2.1464
2.1474
2.1494
2.1503
2.1514
2.1534
2.1544
2.1564
2.1574
2.1594
2.1604
2.1614
2.1634
2.1644
2.1664
2.1674
2.1694
2.1704
2.1714
2.1734
2.1744
2.1764
2.1774
2.1795
2.1804
2.1824
2.1834
2.1844
2.1864
2.1874
2.1893
2.1904
2.1924
2.1934
2.1945
2.1964
2.1974
2.1994
2.2004
2.2024
2.2034
2.2054
2.2064
2.2073
2.2093
2.2103
2.2123
2.2134
2.2154
2.2163
2.2174
2.2193
2.2204
2.2225
2.2234
2.2254
2.2264
2.2284
2.2294
2.2304
2.2325
2.2334
2.2354
2.2364
2.2384
2.2394
2.2404
2.2424
2.2434
2.2454
2.2464
2.2484
2.2494
2.2504
2.2524
2.2534
2.2554
2.2564
2.2584
2.2594
2.2615
2.2624
2.2634
2.2654
2.2664
2.2685
2.2694
2.2714
2.2724
2.2733
2.2755
2.2764
2.2783
2.2793
2.2814
2.2824
2.2844
2.2854
2.2864
2.2884
2.2894
2.2914
2.2924
2.2944
2.2954
2.2964
2.2984
2.2994
2.3014
2.3023
2.3044
2.3053
2.3073
2.3083
2.3093
2.3113
2.3124
2.3144
2.3153
2.3173
2.3183
2.3193
2.3213
2.3225
2.3244
2.3254
2.3274
2.3284
2.3304
2.3314
2.3324
2.3344
2.3354
2.3374
2.3384
2.3404
2.3414
2.3424
2.3444
2.3454
2.3474
2.3484
2.3503
2.3514
2.3524
2.3544
2.3554
2.3575
2.3584
2.3604
2.3615
2.3624
2.3644
2.3654
2.3674
2.3684
2.3704
2.3714
2.3734
2.3744
2.3754
2.3775
2.3784
2.3805
2.3814
2.3834
2.3844
2.3854
2.3874
2.3884
2.3904
2.3914
2.3934
2.3944
2.3954
2.3974
2.3984
2.4005
2.4014
2.4034
2.4044
2.4064
2.4074
2.4085
2.4104
2.4114
2.4134
2.4144
2.4164
2.4174
2.4184
2.4204
2.4214
2.4234
2.4244
2.4264
2.4274
2.4294
2.4304
2.4314
2.4334
2.4344
2.4364
2.4374
2.4393
2.4403
2.4414
2.4434
2.4444
2.4464
2.4474
2.4494
2.4504
2.4514
2.4534
2.4544
2.4564
2.4573
2.4593
2.4603
2.4625
2.4634
2.4644
2.4664
2.4674
2.4694
2.4704
2.4724
2.4734
2.4744
2.4764
2.4774
2.4794
2.4804
2.4824
2.4834
2.4854
2.4864
2.4874
2.4894
2.4904
2.4924
2.4934
2.4954
2.4964
2.4974
2.4994
2.5004
2.5024
2.5035
2.5055
2.5064
2.5074
2.5094
2.5104
2.5124
2.5135
2.5154
2.5164
2.5184
2.5194
2.5204
2.5224
2.5234
2.5254
2.5264
2.5285
2.5294
2.5314
2.5324
2.5334
2.5354
2.5364
2.5384
2.5395
2.5414
2.5424
2.5434
2.5454
2.5464
2.5484
2.5495
2.5514
2.5524
2.5544
2.5554
2.5564
2.5584
2.5594
2.5614
2.5624
2.5644
2.5654
2.5664
2.5685
2.5694
2.5714
2.5724
2.5744
2.5754
2.5764
2.5784
2.5794
2.5814
2.5824
2.5844
2.5854
2.5874
2.5884
2.5894
2.5914
2.5924
2.5944
2.5954
2.5975
2.5984
2.5994
2.6014
2.6024
2.6044
2.6054
2.6074
2.6084
2.6094
2.6115
2.6124
2.6143
2.6154
2.6173
2.6184
2.6205
2.6214
2.6224
2.6244
2.6254
2.6274
2.6284
2.6304
2.6314
2.6324
2.6344
2.6354
2.6374
2.6384
2.6404
2.6414
2.6436
2.6445
2.6454
2.6474
2.6484
2.6504
2.6514
2.6534
2.6544
2.6554
2.6574
2.6584
2.6604
2.6614
2.6634
2.6644
2.6664
2.6674
2.6684
2.6704
2.6713
2.6734
2.6744
2.6764
2.6774
2.6784
2.6805
2.6814
2.6835
2.6844
2.6864
2.6874
2.6884
2.6905
2.6914
2.6934
2.6944
2.6964
2.6974
2.6994
2.7004
2.7014
2.7034
2.7044
2.7064
2.7074
2.7094
2.7104
2.7115
2.7135
2.7144
2.7164
2.7174
2.7194
2.7204
2.7224
2.7234
2.7244
2.7264
2.7274
2.7294
2.7304
2.7324
2.7334
2.7344
2.7364
2.7376
2.7394
2.7404
2.7424
2.7434
2.7444
2.7464
2.7474
2.7493
2.7503
2.7523
2.7534
2.7554
2.7564
2.7573
2.7594
2.7604
2.7625
2.7634
2.7654
2.7665
2.7674
2.7694
2.7704
2.7724
2.7734
2.7754
2.7764
2.7784
2.7793
2.7804
2.7824
2.7834
2.7855
2.7864
2.7884
2.7894
2.7914
2.7924
2.7934
2.7954
2.7964
2.7984
2.7994
2.8015
2.8024
2.8033
2.8054
2.8063
2.8083
2.8093
2.8113
2.8124
2.8134
2.8155
2.8165
2.8185
2.8194
2.8214
2.8224
2.8244
2.8254
2.8264
2.8285
2.8294
2.8314
2.8324
2.8344
2.8354
2.8364
2.8384
2.8394
2.8414
2.8424
2.8444
2.8454
2.8474
2.8484
2.8495
2.8514
2.8524
2.8544
2.8554
2.8574
2.8584
2.8604
2.8614
2.8623
2.8644
2.8654
2.8674
2.8684
2.8705
2.8715
2.8724
2.8744
2.8754
2.8774
2.8785
2.8805
2.8814
2.8834
2.8844
2.8854
2.8874
2.8884
2.8904
2.8914
2.8934
2.8944
2.8964
2.8974
2.8984
2.9004
2.9014
2.9034
2.9044
2.9064
2.9075
2.9095
2.9105
2.9114
2.9135
2.9144
2.9164
2.9174
2.9193
2.9203
2.9213
2.9235
2.9244
2.9264
2.9274
2.9294
2.9304
2.9324
2.9334
2.9344
2.9364
2.9374
2.9395
2.9404
2.9424
2.9434
2.9454
2.9464
2.9474
2.9494
2.9504
2.9524
2.9534
2.9554
2.9565
2.9574
2.9594
2.9604
2.9624
2.9634
2.9654
2.9664
2.9684
2.9694
2.9704
2.9724
2.9734
2.9754
2.9764
2.9784
2.9794
2.9804
2.9824
2.9834
2.9854
2.9864
2.9884
2.9894
2.9914
2.9924
2.9934
2.9954
2.9964
2.9984
2.9995
3.0015
3.0064
3.0085
3.0094
3.0114
3.0125
3.0145
3.0154
3.0164
3.0185
3.0194
3.0214
3.0224
3.0244
3.0253
3.0274
3.0283
3.0293
3.0315
3.0324
3.0344
3.0354
3.0374
3.0384
3.0394
3.0414
3.0424
3.0444
3.0454
3.0475
3.0484
3.0494
3.0514
3.0524
3.0544
3.0554
3.0574
3.0584
3.0594
3.0614
3.0624
3.0644
3.0654
3.0673
3.0684
3.0703
3.0713
3.0725
3.0744
3.0755
3.0774
3.0783
3.0803
3.0814
3.0835
3.0844
3.0854
3.0874
3.0883
3.0904
3.0913
3.0934
3.0945
3.0955
3.0975
3.0984
3.1004
3.1014
3.1034
3.1044
3.1054
3.1074
3.1084
3.1104
3.1114
3.1135
3.1144
3.1164
3.1174
3.1183
3.1204
3.1214
3.1235
3.1244
3.1264
3.1274
3.1284
3.1305
3.1314
3.1335
3.1344
3.1364
3.1374
3.1394
3.1404
3.1414
3.1434
3.1444
3.1464
3.1474
3.1494
3.1504
3.1514
3.1534
3.1544
3.1564
3.1574
3.1594
3.1603
3.1625
3.1634
3.1644
3.1664
3.1674
3.1694
3.1704
3.1724
3.1734
3.1744
3.1765
3.1774
3.1794
3.1804
3.1824
3.1834
3.1855
3.1864
3.1874
3.1894
3.1904
3.1924
3.1935
3.1954
3.1964
3.1974
3.1994
3.2004
3.2024
3.2034
3.2054
3.2064
3.2074
3.2094
3.2104
3.2125
3.2134
3.2154
3.2164
3.2175
3.2194
3.2205
3.2224
3.2234
3.2255
3.2264
3.2284
3.2294
3.2304
3.2324
3.2334
3.2355
3.2364
3.2384
3.2394
3.2404
3.2424
3.2434
3.2454
3.2464
3.2484
3.2494
3.2504
3.2524
3.2534
3.2554
3.2564
3.2584
3.2595
3.2604
3.2624
3.2634
3.2654
3.2664
3.2684
3.2694
3.2714
3.2724
3.2734
3.2754
3.2765
3.2784
3.2794
3.2814
3.2824
3.2834
3.2854
3.2864
3.2886
3.2895
3.2914
3.2924
3.2934
3.2954
3.2964
3.2984
3.2993
3.3014
3.3025
3.3044
3.3054
3.3064
3.3084
3.3093
3.3114
3.3124
3.3144
3.3154
3.3163
3.3184
3.3193
3.3214
3.3225
3.3245
3.3254
3.3274
3.3283
3.3294
3.3314
3.3324
3.3344
3.3356
3.3375
3.3384
3.3393
3.3413
3.3424
3.3444
3.3454
3.3475
3.3484
3.3504
3.3515
3.3524
3.3544
3.3554
3.3574
3.3584
3.3604
3.3614
3.3624
3.3644
3.3654
3.3674
3.3684
3.3704
3.3714
3.3724
3.3745
3.3754
3.3774
3.3784
3.3805
3.3814
3.3835
3.3844
3.3854
3.3874
3.3884
3.3904
3.3914
3.3934
3.3944
3.3954
3.3974
3.3984
3.4004
3.4014
3.4035
3.4044
3.4054
3.4074
3.4084
3.4104
3.4114
3.4134
3.4144
3.4163
3.4173
3.4184
3.4203
3.4214
3.4235
3.4245
3.4264
3.4274
3.4283
3.4304
3.4314
3.4334
3.4344
3.4364
3.4374
3.4383
3.4404
3.4413
3.4434
3.4444
3.4464
3.4474
3.4484
3.4504
3.4514
3.4534
3.4544
3.4564
3.4574
3.4594
3.4604
3.4614
3.4634
3.4644
3.4664
3.4674
3.4694
3.4704
3.4713
3.4734
3.4744
3.4766
3.4775
3.4794
3.4804
3.4814
3.4834
3.4844
3.4864
3.4874
3.4894
3.4904
3.4924
3.4934
3.4944
3.4964
3.4973
3.4993
3.5004
3.5025
3.5034
3.5044
3.5064
3.5074
3.5094
3.5104
3.5124
3.5134
3.5144
3.5164
3.5174
3.5194
3.5204
3.5224
3.5235
3.5255
3.5264
3.5274
3.5294
3.5303
3.5325
3.5334
3.5354
3.5364
3.5374
3.5395
3.5404
3.5424
3.5434
3.5454
3.5464
3.5484
3.5494
3.5504
3.5524
3.5534
3.5554
3.5564
3.5584
3.5593
3.5604
3.5624
3.5634
3.5654
3.5664
3.5684
3.5693
3.5715
3.5725
3.5734
3.5754
3.5764
3.5784
3.5794
3.5814
3.5824
3.5834
3.5854
3.5864
3.5884
3.5894
3.5914
3.5924
3.5944
3.5954
3.5964
3.5985
3.5994
3.6015
3.6025
3.6044
3.6054
3.6064
3.6084
3.6094
3.6114
3.6124
3.6144
3.6154
3.6163
3.6185
3.6194
3.6213
3.6224
3.6245
3.6254
3.6264
3.6284
3.6294
3.6314
3.6325
3.6344
3.6354
3.6374
3.6384
3.6394
3.6414
3.6424
3.6444
3.6454
3.6474
3.6484
3.6494
3.6514
3.6524
3.6544
3.6554
3.6574
3.6584
3.6593
3.6614
3.6624
3.6644
3.6654
3.6674
3.6683
3.6694
3.6715
3.6725
3.6744
3.6754
3.6774
3.6784
3.6794
3.6814
3.6824
3.6844
3.6854
3.6874
3.6884
3.6904
3.6914
3.6924
3.6944
3.6954
3.6974
3.6984
3.7004
3.7014
3.7024
3.7044
3.7054
3.7074
3.7084
3.7104
3.7114
3.7126
3.7145
3.7154
3.7174
3.7184
3.7204
3.7214
3.7235
3.7245
3.7254
3.7274
3.7284
3.7304
3.7315
3.7335
3.7345
3.7354
3.7374
3.7384
3.7404
3.7414
3.7434
3.7444
3.7454
3.7474
3.7484
3.7504
3.7514
3.7534
3.7544
3.7564
3.7574
3.7584
3.7605
3.7614
3.7634
3.7644
3.7664
3.7674
3.7685
3.7704
3.7714
3.7734
3.7744
3.7763
3.7773
3.7784
3.7804
3.7815
3.7834
3.7844
3.7865
3.7874
3.7884
3.7904
3.7914
3.7934
3.7944
3.7964
3.7974
3.7984
3.8004
3.8014
3.8034
3.8044
3.8064
3.8074
3.8093
3.8104
3.8114
3.8134
3.8144
3.8164
3.8173
3.8194
3.8204
3.8213
3.8234
3.8244
3.8264
3.8274
3.8294
3.8304
3.8323
3.8334
3.8344
3.8363
3.8374
3.8393
3.8404
3.8425
3.8434
3.8444
3.8464
3.8474
3.8494
3.8504
3.8524
3.8534
3.8554
3.8564
3.8573
3.8593
3.8604
3.8625
3.8634
3.8654
3.8664
3.8684
3.8694
3.8704
3.8724
3.8734
3.8754
3.8764
3.8784
3.8795
3.8804
3.8825
3.8834
3.8854
3.8864
3.8884
3.8894
3.8904
3.8924
3.8934
3.8954
3.8964
3.8984
3.8995
3.9015
3.9024
3.9034
3.9054
3.9064
3.9084
3.9094
3.9114
3.9124
3.9145
3.9155
3.9165
3.9184
3.9194
3.9214
3.9224
3.9244
3.9254
3.9274
3.9284
3.9294
3.9314
3.9324
3.9345
3.9354
3.9374
3.9385
3.9393
3.9413
3.9424
3.9444
3.9454
3.9474
3.9484
3.9503
3.9513
3.9525
3.9544
3.9554
3.9574
3.9584
3.9604
3.9614
3.9634
3.9644
3.9655
3.9674
3.9684
3.9704
3.9714
3.9734
3.9745
3.9765
3.9775
3.9784
3.9804
3.9814
3.9834
3.9844
3.9864
3.9874
3.9893
3.9904
3.9914
3.9934
3.9945
3.9965
3.9974
3.9994
4.0004
4.0013
4.0034
4.0044
4.0065
4.0074
4.0094
4.0104
4.0114
4.0135
4.0144
4.0164
4.0174
4.0194
4.0204
4.0225
4.0234
4.0244
4.0264
4.0274
4.0294
4.0304
4.0325
4.0334
4.0344
4.0363
4.0375
4.0395
4.0404
4.0425
4.0434
4.0454
4.0464
4.0474
4.0494
4.0505
4.0524
4.0534
4.0554
4.0564
4.0574
4.0594
4.0604
4.0624
4.0634
4.0654
4.0664
4.0674
4.0694
4.0704
4.0724
4.0734
4.0754
4.0764
4.0784
4.0794
4.0804
4.0824
4.0834
4.0854
4.0864
4.0884
4.0894
4.0904
4.0924
4.0934
4.0954
4.0964
4.0984
4.0994
4.1015
4.1024
4.1034
4.1054
4.1064
4.1084
4.1094
4.1114
4.1124
4.1134
4.1153
4.1164
4.1183
4.1194
4.1214
4.1224
4.1244
4.1254
4.1264
4.1283
4.1294
4.1313
4.1325
4.1345
4.1356
4.1365
4.1384
4.1394
4.1414
4.1424
4.1445
4.1454
4.1474
4.1484
4.1495
4.1515
4.1524
4.1544
4.1554
4.1574
4.1583
4.1603
4.1614
4.1624
4.1644
4.1653
4.1674
4.1683
4.1705
4.1714
4.1724
4.1744
4.1754
4.1774
4.1784
4.1804
4.1814
4.1835
4.1844
4.1854
4.1873
4.1884
4.1904
4.1914
4.1935
4.1944
4.1954
4.1974
4.1984
4.2004
4.2014
4.2034
4.2044
4.2064
4.2074
4.2084
4.2104
4.2114
4.2135
4.2144
4.2165
4.2174
4.2184
4.2203
4.2214
4.2234
4.2244
4.2264
4.2274
4.2294
4.2304
4.2313
4.2335
4.2344
4.2364
4.2374
4.2393
4.2403
4.2413
4.2434
4.2445
4.2464
4.2474
4.2494
4.2505
4.2514
4.2534
4.2544
4.2564
4.2574
4.2594
4.2604
4.2624
4.2634
4.2644
4.2664
4.2673
4.2695
4.2705
4.2724
4.2734
4.2744
4.2766
4.2774
4.2794
4.2804
4.2824
4.2834
4.2845
4.2865
4.2874
4.2894
4.2904
4.2924
4.2934
4.2954
4.2964
4.2974
4.2994
4.3003
4.3024
4.3034
4.3053
4.3063
4.3073
4.3094
4.3103
4.3123
4.3134
4.3155
4.3164
4.3185
4.3194
4.3204
4.3224
4.3234
4.3253
4.3263
4.3283
4.3294
4.3303
4.3324
4.3335
4.3355
4.3364
4.3385
4.3394
4.3414
4.3424
4.3434
4.3454
4.3465
4.3486
4.3495
4.3514
4.3524
4.3534
4.3554
4.3564
4.3584
4.3594
4.3614
4.3624
4.3644
4.3654
4.3664
4.3684
4.3694
4.3714
4.3724
4.3744
4.3754
4.3764
4.3784
4.3794
4.3814
4.3824
4.3844
4.3854
4.3864
4.3884
4.3894
4.3914
4.3924
4.3945
4.3954
4.3974
4.3984
4.3995
4.4014
4.4024
4.4044
4.4054
4.4074
4.4084
4.4104
4.4114
4.4124
4.4145
4.4154
4.4176
4.4185
4.4204
4.4214
4.4234
4.4245
4.4254
4.4274
4.4284
4.4304
4.4314
4.4334
4.4344
4.4354
4.4374
4.4384
4.4404
4.4414
4.4434
4.4444
4.4464
4.4474
4.4484
4.4505
4.4514
4.4534
4.4545
4.4564
4.4574
4.4584
4.4604
4.4614
4.4634
4.4645
4.4664
4.4674
4.4695
4.4704
4.4714
4.4734
4.4744
4.4765
4.4773
4.4794
4.4803
4.4824
4.4834
4.4845
4.4864
4.4874
4.4894
4.4903
4.4924
4.4934
4.4945
4.4964
4.4974
4.4994
4.5004
4.5024
4.5034
4.5054
4.5063
4.5073
4.5094
4.5104
4.5124
4.5134
4.5153
4.5164
4.5185
4.5195
4.5204
4.5225
4.5234
4.5254
4.5264
4.5284
4.5294
4.5304
4.5324
4.5334
4.5355
4.5364
4.5384
4.5394
4.5414
4.5424
4.5434
4.5454
4.5464
4.5484
4.5494
4.5515
4.5524
4.5535
4.5555
4.5564
4.5586
4.5595
4.5615
4.5624
4.5634
4.5654
4.5663
4.5684
4.5695
4.5714
4.5724
4.5744
4.5754
4.5764
4.5783
4.5793
4.5813
4.5824
4.5845
4.5854
4.5863
4.5884
4.5894
4.5914
4.5924
4.5945
4.5954
4.5965
4.5985
4.5994
4.6015
4.6024
4.6045
4.6056
4.6074
4.6084
4.6093
4.6113
4.6124
4.6144
4.6154
4.6174
4.6184
4.6194
4.6214
4.6224
4.6244
4.6254
4.6274
4.6285
4.6294
4.6314
4.6324
4.6345
4.6354
4.6374
4.6384
4.6404
4.6414
4.6424
4.6444
4.6454
4.6474
4.6484
4.6504
4.6513
4.6535
4.6544
4.6554
4.6574
4.6583
4.6605
4.6615
4.6634
4.6644
4.6654
4.6674
4.6685
4.6704
4.6713
4.6734
4.6744
4.6754
4.6775
4.6785
4.6805
4.6814
4.6834
4.6845
4.6864
4.6874
4.6883
4.6903
4.6914
4.6935
4.6944
4.6964
4.6974
4.6984
4.7004
4.7014
4.7034
4.7044
4.7064
4.7074
4.7084
4.7103
4.7114
4.7135
4.7144
4.7164
4.7174
4.7194
4.7204
4.7214
4.7234
4.7245
4.7264
4.7274
4.7294
4.7303
4.7313
4.7335
4.7344
4.7364
4.7374
4.7394
4.7403
4.7425
4.7434
4.7444
4.7466
4.7475
4.7494
4.7504
4.7524
4.7534
4.7544
4.7564
4.7574
4.7594
4.7604
4.7624
4.7634
4.7644
4.7664
4.7674
4.7695
4.7704
4.7724
4.7734
4.7744
4.7764
4.7774
4.7793
4.7804
4.7824
4.7834
4.7854
4.7863
4.7874
4.7894
4.7904
4.7924
4.7935
4.7954
4.7964
4.7974
4.7994
4.8003
4.8025
4.8035
4.8054
4.8064
4.8084
4.8094
4.8104
4.8124
4.8135
4.8155
4.8165
4.8184
4.8195
4.8204
4.8224
4.8234
4.8255
4.8264
4.8284
4.8294
4.8313
4.8324
4.8334
4.8355
4.8364
4.8384
4.8394
4.8415
4.8424
4.8444
4.8454
4.8464
4.8485
4.8494
4.8514
4.8524
4.8544
4.8554
4.8574
4.8584
4.8594
4.8614
4.8624
4.8645
4.8654
4.8674
4.8684
4.8694
4.8714
4.8724
4.8744
4.8754
4.8774
4.8785
4.8794
4.8814
4.8824
4.8844
4.8854
4.8875
4.8884
4.8904
4.8913
4.8924
4.8945
4.8954
4.8974
4.8984
4.9004
4.9013
4.9024
4.9044
4.9055
4.9074
4.9083
4.9104
4.9114
4.9124
4.9144
4.9154
4.9173
4.9184
4.9204
4.9214
4.9225
4.9244
4.9254
4.9273
4.9284
4.9305
4.9314
4.9334
4.9345
4.9354
4.9374
4.9383
4.9404
4.9414
4.9435
4.9444
4.9454
4.9474
4.9484
4.9504
4.9514
4.9535
4.9544
4.9564
4.9574
4.9584
4.9605
4.9614
4.9635
4.9644
4.9664
4.9674
4.9684
4.9704
4.9714
4.9734
4.9745
4.9764
4.9774
4.9784
4.9804
4.9816
4.9834
4.9844
4.9864
4.9874
4.9894
4.9904
4.9914
4.9934
4.9944
4.9964
4.9974
4.9994
5.0004
5.0014
5.0035
5.0045
5.0064
5.0074
5.0094
5.0104
5.0124
5.0135
5.0144
5.0164
5.0174
5.0194
5.0204
5.0224
5.0235
5.0254
5.0264
5.0274
5.0294
5.0304
5.0325
5.0334
5.0355
5.0364
5.0375
5.0395
5.0404
5.0424
5.0434
5.0455
5.0464
5.0474
5.0494
5.0504
5.0525
5.0534
5.0555
5.0564
5.0584
5.0594
5.0603
5.0623
5.0634
5.0654
5.0665
5.0685
5.0694
5.0705
5.0724
5.0734
5.0755
5.0764
5.0784
5.0793
5.0803
5.0824
5.0835
5.0855
5.0864
5.0884
5.0894
5.0913
5.0924
5.0934
5.0955
5.0965
5.0984
5.0993
5.1013
5.1025
5.1035
5.1054
5.1064
5.1084
5.1093
5.1113
5.1124
5.1144
5.1154
5.1165
5.1185
5.1194
5.1214
5.1224
5.1244
5.1254
5.1263
5.1283
5.1295
5.1315
5.1325
5.1344
5.1354
5.1364
5.1384
5.1394
5.1414
5.1424
5.1444
5.1454
5.1464
5.1484
5.1494
5.1514
5.1524
5.1544
5.1554
5.1573
5.1584
5.1594
5.1614
5.1625
5.1644
5.1654
5.1674
5.1683
5.1696
5.1714
5.1724
5.1745
5.1754
5.1774
5.1783
5.1804
5.1814
5.1825
5.1845
5.1854
5.1874
5.1883
5.1903
5.1914
5.1924
5.1945
5.1954
5.1974
5.1984
5.2004
5.2014
5.2024
5.2044
5.2055
5.2074
5.2084
5.2104
5.2114
5.2134
5.2144
5.2154
5.2175
5.2185
5.2204
5.2215
5.2235
5.2244
5.2254
5.2274
5.2284
5.2303
5.2313
5.2334
5.2343
5.2364
5.2373
5.2383
5.2404
5.2414
5.2434
5.2444
5.2464
5.2473
5.2484
5.2504
5.2513
5.2534
5.2544
5.2564
5.2574
5.2594
5.2604
5.2614
5.2635
5.2644
5.2664
5.2674
5.2694
5.2704
5.2725
5.2735
5.2744
5.2764
5.2774
5.2794
5.2804
5.2825
5.2834
5.2855
5.2865
5.2874
5.2894
5.2904
5.2924
5.2934
5.2954
5.2964
5.2974
5.2994
5.3004
5.3024
5.3035
5.3054
5.3064
5.3085
5.3094
5.3104
5.3124
5.3134
5.3154
5.3164
5.3185
5.3194
5.3215
5.3225
5.3234
5.3254
5.3264
5.3284
5.3294
5.3314
5.3324
5.3334
5.3354
5.3364
5.3384
5.3394
5.3414
5.3424
5.3444
5.3454
5.3465
5.3484
5.3494
5.3514
5.3524
5.3544
5.3554
5.3564
5.3584
5.3594
5.3614
5.3624
5.3645
5.3654
5.3675
5.3684
5.3694
5.3714
5.3724
5.3744
5.3754
5.3774
5.3785
5.3794
5.3814
5.3824
5.3844
5.3854
5.3874
5.3884
5.3904
5.3914
5.3924
5.3944
5.3955
5.3974
5.3984
5.4004
5.4014
5.4025
5.4044
5.4054
5.4074
5.4084
5.4104
5.4114
5.4135
5.4145
5.4154
5.4174
5.4184
5.4204
5.4215
5.4234
5.4244
5.4264
5.4274
5.4284
5.4304
5.4313
5.4334
5.4344
5.4364
5.4374
5.4384
5.4404
5.4414
5.4435
5.4444
5.4464
5.4474
5.4494
5.4504
5.4515
5.4535
5.4545
5.4564
5.4574
5.4594
5.4604
5.4624
5.4635
5.4644
5.4664
5.4674
5.4694
5.4705
5.4725
5.4735
5.4745
5.4764
5.4774
5.4794
5.4804
5.4824
5.4835
5.4844
5.4864
5.4875
5.4894
5.4904
5.4924
5.4934
5.4954
5.4964
5.4974
5.4994
5.5003
5.5025
5.5035
5.5054
5.5064
5.5084
5.5093
5.5103
5.5124
5.5134
5.5154
5.5164
5.5184
5.5194
5.5213
5.5225
5.5234
5.5255
5.5265
5.5284
5.5294
5.5314
5.5324
5.5334
5.5355
5.5364
5.5385
5.5394
5.5414
5.5424
5.5444
5.5456
5.5465
5.5485
5.5494
5.5514
5.5524
5.5545
5.5554
5.5574
5.5584
5.5594
5.5614
5.5624
5.5645
5.5655
5.5674
5.5685
5.5694
5.5714
5.5724
5.5744
5.5754
5.5773
5.5784
5.5803
5.5813
5.5824
5.5844
5.5854
5.5874
5.5884
5.5904
5.5913
5.5924
5.5945
5.5955
5.5975
5.5985
5.6005
5.6013
5.6034
5.6045
5.6055
5.6075
5.6084
5.6104
5.6114
5.6134
5.6144
5.6153
5.6173
5.6183
5.6204
5.6213
5.6234
5.6244
5.6264
5.6274
5.6284
5.6304
5.6313
5.6334
5.6344
5.6365
5.6374
5.6395
5.6405
5.6415
5.6434
5.6444
5.6464
5.6474
5.6495
5.6503
5.6514
5.6535
5.6545
5.6565
5.6574
5.6594
5.6604
5.6624
5.6634
5.6644
5.6664
5.6673
5.6694
5.6703
5.6725
5.6734
5.6754
5.6765
5.6774
5.6794
5.6805
5.6825
5.6835
5.6854
5.6866
5.6874
5.6894
5.6904
5.6924
5.6934
5.6954
5.6964
5.6984
5.6995
5.7003
5.7024
5.7034
5.7054
5.7064
5.7084
5.7094
5.7114
5.7124
5.7135
5.7154
5.7164
5.7185
5.7194
5.7215
5.7224
5.7234
5.7254
5.7264
5.7284
5.7294
5.7314
5.7324
5.7345
5.7354
5.7364
5.7385
5.7394
5.7414
5.7424
5.7444
5.7454
5.7474
5.7484
5.7494
5.7514
5.7524
5.7544
5.7554
5.7574
5.7585
5.7594
5.7614
5.7624
5.7645
5.7655
5.7674
5.7683
5.7704
5.7714
5.7724
5.7744
5.7754
5.7773
5.7784
5.7806
5.7814
5.7824
5.7845
5.7855
5.7874
5.7885
5.7905
5.7915
5.7935
5.7944
5.7954
5.7975
5.7984
5.8004
5.8014
5.8034
5.8044
5.8054
5.8073
5.8084
5.8104
5.8113
5.8135
5.8145
5.8165
5.8175
5.8184
5.8204
5.8214
5.8235
5.8244
5.8264
5.8274
5.8294
5.8304
5.8313
5.8335
5.8344
5.8364
5.8374
5.8394
5.8405
5.8414
5.8434
5.8444
5.8465
5.8475
5.8494
5.8505
5.8524
5.8535
5.8545
5.8564
5.8574
5.8594
5.8604
5.8624
5.8634
5.8654
5.8664
5.8674
5.8694
5.8704
5.8724
5.8735
5.8754
5.8764
5.8775
5.8795
5.8804
5.8824
5.8834
5.8855
5.8864
5.8885
5.8894
5.8905
5.8924
5.8934
5.8954
5.8964
5.8984
5.8994
5.9003
5.9024
5.9034
5.9054
5.9063
5.9084
5.9094
5.9114
5.9124
5.9134
5.9154
5.9164
5.9183
5.9194
5.9214
5.9225
5.9234
5.9254
5.9264
5.9283
5.9295
5.9315
5.9324
5.9345
5.9354
5.9364
5.9384
5.9394
5.9414
5.9424
5.9444
5.9455
5.9474
5.9483
5.9494
5.9514
5.9523
5.9544
5.9554
5.9574
5.9584
5.9593
5.9614
5.9624
5.9645
5.9655
5.9674
5.9684
5.9705
5.9715
5.9725
5.9744
5.9754
5.9774
5.9784
5.9804
5.9814
5.9823
5.9845
5.9855
5.9875
5.9885
5.9905
5.9914
5.9934
5.9944
5.9954
5.9974
5.9984
6.0004
