0.5602,0.987,1.8406,2.8106,3.5866,4.7118,5.6818,6.7682,8.7858,10.221,11.967,11.967
0.599,1.0258,1.957,2.8882,3.8582,4.7894,5.7594,6.5354,8.553,10.066,11.735,11.89
0.5602,0.8318,1.8794,2.6554,3.6254,4.7894,5.7206,6.6906,8.4754,10.105,11.967,12.084
0.5602,1.0258,1.8018,2.8882,3.8194,4.9058,5.7206,6.5354,8.553,10.144,11.812,12.045
0.599,0.987,1.9182,2.7718,3.6642,4.8282,5.837,6.6518,8.553,10.26,11.89,11.929
0.599,1.0646,1.8794,2.9658,3.7418,4.7894,5.7206,6.5354,8.5142,10.221,11.851,12.045
0.5214,0.987,1.957,2.8106,3.7418,4.8282,5.837,6.7682,8.747,10.221,11.812,11.89
0.6378,1.0258,1.9182,2.9658,3.7418,4.7894,5.7206,6.613,8.553,10.183,11.89,11.812
0.4826,0.987,2.0346,2.8494,3.6642,4.7506,5.6818,6.807,8.553,10.183,11.773,12.084
0.5214,0.8706,1.8406,3.0046,3.7806,4.7894,5.7206,6.6518,8.5142,10.26,11.851,11.773
0.4826,1.0258,1.8794,2.733,3.703,4.9834,5.837,6.7682,8.7082,10.221,11.696,11.89
0.599,1.0646,1.9182,2.8494,3.7806,4.7506,5.643,6.5354,8.5142,10.027,11.735,11.89
0.599,1.0258,1.8794,2.6554,3.703,4.9058,5.7594,6.7682,8.553,10.183,11.773,12.123
0.6378,0.987,1.8794,3.0046,3.5866,4.673,5.5266,6.419,8.359,10.027,11.967,11.812
0.4438,0.9482,1.957,2.8106,3.7806,4.9446,5.9146,6.7682,8.5142,10.299,11.967,12.045
0.5602,1.0258,1.8794,2.927,3.5478,4.7118,5.6818,6.5354,8.3978,10.066,11.967,11.851
0.5602,1.0258,1.9182,2.7718,3.703,4.7894,5.7206,6.807,8.747,10.105,11.851,11.89
0.5214,1.0646,1.9182,2.9658,3.703,4.7894,5.6818,6.613,8.5142,10.221,11.773,11.967
0.5602,0.987,1.8794,2.8106,3.8194,4.7506,5.9146,6.6906,8.6306,10.105,11.929,11.967
0.599,1.0646,1.8406,3.0046,3.7418,4.9446,5.6042,6.6906,8.553,9.9886,11.89,11.89
0.5602,0.9482,1.8018,2.8494,3.7418,4.7894,5.9146,6.7294,8.553,10.105,11.812,12.045
0.599,0.987,1.957,3.0434,3.5866,4.9058,5.7206,6.5742,8.553,10.105,11.89,12.006
0.5602,1.0258,1.8794,2.8106,3.7806,4.7506,5.7982,6.6906,8.7082,10.105,11.851,11.929
0.4826,1.0646,1.957,2.8494,3.703,4.7894,5.6818,6.7682,8.4754,10.26,11.812,11.929
0.5214,0.9482,1.9182,2.8106,3.703,4.7118,5.6818,6.613,8.7082,10.105,11.89,11.89
0.5602,0.9094,1.9182,2.927,3.7418,4.7506,5.9146,6.6518,8.5142,10.105,11.89,11.967
0.4826,1.0258,1.8018,2.733,3.6254,4.867,5.5654,6.6518,8.7082,10.183,11.967,11.89
0.599,1.0646,1.957,2.8882,3.703,4.7506,5.7206,6.7682,8.5918,10.26,11.812,12.045
0.599,0.987,1.8018,2.8106,3.6254,4.9834,5.6042,6.6906,8.747,10.105,11.812,11.929
0.4438,1.0646,1.9958,2.8882,3.7806,4.7506,5.9534,6.807,8.4366,10.299,11.735,11.89
0.599,1.0258,1.957,2.8494,3.5478,4.9446,5.643,6.5742,8.6694,10.066,11.967,12.045
0.4826,1.0258,1.9958,2.8106,3.7806,4.673,5.7982,6.7682,8.553,10.183,11.89,11.812
0.5602,1.0258,1.957,2.733,3.6642,4.7506,5.5266,6.4578,8.747,10.105,11.929,11.967
0.599,1.1034,1.8406,2.927,3.897,4.7894,5.837,6.6906,8.5142,10.221,11.851,11.967
0.4438,0.9482,1.763,2.8106,3.5478,4.6342,5.5266,6.5742,8.553,10.066,11.967,12.084
0.5602,1.1034,1.957,2.8882,3.7806,4.9446,5.9534,6.6906,8.5142,10.183,11.967,12.045
0.5602,0.9094,1.8018,2.8882,3.509,4.7118,5.7206,6.4966,8.553,10.027,11.929,11.929
0.599,1.0646,1.957,2.8106,3.7418,4.9058,5.7594,6.7682,8.4754,10.183,11.967,11.929
0.5602,0.9482,1.9182,2.8106,3.6254,4.7118,5.7206,6.613,8.5918,10.066,11.89,11.967
0.6378,1.0646,1.8794,2.7718,3.9746,4.9058,5.8758,6.7294,8.553,10.221,11.89,11.967
0.5214,0.8706,1.9958,2.8106,3.6642,4.7506,5.7206,6.5354,8.5918,10.027,12.006,12.006
0.5602,0.987,1.8794,2.8494,3.7806,4.7118,5.837,6.807,8.4366,10.144,11.735,12.045
0.4826,0.987,1.8794,2.8882,3.6254,4.867,5.7206,6.613,8.7082,10.26,11.967,11.929
0.5214,0.8706,1.8794,2.8106,3.7418,4.7894,5.7594,6.6518,8.553,10.105,12.045,11.89
0.5214,1.0646,1.957,2.927,3.6642,4.8282,5.7594,6.5742,8.5142,10.299,11.851,11.851
0.5214,0.987,1.9182,2.7718,3.897,4.6342,5.7594,6.5354,8.5142,10.105,11.967,11.967
0.4438,1.0646,1.9958,2.927,3.703,4.867,5.7982,6.6518,8.4754,10.183,11.89,11.929
0.4826,0.987,1.8794,2.733,3.703,4.7118,5.7594,6.5354,8.5918,10.105,11.812,12.084
0.599,0.987,1.8794,2.8882,3.703,4.7894,5.643,6.6518,8.6306,10.221,11.89,12.045
0.5214,1.0258,1.8794,2.8106,3.7806,4.7118,5.643,6.6906,8.5918,10.183,11.851,11.929
0.5214,1.0258,1.8794,3.0046,3.7418,4.867,5.643,6.5742,8.7082,10.221,11.773,11.89
0.599,1.0646,1.8794,2.8106,3.7806,4.8282,5.7206,6.613,8.5142,10.105,11.851,11.929
0.5602,1.0258,1.957,2.8882,3.703,4.7118,5.8758,6.6518,8.553,10.26,11.967,12.006
0.599,1.0646,1.957,2.7718,3.7418,4.8282,5.6818,6.5742,8.4366,10.105,11.812,12.045
0.5602,0.9482,1.9958,2.9658,3.7418,4.7506,5.837,6.8458,8.6694,10.144,11.773,11.929
0.5602,0.9482,1.8018,2.8106,3.7418,4.8282,5.5654,6.4966,8.6306,10.26,11.929,11.929
0.5602,1.0646,1.957,3.0046,3.6642,4.7506,5.9146,6.7682,8.7858,10.221,11.89,11.851
0.5602,0.9094,1.8406,2.8106,3.7418,4.867,5.6042,6.5354,8.5142,10.338,11.929,11.967
0.5602,1.0258,1.9958,2.8882,3.7418,4.7506,5.837,6.7294,8.6306,10.105,11.89,12.084
0.4438,1.0258,1.9182,2.8106,3.703,4.7506,5.643,6.5742,8.553,10.183,11.929,11.851
0.4826,1.0258,1.8794,2.8494,3.8194,4.7894,5.7206,6.7294,8.6694,10.027,11.929,11.929
0.599,1.0258,1.957,2.8106,3.7418,4.7894,5.5654,6.613,8.5142,10.105,11.929,11.89
0.599,0.9094,1.9958,2.8494,3.7418,4.7506,5.7982,6.7294,8.6694,9.9498,11.735,12.045
0.599,1.0258,1.957,2.7718,3.7418,4.867,5.6818,6.5742,8.6306,10.066,11.812,12.084
0.599,0.987,1.9958,2.927,3.7806,4.673,5.837,6.6906,8.747,10.183,11.89,12.006
0.5602,0.9094,1.9182,2.733,3.5866,4.6342,5.7206,6.6518,8.553,10.26,11.967,11.89
0.599,1.0646,1.8406,2.8882,3.8194,4.867,5.6042,6.5742,8.7858,10.105,11.929,12.045
0.4826,1.0646,1.9182,2.733,3.6254,4.7506,5.6818,6.7294,8.5918,10.221,11.851,11.967
0.5602,1.0258,1.8018,3.0434,3.8582,4.867,5.643,6.6906,8.7082,10.027,11.773,11.89
0.599,0.987,1.8406,2.7718,3.509,4.5566,5.6818,6.7294,8.4754,10.299,11.967,11.851
0.5602,0.9482,1.957,2.927,3.8194,4.7894,5.643,6.5742,8.553,10.183,12.045,11.967
0.5602,1.0646,1.8794,2.8106,3.6642,4.7506,5.837,6.5742,8.5142,10.183,11.773,11.89
0.5602,1.0258,1.8018,2.927,3.7418,4.8282,5.643,6.6906,8.553,10.105,11.851,11.773
0.5214,1.0258,1.9182,2.8106,3.509,4.7118,5.9146,6.6906,8.5918,10.183,11.851,12.006
0.6378,0.8706,1.957,3.0046,3.897,4.6342,5.6818,6.6906,8.7082,10.183,11.773,11.967
0.5602,1.0258,1.9182,2.8882,3.5478,4.7506,5.7982,6.7294,8.5918,10.183,11.89,11.929
0.599,1.0258,1.957,2.9658,3.703,4.7894,5.5266,6.4966,8.6306,10.066,11.967,12.006
0.405,1.1034,1.8794,2.8106,3.703,5.0222,5.7594,6.8458,8.5918,10.183,11.967,12.006
0.4438,1.0258,2.0346,2.8882,3.6642,4.7506,5.7206,6.4966,8.747,10.183,11.967,12.045
0.4826,1.0258,1.8018,2.8106,3.7806,4.7894,5.8758,6.8458,8.553,10.183,11.89,12.045
0.599,0.987,2.0734,2.927,3.8194,4.7506,5.643,6.5354,8.7082,10.105,11.89,12.045
0.5602,1.0646,1.9182,2.6942,3.6642,4.7894,5.837,6.7682,8.5918,10.221,11.89,11.851
0.599,1.0258,1.957,2.9658,3.703,4.7894,5.6042,6.4966,8.747,10.105,11.89,11.929
0.5602,0.9094,1.8794,2.8494,3.7418,4.5954,5.7982,6.7682,8.4754,9.9498,11.89,11.89
0.599,1.0646,1.9958,2.927,3.6642,4.867,5.5654,6.5354,8.6306,10.105,11.929,11.929
0.599,1.0258,1.8406,2.6942,3.5866,4.5954,5.7206,6.807,8.5142,9.9886,11.929,11.851
0.599,0.8706,1.8794,2.9658,3.7418,4.9834,5.643,6.5354,8.7082,10.066,11.967,12.006
0.5602,1.1034,1.8406,2.733,3.703,4.7506,5.6042,6.7294,8.4754,10.105,11.851,11.89
0.5602,0.987,1.9958,2.8882,3.7806,4.867,5.6818,6.613,8.5142,10.26,11.89,12.006
0.5602,1.0646,1.957,2.8106,3.7806,4.7506,5.6818,6.613,8.3978,10.027,12.045,11.89
0.5602,1.0646,1.8406,2.927,3.5478,4.9058,5.837,6.6906,8.6694,10.144,11.89,12.006
0.5602,0.9482,1.8018,2.733,3.8194,4.8282,5.6818,6.5742,8.5142,10.105,11.967,11.851
0.599,1.0258,2.0346,2.8882,3.703,4.8282,5.837,6.613,8.5142,10.183,11.812,11.929
0.4438,1.0258,1.8794,2.8494,3.7418,4.8282,5.6818,6.5742,8.4754,10.144,11.89,11.89
0.599,1.0646,2.0734,2.8494,3.703,4.5954,5.8758,6.6518,8.6694,10.183,11.967,11.967
0.5602,0.987,1.7242,2.7718,3.8194,4.8282,5.7206,6.6518,8.4754,10.183,11.967,11.89
0.5602,1.0258,2.0346,2.8882,3.509,4.7894,5.7594,6.613,8.7082,10.183,12.006,12.006
0.5214,0.9094,1.763,2.8494,3.8582,4.9834,5.643,6.5742,8.553,9.9886,11.967,12.045
0.4826,0.9094,1.9958,2.733,3.5478,4.7118,5.7982,6.7682,8.4754,10.299,11.735,11.929
0.599,0.9094,1.8018,2.8494,3.897,4.7894,5.5266,6.6518,8.553,10.027,11.967,12.084
0.5602,1.0258,1.957,2.8106,3.5866,4.673,5.9534,6.6518,8.5142,10.183,11.851,11.967
0.599,0.9482,1.8794,2.6942,3.8194,4.867,5.7206,6.613,8.553,9.9498,11.967,11.851
0.5602,1.0646,1.957,2.8494,3.7418,4.9058,5.9146,6.6906,8.5142,10.221,11.967,11.967
0.5214,1.0258,1.957,2.7718,3.7418,4.8282,5.6818,6.613,8.3202,10.221,11.851,11.967
0.5214,0.987,1.9958,2.8106,3.6642,4.8282,5.837,6.6518,8.7082,10.105,11.929,12.006
0.4826,0.9482,1.9182,2.8494,3.703,4.7894,5.7206,6.5742,8.553,10.183,11.89,12.006
0.599,1.0258,1.9958,2.8106,3.6642,4.9834,5.837,6.7682,8.7082,10.221,11.929,12.045
0.5602,1.0258,1.9182,2.9658,3.7806,4.673,5.7206,6.4578,8.359,10.221,11.812,11.89
0.4438,1.0258,2.0346,2.733,3.6642,4.9834,5.7594,6.6906,8.553,10.26,11.812,12.045
0.4826,0.987,1.9182,2.8494,3.7418,4.7506,5.6042,6.4966,8.4754,10.221,11.929,12.045
0.4826,1.0258,1.957,2.733,3.6642,4.7118,5.7594,6.5354,8.6306,10.26,11.929,11.967
0.405,1.0258,1.8794,2.8106,3.7418,4.7894,5.7206,6.5354,8.553,10.299,11.812,11.967
0.4826,0.9482,1.9182,2.6554,3.8194,4.7506,5.7206,6.6518,8.6694,10.066,11.89,11.89
0.5602,1.0258,1.9182,2.8882,3.6254,4.867,5.643,6.7682,8.4754,10.066,11.967,12.045
0.599,0.987,1.9958,2.8494,3.8194,4.7894,5.837,6.6518,8.6694,10.221,11.851,11.89
0.4826,1.0646,1.8406,2.8882,3.703,4.9058,5.6818,6.7294,8.3978,10.183,11.851,11.812
0.5602,0.9094,1.9182,2.8494,3.897,4.5566,5.643,6.5742,8.7082,10.027,11.89,12.006
0.599,0.987,1.8794,2.8494,3.7418,4.867,5.6818,6.6518,8.5918,10.26,12.006,11.812
0.4826,1.0258,1.957,2.6942,3.8194,4.7506,5.5266,6.5354,8.7082,10.144,12.045,11.89
0.4438,1.0258,1.8018,2.733,3.509,4.9058,5.7206,6.7294,8.4754,10.338,11.812,12.045
0.599,1.0646,2.0346,2.8494,3.8194,4.7506,5.5266,6.5742,8.7858,10.105,11.929,11.89
0.599,0.9094,1.8406,2.8106,3.7418,4.9058,5.7594,6.8458,8.553,10.299,11.967,11.929
0.599,1.0258,1.9958,2.8106,3.8194,4.7118,5.5654,6.5742,8.5918,10.066,11.851,11.89
0.5214,1.0258,1.957,2.8882,3.5478,4.8282,5.7982,6.613,8.5142,10.183,11.967,12.045
0.4438,1.0258,1.957,2.6942,3.8582,4.7894,5.5266,6.4966,8.747,10.027,11.773,11.967
0.5602,0.987,1.763,2.927,3.7418,4.7506,5.9534,6.807,8.3978,10.299,11.967,11.967
0.5602,1.0258,1.9958,2.8494,3.7806,4.8282,5.7594,6.4966,8.5918,10.105,11.773,12.045
0.5602,0.8706,1.957,2.927,3.7418,4.7506,5.7982,6.7294,8.5918,10.26,11.89,11.89
0.5602,0.9482,1.7242,2.8106,3.7806,4.9834,5.643,6.613,8.6306,10.183,12.045,11.851
0.5214,1.0258,1.8018,2.8882,3.6642,4.7118,5.837,6.7682,8.5918,10.299,11.89,11.929
0.5602,1.0258,1.8018,2.733,3.8194,4.9446,5.6818,6.5742,8.6694,10.183,11.735,12.006
0.5602,0.8318,1.8794,2.8882,3.6642,4.8282,5.9146,6.6906,8.4366,10.066,11.851,11.812
0.5602,0.987,1.8018,2.7718,3.8582,4.7894,5.643,6.7294,8.7858,10.26,11.735,11.929
0.5602,0.987,2.0346,2.8882,3.703,4.7506,5.7594,6.7682,8.4754,10.26,12.045,11.929
0.5602,0.8706,1.8406,2.8494,3.7806,4.7118,5.6818,6.5354,8.6694,10.26,11.929,11.89
0.5602,1.0258,1.8018,2.9658,3.703,4.8282,5.837,6.6518,8.553,10.105,11.929,11.967
0.5602,0.987,1.7242,2.8494,3.7806,4.7506,5.643,6.5354,8.6694,9.9886,11.851,12.006
0.5214,0.9094,1.9958,2.8882,3.703,4.867,5.837,6.613,8.5142,10.183,11.89,12.006
0.5602,0.9094,1.9182,2.8106,3.7806,4.7506,5.7594,6.613,8.5918,10.144,12.045,11.967
0.5602,0.987,1.9958,2.927,3.7418,4.9058,5.7206,6.5742,8.4366,10.221,11.773,12.045
0.5602,0.987,1.8794,2.733,3.5866,4.7118,5.837,6.6906,8.6694,10.144,11.812,11.89
0.599,1.0646,1.9958,2.8882,3.7806,4.9058,5.5654,6.6906,8.4754,10.183,11.812,11.89
0.5602,0.987,1.957,2.6554,3.7418,4.6342,5.7594,6.7294,8.6306,10.144,11.89,12.045
0.599,1.0646,1.957,2.8882,3.7806,4.8282,5.7206,6.6906,8.553,10.338,11.89,11.851
0.5602,0.9094,1.8406,2.6554,3.6254,4.7506,5.9534,6.5354,8.7082,10.066,11.851,11.929
0.4438,0.987,1.957,2.9658,3.8194,4.7894,5.6042,6.5742,8.553,10.183,11.929,11.851
0.5214,0.9094,1.8018,2.6942,3.7418,4.7118,5.8758,6.807,8.5918,10.221,11.89,12.006
0.5214,1.0258,1.8406,2.9658,3.7418,4.8282,5.6042,6.5354,8.6306,10.144,11.812,12.006
0.4826,1.0646,1.8018,2.8106,3.703,4.867,5.8758,6.7682,8.5918,10.338,11.89,11.967
0.5602,0.987,1.8794,2.9658,3.703,4.7894,5.7206,6.419,8.5142,10.26,11.851,11.929
0.4438,1.1034,1.957,2.8494,3.703,4.9834,5.837,6.6906,8.6306,10.26,11.851,11.851
0.6378,0.987,1.957,2.927,3.897,4.673,5.6042,6.4966,8.5918,10.066,11.967,11.851
0.5602,0.987,1.957,2.6554,3.6642,4.867,5.7982,6.6906,8.5918,10.183,11.773,11.929
0.599,0.9482,1.763,2.9658,3.8194,4.7506,5.6042,6.4966,8.5142,10.221,11.929,11.89
0.4826,0.9482,1.957,2.6942,3.703,4.8282,5.9146,6.6906,8.3978,10.183,11.967,12.006
0.599,1.0646,1.7242,2.927,3.8194,4.7506,5.643,6.6906,8.6694,10.027,11.929,12.045
0.4438,1.0258,1.8406,2.8494,3.7418,4.673,5.7594,6.613,8.5142,10.338,11.735,11.851
0.5602,1.0258,1.8018,2.8106,3.703,4.867,5.6042,6.4966,8.6306,10.221,11.929,11.89
0.4826,1.0646,2.0346,2.8882,3.703,4.7506,5.837,6.613,8.5918,10.183,11.773,12.084
0.599,0.987,1.8406,2.927,3.703,4.9834,5.6818,6.5742,8.7082,10.183,11.929,11.967
0.4826,1.0258,2.0346,2.7718,3.7418,4.6342,5.7982,6.5742,8.5142,10.338,11.967,12.045
0.4438,0.9094,1.8406,2.8882,3.6642,4.7506,5.7594,6.8458,8.7082,10.105,11.967,11.851
0.5602,1.0646,1.957,2.8494,3.5478,4.6342,5.7982,6.6518,8.553,10.183,12.006,11.89
0.4826,0.9482,1.763,2.8494,3.7418,4.8282,5.7982,6.7682,8.6306,10.183,11.89,11.89
0.5602,1.0646,1.957,2.8106,3.703,4.8282,5.837,6.613,8.5918,10.221,11.735,11.967
0.5602,0.987,1.9182,2.7718,3.7806,4.7506,5.7594,6.7682,8.747,10.183,11.812,11.812
0.5214,0.9482,1.957,2.927,3.6642,4.9058,5.7594,6.419,8.553,10.144,11.967,11.967
0.5602,0.987,1.957,2.733,3.7418,4.7118,5.7594,6.6906,8.6694,10.105,12.006,11.967
0.599,1.1034,1.9182,2.927,3.7418,4.8282,5.7594,6.5354,8.553,10.26,11.89,11.929
0.599,0.987,1.763,2.6942,3.703,4.6342,5.643,6.7294,8.5142,10.183,11.967,11.967
0.405,1.0646,1.9182,2.9658,3.703,4.7506,5.5266,6.5354,8.553,10.26,11.851,12.045
0.599,0.9482,1.957,2.7718,3.7418,4.7894,5.6818,6.6906,8.6306,10.221,11.89,11.89
0.4438,1.0646,1.8794,2.9658,3.7806,4.7506,5.6818,6.5354,8.4366,10.183,11.89,11.89
0.5602,0.9094,1.9182,2.6942,3.703,4.7506,5.8758,6.6518,8.7858,10.26,11.89,11.929
0.599,1.0258,1.957,2.8106,3.7418,4.673,5.7206,6.6906,8.553,10.144,11.967,11.851
0.6378,0.8706,1.9958,2.8494,3.5866,4.867,5.9534,6.6518,8.6306,10.221,11.967,11.967
0.5602,1.0646,1.957,2.8494,3.703,4.7506,5.643,6.6906,8.5918,10.26,11.89,12.045
0.4438,1.0258,1.8406,2.8882,3.703,4.9446,5.9534,6.613,8.6694,10.183,11.89,11.929
0.599,0.9094,1.9182,2.8882,3.7418,4.7118,5.643,6.807,8.553,10.183,11.89,11.851
0.5602,1.0646,1.9958,2.8106,3.6642,4.9058,5.7594,6.613,8.7082,10.26,11.773,11.967
0.5214,1.0646,1.8406,2.8494,3.8194,4.6342,5.7594,6.7682,8.4754,10.105,11.773,12.045
0.5602,0.9482,1.9958,2.927,3.6642,4.7894,5.7594,6.5354,8.6694,10.221,11.851,11.89
0.5602,1.0646,1.957,2.733,3.897,4.7506,5.6042,6.807,8.4754,10.183,12.006,11.89
0.5602,0.8706,1.957,2.8494,3.509,4.7506,5.9146,6.613,8.6306,10.221,11.812,11.89
0.4826,1.0258,1.8406,2.8106,3.897,4.8282,5.6042,6.6906,8.5142,10.221,11.851,12.045
0.5214,1.0258,1.957,2.8494,3.6254,4.8282,5.7594,6.613,8.6306,10.105,11.812,11.851
0.5214,1.1034,1.8794,2.8494,3.8194,4.8282,5.643,6.807,8.5142,10.183,11.851,11.929
0.599,1.0258,1.957,2.8494,3.6254,4.7506,5.6818,6.613,8.6694,10.183,11.773,12.045
0.4438,1.0258,1.9182,2.8106,3.8194,4.8282,5.7982,6.7682,8.5918,10.299,11.812,11.967
0.5602,0.9482,1.957,2.7718,3.6642,4.5954,5.643,6.5742,8.6306,10.183,11.967,11.929
0.599,0.987,1.8794,2.8106,3.7418,4.8282,5.8758,6.7682,8.359,10.066,11.89,11.89
0.5602,1.0258,1.957,2.8106,3.703,4.6342,5.5266,6.419,8.7858,10.299,11.929,11.929
0.5602,1.0646,1.8406,2.8106,3.8194,4.9446,5.7594,6.6906,8.5142,10.144,12.045,11.812
0.5214,1.0258,1.8018,2.8882,3.703,4.7506,5.643,6.4966,8.6306,10.221,11.812,11.967
0.599,1.0646,1.9958,2.8106,3.7806,4.867,5.9922,6.7682,8.553,10.144,11.89,11.967
0.405,0.8706,1.9182,2.9658,3.6254,4.7894,5.6818,6.5742,8.553,10.338,11.89,11.967
0.599,1.1034,1.8406,2.7718,3.6642,4.7894,5.9534,6.6906,8.4754,10.221,11.735,12.006
0.405,0.8706,1.8406,2.8882,3.703,4.7894,5.7594,6.613,8.5142,10.144,11.929,11.812
0.6378,1.0258,2.0734,2.6942,3.7418,4.7506,5.8758,6.7682,8.4366,10.221,11.967,11.851
0.5602,0.8706,1.8406,2.7718,3.6642,5.0222,5.7206,6.5742,8.4754,10.26,11.929,11.967
0.5602,1.0258,1.9958,2.7718,3.703,4.673,5.7982,6.807,8.553,10.066,11.851,11.89
0.4438,0.9482,1.8018,2.9658,3.7418,4.8282,5.6042,6.419,8.5142,10.105,11.851,11.89
0.599,1.0646,1.9182,2.6942,3.5478,4.8282,5.9534,6.6518,8.6306,10.299,11.89,12.045
0.599,0.987,1.957,2.8494,3.703,4.8282,5.6818,6.6906,8.6306,10.183,11.89,12.045
0.5214,1.1034,2.0346,2.8494,3.6642,4.9058,5.837,6.6906,8.6306,10.183,11.851,11.929
0.5214,0.9094,1.8794,3.0046,3.8194,4.5954,5.643,6.613,8.5142,10.183,11.851,11.89
0.4438,1.0258,1.8794,2.733,3.5866,4.9058,5.6818,6.6906,8.6306,10.299,11.89,11.89
0.599,1.0258,1.8406,2.927,3.8194,4.7506,5.7594,6.613,8.3202,10.144,12.006,12.045
0.5602,1.0646,1.9182,2.8494,3.6254,4.9058,5.837,6.6518,8.5918,10.26,11.967,12.045
0.5602,0.9482,1.8018,3.0046,3.8582,4.7506,5.7594,6.7682,8.553,10.221,11.851,11.967
0.5602,1.0646,1.9182,2.733,3.7418,4.9446,5.7594,6.6518,8.5142,10.377,11.89,11.812
0.5602,0.9482,1.8794,2.8494,3.7806,4.7506,5.6042,6.6518,8.6306,10.105,11.851,12.045
0.4826,1.0258,1.8018,2.7718,3.5866,4.8282,5.7594,6.613,8.5142,10.299,11.89,12.006
0.4826,1.0258,1.8406,2.9658,3.7418,4.7894,5.7982,6.6906,8.4366,10.027,11.967,12.045
0.5602,1.0258,1.9182,2.8106,3.6254,4.7894,5.6042,6.6518,8.5918,10.338,11.812,11.929
0.5602,1.0258,1.8794,2.8882,3.897,4.7894,5.7982,6.807,8.4754,10.26,11.773,11.929
0.599,1.0258,1.9182,2.7718,3.6642,4.7506,5.6042,6.4578,8.747,10.299,11.929,11.851
0.599,0.987,1.957,2.8106,3.7418,4.9058,5.7594,6.7682,8.4754,10.299,11.929,11.929
0.4438,1.0258,1.8794,2.8882,3.6642,4.5954,5.6818,6.6518,8.6694,10.26,11.851,12.006
0.5602,1.0258,1.9958,2.8494,3.7418,4.9834,5.837,6.807,8.4754,10.183,11.89,11.89
0.6378,1.0258,1.8794,2.7718,3.8194,4.673,5.7206,6.5742,8.6306,10.221,11.929,12.045
0.5602,1.0258,2.0346,2.8882,3.8194,4.8282,5.643,6.807,8.4366,10.221,11.696,11.89
0.4438,0.9482,1.8406,2.8494,3.6642,4.6342,5.6818,6.419,8.6306,10.221,11.929,12.006
0.599,0.9094,1.9958,2.8882,3.7418,4.8282,5.7594,6.5742,8.5918,10.299,11.773,12.006
0.599,1.0258,1.8794,2.8106,3.7806,4.7118,5.6818,6.6906,8.6694,10.105,11.773,11.89
0.5214,1.0258,1.9958,2.927,3.8582,4.7894,5.837,6.5354,8.4754,10.183,11.812,12.045
0.4438,1.0646,1.8794,2.733,3.703,4.9834,5.5654,6.7682,8.6694,10.26,11.812,11.89
0.5602,0.987,1.8406,2.8494,3.8194,4.7118,5.7982,6.5354,8.553,10.221,11.929,11.929
0.5602,1.0646,1.8794,2.8106,3.897,4.9834,5.5654,6.6518,8.7082,10.221,11.812,12.006
0.599,0.987,1.8794,2.8882,3.7806,4.6342,5.8758,6.6518,8.5142,10.027,11.773,12.045
0.599,1.0646,1.9182,2.6942,3.897,4.8282,5.643,6.6906,8.6694,10.338,11.851,12.006
0.599,1.0258,1.957,2.8106,3.8194,4.7506,5.7594,6.6906,8.4754,10.144,11.773,12.045
0.5602,0.987,1.8406,2.7718,3.8582,4.7118,5.643,6.6518,8.6306,10.221,11.812,11.967
0.5214,0.9482,1.8018,2.8494,3.7418,4.7118,5.9534,6.5742,8.5918,10.338,11.773,11.929
0.5214,1.0258,1.8406,2.7718,3.7418,4.7506,5.6042,6.6906,8.6306,10.183,11.89,11.929
0.405,1.0258,1.957,2.8494,3.8194,4.9834,5.9146,6.613,8.4754,10.26,11.773,11.929
0.5602,1.0258,1.957,2.8494,3.7806,4.673,5.643,6.7294,8.6306,10.144,11.735,12.045
0.405,1.0646,1.8794,2.7718,3.8582,4.867,5.9146,6.5354,8.553,10.144,11.851,11.89
0.6378,0.9094,1.957,2.8882,3.8194,4.7894,5.6818,6.6906,8.4366,10.221,11.851,11.89
0.599,1.0258,1.8794,2.8106,3.897,4.867,5.9534,6.5742,8.5918,10.221,11.812,12.006
0.5602,0.987,1.9958,2.8882,3.7806,4.8282,5.643,6.7682,8.5918,10.066,11.812,12.045
0.5214,0.987,1.8794,2.8106,3.8194,4.7894,5.837,6.5742,8.4754,10.26,11.89,11.812
0.5602,1.0258,1.9958,2.9658,3.8582,4.9446,5.6042,6.7682,8.5142,10.027,11.735,11.851
0.5602,1.0258,1.9182,2.6554,3.8194,4.7506,5.837,6.4578,8.359,10.26,11.773,12.045
0.4438,1.0258,1.9958,3.0046,3.7418,4.9058,5.6042,6.807,8.6694,10.26,11.89,11.89
0.599,1.0258,1.8406,2.8106,3.8194,4.7894,5.8758,6.5354,8.553,10.144,11.89,11.89
0.599,1.0258,2.0346,2.8882,3.5866,4.9058,5.6042,6.6906,8.747,10.183,11.89,11.851
0.599,1.0646,1.8018,2.6554,3.897,4.5954,5.7594,6.613,8.6306,10.144,11.851,11.929
0.4826,0.9094,1.8794,2.8494,3.7418,4.9058,5.7206,6.7682,8.7082,10.183,11.773,12.045
0.5602,1.0646,1.8794,2.7718,3.7806,4.7506,5.7594,6.6518,8.5142,10.26,11.89,11.851
0.5602,0.987,1.8794,2.9658,3.703,4.867,5.7206,6.613,8.5142,10.183,11.812,12.006
0.599,0.987,1.8794,2.8882,3.7806,4.7118,5.837,6.6518,8.359,10.26,11.812,11.929
0.4826,0.9094,1.9182,2.927,3.897,4.7118,5.7594,6.419,8.4754,10.338,11.735,11.851
0.599,1.0646,1.8794,2.733,3.6642,4.9058,5.7206,6.5742,8.5918,10.26,11.967,11.929
0.5602,0.8706,1.8018,2.7718,3.7806,4.7506,5.643,6.613,8.5918,10.299,11.735,12.045
0.5602,0.9094,1.8018,2.8106,3.703,4.8282,5.8758,6.6906,8.4754,10.26,11.851,11.89
0.4826,0.987,1.8018,2.9658,3.9746,4.7894,5.643,6.5354,8.5142,10.377,11.812,11.967
0.6378,0.987,1.9182,2.8494,3.7418,4.8282,5.7594,6.6518,8.4366,10.299,11.851,11.851
0.5602,0.987,1.957,2.9658,4.0134,4.5954,5.7206,6.6906,8.553,10.299,11.773,11.89
0.599,1.0646,1.957,2.8106,3.6642,4.9058,5.7982,6.5354,8.5918,10.105,11.929,12.006
0.405,0.9094,1.763,2.8494,3.8194,4.7894,5.7594,6.7682,8.4754,10.377,11.618,11.89
0.5214,1.0258,1.9958,2.6942,3.703,4.8282,5.643,6.4966,8.6306,10.144,11.773,11.929
0.405,0.987,1.8794,2.8106,4.0134,4.673,5.6818,6.807,8.4366,10.144,11.967,11.89
0.599,0.9482,2.0346,2.8494,3.703,4.7118,5.6042,6.6518,8.6694,10.105,11.89,11.89
0.4826,1.0646,1.9182,2.8882,3.9746,4.9058,5.7982,6.6906,8.553,10.144,11.851,11.929
0.6378,0.987,1.8794,2.733,3.7418,4.7118,5.643,6.613,8.7082,10.144,11.851,11.929
0.4438,0.9482,1.7242,2.8882,3.897,5.0222,5.837,6.6518,8.4366,10.415,11.773,12.045
0.4826,0.9094,1.957,2.8494,3.6254,4.7894,5.6042,6.5354,8.5918,10.183,11.812,11.967
0.5602,1.0258,1.8018,2.8106,3.897,4.8282,5.8758,6.7682,8.553,10.299,11.773,12.045
0.6378,1.0646,1.9182,2.8882,3.7806,4.7506,5.7206,6.6518,8.7082,10.183,11.89,12.045
0.5602,0.987,1.8018,2.733,3.7806,4.9446,5.7982,6.7682,8.553,10.299,11.89,11.967
0.599,0.987,1.9182,2.8494,3.7418,4.7506,5.7206,6.613,8.6306,10.183,11.735,12.084
0.4438,0.987,1.957,2.8882,3.7806,4.8282,5.8758,6.6906,8.5918,10.105,11.735,11.773
0.6378,1.0258,1.9182,2.8494,3.8194,4.673,5.6818,6.6518,8.6306,10.26,11.812,11.851
0.599,0.987,1.8794,2.6942,3.8194,4.6342,5.8758,6.6906,8.5142,10.183,11.851,11.929
0.5602,0.987,1.8406,2.927,3.7806,4.7506,5.5266,6.6518,8.553,10.26,11.89,12.045
0.5214,1.0258,1.9182,2.8106,3.703,4.7506,5.7982,6.613,8.5142,10.221,11.851,11.967
0.5602,0.987,1.8794,2.8494,3.897,4.9058,5.6042,6.613,8.6694,10.299,11.735,12.006
0.5602,0.9482,1.8794,2.733,3.8194,4.7118,5.7206,6.5742,8.3978,10.183,11.89,11.967
0.5602,1.0646,1.8018,2.8882,3.9746,4.9834,5.5266,6.5742,8.5918,10.144,11.812,11.851
0.5602,1.0646,1.9182,2.8494,3.7418,4.7506,5.7594,6.6906,8.5918,10.299,11.929,11.89
0.5602,1.1034,1.8794,2.8494,3.897,4.7118,5.7594,6.6906,8.553,10.221,11.851,11.967
0.5602,0.987,1.9958,2.6942,3.703,4.7894,5.7594,6.613,8.359,10.183,11.812,11.929
0.5214,1.0646,1.957,2.7718,3.9746,4.7118,5.643,6.4966,8.6306,10.027,11.929,12.045
0.5602,1.0258,2.0346,2.733,3.8194,4.8282,5.7594,6.7294,8.5142,10.105,11.851,11.929
0.5602,1.0258,1.9182,2.927,3.8582,4.7506,5.7982,6.7294,8.7082,10.338,11.773,11.89
0.599,1.0258,1.9182,2.6942,3.7806,4.7894,5.6818,6.7294,8.4366,10.183,11.812,12.045
0.405,1.0646,1.8794,2.927,3.8582,4.7118,5.7982,6.5354,8.553,10.338,11.812,12.045
0.5214,1.0258,2.0346,2.6554,3.8194,4.9058,5.6818,6.613,8.553,10.183,11.773,11.851
0.4438,0.9482,1.8794,2.8882,3.8194,4.7506,5.9146,6.5742,8.553,10.377,11.929,11.773
0.5602,0.9482,1.9958,2.8106,3.7806,4.7118,5.6818,6.613,8.3978,10.105,11.851,11.967
0.5602,0.9094,1.8018,2.8882,3.7418,4.7118,5.837,6.6906,8.5142,10.183,11.89,12.045
0.599,1.0258,1.9958,2.8106,3.7418,4.7118,5.5654,6.6518,8.359,10.066,11.851,12.045
0.4438,0.9094,1.763,2.9658,4.0134,4.7506,5.7982,6.7294,8.7082,10.144,11.735,11.929
0.5602,1.0258,1.8406,2.8106,3.6254,4.7506,5.643,6.6906,8.553,10.105,11.851,11.89
0.5602,1.0646,1.957,2.927,4.0134,4.7506,5.7982,6.6518,8.6306,10.221,11.812,12.084
0.599,0.9094,1.8406,2.733,3.6254,4.7894,5.5654,6.5354,8.5142,10.26,11.929,11.851
0.5602,1.0646,1.8406,2.8106,3.9746,4.7894,5.7594,6.613,8.7082,10.221,11.812,12.006
0.5602,1.0258,1.9958,2.8106,3.7418,4.673,5.6042,6.3802,8.553,10.299,11.812,11.851
0.5602,1.0258,1.8794,2.733,3.897,4.9446,5.643,6.7682,8.553,10.144,11.735,11.929
0.5214,1.0646,1.957,2.8106,3.7418,4.8282,5.7206,6.4578,8.4366,10.066,11.89,12.006
0.5602,1.1034,1.9182,2.8882,3.8194,4.7506,5.6818,6.8458,8.747,10.299,11.851,12.006
0.4826,0.9094,1.9182,2.8882,3.7418,4.7894,5.6042,6.4578,8.4366,10.183,11.89,11.967
0.4438,1.0258,1.8794,2.733,3.8194,4.673,5.643,6.8458,8.6306,10.221,11.812,11.89
0.4826,0.987,1.8794,2.8494,3.8194,4.7118,5.7206,6.3802,8.3978,10.299,11.773,11.851
0.6378,0.987,1.957,2.733,3.703,4.7506,5.7982,6.6906,8.747,10.26,11.773,12.084
0.5602,0.987,1.763,2.8494,3.6642,4.9058,5.7594,6.419,8.4754,10.299,11.812,12.084
0.599,1.0258,1.957,2.8494,3.7418,4.7506,5.7206,6.6906,8.6306,10.105,11.851,12.045
0.4826,1.0258,1.8018,2.7718,3.703,4.9058,5.7206,6.5742,8.5918,10.26,11.735,11.967
0.599,1.0646,2.0346,2.8494,3.703,4.7118,5.643,6.613,8.7082,10.144,11.735,11.929
0.599,1.0258,1.9182,2.8882,3.897,4.9058,5.7206,6.7294,8.553,10.299,11.812,11.967
0.599,1.0258,1.9958,2.8882,3.5866,4.7118,5.6818,6.6906,8.6306,10.26,11.773,11.929
0.5602,0.9094,1.9182,2.6942,3.7418,4.7506,5.8758,6.6906,8.4366,10.221,11.812,12.045
0.599,1.1034,1.9958,2.8882,3.5478,4.7118,5.7206,6.613,8.6694,10.144,11.773,11.929
0.5602,0.987,1.7242,2.8882,3.7418,4.673,5.9146,6.5354,8.5142,10.183,11.773,12.045
0.5214,1.1034,1.9958,2.8494,3.6254,4.7506,5.6818,6.613,8.6306,10.183,11.851,11.929
0.599,0.987,1.957,2.733,3.897,4.7894,5.837,6.5742,8.5918,10.299,11.735,11.929
0.5214,1.1034,1.9182,2.7718,3.6642,5.0222,5.5266,6.6906,8.4754,10.299,11.89,11.89
0.6378,0.987,1.9182,2.8494,3.8194,4.7118,5.9534,6.6906,8.553,10.299,11.812,11.967
0.599,1.0646,1.8406,2.6942,3.7418,4.8282,5.5654,6.613,8.3978,10.144,11.735,11.812
0.6378,0.9094,1.8406,2.8494,3.7806,4.7118,5.837,6.8458,8.4754,10.221,11.812,11.967
0.599,1.0646,1.9182,2.8106,3.703,4.7894,5.5266,6.6906,8.6306,10.26,11.696,11.967
0.4826,0.9482,1.9958,2.7718,3.7806,4.7506,5.8758,6.6518,8.6694,10.105,11.812,11.967
0.4438,1.0258,1.8406,2.6554,3.7806,4.7506,5.5266,6.613,8.5918,10.221,11.929,11.929
0.599,0.9482,1.9958,2.7718,3.7806,4.8282,5.8758,6.7294,8.7082,10.26,11.89,11.89
0.5214,0.9094,1.9182,2.6942,3.7806,4.7506,5.7206,6.4966,8.553,10.221,11.618,11.967
0.599,1.0258,1.957,2.8882,3.6642,4.7894,5.7594,6.8846,8.5918,10.027,11.696,11.967
0.5602,0.987,1.8794,2.8106,3.5478,4.6342,5.643,6.613,8.553,10.415,11.851,11.851
0.5602,0.9094,1.8794,2.9658,3.7806,4.9446,5.6818,6.8458,8.7082,10.26,11.89,11.967
0.5602,0.9094,1.8018,2.6942,3.5866,4.7506,5.7594,6.613,8.3978,10.183,11.773,11.967
0.599,1.0646,1.8018,2.9658,3.7418,4.9058,5.7206,6.807,8.6306,10.221,11.89,11.929
0.599,1.0258,1.8794,2.8106,3.7806,4.5954,5.837,6.613,8.4366,10.144,11.735,11.967
0.4826,0.9094,1.8406,2.8106,3.703,4.867,5.7206,6.7294,8.6306,10.221,11.812,11.929
0.5602,1.0258,1.8018,2.7718,3.8582,4.8282,5.643,6.5742,8.4754,10.221,11.579,11.929
0.5602,0.987,1.8794,2.733,3.6642,4.7894,5.6818,6.7682,8.6694,10.26,11.89,11.929
0.599,1.0258,1.9182,2.8106,3.7806,4.9058,5.837,6.4578,8.553,10.221,11.851,11.929
0.5602,0.9094,1.957,2.8882,3.703,4.5566,5.6818,6.7294,8.6306,10.105,11.735,11.929
0.599,1.0646,1.957,2.8494,3.8194,4.8282,5.837,6.613,8.4754,10.26,11.735,12.006
0.599,0.987,1.8018,2.8882,3.703,4.5566,5.7594,6.7294,8.6306,10.338,11.618,11.967
0.5214,0.9482,1.8406,2.8494,3.703,4.673,5.7982,6.5742,8.5142,10.338,11.773,11.929
0.5602,0.9482,1.8406,2.8882,3.703,4.673,5.6818,6.7294,8.553,10.105,11.89,11.89
0.4826,0.9482,1.8406,2.8882,3.8194,4.7506,5.7594,6.4966,8.4754,10.299,11.735,11.89
0.4826,0.8706,1.8794,2.8882,3.7418,4.867,5.5654,6.7682,8.747,10.221,11.851,11.851
0.4826,1.0646,1.957,2.6554,3.703,4.5954,5.9146,6.419,8.5142,10.183,11.773,11.929
0.5214,0.987,1.8406,2.8494,3.703,4.9058,5.6818,6.7682,8.747,10.26,11.773,11.929
0.4438,0.9482,1.9182,2.8882,3.7418,4.8282,5.9534,6.5354,8.553,10.221,11.812,11.851
0.5602,0.987,1.8018,2.7718,3.7806,4.8282,5.6818,6.6906,8.6694,10.26,11.89,11.967
0.4438,1.1034,1.9182,2.8106,3.703,4.7506,5.643,6.613,8.3978,10.144,11.89,12.006
0.5602,0.9094,1.9182,2.6942,3.8582,5.0222,5.6818,6.7294,8.7082,10.221,11.89,12.045
0.5602,1.0258,1.9958,2.8882,3.703,4.7506,5.643,6.5742,8.3202,10.299,11.735,11.735
0.599,1.0646,1.8794,2.8106,3.703,4.8282,5.6818,6.5742,8.7082,10.066,11.812,11.89
0.599,0.987,1.957,2.8106,3.6642,4.7506,5.643,6.6906,8.5142,10.183,11.773,11.89
0.5214,0.9094,1.957,2.8882,3.7806,4.867,5.643,6.5354,8.5142,10.144,11.773,11.812
0.4438,1.0258,1.957,2.733,3.7418,4.7894,5.7982,6.4966,8.4366,10.066,11.735,11.929
0.599,0.9094,1.8794,2.8106,3.8194,4.7118,5.7594,6.613,8.6306,10.338,11.618,11.851
0.599,1.0258,1.9182,2.8494,3.6642,4.8282,5.5654,6.4578,8.5142,10.26,11.657,11.967
0.5602,0.987,1.957,2.733,3.6642,4.7118,5.837,6.6906,8.5918,10.26,11.735,11.967
0.599,1.0646,1.9182,2.8494,3.7806,4.9058,5.6818,6.6906,8.553,10.299,11.851,11.851
0.599,1.0258,1.957,2.7718,3.7806,4.7118,5.7982,6.613,8.6694,10.183,11.735,11.851
0.5602,1.0258,1.957,2.8882,3.703,4.8282,5.6818,6.4578,8.5918,10.299,11.812,12.045
0.5214,1.0646,1.8406,2.8494,3.8582,4.7894,5.837,6.7682,8.6306,10.183,11.89,11.812
0.5602,1.0646,1.9182,2.8882,3.6254,4.7506,5.6818,6.419,8.6306,10.105,11.851,11.967
0.4438,0.9482,1.957,2.8106,3.7806,4.673,5.9146,6.613,8.553,10.299,11.812,11.89
0.6378,1.1034,1.8406,2.7718,3.509,4.7118,5.643,6.5354,8.553,10.338,11.735,11.929
0.5602,0.9482,1.8406,2.7718,3.7806,4.7894,5.9146,6.6906,8.5142,10.26,11.812,11.967
0.599,0.9482,1.9182,2.9658,3.6254,4.6342,5.5654,6.5742,8.553,10.299,11.89,11.851
0.4438,0.9482,2.0346,2.8494,3.897,4.9834,5.9146,6.6906,8.5142,10.221,11.657,12.045
0.599,1.1034,1.9182,2.8882,3.6642,4.7118,5.6042,6.6518,8.5142,10.338,11.812,11.967
0.4826,0.987,2.0346,2.8494,3.7418,4.9058,5.9146,6.7294,8.553,10.221,11.773,12.006
0.5214,1.1034,1.9182,2.927,3.7418,4.7894,5.6042,6.6906,8.4754,10.338,11.89,11.967
0.4826,0.987,2.0346,2.7718,3.7806,4.7894,5.9146,6.613,8.4754,10.299,11.812,11.773
0.6378,0.987,1.8406,2.927,3.6254,4.867,5.643,6.6906,8.6306,10.299,11.812,11.929
0.5214,1.0646,1.957,2.8882,3.703,4.7506,5.837,6.4578,8.553,10.066,11.89,11.89
0.5602,0.9094,1.8794,2.8882,3.7418,4.9058,5.6042,6.613,8.5142,10.26,11.735,11.929
0.5214,0.8706,1.957,2.8494,3.703,4.7118,5.9146,6.5354,8.553,10.221,11.735,11.967
0.4826,0.987,1.9182,2.8882,3.703,4.9058,5.7206,6.7682,8.6306,10.221,11.773,11.929
0.5602,1.0258,1.8794,2.733,3.703,4.673,5.837,6.5742,8.4754,10.183,11.929,11.89
0.599,1.0258,1.9182,2.7718,3.703,4.867,5.7206,6.6906,8.6306,10.221,11.812,11.967
0.599,1.0258,1.957,2.8106,3.7418,4.5954,5.643,6.5742,8.3978,10.221,11.812,12.006
0.4826,1.0646,1.8794,2.8494,3.6642,4.9058,5.7206,6.8458,8.747,10.26,11.735,11.967
0.5602,0.9482,1.9182,2.8106,3.5478,4.8282,5.837,6.5354,8.4366,10.183,11.773,11.89
0.599,1.0258,1.8406,2.9658,3.7418,4.7506,5.7594,6.6906,8.553,10.338,11.773,11.89
0.5602,1.0258,1.8018,2.8494,3.6642,4.8282,5.6818,6.5742,8.4754,10.26,11.773,11.967
0.5214,1.0646,1.8794,2.9658,3.8194,4.7506,5.6818,6.6906,8.6306,10.299,11.89,11.851
0.5602,0.987,1.8406,2.733,3.6642,4.8282,5.7594,6.613,8.3978,10.26,11.773,11.967
0.4438,0.9094,1.9958,2.6942,3.7418,4.673,5.7594,6.7294,8.6694,10.338,11.735,11.773
0.5602,1.0258,1.957,2.8882,3.509,4.9058,5.6042,6.5742,8.3978,10.338,11.812,11.929
0.5214,1.0646,2.0346,2.8494,3.897,4.6342,5.8758,6.8458,8.747,10.183,11.735,11.851
0.5602,0.987,1.9182,2.8494,3.6642,4.9446,5.5266,6.4966,8.553,10.26,11.851,11.89
0.6378,0.8706,2.0346,2.733,3.7806,4.7118,5.7982,6.7682,8.6306,10.26,11.812,11.89
0.5602,0.9094,1.8018,2.733,3.6642,4.8282,5.7206,6.4966,8.553,10.221,11.735,11.89
0.599,1.0258,1.9958,2.733,3.7418,4.8282,5.9146,6.7682,8.6306,10.105,11.851,11.735
0.5602,0.987,1.8018,2.733,3.7418,4.8282,5.6818,6.5354,8.5142,10.338,11.812,11.89
0.6378,0.987,1.8794,2.8106,3.8582,4.9058,5.7982,6.6906,8.747,10.105,11.812,11.929
0.405,1.0258,1.9182,2.8882,3.6642,4.6342,5.7206,6.6518,8.553,10.338,11.773,12.045
0.4826,1.0646,1.957,2.733,3.703,4.9058,5.7594,6.6518,8.6694,10.299,11.812,11.89
0.599,1.0258,1.957,2.8106,3.5866,4.6342,5.7594,6.5354,8.553,10.338,11.89,11.812
0.4438,0.9482,1.8794,2.8882,3.8194,4.8282,5.8758,6.4966,8.747,10.221,11.735,11.851
0.5214,0.9482,1.957,2.7718,3.5478,4.7894,5.7206,6.7294,8.4366,10.415,11.851,12.006
0.4438,0.9482,1.8018,2.8106,3.7806,4.7506,5.7594,6.6906,8.5142,10.144,11.812,12.006
0.405,1.0258,1.8018,2.8494,3.5478,4.7894,5.7594,6.6518,8.4754,10.377,11.735,11.89
0.6378,0.9482,1.8018,2.8494,3.8194,4.8282,5.5654,6.6906,8.7082,10.299,11.812,12.006
0.5602,1.0258,1.8018,2.733,3.5478,4.8282,5.837,6.807,8.4366,10.26,11.812,11.967
0.6378,1.0646,1.8018,2.8882,3.7806,4.673,5.6042,6.5742,8.7082,10.26,11.773,11.929
0.5602,0.9094,1.9182,2.8882,3.5866,4.9834,5.837,6.7682,8.5918,10.26,11.967,12.045
0.5602,1.0646,1.8794,2.8494,3.6642,4.673,5.6818,6.5354,8.6694,10.221,11.735,11.89
0.5214,1.0258,1.9958,2.8882,3.6254,4.9058,5.837,6.7294,8.4366,10.299,11.851,11.929
0.5602,1.0258,1.957,2.733,3.7418,4.8282,5.6818,6.6518,8.7082,10.338,11.735,11.89
0.5214,0.987,1.957,2.8494,3.5478,4.9058,5.9146,6.6906,8.5142,10.26,11.851,11.89
0.599,1.0258,1.8406,2.8494,3.6642,4.7506,5.643,6.613,8.7082,10.415,11.696,11.851
0.405,0.987,1.9958,2.8494,3.6642,4.8282,5.8758,6.807,8.553,10.338,11.851,11.851
0.4438,0.9482,1.763,2.8494,3.703,4.7894,5.7206,6.613,8.5142,10.221,11.812,11.89
0.5602,0.9094,1.9182,2.927,3.7418,4.7118,5.9534,6.807,8.553,10.299,11.89,11.929
0.5214,0.9482,1.8018,2.7718,3.6642,4.9446,5.7206,6.6518,8.553,10.221,11.735,11.812
0.4438,0.987,1.9958,2.8106,3.8194,4.7118,5.8758,6.7682,8.5918,10.338,11.812,11.773
0.599,1.0646,1.9182,2.8494,3.703,4.867,5.5654,6.4578,8.6694,10.454,11.735,11.929
0.599,0.987,1.9958,2.927,3.8194,4.7118,5.6818,6.6906,8.5918,10.299,11.89,11.967
0.4438,1.0646,1.7242,2.6942,3.7418,4.7894,5.837,6.4578,8.747,10.377,11.929,11.967
0.5602,0.987,2.0734,2.9658,3.703,4.7506,5.7594,6.7682,8.553,10.066,11.929,11.929
0.599,1.0646,1.957,2.7718,3.6642,4.7894,5.837,6.4578,8.553,10.26,11.735,11.89
0.5602,0.9094,1.9182,2.8882,3.7806,4.7894,5.7594,6.7682,8.4754,10.144,11.812,11.773
0.5602,0.987,1.957,2.6554,3.509,4.7506,5.7206,6.5742,8.553,10.299,11.851,11.851
0.5602,1.0258,1.9182,2.927,3.8194,4.9058,5.7206,6.807,8.6306,10.221,11.812,12.045
0.599,0.8706,1.9182,2.7718,3.509,4.7506,5.7206,6.5742,8.747,10.183,11.812,11.89
0.4438,0.9094,1.9182,2.8106,3.8194,4.9058,5.5654,6.7682,8.5918,10.105,11.89,11.812
0.4826,1.0646,1.9182,2.6942,3.6642,4.7894,5.7206,6.4578,8.6306,10.338,11.89,11.929
0.599,0.9482,1.8018,3.0434,3.7806,4.7506,5.6042,6.7682,8.6306,10.26,11.735,11.967
0.5214,1.0646,1.8406,2.6554,3.509,4.7506,5.8758,6.4578,8.4754,10.183,11.579,11.89
0.405,0.9094,1.8018,2.9658,3.897,4.7894,5.6042,6.7682,8.4366,10.299,11.89,11.929
0.4826,1.0646,1.9958,2.7718,3.703,4.8282,5.7982,6.5742,8.6306,10.299,11.735,11.929
0.4826,0.9482,1.8794,2.9658,3.8194,4.5954,5.6042,6.6518,8.5142,10.377,11.773,11.89
0.5214,1.0258,1.957,2.8106,3.6642,4.9058,5.7982,6.613,8.4754,10.299,11.696,11.89
0.5602,1.1034,1.9182,2.8494,3.7806,4.7118,5.6818,6.7682,8.5142,10.183,11.773,11.967
0.599,0.987,1.9182,2.6942,3.6642,4.9446,5.9146,6.613,8.553,10.26,11.773,11.851
0.599,1.0646,1.9182,2.8106,3.7418,4.7506,5.6042,6.6518,8.6306,10.299,11.929,11.89
0.5602,0.9094,1.8794,2.8106,3.5866,4.7118,5.6818,6.5354,8.4754,10.377,11.735,11.812
0.4438,1.0646,1.9182,2.8882,3.7418,4.673,5.643,6.7682,8.553,10.338,11.812,11.812
0.599,0.9482,1.957,2.6942,3.7418,4.673,5.8758,6.4966,8.4754,10.221,11.89,11.967
0.599,1.0646,1.7242,2.8882,3.7418,4.8282,5.5654,6.807,8.5142,10.415,11.735,11.929
0.4826,0.9094,1.9958,2.733,3.703,4.8282,5.8758,6.613,8.5918,10.221,11.735,11.851
0.599,0.9094,1.957,2.7718,3.703,4.867,5.6818,6.6906,8.6306,10.338,11.851,11.967
0.5602,0.9482,1.9958,2.8106,3.7806,4.7506,5.9534,6.5354,8.4754,10.299,11.773,11.735
0.599,0.8706,1.8018,2.733,3.6642,4.7894,5.6818,6.8458,8.5918,10.377,11.735,11.967
0.5602,0.987,1.8406,2.6554,3.8582,4.5954,5.9146,6.613,8.5918,10.26,11.89,12.006
0.5602,1.0646,1.957,2.8494,3.703,4.9834,5.6818,6.807,8.6306,10.338,11.696,11.89
0.4438,1.0258,1.8406,2.8106,3.897,4.6342,5.7982,6.4578,8.5918,10.105,11.89,11.773
0.5602,1.0258,1.9182,2.7718,3.703,4.8282,5.6818,6.7682,8.6306,10.183,11.89,11.929
0.5602,1.0258,1.8018,2.733,3.8194,4.7506,5.6818,6.4578,8.4754,10.338,11.735,12.045
0.5602,1.0258,1.8018,2.6942,3.703,4.7506,5.643,6.807,8.6694,10.221,11.89,11.929
0.599,1.0258,1.957,2.733,3.8582,4.673,5.7206,6.4578,8.4366,10.26,11.735,11.89
0.5602,0.987,1.8794,2.8494,3.703,4.7506,5.7594,6.7294,8.553,10.26,11.851,11.735
0.5602,0.9094,1.957,2.8882,3.6642,4.8282,5.7206,6.4966,8.553,10.26,11.735,11.89
0.599,1.0258,1.957,2.8882,3.6642,4.7894,5.6818,6.7682,8.5142,10.26,11.812,11.967
0.5214,0.8706,1.9958,2.8882,3.7806,4.867,5.7206,6.4578,8.359,10.299,11.735,12.006
0.4826,1.0258,1.8018,2.8494,3.6642,4.673,5.7594,6.8458,8.747,10.183,11.929,11.89
0.4826,1.0258,1.8794,2.7718,3.7806,4.9058,5.6818,6.613,8.5142,10.415,11.851,11.89
0.5214,1.0258,1.8406,2.733,3.7418,4.7118,5.9146,6.7294,8.6694,10.26,11.812,11.929
0.4438,1.0258,1.957,2.8882,3.6254,4.867,5.643,6.5742,8.5142,10.377,11.657,11.929
0.4826,0.987,1.9182,2.733,3.7418,4.8282,5.837,6.807,8.6306,10.26,11.851,11.812
0.5214,1.0258,1.8018,2.8494,3.5866,4.6342,5.643,6.6518,8.553,10.338,11.618,11.967
0.405,0.9482,1.8018,2.8106,3.7806,4.7894,5.837,6.807,8.5918,10.26,11.89,11.851
0.4826,1.0258,1.8406,2.8882,3.703,4.7506,5.6818,6.613,8.5918,10.338,11.851,11.851
0.4438,1.0646,1.8018,2.8494,3.8194,4.9834,5.9146,6.6906,8.6306,10.338,11.735,11.929
0.4438,0.987,1.763,2.8882,3.6642,4.673,5.6818,6.4966,8.553,10.377,11.735,11.773
0.5602,0.9482,1.8794,2.8882,3.7806,4.9834,5.9534,6.7294,8.5918,10.221,11.773,11.967
0.5214,1.0258,1.8406,2.8106,3.509,4.7118,5.7206,6.4966,8.4366,10.299,11.735,12.006
0.4826,0.9094,1.9182,2.8494,3.8582,4.9058,5.8758,6.7294,8.5142,10.221,11.851,11.967
0.5602,1.0258,1.763,2.8106,3.5866,4.673,5.7594,6.6518,8.6306,10.105,11.618,11.773
0.405,1.0646,2.0346,2.733,3.8582,4.7118,5.7982,6.6518,8.5142,10.338,11.89,11.735
0.599,0.987,1.8018,2.8494,3.703,4.7894,5.7206,6.5354,8.5142,10.377,11.929,11.773
0.4438,0.9094,1.9182,2.7718,3.8194,4.7894,5.7982,6.6906,8.5142,10.144,11.812,11.967
0.599,1.0258,1.8794,2.8882,3.7418,4.9834,5.643,6.7682,8.5142,10.26,11.735,11.89
0.5602,1.0258,2.0346,2.8106,3.6642,4.7894,5.7206,6.613,8.4754,10.144,11.735,12.006
0.5602,0.8706,1.763,2.8882,3.6254,4.9058,5.6042,6.613,8.553,10.299,11.812,11.89
0.5602,0.9094,1.957,2.8882,3.6642,4.673,5.837,6.4578,8.6306,10.26,11.929,11.812
0.5602,0.9094,1.8794,2.8494,3.5866,4.7506,5.7594,6.5354,8.5142,10.26,11.851,11.851
0.5214,0.987,1.9958,2.733,3.703,4.7894,5.6818,6.613,8.4754,10.26,11.735,12.045
0.599,1.0646,1.957,2.8882,3.6254,4.7894,5.7594,6.613,8.6306,10.338,11.579,11.812
0.599,0.8706,1.8018,2.6554,3.6642,4.7506,5.7594,6.5742,8.553,10.415,11.696,11.851
0.4826,1.0258,1.9182,2.927,3.6642,4.7118,5.837,6.807,8.6694,10.183,11.812,11.89
0.599,0.987,1.8018,2.6942,3.703,4.867,5.5654,6.6906,8.4754,10.377,11.851,11.967
0.599,0.9094,1.957,2.9658,3.7418,4.6342,5.837,6.807,8.6306,10.299,11.735,11.851
0.405,1.0258,1.957,2.6554,3.5478,4.9446,5.643,6.613,8.5142,10.338,11.851,12.045
0.4826,1.0258,1.8018,3.0046,3.8194,4.7506,5.8758,6.7294,8.6306,10.26,11.735,11.851
0.4826,1.0258,1.8018,2.8106,3.6642,4.8282,5.6818,6.4966,8.4754,10.338,11.812,11.929
0.599,1.0646,1.957,2.927,3.7418,4.7894,5.8758,6.7682,8.553,10.26,11.773,11.851
0.5602,1.0646,1.8406,2.6942,3.7418,4.7506,5.643,6.5742,8.5142,10.299,11.89,11.89
0.599,0.9094,1.9182,3.0046,3.703,4.8282,5.9534,6.807,8.6306,10.105,11.773,11.735
0.405,1.0258,1.9958,2.733,3.6642,4.5566,5.7206,6.4966,8.5142,10.338,11.812,11.851
0.4438,1.0646,1.8406,2.8494,3.8194,4.867,5.9146,6.7682,8.5142,10.338,11.89,11.929
0.4826,0.8706,1.8794,2.8106,3.5866,4.7506,5.6818,6.613,8.3202,10.299,11.851,12.045
0.599,0.987,1.9182,2.8494,3.8582,4.9058,5.9922,6.6518,8.5918,10.221,11.773,11.967
0.4438,0.987,1.8794,2.8494,3.5866,4.7894,5.7206,6.6518,8.4754,10.338,11.929,11.773
0.5602,0.8706,1.8018,2.8106,3.8582,4.7506,5.837,6.7294,8.3978,10.299,11.812,11.89
0.5602,1.0258,1.8406,2.8106,3.6642,4.7506,5.7594,6.6906,8.5142,10.221,11.851,11.929
0.5214,1.0258,1.957,2.927,3.8582,4.673,5.7594,6.5742,8.5142,10.26,11.735,11.812
0.5214,1.0646,1.957,2.8494,3.7418,4.6342,5.7206,6.6906,8.6306,10.26,11.812,11.929
0.599,0.8706,1.8794,2.733,3.703,4.673,5.7206,6.6518,8.4754,10.26,11.851,11.851
0.4826,0.987,1.957,2.8106,3.7418,4.9058,5.6818,6.7682,8.553,10.26,11.851,11.929
0.405,1.0258,1.8794,2.8106,3.7806,4.7894,5.7206,6.6518,8.4366,10.377,11.812,11.735
0.4826,1.0258,1.9182,2.927,3.703,4.9834,5.7594,6.7682,8.5918,10.221,11.735,11.89
0.599,0.987,1.957,2.8106,3.703,4.7506,5.837,6.4966,8.4754,10.415,11.929,11.812
0.4826,0.9094,1.8018,2.8494,3.8194,4.7506,5.6818,6.6906,8.6306,10.221,11.773,11.929
0.4826,1.0258,1.957,2.8494,3.7806,4.7506,5.7982,6.613,8.359,10.183,11.812,11.812
0.405,1.0258,1.957,2.8494,3.5478,4.8282,5.7594,6.9234,8.6694,10.26,11.89,11.773
0.5602,1.0646,1.957,2.7718,3.7418,4.7506,5.7594,6.4578,8.4366,10.377,11.929,11.851
0.5214,1.0258,1.8794,2.8106,3.7806,4.673,5.7594,6.807,8.6694,10.221,11.773,11.967
0.5214,1.0646,1.8406,2.8106,3.703,4.7894,5.7206,6.613,8.4754,10.415,11.735,12.006
0.4826,0.987,1.8794,3.0046,3.7806,4.7506,5.6818,6.807,8.6306,10.221,11.929,11.851
0.4438,1.0258,1.8794,2.8494,3.6642,4.9446,5.643,6.613,8.4754,10.183,11.89,11.773
0.599,1.0258,1.957,2.8882,3.6642,4.7118,5.8758,6.7294,8.5142,10.183,11.735,11.89
0.5602,1.0646,1.9182,2.6554,3.703,4.9446,5.5654,6.5742,8.4754,10.299,11.89,11.929
0.6378,0.9482,1.9958,2.8106,3.8194,4.6342,5.8758,6.6518,8.3978,10.26,11.773,11.967
0.5214,1.0646,1.8794,2.733,3.6642,4.8282,5.5654,6.613,8.553,10.338,11.89,11.967
0.4826,0.987,1.9958,2.927,3.7806,4.7506,5.8758,6.6518,8.5918,10.26,11.773,11.967
0.4826,0.987,1.957,2.6942,3.6254,4.7506,5.4878,6.7294,8.4754,10.221,11.929,11.967
0.5214,1.0258,1.957,2.927,3.8582,4.7506,5.8758,6.7682,8.6306,10.221,11.773,11.967
0.599,1.0646,1.9182,2.8106,3.6642,4.6342,5.643,6.6518,8.3978,10.299,11.812,11.812
0.5602,0.9482,1.957,2.8882,3.7418,4.867,5.7206,6.7682,8.5918,10.299,11.851,11.929
0.4438,1.0258,1.8018,2.6554,3.6642,4.673,5.7206,6.4966,8.553,10.066,11.967,11.851
0.599,1.0258,1.9182,2.8494,3.8582,4.9058,5.837,6.7682,8.4366,10.338,11.89,11.851
0.405,1.1422,1.8406,2.7718,3.7418,4.7506,5.7594,6.6906,8.4754,10.221,11.773,11.851
0.4826,0.8706,1.8794,2.8494,3.8194,4.8282,5.7594,6.7682,8.4366,10.338,11.735,11.967
0.4438,1.0258,1.957,2.733,3.6642,4.6342,5.643,6.6518,8.6306,10.027,11.618,11.851
0.5602,0.9094,1.8018,2.733,3.9358,4.867,5.8758,6.7294,8.3202,10.221,11.773,11.967
0.5602,1.0258,1.8406,2.6942,3.7418,4.7118,5.5266,6.7294,8.5142,10.221,11.929,11.967
0.5602,0.987,1.957,2.8106,3.7806,4.7506,5.643,6.7294,8.4754,10.26,11.812,11.735
0.4826,1.0258,2.0346,2.8106,3.703,4.9058,5.6042,6.6518,8.6306,10.183,11.929,11.967
0.5602,0.8706,1.8406,2.8106,3.8194,4.673,5.6818,6.613,8.4754,10.183,11.735,11.89
0.5602,0.987,1.957,2.927,3.7806,4.867,5.7982,6.807,8.6306,10.144,11.773,11.851
0.4826,0.9482,1.8406,2.8494,3.6642,4.6342,5.6042,6.5354,8.5142,10.338,11.735,11.967
0.5602,1.1034,1.9958,2.927,3.7806,4.8282,5.9146,6.8458,8.6306,10.144,11.735,11.735
0.599,0.9094,1.8018,2.8106,3.6254,4.7118,5.6818,6.6906,8.553,10.183,11.812,11.773
0.5602,1.1422,1.9182,2.9658,3.6642,4.867,5.9534,6.7682,8.7082,10.105,11.851,11.851
0.4826,1.0258,1.7242,2.7718,3.703,4.9446,5.6818,6.6906,8.4366,10.221,11.773,11.773
0.5602,1.1034,1.9958,2.8882,3.7418,4.7894,5.7982,6.7294,8.7082,10.338,11.773,11.851
0.5602,0.987,1.8018,2.8494,3.6642,4.9058,5.5266,6.613,8.4754,10.183,11.89,11.89
0.5602,1.0258,1.9958,2.9658,3.7806,4.7118,5.8758,6.6906,8.553,10.299,11.851,11.851
0.5602,0.9482,1.9182,2.8106,3.7806,4.9058,5.6818,6.6906,8.3978,10.221,11.812,11.929
0.4826,1.0646,1.9958,2.8882,3.5866,4.673,5.7206,6.807,8.7082,10.221,11.812,11.89
0.4826,0.9094,1.8794,2.8106,3.703,4.867,5.7206,6.5742,8.359,10.221,11.773,11.929
0.599,1.0258,1.8406,2.8106,3.897,4.8282,5.5266,6.9234,8.6694,10.377,11.929,11.89
0.599,1.0258,1.957,2.8494,3.6642,4.7506,5.7594,6.5354,8.4366,10.377,11.89,11.812
0.5602,1.0646,1.957,2.8882,3.897,4.867,5.6042,6.7682,8.5918,10.299,11.812,11.812
0.6378,0.9482,1.8794,2.8106,3.5866,4.7506,5.837,6.613,8.3978,10.221,11.851,11.735
0.599,0.9482,1.8406,2.9658,3.897,4.9834,5.643,6.8458,8.553,10.338,11.735,11.89
0.599,1.0258,1.9182,2.6554,3.6642,4.7506,5.8758,6.6518,8.3978,10.26,11.735,11.89
0.405,1.1034,1.9958,2.8882,3.9358,4.7894,5.5266,6.7682,8.6306,10.338,11.929,11.812
0.5214,1.0258,1.8794,2.8882,3.5866,4.7894,5.7206,6.5354,8.5142,10.338,11.657,11.851
0.405,0.9482,2.0346,2.8882,3.6642,4.7506,5.7206,6.8846,8.7082,10.299,11.851,11.89
0.5602,0.987,1.9182,2.8494,3.6254,4.8282,5.7594,6.4578,8.4366,10.26,11.773,11.89
0.4438,1.0646,1.8406,2.927,3.8582,4.8282,5.7206,6.7682,8.4754,10.338,11.579,11.812
0.5602,1.0258,1.9182,2.8494,3.6642,4.8282,5.7594,6.4966,8.3202,10.299,11.929,11.89
0.5214,0.9482,1.9182,2.8106,3.703,4.5954,5.6042,6.6906,8.4754,10.299,11.735,11.735
0.5602,1.0258,1.8794,2.8106,3.7418,4.867,5.7594,6.4578,8.3978,10.183,11.851,11.735
0.5214,1.1034,1.9182,2.6554,3.7418,4.5566,5.837,6.7294,8.6306,10.377,11.773,11.89
0.4438,0.9482,1.957,2.7718,3.5866,4.867,5.643,6.613,8.4366,10.183,11.735,11.812
0.5602,1.1034,1.8406,2.8106,3.7418,4.673,5.7982,6.7682,8.7082,10.26,11.89,11.967
0.5602,0.8706,1.957,2.8882,3.5866,4.7118,5.6042,6.4966,8.4754,10.26,11.89,11.773
0.5602,0.9482,1.957,2.8882,3.703,4.7506,5.7982,6.7682,8.6306,10.338,11.929,11.773
0.4438,0.8706,1.9182,2.7718,3.8194,4.8282,5.7206,6.5742,8.4754,10.183,11.929,11.967
0.5602,0.9482,1.957,2.6942,3.6642,4.7506,5.9146,6.8458,8.553,10.183,11.735,11.89
0.5602,1.0646,1.8794,2.6942,3.7418,4.7506,5.5266,6.5742,8.3202,10.415,11.812,11.851
0.5602,1.0646,1.8406,2.8882,3.6642,4.9058,5.7982,6.6906,8.4754,10.338,11.812,12.006
0.599,0.8706,1.957,2.8494,3.7806,4.673,5.643,6.613,8.5142,10.299,11.929,11.851
0.5602,1.1034,1.9182,2.8106,3.703,4.9834,5.7594,6.613,8.3978,10.415,11.812,11.773
0.5602,1.0258,1.957,2.8106,3.8194,4.7894,5.643,6.613,8.553,10.299,11.851,11.89
0.599,1.0646,1.8794,2.6554,3.6254,4.7894,5.8758,6.6518,8.4754,10.221,11.89,11.812
0.405,0.8318,1.957,2.8494,3.8582,4.7506,5.7206,6.7682,8.3978,10.221,11.851,11.967
0.5602,1.0646,1.957,2.8106,3.6642,4.7506,5.837,6.5742,8.4754,10.221,11.929,11.89
0.5214,0.987,1.9182,2.927,3.8582,4.8282,5.6042,6.807,8.553,10.415,11.851,11.89
0.5602,1.1034,1.8794,2.6942,3.5866,4.7506,5.7594,6.613,8.6306,10.338,11.735,11.773
0.4438,1.0258,1.9182,2.9658,3.897,4.867,5.643,6.7682,8.4366,10.454,11.89,11.929
0.599,1.0646,1.8794,2.7718,3.5478,4.6342,5.6042,6.613,8.747,10.183,11.696,11.812
0.5214,0.9094,1.9958,2.9658,3.7806,4.9834,5.6818,6.7682,8.5142,10.338,11.89,11.851
0.599,1.0258,1.9182,2.733,3.7418,4.7506,5.643,6.613,8.5918,10.26,11.812,11.851
0.5602,0.987,2.0734,2.7718,3.7418,4.9058,5.7206,6.6518,8.359,10.26,11.929,11.773
0.5602,1.1034,1.8794,2.7718,3.703,4.6342,5.6042,6.5354,8.5142,10.299,11.773,11.89
0.4826,1.0258,1.9958,2.7718,3.6642,4.6342,5.7594,6.8846,8.553,10.377,11.657,11.929
0.5602,0.9482,1.8794,2.8494,3.5866,4.8282,5.6818,6.4966,8.6306,10.26,11.812,11.735
0.6378,1.0258,1.8406,2.927,3.5866,4.7894,5.8758,6.7682,8.4754,10.377,11.812,11.89
0.599,1.0646,1.8018,2.8494,3.8194,4.9834,5.643,6.4966,8.6306,10.338,11.812,11.812
0.5602,0.9482,1.957,2.8494,3.6642,4.6342,5.837,6.7682,8.5142,10.299,11.929,11.89
0.5602,0.9482,1.957,2.6554,3.7418,4.9446,5.6042,6.4966,8.6306,10.338,11.812,11.967
0.5602,0.987,1.8794,2.8106,3.703,4.7118,5.7594,6.7294,8.4754,10.221,11.735,11.929
0.5602,0.9482,1.8018,2.8494,3.7806,4.8282,5.5654,6.613,8.5142,10.377,11.812,11.967
0.6378,0.987,1.957,2.733,3.7806,4.7506,5.9534,6.807,8.3978,10.221,11.773,11.89
0.4438,0.8318,1.9182,2.7718,3.703,4.8282,5.6818,6.5742,8.4754,10.299,11.851,11.851
0.5214,1.0258,1.9182,2.8494,3.703,4.7506,5.837,6.7294,8.3978,10.299,11.89,11.773
0.5602,1.0646,2.0734,2.8494,3.6642,4.7118,5.7594,6.6906,8.6306,10.415,11.812,11.929
0.599,0.9094,1.8018,2.8494,3.6254,4.9446,5.6818,6.7682,8.553,10.221,11.735,11.773
0.5602,0.987,1.9958,2.8494,3.8194,4.7118,5.643,6.613,8.553,10.299,11.735,11.929
0.5602,0.987,1.763,2.8882,3.5866,4.9058,5.7594,6.6906,8.5918,10.377,11.735,11.89
0.5602,0.987,1.957,2.733,3.7806,4.5954,5.5654,6.6906,8.553,10.26,11.812,11.851
0.599,1.0258,1.8794,2.8106,3.5478,4.8282,5.7982,6.6518,8.5142,10.183,11.735,11.967
0.599,1.0258,1.9182,2.8882,3.8194,4.6342,5.7594,6.6906,8.3978,10.144,11.773,11.773
0.4826,1.0258,1.9182,2.8106,3.5478,4.8282,5.7594,6.613,8.4754,10.105,11.89,11.735
0.599,1.0258,1.8406,2.8882,3.8582,4.8282,5.6042,6.5742,8.553,10.221,11.812,11.929
0.405,1.0258,1.8406,2.7718,3.703,4.7894,5.643,6.6906,8.4754,10.26,11.735,11.851
0.4826,1.0258,1.8406,2.733,3.7806,4.8282,5.7206,6.7682,8.553,10.299,11.89,11.929
0.5214,1.0258,1.957,2.7718,3.703,4.673,5.6042,6.613,8.4754,10.26,11.735,11.89
0.5602,0.9482,1.8406,2.733,3.703,4.9058,5.7982,6.6518,8.553,10.221,11.851,11.967
0.4826,0.9482,1.8794,2.8494,3.6642,4.7506,5.7206,6.6906,8.4754,10.183,11.89,11.735
0.5602,0.9482,1.8794,2.733,3.7806,4.867,5.837,6.7682,8.4754,10.183,11.812,11.89
0.5602,1.0258,1.957,2.7718,3.7418,4.7894,5.7206,6.6518,8.359,10.221,11.773,11.89
0.4826,0.987,1.9182,2.6942,3.703,4.8282,5.7594,6.8458,8.6306,10.26,11.851,11.851
0.599,0.987,1.9182,2.8106,3.7806,4.8282,5.7594,6.613,8.3978,10.144,11.89,11.967
0.599,1.0646,1.957,2.7718,3.6642,4.5954,5.7982,6.9234,8.5918,10.299,11.851,11.735
0.5602,1.0258,1.8794,2.7718,3.7418,4.8282,5.6818,6.6906,8.553,10.338,11.851,11.773
0.5602,0.8706,1.9182,2.7718,3.7418,4.5566,5.8758,6.7682,8.553,10.26,11.812,11.851
0.599,1.0646,1.9958,2.8106,3.7418,4.9058,5.643,6.613,8.5142,10.415,11.851,11.967
0.405,0.9482,1.957,2.7718,3.703,4.8282,5.837,6.8458,8.359,10.221,11.696,11.735
0.5214,1.0646,1.9182,2.7718,3.8194,4.7506,5.5266,6.4966,8.4754,10.299,11.812,11.851
0.5214,0.9482,1.957,2.8882,3.6642,4.8282,5.7594,6.8458,8.553,10.221,11.851,11.851
0.4438,0.9482,1.8794,2.8106,3.703,4.7506,5.5654,6.613,8.4754,10.493,11.812,11.89
0.599,0.8706,1.8018,2.8494,3.7418,4.7506,5.8758,6.807,8.6694,10.221,11.812,11.89
0.5602,1.0646,1.7242,2.8494,3.703,4.7506,5.643,6.6518,8.553,10.415,11.812,11.89
0.599,0.987,1.957,2.8882,3.703,4.7894,5.7982,6.7682,8.5142,10.299,11.773,11.929
0.6378,1.1034,1.8018,2.8494,3.703,4.5954,5.5654,6.613,8.3978,10.26,11.967,11.89
0.5602,1.0258,1.9958,2.927,3.6642,5.0222,5.7982,6.8846,8.6306,10.338,11.735,11.773
0.5602,1.0258,1.8794,2.6942,3.8582,4.5954,5.643,6.419,8.553,10.377,11.773,11.89
0.599,1.0258,1.9958,2.9658,3.6642,4.9446,5.837,6.8458,8.5918,10.183,11.773,11.851
0.5602,1.0258,1.8406,2.8106,3.897,4.7506,5.643,6.4578,8.553,10.183,11.735,11.929
0.5602,0.987,1.9958,2.9658,3.6254,4.7894,5.9146,6.7682,8.5918,10.183,11.851,11.735
0.599,1.0258,1.9182,2.8494,3.897,4.673,5.5654,6.613,8.4754,10.377,11.735,11.89
0.599,1.0258,2.0346,2.9658,3.6642,4.6342,5.9146,6.7294,8.7082,10.338,11.812,11.89
0.5602,1.0258,1.957,2.6554,3.7418,4.7506,5.5266,6.613,8.5142,10.338,11.773,11.929
0.5602,0.9482,2.0734,2.8882,3.6642,4.7894,5.837,6.7682,8.553,10.415,11.89,11.967
0.599,1.0646,1.8406,2.6554,3.703,4.9058,5.643,6.613,8.5142,10.221,11.967,11.735
0.5602,1.0258,1.957,2.9658,3.7418,4.7118,5.7206,6.7682,8.5142,10.338,11.89,11.812
0.599,1.0646,1.9182,2.6942,3.7418,4.9446,5.6818,6.613,8.3202,10.377,11.89,11.735
0.4826,0.9482,1.8406,2.927,3.6642,4.5954,5.8758,6.6906,8.553,10.338,11.618,11.929
0.4438,1.0258,1.8018,2.8106,3.7806,4.8282,5.6042,6.5742,8.4754,10.338,11.851,11.89
0.599,0.987,1.9182,2.8882,3.7418,4.7118,5.6818,6.807,8.5918,10.377,11.773,11.89
0.4438,1.1034,1.8794,2.8106,3.6642,4.8282,5.7206,6.5354,8.4366,10.26,11.967,11.89
0.4826,0.8706,1.9958,2.927,3.703,4.8282,5.6042,6.7682,8.4366,10.26,11.967,11.89
0.599,0.9482,1.957,2.7718,3.703,4.7506,5.643,6.6518,8.4754,10.066,11.773,11.89
0.5602,0.8706,1.8794,2.8494,3.8194,4.9446,5.6818,6.6906,8.6306,10.26,11.929,11.967
0.5602,1.1034,1.957,2.8882,3.7418,4.7506,5.643,6.613,8.359,10.338,11.812,11.851
0.599,0.8706,1.8406,2.8494,3.6642,4.9058,5.6818,6.6518,8.553,10.415,11.735,11.851
0.599,1.1034,1.8406,2.7718,3.5866,4.7506,5.7594,6.7682,8.4366,10.377,11.812,11.929
0.4826,1.0258,1.8018,2.8106,3.7806,4.9446,5.6042,6.613,8.553,10.338,11.773,11.929
0.5602,1.0258,1.957,2.927,3.5866,4.6342,5.837,6.613,8.3202,10.377,11.89,11.735
0.5602,1.0646,1.957,2.8882,3.897,4.8282,5.7594,6.7294,8.4754,10.221,11.696,11.967
0.5602,0.9482,1.9958,2.8882,3.703,4.7506,5.8758,6.6906,8.553,10.299,11.735,11.89
0.6378,0.8706,1.9182,2.8494,3.8582,4.7506,5.6818,6.6906,8.553,10.415,11.773,11.929
0.4826,1.1034,1.8406,2.8106,3.703,4.7118,5.7982,6.7682,8.5142,10.183,11.929,11.773
0.6378,0.8706,1.8018,2.733,3.8194,4.8282,5.643,6.7294,8.3978,10.26,11.773,11.812
0.5602,1.1422,1.8406,2.7718,3.6642,4.867,5.7206,6.6518,8.3202,10.338,11.89,11.812
0.5602,0.8706,1.957,2.6942,3.9358,4.7894,5.5654,6.6906,8.5142,10.299,11.618,11.89
0.5602,1.0646,1.8018,2.927,3.6642,5.0222,5.7982,6.7294,8.3978,10.493,11.851,11.89
0.5602,0.9482,1.9182,2.8106,3.897,4.7506,5.643,6.6518,8.3202,10.338,11.773,11.812
0.599,1.0646,1.9958,2.8106,3.6642,4.9058,5.7982,6.8846,8.5918,10.338,11.89,11.929
0.5602,0.987,1.9182,2.8882,3.7418,4.673,5.5654,6.4578,8.4754,10.221,11.812,11.89
0.5602,0.9094,1.957,2.8882,3.703,4.867,5.7982,6.8846,8.5918,10.26,11.735,11.735
0.5602,1.0258,1.8406,2.8882,3.7806,4.867,5.5266,6.5742,8.4754,10.221,11.89,11.89
0.5602,0.9482,2.0346,2.8494,3.6642,4.7506,5.6042,6.807,8.5918,10.377,11.89,11.89
0.599,0.9094,1.8018,2.733,3.897,4.8282,5.6818,6.5354,8.4754,10.338,11.735,11.851
0.4826,0.987,1.957,2.9658,3.703,4.673,5.7206,6.6906,8.6306,10.338,11.89,11.929
0.5214,1.0258,1.8794,2.7718,3.8582,4.867,5.643,6.613,8.359,10.183,11.812,11.89
0.599,1.0646,1.9958,2.8882,3.7418,4.6342,5.6042,6.8458,8.6306,10.454,11.735,11.929
0.405,0.987,1.9182,2.6942,3.6642,4.9834,5.7594,6.613,8.4754,10.221,11.89,12.045
0.4826,1.0258,1.8406,3.0046,3.703,4.7506,5.6042,6.807,8.7082,10.415,11.812,11.89
0.5602,0.8706,1.957,2.8106,3.7806,4.7118,5.837,6.5742,8.553,10.299,11.967,11.773
0.5214,1.0646,1.8794,2.8106,3.7418,4.7894,5.5654,6.807,8.7082,10.26,11.929,11.851
0.5602,0.9094,1.9958,2.8106,3.7806,4.8282,5.837,6.6518,8.553,10.221,11.812,11.812
0.5214,1.0646,1.9182,2.8106,3.7806,4.7118,5.5654,6.7682,8.6306,10.144,11.89,11.812
0.5214,1.0258,1.957,2.6554,3.5866,4.8282,5.7982,6.6906,8.5142,10.26,11.812,11.851
0.599,1.0646,1.8406,2.927,3.7806,4.8282,5.6042,6.6518,8.5918,10.299,11.929,11.812
0.599,0.9482,1.8406,2.6942,3.6254,4.5954,5.8758,6.613,8.4754,10.299,11.89,11.967
0.599,1.0258,1.9182,2.8106,3.8194,4.9058,5.5266,6.7682,8.6306,10.221,11.812,11.967
0.5602,0.9482,1.9958,2.7718,3.7418,4.6342,5.9534,6.6518,8.4754,10.26,11.696,11.735
0.5602,1.0646,1.8794,2.7718,3.8194,4.9446,5.6042,6.6906,8.4754,10.183,11.89,11.773
0.4826,0.9094,2.0346,2.8882,3.703,4.7118,5.9534,6.6518,8.4754,10.415,11.929,11.812
0.6378,1.1034,1.9182,2.8106,3.8582,4.9834,5.4878,6.613,8.553,10.26,11.89,11.929
0.5602,0.9094,1.957,2.8882,3.5478,4.673,5.7594,6.5354,8.5918,10.338,11.735,11.735
0.5602,0.987,1.8406,2.6942,3.8194,4.7118,5.6818,6.7682,8.5142,10.183,11.812,11.967
0.4826,0.987,1.957,2.8882,3.703,4.8282,5.7982,6.6906,8.4366,10.299,11.812,11.735
0.5602,0.987,1.763,2.8494,3.703,4.8282,5.7206,6.6518,8.4754,10.299,11.967,11.89
0.5602,1.0258,1.9958,2.8494,3.5478,4.7894,5.6818,6.7294,8.4366,10.415,11.773,11.812
0.5602,1.0258,1.9182,2.8494,3.8582,4.6342,5.7206,6.6906,8.4366,10.299,11.929,11.929
0.5602,0.987,1.957,2.7718,3.703,4.8282,5.7982,6.7294,8.6306,10.299,11.89,11.967
0.599,1.0258,1.8406,2.8494,3.8194,4.7118,5.7982,6.613,8.3202,10.338,11.89,11.967
0.5602,0.8706,1.957,2.8494,3.6642,4.8282,5.6818,6.4966,8.4366,10.299,11.967,11.89
0.5602,1.0646,1.9182,2.6554,3.897,4.5954,5.8758,6.6518,8.359,10.144,11.89,11.967
0.4438,1.0258,1.8018,2.9658,3.5866,4.9058,5.7206,6.6518,8.5142,10.299,11.812,11.89
0.4826,0.987,1.8794,2.733,3.8194,4.7894,5.9146,6.6518,8.4366,10.066,11.851,11.773
0.5602,1.0646,1.8406,2.9658,3.703,4.7894,5.6042,6.7682,8.5918,10.221,11.657,11.89
0.5602,0.987,1.8018,2.8106,3.7806,4.9058,5.9146,6.7294,8.359,10.144,11.851,11.773
0.405,0.8318,1.8406,2.927,3.703,4.7118,5.6818,6.7294,8.6306,10.26,11.773,11.851
0.4826,1.0646,1.8794,2.8106,3.7418,4.8282,5.9534,6.6906,8.3978,10.338,11.773,11.929
0.5602,0.9094,1.8794,-3.1646,3.6642,4.6342,5.5266,6.6906,8.6306,10.221,11.929,11.89
0.599,1.0258,1.9182,-3.1646,3.6642,4.7894,5.837,6.6906,8.3978,10.377,11.89,11.812
0.5602,1.0258,1.9182,-3.1646,3.5866,4.673,5.643,6.6518,8.4754,10.221,11.89,11.929
0.5602,0.987,1.957,-3.1646,3.7806,4.7894,5.643,6.613,8.4754,10.299,11.851,11.89
-3.1646,0.987,1.9182,-3.1646,3.7806,4.7894,-3.1646,6.8458,8.6694,10.26,11.851,11.812
-3.1646,0.987,1.957,-3.1646,3.703,4.673,-3.1646,6.6906,-3.1646,10.183,11.812,11.967
-3.1646,-3.1646,1.8406,-3.1646,-3.1646,4.7894,-3.1646,-3.1646,-3.1646,-3.1646,11.89,11.89
-3.1646,-3.1646,-3.1646,-3.1646,-3.1646,4.673,-3.1646,-3.1646,-3.1646,-3.1646,-3.1646,11.735
-3.1646,-3.1646,-3.1646,-3.1646,-3.1646,4.9834,-3.1646,-3.1646,-3.1646,-3.1646,-3.1646,-3.1646
