0.01292
0.029407
0.031738
0.023987
0.052902
0.057593
0.058589
0.053767
0.082713
0.094399
0.093449
0.081692
0.10416
0.1345
0.12319
0.11177
0.1333
0.14354
0.16299
0.1352
0.15145
0.17035
0.17035
0.15397
0.16601
0.18358
0.1857
0.1684
0.18218
0.19812
0.20241
0.17203
0.20014
0.20304
0.21471
0.18764
0.1919
0.22573
0.22211
0.19397
0.21378
0.23785
0.24466
0.21465
0.22909
0.2485
0.26134
0.24222
0.24486
0.26196
0.27297
0.26845
0.24774
0.27724
0.29182
0.27203
0.2807
0.29225
0.30539
0.3047
0.29978
0.32183
0.32769
0.32495
0.32061
0.34962
0.35754
0.35436
0.34154
0.36487
0.3967
0.37914
0.37076
0.39373
0.4019
0.41709
0.39048
0.40983
0.4313
0.42998
0.41164
0.43049
0.44649
0.44296
0.43198
0.44464
0.4607
0.46522
0.4352
0.46569
0.46998
0.48132
0.45624
0.46766
0.50251
0.49935
0.47446
0.50135
0.52972
0.53602
0.511
0.53342
0.55347
0.57332
0.55463
0.56638
0.58706
0.60304
0.60097
0.59031
0.62462
0.64419
0.62798
0.64329
0.65825
0.67374
0.67285
0.6734
0.69438
0.70425
0.69787
0.69708
0.73096
0.73633
0.73513
0.72806
0.7508
0.78444
0.76666
0.75986
0.78399
0.79363
0.80323
0.78097
0.80223
0.82218
0.8224
0.80489
0.82633
0.84297
0.83619
0.82849
0.84091
0.85879
0.86026
0.83119
0.86418
0.86642
0.87405
0.85198
0.86576
0.89692
0.89205
0.86616
0.8933
0.92106
0.9193
0.89469
0.9191
0.93382
0.95228
0.92814
0.94187
0.95934
0.9725
0.96496
0.95742
0.98708
1.0039
0.98552
1.0002
1.0131
1.0271
1.021
1.0275
1.0448
1.057
1.048
1.05
1.0856
1.0882
1.0846
1.0824
1.1046
1.136
1.115
1.1118
1.136
1.1468
1.1522
1.1341
1.1554
1.1762
1.1758
1.1574
1.1846
1.2
1.1875
1.1858
1.1968
1.2141
1.2149
1.1892
1.2216
1.2252
1.2293
1.2093
1.2279
1.2568
1.2503
1.2262
1.2561
1.285
1.2766
1.2571
1.2848
1.2969
1.3155
1.2899
1.3077
1.3263
1.3387
1.3285
1.3259
1.3543
1.3708
1.3512
1.3671
1.3816
1.394
1.3846
1.4001
1.4102
1.4254
1.4159
1.4207
1.4548
1.4577
1.4515
1.4533
1.475
1.5051
1.4809
1.4814
1.5065
1.5199
1.5191
1.5073
1.5275
1.547
1.5483
1.5309
1.5601
1.5759
1.5585
1.562
1.5736
1.5905
1.5897
1.5691
1.6007
1.6061
1.6059
1.5889
1.6116
1.6362
1.6277
1.6067
1.6361
1.6657
1.6525
1.6368
1.6656
1.6772
1.6953
1.6685
1.6911
1.7119
1.721
1.709
1.7127
1.7381
1.7523
1.7362
1.7511
1.7655
1.7778
1.7643
1.7848
1.7919
1.8074
1.7951
1.8028
1.8374
1.8375
1.8285
1.8359
1.8542
1.8807
1.8566
1.8588
1.8815
1.8987
1.8898
1.8819
1.9015
1.917
1.9154
1.8993
1.9275
1.9419
1.9207
1.9262
1.9365
1.9519
1.9475
1.9283
1.9581
1.9637
1.9574
1.9414
1.9681
1.988
1.976
1.9576
1.9859
2.0126
1.9938
1.9812
2.0088
2.0164
2.0316
2.0044
2.0249
2.0446
2.0516
2.0337
2.0393
2.0621
2.0686
2.0517
2.0647
2.0752
2.083
2.0657
2.084
2.0855
2.0981
2.0821
2.0891
2.1182
2.1167
2.1037
2.1113
2.1307
2.1536
2.1274
2.1327
2.1537
2.1708
2.1585
2.1531
2.1708
2.184
2.181
2.1646
2.1922
2.2066
2.1831
2.1901
2.2007
2.216
2.2107
2.1962
2.2231
2.23
2.2218
2.2061
2.2359
2.2536
2.2407
2.2252
2.2548
2.2816
2.2624
2.254
2.2833
2.2934
2.309
2.2851
2.3091
2.3316
2.3415
2.3262
2.3372
2.3638
2.3736
2.3625
2.3796
2.3964
2.4085
2.396
2.4232
2.4272
2.4458
2.4349
2.4455
2.4799
2.4831
2.471
2.4834
2.5056
2.5277
2.5031
2.5099
2.5319
2.5523
2.5355
2.5342
2.553
2.5665
2.5643
2.5512
2.5796
2.5953
2.5716
2.5809
2.5924
2.6082
2.6007
2.5894
2.6176
2.6252
2.6161
2.6031
2.6343
2.6497
2.6374
2.6237
2.6528
2.6809
2.6598
2.652
2.6832
2.6924
2.7043
2.6802
2.7043
2.7246
2.7307
2.7159
2.7269
2.7501
2.7573
2.747
2.7601
2.7771
2.7869
2.7705
2.7986
2.8001
2.8137
2.8019
2.8134
2.8418
2.8439
2.8319
2.8435
2.8647
2.8861
2.8606
2.8694
2.8896
2.9107
2.8924
2.8937
2.9116
2.9234
2.9203
2.9088
2.9369
2.9534
2.9285
2.9393
2.9517
2.9665
2.9587
2.9508
2.9765
2.9862
2.9765
2.9639
2.997
3.0109
2.9969
2.9868
3.0173
3.0434
3.0215
3.0179
3.0348
3.0261
3.0369
3.0231
3.0158
3.0327
3.0402
3.0261
3.0115
3.025
3.0293
3.0325
3.0255
3.0102
3.0313
3.029
3.0345
3.025
3.0217
3.037
3.0324
3.0442
3.0461
3.0472
3.0512
3.056
3.0722
3.0659
3.0624
3.0668
3.0861
3.0959
3.072
3.0877
3.0881
3.1113
3.0974
3.0917
3.1113
3.1143
3.1062
3.0947
3.1037
3.1239
3.1051
3.1113
3.1095
3.1164
3.1028
3.1215
3.1222
3.1125
3.1241
3.1236
3.1351
3.1327
3.122
3.1407
3.1367
3.1487
3.1326
3.1334
3.1493
3.159
3.1464
3.1346
3.1511
3.1567
3.1637
3.1537
3.1391
3.1674
3.1597
3.1659
3.1595
3.1579
3.1727
3.1675
3.174
3.1769
3.181
3.1787
3.1847
3.2043
3.192
3.1906
3.1933
3.2136
3.2194
3.1948
3.2095
3.2091
3.2288
3.2092
3.2017
3.2201
3.2185
3.2042
3.1878
3.1952
3.2075
3.1834
3.1866
3.1779
3.182
3.1589
3.1721
3.1657
3.1517
3.1535
3.1468
3.153
3.144
3.1257
3.1413
3.1334
3.1417
3.1209
3.1225
3.1318
3.1427
3.124
3.1061
3.1218
3.1232
3.1239
3.1112
3.0935
3.1186
3.1063
3.1109
3.1004
3.0996
3.1093
3.1012
3.104
3.1019
3.1033
3.0944
3.0965
3.1169
3.0986
3.0943
3.093
3.1127
3.1118
3.0848
3.0983
3.0991
3.1152
3.0925
3.0866
3.1059
3.103
3.0874
3.0713
3.086
3.0963
3.071
3.0787
3.0712
3.0789
3.0539
3.0725
3.0665
3.0566
3.0584
3.0578
3.064
3.0582
3.0428
3.0602
3.0545
3.0684
3.0425
3.0477
3.0558
3.0705
3.0485
3.0313
3.052
3.0551
3.0527
3.0442
3.0309
3.0619
3.0519
3.0592
3.0489
3.0601
3.069
3.0626
3.0714
3.0761
3.0796
3.074
3.0838
3.111
3.0936
3.0975
3.1006
3.1279
3.1302
3.1066
3.1215
3.1278
3.1416
3.1162
3.1151
3.1362
3.1325
3.1165
3.0989
3.1218
3.1273
3.1005
3.1103
3.1047
3.114
3.0855
3.1046
3.1009
3.0935
3.0895
3.0902
3.0974
3.0918
3.076
3.0922
3.0876
3.1046
3.0697
3.083
3.0886
3.1038
3.0791
3.0646
3.0848
3.0902
3.0846
3.0756
3.0635
3.097
3.0809
3.0861
3.0731
3.0862
3.0887
3.0835
3.0894
3.0896
3.093
3.0797
3.0863
3.118
3.0909
3.0915
3.0931
3.1192
3.1128
3.0897
3.1019
3.1115
3.1227
3.0925
3.0944
3.1188
3.112
3.0963
3.0798
3.1059
3.1084
3.0815
3.0913
3.0867
3.0983
3.0649
3.0819
3.0817
3.0766
3.0679
3.0715
3.0818
3.0726
3.0577
3.0742
3.0698
3.0922
3.0526
3.0692
3.0753
3.0932
3.0661
3.0514
3.0734
3.0824
3.072
3.0663
3.0566
3.0908
3.0726
3.0796
3.0645
3.0861
3.0827
3.0791
3.0905
3.0932
3.0953
3.0847
3.093
3.1287
3.1018
3.1041
3.1071
3.137
3.1309
3.1088
3.1213
3.137
3.1482
3.1154
3.1212
3.1499
3.1416
3.1261
3.1132
3.1464
3.1455
3.1196
3.1343
3.1314
3.1444
3.1137
3.1314
3.1337
3.1343
3.1229
3.1307
3.1485
3.1411
3.129
3.1497
3.1506
3.1785
3.1415
3.1639
3.1733
3.1962
3.1709
3.1606
3.1855
3.1998
3.1877
3.1816
3.1755
3.2113
3.1913
3.1994
3.1833
3.2099
3.2035
3.1995
3.2152
3.2196
3.2203
3.2107
3.2192
3.2573
3.2285
3.2301
3.2338
3.2648
3.2543
3.2329
3.2447
3.2635
3.2735
3.2355
3.2455
3.2735
3.2622
3.2466
3.232
3.2653
3.2623
3.2307
3.2444
3.2399
3.2501
3.2147
3.2281
3.2278
3.2267
3.2072
3.2085
3.2229
3.2099
3.1901
3.2024
3.1976
3.2206
3.1712
3.1902
3.1923
3.2084
3.1793
3.1603
3.1804
3.1936
3.1733
3.1639
3.1568
3.1893
3.1655
3.1707
3.1503
3.1805
3.1688
3.1612
3.1753
3.1768
3.1747
3.1585
3.1621
3.2028
3.1668
3.163
3.1661
3.1942
3.1804
3.1532
3.1608
3.178
3.1844
3.139
3.147
3.1725
3.157
3.1351
3.1173
3.1508
3.1469
3.1084
3.1245
3.1198
3.1322
3.0947
3.1073
3.1128
3.1124
3.09
3.0943
3.1114
3.0989
3.0795
3.0921
3.0899
3.1195
3.068
3.0884
3.0958
3.1146
3.0862
3.0695
3.0909
3.1068
3.0858
3.0775
3.0689
3.1051
3.0802
3.0846
3.0654
3.0994
3.0845
3.0778
3.0993
3.1035
3.1022
3.0901
3.0954
3.1429
3.11
3.107
3.1146
3.1462
3.1388
3.1138
3.1258
3.1508
3.1625
3.1187
3.1358
3.1674
3.1558
3.1372
3.1246
3.1638
3.1623
3.12
3.1417
3.1357
3.1487
3.113
3.1228
3.1313
3.1374
3.109
3.1128
3.1353
3.1255
3.1019
3.1147
3.1141
3.1449
3.0917
3.1137
3.1188
3.1385
3.1119
3.0892
3.1121
3.1366
3.1067
3.0992
3.0949
3.1297
3.1054
3.1073
3.0869
3.1247
3.1085
3.0971
3.1178
3.1236
3.1214
3.1015
3.1057
3.1546
3.1173
3.1813
3.2336
3.2868
3.3321
3.3496
3.3904
3.467
3.5217
3.5089
3.5712
3.6498
3.671
3.6966
3.7322
3.8065
3.8306
3.95
4.0523
4.1375
4.2334
4.3253
4.4186
4.5143
4.6045
4.6975
4.804
4.8821
4.9658
5.079
5.1901
5.2371
5.3613
5.4497
5.5508
5.605
5.7323
5.8398
5.8855
6.0759
6.3014
6.4284
6.5403
6.7154
6.9066
7.0227
7.1948
7.3316
7.4683
7.6322
7.8024
7.9096
8.0693
8.2633
8.3613
8.4822
8.694
8.8222
9.0479
9.3191
9.6163
9.8473
10.084
10.283
10.527
10.779
10.913
11.132
11.393
11.575
11.77
11.967
12.159
12.411
12.647
12.94
13.235
13.597
13.9
14.169
14.467
14.775
15.038
15.301
15.599
15.898
16.128
16.395
16.672
16.959
17.181
17.431
17.679
17.938
18.168
18.366
18.626
18.979
19.34
19.631
19.914
20.243
20.537
20.796
21.071
21.377
21.647
21.9
22.143
22.425
22.678
22.91
23.155
23.452
23.664
23.931
24.305
24.705
25.047
25.371
25.766
26.155
26.499
26.821
27.086
27.464
27.864
28.138
28.418
28.758
29.054
29.304
29.584
29.863
30.17
30.473
30.857
31.241
31.629
31.991
32.335
32.691
33.049
33.374
33.668
33.985
34.302
34.595
34.924
35.233
35.585
35.891
36.164
36.493
36.848
37.17
37.534
37.888
38.257
38.592
38.914
39.222
39.565
39.871
40.169
40.474
40.78
41.085
41.36
41.638
41.946
42.217
42.494
42.751
43.043
43.353
43.624
43.898
44.225
44.525
44.753
45.05
45.344
45.604
45.873
46.145
46.454
46.713
46.942
47.195
47.448
47.737
47.981
48.221
48.474
48.764
49
49.22
49.465
49.73
49.954
50.154
50.381
50.631
50.827
51.067
51.293
51.557
51.785
52.006
52.236
52.479
52.682
52.873
53.083
53.346
53.564
53.775
53.998
54.246
54.468
54.714
54.955
55.19
55.428
55.629
55.835
56.079
56.278
56.473
56.669
56.878
57.09
57.278
57.492
57.727
57.957
58.15
58.364
58.592
58.789
58.966
59.141
59.351
59.533
59.691
59.888
60.079
60.308
60.495
60.719
60.933
61.166
61.373
61.561
61.765
61.972
62.154
62.338
62.523
62.728
62.9
63.103
63.274
63.48
63.663
63.831
64.004
64.187
64.36
64.521
64.684
64.89
65.055
65.229
65.393
65.597
65.783
65.948
66.126
66.329
66.527
66.681
66.853
67.051
67.196
67.344
67.503
67.695
67.879
68.064
68.256
68.468
68.675
68.829
68.989
69.186
69.364
69.501
69.623
69.805
69.97
70.109
70.287
70.466
70.68
70.849
70.998
71.159
71.35
71.499
71.613
71.756
71.922
72.077
72.23
72.411
72.613
72.766
72.949
73.106
73.294
73.451
73.566
73.711
73.875
74.013
74.16
74.307
74.508
74.686
74.854
75.007
75.188
75.344
75.504
75.641
75.788
75.955
76.1
76.24
76.432
76.599
76.776
76.955
77.128
77.295
77.448
77.584
77.726
77.873
77.984
78.134
78.308
78.495
78.651
78.807
79.006
79.168
79.297
79.457
79.596
79.762
79.901
80.035
80.187
80.372
80.536
80.694
80.879
81.05
81.202
81.349
81.487
81.628
81.741
81.885
82.022
82.188
82.341
82.485
82.671
82.861
83.017
83.18
83.334
83.498
83.626
83.757
83.886
84.065
84.23
84.393
84.563
84.741
84.914
85.059
85.221
85.399
85.537
85.677
85.807
85.971
86.134
86.268
86.427
86.602
86.754
86.87
87.012
87.179
87.322
87.435
87.571
87.743
87.903
88.046
88.212
88.372
88.547
88.659
88.795
88.937
89.074
89.216
89.347
89.492
89.666
89.827
89.992
90.171
90.344
90.46
90.619
90.747
90.882
91.011
91.13
91.278
91.44
91.592
91.753
91.91
92.093
92.23
92.367
92.488
92.625
92.765
92.896
93.036
93.184
93.358
93.516
93.689
93.879
94.014
94.158
94.288
94.41
94.574
94.696
94.825
94.984
95.168
95.31
95.468
95.632
95.782
95.904
96.016
96.151
96.3
96.412
96.55
96.687
96.871
97.013
97.167
97.307
97.456
97.598
97.715
97.834
97.986
98.11
98.247
98.388
98.548
98.694
98.857
98.987
99.138
99.291
99.417
99.543
99.693
99.843
99.974
100.1
100.3
100.4
100.5
100.62
100.74
100.87
100.98
101.04
101.14
101.26
101.34
101.42
101.57
101.69
101.81
101.91
102.05
102.07
102.09
102.11
102.18
102.2
102.23
102.26
102.35
102.42
102.46
102.54
102.62
102.65
102.64
102.72
102.76
102.79
102.84
102.94
103
103.06
103.15
103.1
103.04
103.04
103.02
102.97
102.94
102.95
102.92
102.9
102.95
102.95
102.91
102.94
102.94
102.9
102.91
102.92
102.87
102.88
102.81
102.68
102.57
102.52
102.42
102.37
102.3
102.2
102.14
102.04
101.92
101.88
101.79
101.72
101.73
101.65
101.53
101.37
101.22
101.01
100.81
100.67
100.51
100.38
100.25
100.13
100.01
99.862
99.748
99.615
99.471
99.315
99.191
99.078
98.967
98.866
98.772
98.721
98.636
98.446
98.229
98.091
97.935
97.749
97.578
97.439
97.28
97.13
96.995
96.891
96.801
96.665
96.557
96.439
96.3
96.154
96.078
95.947
95.704
95.469
95.301
95.127
94.864
94.619
94.425
94.201
94.041
93.798
93.54
93.378
93.22
93.045
92.907
92.799
92.666
92.519
92.397
92.221
91.927
91.663
91.421
91.171
90.93
90.707
90.511
90.331
90.154
89.959
89.794
89.59
89.38
89.198
89
88.834
88.684
88.513
88.344
88.143
87.878
87.643
87.425
87.188
86.972
86.774
86.593
86.426
86.269
86.125
85.992
85.851
85.706
85.57
85.427
85.255
85.093
84.946
84.801
84.625
84.474
84.355
84.208
84.06
83.936
83.779
83.631
83.508
83.35
83.194
83.064
82.95
82.841
82.734
82.614
82.476
82.355
82.246
82.115
81.976
81.866
81.775
81.688
81.569
81.496
81.445
81.346
81.252
81.171
81.051
80.92
80.802
80.701
80.6
80.513
80.447
80.404
80.35
80.258
80.161
80.068
79.957
79.824
79.73
79.642
79.52
79.407
79.338
79.293
79.223
79.142
79.099
79.04
78.934
78.851
78.795
78.715
78.624
78.545
78.499
78.442
78.35
78.261
78.203
78.136
78.053
78.001
77.96
77.924
77.872
77.825
77.787
77.712
77.624
77.529
77.464
77.358
77.27
77.213
77.154
77.096
77.06
77.028
76.992
76.952
76.893
76.831
76.767
76.684
76.618
76.566
76.544
76.52
76.492
76.49
76.471
76.408
76.372
76.33
76.25
76.195
76.137
76.088
76.044
75.989
75.956
75.957
75.934
75.9
75.917
75.901
75.826
75.781
75.737
75.663
75.583
75.541
75.52
75.505
75.483
75.449
75.441
75.398
75.38
75.363
75.34
75.317
75.264
75.239
75.208
75.154
75.125
75.118
75.099
75.042
75.05
75.052
75.035
75.01
74.978
74.955
74.934
74.899
74.847
74.833
74.788
74.726
74.739
74.743
74.748
74.748
74.743
74.767
74.748
74.685
74.636
74.609
74.572
74.525
74.501
74.506
74.506
74.495
74.507
74.53
74.522
74.492
74.456
74.396
74.339
74.298
74.262
74.25
74.263
74.298
74.336
74.343
74.321
74.291
74.25
74.187
74.139
74.112
74.089
74.066
74.066
74.08
74.089
74.088
74.083
74.09
74.053
73.989
73.946
73.912
73.885
73.861
73.861
73.901
73.931
73.922
73.915
73.918
73.868
73.819
73.783
73.744
73.715
73.678
73.674
73.689
73.685
73.669
73.664
73.658
73.602
73.558
73.526
73.49
73.48
73.469
73.465
73.475
73.474
73.473
73.47
73.428
73.388
73.361
73.329
73.316
73.329
73.346
73.374
73.364
73.355
73.363
73.327
73.281
73.249
73.199
73.16
73.133
73.133
73.161
73.174
73.175
73.205
73.213
73.184
73.14
73.105
73.053
73
72.947
72.942
72.966
72.97
72.965
72.983
72.994
72.954
72.924
72.919
72.884
72.839
72.8
72.798
72.805
72.789
72.786
72.821
72.835
72.795
72.769
72.764
72.737
72.674
72.623
72.619
72.618
72.6
72.587
72.614
72.587
72.552
72.562
72.555
72.53
72.503
72.49
72.509
72.508
72.478
72.493
72.513
72.479
72.475
72.469
72.461
72.45
72.444
72.439
72.463
72.471
72.467
72.483
72.461
72.428
72.426
72.401
72.382
72.386
72.386
72.395
72.414
72.407
72.389
72.375
72.351
72.342
72.32
72.297
72.285
72.258
72.237
72.239
72.233
72.22
72.217
72.212
72.189
72.175
72.171
72.151
72.119
72.116
72.108
72.092
72.074
72.058
72.045
72.045
72.043
72.05
72.059
72.05
72.047
72.048
72.025
71.994
71.969
71.97
71.976
71.965
71.968
71.969
71.964
71.942
71.913
71.911
71.893
71.871
71.86
71.856
71.843
71.829
71.839
71.851
71.863
71.852
71.866
71.895
71.878
71.847
71.849
71.835
71.8
71.788
71.793
71.805
71.796
71.779
71.794
71.797
71.769
71.749
71.751
71.721
71.681
71.704
71.711
71.718
71.728
71.753
71.793
71.787
71.746
71.745
71.748
71.706
71.705
71.715
71.703
71.7
71.689
71.703
71.719
71.694
71.698
71.744
71.738
71.71
71.742
71.74
71.737
71.73
71.726
71.761
71.764
71.722
71.725
71.723
71.669
71.665
71.687
71.692
71.7
71.697
71.735
71.756
71.726
71.708
71.73
71.749
71.726
71.746
71.773
71.758
71.742
71.752
71.771
71.757
71.729
71.727
71.754
71.733
71.718
71.764
71.788
71.796
71.805
71.825
71.856
71.844
71.806
71.8
71.805
71.753
71.741
71.777
71.801
71.825
71.85
71.9
71.939
71.936
71.925
71.934
71.922
71.892
71.909
71.933
71.93
71.939
71.958
71.985
71.985
71.943
71.939
71.963
71.932
71.927
71.962
71.963
71.967
71.986
72.009
72.027
72.012
71.995
72.006
71.972
71.92
71.92
71.934
71.931
71.948
71.976
72.013
72.039
72.011
71.994
72.007
71.972
71.951
71.972
71.958
71.951
71.958
71.955
71.975
71.968
71.957
71.994
71.998
71.958
71.955
71.953
71.942
71.926
71.917
71.919
71.94
71.914
71.89
71.91
71.875
71.852
71.888
71.908
71.909
71.913
71.917
71.93
71.9
71.846
71.845
71.853
71.812
71.821
71.84
71.852
71.878
71.885
71.9
71.925
71.908
71.856
71.844
71.811
71.752
71.742
71.772
71.786
71.803
71.826
71.88
71.878
71.825
71.807
71.806
71.776
71.754
71.764
71.775
71.778
71.779
71.797
71.835
71.835
71.807
71.831
71.836
71.778
71.755
71.776
71.762
71.747
71.756
71.791
71.8
71.76
71.745
71.745
71.71
71.695
71.714
71.726
71.73
71.728
71.735
71.76
71.755
71.716
71.731
71.76
71.72
71.719
71.753
71.749
71.745
71.761
71.785
71.804
71.777
71.74
71.733
71.705
71.658
71.664
71.694
71.701
71.696
71.718
71.754
71.732
71.679
71.668
71.679
71.63
71.617
71.643
71.644
71.642
71.646
71.662
71.695
71.666
71.643
71.666
71.635
71.582
71.586
71.61
71.607
71.607
71.626
71.662
71.682
71.624
71.61
71.616
71.58
71.554
71.579
71.602
71.587
71.588
71.604
71.627
71.616
71.564
71.571
71.57
71.522
71.514
71.528
71.541
71.533
71.547
71.584
71.609
71.554
71.516
71.518
71.469
71.438
71.457
71.476
71.487
71.49
71.519
71.552
71.532
71.492
71.502
71.507
71.458
71.454
71.474
71.472
71.462
71.481
71.507
71.526
71.508
71.477
71.49
71.45
71.396
71.418
71.432
71.424
71.438
71.458
71.478
71.47
71.439
71.43
71.457
71.42
71.406
71.45
71.46
71.447
71.467
71.491
71.505
71.482
71.466
71.444
71.423
71.404
71.379
71.427
71.442
71.435
71.477
71.506
71.499
71.461
71.448
71.446
71.408
71.4
71.432
71.472
71.491
71.507
71.54
71.555
71.547
71.521
71.531
71.534
71.494
71.508
71.54
71.559
71.582
71.609
71.653
71.67
71.64
71.62
71.621
71.588
71.556
71.58
71.611
71.622
71.638
71.671
71.71
71.708
71.688
71.702
71.725
71.686
71.675
71.712
71.722
71.697
71.717
71.748
71.764
71.74
71.75
71.757
71.741
71.703
71.697
71.737
71.746
71.736
71.77
71.816
71.811
71.771
71.788
71.796
71.767
71.767
71.797
71.828
71.825
71.836
71.863
71.89
71.869
71.836
71.861
71.854
71.798
71.809
71.847
71.84
71.852
71.881
71.911
71.921
71.877
71.845
71.863
71.82
71.78
71.818
71.849
71.841
71.861
71.896
71.925
71.908
71.877
71.886
71.897
71.855
71.841
71.864
71.866
71.85
71.865
71.9
71.927
71.9
71.865
71.866
71.827
71.779
71.774
71.806
71.81
71.803
71.827
71.858
71.847
71.8
71.785
71.809
71.778
71.758
71.777
71.797
71.777
71.774
71.805
71.827
71.803
71.776
71.785
71.771
71.713
71.698
71.722
71.727
71.727
71.739
71.784
71.806
71.746
71.728
71.735
71.705
71.681
71.694
71.72
71.713
71.713
71.726
71.764
71.76
71.699
71.715
71.733
71.671
71.66
71.689
71.695
71.674
71.688
71.723
71.742
71.704
71.678
71.684
71.655
71.627
71.643
71.673
71.673
71.676
71.702
71.729
71.716
71.661
71.672
71.695
71.652
71.656
71.682
71.685
71.687
71.701
71.715
71.729
71.703
71.665
71.663
71.628
71.582
71.589
71.62
71.615
71.634
71.672
71.701
71.697
71.638
71.612
71.623
71.581
71.56
71.586
71.596
71.604
71.622
71.654
71.701
71.687
71.667
71.693
71.677
71.604
71.587
71.613
71.599
71.581
71.619
71.669
71.68
71.648
71.629
71.641
71.614
71.582
71.611
71.624
71.602
71.588
71.604
71.626
71.614
71.573
71.606
71.64
71.584
71.587
71.625
71.614
71.592
71.59
71.607
71.614
71.579
71.544
71.543
71.513
71.484
71.518
71.554
71.565
71.568
71.592
71.613
71.579
71.525
71.499
71.525
71.488
71.471
71.531
71.55
71.545
71.573
71.612
71.619
71.602
71.579
71.583
71.55
71.484
71.503
71.534
71.526
71.545
71.593
71.629
71.636
71.608
71.59
71.597
71.568
71.539
71.572
71.583
71.573
71.596
71.625
71.641
71.639
71.621
71.654
71.669
71.601
71.617
71.653
71.64
71.645
71.674
71.713
71.734
71.719
71.706
71.724
71.695
71.664
71.709
71.733
71.723
71.751
71.778
71.81
71.802
71.773
71.793
71.82
71.76
71.762
71.819
71.815
71.822
71.857
71.886
71.907
71.907
71.903
71.931
71.873
71.824
71.855
71.866
71.846
71.854
71.883
71.915
71.925
71.894
71.902
71.945
71.915
71.917
71.962
71.958
71.964
71.981
71.998
72.002
71.979
71.955
71.965
71.978
71.941
71.976
72.026
72.03
72.052
72.078
72.11
72.112
72.077
72.056
72.078
72.05
72.022
72.065
72.078
72.092
72.127
72.159
72.196
72.194
72.154
72.136
72.136
72.077
72.055
72.084
72.074
72.078
72.11
72.148
72.168
72.155
72.147
72.187
72.174
72.123
72.15
72.147
72.116
72.116
72.13
72.161
72.17
72.149
72.163
72.198
72.144
72.114
72.174
72.151
72.137
72.15
72.168
72.185
72.157
72.107
72.123
72.129
72.067
72.095
72.129
72.111
72.113
72.126
72.149
72.158
72.126
72.115
72.164
72.131
72.072
72.114
72.118
72.085
72.086
72.108
72.131
72.121
72.071
72.061
72.084
72.02
72.012
72.078
72.063
72.055
72.062
72.073
72.069
72.026
71.977
72.016
72.027
71.971
72.013
72.037
72.022
72.024
72.043
72.068
72.064
72.024
72.018
72.027
71.961
71.931
71.984
71.987
71.977
72.009
72.06
72.078
72.06
72.021
72.029
72.034
71.97
71.991
72.007
71.977
71.986
72.005
72.022
72.032
72.028
72.039
72.081
72.056
72.008
72.041
72.025
71.993
71.989
72.004
72.018
72.016
71.993
72.004
72.023
72.023
72.039
72.064
72.078
72.058
72.059
72.085
72.075
72.039
72.011
72.024
72.016
71.981
72.01
72.015
72.009
72.004
72.012
72.032
72.03
72.024
72.018
72.033
72.002
71.985
72.008
71.994
71.981
71.966
71.981
71.997
71.973
71.95
71.969
71.977
71.941
71.96
71.977
71.961
71.965
71.972
71.99
71.981
71.937
71.918
71.932
71.89
71.844
71.903
71.905
71.889
71.915
71.966
71.979
71.973
71.969
71.996
71.984
71.932
71.92
71.94
71.917
71.894
71.905
71.947
71.955
71.959
71.968
71.997
71.99
71.95
71.98
71.975
71.942
71.926
71.918
71.918
71.905
71.878
71.875
71.914
71.915
71.908
71.967
71.967
71.952
71.95
71.957
71.945
71.939
71.91
71.919
71.947
71.903
71.909
71.957
71.959
71.966
71.993
72.022
72.04
72.023
71.998
72
71.982
71.941
71.968
71.97
71.891
71.864
71.856
71.827
71.778
71.723
71.696
71.689
71.636
71.582
71.541
71.498
71.444
71.383
71.356
71.33
71.302
71.257
71.235
71.2
71.07
70.96
70.888
70.817
70.709
70.653
70.599
70.525
70.449
70.364
70.293
70.222
70.129
70.063
69.998
69.914
69.816
69.746
69.683
69.583
69.451
69.325
69.217
69.092
68.974
68.843
68.738
68.616
68.479
68.374
68.259
68.112
67.989
67.89
67.755
67.635
67.525
67.383
67.253
67.11
66.942
66.783
66.635
66.481
66.338
66.195
66.048
65.945
65.797
65.623
65.494
65.358
65.192
65.013
64.868
64.746
64.626
64.455
64.315
64.215
64.044
63.879
63.719
63.567
63.391
63.187
63.024
62.906
62.774
62.623
62.516
62.392
62.237
62.071
61.898
61.724
61.544
61.362
61.211
61.092
60.945
60.798
60.671
60.524
60.353
60.181
60.007
59.823
59.61
59.41
59.247
59.091
58.922
58.809
58.727
58.589
58.451
58.323
58.18
57.995
57.786
57.6
57.43
57.263
57.095
56.969
56.835
56.682
56.554
56.42
56.286
56.11
55.917
55.748
55.592
55.392
55.193
55.073
54.912
54.742
54.596
54.46
54.308
54.134
53.965
53.811
53.66
53.495
53.354
53.21
53.013
52.84
52.674
52.509
52.328
52.151
52.01
51.873
51.726
51.551
51.429
51.282
51.103
50.937
50.763
50.566
50.359
50.183
50.015
49.844
49.677
49.55
49.446
49.297
49.151
49.015
48.85
48.655
48.449
48.262
48.093
47.924
47.764
47.643
47.497
47.333
47.186
47.05
46.899
46.711
46.529
46.368
46.197
45.996
45.818
45.687
45.513
45.346
45.2
45.066
44.897
44.699
44.526
44.383
44.216
44.033
43.906
43.766
43.593
43.431
43.264
43.091
42.913
42.713
42.56
42.425
42.257
42.095
41.985
41.832
41.662
41.512
41.366
41.195
40.984
40.796
40.617
40.435
40.247
40.165
40.063
39.901
39.766
39.63
39.477
39.293
39.087
38.913
38.755
38.597
38.425
38.309
38.166
38.006
37.866
37.722
37.551
37.36
37.193
37.04
36.878
36.677
36.507
36.379
36.199
36.024
35.868
35.695
35.518
35.327
35.142
34.975
34.805
34.641
34.518
34.378
34.204
34.044
33.886
33.697
33.504
33.321
33.15
32.99
32.837
32.675
32.538
32.388
32.247
32.087
31.925
31.757
31.568
31.375
31.205
31.033
30.845
30.697
30.586
30.437
30.307
30.176
30.033
29.87
29.683
29.499
29.339
29.173
28.996
28.877
28.744
28.564
28.418
28.277
28.112
27.948
27.785
27.64
27.498
27.345
27.179
27.054
26.91
26.752
26.596
26.455
26.275
26.099
25.923
25.763
25.599
25.429
25.292
25.185
25.042
24.887
24.747
24.618
24.438
24.253
24.093
23.941
23.8
23.641
23.512
23.385
23.204
23.055
22.916
22.753
22.581
22.409
22.268
22.135
21.959
21.794
21.688
21.537
21.364
21.232
21.088
20.914
20.737
20.551
20.402
20.242
20.067
19.945
19.815
19.654
19.502
19.369
19.198
19.016
18.835
18.669
18.526
18.371
18.213
18.088
17.953
17.795
17.654
17.506
17.34
17.174
16.988
16.825
16.66
16.475
16.329
16.201
16.063
15.931
15.8
15.66
15.502
15.321
15.152
15.006
14.842
14.67
14.557
14.416
14.246
14.106
13.942
13.787
13.619
13.442
13.292
13.168
13.012
12.869
12.759
12.61
12.479
12.332
12.18
12.006
11.823
11.643
11.461
11.29
11.112
10.968
10.863
10.701
10.573
10.434
10.3
10.14
9.9471
9.7761
9.6195
9.4696
9.2991
9.1862
9.0395
8.8924
8.75
8.6012
8.4524
8.282
8.1289
7.9813
7.8255
7.665
7.5034
7.3915
7.2106
7.0644
6.9123
6.7479
6.5644
6.3875
6.224
6.0626
5.8943
5.744
5.6342
5.5154
5.3647
5.2323
5.0959
4.9349
4.7535
4.5729
4.376
4.2212
4.0456
3.8881
3.7559
3.6227
3.4591
3.3346
3.1815
3.0377
2.8665
2.7049
2.5597
2.4216
2.2435
2.084
1.9703
1.8161
1.6591
1.533
1.4004
1.237
1.0567
0.88143
0.73369
0.58027
0.41169
0.27842
0.16759
-0.02144
-0.17229
-0.33687
-0.50475
-0.69038
-0.8916
-1.0486
-1.1857
-1.3294
-1.492
-1.5935
-1.7236
-1.8615
-1.9055
-2.0175
-2.1195
-2.2411
-2.3651
-2.4859
-2.5961
-2.739
-2.8673
-2.9348
-3.0406
-3.1434
-3.2528
-3.3206
-3.4551
-3.5725
-3.7194
-3.8021
-3.9238
-4.0358
-4.0872
-4.0888
-4.1611
-4.2375
-4.2652
-4.3396
-4.4204
-4.5203
-4.5882
-4.6525
-4.7137
-4.7921
-4.8281
-4.8787
-4.9745
-5.0405
-5.108
-5.1992
-5.3175
-5.4002
-5.4436
-5.4419
-5.496
-5.5182
-5.5218
-5.5073
-5.5478
-5.5512
-5.551
-5.5885
-5.6445
-5.6687
-5.7089
-5.7412
-5.7737
-5.7751
-5.7667
-5.7622
-5.7821
-5.7783
-5.7574
-5.7893
-5.8365
-5.8722
-5.8813
-5.9139
-5.932
-5.9608
-5.9651
-5.9491
-5.9589
-5.9665
-5.9504
-5.9335
-5.9629
-5.9799
-6.0001
-6.0104
-6.0148
-6.0221
-5.9964
-5.972
-5.9384
-5.9331
-5.9204
-5.8756
-5.8821
-5.918
-5.9339
-5.9626
-5.9832
-6.0114
-6.0161
-6.0217
-5.9944
-5.9816
-5.9931
-5.9902
-5.987
-5.9986
-6.0129
-6.005
-5.9913
-5.9713
-5.9434
-5.9159
-5.8865
-5.8469
-5.8159
-5.7961
-5.788
-5.7599
-5.7674
-5.7737
-5.7898
-5.8032
-5.8165
-5.8237
-5.8295
-5.8143
-5.8178
-5.7983
-5.7955
-5.7634
-5.7761
-5.7774
-5.7728
-5.7697
-5.7758
-5.7829
-5.7659
-5.7519
-5.719
-5.6938
-5.6569
-5.6286
-5.5831
-5.5561
-5.5312
-5.5232
-5.4938
-5.4901
-5.4949
-5.4924
-5.5056
-5.5104
-5.5084
-5.5187
-5.5086
-5.4969
-5.4734
-5.4445
-5.4486
-5.4219
-5.4334
-5.4295
-5.4299
-5.4212
-5.413
-5.3955
-5.3577
-5.3459
-5.3195
-5.2881
-5.248
-5.205
-5.1686
-5.1567
-5.1323
-5.124
-5.123
-5.119
-5.1392
-5.127
-5.1361
-5.1476
-5.1391
-5.1296
-5.1231
-5.1079
-5.1128
-5.0975
-5.1042
-5.1171
-5.1025
-5.0918
-5.0718
-5.0755
-5.0658
-5.0501
-5.0198
-4.9914
-4.9716
-4.9332
-4.9019
-4.8703
-4.8481
-4.8124
-4.7995
-4.7884
-4.7764
-4.7564
-4.7407
-4.763
-4.7458
-4.7362
-4.7431
-4.7392
-4.7344
-4.7481
-4.738
-4.7395
-4.7471
-4.7222
-4.7391
-4.7272
-4.7178
-4.7183
-4.71
-4.704
-4.6786
-4.6791
-4.663
-4.6412
-4.617
-4.5819
-4.5493
-4.518
-4.4987
-4.4813
-4.4787
-4.4452
-4.4383
-4.44
-4.4097
-4.4137
-4.4099
-4.4179
-4.4293
-4.438
-4.4484
-4.4625
-4.4727
-4.4693
-4.4874
-4.4838
-4.4828
-4.48
-4.4529
-4.4451
-4.4359
-4.4136
-4.399
-4.3771
-4.3644
-4.3162
-4.2817
-4.248
-4.2147
-4.1827
-4.1415
-4.1211
-4.086
-4.0798
-4.0673
-4.0455
-4.0381
-4.0042
-4.0198
-4.0077
-3.9937
-4.011
-4.0116
-3.9958
-4.0016
-4.0044
-3.9959
-3.9998
-4.0054
-3.9804
-3.9845
-3.9729
-3.9548
-3.9469
-3.9181
-3.9065
-3.8818
-3.8541
-3.8516
-3.814
-3.7966
-3.7757
-3.7443
-3.7313
-3.7004
-3.6732
-3.6427
-3.6428
-3.6113
-3.5974
-3.6208
-3.584
-3.5876
-3.6041
-3.5891
-3.6055
-3.6261
-3.6291
-3.6333
-3.6574
-3.6392
-3.6285
-3.6483
-3.6297
-3.6071
-3.6143
-3.6002
-3.6109
-3.5967
-3.5677
-3.5658
-3.5331
-3.4974
-3.4816
-3.4562
-3.4237
-3.389
-3.3816
-3.3656
-3.3424
-3.3362
-3.3058
-3.3237
-3.3248
-3.295
-3.3139
-3.2877
-3.2836
-3.2946
-3.2791
-3.2908
-3.3069
-3.3159
-3.3388
-3.349
-3.3514
-3.3599
-3.3662
-3.3563
-3.3631
-3.3683
-3.3606
-3.3501
-3.3355
-3.3042
-3.285
-3.2659
-3.2199
-3.1963
-3.1722
-3.1402
-3.1423
-3.1115
-3.0916
-3.0966
-3.0806
-3.0769
-3.0608
-3.072
-3.0738
-3.0633
-3.0793
-3.097
-3.0998
-3.1128
-3.1423
-3.1471
-3.1694
-3.1629
-3.1691
-3.188
-3.1841
-3.1787
-3.1717
-3.1947
-3.2211
-3.2114
-3.1947
-3.1696
-3.1688
-3.1614
-3.1006
-3.0915
-3.0767
-3.0201
-3.0103
-2.9711
-2.9459
-2.9441
-2.9159
-2.9143
-2.9144
-2.8923
-2.9212
-2.9091
-2.9099
-2.9515
-2.9248
-2.9479
-2.9652
-2.9493
-2.9838
-2.9915
-2.9684
-3.0084
-3.0067
-3.0041
-2.9823
-2.9867
-2.9984
-3.0212
-3.0248
-3.0127
-2.9904
-2.9776
-2.9819
-2.9245
-2.9183
-2.9083
-2.8544
-2.829
-2.8185
-2.7749
-2.7481
-2.731
-2.6998
-2.6802
-2.6611
-2.6535
-2.6684
-2.6338
-2.6644
-2.6528
-2.6382
-2.6634
-2.671
-2.6771
-2.7084
-2.7185
-2.7278
-2.7588
-2.7617
-2.7577
-2.7624
-2.7695
-2.7644
-2.7763
-2.7897
-2.7697
-2.7545
-2.7368
-2.7379
-2.6774
-2.6648
-2.6443
-2.5872
-2.5527
-2.5577
-2.4915
-2.4674
-2.4838
-2.4567
-2.449
-2.4477
-2.4374
-2.4647
-2.4515
-2.455
-2.4905
-2.4882
-2.4769
-2.5113
-2.5117
-2.5125
-2.5441
-2.5196
-2.5557
-2.5716
-2.5448
-2.5464
-2.5534
-2.5395
-2.5271
-2.5456
-2.5478
-2.5344
-2.5235
-2.5233
-2.5192
-2.4986
-2.4893
-2.4758
-2.4531
-2.4261
-2.4288
-2.3828
-2.3464
-2.3552
-2.2956
-2.2739
-2.2725
-2.2594
-2.2386
-2.2656
-2.2297
-2.2724
-2.2741
-2.2641
-2.296
-2.3264
-2.277
-2.324
-2.3381
-2.3198
-2.3543
-2.3736
-2.3584
-2.3763
-2.395
-2.3564
-2.3616
-2.3695
-2.3346
-2.3211
-2.306
-2.2695
-2.2188
-2.2168
-2.1765
-2.1536
-2.1213
-2.1051
-2.0861
-2.0574
-2.0403
-2.0633
-2.0251
-2.0352
-2.0813
-2.0614
-2.0461
-2.1107
-2.1027
-2.0945
-2.1465
-2.1547
-2.1468
-2.1875
-2.1729
-2.1565
-2.19
-2.1595
-2.1256
-2.1556
-2.1259
-2.0666
-2.0958
-2.0637
-2.0067
-2.0217
-1.994
-1.9362
-1.9599
-1.9401
-1.8808
-1.9232
-1.9093
-1.8489
-1.8782
-1.8871
-1.8439
-1.8676
-1.8798
-1.8384
-1.848
-1.8434
-1.8207
-1.8319
-1.8232
-1.7733
-1.8045
-1.7773
-1.7368
-1.7532
-1.7562
-1.7141
-1.7053
-1.7093
-1.6646
-1.6712
-1.6701
-1.6283
-1.6392
-1.6488
-1.6046
-1.6111
-1.6436
-1.5943
-1.5796
-1.6277
-1.5823
-1.5828
-1.6167
-1.6096
-1.5723
-1.6098
-1.5938
-1.5624
-1.5927
-1.5897
-1.5268
-1.5619
-1.5495
-1.5095
-1.5151
-1.5161
-1.4729
-1.4776
-1.4932
-1.4608
-1.4625
-1.4691
-1.4429
-1.4466
-1.4755
-1.4477
-1.437
-1.472
-1.4582
-1.417
-1.4743
-1.446
-1.4065
-1.439
-1.4167
-1.3717
-1.4125
-1.3815
-1.3385
-1.3743
-1.3707
-1.3341
-1.344
-1.3888
-1.3111
-1.3208
-1.3677
-1.3421
-1.3082
-1.3629
-1.3685
-1.3298
-1.3765
-1.3839
-1.3536
-1.3773
-1.4036
-1.3662
-1.3845
-1.3932
-1.3685
-1.3458
-1.3554
-1.3365
-1.2929
-1.3147
-1.287
-1.2399
-1.2587
-1.2394
-1.1718
-1.2187
-1.1978
-1.1546
-1.1725
-1.1826
-1.1664
-1.1841
-1.212
-1.1758
-1.1896
-1.2573
-1.2242
-1.2156
-1.2912
-1.2798
-1.2439
-1.2955
-1.3095
-1.2563
-1.2623
-1.2925
-1.2588
-1.2021
-1.2582
-1.2163
-1.1536
-1.1806
-1.1591
-1.0868
-1.0986
-1.0911
-1.0267
-1.0292
-1.0329
-1.015
-0.98452
-1.0179
-0.97904
-0.94861
-1.0057
-0.98851
-0.95602
-1.0065
-1.0128
-0.99987
-1.0093
-1.0485
-1.0182
-1.0227
-1.0539
-1.0309
-1.0078
-1.031
-1.0351
-0.98342
-0.99518
-0.98815
-0.92651
-0.9084
-0.93642
-0.86711
-0.83394
-0.87864
-0.8324
-0.77749
-0.79449
-0.79655
-0.76219
-0.73722
-0.79066
-0.75392
-0.71607
-0.7652
-0.76398
-0.74993
-0.7773
-0.80381
-0.78488
-0.78946
-0.83565
-0.81067
-0.79933
-0.83472
-0.8203
-0.7965
-0.79915
-0.82244
-0.75615
-0.74287
-0.76584
-0.6993
-0.65478
-0.68794
-0.64042
-0.59305
-0.58996
-0.57516
-0.53305
-0.53429
-0.53439
-0.50777
-0.49649
-0.52011
-0.50782
-0.48766
-0.52008
-0.55613
-0.51053
-0.54015
-0.60656
-0.58927
-0.56775
-0.62359
-0.64326
-0.61383
-0.62061
-0.65055
-0.63122
-0.61168
-0.61439
-0.62999
-0.57751
-0.55748
-0.56376
-0.51761
-0.48007
-0.49476
-0.43901
-0.39149
-0.41375
-0.38984
-0.33141
-0.33717
-0.36031
-0.31154
-0.28048
-0.30197
-0.28726
-0.28048
-0.2815
-0.30504
-0.30318
-0.30805
-0.35407
-0.34192
-0.35295
-0.39109
-0.38999
-0.38515
-0.40022
-0.44058
-0.39481
-0.38322
-0.43387
-0.39173
-0.35905
-0.36326
-0.36905
-0.31262
-0.26544
-0.29177
-0.25137
-0.18437
-0.17962
-0.18635
-0.13769
-0.10609
-0.11981
-0.10062
-0.048746
-0.047367
-0.052039
-0.021535
-0.025513
-0.051133
-0.025481
-0.0491
-0.068158
-0.080613
-0.079496
-0.07084
-0.1105
-0.095957
-0.058771
-0.09502
-0.076945
-0.062434
-0.037519
-0.03838
-0.018985
0.0213
0.032398
0.05126
0.089824
0.1225
0.13673
0.18612
0.20603
0.19123
0.24634
0.26945
0.25423
0.22684
0.3017
0.34561
0.30151
0.31415
0.34017
0.32726
0.29933
0.29803
0.31501
0.26564
0.23998
0.25921
0.24768
0.19519
0.21998
0.22444
0.20636
0.20857
0.21607
0.26138
0.22823
0.25896
0.31469
0.27741
0.30904
0.36867
0.36812
0.38162
0.44069
0.46222
0.48006
0.51478
0.53163
0.54633
0.53161
0.58816
0.62388
0.62168
0.62353
0.6211
0.62545
0.60986
0.57419
0.57743
0.55895
0.50417
0.50563
0.50614
0.42445
0.43928
0.44294
0.40281
0.39005
0.41317
0.44216
0.4059
0.41523
0.47483
0.4758
0.43973
0.51098
0.54908
0.53746
0.56979
0.61365
0.63858
0.66123
0.67498
0.71224
0.71913
0.72446
0.7426
0.78474
0.77461
0.79216
0.80654
0.8076
0.79431
0.7816
0.78438
0.7563
0.71519
0.71387
0.72864
0.65887
0.65229
0.666
0.63063
0.61924
0.62099
0.61977
0.62682
0.62795
0.63595
0.66039
0.66003
0.68285
0.72285
0.69627
0.74068
0.79317
0.76852
0.7862
0.86142
0.85767
0.83933
0.86923
0.89619
0.905
0.8785
0.92545
0.92965
0.9128
0.89184
0.91941
0.92249
0.8815
0.88121
0.86933
0.85598
0.82992
0.81199
0.80186
0.80434
0.76089
0.78141
0.80816
0.76714
0.79296
0.84365
0.8245
0.84577
0.90279
0.89322
0.93088
0.96906
0.94934
1.004
1.0207
1.0134
1.0562
1.0804
1.0522
1.0898
1.1085
1.0615
1.0844
1.1061
1.0849
1.0581
1.0964
1.0836
1.0362
1.0419
1.0589
1.0494
1.0028
1.0135
1.0322
1.0094
0.97865
1.0217
1.009
1.0071
1.0284
1.034
1.0416
1.0698
1.0759
1.0891
1.155
1.1285
1.16
1.2157
1.2078
1.1972
1.2854
1.2863
1.2509
1.321
1.325
1.2974
1.3146
1.3236
1.2981
1.3321
1.3066
1.2674
1.3088
1.2877
1.2253
1.2718
1.2755
1.1996
1.2291
1.2517
1.1975
1.2076
1.2434
1.2114
1.2148
1.2135
1.2297
1.2515
1.2283
1.2291
1.2919
1.2848
1.2352
1.3099
1.3324
1.3026
1.3071
1.344
1.3226
1.3242
1.3305
1.309
1.3433
1.3262
1.2895
1.322
1.3506
1.2705
1.2903
1.3501
1.29
1.278
1.36
1.3465
1.295
1.365
1.3788
1.3565
1.3877
1.4084
1.3856
1.4267
1.4344
1.4
1.4392
1.4557
1.4109
1.4305
1.4666
1.4221
1.4173
1.4401
1.4047
1.3786
1.4223
1.3881
1.3533
1.3837
1.3844
1.3545
1.3849
1.375
1.3643
1.4096
1.379
1.3716
1.4395
1.4387
1.3811
1.461
1.4942
1.4553
1.4701
1.5326
1.4974
1.4854
1.5459
1.5361
1.5174
1.5556
1.5673
1.5369
1.5851
1.5668
1.553
1.5915
1.6057
1.5603
1.5933
1.6368
1.5981
1.5843
1.64
1.6317
1.5826
1.6414
1.6312
1.6079
1.6406
1.6305
1.6019
1.6592
1.6442
1.6254
1.6639
1.6785
1.645
1.6805
1.7155
1.6653
1.6768
1.7512
1.7198
1.6797
1.7627
1.7615
1.7275
1.7484
1.7852
1.7369
1.7571
1.7803
1.7594
1.7446
1.8005
1.7593
1.7433
1.7979
1.7753
1.7439
1.7809
1.8064
1.7419
1.7625
1.7997
1.7866
1.7457
1.8165
1.7928
1.7653
1.7998
1.8119
1.7905
1.8096
1.8173
1.8109
1.8254
1.8408
1.8186
1.8195
1.8669
1.8308
1.8092
1.8592
1.8623
1.8115
1.8419
1.8673
1.8321
1.8094
1.8792
1.8281
1.7985
1.8456
1.8522
1.7971
1.8215
1.8451
1.8196
1.8144
1.84
1.824
1.8085
1.8577
1.8326
1.8199
1.8432
1.8665
1.827
1.8254
1.8753
1.8532
1.8244
1.8694
1.8691
1.8422
1.848
1.8747
1.8403
1.8298
1.863
1.8452
1.8164
1.8504
1.8293
1.8176
1.843
1.8268
1.8148
1.8215
1.8507
1.8023
1.8073
1.8501
1.8348
1.8057
1.8316
1.8708
1.8239
1.8152
1.8784
1.8653
1.8144
1.8635
1.884
1.8529
1.8294
1.8782
1.8692
1.8417
1.8562
1.8688
1.8563
1.8699
1.8548
1.8499
1.8459
1.8897
1.8348
1.8327
1.8739
1.8704
1.8219
1.8376
1.8723
1.8345
1.8134
1.8554
1.8514
1.8295
1.8356
1.8594
1.8555
1.8443
1.8732
1.8797
1.8766
1.8973
1.9075
1.9064
1.9377
1.9492
1.9337
1.9394
2.0075
1.9701
1.9574
1.9869
2.0294
1.9775
1.9602
2.0276
2.0126
1.9601
1.9825
2.0241
1.9832
1.9474
2.0024
1.9867
1.9492
1.9547
1.9781
1.9653
1.9436
1.9584
1.9548
1.968
1.9532
1.9565
1.9536
1.9721
1.9729
1.9575
1.9447
1.9949
1.9782
1.9499
1.9666
2.0132
1.9686
1.9705
2.0042
2.0083
1.9733
2.002
2.0176
2.0071
1.9859
2.0379
2.0279
2.0183
2.0142
2.0574
2.0404
2.0214
2.0531
2.0624
2.0294
2.0494
2.0724
2.0403
2.0308
2.0826
2.0504
2.0417
2.0628
2.0741
2.0506
2.0399
2.0799
2.0589
2.0512
2.0456
2.0817
2.0399
2.0243
2.0675
2.0664
2.0165
2.0286
2.071
2.0504
1.999
2.0431
2.046
2.0438
2.0065
2.0486
2.0403
2.0461
2.0333
2.0429
2.0497
2.0516
2.061
2.0571
2.0695
2.0943
2.0754
2.0878
2.0942
2.1342
2.0987
2.1071
2.1439
2.1636
2.1127
2.1204
2.2016
2.1579
2.1279
2.1626
2.2035
2.1632
2.1454
2.1732
2.1957
2.1739
2.1391
2.18
2.198
2.1436
2.1529
2.1753
2.1786
2.134
2.1733
2.1654
2.1596
2.1415
2.1604
2.1626
2.1481
2.1584
2.16
2.171
2.1817
2.1731
2.1737
2.1924
2.223
2.1959
2.2077
2.2211
2.254
2.2362
2.2267
2.2659
2.2843
2.2511
2.2578
2.3137
2.2997
2.2575
2.3061
2.3321
2.3054
2.2767
2.3377
2.3452
2.3203
2.2993
2.3573
2.3552
2.3292
2.3258
2.3742
2.3556
2.3498
2.3583
2.3685
2.3595
2.3624
2.3735
2.3619
2.3631
2.3744
2.3707
2.3495
2.3631
2.3854
2.3507
2.3498
2.3617
2.3684
2.3287
2.3389
2.3666
2.3456
2.3246
2.3385
2.3733
2.3371
2.3233
2.3512
2.3677
2.3538
2.3298
2.3656
2.3675
2.3631
2.3361
2.3854
2.3741
2.3516
2.3715
2.3889
2.376
2.3565
2.3898
2.3939
2.3817
2.3682
2.4001
2.3977
2.3863
2.3862
2.4003
2.3933
2.4041
2.4
2.394
2.3966
2.3959
2.409
2.3854
2.3804
2.4009
2.4108
2.3545
2.3706
2.4121
2.3684
2.3502
2.3558
2.3904
2.3469
2.3428
2.3462
2.3652
2.3317
2.3194
2.3446
2.3574
2.3256
2.3118
2.3515
2.3637
2.3158
2.3248
2.364
2.3547
2.3317
2.3539
2.366
2.3578
2.3594
2.3629
2.3656
2.3684
2.3537
2.3788
2.3636
2.3667
2.3566
2.3726
2.3643
2.3643
2.3589
2.3693
2.3762
2.3629
2.3716
2.3661
2.3611
2.3861
2.3785
2.3574
2.3649
2.3987
2.3816
2.3557
2.3646
2.4013
2.3813
2.3448
2.3701
2.4105
2.3552
2.354
2.3666
2.3878
2.3581
2.3614
2.3714
2.3927
2.3646
2.3442
2.3925
2.3958
2.3642
2.3655
2.4141
2.4105
2.3804
2.4011
2.433
2.4301
2.4147
2.4307
2.4394
2.4397
2.4306
2.4412
2.4499
2.4575
2.4337
2.469
2.4562
2.4554
2.4498
2.4668
2.462
2.4585
2.4677
2.4574
2.4751
2.4685
2.4827
2.4555
2.4724
2.4929
2.4822
2.4558
2.4673
2.4784
2.48
2.4513
2.4371
2.4725
2.4739
2.4297
2.4365
2.4801
2.4427
2.4346
2.4377
2.4628
2.448
2.4272
2.4446
2.4601
2.4457
2.4183
2.4526
2.4726
2.4461
2.4267
2.4744
2.4948
2.4495
2.4453
2.492
2.4835
2.4708
2.4511
2.4895
2.4883
2.4829
2.4508
2.4857
2.4909
2.4697
2.462
2.4895
2.4851
2.4679
2.4695
2.4904
2.4775
2.4725
2.4849
2.4839
2.5003
2.4927
2.4904
2.4882
2.5059
2.5024
2.4947
2.4975
2.4835
2.5206
2.4984
2.4894
2.4862
2.5134
2.4883
2.4816
2.4895
2.5028
2.4786
2.4802
2.4832
2.505
2.4702
2.4828
2.4833
2.517
2.4687
2.474
2.5119
2.52
2.4725
2.4895
2.5254
2.5369
2.4888
2.4903
2.5396
2.5473
2.508
2.5032
2.5503
2.5485
2.5343
2.5113
2.5548
2.5722
2.5367
2.5445
2.5656
2.577
2.5503
2.5559
2.5891
2.5816
2.5624
2.5771
2.6105
2.5909
2.5864
2.5945
2.6117
2.6301
2.5925
2.6168
2.6282
2.6294
2.6205
2.636
2.6347
2.6466
2.6431
2.6382
2.6567
2.6624
2.6538
2.6598
2.6659
2.6691
2.678
2.6606
2.6777
2.6722
2.6965
2.679
2.6739
2.6988
2.7124
2.6781
2.6838
2.7019
2.7224
2.6843
2.6965
2.6929
2.7397
2.6922
2.6959
2.7073
2.7369
2.7113
2.6929
2.7196
2.7374
2.7131
2.7049
2.7189
2.7418
2.706
2.7098
2.7282
2.7401
2.6958
2.6984
2.7363
2.7279
2.7005
2.6855
2.7284
2.7394
2.6972
2.6811
2.7286
2.7192
2.7036
2.6899
2.71
2.723
2.711
2.6801
2.7216
2.7329
2.6916
2.6963
2.726
2.7181
2.7091
2.7025
2.7363
2.713
2.7068
2.6997
2.7241
2.726
2.6942
2.7016
2.7208
2.7271
2.6926
2.6975
2.7142
2.7114
2.7114
2.6905
2.718
2.7163
2.7052
2.7048
2.6979
2.7034
2.7037
2.7034
2.6901
2.6953
2.6959
2.6887
2.6829
2.6703
2.68
2.676
2.6605
2.6597
2.6734
2.6686
2.643
2.6532
2.679
2.6583
2.6513
2.6617
2.6648
2.6795
2.6577
2.6458
2.6839
2.6881
2.6517
2.6598
2.699
2.6683
2.6581
2.6592
2.6971
2.6856
2.6434
2.6714
2.6904
2.6777
2.6386
2.6444
2.6949
2.6741
2.6343
2.6379
2.6954
2.6702
2.6274
2.6422
2.672
2.6823
2.6325
2.6442
2.6706
2.6782
2.646
2.6343
2.6831
2.6751
2.6473
2.6626
2.6855
2.676
2.6581
2.6654
2.6951
2.69
2.6498
2.6725
2.7146
2.6932
2.6792
2.6843
2.7094
2.7332
2.6977
2.691
2.7372
2.721
2.7061
2.7139
2.7236
2.7252
2.7177
2.7196
2.7209
2.7314
2.7166
2.7216
2.7344
2.7277
2.7228
2.7183
2.7379
2.7123
2.7136
2.7202
2.7099
2.7247
2.7025
2.7083
2.7109
2.7213
2.7175
2.701
2.7195
2.7184
2.7162
2.7177
2.7119
2.7096
2.7149
2.7391
2.6872
2.7121
2.7224
2.7207
2.708
2.7
2.7117
2.7304
2.7011
2.6973
2.7073
2.7271
2.6907
2.7045
2.7112
2.7295
2.6982
2.7102
2.73
2.7416
2.7135
2.7183
2.7325
2.7662
2.73
2.726
2.7431
2.7695
2.7363
2.7255
2.7546
2.7826
2.7263
2.73
2.7507
2.7749
2.735
2.7146
2.7534
2.7673
2.7234
2.7005
2.7362
2.7561
2.724
2.6964
2.719
2.7677
2.7206
2.6952
2.7364
2.7426
2.7448
2.703
2.732
2.7567
2.7442
2.7157
2.7347
2.7607
2.7405
2.7203
2.7421
2.7609
2.7503
2.706
2.7568
2.7576
2.7519
2.7249
2.7441
2.7756
2.7671
2.74
2.7475
2.788
2.7913
2.7431
2.7763
2.8004
2.7975
2.7843
2.7985
2.8053
2.8143
2.8118
2.8125
2.8426
2.8365
2.8214
2.8363
2.8515
2.8493
2.8294
2.8398
2.8707
2.8462
2.8404
2.8436
2.8505
2.8661
2.8467
2.8254
2.8668
2.8653
2.8495
2.8436
2.8559
2.8612
2.8624
2.8633
2.8576
2.8642
2.8682
2.8849
2.8608
2.8639
2.8778
2.8785
2.8835
2.8715
2.8643
2.9005
2.8789
2.8873
2.8769
2.9019
2.8843
2.8992
2.9051
2.9053
2.9075
2.903
2.9065
2.9414
2.9116
2.9136
2.914
2.9542
2.9173
2.9191
2.9182
2.9484
2.9489
2.9041
2.9219
2.9596
2.9241
2.9085
2.9008
2.9433
2.9214
2.8877
2.8907
2.9065
2.9021
2.8706
2.8745
2.8925
2.9021
2.856
2.8604
2.9031
2.882
2.8535
2.8629
2.8775
2.8977
2.849
2.8572
2.8842
2.896
2.8546
2.8412
2.8741
2.8944
2.8518
2.8363
2.8716
2.8837
2.8536
2.8434
2.8653
2.8785
2.8599
2.8388
2.8654
2.8924
2.8658
2.8338
2.876
2.9071
2.877
2.8482
2.8828
2.8967
2.8915
2.8594
2.8789
2.9012
2.8836
2.8547
2.8598
2.893
2.8784
2.8167
2.8534
2.8728
2.8488
2.8143
2.8211
2.8513
2.8403
2.8021
2.7831
2.8409
2.8304
2.7894
2.7828
2.8168
2.8269
2.7827
2.7769
2.8203
2.7933
2.808
2.7759
2.8046
2.804
2.7929
2.7753
2.7979
2.8018
2.7819
2.7712
2.8046
2.7897
2.7908
2.7618
2.7973
2.7909
2.7983
2.7752
2.7883
2.8256
2.8069
2.7901
2.8158
2.825
2.8374
2.8148
2.8399
2.8371
2.8444
2.8459
2.8481
2.8597
2.8478
2.8553
2.8668
2.8573
2.855
2.8546
2.8623
2.8665
2.8668
2.8549
2.8555
2.8726
2.8615
2.858
2.8453
2.8547
2.8615
2.8438
2.8461
2.835
2.8476
2.8532
2.8354
2.8324
2.8414
2.8346
2.8583
2.8377
2.8245
2.8384
2.851
2.8382
2.8241
2.816
2.8474
2.8383
2.8263
2.8282
2.8386
2.8366
2.8401
2.8297
2.8417
2.8478
2.8306
2.8465
2.8583
2.86
2.8461
2.8484
2.8841
2.8823
2.8482
2.8767
2.8763
2.9038
2.8682
2.8577
2.8755
2.9072
2.8644
2.8444
2.8728
2.8978
2.8491
2.8545
2.8531
2.8856
2.8367
2.8455
2.8348
2.8605
2.8426
2.8124
2.8325
2.8553
2.8233
2.8109
2.8253
2.8602
2.8155
2.8134
2.8267
2.8459
2.8526
2.8014
2.8189
2.8513
2.8522
2.8128
2.8
2.8497
2.8528
2.8182
2.8215
2.8403
2.8546
2.8294
2.8316
2.8334
2.8741
2.8339
2.818
2.8764
2.8783
2.8575
2.8435
2.8739
2.9195
2.8699
2.8692
2.8977
2.9188
2.9128
2.8732
2.8962
2.9348
2.9175
2.8726
2.899
2.9369
2.9141
2.8844
2.8876
2.9317
2.9158
2.8739
2.8914
2.9114
2.9265
2.8825
2.866
2.9256
2.9149
2.8854
2.8805
2.9259
2.9298
2.9047
2.8947
2.9399
2.9443
2.9296
2.9102
2.9454
2.9652
2.9548
2.9133
2.9516
2.974
2.9583
2.9389
2.9597
2.9758
2.9786
2.9511
2.963
2.9943
2.9912
2.959
2.98
3.0231
3.0112
2.9884
2.997
3.0381
3.0368
3.0176
3.0118
3.0564
3.0474
3.0364
3.0208
3.0621
3.0533
3.0336
3.0255
3.0578
3.0531
3.0478
3.0061
3.0533
3.051
3.0396
3.0003
3.0327
3.0456
3.0291
2.9895
3.0045
3.0256
3.0129
2.982
2.9867
3.0046
3.0093
2.9707
2.9788
3.0049
2.9719
2.9835
2.9622
2.9856
2.9816
2.9561
2.9603
2.9712
2.9662
2.9719
2.9493
2.9801
2.9768
2.9755
2.9563
2.9876
2.9832
2.9815
2.9704
2.9881
3.0079
2.9907
2.9862
3.0087
