-0.034367
-0.068294
-0.11367
-0.16363
-0.20539
-0.24091
-0.27814
-0.32018
-0.36234
-0.39547
-0.41993
-0.44501
-0.48241
-0.50737
-0.51423
-0.52697
-0.54264
-0.55135
-0.54604
-0.54891
-0.54362
-0.5209
-0.49662
-0.48578
-0.47189
-0.43737
-0.39606
-0.3575
-0.32262
-0.28551
-0.24528
-0.19536
-0.1499
-0.11135
-0.078975
-0.043408
-0.0083958
0.025106
0.057518
0.078244
0.097245
0.1175
0.13232
0.14077
0.14806
0.14975
0.14626
0.14772
0.14983
0.13811
0.12033
0.10153
0.08201
0.055036
0.0262
-0.0085488
-0.044566
-0.074726
-0.10325
-0.14514
-0.18713
-0.21914
-0.24807
-0.28302
-0.32128
-0.35824
-0.3831
-0.40273
-0.42786
-0.46614
-0.48853
-0.49369
-0.50582
-0.52274
-0.5295
-0.52277
-0.52132
-0.51005
-0.48133
-0.45785
-0.44565
-0.42474
-0.38166
-0.33271
-0.28727
-0.2475
-0.20398
-0.15648
-0.099919
-0.046347
-0.00067025
0.037791
0.08085
0.12364
0.16391
0.19627
0.21985
0.24019
0.26343
0.27956
0.28922
0.29318
0.29407
0.29004
0.2883
0.28654
0.27047
0.24487
0.22095
0.1959
0.16288
0.1279
0.087103
0.047169
0.0099719
-0.027478
-0.077693
-0.12732
-0.16635
-0.19844
-0.23813
-0.28284
-0.32369
-0.35278
-0.37673
-0.40352
-0.43995
-0.46233
-0.46792
-0.47905
-0.49653
-0.50045
-0.49332
-0.49316
-0.48465
-0.45751
-0.43842
-0.43032
-0.41274
-0.37374
-0.32617
-0.28317
-0.2484
-0.20868
-0.1645
-0.11333
-0.063154
-0.020666
0.011896
0.049417
0.087027
0.12517
0.15364
0.17802
0.19884
0.22377
0.24115
0.25436
0.26311
0.26674
0.26549
0.26733
0.2656
0.25148
0.22737
0.2063
0.18631
0.1583
0.1232
0.083894
0.046651
0.01316
-0.020615
-0.066451
-0.11501
-0.15573
-0.18785
-0.22431
-0.26822
-0.30997
-0.33963
-0.3651
-0.39358
-0.42321
-0.44082
-0.44967
-0.4642
-0.48352
-0.48449
-0.47701
-0.47607
-0.46964
-0.44507
-0.42691
-0.418
-0.39859
-0.36076
-0.31333
-0.2724
-0.23894
-0.20031
-0.15408
-0.10245
-0.05183
-0.0081375
0.025681
0.061931
0.099915
0.14068
0.16833
0.19322
0.21614
0.24036
0.25856
0.27414
0.28293
0.28521
0.28328
0.28665
0.2838
0.2708
0.24646
0.22495
0.1997
0.16971
0.1339
0.09604
0.058885
0.025543
-0.012093
-0.058872
-0.10444
-0.14139
-0.17717
-0.21611
-0.26124
-0.30205
-0.32886
-0.35095
-0.38206
-0.40839
-0.4195
-0.42282
-0.43785
-0.45895
-0.45776
-0.45148
-0.44479
-0.43064
-0.40654
-0.39007
-0.38081
-0.35835
-0.31832
-0.26927
-0.22866
-0.19511
-0.15832
-0.11102
-0.061263
-0.014442
0.026731
0.062046
0.096956
0.13517
0.17499
0.20363
0.228
0.25362
0.27715
0.29444
0.30883
0.31839
0.32015
0.31698
0.3203
0.31643
0.30406
0.28241
0.26256
0.23706
0.20865
0.17375
0.13704
0.099414
0.066206
0.024318
-0.024219
-0.071133
-0.10812
-0.14527
-0.18488
-0.22985
-0.27176
-0.30058
-0.32269
-0.355
-0.38346
-0.39813
-0.40276
-0.42123
-0.44271
-0.44003
-0.4356
-0.4305
-0.41708
-0.39414
-0.37898
-0.37016
-0.34669
-0.30869
-0.26151
-0.22375
-0.18971
-0.1538
-0.10816
-0.06127
-0.017896
0.020615
0.057836
0.092329
0.12809
0.16485
0.1927
0.21417
0.23805
0.25942
0.27309
0.28529
0.29364
0.2905
0.28357
0.2834
0.27556
0.25715
0.23337
0.21119
0.18232
0.15182
0.11274
0.070852
0.032744
0.0019063
-0.037248
-0.082133
-0.12472
-0.15915
-0.19389
-0.22884
-0.2701
-0.30689
-0.33091
-0.3494
-0.37678
-0.4002
-0.41079
-0.41184
-0.42874
-0.44494
-0.44007
-0.43142
-0.4224
-0.40388
-0.38085
-0.36777
-0.35898
-0.33328
-0.29498
-0.24735
-0.20894
-0.17136
-0.13253
-0.081443
-0.029124
0.017204
0.060339
0.10413
0.1467
0.19057
0.23398
0.27097
0.29856
0.32978
0.35699
0.37797
0.39498
0.41099
0.41448
0.41476
0.4201
0.41469
0.39514
0.37217
0.35023
0.32001
0.2855
0.24559
0.20222
0.16138
0.12729
0.082618
0.028941
-0.020962
-0.05803
-0.098507
-0.14077
-0.1868
-0.22945
-0.25874
-0.28144
-0.31402
-0.34241
-0.35462
-0.35949
-0.37965
-0.39958
-0.40036
-0.39626
-0.39219
-0.37106
-0.348
-0.33731
-0.33026
-0.30553
-0.26519
-0.21771
-0.18085
-0.1462
-0.11
-0.063208
-0.015194
0.025921
0.061574
0.098459
0.13532
0.17361
0.21227
0.24535
0.26837
0.29441
0.31755
0.33353
0.34681
0.35829
0.35744
0.35395
0.35645
0.35313
0.33539
0.31515
0.29723
0.27204
0.24152
0.20443
0.16457
0.12608
0.095598
0.056833
0.0068174
-0.042429
-0.07962
-0.11875
-0.1598
-0.2024
-0.24092
-0.26954
-0.29267
-0.32453
-0.35338
-0.36695
-0.3716
-0.3928
-0.41381
-0.41457
-0.40965
-0.40504
-0.38197
-0.35609
-0.3429
-0.33561
-0.30981
-0.26877
-0.22085
-0.18245
-0.14567
-0.10884
-0.062688
-0.015071
0.025454
0.05912
0.094848
0.12986
0.16702
0.20381
0.23593
0.25698
0.2812
0.30144
0.31654
0.32781
0.37258
0.40533
0.44803
0.50127
0.53853
0.55462
0.57289
0.59709
0.61403
0.61759
0.60825
0.59518
0.59619
0.59028
0.55726
0.52046
0.49006
0.4645
0.42133
0.38259
0.33342
0.27321
0.22315
0.1891
0.14143
0.076372
0.020258
-0.02442
-0.082283
-0.13981
-0.18442
-0.23166
-0.27446
-0.28976
-0.29654
-0.32132
-0.34868
-0.35455
-0.34285
-0.31615
-0.29702
-0.28068
-0.25698
-0.21795
-0.17606
-0.13647
-0.098195
-0.063325
-0.028256
0.022408
0.076783
0.1296
0.17223
0.22457
0.27302
0.32243
0.36981
0.41088
0.43884
0.47857
0.52205
0.54877
0.55891
0.57614
0.59603
0.60658
0.59984
0.58623
0.57356
0.57498
0.56381
0.52734
0.48911
0.45972
0.43257
0.38793
0.34258
0.2877
0.2229
0.17455
0.13786
0.083814
0.011376
-0.050372
-0.10048
-0.16419
-0.22774
-0.28128
-0.33607
-0.38873
-0.41111
-0.4231
-0.45636
-0.49176
-0.50436
-0.49304
-0.47161
-0.45643
-0.44557
-0.42358
-0.38748
-0.34417
-0.30525
-0.26943
-0.23499
-0.19816
-0.14564
-0.084523
-0.028065
0.019353
0.077186
0.13062
0.18552
0.23533
0.28175
0.31722
0.36285
0.41192
0.44665
0.45903
0.47959
0.5056
0.52117
0.51611
0.50194
0.48862
0.48738
0.47463
0.4391
0.39698
0.36208
0.32667
0.27974
0.23436
0.18089
0.11595
0.067501
0.031975
-0.019432
-0.084308
-0.14319
-0.19194
-0.2489
-0.30414
-0.34924
-0.39322
-0.43856
-0.45418
-0.45499
-0.47445
-0.4976
-0.50184
-0.48097
-0.45608
-0.43456
-0.41915
-0.39256
-0.356
-0.31618
-0.2805
-0.24591
-0.21329
-0.174
-0.12139
-0.061078
-0.0072931
0.036475
0.092152
0.15207
0.20989
0.26138
0.30664
0.34145
0.38949
0.44409
0.48393
0.50102
0.52387
0.55457
0.577
0.5794
0.57524
0.56874
0.56626
0.55421
0.52492
0.4891
0.45954
0.42384
0.37804
0.33197
0.27913
0.21569
0.16792
0.12953
0.072715
0.0036718
-0.057614
-0.11003
-0.17179
-0.23258
-0.28876
-0.34312
-0.39712
-0.4209
-0.428
-0.45459
-0.48567
-0.49948
-0.48253
-0.46157
-0.44734
-0.43675
-0.41623
-0.38381
-0.34349
-0.30412
-0.26689
-0.23396
-0.19272
-0.14069
-0.080293
-0.026114
0.024546
0.081341
0.13803
0.19103
0.2386
0.28182
0.31889
0.36362
0.40841
0.43926
0.45483
0.47561
0.50219
0.51672
0.50944
0.49648
0.48894
0.47909
0.45462
0.41556
0.37875
0.35353
0.31759
0.27542
0.22575
0.16822
0.10915
0.067696
0.034314
-0.019897
-0.087346
-0.14676
-0.19169
-0.24832
-0.30266
-0.35496
-0.40341
-0.45007
-0.46817
-0.47563
-0.49952
-0.53018
-0.542
-0.5267
-0.50709
-0.4972
-0.48767
-0.46608
-0.43485
-0.39773
-0.3607
-0.32591
-0.29622
-0.25596
-0.2069
-0.15149
-0.10157
-0.055035
-0.0013558
0.053066
0.10533
0.1542
0.1961
0.23617
0.28165
0.32941
0.36191
0.37956
0.40086
0.42906
0.44905
0.44714
0.43302
0.42612
0.41927
0.40173
0.36992
0.33966
0.31231
0.27287
0.23304
0.18682
0.13078
0.072217
0.029838
-0.0051995
-0.06119
-0.12671
-0.18636
-0.23193
-0.2905
-0.34494
-0.39449
-0.43941
-0.48307
-0.49914
-0.5082
-0.52935
-0.55488
-0.56316
-0.54643
-0.52278
-0.5082
-0.49328
-0.46713
-0.43235
-0.39237
-0.34828
-0.30574
-0.26919
-0.22279
-0.16518
-0.10494
-0.050186
0.0017259
0.057099
0.11608
0.17353
0.2236
0.26434
0.30123
0.34413
0.38866
0.41681
0.43044
0.4466
0.46947
0.4811
0.47436
0.45905
0.44779
0.4349
0.41234
0.37269
0.33968
0.31199
0.27468
0.2308
0.18003
0.11867
0.060682
0.023994
-0.007821
-0.066101
-0.13248
-0.19067
-0.23381
-0.2951
-0.35222
-0.4097
-0.46151
-0.50848
-0.53096
-0.54997
-0.58291
-0.61892
-0.63517
-0.62959
-0.61399
-0.61144
-0.60521
-0.58853
-0.55937
-0.52875
-0.49254
-0.45874
-0.42843
-0.38536
-0.32762
-0.26928
-0.21477
-0.16092
-0.099843
-0.038401
0.021974
0.074706
0.1194
0.16206
0.21227
0.26339
0.29736
0.31845
0.34121
0.36669
0.38285
0.3808
0.36875
0.36137
0.35019
0.32578
0.28588
0.25311
0.22476
0.19031
0.14659
0.097037
0.028891
-0.034424
-0.073876
-0.10669
-0.16741
-0.23934
-0.30137
-0.34425
-0.40309
-0.46146
-0.51282
-0.55773
-0.59734
-0.61026
-0.61932
-0.64101
-0.66729
-0.67576
-0.66321
-0.63753
-0.62316
-0.60667
-0.58071
-0.54276
-0.50234
-0.45662
-0.41479
-0.37727
-0.33235
-0.27185
-0.2119
-0.15865
-0.11039
-0.053443
0.0050175
0.060947
0.11305
0.15373
0.18893
0.23522
0.28841
0.32302
0.34648
0.37319
0.40275
0.42086
0.42552
0.4187
0.41747
0.41544
0.40493
0.37555
0.35369
0.33466
0.30743
0.27067
0.23035
0.16645
0.10524
0.068433
0.039616
-0.019628
-0.091838
-0.1567
-0.2021
-0.26294
-0.32552
-0.3787
-0.4261
-0.46785
-0.48631
-0.50194
-0.52856
-0.55929
-0.57149
-0.56686
-0.54391
-0.53393
-0.52152
-0.50245
-0.46828
-0.42991
-0.38531
-0.34459
-0.3107
-0.26903
-0.211
-0.15348
-0.10266
-0.052987
0.0032857
0.058947
0.11194
0.16219
0.20516
0.24417
0.29073
0.33931
0.36748
0.38838
0.41112
0.43587
0.44707
0.44329
0.43162
0.42808
0.42199
0.40571
0.3709
0.34477
0.32153
0.29328
0.25406
0.21231
0.144
0.077593
0.040359
0.011463
-0.048506
-0.12028
-0.17973
-0.22031
-0.27775
-0.33556
-0.38291
-0.42987
-0.46745
-0.48259
-0.49528
-0.52049
-0.55132
-0.56078
-0.55297
-0.53175
-0.52231
-0.50631
-0.48156
-0.44829
-0.41108
-0.36502
-0.32267
-0.29347
-0.25691
-0.19424
-0.12763
-0.073018
-0.021676
0.041572
0.11048
0.17412
0.22802
0.27763
0.32798
0.37679
0.42405
0.45239
0.46914
0.48788
0.50578
0.50759
0.48226
0.45202
0.43795
0.41534
0.36365
0.29629
0.25456
0.20877
0.15026
0.088002
0.023292
-0.066015
-0.14716
-0.20806
-0.2608
-0.32366
-0.3892
-0.44306
-0.47598
-0.50485
-0.51956
-0.52995
-0.52596
-0.48029
-0.41963
-0.36636
-0.27352
-0.18884
-0.097202
0.014305
0.13378
0.22636
0.34323
0.45961
0.53537
0.61198
0.68413
0.71675
0.73941
0.75294
0.72644
0.67981
0.61487
0.51543
0.39505
0.25891
0.11505
-0.060337
-0.24125
-0.41853
-0.57387
-0.72602
-0.88135
-1.0005
-1.0826
-1.1314
-1.1633
-1.1474
-1.0769
-0.94495
-0.79472
-0.5856
-0.34287
-0.047358
0.29049
0.63735
0.9857
1.3215
1.6136
1.8773
2.1101
2.2905
2.3795
2.354
2.2633
2.1067
1.8782
1.5844
1.2497
0.84841
0.44627
0.054745
-0.3156
-0.71395
-1.0801
-1.3766
-1.6203
-1.7778
-1.8611
-1.864
-1.8108
-1.646
-1.4121
-1.1278
-0.79996
-0.45885
-0.10292
0.2568
0.5828
0.87132
1.083
1.2809
1.4082
1.5071
1.5366
1.4957
1.455
1.4141
1.3162
1.2272
1.1409
1.0442
0.9492
0.80569
0.68336
0.53557
0.40703
0.26577
0.094168
-0.058992
-0.21227
-0.33146
-0.46012
-0.54518
-0.526
-0.52893
-0.45742
-0.28791
-0.080216
0.12948
0.3933
0.64172
0.95072
1.1799
1.3683
1.5092
1.5492
1.531
1.4519
1.3828
1.3048
1.173
1.0135
0.81162
0.69372
0.57881
0.46875
0.29864
0.15639
-0.011801
-0.1185
-0.26546
-0.43274
-0.633
-0.75575
-0.82563
-0.83538
-0.81988
-0.75905
-0.6852
-0.49816
-0.23748
0.054012
0.34826
0.62935
0.88622
1.111
1.2869
1.4487
1.5555
1.6212
1.642
1.6398
1.6227
1.6085
1.6282
1.6662
1.6935
1.6434
1.5425
1.3954
1.2298
0.98716
0.75444
0.5575
0.37073
0.20594
0.074905
-0.01541
-0.050502
-0.035772
0.025461
0.11128
0.19822
0.29587
0.41171
0.50718
0.55279
0.56768
0.58647
0.6187
0.66832
0.71764
0.78968
0.8974
1.0299
1.1561
1.2427
1.2814
1.2659
1.1929
1.0676
0.9055
0.72555
0.56813
0.44861
0.36685
0.3286
0.33398
0.36872
0.41369
0.44339
0.46106
0.45771
0.43169
0.39333
0.35122
0.33456
0.35064
0.41391
0.54637
0.72811
0.9538
1.2053
1.4655
1.6846
1.8241
1.9071
1.9047
1.8399
1.7536
1.6925
1.6548
1.6009
1.5626
1.5478
1.5339
1.5116
1.4507
1.3205
1.1333
0.9076
0.631
0.38627
0.17845
-0.010513
-0.12434
-0.16623
-0.12897
-0.030095
0.099036
0.22932
0.3304
0.38678
0.40627
0.36354
0.31708
0.32337
0.35782
0.42509
0.5432
0.71125
0.90198
1.0901
1.2556
1.3463
1.3366
1.2629
1.1571
1.028
0.91505
0.83922
0.81394
0.84769
0.92463
1.0126
1.078
1.1204
1.1273
1.0965
1.0188
0.9383
0.88077
0.83804
0.8036
0.84818
0.9514
1.086
1.2547
1.4147
1.5329
1.5776
1.5341
1.4328
1.3249
1.1976
1.0783
1.0183
1.0149
1.0656
1.1504
1.2276
1.2729
1.2666
1.1974
1.0633
0.88435
0.71291
0.55987
0.43439
0.36292
0.3705
0.43379
0.52875
0.61819
0.69074
0.7124
0.67042
0.58673
0.51764
0.49371
0.51391
0.59219
0.72871
0.93435
1.1688
1.4008
1.6045
1.7612
1.8494
1.8702
1.8176
1.7198
1.6203
1.5551
1.5281
1.5443
1.6165
1.7236
1.8245
1.8548
1.8226
1.7273
1.5752
1.4132
1.2599
1.1345
1.045
1.0048
1.0185
1.0906
1.1703
1.2116
1.1814
1.0944
0.99278
0.85808
0.75716
0.7069
0.6663
0.68328
0.75585
0.87025
0.97108
1.0375
1.0333
0.94919
0.81115
0.68378
0.588
0.50937
0.45776
0.48358
0.55487
0.64284
0.74449
0.81723
0.83066
0.76263
0.64413
0.5363
0.46477
0.4339
0.45943
0.54226
0.69298
0.85456
1.0212
1.1566
1.2352
1.2334
1.1735
1.104
1.0457
1.0059
1.0189
1.0952
1.2057
1.2969
1.399
1.4734
1.494
1.4371
1.302
1.1328
0.95641
0.80179
0.70484
0.68979
0.72893
0.76308
0.8092
0.8454
0.82642
0.71603
0.56751
0.41736
0.26432
0.1508
0.12156
0.15165
0.22996
0.34467
0.45752
0.53529
0.57013
0.55216
0.47084
0.37236
0.3068
0.26102
0.23904
0.29175
0.3864
0.50163
0.60124
0.67454
0.70403
0.6894
0.65983
0.60062
0.51432
0.43851
0.40317
0.46094
0.56683
0.68366
0.797
0.91188
0.97237
0.96826
0.91953
0.87164
0.79618
0.71408
0.68299
0.72992
0.8111
0.89506
0.99289
1.078
1.1087
1.0606
0.93143
0.79038
0.62993
0.46162
0.37404
0.3615
0.3913
0.43033
0.49002
0.52673
0.48997
0.3798
0.25951
0.096133
-0.073761
-0.18246
-0.19431
-0.12888
-0.039692
0.063533
0.16196
0.20554
0.19153
0.15709
0.13592
0.094552
0.043773
0.055311
0.13654
0.26134
0.41885
0.57559
0.7069
0.76871
0.77899
0.78651
0.75019
0.70585
0.67054
0.65214
0.7031
0.7964
0.89878
0.97742
1.0245
1.0329
1.0179
0.93508
0.8296
0.67642
0.46978
0.3319
0.28536
0.25133
0.23871
0.21255
0.15031
0.040765
-0.10717
-0.31179
-0.55055
-0.73907
-0.88192
-0.94588
-0.90594
-0.84415
-0.78178
-0.67898
-0.59239
-0.5475
-0.49055
-0.4054
-0.30912
-0.21433
-0.069219
0.15016
0.41756
0.69235
0.95036
1.1911
1.3731
1.4903
1.552
1.5718
1.4974
1.359
1.2242
1.136
1.0069
0.83288
0.63941
0.39614
0.097113
-0.27216
-0.68363
-1.1128
-1.5392
-1.8701
-2.0582
-2.1131
-2.0612
-1.9463
-1.7757
-1.5693
-1.3705
-1.1875
-0.92976
-0.65015
-0.36605
-0.061647
0.32582
0.71203
1.044
1.3128
1.4882
1.5695
1.5508
1.4713
1.2194
0.87884
0.52583
0.16665
-0.13163
-0.38903
-0.64261
-0.86622
-1.0586
-1.1985
-1.3817
-1.5405
-1.6962
-1.7807
-1.7684
-1.6825
-1.5096
-1.2713
-1.0667
-0.88259
-0.71617
-0.62129
-0.51841
-0.44124
-0.33703
-0.25756
-0.13292
0.08012
0.3174
0.57734
0.78762
0.98622
1.0976
1.059
0.98376
0.81351
0.53339
0.22257
-0.051794
-0.32041
-0.53163
-0.77707
-0.93883
-1.0914
-1.2681
-1.4234
-1.5329
-1.598
-1.6463
-1.6481
-1.551
-1.3594
-1.1038
-0.92746
-0.77427
-0.67793
-0.58744
-0.53609
-0.46057
-0.4183
-0.34607
-0.23989
-0.036023
0.15703
0.31583
0.42809
0.50437
0.50489
0.44338
0.21187
-0.094751
-0.4586
-0.80702
-1.0456
-1.1958
-1.299
-1.3425
-1.3946
-1.421
-1.4695
-1.5342
-1.5542
-1.5656
-1.5886
-1.6271
-1.6549
-1.6021
-1.4581
-1.3124
-1.1368
-0.94236
-0.72041
-0.54059
-0.42006
-0.34127
-0.31087
-0.29496
-0.21386
-0.12947
-0.10643
-0.15091
-0.20604
-0.30925
-0.47963
-0.69141
-0.88981
-1.0618
-1.1724
-1.2209
-1.1941
-1.1844
-1.1842
-1.201
-1.2871
-1.4676
-1.6681
-1.8102
-1.9181
-2.0012
-1.994
-1.8426
-1.6081
-1.3519
-1.0952
-0.87229
-0.72956
-0.68707
-0.74631
-0.84896
-0.98428
-1.0615
-1.0276
-0.92191
-0.76349
-0.59438
-0.44661
-0.36231
-0.3722
-0.47855
-0.6237
-0.8361
-1.115
-1.3866
-1.5944
-1.711
-1.7591
-1.7892
-1.7438
-1.6585
-1.6008
-1.5821
-1.6096
-1.6767
-1.8039
-1.9037
-1.9094
-1.8589
-1.7883
-1.6558
-1.4566
-1.2716
-1.1032
-1.0031
-0.95436
-0.9042
-0.87519
-0.86909
-0.86606
-0.92129
-1.0138
-1.0956
-1.1762
-1.2699
-1.3351
-1.3382
-1.3582
-1.4429
-1.5059
-1.5135
-1.5219
-1.5786
-1.6543
-1.739
-1.822
-1.8801
-1.9218
-1.8926
-1.8454
-1.7609
-1.6084
-1.4323
-1.275
-1.1984
-1.2129
-1.2818
-1.367
-1.4873
-1.5281
-1.5415
-1.5502
-1.5248
-1.4565
-1.3437
-1.2449
-1.2423
-1.3111
-1.4183
-1.6071
-1.8275
-2.0235
-2.1933
-2.3026
-2.2494
-2.0972
-1.9001
-1.7272
-1.6134
-1.5793
-1.6761
-1.8756
-2.0422
-2.1885
-2.2914
-2.2954
-2.1676
-1.9568
-1.7347
-1.5387
-1.3837
-1.3261
-1.3969
-1.527
-1.706
-1.8894
-2.0487
-2.1261
-2.0569
-1.883
-1.7126
-1.5631
-1.4704
-1.4838
-1.6349
-1.8792
-2.1544
-2.4196
-2.623
-2.7172
-2.6698
-2.553
-2.3673
-2.1529
-1.9875
-1.9232
-1.9382
-2.0002
-2.1208
-2.2779
-2.4148
-2.4272
-2.36
-2.2046
-1.9977
-1.7772
-1.607
-1.5256
-1.5543
-1.6533
-1.8334
-2.0452
-2.1843
-2.222
-2.1689
-2.0419
-1.8901
-1.7451
-1.7247
-1.7989
-1.8512
-1.9613
-2.1311
-2.3022
-2.3936
-2.4057
-2.3167
-2.1452
-1.9272
-1.7514
-1.657
-1.6168
-1.6051
-1.6917
-1.8293
-1.9241
-1.9619
-1.9197
-1.8073
-1.6104
-1.3982
-1.2793
-1.2532
-1.2665
-1.3563
-1.4926
-1.6474
-1.7581
-1.808
-1.827
-1.8161
-1.7463
-1.6434
-1.5739
-1.5309
-1.5311
-1.569
-1.6748
-1.8195
-1.8725
-1.8811
-1.8767
-1.8237
-1.6833
-1.5022
-1.3813
-1.3316
-1.308
-1.3307
-1.4033
-1.4699
-1.4678
-1.482
-1.4903
-1.4478
-1.3498
-1.285
-1.2674
-1.2411
-1.2277
-1.2877
-1.4019
-1.4778
-1.5653
-1.6397
-1.6716
-1.6152
-1.5491
-1.5062
-1.4761
-1.4653
-1.4964
-1.5333
-1.5528
-1.5501
-1.5407
-1.5049
-1.4279
-1.3601
-1.3129
-1.3007
-1.2396
-1.2016
-1.1633
-1.1055
-1.0908
-1.0833
-1.0908
-1.1191
-1.1504
-1.1556
-1.1529
-1.1261
-1.1219
-1.1193
-1.1335
-1.168
-1.2035
-1.2417
-1.2838
-1.3246
-1.3369
-1.3769
-1.4315
-1.4724
-1.4904
-1.4583
-1.3711
-1.3329
-1.2973
-1.3007
-1.3253
-1.3602
-1.3955
-1.4282
-1.4301
-1.4212
-1.3515
-1.2828
-1.2588
-1.2245
-1.2282
-1.2662
-1.3153
-1.333
-1.3071
-1.2769
-1.2929
-1.3222
-1.3411
-1.3382
-1.2898
-1.2527
-1.2548
-1.3153
-1.3638
-1.3901
-1.4047
-1.4675
-1.5091
-1.5013
-1.4986
-1.476
-1.4097
-1.3579
-1.3647
-1.4012
-1.4031
-1.3822
-1.4125
-1.4751
-1.4847
-1.5126
-1.5193
-1.3948
-1.2705
-1.2153
-1.2355
-1.2656
-1.2846
-1.3552
-1.4445
-1.4612
-1.4692
-1.4394
-1.3682
-1.2893
-1.2321
-1.2401
-1.2921
-1.3271
-1.3725
-1.4258
-1.4368
-1.4507
-1.486
-1.5178
-1.494
-1.395
-1.3428
-1.348
-1.3618
-1.3534
-1.3793
-1.4567
-1.5202
-1.5808
-1.6269
-1.5877
-1.4928
-1.3831
-1.3532
-1.3667
-1.3728
-1.4197
-1.5273
-1.6335
-1.6809
-1.6895
-1.6808
-1.6061
-1.4838
-1.417
-1.4156
-1.4174
-1.3975
-1.4083
-1.4477
-1.4673
-1.4463
-1.4578
-1.4389
-1.3603
-1.2494
-1.208
-1.203
-1.2129
-1.2481
-1.3343
-1.4189
-1.4756
-1.538
-1.5617
-1.5309
-1.4318
-1.3465
-1.3385
-1.3872
-1.4189
-1.4761
-1.562
-1.6636
-1.7067
-1.7452
-1.7469
-1.6552
-1.528
-1.4568
-1.467
-1.4775
-1.5014
-1.5867
-1.6928
-1.7186
-1.7151
-1.723
-1.7038
-1.5873
-1.4726
-1.4374
-1.467
-1.5057
-1.5515
-1.6383
-1.7135
-1.7604
-1.8013
-1.8304
-1.7293
-1.5558
-1.4137
-1.3768
-1.3798
-1.4251
-1.5279
-1.6487
-1.6985
-1.7007
-1.682
-1.5874
-1.4665
-1.3322
-1.2553
-1.2656
-1.3171
-1.3892
-1.4931
-1.5434
-1.5318
-1.5235
-1.5357
-1.5182
-1.4088
-1.2772
-1.2211
-1.2235
-1.2429
-1.3129
-1.4138
-1.5
-1.5608
-1.5922
-1.5801
-1.4814
-1.3122
-1.2284
-1.2137
-1.2414
-1.319
-1.4179
-1.4952
-1.5118
-1.4985
-1.534
-1.5205
-1.4056
-1.2982
-1.2148
-1.1859
-1.1795
-1.177
-1.2018
-1.2813
-1.3485
-1.4232
-1.4481
-1.3445
-1.1713
-1.0163
-0.97792
-1.0125
-1.0684
-1.1797
-1.3525
-1.4616
-1.5058
-1.535
-1.5302
-1.4274
-1.3037
-1.2349
-1.2705
-1.3019
-1.3306
-1.3795
-1.4344
-1.4245
-1.4326
-1.4596
-1.3786
-1.1875
-0.98771
-0.88294
-0.82889
-0.79789
-0.85349
-0.96829
-1.0322
-1.0463
-1.026
-0.97459
-0.83182
-0.65696
-0.59064
-0.60631
-0.67033
-0.7444
-0.84524
-0.9298
-0.96541
-0.99071
-1.0772
-1.0872
-0.99559
-0.8996
-0.86014
-0.85814
-0.85622
-0.8921
-0.99483
-1.1225
-1.2183
-1.2835
-1.2537
-1.1608
-0.94542
-0.79802
-0.73956
-0.7299
-0.74297
-0.82506
-0.94759
-1.0283
-1.0357
-1.0084
-0.9457
-0.8051
-0.69351
-0.61827
-0.61123
-0.58605
-0.60783
-0.71279
-0.85382
-0.92383
-0.98144
-1.0001
-0.92772
-0.76115
-0.6272
-0.60997
-0.637
-0.68977
-0.79035
-0.9191
-1.0168
-1.0614
-1.0412
-1.0082
-0.87817
-0.72835
-0.6825
-0.70281
-0.7357
-0.74608
-0.78969
-0.85529
-0.88544
-0.88159
-0.94506
-0.90503
-0.75129
-0.60102
-0.54058
-0.53889
-0.54509
-0.6164
-0.77253
-0.9094
-0.98686
-1.0124
-0.98285
-0.85429
-0.65968
-0.58109
-0.61327
-0.66749
-0.71734
-0.82179
-0.92393
-0.96038
-0.9592
-1.0136
-0.97617
-0.84747
-0.72048
-0.67381
-0.66209
-0.64695
-0.68202
-0.77106
-0.83968
-0.86523
-0.90194
-0.86487
-0.74741
-0.54556
-0.39346
-0.34087
-0.35223
-0.39442
-0.50768
-0.62376
-0.69985
-0.72558
-0.7343
-0.69111
-0.55811
-0.44356
-0.38957
-0.40973
-0.4182
-0.45464
-0.55128
-0.661
-0.71197
-0.73877
-0.73976
-0.64904
-0.47739
-0.32438
-0.26835
-0.24163
-0.27267
-0.37078
-0.5116
-0.59951
-0.62124
-0.61252
-0.57433
-0.42171
-0.24422
-0.1467
-0.12786
-0.13761
-0.18979
-0.29515
-0.39318
-0.41678
-0.44608
-0.51085
-0.47075
-0.33339
-0.18425
-0.12701
-0.12703
-0.17706
-0.27915
-0.42493
-0.52114
-0.59715
-0.64332
-0.62602
-0.50713
-0.32265
-0.20738
-0.19931
-0.25969
-0.32697
-0.42309
-0.48748
-0.52487
-0.53598
-0.55325
-0.49989
-0.36386
-0.22132
-0.15168
-0.15879
-0.1587
-0.18799
-0.25486
-0.33124
-0.38558
-0.45888
-0.46657
-0.41889
-0.26968
-0.14321
-0.12216
-0.16311
-0.23286
-0.33874
-0.47114
-0.58145
-0.63375
-0.63743
-0.62203
-0.49937
-0.3657
-0.2956
-0.31027
-0.30605
-0.32492
-0.40926
-0.51586
-0.54665
-0.54708
-0.54555
-0.46998
-0.32852
-0.17419
-0.13473
-0.093865
-0.093673
-0.16583
-0.32182
-0.42687
-0.44088
-0.41807
-0.37979
-0.2608
-0.11618
-0.06516
-0.08414
-0.12316
-0.17294
-0.29104
-0.39939
-0.44738
-0.46563
-0.52187
-0.47116
-0.33567
-0.2403
-0.20594
-0.21236
-0.2153
-0.25984
-0.37036
-0.47613
-0.56156
-0.63663
-0.61336
-0.50568
-0.33553
-0.21728
-0.18912
-0.19786
-0.22852
-0.32433
-0.46517
-0.57032
-0.60354
-0.56973
-0.49224
-0.35437
-0.23384
-0.16218
-0.1683
-0.14769
-0.1318
-0.19143
-0.3199
-0.3888
-0.41857
-0.40884
-0.30412
-0.13495
0.0057553
0.010665
-0.013218
-0.032352
-0.093526
-0.23434
-0.36517
-0.42478
-0.40743
-0.34564
-0.20343
-0.036235
0.0050094
-0.021612
-0.02923
0.014769
-0.0034446
-0.077503
-0.11957
-0.10137
-0.1254
-0.050226
0.13329
0.30085
0.36385
0.38463
0.42293
0.39791
0.26973
0.12177
0.045354
0.036178
0.089683
0.22907
0.42523
0.48073
0.43931
0.38937
0.3563
0.25803
0.12496
0.051136
0.031944
-0.002479
0.04881
0.1888
0.29834
0.33589
0.35765
0.40476
0.42739
0.37075
0.28335
0.21203
0.15782
0.19738
0.34241
0.56021
0.70753
0.74264
0.74225
0.73059
0.66078
0.54202
0.44041
0.42307
0.42823
0.47578
0.61727
0.73329
0.79196
0.76056
0.76056
0.76781
0.71553
0.62419
0.5844
0.55449
0.51565
0.61009
0.8035
0.97187
1.0079
1.0151
1.0159
0.95607
0.80212
0.70582
0.65627
0.64565
0.69791
0.83686
0.99779
1.0621
1.0264
0.99463
0.97788
0.91305
0.87509
0.8627
0.8245
0.75767
0.75697
0.90208
1.0585
1.0975
1.109
1.1381
1.1359
1.0599
0.96789
0.87801
0.82096
0.81274
0.93768
1.142
1.2427
1.2479
1.233
1.2033
1.119
1.023
0.99192
1.0182
1.0048
1.016
1.1515
1.2988
1.3494
1.3469
1.3669
1.385
1.3349
1.2468
1.1951
1.124
1.0653
1.153
1.3399
1.4504
1.4646
1.4449
1.4189
1.321
1.2011
1.1466
1.1195
1.0715
1.1001
1.2051
1.3184
1.3796
1.3748
1.361
1.3278
1.2705
1.2252
1.2098
1.1746
1.1387
1.1662
1.3126
1.4582
1.5117
1.5176
1.536
1.5136
1.4283
1.3121
1.2527
1.2175
1.2414
1.33
1.4599
1.5407
1.5217
1.5213
1.4858
1.4055
1.3144
1.2944
1.2609
1.2139
1.2079
1.3377
1.4642
1.5023
1.5021
1.5064
1.4732
1.3905
1.3111
1.2527
1.2133
1.1857
1.2842
1.4365
1.5027
1.5021
1.5071
1.5146
1.4627
1.3543
1.3264
1.3294
1.3066
1.3317
1.4317
1.5629
1.5905
1.5857
1.5828
1.5684
1.462
1.3406
1.2603
1.212
1.156
1.2224
1.3688
1.4405
1.4382
1.4259
1.4214
1.3669
1.2754
1.1884
1.1464
1.0769
1.0723
1.1774
1.3229
1.401
1.4012
1.4008
1.3741
1.2844
1.164
1.1202
1.0891
1.062
1.1216
1.2909
1.4245
1.4623
1.45
1.4489
1.3885
1.2554
1.1706
1.1693
1.1988
1.2444
1.3535
1.4497
1.5596
1.5543
1.578
1.5919
1.5524
1.4808
1.4521
1.4485
1.4556
1.5177
1.626
1.7659
1.785
1.7897
1.7799
1.7341
1.606
1.4951
1.4574
1.4861
1.508
1.5699
1.6851
1.7454
1.7375
1.7215
1.7558
1.7665
1.737
1.692
1.6821
1.6567
1.634
1.732
1.8878
1.987
2.0178
2.0705
2.1164
2.0758
1.9514
1.888
1.8577
1.8558
1.9545
2.1232
2.2455
2.2584
2.2351
2.2237
2.2
2.1242
2.1102
2.1285
2.1303
2.1435
2.1985
2.2927
2.3471
2.3452
2.3705
2.4464
2.4556
2.4065
2.3553
2.3113
2.2428
2.2654
2.4241
2.5796
2.6418
2.6692
2.7177
2.6991
2.5787
2.4807
2.4867
2.4768
2.4921
2.5788
2.6613
2.7128
2.6918
2.6721
2.6558
2.6151
2.5453
2.5118
2.4831
2.4502
2.4402
2.5046
2.6005
2.6423
2.6483
2.6738
2.7178
2.6777
2.5882
2.5234
2.5206
2.5258
2.608
2.7297
2.8248
2.8199
2.8206
2.8452
2.8417
2.7973
2.7721
2.7919
2.7978
2.797
2.8556
2.9727
3.0088
3.0099
2.9986
3.0081
2.9898
2.9432
2.8928
2.8643
2.8273
2.8225
2.9307
3.0046
3.0264
2.9876
2.9949
3.0044
2.9603
2.8982
2.8783
2.8383
2.8243
2.8694
2.938
3.0065
2.983
2.9824
3.0189
3.0293
2.9518
2.8806
2.8169
2.7938
2.8013
2.8936
3.0074
3.0256
2.9967
2.9943
3.0226
2.9699
2.8989
2.8425
2.8225
2.7918
2.8209
2.8775
2.9503
2.9493
2.952
2.9931
2.9988
2.9706
2.9168
2.9006
2.8907
2.9033
2.9758
3.0832
3.1351
3.1335
3.1246
3.1166
3.0997
3.0597
3.0737
3.0921
3.0755
3.0793
3.1149
3.1625
3.1823
3.169
3.1704
3.1961
3.1997
3.2063
3.1719
3.1263
3.0493
3.0193
3.0602
3.129
3.1663
3.17
3.1955
3.183
3.1088
3.0277
2.9936
2.9772
2.9919
3.0437
3.113
3.1273
3.1085
3.1002
3.0861
3.0623
3.0469
3.0854
3.1159
3.1214
3.1132
3.1423
3.1991
3.2241
3.2488
3.2916
3.3455
3.3706
3.391
3.3738
3.35
3.309
3.331
3.3889
3.4414
3.469
3.4742
3.4918
3.4572
3.3741
3.2729
3.2707
3.2421
3.2089
3.2317
3.2361
3.2485
3.2431
3.2893
3.3328
3.3265
3.2818
3.2532
3.2298
3.1651
3.136
3.1364
3.1658
3.218
3.2978
3.3836
3.4002
3.3508
3.3056
3.2749
3.2303
3.1875
3.1845
3.1671
3.1119
3.1214
3.1833
3.2146
3.2285
3.2987
3.4181
3.4803
3.4645
3.4265
3.346
3.2153
3.1279
3.1291
3.2086
3.2755
3.3234
3.4206
3.5161
3.5432
3.5174
3.4587
3.3481
3.166
3.0427
2.9656
2.9535
2.9811
3.0826
3.2251
3.3838
3.5057
3.5409
3.4243
3.2252
2.9773
2.7824
2.6689
2.5939
2.6257
2.773
2.9703
3.1516
3.2672
3.3298
3.318
3.1728
2.9651
2.8134
2.7051
2.5964
2.5646
2.6845
2.9166
3.1493
3.3574
3.541
3.5502
3.4173
3.2389
3.0232
2.8215
2.6507
2.5651
2.587
2.6544
2.8139
3.0357
3.1899
3.2513
3.2295
3.1891
3.1266
3.0066
2.838
2.7196
2.6559
2.6753
2.7804
2.939
3.0846
3.1519
3.1736
3.1636
3.1095
3.0199
2.9526
2.9249
2.9238
2.9601
3.0337
3.0925
3.0598
2.9348
2.8345
2.8183
2.8408
2.8851
2.9703
3.0747
3.1683
3.2271
3.2851
3.282
3.1575
3.0447
2.9617
2.8758
2.7842
2.7404
2.8058
2.976
3.1449
3.3517
3.5345
3.5709
3.4983
3.3597
3.225
3.0902
2.9707
2.9305
2.9345
2.9141
2.9815
3.1149
3.2507
3.3038
3.278
3.2522
3.2341
3.2195
3.2143
3.2012
3.1606
3.1442
3.1967
3.2653
3.2734
3.1944
3.0576
3.0476
3.0531
3.0619
3.0873
3.1815
3.3485
3.5156
3.6252
3.6817
3.6555
3.5848
3.4675
3.3569
3.2134
3.0527
3.1095
3.1985
3.3048
3.448
3.5872
3.7507
3.7878
3.762
3.7233
3.6442
3.5376
3.4385
3.3305
3.29
3.3269
3.3598
3.4333
3.3745
3.3815
3.3801
3.3689
3.3921
3.4111
3.515
3.6391
3.7633
3.8405
3.9066
3.8989
3.8056
3.7015
3.5973
3.4774
3.3241
3.3212
3.3558
3.4537
3.5659
3.6943
3.8536
3.9403
3.9454
3.9257
3.8368
3.75
3.6316
3.5175
3.427
3.3481
3.3855
3.4434
3.4818
3.3719
3.2805
3.2215
3.2236
3.2163
3.349
3.4585
3.6576
3.8352
3.9453
4.0831
4.1269
4.0408
3.8743
3.7378
3.6206
3.4993
3.3918
3.4594
3.5125
3.5723
3.6896
3.8485
3.9165
3.9535
3.9147
3.9006
3.8622
3.7891
3.7661
3.7793
3.7604
3.7206
3.7003
3.6521
3.5635
3.4433
3.3585
3.2601
3.2183
3.279
3.3915
3.5806
3.7628
3.9364
4.1216
4.2617
4.2646
4.2457
4.1953
4.0868
3.8795
3.7205
3.6283
3.5865
3.6271
3.6211
3.6142
3.6123
3.5039
3.4392
3.4524
3.4135
3.4452
3.5318
3.6773
3.8474
4.0428
4.128
4.09
4.0066
3.7769
3.6802
3.5384
3.398
3.343
3.2681
3.2192
3.3174
3.4291
3.5435
3.7014
3.733
3.737
3.7702
3.7675
3.7375
3.7463
3.7918
3.8672
3.8943
3.9687
3.9382
3.7594
3.5525
3.3353
3.1025
2.8898
2.8063
2.84
2.9183
3.0375
3.2115
3.3887
3.5701
3.6557
3.698
3.7295
3.7564
3.7657
3.7588
3.7885
3.7585
3.7424
3.7552
3.7178
3.6272
3.5112
3.3298
3.1535
3.0283
2.9391
2.9422
3.05
3.2231
3.4058
3.6132
3.7481
3.7982
3.7554
3.7159
3.6492
3.5632
3.4441
3.3968
3.3606
3.2406
3.1774
3.1256
3.0556
2.9026
2.7553
2.6386
2.585
2.5635
2.5879
2.6865
2.8665
3.0874
3.3309
3.5903
3.719
3.7488
3.701
3.6237
3.5251
3.3757
3.243
3.1759
3.119
3.1034
3.0623
2.9721
2.8122
2.636
2.536
2.4569
2.404
2.4027
2.5812
2.7997
3.008
3.221
3.4319
3.5616
3.5875
3.5736
3.5173
3.4151
3.2817
3.1816
3.1032
3.0401
2.9861
2.9781
2.9498
2.8455
2.7014
2.5638
2.4726
2.38
2.3852
2.5213
2.7088
2.9236
3.1348
3.3463
3.4983
3.5825
3.5813
3.5618
3.5149
3.4265
3.3075
3.2008
3.0689
2.9708
2.9048
2.8506
2.7603
2.5765
2.4015
2.2476
2.1624
2.0799
2.0873
2.2068
2.4391
2.6947
2.9945
3.2433
3.3988
3.4573
3.4757
3.4994
3.4735
3.4545
3.4548
3.4518
3.3946
3.3233
3.2357
3.134
2.9321
2.6974
2.4951
2.346
2.2199
2.1231
2.1394
2.2107
2.3551
2.5745
2.8378
3.0258
3.1428
3.2088
3.2899
3.3348
3.3287
3.3507
3.3989
3.4545
3.4901
3.529
3.4779
3.3179
3.0631
2.7907
2.5621
2.3361
2.1512
2.0581
2.1004
2.18
2.3306
2.5251
2.6792
2.7697
2.8242
2.9247
3.023
3.111
3.2459
3.4536
3.6585
3.8253
3.9835
4.0484
4.002
3.8137
3.5298
3.2399
2.9271
2.6419
2.3984
2.214
2.1129
2.0793
2.1231
2.201
2.2227
2.2306
2.2279
2.2579
2.3147
2.4083
2.5362
2.7163
2.9472
3.2517
3.5431
3.7627
3.9391
3.9861
3.9092
3.7209
3.4916
3.2408
2.9707
2.719
2.5458
2.4331
2.3706
2.3328
2.2943
2.2327
2.1828
2.0851
2.0011
1.9245
1.9337
2.0337
2.218
2.5092
2.9183
3.3204
3.6939
4.0322
4.2529
4.3957
4.4219
4.3403
4.1721
3.9921
3.82
3.6481
3.4882
3.3763
3.2852
3.1502
2.9968
2.8352
2.6206
2.3471
2.0827
1.8817
1.7627
1.7679
1.8765
2.0819
2.3562
2.7395
3.132
3.4998
3.8461
4.135
4.3248
4.4
4.3796
4.3138
4.2248
4.104
3.9694
3.8239
3.6886
3.5592
3.4409
3.262
3.0456
2.7883
2.5107
2.2341
1.9631
1.7352
1.6249
1.6336
1.7103
1.8539
2.0764
2.3532
2.6665
2.9904
3.3047
3.6167
3.9097
4.1506
4.3022
4.373
4.3822
4.3315
4.2437
4.1106
3.9512
3.7694
3.5752
3.3767
3.1179
2.8415
2.5846
2.3287
2.0656
1.8045
1.5502
1.3505
1.2097
1.1816
1.2415
1.3673
1.5874
1.8801
2.2168
2.6119
3.012
3.4008
3.7958
4.0877
4.2868
4.3719
4.3862
4.3648
4.2753
4.126
3.9216
3.6898
3.4518
3.2318
3.0065
2.6958
2.3928
2.1172
1.8639
1.6606
1.3808
1.1514
0.97458
0.88524
0.86411
0.92045
1.029
1.2433
1.5439
1.9289
2.3033
2.7381
3.1789
3.6005
4.0421
4.2735
4.4691
4.5528
4.5452
4.4683
4.2831
4.0524
3.778
3.4514
3.1481
2.844
2.5578
2.3264
2.0458
1.7307
1.5157
1.3018
1.1727
0.96727
0.82496
0.77138
0.74175
0.81832
0.9586
1.2142
1.5176
1.9313
2.3636
2.8336
3.3259
3.7539
4.1622
4.5241
4.8329
4.9307
4.9884
4.9433
4.7861
4.562
4.2425
3.8611
3.4661
3.0609
2.6944
2.3137
1.9591
1.6601
1.4294
1.3066
1.1579
1.0638
0.98659
1.0402
1.1104
1.2322
1.4037
1.6582
1.8704
2.2203
2.5429
2.8671
3.2648
3.6269
4.0198
4.4201
4.8043
5.0906
5.2551
5.3427
5.3681
5.2008
5.0006
4.7164
4.348
3.9054
3.4678
2.9878
2.5491
2.1049
1.6804
1.3309
1.0399
0.85418
0.81029
0.85604
0.92999
1.0741
1.3169
1.6166
2.0026
2.4285
2.8219
3.1691
3.5342
3.8742
4.2069
4.5206
4.7966
5.0273
5.2113
5.2981
5.3364
5.3382
5.3252
5.2011
5.0165
4.8124
4.5231
4.2683
3.9749
3.5427
3.1556
2.7184
2.2658
1.8746
1.4888
1.2021
1.0071
0.88235
0.81748
0.91654
1.169
1.5242
2.0247
2.4573
2.9807
3.5259
3.9957
4.5499
5.0752
5.4666
5.8151
6.1324
6.2452
6.2878
6.2627
6.1101
5.8924
5.5762
5.2366
4.9096
4.5812
4.2924
3.9795
3.684
3.4047
3.0977
2.8304
2.6171
2.4205
2.2161
2.0742
2.015
1.9407
1.8987
1.9679
2.0998
2.3433
2.6154
2.928
3.3052
3.7175
4.1955
4.6659
5.1667
5.6587
6.098
6.5445
6.8835
7.0779
7.2136
7.2446
7.1051
6.8446
6.5349
6.1717
5.7676
5.3302
4.8406
4.3328
3.7969
3.3071
2.8962
2.5461
2.2261
2.0599
2.0046
2.0368
2.2136
2.4153
2.709
3.0823
3.521
3.9844
4.4407
4.8812
5.3156
5.7315
6.1295
6.4658
6.7534
7.0072
7.2296
7.3614
7.4343
7.4626
7.4384
7.3086
7.1528
7.0304
6.8909
6.743
6.5297
6.3113
6.0629
5.7821
5.4112
5.0358
4.6617
4.2923
3.956
3.6063
3.3506
3.1854
3.0813
3.0616
3.163
3.3861
3.6781
4.0378
4.4708
4.9492
5.5106
6.1067
6.7149
7.3309
7.8671
8.363
8.819
9.1295
9.327
9.394
9.3562
9.1774
8.8244
8.4599
8.0502
7.6253
7.1802
6.7296
6.2585
5.7866
5.3226
4.9039
4.5674
4.2742
4.063
3.9881
4.032
4.1443
4.2847
4.529
4.8441
5.1801
5.5883
5.9782
6.3446
6.6972
7.0342
7.3519
7.6578
7.9288
8.1972
8.4475
8.6751
8.8039
8.9146
8.9794
8.9494
8.9144
8.8542
8.7531
8.6366
8.5171
8.3712
8.2169
8.044
7.8417
7.5625
7.2663
6.9434
6.571
6.2057
5.8484
5.5471
5.2662
5.0273
4.8698
4.8234
4.843
4.9534
5.1607
5.4529
5.8047
6.223
6.7032
7.2088
7.7359
8.2844
8.8137
9.3336
9.7856
10.126
10.393
10.563
10.578
10.499
10.372
10.111
9.7618
9.3587
8.8889
8.3965
7.8724
7.3338
6.8116
6.3205
5.9263
5.6095
5.3589
5.2145
5.1554
5.1907
5.3227
5.5274
5.8136
6.1623
6.5485
6.955
7.3579
7.7456
8.1001
8.4212
8.6972
8.8901
9.0018
9.0481
9.0463
8.9779
8.8714
8.6633
8.4527
8.228
7.9862
7.7598
7.5822
7.3962
7.2354
7.1547
7.145
7.1393
7.187
7.2943
7.3946
7.5078
7.6656
7.8027
7.931
8.0484
8.1505
8.2153
8.225
8.2221
8.1497
8.0351
7.9026
7.7452
7.5586
7.3697
7.1649
6.9473
6.772
6.6367
6.5133
6.4251
6.4095
6.4367
6.4933
6.6055
6.7632
6.912
7.0946
7.2922
7.4858
7.6786
7.8815
8.0576
8.2007
8.3124
8.3807
8.3719
8.3672
8.3209
8.2098
8.0998
7.9623
7.7924
7.6029
7.4529
7.3031
7.1551
7.0525
6.9859
6.9295
6.9044
6.9242
6.9649
7.0372
7.1378
7.2106
7.2934
7.3824
7.4572
7.5282
7.5696
7.5779
7.5716
7.522
7.4331
7.3291
7.1997
7.0383
6.889
6.734
6.5667
6.4105
6.2819
6.1934
6.1678
6.1864
6.2361
6.359
6.5362
6.7254
6.9768
7.2851
7.5758
7.8822
8.1978
8.4821
8.7038
8.8985
9.0664
9.159
9.1858
9.16
9.0727
8.9038
8.6704
8.3813
8.0315
7.6469
7.225
6.7853
6.336
5.9059
5.5154
5.1637
4.8829
4.666
4.5477
4.5297
4.6029
4.773
5.0222
5.341
5.7256
6.182
6.657
7.1341
7.6371
8.0929
8.5281
8.9182
9.2452
9.5034
9.7007
9.803
9.8083
9.7401
9.5789
9.3186
8.9925
8.6107
8.1766
7.6982
7.203
6.7189
6.2482
5.8219
5.4775
5.1946
4.9892
4.8846
4.8718
4.924
5.0556
5.2759
5.56
5.8867
6.236
6.5895
6.9538
7.3561
7.7197
8.014
8.2799
8.4983
8.6563
8.7637
8.7893
8.7123
8.5359
8.301
8.022
7.693
7.3113
6.912
6.5078
6.1196
5.7519
5.4379
5.1628
4.9598
4.8472
4.8604
4.9421
5.0757
5.2763
5.5689
5.9069
6.2681
6.6435
7.0276
7.3773
7.741
8.0981
8.3985
8.6271
8.7746
8.8646
8.8809
8.8174
8.6603
8.4147
8.0729
7.6641
7.2018
6.7111
6.2127
5.7147
5.2123
4.7353
4.289
3.9131
3.6301
3.4326
3.3453
3.3422
3.4605
3.68
3.9815
4.367
4.7849
5.2308
5.7012
6.1959
6.6832
7.1638
7.6314
8.0527
8.4167
8.7012
8.8794
8.9749
9.0225
8.9509
8.7522
8.4599
8.0493
7.5879
7.0953
6.5762
6.0394
5.4772
4.9293
4.4109
3.9156
3.4698
3.1243
2.8916
2.7445
2.7048
2.7683
2.9227
3.1519
3.4382
3.7497
4.0841
4.4582
4.8881
5.3244
5.7672
6.1881
6.5815
6.9063
7.163
7.3718
7.4937
7.55
7.5292
7.3999
7.153
6.847
6.5005
6.1243
5.7246
5.3044
4.8647
4.4445
4.0484
3.6686
3.3046
3.0447
2.8724
2.7605
2.7594
2.8509
3.0299
3.2451
3.4716
3.7292
4.0078
4.3047
4.6252
4.9716
5.2937
5.6087
5.896
6.1464
6.3327
6.4355
6.4606
6.427
6.3536
6.1702
5.8579
5.4758
5.0951
4.6904
4.2419
3.8047
3.3553
2.9175
2.5267
2.1682
1.8536
1.581
1.4132
1.353
1.3602
1.475
1.6986
2.0001
2.3225
2.6621
3.0119
3.3871
3.7941
4.2158
4.6692
5.0956
5.4703
5.7975
6.1006
6.3101
6.4082
6.4338
6.3747
6.2472
6.0146
5.6733
5.2601
4.8108
4.3275
3.8002
3.2439
2.6913
2.1331
1.6058
1.1172
0.66959
0.24976
-0.045674
-0.23876
-0.34945
-0.35349
-0.23081
-9.9671e-005
0.26239
0.55976
0.87184
1.2156
1.6023
2.0354
2.4962
2.9959
3.4601
3.8938
4.2926
4.6576
4.9566
5.1395
5.223
5.2459
5.1955
5.0249
4.7539
4.4341
4.078
3.6836
3.2531
2.7615
2.2655
1.7731
1.2628
0.81179
0.37682
-0.029135
-0.33043
-0.5505
-0.68711
-0.73166
-0.68841
-0.54008
-0.3673
-0.18894
0.024984
0.25557
0.52155
0.82106
1.1583
1.5224
1.895
2.2466
2.5724
2.863
3.0918
3.2311
3.3005
3.3466
3.2947
3.1427
2.9271
2.6601
2.3639
2.0385
1.6889
1.3116
0.92248
0.53009
0.15626
-0.21415
-0.57361
-0.907
-1.1116
-1.2691
-1.3523
-1.3212
-1.2478
-1.0837
-0.84604
-0.59096
-0.33192
-0.065325
0.22239
0.52664
0.83799
1.1721
1.5012
1.8206
2.1254
2.3914
2.6073
2.7403
2.8145
2.8318
2.7601
2.5991
2.3753
2.1047
1.7736
1.372
0.95594
0.5531
0.13741
-0.29365
-0.70332
-1.09
-1.4573
-1.7996
-2.072
-2.2527
-2.3853
-2.4239
-2.3295
-2.1832
-2.0477
-1.8107
-1.5188
-1.1974
-0.84452
-0.48181
-0.094971
0.30302
0.69169
1.0679
1.3932
1.6661
1.9054
2.1027
2.2567
2.3437
2.3691
2.3234
2.2165
2.0524
1.8544
1.6258
1.3586
1.068
0.76309
0.43136
0.10161
-0.18614
-0.45587
-0.72554
-0.95138
-1.1316
-1.2969
-1.3807
-1.4271
-1.441
-1.4223
-1.3536
-1.2832
-1.1633
-1.0116
-0.86654
-0.72507
-0.54168
-0.37946
-0.24019
-0.084687
0.049852
0.13676
0.24343
0.34158
0.38977
0.42048
0.4506
0.45573
0.44077
0.44922
0.44605
0.43018
0.41101
0.38364
0.36589
0.36646
0.37506
0.3874
0.4119
0.45285
0.47874
0.49929
0.53241
0.57979
0.61209
0.63737
0.66622
0.67187
0.65257
0.63387
0.59849
0.52913
0.46312
0.37001
0.25008
0.13083
0.0083387
-0.15608
-0.31383
-0.43765
-0.59888
-0.76225
-0.8796
-0.97295
-1.0791
-1.159
-1.1861
-1.1964
-1.184
-1.1303
-1.0395
-0.92998
-0.80174
-0.64325
-0.45012
-0.24138
-0.037444
0.16836
0.39383
0.6106
0.81974
1.0219
1.1959
1.3448
1.4598
1.5352
1.5903
1.6192
1.5819
1.5095
1.4227
1.2945
1.1335
0.94697
0.73455
0.50756
0.28603
0.048227
-0.18019
-0.3807
-0.57668
-0.77442
-0.91069
-1.0123
-1.1118
-1.17
-1.1817
-1.1629
-1.1305
-1.0416
-0.91827
-0.78736
-0.63198
-0.45389
-0.294
-0.11494
0.077754
0.24955
0.40752
0.56225
0.70191
0.80856
0.89298
0.96564
0.99672
0.99376
0.97717
0.9522
0.89075
0.78661
0.67721
0.57448
0.45343
0.32182
0.19865
0.074709
-0.043437
-0.13923
-0.22343
-0.29774
-0.35611
-0.38976
-0.42498
-0.41881
-0.37769
-0.35939
-0.33496
-0.26397
-0.18124
-0.1273
-0.05752
0.028786
0.093911
0.15792
0.23624
0.29446
0.32136
0.35098
0.38066
0.3698
0.35409
0.34195
0.31253
0.27565
0.23972
0.19054
0.12183
0.06263
0.020251
-0.036187
-0.087786
-0.12957
-0.16774
-0.18701
-0.20584
-0.22872
-0.23228
-0.2168
-0.20515
-0.19022
-0.15423
-0.12986
-0.10966
-0.062587
-0.016152
0.01406
0.039234
0.062307
0.088871
0.11145
0.13225
0.12219
0.10706
0.11064
0.095121
0.067436
0.058889
0.042115
0.018991
-3.1992e-005
0.004571
0.00088555
-0.015264
-0.015425
-0.0048049
0.0071132
0.020547
0.058245
0.089392
0.11669
0.15946
0.19802
0.23361
0.2722
0.30464
0.32946
0.35686
0.38595
0.40544
0.41529
0.40551
0.37901
0.34916
0.32786
0.27823
0.20317
0.13897
0.065121
-0.02145
-0.10497
-0.18148
-0.26695
-0.36054
-0.43168
-0.4805
-0.5278
-0.57053
-0.60139
-0.61951
-0.62553
-0.61504
-0.59143
-0.54583
-0.48333
-0.41487
-0.32251
-0.21571
-0.10287
0.0088049
0.12181
0.25265
0.38311
0.49516
0.59885
0.71984
0.82369
0.90319
0.96937
1.0285
1.0579
1.0772
1.0918
1.0678
1.0299
0.99977
0.95684
0.87896
0.7874
0.6799
0.55588
0.44141
0.33752
0.22599
0.09984
-0.022353
-0.13612
-0.24184
-0.33095
-0.42376
-0.5145
-0.57264
-0.61728
-0.66015
-0.68696
-0.68881
-0.68536
-0.68
-0.64567
-0.59371
-0.53804
-0.4782
-0.39801
-0.31145
-0.23006
-0.13887
-0.0354
0.068608
0.162
0.26093
0.35913
0.46407
0.55743
0.64152
0.71508
0.78462
0.84681
0.90277
0.94248
0.97753
1.0062
1.0153
1.009
1.0015
0.98728
0.94753
0.89698
0.84213
0.76956
0.69591
0.63256
0.55542
0.44821
0.34139
0.24642
0.14505
0.033026
-0.061416
-0.14793
-0.24681
-0.35286
-0.43212
-0.4973
-0.56446
-0.63442
-0.67651
-0.6941
-0.71843
-0.73388
-0.72801
-0.70035
-0.67149
-0.63411
-0.56999
-0.48968
-0.412
-0.32236
-0.22274
-0.11106
0.0041791
0.11217
0.22169
0.33863
0.44765
0.5485
0.65889
0.76317
0.84118
0.90965
0.98016
1.0367
1.078
1.1059
1.1275
1.1316
1.1112
1.0778
1.0286
0.97289
0.91243
0.84879
0.75946
0.6521
0.54694
0.44453
0.33192
0.21923
0.10359
-0.020512
-0.13118
-0.22974
-0.32522
-0.41705
-0.49407
-0.56619
-0.62915
-0.67012
-0.70132
-0.73207
-0.74607
-0.73686
-0.70627
-0.67493
-0.63143
-0.57082
-0.49427
-0.42068
-0.33665
-0.22381
-0.10271
0.0035713
0.12168
0.24063
0.36024
0.47395
0.58736
0.68822
0.78652
0.87729
0.95847
1.029
1.0804
1.1283
1.169
1.1791
1.1807
1.1791
1.141
1.0872
1.0562
1.0087
0.92165
0.82458
0.73184
0.63535
0.53383
0.43672
0.32406
0.20401
0.1002
0.005575
-0.089324
-0.19397
-0.28077
-0.35271
-0.41812
-0.47439
-0.52583
-0.56067
-0.58847
-0.60292
-0.59359
-0.57247
-0.56049
-0.54909
-0.50796
-0.45518
-0.40473
-0.35387
-0.27806
-0.19702
-0.13229
-0.063507
0.02425
0.11653
0.20278
0.28252
0.35775
0.42672
0.4983
0.56736
0.61878
0.67328
0.73193
0.76985
0.7919
0.82274
0.83567
0.83576
0.84052
0.85144
0.83896
0.79684
0.74545
0.7086
0.66104
0.59607
0.52912
0.45639
0.37162
0.28639
0.21093
0.12632
0.028602
-0.057046
-0.12854
-0.20762
-0.29428
-0.37574
-0.43364
-0.48788
-0.53061
-0.56393
-0.58459
-0.60218
-0.60966
-0.59863
-0.57292
-0.53642
-0.50039
-0.45134
-0.39169
-0.32557
-0.25137
-0.17518
-0.093024
-0.0017741
0.073092
0.14367
0.22972
0.32575
0.39179
0.45425
0.517
0.58689
0.6394
0.6655
0.68927
0.71098
0.71227
0.70237
0.70963
0.70153
0.6615
0.61686
0.58018
0.53551
0.48059
0.42061
0.35971
0.30012
0.23513
0.16915
0.10788
0.049857
-0.0084974
-0.061072
-0.10719
-0.15624
-0.20891
-0.25041
-0.27015
-0.2933
-0.32696
-0.35083
-0.35524
-0.358
-0.36629
-0.36564
-0.34888
-0.33171
-0.3125
-0.2812
-0.25275
-0.21805
-0.18877
-0.14488
-0.094864
-0.045249
0.0018257
0.043875
0.099899
0.15787
0.1921
0.22525
0.28105
0.35416
0.40435
0.44276
0.48449
0.52692
0.55247
0.56739
0.59847
0.62358
0.61952
0.61112
0.61735
0.60307
0.57524
0.54371
0.50993
0.46841
0.42181
0.37153
0.31738
0.27616
0.22636
0.16414
0.11347
0.055904
-0.0084316
-0.058131
-0.10308
-0.14816
-0.2002
-0.23897
-0.25595
-0.28177
-0.31286
-0.32428
-0.32071
-0.31619
-0.3022
-0.28592
-0.26503
-0.24452
-0.20804
-0.17088
-0.12471
-0.074101
-0.037016
-0.0033465
0.036686
0.090958
0.13868
0.1691
0.2052
0.25241
0.27996
0.2951
0.31817
0.35265
0.3704
0.37152
0.37731
0.39758
0.40124
0.38494
0.36187
0.35417
0.33635
0.31306
0.30056
0.28271
0.24623
0.21257
0.18617
0.16705
0.14239
0.11198
0.081137
0.058491
0.044273
0.021459
-0.010496
-0.025022
-0.033516
-0.050112
-0.067224
-0.075878
-0.089742
-0.098702
-0.091364
-0.094506
-0.10546
-0.1056
-0.095808
-0.087778
-0.088645
-0.074315
-0.061631
-0.044915
-0.030498
-0.026954
-0.0164
0.0040504
0.025652
0.040688
0.049862
0.06584
0.088979
0.11299
0.13603
0.15258
0.16631
0.16669
0.17715
0.202
0.22849
0.23895
0.23345
0.23499
0.24776
0.24845
0.23556
0.22215
0.21826
0.20522
0.18878
0.1792
0.16196
0.14528
0.12544
0.10895
0.1047
0.09587
0.071823
0.055514
0.053819
0.051257
0.031692
0.016285
0.011779
0.013568
0.015213
0.017133
0.014682
0.010406
0.026635
0.044901
0.041162
0.038459
0.050658
0.072336
0.089675
0.10477
0.11161
0.12659
0.13838
0.14406
0.1523
0.16354
0.17025
0.16261
0.17267
0.18352
0.17899
0.16827
0.16064
0.15377
0.14872
0.1324
0.11755
0.10743
0.097314
0.078667
0.066573
0.054203
0.036416
0.035328
0.037782
0.025245
0.01005
0.0056431
0.0044211
-0.0051253
-0.020861
-0.031478
-0.030899
-0.026994
-0.03126
-0.033722
-0.025181
-0.01926
-0.019607
-0.0084077
0.0022457
0.0038514
-0.0015981
0.01395
0.026975
0.032702
0.041563
0.042391
0.038793
0.048026
0.05764
0.057097
0.052485
0.061267
0.066434
0.072687
0.066433
0.057646
0.058853
0.05572
0.038228
0.022834
0.031201
0.039344
0.013823
-0.0116
-0.019841
-0.021472
-0.040596
-0.054516
-0.053652
-0.063422
-0.09734
-0.12198
-0.11728
-0.11546
-0.12843
-0.13429
-0.14053
-0.14456
-0.14531
-0.14306
-0.14705
-0.14714
-0.14943
-0.14565
-0.13292
-0.12905
-0.13298
-0.12247
-0.10907
-0.096987
-0.091056
-0.08271
-0.071638
-0.054119
-0.026481
-0.0075351
0.0044441
0.013555
0.03277
0.051401
0.060946
0.063958
0.073355
0.095436
0.117
0.1233
0.1228
0.1228
0.1256
0.1212
0.12593
0.12576
0.11033
0.098553
0.096958
0.091477
0.071449
0.05039
0.045681
0.023116
-0.010974
-0.04499
-0.053305
-0.069178
-0.10545
-0.14276
-0.15915
-0.19955
-0.2386
-0.25356
-0.25466
-0.26442
-0.27626
-0.27975
-0.27478
-0.25979
-0.25329
-0.24715
-0.22578
-0.1944
-0.16561
-0.13923
-0.11897
-0.08471
-0.046501
-0.01659
0.013538
0.054259
0.092466
0.12279
0.16747
0.20766
0.23617
0.26851
0.28882
0.30288
0.3211
0.34197
0.34919
0.3481
0.34282
0.34427
0.34312
0.32555
0.29753
0.27965
0.27254
0.24693
0.21651
0.19246
0.17276
0.14374
0.10326
0.075263
0.051427
0.024664
-0.013519
-0.040513
-0.062492
-0.096287
-0.13896
-0.1686
-0.1916
-0.21348
-0.24716
-0.2813
-0.28919
-0.2881
-0.29845
-0.30927
-0.30486
-0.30884
-0.29588
-0.28035
-0.26979
-0.26143
-0.24045
-0.22045
-0.18984
-0.15581
-0.13529
-0.10569
-0.065935
-0.027357
0.010079
0.046777
0.079911
0.11866
0.17418
0.22204
0.2432
0.26281
0.29093
0.32971
0.35396
0.36358
0.36544
0.36545
0.36939
0.36973
0.3582
0.34072
0.31524
0.28377
0.26437
0.24765
0.2079
0.16281
0.13239
0.097332
0.032388
-0.023961
-0.051641
-0.081704
-0.1475
-0.21354
-0.25566
-0.28406
-0.32049
-0.35525
-0.37478
-0.40498
-0.44147
-0.45663
-0.44649
-0.44077
-0.44503
-0.44505
-0.4288
-0.4076
-0.38365
-0.37061
-0.35171
-0.31596
-0.2695
-0.23081
-0.1968
-0.15827
-0.11588
-0.065081
-0.017177
0.021732
0.063262
0.11152
0.16054
0.20372
0.23864
0.27496
0.30501
0.33165
0.35322
0.37455
0.38793
0.39445
0.39109
0.38777
0.39256
0.37913
0.34321
0.30728
0.29431
0.26996
0.23779
0.19016
0.15018
0.11095
0.0636
0.0082646
-0.024208
-0.05294
-0.099799
-0.16103
-0.20934
-0.25642
-0.29061
-0.32886
-0.37053
-0.39549
-0.41154
-0.43869
-0.46296
-0.4601
-0.45287
-0.45251
-0.44844
-0.42852
-0.40722
-0.37828
-0.3493
-0.32187
-0.29107
-0.25247
-0.2125
-0.16693
-0.12498
-0.079494
-0.034025
0.014384
0.058759
0.10902
0.15727
0.1926
0.22829
0.28239
0.33523
0.36685
0.38393
0.39855
0.4235
0.44498
0.44754
0.43151
0.41395
0.40059
0.37988
0.34453
0.3098
0.2711
0.22322
0.17626
0.12905
0.073309
0.0074511
-0.047581
-0.09107
-0.14973
-0.22094
-0.27799
-0.3304
-0.39715
-0.46023
-0.50362
-0.53956
-0.57272
-0.59943
-0.61224
-0.63203
-0.65551
-0.66391
-0.64748
-0.62879
-0.61407
-0.59083
-0.565
-0.52705
-0.47978
-0.43958
-0.41459
-0.37366
-0.3146
-0.2552
-0.19664
-0.14674
-0.10302
-0.045321
0.016519
0.07244
0.11986
0.15977
0.2031
0.25545
0.30744
0.33701
0.35881
0.37376
0.396
0.40965
0.41347
0.4094
0.3972
0.3764
0.35941
0.34675
0.30923
0.2618
0.21409
0.18044
0.13544
0.078289
0.010711
-0.035296
-0.080908
-0.15586
-0.24817
-0.3092
-0.36085
-0.41845
-0.49449
-0.55855
-0.60374
-0.63899
-0.67626
-0.70492
-0.72335
-0.74438
-0.76468
-0.75294
-0.72639
-0.70827
-0.68914
-0.66154
-0.61833
-0.56128
-0.51045
-0.47509
-0.42852
-0.35794
-0.28037
-0.21371
-0.1538
-0.091992
-0.02604
0.048689
0.10634
0.15168
0.20147
0.25925
0.30575
0.34558
0.37951
0.40912
0.42951
0.44556
0.45623
0.46523
0.47388
0.45929
0.43288
0.41525
0.41364
0.38909
0.34292
0.29964
0.26408
0.21741
0.16133
0.10912
0.063991
0.0096206
-0.056789
-0.12024
-0.17843
-0.23053
-0.281
-0.3457
-0.41139
-0.45983
-0.49194
-0.53314
-0.57694
-0.59616
-0.61126
-0.62719
-0.64213
-0.63731
-0.61818
-0.60761
-0.59162
-0.56042
-0.52303
-0.48485
-0.44299
-0.39816
-0.3461
-0.28225
-0.21694
-0.15506
-0.091273
-0.023057
0.048004
0.11156
0.16747
0.22956
0.29361
0.34502
0.38179
0.42347
0.46902
0.50446
0.51565
0.52488
0.53714
0.54286
0.53113
0.49896
0.47087
0.44255
0.41494
0.36901
0.31793
0.26352
0.20443
0.13722
0.088586
0.032751
-0.047103
-0.12724
-0.19383
-0.25979
-0.32604
-0.38119
-0.43451
-0.49691
-0.5517
-0.59278
-0.62634
-0.65543
-0.68796
-0.69121
-0.68976
-0.70108
-0.70998
-0.69101
-0.66421
-0.6422
-0.60952
-0.57276
-0.53746
-0.48273
-0.42488
-0.37065
-0.32123
-0.25887
-0.19212
-0.12182
-0.04944
0.011943
0.070538
0.13465
0.20106
0.26331
0.31648
0.36414
0.40336
0.45076
0.49683
0.52304
0.53179
0.54849
0.56044
0.55647
0.5405
0.52388
0.50073
0.46786
0.43107
0.39144
0.33656
0.27167
0.21332
0.16371
0.1102
0.02806
-0.062863
-0.12726
-0.19153
-0.26297
-0.3337
-0.39538
-0.44729
-0.49925
-0.55656
-0.60543
-0.63718
-0.66304
-0.68604
-0.68541
-0.68632
-0.69236
-0.69137
-0.66547
-0.62801
-0.59303
-0.55837
-0.51991
-0.46589
-0.39392
-0.32494
-0.27191
-0.21437
-0.14264
-0.059037
0.019195
0.088475
0.1434
0.21103
0.28542
0.35177
0.39985
0.44693
0.48733
0.53095
0.56973
0.5982
0.6145
0.62151
0.62411
0.61679
0.59729
0.58369
0.56009
0.52293
0.47413
0.438
0.38925
0.32113
0.24788
0.20169
0.15121
0.078324
-0.011761
-0.089131
-0.14999
-0.21543
-0.29014
-0.36481
-0.42748
-0.47213
-0.52654
-0.59101
-0.63974
-0.67416
-0.69787
-0.72361
-0.73054
-0.73316
-0.74065
-0.74925
-0.73002
-0.69097
-0.6638
-0.63944
-0.6011
-0.55053
-0.48189
-0.42055
-0.37116
-0.31389
-0.23634
-0.14915
-0.07571
-0.013173
0.047959
0.12656
0.20797
0.27329
0.32292
0.37546
0.42573
0.47183
0.50952
0.54494
0.57022
0.58205
0.58416
0.58039
0.57556
0.56672
0.53444
0.48941
0.4494
0.41728
0.35766
0.28376
0.22265
0.17134
0.095707
0.010439
-0.0681
-0.14328
-0.21616
-0.28759
-0.371
