1057
1056
1056
1057
1057
1057
1057
1057
1058
1058
1058
1058
1057
1057
1058
1059
1058
1057
1056
1056
1057
1057
1058
1058
1057
1058
1058
1056
1055
1054
1053
1053
1053
1054
1054
1055
1055
1056
1056
1055
1055
1055
1055
1055
1056
1056
1056
1056
1055
1055
1055
1055
1056
1056
1055
1054
1054
1055
1055
1054
1053
1052
1052
1053
1053
1053
1052
1052
1052
1052
1051
1050
1051
1052
1050
1049
1049
1049
1050
1049
1049
1050
1050
1050
1051
1051
1051
1051
1053
1052
1052
1052
1053
1053
1054
1054
1054
1054
1055
1055
1055
1055
1055
1056
1056
1056
1056
1056
1056
1056
1057
1057
1057
1057
1057
1058
1057
1057
1058
1057
1057
1058
1058
1058
1058
1058
1057
1056
1056
1057
1058
1058
1057
1056
1056
1057
1057
1058
1059
1058
1059
1059
1059
1057
1058
1058
1059
1058
1057
1057
1058
1058
1058
1057
1058
1058
1059
1059
1059
1059
1058
1059
1059
1061
1061
1062
1062
1062
1062
1062
1062
1063
1063
1063
1062
1063
1063
1064
1065
1064
1064
1065
1065
1065
1065
1065
1065
1066
1065
1066
1066
1066
1066
1065
1065
1064
1065
1065
1064
1064
1064
1064
1064
1063
1063
1063
1063
1064
1063
1063
1063
1063
1063
1063
1062
1063
1064
1063
1063
1063
1063
1064
1063
1062
1062
1062
1063
1063
1063
1063
1063
1063
1063
1061
1063
1063
1062
1061
1061
1062
1062
1062
1061
1061
1061
1062
1062
1060
1062
1062
1062
1060
1060
1061
1060
1060
1059
1058
1059
1059
1058
1056
1055
1055
1056
1055
1056
1055
1055
1056
1056
1056
1056
1057
1056
1055
1055
1056
1056
1056
1056
1055
1054
1054
1055
1055
1055
1055
1055
1055
1055
1056
1055
1054
1054
1055
1055
1056
1055
1053
1052
1051
1051
1051
1052
1051
1051
1052
1051
1051
1050
1050
1050
1051
1051
1052
1052
1053
1053
1052
1053
1053
1053
1053
1052
1053
1053
1054
1054
1055
1055
1056
1055
1054
1053
1053
1055
1054
1053
1052
1052
1052
1052
1052
1052
1053
1053
1052
1053
1051
1052
1053
1052
1052
1052
1052
1053
1053
1054
1053
1055
1054
1053
1053
1053
1054
1054
1053
1053
1054
1054
1054
1054
1055
1055
1055
1055
1056
1056
1057
1057
1057
1056
1056
1057
1057
1058
1058
1057
1056
1055
1056
1056
1056
1056
1056
1055
1055
1055
1055
1055
1056
1055
1054
1054
1055
1055
1056
1056
1056
1056
1056
1057
1057
1057
1056
1056
1055
1056
1056
1056
1057
1056
1055
1054
1054
1054
1055
1055
1054
1052
1054
1054
1054
1053
1054
1054
1054
1053
1052
1051
1052
1051
1052
1053
1053
1054
1054
1053
1053
1053
1054
1053
1052
1051
1052
1052
1051
1051
1050
1050
1050
1050
1051
1051
1052
1052
1052
1052
1052
1052
1051
1050
1050
1050
1051
1051
1051
1051
1051
1052
1052
1052
1052
1053
1052
1052
1052
1052
1053
1054
1053
1052
1053
1053
1054
1053
1052
1053
1053
1054
1053
1053
1054
1054
1053
1053
1053
1052
1053
1053
1053
1053
1054
1054
1053
1053
1052
1053
1053
1053
1053
1053
1052
1053
1052
1054
1053
1052
1053
1054
1054
1053
1053
1055
1054
1055
1055
1054
1053
1053
1053
1054
1054
1054
1055
1055
1054
1054
1054
1055
1055
1055
1054
1052
1052
1052
1053
1053
1053
1053
1054
1053
1053
1054
1053
1054
1054
1053
1054
1055
1056
1055
1056
1056
1057
1057
1058
1056
1056
1055
1053
1054
1054
1053
1052
1053
1053
1053
1054
1054
1054
1055
1055
1054
1054
1055
1055
1055
1054
1054
1054
1054
1054
1055
1056
1056
1056
1057
1057
1058
1058
1058
1057
1057
1058
1058
1058
1056
1056
1056
1056
1057
1056
1057
1057
1057
1058
1058
1058
1058
1057
1057
1059
1058
1057
1056
1057
1057
1057
1058
1059
1059
1060
1059
1059
1058
1058
1059
1059
1058
1058
1058
1059
1059
1058
1059
1059
1059
1059
1059
1058
1057
1056
1057
1057
1057
1058
1057
1058
1058
1058
1059
1058
1057
1057
1057
1057
1056
1056
1056
1056
1057
1056
1056
1056
1057
1057
1057
1057
1057
1057
1057
1057
1058
1057
1058
1058
1058
1057
1055
1054
1054
1055
1054
1053
1053
1053
1053
1053
1053
1053
1052
1053
1053
1053
1052
1053
1054
1055
1053
1053
1054
1054
1055
1054
1054
1054
1055
1056
1055
1054
1054
1055
1055
1056
1056
1056
1057
1057
1058
1058
1058
1060
1062
1062
1063
1064
1066
1067
1069
1070
1072
1074
1076
1078
1080
1083
1086
1088
1090
1093
1097
1099
1101
1106
1110
1112
1115
1119
1124
1128
1132
1137
1142
1147
1152
1158
1164
1170
1177
1183
1190
1196
1203
1211
1218
1224
1231
1239
1248
1255
1262
1271
1280
1288
1296
1305
1314
1325
1334
1344
1353
1365
1375
1384
1395
1407
1419
1430
1440
1453
1463
1474
1485
1499
1511
1522
1536
1550
1562
1574
1588
1603
1616
1628
1643
1658
1672
1686
1701
1715
1729
1745
1762
1777
1792
1809
1825
1839
1853
1868
1885
1901
1917
1932
1948
1966
1981
1995
2010
2028
2045
2061
2076
2094
2112
2128
2144
2163
2182
2197
2212
2230
2246
2262
2280
2298
2315
2331
2349
2368
2383
2398
2416
2432
2446
2461
2479
2496
2512
2530
2547
2562
2577
2595
2612
2627
2643
2660
2679
2694
2708
2724
2740
2754
2773
2790
2804
2818
2836
2853
2866
2879
2892
2909
2926
2939
2953
2971
2985
2998
3011
3027
3042
3056
3069
3086
3099
3112
3124
3140
3155
3168
3180
3196
3211
3225
3237
3248
3263
3274
3284
3296
3311
3326
3338
3350
3365
3379
3394
3405
3417
3431
3445
3457
3468
3483
3497
3508
3518
3533
3546
3556
3568
3582
3595
3609
3618
3628
3640
3654
3668
3678
3687
3699
3712
3724
3734
3744
3756
3769
3779
3787
3795
3808
3816
3826
3836
3848
3861
3869
3877
3889
3900
3911
3919
3927
3936
3947
3959
3967
3975
3986
3997
4008
4015
4023
4031
4041
4051
4059
4065
4071
4082
4094
4101
4109
4119
4128
4135
4141
4148
4158
4168
4176
4183
4192
4201
4207
4213
4223
4233
4240
4246
4250
4260
4266
4273
4278
4288
4295
4301
4307
4315
4321
4326
4336
4345
4351
4358
4366
4374
4381
4387
4392
4400
4409
4415
4420
4425
4433
4437
4442
4447
4455
4464
4469
4473
4481
4488
4493
4497
4506
4511
4516
4520
4527
4534
4539
4543
4551
4559
4563
4566
4572
4580
4583
4587
4594
4598
4602
4609
4616
4622
4625
4629
4636
4642
4647
4650
4656
4662
4665
4668
4674
4681
4684
4687
4690
4695
4702
4704
4707
4713
4720
4723
4726
4731
4734
4737
4739
4745
4749
4754
4757
4762
4764
4766
4772
4777
4780
4783
4788
4794
4795
4797
4803
4804
4806
4809
4815
4816
4817
4819
4824
4829
4832
4835
4840
4844
4845
4847
4852
4857
4859
4860
4866
4871
4872
4874
4875
4880
4884
4889
4891
4892
4892
4896
4901
4905
4906
4907
4909
4913
4917
4921
4922
4922
4927
4931
4937
4938
4938
4943
4946
4947
4948
4953
4958
4961
4962
4963
4967
4971
4971
4972
4973
4977
4981
4983
4984
4984
4988
4992
4997
4998
4998
5001
5005
5006
5007
5011
5015
5016
5015
5014
5018
5022
5021
5022
5027
5030
5033
5032
5032
5036
5039
5039
5040
5039
5042
5042
5041
5040
5044
5047
5052
5052
5050
5049
5053
5057
5055
5056
5056
5059
5062
5061
5062
5062
5065
5065
5066
5066
5069
5068
5068
5067
5071
5074
5075
5076
5076
5078
5081
5081
5081
5084
5088
5088
5086
5085
5088
5091
5090
5089
5093
5097
5095
5094
5097
5100
5102
5102
5102
5106
5109
5107
5105
5105
5107
5108
5108
5108
5110
5112
5114
5113
5112
5112
5115
5119
5121
5118
5116
5116
5118
5121
5124
5124
5122
5124
5126
5129
5127
5126
5129
5132
5132
5131
5131
5133
5135
5134
5135
5138
5141
5138
5136
5136
5138
5140
5141
5141
5140
5141
5144
5146
5145
5144
5147
5150
5149
5147
5146
5148
5150
5149
5148
5148
5150
5152
5151
5149
5148
5150
5150
5149
5148
5149
5151
5150
5149
5151
5154
5158
5156
5153
5151
5152
5155
5154
5154
5158
5160
5158
5156
5154
5156
5159
5158
5156
5159
5161
5160
5159
5158
5159
5163
5163
5162
5163
5165
5164
5163
5162
5164
5167
5167
5165
5166
5168
5171
5169
5168
5167
5169
5171
5169
5168
5170
5172
5171
5170
5169
5170
5172
5171
5169
5167
5170
5174
5172
5169
5167
5169
5171
5171
5170
5173
5175
5174
5172
5174
5176
5178
5177
5175
5173
5175
5177
5175
5174
5176
5179
5178
5177
5178
5180
5182
5181
5178
5177
5180
5182
5180
5178
5177
5180
5181
5180
5180
5178
5180
5181
5184
5182
5180
5182
5186
5188
5187
5185
5187
5189
5188
5186
5190
5192
5191
5188
5190
5192
5191
5190
5193
5196
5193
5191
5189
5192
5193
5192
5191
5193
5196
5193
5192
5194
5196
5194
5193
5194
5196
5193
5192
5193
5195
5194
5193
5196
5198
5196
5194
5193
5195
5194
5194
5196
5198
5196
5194
5196
5198
5197
5197
5199
5202
5199
5198
5200
5202
5200
5199
5201
5203
5201
5199
5197
5199
5198
5197
5196
5198
5196
5194
5192
5195
5196
5195
5194
5197
5199
5197
5195
5197
5199
5199
5198
5200
5198
5197
5199
5201
5199
5199
5202
5204
5202
5200
5199
5201
5199
5198
5197
5200
5198
5196
5194
5196
5198
5198
5198
5200
5201
5199
5198
5199
5203
5202
5201
5202
5204
5202
5201
5199
5201
5204
5203
5202
5203
5201
5199
5198
5199
5202
5202
5200
5202
5199
5197
5200
5201
5200
5199
5197
5199
5197
5195
5198
5200
5199
5200
5201
5203
5201
5200
5202
5203
5203
5202
5205
5203
5202
5203
5206
5204
5203
5206
5209
5207
5205
5207
5209
5207
5206
5209
5208
5206
5204
5205
5204
5202
5199
5202
5206
5204
5201
5202
5205
5203
5202
5205
5203
5201
5203
5205
5203
5201
5203
5206
5206
5203
5204
5206
5205
5202
5205
5208
5210
5209
5207
5209
5207
5204
5207
5211
5209
5207
5208
5210
5209
5208
5210
5212
5211
5209
5211
5209
5208
5207
5209
5209
5208
5210
5211
5209
5208
5210
5212
5210
5210
5212
5213
5211
5209
5211
5213
5212
5210
5213
5214
5212
5211
5212
5214
5213
5213
5214
5216
5214
5213
5214
5213
5213
5215
5217
5215
5214
5212
5214
5212
5211
5210
5212
5211
5209
5207
5209
5208
5207
5206
5208
5210
5208
5206
5208
5206
5204
5204
5206
5207
5205
5204
5202
5204
5205
5204
5203
5204
5206
5204
5202
5201
5202
5203
5203
5201
5202
5201
5199
5200
5203
5202
5201
5202
5203
5201
5200
5198
5200
5199
5199
5198
5199
5198
5198
5200
5201
5201
5200
5203
5199
5198
5196
5199
5197
5197
5199
5201
5199
5197
5199
5201
5199
5198
5201
5203
5201
5200
5201
5204
5202
5202
5200
5203
5200
5198
5197
5200
5198
5198
5197
5199
5197
5196
5198
5200
5198
5198
5201
5202
5203
5202
5199
5201
5203
5203
5202
5205
5203
5201
5203
5205
5204
5202
5202
5205
5202
5200
5197
5200
5202
5200
5200
5202
5203
5201
5198
5201
5199
5199
5202
5203
5202
5199
5202
5200
5198
5196
5200
5202
5200
5199
5200
5202
5200
5199
5202
5205
5202
5199
5201
5200
5198
5197
5200
5199
5198
5196
5198
5196
5194
5192
5195
5194
5193
5191
5193
5191
5190
5191
5195
5194
5193
5194
5192
5190
5189
5191
5195
5192
5190
5191
5193
5191
5189
5191
5190
5188
5186
5187
5185
5183
5182
5184
5186
5185
5183
5182
5183
5186
5183
5181
5183
5185
5188
5186
5184
5186
5188
5186
5185
5188
5190
5188
5185
5187
5189
5187
5186
5188
5191
5188
5185
5187
5189
5188
5187
5187
5189
5189
5188
5186
5188
5186
5185
5183
5185
5186
5185
5182
5180
5181
5183
5186
5185
5182
5183
5185
5183
5182
5182
5184
5186
5185
5183
5184
5185
5184
5182
5181
5183
5185
5182
5180
5177
5180
5181
5180
5179
5177
5179
5180
5179
5176
5173
5176
5179
5177
5175
5174
5176
5177
5175
5175
5175
5176
5177
5175
5173
5175
5177
5177
5177
5178
5179
5180
5179
5177
5178
5181
5183
5182
5180
5181
5183
5185
5183
5183
5186
5188
5185
5182
5183
5186
5186
5186
5186
5188
5186
5185
5183
5184
5183
5182
5181
5183
5184
5182
5180
5177
5180
5182
5185
5184
5182
5183
5185
5184
5182
5181
5183
5185
5184
5182
5184
5185
5188
5185
5184
5187
5188
5188
5186
5187
5190
5188
5186
5183
5185
5187
5186
5186
5189
5191
5188
5186
5188
5190
5189
5187
5191
5189
5186
5184
5186
5185
5182
5181
5184
5186
5184
5182
5184
5182
5179
5177
5179
5178
5176
5177
5179
5176
5173
5172
5173
5175
5172
5169
5170
5170
5167
5164
5165
5167
5163
5157
5153
5153
5150
5146
5144
5144
5144
5139
5135
5133
5130
5126
5122
5122
5122
5116
5110
5108
5107
5101
5096
5092
5090
5089
5084
5078
5076
5070
5063
5057
5056
5053
5046
5039
5036
5033
5027
5020
5016
5013
5007
5002
4998
4994
4986
4979
4976
4971
4964
4956
4949
4946
4940
4933
4926
4921
4917
4908
4900
4893
4889
4884
4878
4868
4861
4853
4848
4839
4831
4824
4819
4812
4803
4797
4791
4784
4775
4771
4761
4753
4747
4742
4734
4725
4719
4712
4704
4695
4688
4683
4675
4666
4660
4651
4641
4631
4625
4619
4609
4600
4594
4588
4580
4571
4564
4557
4548
4538
4532
4525
4516
4506
4501
4492
4484
4477
4469
4460
4451
4445
4436
4426
4416
4410
4401
4393
4385
4378
4369
4360
4351
4343
4334
4324
4317
4311
4303
4295
4287
4278
4268
4260
4252
4242
4233
4223
4215
4208
4198
4192
4185
4177
4168
4160
4152
4144
4134
4128
4120
4110
4101
4091
4085
4076
4067
4058
4050
4043
4033
4024
4015
4007
3999
3991
3983
3977
3969
3961
3952
3945
3938
3928
3919
3910
3903
3896
3887
3878
3868
3861
3854
3845
3835
3825
3819
3811
3803
3795
3787
3778
3770
3764
3757
3749
3742
3734
3725
3716
3710
3703
3694
3684
3678
3672
3663
3655
3647
3640
3633
3624
3615
3608
3601
3593
3585
3577
3570
3564
3555
3547
3541
3534
3527
3517
3512
3503
3494
3489
3482
3474
3467
3461
3453
3445
3436
3432
3423
3415
3409
3401
3393
3385
3380
3373
3366
3358
3353
3346
3339
3330
3325
3320
3312
3303
3298
3292
3284
3277
3271
3266
3258
3251
3246
3237
3229
3224
3218
3212
3206
3200
3194
3187
3180
3175
3167
3160
3153
3148
3141
3135
3129
3123
3117
3111
3106
3100
3094
3087
3079
3073
3066
3059
3052
3047
3042
3035
3029
3024
3018
3012
3007
3001
2996
2991
2984
2975
2970
2965
2958
2952
2946
2940
2935
2930
2925
2919
2914
2910
2903
2897
2892
2887
2881
2875
2870
2865
2859
2854
2847
2841
2837
2832
2825
2818
2811
2807
2802
2797
2792
2788
2781
2773
2769
2764
2758
2752
2748
2743
2737
2731
2727
2721
2715
2711
2705
2701
2696
2693
2687
2681
2677
2670
2663
2657
2654
2648
2643
2638
2633
2629
2624
2620
2613
2607
2601
2598
2593
2588
2583
2579
2573
2567
2563
2559
2553
2548
2544
2539
2535
2531
2527
2521
2515
2512
2509
2503
2497
2494
2490
2486
2482
2478
2474
2468
2463
2459
2455
2450
2446
2442
2438
2434
2431
2426
2422
2418
2415
2413
2407
2402
2398
2394
2388
2384
2379
2375
2372
2367
2364
2360
2355
2350
2347
2344
2338
2334
2331
2328
2324
2319
2314
2311
2307
2303
2300
2296
2291
2287
2284
2280
2276
2272
2269
2266
2262
2259
2256
2252
2250
2246
2244
2239
2234
2229
2227
2222
2216
2211
2209
2205
2201
2199
2195
2192
2188
2186
2181
2177
2172
2169
2167
2164
2161
2159
2155
2151
2149
2145
2142
2139
2136
2132
2128
2125
2121
2117
2114
2111
2108
2104
2101
2098
2094
2090
2085
2084
2081
2078
2075
2072
2070
2067
2064
2060
2057
2055
2052
2050
2046
2044
2042
2038
2033
2029
2027
2024
2022
2019
2017
2014
2012
2009
2006
2004
2002
1997
1993
1989
1987
1984
1981
1978
1975
1973
1970
1967
1965
1962
1959
1956
1954
1951
1950
1948
1944
1941
1939
1937
1934
1930
1927
1922
1920
1918
1916
1912
1909
1906
1904
1901
1898
1895
1892
1890
1888
1884
1880
1876
1874
1872
1870
1867
1865
1862
1860
1858
1855
1852
1850
1848
1845
1842
1839
1835
1834
1832
1830
1827
1824
1821
1819
1817
1815
1812
1810
1807
1805
1803
1801
1799
1797
1794
1792
1790
1788
1785
1782
1780
1779
1775
1772
1771
1769
1766
1763
1761
1759
1757
1755
1753
1752
1749
1746
1744
1742
1740
1737
1735
1734
1730
1727
1725
1723
1720
1717
1716
1714
1711
1709
1707
1705
1702
1699
1697
1696
1694
1692
1691
1689
1688
1686
1684
1683
1681
1677
1674
1673
1671
1670
1668
1666
1663
1660
1658
1656
1654
1652
1650
1648
1646
1644
1642
1641
1638
1637
1634
1633
1631
1630
1629
1628
1627
1624
1622
1619
1617
1617
1615
1613
1611
1610
1608
1606
1604
1603
1602
1600
1599
1598
1597
1594
1591
1589
1588
1587
1584
1581
1579
1578
1577
1575
1572
1569
1568
1567
1565
1564
1563
1561
1559
1559
1556
1554
1553
1551
1550
1548
1546
1543
1542
1541
1539
1537
1535
1533
1533
1530
1527
1525
1524
1522
1520
1518
1516
1515
1512
1511
1510
1508
1506
1504
1503
1502
1500
1498
1497
1495
1493
1491
1490
1489
1489
1488
1487
1486
1484
1483
1482
1481
1480
1479
1478
1477
1476
1474
1473
1472
1472
1470
1467
1463
1463
1461
1460
1459
1458
1455
1453
1451
1450
1448
1446
1443
1443
1441
1440
1438
1438
1437
1437
1436
1436
1434
1431
1431
1430
1430
1430
1428
1428
1426
1425
1424
1422
1421
1419
1417
1418
1416
1415
1414
1414
1412
1410
1408
1409
1407
1407
1405
1403
1402
1402
1401
1398
1399
1398
1397
1397
1397
1395
1392
1391
1390
1389
1386
1384
1383
1383
1382
1380
1379
1378
1378
1377
1376
1375
1374
1374
1373
1372
1371
1370
1369
1369
1368
1367
1367
1366
1366
1365
1365
1364
1363
1362
1361
1360
1359
1358
1357
1356
1355
1353
1352
1351
1350
1349
1349
1348
1347
1347
1345
1343
1342
1340
1340
1339
1338
1337
1336
1336
1335
1333
1332
1330
1330
1329
1329
1328
1328
1326
1325
1326
1323
1320
1320
1319
1319
1318
1318
1316
1316
1315
1314
1314
1313
1313
1311
1310
1309
1309
1308
1307
1305
1304
1303
1303
1302
1301
1300
1300
1299
1299
1298
1297
1297
1296
1295
1293
1293
1293
1291
1290
1289
1289
1289
1287
1285
1284
1284
1284
1283
1281
1280
1280
1280
1279
1277
1275
1276
1275
1275
1274
1273
1273
1272
1271
1269
1267
1267
1266
1265
1264
1264
1263
1263
1262
1262
1262
1260
1258
1258
1258
1258
1257
1256
1256
1255
1253
1251
1251
1251
1252
1252
1252
1250
1248
1248
1248
1247
1247
1248
1248
1247
1246
1244
1244
1243
1243
1243
1242
1242
1242
1241
1241
1240
1239
1239
1239
1238
1237
1235
1236
1234
1232
1231
1231
1231
1230
1229
1228
1228
1228
1229
1229
1228
1228
1226
1226
1226
1225
1224
1223
1223
1222
1221
1221
1221
1220
1219
1219
1219
1218
1217
1216
1216
1215
1216
1216
1215
1215
1215
1214
1214
1213
1213
1213
1213
1212
1212
1211
1211
1210
1210
1209
1208
1208
1208
1206
1205
1205
1205
1203
1201
1201
1201
1201
1200
1200
1199
1199
1199
1199
1198
1198
1198
1198
1198
1197
1197
1197
1196
1197
1197
1197
1197
1197
1197
1196
1196
1196
1195
1194
1194
1194
1193
1193
1193
1192
1190
1188
1188
1187
1187
1186
1185
1185
1185
1186
1184
1182
1181
1181
1179
1177
1175
1175
1175
1175
1175
1175
1175
1175
1175
1175
1173
1172
1173
1173
1171
1171
1170
1170
1168
1166
1164
1164
1163
1163
1163
1162
1162
1161
1161
1161
1161
1159
1158
1157
1158
1157
1156
1156
1156
1155
1154
1153
1152
1153
1153
1152
1152
1152
1152
1152
1152
1152
1152
1151
1151
1150
1150
1150
1149
1149
1148
1148
1148
1149
1148
1149
1149
1149
1148
1148
1148
1147
1147
1147
1146
1144
1144
1145
1145
1146
1146
1146
1145
1145
1145
1145
1145
1145
1144
1144
1144
1144
1144
1143
1142
1140
1141
1140
1139
1139
1139
1138
1137
1135
1135
1135
1135
1134
1134
1133
1132
1132
1132
1131
1131
1132
1132
1131
1130
1128
1128
1129
1129
1128
1128
1128
1128
1128
1127
1127
1127
1127
1126
1126
1126
1126
1126
1126
1125
1125
1126
1125
1124
1124
1124
1123
1122
1122
1123
1122
1121
1121
1121
1121
1122
1122
1121
1120
1119
1120
1120
1120
1120
1121
1121
1120
1120
1120
1119
1118
1119
1118
1118
1117
1117
1117
1117
1117
1117
1117
1116
1116
1117
1116
1116
1117
1117
1117
1116
1116
1115
1114
1113
1113
1114
1113
1112
1112
1113
1113
1113
1113
1113
1113
1113
1113
1112
1111
1110
1111
1110
1109
1109
1109
1109
1108
1108
1108
1109
1110
1109
1109
1110
1109
1109
1109
1109
1108
1108
1108
1108
1106
1107
1107
1107
1107
1108
1107
1107
1107
1107
1108
1107
1106
1106
1107
1105
1104
1103
1104
1103
1102
1102
1102
1102
1101
1102
1102
1101
1102
1102
1102
1102
1100
1102
1101
1100
1100
1100
1100
1099
1100
1100
1100
1098
1099
1100
1098
1098
1097
1098
1097
1096
1095
1096
1095
1095
1095
1095
1094
1094
1094
1094
1094
1093
1093
1094
1094
1094
1093
1093
1094
1094
1094
1093
1093
1092
1092
1092
1093
1093
1093
1093
1092
1092
1093
1092
1093
1093
1093
1093
1093
1092
1092
1092
1092
1090
1090
1090
1089
1089
1089
1090
1089
1088
1086
1087
1087
1087
1087
1087
1087
1086
1086
1087
1087
1087
1086
1086
1087
1087
1087
1087
1086
1087
1087
1087
1087
1087
1087
1087
1087
1086
1085
1084
1084
1085
1085
1083
1082
1082
1082
1082
1081
1081
1081
1081
1080
1079
1079
1080
1078
1077
1076
1076
1076
1076
1075
1076
1076
1076
1074
1074
1074
1075
1074
1073
1073
1074
1072
1071
1070
1070
1071
1070
1070
1069
1069
1070
1069
1069
1069
1070
1068
1067
1066
1067
1068
1066
1066
1066
1066
1066
1066
1066
1066
1066
1066
1066
1065
1065
1065
1066
1065
1066
1066
1066
1067
1067
1067
1066
1067
1067
1067
1067
1067
1066
1065
1065
1065
1065
1065
1065
1065
1066
1064
1063
1064
1064
1064
1064
1064
1064
1065
1065
1065
1066
1066
1067
1066
1066
1066
1067
1067
1068
1067
1068
1068
1068
1067
1068
1068
1067
1067
1066
1066
1066
1066
1065
1065
1065
1065
1065
1065
1066
1066
1066
1065
1064
1062
1063
1063
1062
1061
1062
1061
1062
1061
1059
1060
1061
1061
1061
1061
1062
1061
1060
1059
1060
1060
1059
1058
1058
1059
1058
1058
1057
1055
1056
1056
1056
1057
1057
1057
1057
1057
1056
1056
1055
1056
1056
1056
1054
1054
1053
1053
1055
1054
1054
1053
1055
1055
1054
1054
1053
1053
1054
1053
1053
1054
1054
1054
1053
1051
1052
1052
1052
1051
1051
1052
1052
1051
1050
1050
1050
1051
1050
1049
1050
1051
1051
1052
1052
1052
1052
1051
1050
1050
1051
1052
1052
1053
1052
1053
1053
1053
1053
1053
1053
1052
1051
1051
1050
1050
1050
1050
1049
1050
1050
1050
1049
1049
1049
1049
1050
1050
1050
1051
1050
1050
1050
1051
1051
1051
1051
1052
1051
1052
1053
1052
1051
1052
1053
1052
1051
1051
1052
1051
1051
1052
1052
1052
1051
1050
1049
1050
1050
1049
1049
1049
1049
1050
1048
1047
1046
1047
1047
1046
1046
1044
1045
1045
1045
1044
1043
1044
1045
1043
1043
1043
1044
1044
1044
1044
1045
1045
1044
1043
1042
1043
1043
1042
1041
1040
1041
1041
1041
1040
1040
1041
1041
1040
1038
1039
1039
1039
1040
1040
1040
1041
1040
1039
1039
1039
1039
1039
1038
1038
1040
1039
1038
1039
1040
1040
1040
1040
1040
1040
1040
1041
1041
1041
1041
1041
1041
1041
1041
1042
1041
1041
1041
1041
1042
1041
1040
1040
1040
1040
1039
1039
1039
1040
1040
1039
1038
1039
1039
1039
1037
1037
1038
1038
1038
1036
1036
1035
1036
1036
1035
1034
1035
1035
1034
1034
1035
1034
1033
1032
1032
1033
1033
1034
1032
1031
1032
1033
1032
1031
1031
1032
1032
1031
1031
1031
1032
1031
1031
1030
1032
1032
1032
1032
1033
1033
1032
1033
1033
1034
1033
1034
1034
1033
1033
1033
1034
1033
1034
1034
1034
1034
1035
1035
1035
1035
1035
1036
1036
1036
1037
1037
1037
1037
1037
1037
1037
1037
1037
1036
1035
1035
1036
1036
1037
1038
1038
1039
1038
1037
1036
1036
1037
1036
1035
1036
1036
1036
1035
1035
1035
1036
1036
1035
1035
1035
1036
1036
1036
1035
1035
1036
1036
1036
1034
1035
1035
