1581,3013,4172,4873,5513,6006,6354,6626,6929,7460,7619,7598
1553,3012,4172,4871,5515,6003,6350,6627,6928,7461,7621,7594
1553,3011,4172,4869,5514,6001,6352,6625,6928,7466,7617,7599
1552,3010,4172,4869,5515,6006,6354,6624,6930,7464,7614,7601
1550,3012,4173,4872,5513,6008,6355,6620,6928,7461,7613,7598
1550,3013,4174,4873,5515,6004,6352,6617,6926,7465,7614,7598
1550,3013,4175,4871,5514,6003,6353,6622,6922,7465,7617,7602
1551,3012,4173,4868,5514,6006,6351,6623,6926,7463,7614,7604
1550,3010,4174,4871,5515,6007,6351,6621,6926,7462,7610,7603
1549,3010,4174,4874,5516,6004,6355,6620,6923,7458,7610,7598
1550,3013,4175,4871,5517,6004,6357,6617,6921,7461,7612,7604
1551,3016,4176,4869,5517,6007,6352,6617,6924,7460,7609,7603
1551,3015,4175,4871,5519,6007,6350,6622,6921,7457,7607,7599
1552,3015,4174,4875,5520,6007,6349,6620,6918,7456,7602,7599
1552,3014,4176,4874,5520,6005,6349,6616,6918,7460,7605,7600
1552,3014,4176,4872,5518,6005,6352,6616,6920,7461,7605,7598
1553,3016,4177,4870,5518,6006,6355,6617,6923,7459,7601,7599
1553,3015,4177,4873,5521,6008,6355,6617,6922,7455,7599,7603
1551,3014,4177,4875,5521,6006,6352,6617,6919,7458,7602,7606
1551,3014,4175,4872,5520,6008,6351,6617,6922,7463,7597,7604
1550,3015,4176,4869,5521,6010,6354,6613,6927,7460,7597,7600
1550,3014,4177,4872,5524,6009,6355,6616,6924,7457,7593,7605
1549,3013,4179,4876,5523,6006,6358,6619,6922,7461,7595,7610
1549,3012,4179,4874,5521,6007,6355,6616,6925,7462,7599,7606
1548,3013,4176,4872,5521,6013,6351,6615,6927,7459,7595,7607
1549,3014,4174,4871,5526,6010,6349,6615,6925,7459,7593,7608
1549,3016,4175,4874,5526,6007,6353,6616,6925,7460,7598,7611
1549,3017,4179,4875,5523,6009,6355,6619,6928,7464,7599,7611
1549,3016,4178,4873,5524,6012,6356,6618,6931,7462,7597,7609
1548,3015,4178,4872,5527,6009,6355,6614,6930,7458,7595,7612
1548,3016,4176,4875,5527,6006,6352,6611,6926,7462,7594,7615
1548,3018,4177,4878,5524,6011,6350,6616,6929,7462,7600,7612
1547,3017,4179,4876,5526,6013,6354,6618,6935,7458,7597,7612
1546,3015,4178,4874,5530,6009,6356,6619,6931,7457,7592,7617
1545,3013,4176,4876,5530,6008,6353,6618,6929,7459,7592,7618
1546,3013,4173,4880,5528,6006,6351,6614,6933,7459,7592,7621
1546,3014,4175,4877,5530,6007,6350,6615,6934,7460,7590,7618
1545,3015,4178,4875,5530,6009,6347,6620,6933,7456,7589,7614
1544,3015,4181,4878,5527,6009,6348,6624,6933,7459,7592,7614
1546,3015,4179,4881,5524,6006,6354,6620,6930,7463,7595,7616
1546,3015,4176,4881,5527,6008,6351,6619,6933,7459,7591,7619
1548,3016,4177,4879,5528,6011,6348,6621,6937,7457,7586,7618
1548,3017,4180,4878,5527,6010,6347,6622,6933,7461,7591,7613
1547,3016,4182,4880,5524,6006,6348,6626,6931,7463,7595,7614
1548,3016,4180,4879,5527,6008,6349,6625,6930,7460,7591,7617
1547,3015,4177,4876,5527,6013,6353,6622,6933,7457,7589,7619
1546,3016,4179,4873,5525,6010,6352,6620,6931,7458,7591,7618
1545,3017,4182,4877,5522,6007,6348,6624,6929,7463,7592,7614
1544,3015,4184,4880,5526,6010,6346,6624,6925,7461,7592,7611
1545,3013,4183,4878,5530,6012,6350,6626,6929,7458,7588,7617
1545,3012,4181,4876,5528,6009,6349,6626,6933,7457,7590,7619
1544,3015,4182,4879,5525,6006,6351,6623,6930,7457,7593,7622
1543,3017,4184,4878,5529,6011,6352,6625,6929,7454,7588,7620
1542,3017,4184,4875,5530,6013,6349,6629,6932,7455,7587,7616
1543,3015,4182,4872,5528,6013,6345,6630,6934,7452,7585,7616
1543,3013,4179,4875,5528,6012,6349,6626,6932,7454,7586,7620
1544,3014,4181,4875,5533,6010,6350,6626,6933,7453,7585,7621
1542,3016,4184,4874,5534,6011,6350,6629,6934,7448,7580,7621
1542,3017,4184,4871,5532,6013,6354,6630,6936,7447,7577,7618
1541,3017,4183,4873,5531,6013,6352,6629,6935,7452,7582,7616
1540,3015,4184,4874,5534,6011,6348,6626,6931,7448,7583,7621
1539,3016,4185,4873,5535,6012,6346,6622,6929,7447,7581,7623
1539,3016,4188,4870,5532,6015,6349,6627,6934,7444,7580,7627
1539,3017,4187,4872,5532,6013,6349,6631,6936,7446,7581,7623
1538,3016,4185,4876,5537,6010,6351,6628,6935,7446,7584,7620
1537,3017,4185,4875,5534,6007,6355,6626,6935,7444,7583,7620
1536,3019,4186,4872,5532,6011,6354,6629,6935,7446,7578,7623
1537,3020,4189,4873,5531,6009,6350,6630,6938,7451,7577,7625
1538,3021,4190,4876,5533,6006,6349,6633,6938,7446,7578,7624
1539,3021,4189,4875,5533,6005,6351,6633,6935,7443,7581,7619
1538,3020,4186,4873,5532,6008,6351,6631,6938,7449,7580,7618
1537,3019,4187,4873,5533,6004,6354,6628,6941,7449,7577,7622
1536,3022,4190,4875,5536,6002,6354,6631,6938,7448,7579,7624
1536,3023,4189,4876,5537,6002,6351,6632,6936,7446,7583,7623
1535,3022,4187,4875,5536,6004,6349,6631,6942,7442,7579,7619
1536,3021,4185,4876,5534,6005,6351,6631,6945,7447,7578,7615
1536,3020,4186,4874,5536,6004,6352,6634,6942,7445,7582,7621
1536,3022,4189,4874,5537,6001,6354,6635,6941,7440,7584,7624
1535,3023,4188,4873,5537,6002,6359,6634,6942,7440,7582,7622
1534,3024,4187,4874,5538,6004,6356,6631,6945,7442,7579,7621
1534,3024,4184,4872,5539,6004,6352,6632,6945,7443,7576,7617
1535,3023,4185,4872,5541,6001,6356,6637,6941,7444,7581,7621
1535,3024,4187,4872,5541,6003,6357,6636,6938,7441,7583,7625
1536,3024,4187,4873,5539,6005,6358,6633,6943,7443,7579,7626
1536,3023,4185,4874,5540,6004,6356,6630,6943,7447,7577,7627
1534,3022,4185,4873,5543,6001,6355,6628,6941,7444,7579,7624
1533,3021,4186,4873,5543,5999,6351,6629,6941,7443,7582,7626
1532,3024,4190,4873,5541,6004,6354,6632,6943,7448,7581,7632
1532,3024,4190,4874,5543,6005,6358,6631,6945,7450,7576,7629
1532,3022,4189,4872,5546,6002,6357,6629,6946,7448,7580,7628
1533,3020,4186,4873,5546,6000,6355,6631,6942,7445,7582,7625
1532,3020,4188,4876,5544,6003,6354,6633,6940,7445,7578,7627
1531,3022,4190,4878,5545,6003,6352,6634,6945,7450,7578,7632
1530,3026,4189,4875,5549,6001,6352,6633,6942,7448,7582,7636
1532,3025,4188,4875,5548,6000,6355,6634,6939,7445,7578,7632
1532,3024,4186,4877,5546,6003,6359,6635,6938,7444,7577,7632
1534,3026,4188,4878,5548,6003,6354,6637,6940,7445,7573,7634
1533,3025,4188,4876,5552,6003,6353,6636,6942,7447,7576,7636
1533,3024,4188,4876,5550,6001,6353,6632,6943,7448,7581,7637
1531,3023,4186,4879,5546,6002,6355,6629,6941,7444,7576,7634
1532,3022,4188,4881,5549,6003,6357,6634,6944,7448,7575,7632
1532,3023,4188,4879,5549,6003,6359,6637,6947,7451,7573,7635
1532,3024,4188,4878,5547,6001,6357,6633,6943,7446,7573,7636
1531,3024,4187,4879,5545,6003,6353,6633,6940,7444,7579,7641
1531,3023,4185,4880,5548,6006,6353,6631,6946,7449,7577,7639
1530,3022,4185,4881,5552,6003,6352,6632,6943,7450,7573,7637
1531,3024,4187,4878,5549,5998,6353,6635,6941,7449,7577,7636
1532,3027,4186,4878,5547,6000,6355,6635,6940,7446,7579,7637
1532,3028,4186,4881,5551,6005,6357,6632,6940,7448,7576,7640
1532,3028,4185,4882,5550,6003,6354,6630,6939,7453,7577,7645
1532,3026,4185,4880,5548,6000,6352,6634,6939,7450,7573,7641
1531,3028,4187,4881,5549,6003,6353,6635,6936,7447,7576,7641
1531,3029,4187,4880,5553,6005,6354,6633,6937,7451,7574,7638
1531,3029,4186,4881,5550,6001,6355,6633,6941,7453,7569,7639
1530,3028,4184,4882,5546,5998,6358,6635,6938,7449,7569,7646
1529,3028,4183,4880,5545,5998,6360,6637,6934,7449,7571,7643
1528,3028,4185,4881,5549,6000,6356,6640,6940,7450,7574,7640
1529,3029,4185,4883,5552,6000,6355,6637,6942,7453,7571,7643
1529,3027,4185,4884,5548,6000,6359,6634,6940,7456,7568,7645
1530,3027,4182,4882,5546,5998,6359,6639,6940,7451,7566,7649
1529,3027,4183,4883,5549,5998,6362,6641,6940,7450,7571,7648
1529,3029,4185,4884,5551,6000,6360,6642,6938,7453,7568,7644
1529,3030,4185,4885,5548,6001,6356,6641,6939,7455,7566,7643
1530,3032,4184,4882,5548,5999,6353,6638,6936,7454,7568,7645
1531,3031,4182,4883,5552,6000,6357,6639,6938,7451,7569,7646
1532,3029,4182,4886,5550,6003,6359,6644,6938,7452,7568,7647
1531,3031,4184,4887,5547,6002,6360,6642,6934,7457,7566,7644
1530,3032,4184,4885,5551,5998,6360,6639,6936,7454,7569,7642
1530,3034,4184,4885,5553,6000,6358,6643,6942,7450,7573,7646
1531,3032,4185,4887,5550,6001,6354,6645,6941,7455,7569,7646
1531,3030,4186,4889,5548,5999,6358,6645,6938,7455,7566,7646
1531,3027,4184,4885,5550,5996,6361,6644,6943,7454,7565,7644
1530,3028,4184,4885,5551,5999,6362,6644,6944,7454,7567,7640
1530,3031,4182,4886,5549,5997,6360,6641,6940,7455,7565,7645
1530,3031,4184,4888,5547,5993,6360,6644,6940,7453,7563,7646
1530,3030,4184,4886,5547,5994,6357,6647,6944,7450,7559,7643
1532,3030,4183,4884,5547,5998,6358,6644,6945,7446,7563,7642
1532,3029,4183,4883,5545,5996,6363,6642,6949,7451,7562,7638
1532,3030,4185,4885,5545,5993,6365,6647,6945,7453,7557,7642
1531,3031,4186,4883,5544,5995,6361,6650,6941,7451,7555,7645
1531,3031,4187,4881,5546,5997,6361,6646,6947,7450,7557,7641
1531,3031,4186,4880,5547,5995,6358,6645,6949,7451,7558,7640
1530,3032,4186,4884,5547,5992,6357,6641,6951,7453,7559,7638
1529,3032,4187,4885,5546,5993,6361,6642,6950,7453,7556,7640
1528,3033,4188,4882,5543,5995,6365,6647,6947,7450,7558,7644
1526,3032,4185,4881,5545,5996,6365,6645,6949,7448,7562,7641
1527,3031,4184,4884,5546,5994,6367,6642,6953,7451,7558,7639
1528,3030,4183,4884,5545,5993,6366,6641,6951,7447,7557,7639
1529,3033,4186,4882,5542,5993,6362,6644,6947,7444,7555,7641
1529,3035,4187,4880,5545,5994,6362,6644,6951,7449,7556,7644
1529,3036,4185,4885,5548,5994,6368,6644,6952,7450,7560,7642
1529,3034,4184,4886,5546,5991,6370,6642,6950,7448,7557,7638
1530,3032,4184,4884,5544,5992,6370,6639,6950,7444,7554,7638
1530,3033,4185,4883,5547,5995,6370,6642,6954,7439,7554,7641
1530,3035,4186,4886,5547,5993,6367,6644,6954,7445,7556,7643
1530,3036,4183,4887,5545,5989,6368,6641,6955,7447,7558,7642
1528,3035,4183,4885,5543,5990,6371,6638,6952,7443,7558,7637
1528,3033,4184,4883,5547,5994,6375,6643,6953,7441,7554,7641
1528,3032,4186,4883,5545,5992,6371,6645,6958,7443,7558,7646
1527,3033,4187,4887,5542,5989,6368,6641,6955,7440,7558,7648
1528,3034,4184,4885,5540,5988,6366,6640,6952,7440,7554,7646
1528,3035,4182,4882,5545,5990,6368,6637,6956,7437,7552,7643
1528,3035,4186,4885,5548,5991,6369,6638,6957,7440,7555,7640
1528,3035,4187,4887,5546,5988,6372,6643,6954,7444,7555,7645
1528,3034,4185,4886,5545,5988,6374,6641,6954,7438,7556,7648
1529,3036,4182,4883,5548,5991,6371,6638,6957,7437,7553,7650
1529,3034,4181,4885,5551,5992,6369,6638,6959,7440,7549,7648
1528,3033,4185,4889,5548,5990,6366,6638,6958,7442,7553,7644
1526,3034,4188,4887,5548,5989,6367,6640,6954,7441,7554,7644
1525,3036,4185,4885,5552,5988,6370,6640,6955,7439,7557,7649
1525,3036,4183,4886,5550,5990,6374,6639,6956,7439,7556,7650
1525,3035,4183,4889,5548,5990,6371,6639,6955,7444,7552,7649
1525,3033,4186,4888,5549,5988,6368,6643,6952,7442,7555,7645
1525,3032,4186,4885,5550,5989,6366,6646,6956,7440,7557,7643
1524,3033,4184,4885,5548,5991,6367,6641,6954,7444,7553,7649
1525,3035,4182,4888,5546,5990,6368,6640,6951,7444,7553,7650
1525,3037,4184,4889,5547,5987,6372,6644,6956,7441,7550,7649
1526,3037,4187,4887,5550,5986,6370,6646,6959,7440,7547,7647
1527,3036,4187,4885,5547,5990,6366,6643,6956,7441,7550,7642
1527,3035,4185,4886,5546,5988,6365,6641,6955,7444,7547,7648
1528,3035,4183,4886,5547,5985,6366,6636,6957,7442,7545,7650
1528,3036,4186,4885,5547,5988,6367,6639,6954,7438,7544,7648
1527,3037,4189,4882,5545,5990,6370,6645,6954,7437,7546,7646
1525,3036,4187,4883,5544,5987,6369,6642,6952,7441,7545,7642
1525,3036,4184,4884,5548,5985,6366,6640,6954,7442,7542,7645
1526,3035,4182,4885,5550,5990,6361,6639,6953,7441,7537,7650
1526,3036,4185,4883,5548,5992,6365,6641,6949,7437,7543,7652
1526,3035,4187,4884,5548,5989,6366,6642,6946,7438,7541,7650
1526,3034,4187,4883,5551,5987,6367,6642,6951,7444,7537,7648
1526,3035,4186,4882,5551,5985,6365,6640,6954,7441,7536,7648
1525,3037,4183,4882,5550,5986,6364,6636,6951,7438,7538,7654
1526,3037,4186,4884,5551,5983,6361,6640,6949,7441,7541,7657
1526,3039,4189,4882,5555,5984,6362,6642,6951,7442,7541,7654
1527,3037,4187,4881,5555,5982,6366,6638,6948,7440,7537,7653
1526,3036,4185,4884,5553,5982,6366,6637,6949,7441,7541,7649
1525,3035,4186,4885,5553,5982,6364,6641,6948,7441,7544,7653
1524,3037,4189,4883,5550,5982,6364,6641,6949,7445,7545,7658
1523,3038,4192,4882,5550,5982,6362,6645,6953,7447,7544,7659
1524,3039,4191,4880,5554,5984,6362,6643,6950,7442,7543,7658
1523,3038,4190,4881,5554,5984,6365,6639,6947,7442,7545,7655
1522,3037,4189,4882,5552,5983,6367,6642,6952,7445,7549,7657
1522,3037,4192,4882,5553,5980,6363,6646,6956,7446,7545,7663
1521,3039,4194,4881,5556,5983,6363,6648,6952,7446,7543,7665
1522,3041,4193,4883,5555,5982,6361,6645,6951,7442,7549,7663
1523,3041,4190,4883,5551,5979,6362,6643,6954,7443,7551,7661
1524,3039,4188,4883,5552,5980,6365,6644,6955,7448,7554,7662
1524,3038,4190,4882,5557,5986,6367,6645,6954,7445,7552,7667
1524,3039,4193,4884,5557,5984,6363,6646,6953,7441,7547,7666
1523,3039,4193,4884,5555,5981,6361,6643,6950,7444,7551,7663
1524,3039,4190,4883,5556,5979,6361,6640,6953,7445,7555,7662
1524,3039,4188,4883,5560,5983,6362,6644,6956,7442,7551,7664
1524,3037,4191,4885,5558,5980,6364,6646,6951,7440,7549,7666
1524,3037,4194,4886,5555,5977,6367,6643,6952,7442,7545,7667
1523,3038,4191,4884,5558,5978,6365,6642,6954,7446,7546,7665
1522,3038,4189,4883,5562,5980,6361,6645,6952,7443,7553,7667
1522,3037,4190,4886,5560,5981,6359,6647,6952,7438,7550,7671
1523,3037,4192,4886,5557,5980,6358,6645,6950,7442,7548,7671
1524,3040,4195,4883,5561,5977,6359,6642,6950,7440,7546,7671
1524,3040,4194,4883,5562,5979,6361,6637,6951,7436,7548,7668
1523,3042,4193,4887,5559,5977,6359,6641,6950,7434,7547,7665
1522,3040,4191,4888,5557,5977,6356,6645,6952,7436,7545,7670
1522,3039,4193,4885,5561,5976,6353,6646,6956,7433,7542,7671
1522,3038,4196,4884,5563,5977,6357,6644,6953,7433,7546,7668
1522,3039,4194,4887,5565,5981,6360,6642,6949,7430,7544,7667
1521,3041,4191,4888,5564,5979,6360,6638,6954,7431,7541,7664
1520,3040,4189,4885,5564,5976,6359,6640,6958,7435,7541,7668
1520,3038,4192,4883,5565,5978,6357,6645,6954,7430,7544,7670
1520,3037,4195,4888,5565,5982,6354,6642,6954,7427,7546,7666
1520,3037,4194,4889,5564,5982,6356,6640,6957,7427,7544,7666
1520,3039,4192,4888,5565,5979,6359,6638,6957,7427,7539,7663
1520,3041,4190,4885,5566,5982,6357,6640,6957,7430,7543,7666
1521,3041,4193,4887,5567,5985,6354,6641,6956,7428,7548,7670
1520,3041,4195,4889,5567,5982,6354,6642,6956,7424,7544,7666
1522,3039,4193,4887,5565,5979,6353,6640,6960,7427,7542,7664
1523,3040,4190,4884,5565,5984,6354,6641,6958,7430,7545,7669
1523,3041,4188,4887,5567,5987,6359,6644,6955,7431,7546,7670
1523,3042,4190,4891,5568,5984,6357,6641,6960,7430,7547,7674
1522,3041,4193,4889,5567,5982,6354,6637,6963,7426,7544,7672
1523,3042,4192,4887,5564,5981,6352,6637,6960,7427,7546,7669
1522,3040,4190,4889,5567,5981,6349,6639,6959,7432,7551,7674
1521,3041,4189,4891,5571,5979,6349,6641,6962,7430,7547,7676
1520,3041,4191,4889,5568,5980,6351,6644,6963,7426,7545,7679
1519,3042,4194,4886,5564,5977,6355,6642,6963,7424,7545,7676
1517,3041,4192,4888,5568,5980,6356,6639,6962,7424,7547,7671
1519,3042,4189,4891,5572,5982,6354,6642,6964,7426,7551,7669
1519,3041,4186,4890,5570,5981,6353,6647,6963,7426,7549,7673
1520,3042,4190,4887,5567,5979,6350,6644,6961,7422,7545,7674
1520,3042,4192,4885,5566,5981,6350,6641,6961,7421,7550,7679
1520,3041,4195,4888,5569,5986,6354,6640,6967,7422,7553,7675
1521,3040,4192,4887,5569,5984,6358,6641,6970,7422,7554,7672
1520,3039,4190,4885,5570,5981,6353,6642,6966,7426,7554,7677
1521,3041,4193,4885,5570,5984,6351,6643,6966,7424,7550,7680
1520,3042,4195,4888,5569,5986,6350,6641,6967,7420,7553,7677
1519,3042,4196,4887,5565,5984,6350,6639,6969,7418,7558,7673
1518,3040,4193,4885,5568,5982,6351,6643,6968,7413,7554,7668
1518,3037,4192,4883,5572,5986,6356,6644,6966,7415,7552,7674
1519,3036,4195,4885,5569,5990,6353,6640,6968,7419,7548,7677
1519,3039,4198,4888,5566,5987,6350,6640,6971,7416,7549,7674
1519,3041,4199,4886,5564,5986,6348,6643,6970,7412,7555,7673
1518,3041,4197,4884,5569,5989,6344,6644,6966,7411,7557,7669
1517,3040,4196,4885,5570,5990,6345,6643,6971,7410,7554,7671
1518,3039,4198,4889,5571,5987,6348,6641,6970,7413,7553,7676
1519,3039,4201,4888,5570,5988,6348,6636,6967,7417,7554,7678
1519,3040,4201,4885,5568,5989,6345,6640,6965,7417,7556,7676
1519,3042,4198,4886,5564,5991,6342,6644,6968,7415,7556,7673
1518,3042,4196,4889,5566,5989,6345,6641,6964,7411,7554,7675
1517,3040,4200,4892,5567,5987,6345,6638,6965,7406,7551,7680
1518,3037,4202,4889,5566,5984,6346,6637,6964,7411,7554,7683
1517,3036,4204,4886,5563,5985,6346,6637,6965,7412,7555,7679
1518,3037,4201,4888,5565,5991,6343,6639,6969,7414,7555,7677
1517,3037,4199,4892,5569,5988,6341,6639,6967,7412,7554,7672
1516,3036,4202,4890,5566,5985,6343,6636,6964,7408,7551,7675
1516,3036,4204,4888,5564,5989,6346,6633,6968,7410,7555,7681
1517,3037,4202,4889,5564,5991,6346,6636,6972,7414,7556,7676
1517,3037,4200,4892,5568,5987,6343,6638,6968,7415,7554,7674
1518,3037,4199,4890,5565,5985,6342,6635,6967,7413,7554,7670
1517,3035,4202,4888,5563,5990,6339,6635,6970,7411,7556,7671
1516,3035,4205,4888,5561,5992,6340,6637,6971,7405,7559,7677
1515,3035,4202,4891,5564,5989,6343,6639,6970,7402,7557,7673
1515,3037,4199,4892,5561,5986,6344,6643,6969,7407,7552,7670
1516,3037,4200,4889,5558,5984,6340,6640,6970,7407,7551,7668
1515,3038,4203,4891,5559,5986,6340,6636,6974,7411,7556,7668
1514,3036,4202,4892,5562,5983,6338,6640,6972,7407,7552,7673
1512,3035,4200,4892,5559,5984,6334,6644,6968,7401,7552,7672
1511,3037,4197,4890,5558,5985,6337,6640,6972,7401,7548,7668
1512,3039,4198,4889,5561,5986,6339,6638,6976,7402,7550,7667
1514,3040,4202,4891,5562,5986,6339,6641,6973,7405,7557,7668
1515,3042,4204,4892,5559,5984,6341,6642,6970,7407,7553,7665
1515,3040,4202,4891,5558,5984,6341,6644,6967,7407,7549,7664
1515,3039,4200,4889,5558,5986,6338,6645,6968,7404,7547,7660
1515,3037,4202,4889,5560,5986,6334,6642,6968,7403,7548,7664
1516,3039,4204,4889,5557,5985,6334,6644,6968,7400,7548,7667
1516,3041,4203,4888,5557,5982,6335,6647,6964,7401,7548,7663
1516,3040,4201,4885,5559,5985,6335,6644,6968,7404,7545,7662
1515,3039,4198,4886,5560,5984,6334,6642,6966,7399,7550,7667
1515,3038,4200,4885,5558,5981,6332,6642,6961,7398,7552,7668
1515,3039,4203,4884,5559,5979,6329,6645,6960,7396,7548,7667
1515,3040,4203,4883,5561,5985,6332,6645,6964,7397,7549,7663
1516,3041,4200,4883,5562,5982,6334,6645,6966,7400,7551,7659
1515,3042,4197,4885,5561,5979,6331,6643,6964,7402,7554,7665
1515,3042,4198,4885,5561,5978,6329,6639,6962,7398,7552,7666
1514,3041,4201,4883,5562,5980,6329,6644,6963,7398,7548,7665
1515,3042,4200,4883,5563,5978,6332,6646,6967,7394,7552,7662
1515,3043,4198,4885,5563,5975,6333,6643,6967,7396,7555,7657
1516,3041,4198,4886,5563,5975,6332,6642,6964,7399,7557,7662
1515,3039,4200,4885,5564,5978,6331,6644,6967,7399,7556,7664
1514,3039,4201,4887,5566,5975,6327,6644,6970,7397,7553,7661
1513,3039,4200,4888,5565,5974,6331,6644,6967,7397,7554,7661
1512,3040,4199,4886,5563,5972,6335,6643,6966,7393,7559,7657
1513,3039,4200,4885,5564,5973,6331,6640,6970,7395,7562,7660
1513,3038,4201,4886,5566,5975,6328,6641,6972,7398,7559,7664
1512,3038,4201,4886,5567,5976,6327,6645,6971,7398,7558,7661
1511,3038,4199,4886,5566,5975,6328,6640,6969,7396,7559,7659
1511,3040,4196,4888,5567,5976,6329,6638,6970,7394,7563,7656
1512,3043,4196,4889,5568,5976,6329,6643,6969,7389,7563,7656
1513,3040,4199,4890,5568,5975,6328,6644,6969,7393,7559,7662
1514,3039,4199,4888,5565,5976,6328,6641,6965,7393,7564,7659
1514,3037,4199,4887,5562,5978,6331,6640,6968,7393,7565,7655
1514,3038,4198,4889,5565,5980,6330,6636,6971,7398,7562,7653
1513,3040,4199,4889,5570,5978,6327,6636,6968,7400,7561,7653
1514,3042,4198,4887,5568,5980,6325,6641,6967,7396,7564,7657
1514,3040,4198,4886,5565,5982,6329,6639,6971,7394,7567,7657
1514,3037,4197,4885,5564,5982,6332,6636,6972,7389,7566,7653
1514,3036,4197,4886,5567,5980,6328,6636,6971,7391,7561,7652
1513,3035,4197,4885,5567,5981,6328,6638,6969,7396,7560,7653
1513,3037,4197,4884,5565,5986,6330,6639,6969,7397,7565,7655
1513,3040,4198,4883,5566,5985,6329,6637,6973,7394,7562,7655
1513,3040,4198,4884,5564,5982,6333,6636,6972,7391,7561,7652
1514,3040,4198,4881,5565,5985,6333,6633,6969,7385,7558,7649
1514,3039,4199,4879,5564,5988,6329,6635,6967,7390,7561,7652
1514,3038,4198,4880,5563,5984,6327,6639,6970,7392,7561,7653
1514,3039,4198,4882,5565,5982,6330,6635,6966,7393,7558,7651
1513,3041,4195,4883,5565,5987,6331,6633,6967,7396,7555,7651
1514,3040,4197,4881,5564,5990,6327,6637,6965,7392,7559,7647
1513,3038,4197,4881,5564,5987,6327,6639,6967,7389,7561,7651
1514,3036,4196,4882,5562,5987,6330,6641,6965,7387,7560,7653
1512,3035,4195,4883,5563,5989,6331,6640,6963,7390,7560,7649
1511,3037,4194,4883,5563,5990,6330,6637,6960,7391,7562,7649
1510,3035,4194,4883,5562,5988,6329,6638,6963,7395,7566,7646
1510,3034,4195,4883,5563,5988,6328,6643,6962,7390,7563,7649
1511,3035,4194,4885,5564,5990,6332,6644,6959,7387,7558,7652
1512,3037,4194,4886,5565,5987,6335,6642,6962,7386,7565,7648
1513,3037,4196,4884,5564,5987,6332,6641,6965,7386,7567,7647
1513,3039,4196,4883,5566,5984,6328,6643,6961,7389,7565,7644
1513,3037,4194,4885,5567,5985,6327,6643,6959,7391,7564,7646
1514,3036,4194,4885,5568,5983,6329,6643,6964,7386,7566,7651
1514,3035,4196,4883,5566,5984,6330,6642,6965,7386,7569,7646
1514,3038,4198,4882,5562,5982,6329,6638,6963,7382,7569,7643
1513,3039,4198,4881,5566,5983,6328,6641,6961,7383,7566,7649
1511,3037,4196,4881,5566,5983,6325,6643,6961,7388,7570,7650
1510,3034,4195,4882,5565,5982,6327,6640,6965,7383,7574,7653
1511,3033,4198,4882,5565,5983,6331,6638,6964,7379,7569,7651
1511,3034,4199,4881,5568,5985,6327,6638,6960,7378,7570,7646
1511,3036,4197,4881,5570,5986,6324,6639,6957,7379,7572,7651
1510,3039,4194,4882,5567,5986,6329,6642,6961,7381,7575,7654
1509,3038,4194,4882,5565,5987,6331,6640,6961,7384,7574,7651
1509,3036,4197,4883,5569,5991,6331,6636,6960,7380,7570,7649
1510,3037,4199,4884,5571,5988,6331,6638,6959,7377,7569,7645
1510,3038,4197,4885,5571,5984,6329,6643,6961,7377,7574,7647
1510,3036,4194,4883,5571,5987,6329,6641,6964,7376,7576,7653
1509,3035,4193,4883,5570,5992,6333,6638,6962,7379,7576,7654
1508,3035,4195,4880,5568,5989,6335,6637,6958,7381,7574,7652
1507,3037,4196,4881,5569,5986,6332,6638,6962,7381,7575,7649
1507,3036,4197,4882,5571,5990,6329,6640,6966,7380,7581,7650
1506,3037,4194,4883,5574,5993,6327,6644,6963,7378,7577,7655
1507,3036,4193,4882,5572,5989,6328,6642,6961,7374,7575,7653
1507,3036,4196,4884,5569,5988,6329,6639,6963,7377,7574,7650
1507,3038,4198,4885,5568,5993,6329,6642,6964,7377,7575,7648
1506,3041,4199,4883,5565,5995,6326,6645,6963,7379,7579,7649
1507,3041,4197,4882,5567,5992,6323,6640,6963,7384,7578,7652
1509,3040,4196,4883,5564,5991,6326,6640,6963,7380,7574,7657
1510,3038,4196,4883,5564,5989,6328,6639,6962,7376,7579,7652
1511,3036,4196,4882,5562,5990,6325,6640,6960,7374,7581,7649
1510,3038,4197,4881,5564,5988,6324,6643,6956,7375,7577,7647
1510,3040,4195,4884,5562,5988,6328,6642,6959,7377,7577,7647
1508,3040,4195,4885,5561,5986,6330,6638,6959,7381,7580,7652
1508,3038,4194,4882,5559,5988,6331,6636,6956,7376,7582,7650
1508,3036,4197,4881,5560,5988,6330,6642,6959,7374,7581,7646
1508,3036,4197,4879,5559,5986,6327,6643,6962,7370,7577,7645
1509,3037,4195,4879,5560,5983,6324,6640,6958,7370,7577,7645
1508,3039,4194,4879,5558,5986,6328,6638,6957,7374,7581,7648
1507,3040,4193,4880,5560,5988,6330,6641,6962,7377,7583,7653
1506,3040,4194,4881,5560,5986,6327,6642,6964,7372,7582,7649
1508,3039,4194,4881,5558,5987,6325,6642,6962,7371,7579,7647
1509,3039,4192,4882,5559,5991,6323,6639,6961,7367,7581,7645
1508,3039,4191,4880,5560,5989,6323,6636,6961,7368,7586,7646
1507,3038,4190,4879,5561,5986,6325,6640,6964,7373,7584,7651
1507,3038,4193,4877,5559,5985,6325,6641,6964,7374,7582,7653
1507,3038,4192,4877,5560,5989,6322,6637,6961,7371,7581,7649
1507,3040,4194,4879,5563,5988,6319,6636,6963,7369,7582,7647
1507,3039,4194,4880,5563,5986,6323,6634,6966,7364,7587,7648
1506,3038,4193,4879,5561,5985,6324,6635,6962,7362,7587,7651
1505,3036,4193,4879,5562,5988,6321,6638,6959,7366,7584,7655
1503,3035,4194,4880,5564,5985,6320,6636,6964,7367,7588,7651
1503,3037,4195,4881,5564,5985,6319,6632,6966,7370,7586,7649
1503,3040,4196,4879,5562,5985,6321,6631,6964,7366,7582,7647
1504,3039,4196,4877,5563,5987,6322,6635,6963,7361,7583,7647
1504,3038,4197,4877,5566,5985,6321,6637,6964,7359,7586,7652
1506,3037,4197,4881,5565,5984,6317,6634,6961,7357,7583,7649
1506,3037,4198,4880,5561,5982,6313,6634,6961,7357,7581,7645
1505,3039,4198,4877,5562,5983,6318,6634,6956,7360,7576,7643
1505,3037,4197,4878,5567,5982,6319,6637,6959,7361,7580,7643
1504,3037,4195,4880,5566,5982,6321,6637,6963,7357,7585,7647
1505,3036,4196,4879,5563,5980,6319,6635,6960,7357,7582,7646
1504,3037,4197,4877,5564,5982,6316,6631,6958,7354,7581,7642
1505,3036,4197,4873,5568,5982,6313,6635,6963,7356,7583,7641
1505,3038,4198,4876,5566,5981,6315,6637,6960,7360,7586,7643
1504,3037,4198,4880,5562,5978,6319,6634,6957,7360,7586,7644
1503,3038,4198,4879,5565,5982,6317,6634,6960,7357,7585,7644
1502,3040,4199,4876,5568,5983,6314,6632,6961,7355,7587,7642
1502,3041,4198,4877,5566,5981,6313,6634,6958,7357,7591,7644
1504,3041,4198,4880,5564,5978,6314,6638,6958,7360,7588,7647
1504,3040,4195,4879,5564,5983,6314,6634,6955,7362,7587,7643
1505,3039,4196,4876,5565,5980,6314,6629,6957,7357,7592,7641
1505,3038,4197,4877,5563,5977,6313,6628,6956,7357,7595,7640
1504,3040,4198,4879,5559,5976,6310,6632,6952,7355,7593,7640
1503,3042,4197,4880,5559,5981,6312,6633,6948,7356,7590,7644
1501,3042,4199,4879,5563,5982,6315,6634,6954,7360,7591,7645
1502,3041,4199,4877,5560,5980,6311,6634,6951,7362,7596,7642
1502,3038,4200,4878,5557,5980,6308,6630,6949,7356,7594,7642
1502,3040,4199,4878,5557,5982,6309,6632,6953,7356,7591,7638
1501,3041,4198,4877,5558,5980,6310,6637,6953,7352,7596,7642
1500,3044,4197,4874,5555,5980,6311,6633,6951,7354,7597,7646
1499,3044,4197,4875,5554,5980,6311,6630,6951,7358,7596,7641
1501,3043,4198,4875,5554,5982,6308,6630,6953,7354,7595,7640
1501,3041,4199,4874,5556,5980,6304,6630,6955,7352,7597,7638
1503,3041,4199,4872,5554,5980,6307,6632,6954,7357,7601,7640
1503,3042,4197,4872,5553,5981,6311,6632,6950,7358,7597,7643
1503,3042,4197,4874,5556,5983,6308,6631,6952,7355,7595,7640
1504,3042,4198,4875,5557,5983,6306,6631,6957,7355,7595,7636
1503,3041,4198,4873,5554,5982,6305,6635,6953,7350,7598,7636
1504,3041,4197,4872,5554,5984,6306,6632,6950,7354,7595,7638
1503,3041,4194,4875,5557,5986,6308,6627,6948,7358,7595,7641
1503,3042,4195,4875,5558,5986,6307,6627,6949,7354,7591,7640
1503,3041,4197,4874,5557,5984,6306,6630,6947,7352,7595,7636
1502,3041,4197,4875,5557,5985,6307,6632,6947,7354,7600,7635
1503,3041,4196,4873,5557,5990,6310,6629,6943,7355,7596,7639
1504,3044,4195,4873,5558,5989,6308,6627,6945,7354,7595,7640
1504,3044,4195,4871,5557,5986,6304,6623,6949,7352,7598,7639
1505,3044,4197,4871,5557,5984,6302,6626,6945,7348,7594,7635
1505,3043,4197,4872,5554,5988,6305,6631,6942,7351,7594,7632
1505,3042,4195,4873,5554,5986,6307,6628,6942,7353,7598,7637
1504,3042,4193,4874,5554,5983,6304,6626,6944,7349,7600,7638
1503,3044,4194,4874,5554,5983,6303,6624,6946,7349,7600,7637
1504,3044,4195,4876,5551,5987,6300,6625,6945,7344,7596,7634
1504,3043,4196,4874,5552,5985,6300,6626,6941,7347,7600,7628
1504,3041,4196,4873,5552,5982,6304,6631,6943,7349,7605,7634
1504,3040,4195,4874,5552,5982,6302,6628,6948,7346,7601,7636
1502,3041,4195,4875,5554,5983,6299,6625,6945,7344,7599,7633
1501,3044,4197,4874,5555,5981,6297,6628,6942,7343,7595,7630
1501,3045,4196,4875,5555,5981,6299,6630,6947,7345,7598,7625
1502,3045,4195,4877,5553,5979,6300,6631,6946,7347,7597,7628
1503,3043,4193,4878,5554,5981,6297,6629,6944,7344,7594,7633
1503,3041,4193,4875,5556,5984,6296,6628,6944,7339,7592,7634
1504,3042,4194,4875,5557,5983,6295,6629,6946,7337,7596,7632
1504,3043,4195,4877,5555,5980,6296,6632,6948,7341,7592,7628
1505,3045,4195,4878,5556,5982,6298,6630,6952,7341,7590,7630
1505,3044,4193,4875,5560,5986,6297,6627,6948,7344,7595,7635
1505,3043,4194,4875,5558,5986,6293,6624,6944,7341,7596,7632
1505,3041,4195,4879,5555,5983,6295,6628,6949,7337,7595,7627
1505,3042,4195,4881,5556,5986,6300,6630,6951,7341,7593,7626
1505,3043,4193,4881,5560,5989,6301,6627,6949,7343,7588,7627
1504,3045,4193,4880,5560,5986,6298,6626,6947,7345,7594,7630
1504,3044,4193,4880,5558,5983,6297,6622,6949,7343,7592,7629
1503,3044,4196,4881,5560,5988,6299,6624,6950,7339,7589,7625
1503,3043,4199,4882,5559,5990,6298,6629,6951,7340,7587,7623
1504,3043,4198,4879,5558,5988,6302,6626,6949,7345,7590,7626
1505,3044,4196,4879,5556,5988,6301,6623,6950,7345,7587,7626
1505,3043,4196,4878,5557,5991,6296,6623,6955,7343,7587,7626
1506,3043,4198,4879,5557,5992,6298,6624,6951,7341,7584,7623
1505,3043,4198,4880,5555,5990,6300,6625,6948,7336,7587,7625
1503,3044,4196,4880,5552,5991,6298,6625,6953,7339,7591,7628
1502,3045,4196,4879,5555,5994,6294,6623,6956,7344,7587,7628
1502,3043,4197,4880,5555,5996,6294,6619,6952,7339,7587,7626
1502,3041,4199,4877,5553,5995,6296,6622,6951,7338,7590,7625
1502,3041,4199,4875,5550,5994,6298,6624,6953,7339,7592,7625
1501,3042,4199,4875,5554,5996,6296,6620,6954,7340,7591,7628
1500,3044,4197,4877,5558,5993,6295,6618,6954,7339,7587,7630
1500,3044,4197,4878,5556,5993,6291,6617,6951,7336,7590,7626
1501,3042,4199,4877,5553,5991,6293,6618,6953,7332,7595,7626
1502,3041,4202,4876,5557,5993,6297,6621,6952,7336,7591,7622
1502,3042,4200,4878,5559,5995,6294,6619,6949,7337,7589,7624
1502,3042,4197,4879,5556,5995,6291,6614,6945,7338,7592,7628
1502,3042,4195,4876,5555,5991,6290,6612,6949,7338,7593,7623
1502,3042,4198,4876,5559,5989,6292,6617,6947,7335,7594,7621
1503,3040,4200,4879,5562,5994,6292,6618,6944,7337,7593,7620
1502,3040,4199,4881,5559,5993,6291,6616,6941,7340,7593,7621
1502,3041,4197,4878,5558,5991,6290,6616,6944,7341,7598,7624
1501,3041,4195,4877,5562,5990,6291,6616,6944,7339,7594,7620
1499,3043,4197,4876,5562,5993,6293,6617,6944,7338,7592,7615
1499,3043,4200,4877,5560,5994,6296,6622,6943,7340,7592,7614
1500,3043,4198,4877,5559,5991,6292,6620,6938,7343,7594,7617
1501,3043,4196,4876,5563,5991,6288,6616,6943,7339,7593,7617
1501,3043,4193,4877,5561,5995,6288,6620,6944,7335,7590,7620
1501,3043,4196,4879,5559,5996,6290,6623,6940,7333,7587,7615
1501,3042,4199,4880,5558,5995,6292,6623,6940,7336,7593,7612
1502,3041,4198,4879,5560,5994,6290,6622,6939,7337,7595,7611
1502,3040,4196,4878,5558,5995,6288,6621,6940,7341,7592,7612
1501,3041,4194,4881,5555,5993,6287,6622,6938,7338,7591,7611
1501,3043,4196,4881,5559,5994,6289,6625,6935,7333,7592,7608
1501,3043,4199,4878,5561,5993,6294,6627,6931,7338,7596,7604
1501,3043,4197,4878,5559,5995,6291,6624,6936,7340,7595,7608
1501,3041,4195,4877,5556,5998,6288,6621,6939,7342,7590,7611
1501,3040,4192,4879,5556,5997,6291,6625,6936,7341,7595,7608
1501,3043,4195,4880,5556,5995,6293,6626,6935,7338,7596,7607
1500,3045,4197,4878,5553,5997,6288,6628,6938,7339,7593,7607
1500,3045,4196,4877,5552,6003,6286,6627,6938,7344,7593,7610
1501,3044,4194,4878,5553,6000,6284,6625,6938,7345,7591,7609
1501,3044,4193,4878,5554,5998,6286,6623,6937,7341,7592,7605
1504,3042,4194,4876,5552,6003,6287,6627,6938,7338,7597,7608
1503,3044,4197,4876,5551,6005,6285,6629,6942,7333,7593,7611
1502,3047,4196,4875,5554,6001,6281,6626,6939,7336,7591,7606
1502,3045,4192,4877,5555,6000,6277,6626,6935,7341,7596,7606
1501,3044,4194,4874,5551,6004,6281,6622,6939,7336,7597,7608
1502,3043,4197,4873,5550,6007,6283,6623,6943,7336,7596,7609
1502,3042,4200,4875,5554,6005,6280,6627,6939,7333,7594,7608
1501,3043,4198,4877,5554,6004,6277,6627,6939,7334,7590,7603
1500,3045,4196,4874,5552,6006,6274,6623,6941,7338,7596,7606
1500,3045,4197,4873,5552,6008,6275,6626,6941,7336,7593,7610
1500,3046,4199,4874,5553,6006,6277,6630,6941,7333,7589,7607
1500,3045,4202,4876,5553,6007,6281,6626,6940,7332,7586,7605
1501,3045,4200,4874,5553,6009,6278,6624,6940,7332,7589,7607
1501,3045,4197,4872,5553,6010,6275,6623,6943,7333,7591,7608
1501,3046,4195,4876,5555,6010,6274,6625,6942,7338,7591,7608
1500,3045,4197,4878,5556,6007,6275,6627,6939,7334,7588,7606
1501,3044,4200,4874,5555,6008,6275,6625,6942,7331,7593,7608
1501,3043,4202,4873,5553,6008,6279,6620,6947,7329,7595,7606
1501,3044,4201,4877,5554,6008,6276,6617,6943,7329,7591,7603
1501,3043,4199,4880,5555,6006,6273,6621,6941,7332,7592,7600
1500,3042,4198,4878,5555,6008,6270,6623,6944,7331,7595,7604
1499,3041,4201,4876,5555,6007,6273,6624,6945,7330,7597,7601
1499,3041,4202,4876,5557,6005,6273,6624,6944,7332,7596,7598
1499,3044,4198,4878,5557,6006,6274,6621,6943,7328,7592,7596
1500,3045,4197,4876,5557,6010,6274,6621,6939,7327,7595,7596
1500,3044,4197,4873,5555,6010,6272,6626,6942,7325,7601,7596
1501,3043,4200,4875,5556,6008,6267,6629,6945,7325,7597,7594
1502,3042,4202,4880,5558,6011,6270,6626,6941,7329,7595,7589
1504,3043,4199,4879,5558,6015,6272,6624,6940,7330,7597,7593
1504,3045,4197,4877,5556,6013,6273,6626,6944,7327,7599,7590
1503,3046,4196,4876,5558,6009,6269,6627,6945,7326,7598,7587
1502,3045,4199,4878,5560,6013,6269,6630,6944,7328,7596,7587
1501,3042,4199,4880,5560,6016,6266,6630,6941,7330,7599,7589
1501,3043,4196,4878,5557,6015,6262,6627,6936,7329,7603,7586
1501,3043,4195,4874,5558,6013,6265,6629,6940,7324,7599,7584
1502,3045,4194,4878,5561,6012,6266,6632,6944,7322,7597,7580
1501,3045,4197,4881,5561,6015,6262,6630,6941,7328,7602,7585
1501,3044,4200,4879,5558,6014,6262,6627,6938,7325,7599,7588
1500,3044,4197,4877,5560,6014,6265,6627,6942,7321,7597,7584
1501,3044,4196,4879,5564,6012,6266,6630,6943,7324,7595,7582
1502,3045,4195,4881,5562,6014,6268,6631,6941,7329,7595,7584
1502,3043,4198,4879,5559,6016,6267,6629,6940,7326,7595,7585
1503,3042,4198,4876,5561,6016,6263,6626,6941,7325,7592,7585
1502,3042,4196,4875,5565,6013,6264,6626,6943,7322,7589,7582
1503,3044,4195,4879,5563,6010,6267,6631,6947,7322,7593,7580
1502,3045,4199,4878,5560,6014,6266,6634,6943,7328,7589,7583
1504,3045,4200,4875,5562,6017,6262,6631,6942,7326,7587,7584
1503,3044,4199,4873,5566,6014,6265,6629,6947,7323,7587,7582
1503,3043,4197,4876,5562,6012,6267,6631,6948,7321,7589,7581
1502,3045,4195,4875,5559,6012,6263,6631,6946,7322,7592,7581
1502,3048,4197,4871,5562,6012,6259,6630,6944,7323,7590,7585
1503,3049,4200,4870,5562,6009,6259,6630,6945,7321,7587,7586
1504,3048,4197,4873,5559,6009,6260,6626,6948,7318,7591,7582
1505,3048,4195,4876,5556,6013,6262,6628,6947,7320,7595,7583
1505,3046,4194,4875,5559,6013,6260,6631,6943,7319,7590,7585
1504,3049,4197,4872,5558,6015,6257,6628,6941,7315,7589,7587
1504,3049,4199,4874,5554,6015,6253,6625,6944,7318,7585,7586
1504,3050,4198,4878,5555,6011,6256,6630,6944,7321,7587,7582
1503,3049,4196,4876,5559,6013,6260,6631,6942,7316,7593,7586
1504,3047,4194,4873,5559,6016,6257,6633,6942,7315,7588,7590
1503,3047,4197,4875,5556,6015,6254,6632,6944,7319,7586,7586
1504,3047,4199,4879,5558,6012,6253,6628,6945,7321,7589,7585
1503,3048,4196,4878,5561,6011,6254,6628,6948,7320,7591,7587
1502,3049,4193,4876,5558,6013,6254,6632,6945,7317,7590,7588
1501,3049,4190,4878,5555,6011,6254,6636,6943,7313,7588,7588
1502,3050,4195,4881,5557,6008,6252,6632,6948,7319,7590,7585
1503,3051,4197,4879,5561,6008,6254,6630,6950,7321,7594,7588
1503,3052,4195,4875,5559,6011,6256,6633,6948,7318,7590,7592
1502,3050,4193,4872,5557,6009,6255,6633,6947,7316,7586,7588
1502,3049,4191,4875,5560,6007,6252,6636,6947,7312,7592,7587
1503,3048,4194,4875,5562,6010,6249,6635,6950,7314,7594,7591
1503,3050,4196,4874,5558,6012,6254,6632,6950,7318,7592,7593
1504,3051,4194,4875,5555,6009,6255,6629,6948,7315,7590,7591
1503,3049,4192,4876,5559,6009,6252,6632,6950,7313,7591,7589
1502,3047,4194,4877,5563,6012,6250,6633,6954,7310,7596,7589
1501,3046,4197,4876,5559,6013,6248,6634,6950,7310,7595,7594
1501,3048,4199,4877,5556,6011,6248,6634,6948,7315,7590,7591
1501,3050,4197,4878,5560,6011,6251,6631,6952,7314,7595,7588
1502,3052,4194,4877,5561,6008,6255,6633,6950,7310,7596,7587
1501,3051,4192,4876,5558,6009,6253,6636,6947,7309,7593,7587
1500,3049,4195,4878,5558,6010,6250,6633,6946,7311,7593,7590
1500,3049,4197,4879,5561,6009,6253,6629,6947,7312,7589,7590
1501,3050,4194,4878,5562,6006,6255,6629,6948,7312,7592,7588
1502,3051,4191,4877,5560,6007,6256,6631,6949,7310,7596,7591
1502,3051,4190,4874,5559,6008,6255,6632,6946,7307,7591,7589
1502,3051,4193,4874,5562,6004,6254,6631,6947,7311,7591,7584
1502,3049,4195,4874,5562,6006,6256,6628,6951,7314,7595,7583
1501,3050,4193,4875,5559,6010,6258,6625,6948,7309,7596,7587
1502,3050,4191,4874,5558,6009,6256,6628,6945,7310,7595,7589
1501,3049,4190,4875,5562,6006,6252,6632,6950,7307,7591,7588
1501,3048,4192,4873,5559,6004,6248,6628,6952,7309,7593,7583
1500,3048,4195,4873,5556,6007,6253,6627,6949,7313,7598,7586
1499,3050,4192,4875,5555,6008,6254,6626,6947,7308,7595,7592
1500,3051,4190,4875,5557,6005,6252,6626,6948,7305,7592,7588
1501,3049,4188,4873,5553,6005,6249,6628,6950,7304,7590,7586
1501,3048,4192,4872,5551,6009,6247,6633,6950,7306,7591,7590
1502,3048,4193,4872,5551,6009,6247,6634,6948,7309,7591,7591
1502,3050,4192,4873,5554,6007,6250,6630,6949,7308,7589,7590
1501,3051,4189,4874,5554,6004,6249,6630,6954,7304,7590,7587
1501,3052,4188,4873,5553,6006,6247,6630,6950,7303,7595,7589
1501,3050,4191,4872,5551,6007,6245,6632,6947,7307,7592,7593
1502,3049,4193,4873,5553,6007,6248,6632,6951,7308,7587,7590
1500,3048,4190,4873,5553,6006,6250,6630,6954,7308,7594,7587
1499,3049,4187,4871,5553,6007,6246,6628,6950,7305,7596,7592
1498,3051,4186,4871,5553,6010,6245,6631,6949,7301,7593,7594
1498,3052,4189,4873,5551,6009,6245,6633,6947,7306,7590,7592
1498,3051,4190,4875,5551,6005,6246,6630,6947,7309,7591,7590
1498,3052,4191,4872,5552,6007,6248,6630,6948,7304,7596,7591
1497,3052,4190,4871,5550,6012,6247,6634,6945,7303,7594,7596
1497,3053,4188,4870,5550,6010,6245,6634,6943,7298,7590,7595
1498,3052,4190,4870,5553,6008,6245,6637,6947,7301,7595,7591
1499,3050,4192,4871,5552,6010,6250,6635,6948,7305,7596,7595
1500,3052,4192,4869,5551,6013,6252,6630,6945,7307,7592,7597
1500,3054,4190,4869,5551,6010,6249,6633,6946,7304,7592,7593
1500,3053,4189,4867,5552,6007,6247,6638,6948,7302,7595,7593
1499,3052,4192,4868,5553,6007,6245,6639,6945,7302,7592,7590
1499,3051,4194,4869,5550,6010,6246,6636,6944,7306,7591,7592
1499,3050,4195,4868,5547,6007,6247,6635,6939,7311,7587,7596
1499,3052,4193,4866,5549,6005,6247,6636,6940,7307,7591,7592
1498,3055,4192,4863,5550,6008,6244,6637,6945,7306,7591,7591
1497,3054,4195,4864,5547,6010,6245,6642,6943,7308,7587,7595
1496,3051,4197,4868,5548,6007,6248,6640,6938,7309,7591,7596
1497,3049,4194,4870,5552,6007,6250,6637,6943,7314,7593,7595
1498,3049,4192,4868,5550,6009,6246,6641,6944,7312,7594,7590
1498,3051,4191,4866,5547,6011,6245,6641,6940,7309,7594,7587
1498,3053,4194,4868,5548,6009,6249,6642,6941,7309,7590,7592
1497,3051,4197,4870,5553,6008,6250,6642,6939,7309,7593,7589
1497,3049,4194,4867,5551,6008,6251,6640,6941,7312,7596,7585
1498,3048,4193,4864,5549,6009,6251,6641,6940,7312,7592,7582
1497,3048,4192,4863,5546,6009,6248,6644,6937,7308,7589,7583
1498,3048,4194,4867,5550,6008,6246,6642,6933,7305,7594,7587
1497,3047,4196,4869,5548,6006,6250,6637,6937,7309,7595,7586
1496,3048,4194,4869,5545,6008,6252,6635,6940,7308,7594,7583
1496,3048,4191,4867,5543,6007,6249,6639,6936,7313,7591,7586
1497,3050,4191,4867,5548,6004,6247,6640,6935,7312,7594,7583
1498,3050,4194,4869,5546,6005,6250,6638,6937,7308,7598,7579
1498,3049,4196,4869,5543,6009,6251,6638,6938,7308,7596,7579
1498,3048,4193,4869,5542,6007,6248,6634,6937,7309,7593,7582
1497,3048,4190,4869,5544,6004,6248,6636,6935,7310,7598,7579
1498,3050,4188,4869,5544,6007,6246,6641,6936,7310,7598,7578
1499,3051,4190,4867,5542,6009,6246,6638,6940,7308,7596,7573
1500,3050,4192,4868,5541,6006,6250,6636,6938,7306,7595,7578
1499,3049,4190,4870,5545,6003,6247,6640,6934,7310,7596,7576
1498,3048,4188,4870,5545,6007,6244,6641,6939,7311,7599,7572
1499,3048,4186,4867,5542,6009,6243,6641,6943,7308,7597,7571
1499,3050,4190,4868,5541,6007,6247,6642,6939,7309,7593,7573
1499,3052,4192,4869,5539,6005,6249,6640,6937,7311,7598,7570
1498,3052,4190,4873,5538,6008,6245,6642,6939,7313,7600,7570
1498,3050,4188,4872,5540,6009,6244,6644,6940,7317,7597,7572
1498,3052,4187,4870,5541,6006,6245,6643,6940,7313,7595,7575
1498,3051,4189,4870,5540,6005,6246,6640,6939,7311,7590,7574
1499,3052,4191,4873,5540,6003,6251,6639,6940,7311,7593,7571
1500,3052,4189,4875,5543,6004,6250,6643,6944,7313,7593,7569
1499,3053,4186,4872,5541,6003,6247,6644,6941,7316,7588,7573
1498,3052,4186,4869,5537,6002,6249,6642,6936,7314,7585,7575
1498,3053,4189,4871,5537,5997,6252,6641,6940,7309,7589,7573
1497,3052,4190,4875,5541,5999,6253,6636,6944,7308,7589,7570
1498,3050,4189,4874,5540,6000,6250,6639,6940,7312,7594,7572
1498,3049,4187,4871,5537,5998,6249,6643,6938,7313,7591,7577
1496,3049,4189,4872,5538,5994,6252,6640,6941,7318,7587,7574
1495,3051,4191,4875,5541,5997,6253,6638,6941,7315,7592,7570
1495,3052,4193,4873,5539,5996,6252,6641,6940,7312,7592,7573
1496,3053,4190,4870,5535,5994,6251,6642,6939,7317,7589,7575
1497,3051,4187,4866,5536,5995,6247,6639,6936,7318,7588,7573
1497,3049,4190,4870,5541,6000,6250,6638,6938,7321,7590,7573
1497,3048,4194,4872,5539,5998,6254,6642,6938,7320,7594,7569
1496,3050,4195,4874,5536,5996,6251,6642,6934,7316,7591,7573
1495,3052,4193,4871,5537,5998,6248,6645,6938,7318,7586,7576
1497,3050,4191,4870,5540,6001,6247,6642,6942,7324,7591,7571
1497,3047,4193,4872,5537,5997,6249,6637,6939,7326,7594,7571
1498,3045,4195,4873,5533,5994,6249,6636,6939,7323,7591,7574
1497,3045,4197,4870,5532,5998,6248,6639,6942,7320,7589,7576
1496,3047,4194,4869,5536,6001,6248,6641,6943,7320,7590,7574
1495,3049,4191,4869,5534,5997,6245,6639,6941,7325,7593,7569
1495,3049,4194,4871,5531,5996,6248,6638,6940,7329,7592,7572
1496,3049,4198,4872,5529,5994,6251,6633,6941,7325,7588,7577
1496,3050,4196,4870,5532,5995,6248,6635,6944,7324,7591,7573
1497,3049,4194,4869,5530,5992,6245,6641,6941,7326,7594,7570
1497,3050,4191,4867,5527,5993,6250,6637,6937,7327,7590,7567
1497,3050,4193,4867,5528,5991,6253,6634,6936,7332,7589,7568
1496,3050,4196,4867,5530,5992,6253,6632,6940,7329,7593,7568
1498,3050,4194,4867,5527,5991,6252,6634,6938,7326,7594,7566
1497,3051,4191,4867,5525,5990,6251,6636,6936,7325,7593,7568
1498,3050,4188,4868,5528,5986,6248,6636,6935,7326,7589,7573
1496,3048,4190,4869,5530,5988,6252,6633,6935,7328,7586,7569
1495,3047,4194,4870,5526,5993,6255,6635,6933,7327,7591,7566
1493,3047,4193,4870,5525,5991,6253,6638,6932,7324,7593,7567
1493,3049,4191,4869,5529,5988,6250,6635,6929,7328,7590,7569
1494,3051,4189,4869,5531,5991,6254,6630,6931,7331,7588,7566
1494,3051,4191,4869,5528,5994,6256,6629,6930,7326,7584,7564
1494,3049,4193,4873,5526,5991,6252,6633,6925,7325,7588,7560
1494,3047,4191,4872,5526,5989,6250,6633,6922,7325,7587,7565
1495,3048,4188,4870,5526,5993,6249,6635,6928,7326,7584,7564
1496,3050,4189,4870,5524,5995,6250,6634,6925,7329,7582,7561
1498,3051,4192,4872,5523,5992,6253,6631,6924,7327,7584,7559
1497,3051,4195,4872,5527,5992,6252,6633,6922,7324,7585,7561
1497,3049,4194,4869,5528,5990,6249,6636,6924,7323,7586,7558
1497,3046,4192,4865,5526,5991,6246,6638,6921,7327,7582,7558
1496,3047,4193,4868,5525,5989,6251,6635,6921,7329,7585,7555
1498,3047,4195,4871,5527,5989,6255,6634,6917,7327,7589,7557
1497,3048,4197,4870,5527,5987,6251,6635,6920,7322,7583,7561
1497,3049,4195,4867,5525,5989,6250,6637,6923,7318,7582,7558
1497,3050,4192,4866,5524,5991,6248,6636,6919,7325,7581,7557
1496,3051,4191,4868,5523,5991,6250,6633,6916,7326,7582,7562
1496,3051,4193,4869,5523,5987,6253,6630,6921,7324,7587,7562
1497,3049,4196,4866,5525,5989,6253,6634,6923,7323,7583,7562
1498,3048,4195,4864,5525,5993,6250,6636,6920,7318,7579,7559
1499,3046,4192,4867,5522,5992,6247,6631,6919,7322,7585,7555
1499,3048,4191,4870,5522,5988,6250,6631,6915,7327,7582,7560
1498,3050,4193,4867,5525,5987,6252,6634,6917,7323,7578,7562
1496,3049,4194,4865,5525,5990,6249,6635,6923,7321,7576,7559
1496,3047,4193,4862,5523,5987,6249,6633,6919,7324,7577,7559
1497,3046,4190,4865,5520,5984,6248,6631,6917,7325,7581,7559
1497,3047,4188,4866,5522,5985,6249,6627,6921,7329,7580,7563
1497,3050,4191,4863,5521,5987,6251,6630,6922,7328,7576,7563
1495,3049,4194,4862,5519,5984,6255,6635,6919,7325,7579,7559
1493,3048,4193,4863,5517,5983,6252,6632,6919,7325,7582,7563
1493,3048,4190,4865,5520,5981,6249,6630,6916,7325,7577,7565
1493,3049,4188,4865,5524,5982,6254,6633,6918,7328,7576,7562
1494,3049,4190,4865,5521,5980,6257,6633,6922,7328,7580,7562
1496,3048,4192,4865,5519,5980,6258,6635,6918,7325,7581,7564
1496,3048,4190,4863,5523,5977,6256,6635,6914,7323,7580,7566
1496,3047,4187,4860,5523,5978,6255,6632,6920,7326,7577,7566
1496,3046,4185,4860,5521,5981,6250,6628,6922,7329,7579,7561
1496,3047,4187,4864,5520,5980,6254,6632,6919,7326,7584,7560
1497,3045,4192,4866,5524,5977,6255,6633,6919,7326,7580,7565
1496,3043,4190,4864,5526,5978,6253,6629,6920,7323,7580,7566
1497,3042,4188,4861,5524,5983,6250,6628,6921,7326,7582,7565
1496,3045,4185,4859,5523,5981,6253,6627,6926,7329,7582,7562
1495,3046,4188,4862,5526,5978,6256,6627,6924,7325,7583,7562
1494,3046,4190,4863,5527,5981,6252,6630,6921,7326,7579,7568
1494,3045,4191,4860,5524,5984,6252,6629,6925,7325,7581,7565
1495,3043,4188,4857,5524,5980,6251,6625,6926,7325,7585,7561
1495,3044,4187,4856,5527,5977,6252,6624,6923,7330,7580,7566
1496,3045,4189,4860,5529,5977,6255,6628,6923,7332,7578,7566
1496,3047,4193,4860,5526,5980,6255,6629,6925,7329,7584,7565
1495,3046,4192,4858,5525,5977,6252,6626,6927,7328,7585,7564
1495,3044,4190,4858,5527,5975,6254,6624,6926,7331,7583,7566
1495,3044,4189,4860,5528,5973,6259,6619,6923,7332,7580,7570
1495,3044,4191,4860,5525,5975,6257,6621,6923,7332,7576,7567
1496,3045,4193,4861,5526,5972,6254,6626,6928,7329,7581,7562
1494,3045,4193,4859,5528,5973,6254,6628,6926,7327,7582,7568
1493,3044,4190,4859,5526,5975,6256,6625,6923,7332,7579,7570
1491,3044,4188,4861,5524,5976,6257,6623,6927,7333,7579,7568
1490,3044,4187,4862,5523,5974,6256,6625,6928,7331,7574,7567
1491,3045,4190,4862,5524,5974,6257,6625,6924,7330,7577,7568
1492,3043,4192,4863,5521,5974,6257,6630,6924,7325,7582,7572
1492,3042,4190,4861,5520,5976,6260,6628,6927,7330,7579,7571
1492,3042,4188,4861,5519,5976,6264,6625,6929,7333,7578,7566
1492,3044,4190,4862,5521,5974,6261,6629,6927,7330,7581,7570
1492,3044,4191,4865,5522,5974,6258,6630,6924,7328,7581,7573
1494,3045,4193,4864,5521,5978,6257,6631,6925,7331,7581,7568
1494,3043,4189,4861,5521,5976,6261,6630,6930,7332,7578,7568
1494,3042,4187,4859,5521,5973,6262,6629,6929,7337,7574,7572
1492,3041,4187,4861,5522,5973,6261,6630,6926,7334,7578,7568
1491,3044,4191,4863,5522,5978,6260,6632,6925,7331,7579,7569
1492,3045,4192,4863,5521,5976,6257,6630,6928,7330,7577,7565
1491,3045,4189,4860,5518,5973,6260,6626,6923,7331,7577,7567
1491,3043,4186,4857,5520,5975,6264,6624,6922,7334,7579,7573
1491,3042,4185,4857,5520,5978,6263,6629,6921,7334,7583,7569
1491,3043,4186,4859,5519,5975,6260,6630,6922,7331,7580,7568
1491,3044,4188,4860,5515,5972,6259,6628,6921,7333,7576,7570
1492,3046,4185,4858,5519,5977,6262,6628,6918,7336,7582,7571
1493,3045,4182,4857,5519,5976,6262,6624,6913,7337,7586,7571
1492,3044,4181,4856,5516,5973,6262,6626,6918,7337,7582,7570
1492,3044,4185,4856,5513,5971,6262,6630,6922,7335,7581,7571
1490,3044,4186,4856,5516,5975,6263,6628,6918,7337,7582,7576
1491,3045,4184,4856,5516,5975,6266,6624,6917,7340,7585,7571
1491,3044,4182,4857,5512,5972,6265,6622,6918,7343,7585,7569
1491,3045,4182,4855,5510,5973,6262,6624,6920,7339,7580,7574
1491,3045,4182,4855,5513,5976,6261,6624,6918,7341,7584,7575
1491,3046,4181,4857,5514,5976,6265,6628,6917,7343,7586,7573
1491,3047,4179,4856,5511,5975,6269,6627,6913,7345,7583,7570
1491,3045,4177,4855,5508,5974,6269,6623,6916,7349,7583,7571
1492,3044,4180,4853,5512,5975,6272,6625,6919,7345,7587,7576
1493,3044,4183,4854,5514,5972,6271,6629,6915,7341,7589,7575
1495,3046,4182,4858,5511,5972,6267,6624,6914,7341,7588,7572
1495,3047,4179,4856,5510,5971,6266,6622,6913,7343,7584,7576
1495,3046,4177,4854,5514,5972,6271,6622,6914,7346,7581,7577
1494,3044,4179,4851,5516,5974,6273,6623,6917,7344,7587,7574
1495,3044,4181,4853,5514,5973,6274,6625,6914,7340,7588,7574
1495,3045,4182,4855,5512,5969,6273,6628,6909,7344,7586,7577
1496,3047,4179,4853,5511,5971,6271,6624,6907,7349,7583,7578
1495,3047,4178,4849,5513,5976,6268,6621,6911,7345,7584,7576
1494,3046,4181,4848,5509,5974,6272,6621,6912,7345,7590,7571
1494,3046,4184,4851,5509,5972,6275,6623,6915,7341,7588,7575
1494,3045,4185,4854,5508,5974,6277,6625,6914,7337,7585,7579
1494,3046,4182,4851,5510,5979,6275,6625,6910,7342,7589,7575
1495,3045,4180,4849,5511,5975,6273,6622,6913,7345,7591,7573
1495,3045,4180,4852,5511,5973,6270,6619,6917,7342,7588,7576
1494,3046,4181,4854,5509,5977,6271,6623,6918,7341,7589,7577
1496,3048,4183,4853,5510,5979,6276,6626,6916,7338,7586,7577
1496,3048,4180,4851,5512,5977,6278,6623,6913,7341,7590,7574
1497,3046,4178,4851,5512,5975,6275,6622,6914,7346,7588,7570
1496,3045,4181,4855,5512,5979,6275,6620,6916,7343,7584,7574
1495,3044,4185,4856,5513,5979,6272,6621,6920,7341,7584,7574
1495,3046,4185,4853,5516,5976,6272,6624,6918,7338,7588,7572
1495,3048,4183,4851,5514,5977,6276,6624,6915,7338,7585,7571
1495,3048,4181,4852,5513,5979,6281,6620,6913,7343,7584,7573
1494,3047,4184,4852,5513,5977,6278,6618,6914,7343,7579,7576
1495,3048,4185,4853,5516,5975,6276,6621,6917,7340,7583,7573
1495,3048,4186,4850,5516,5974,6280,6623,6916,7339,7588,7568
1495,3049,4184,4851,5515,5974,6281,6621,6913,7341,7585,7567
1495,3049,4182,4851,5515,5971,6283,6621,6910,7343,7582,7571
1497,3050,4185,4852,5518,5971,6284,6618,6913,7344,7586,7567
1497,3049,4188,4852,5518,5970,6282,6620,6913,7342,7587,7566
1496,3050,4189,4852,5515,5971,6284,6623,6915,7344,7588,7567
1495,3049,4186,4851,5511,5969,6287,6621,6915,7349,7588,7569
1495,3048,4186,4852,5516,5969,6285,6617,6912,7350,7590,7569
1495,3047,4188,4852,5515,5966,6282,6622,6911,7347,7589,7565
1495,3048,4189,4851,5513,5967,6280,6624,6913,7347,7585,7563
1496,3049,4190,4852,5510,5971,6285,6626,6914,7348,7582,7565
1495,3051,4187,4850,5514,5970,6287,6624,6912,7352,7589,7566
1493,3051,4185,4851,5512,5967,6284,6622,6912,7350,7591,7565
1493,3049,4185,4852,5509,5969,6283,6620,6908,7346,7588,7562
1493,3047,4188,4852,5512,5968,6285,6624,6910,7345,7587,7558
1494,3046,4188,4851,5516,5965,6285,6627,6913,7348,7587,7562
1494,3047,4187,4850,5514,5962,6289,6624,6914,7351,7593,7557
1494,3050,4186,4851,5512,5966,6294,6621,6911,7349,7591,7554
1494,3047,4186,4851,5512,5966,6290,6625,6911,7346,7588,7554
1494,3046,4188,4851,5515,5963,6289,6625,6907,7341,7593,7555
1493,3044,4188,4849,5513,5966,6292,6627,6910,7348,7594,7558
1494,3044,4186,4850,5510,5969,6292,6633,6913,7351,7592,7555
1495,3046,4186,4852,5510,5967,6294,6630,6910,7353,7593,7549
1493,3047,4189,4851,5514,5964,6295,6628,6907,7352,7595,7549
1491,3046,4192,4849,5512,5964,6293,6631,6908,7348,7598,7551
1490,3045,4189,4846,5509,5968,6295,6633,6910,7352,7597,7553
1490,3046,4187,4847,5507,5965,6299,6630,6906,7357,7593,7551
1490,3045,4186,4850,5511,5964,6296,6631,6904,7357,7593,7548
1491,3045,4188,4849,5507,5964,6293,6628,6899,7356,7597,7545
1491,3045,4189,4847,5506,5965,6296,6630,6901,7354,7599,7549
1490,3044,4187,4847,5507,5962,6300,6634,6906,7350,7598,7551
1491,3045,4184,4849,5510,5963,6302,6631,6904,7355,7594,7548
1492,3045,4183,4852,5511,5963,6299,6627,6900,7359,7598,7545
1492,3046,4186,4850,5509,5964,6298,6627,6904,7355,7604,7541
1493,3044,4189,4847,5508,5962,6300,6631,6906,7353,7600,7545
1492,3043,4188,4849,5511,5962,6301,6632,6903,7349,7599,7548
1491,3045,4186,4853,5511,5959,6301,6631,6902,7351,7602,7544
1491,3047,4185,4854,5509,5961,6299,6629,6899,7357,7598,7543
1490,3050,4187,4852,5509,5960,6297,6631,6900,7355,7599,7545
1491,3047,4189,4850,5507,5960,6299,6634,6904,7353,7596,7546
1490,3045,4186,4850,5507,5956,6302,6638,6901,7357,7599,7546
1490,3042,4183,4851,5511,5959,6299,6635,6898,7357,7599,7542
1489,3043,4185,4852,5509,5959,6297,6633,6903,7361,7596,7545
1490,3045,4188,4849,5506,5956,6297,6636,6905,7361,7599,7549
1490,3045,4191,4848,5507,5953,6298,6637,6907,7356,7605,7543
1492,3042,4189,4851,5511,5958,6300,6640,6906,7356,7601,7541
1491,3041,4187,4853,5511,5957,6299,6639,6903,7353,7598,7545
1490,3041,4185,4850,5508,5954,6296,6637,6904,7355,7596,7547
1490,3042,4188,4849,5509,5951,6293,6639,6908,7360,7597,7544
1489,3043,4189,4847,5513,5955,6296,6642,6906,7358,7598,7540
1490,3043,4187,4849,5510,5957,6300,6644,6902,7355,7595,7536
1490,3043,4184,4849,5507,5954,6298,6640,6902,7355,7592,7541
1489,3043,4183,4850,5507,5954,6296,6640,6903,7357,7597,7538
1488,3044,4186,4851,5511,5957,6296,6643,6903,7358,7593,7533
1487,3043,4190,4850,5509,5959,6296,6645,6904,7359,7591,7531
1488,3043,4188,4851,5506,5957,6298,6643,6901,7357,7592,7533
1488,3043,4185,4852,5504,5957,6299,6640,6898,7359,7593,7535
1489,3042,4186,4855,5507,5957,6297,6636,6902,7363,7598,7535
1489,3043,4189,4853,5508,5958,6298,6641,6903,7363,7595,7532
1490,3044,4189,4850,5505,5958,6302,6644,6900,7366,7590,7535
1491,3044,4186,4851,5506,5957,6299,6641,6901,7366,7596,7538
1492,3043,4183,4854,5510,5954,6295,6639,6898,7362,7599,7533
1493,3041,4185,4857,5511,5956,6294,6636,6900,7361,7596,7533
1492,3043,4189,4855,5508,5960,6298,6637,6904,7364,7595,7535
1491,3045,4188,4852,5507,5957,6300,6641,6901,7365,7597,7537
1490,3048,4186,4854,5505,5955,6297,6640,6898,7368,7601,7536
1491,3047,4183,4856,5506,5959,6296,6637,6898,7372,7601,7532
1490,3046,4185,4855,5508,5963,6294,6634,6901,7368,7598,7533
1491,3044,4187,4852,5508,5960,6295,6639,6902,7367,7597,7538
1491,3045,4189,4850,5507,5958,6294,6639,6906,7364,7600,7535
1490,3046,4186,4854,5508,5961,6293,6637,6903,7365,7597,7532
1490,3046,4184,4857,5510,5963,6290,6637,6899,7371,7598,7530
1491,3045,4185,4854,5510,5959,6292,6634,6904,7372,7596,7530
1492,3044,4189,4851,5508,5959,6295,6636,6908,7369,7598,7529
1492,3045,4191,4854,5509,5963,6292,6640,6903,7368,7598,7528
1492,3043,4189,4856,5511,5965,6289,6637,6902,7363,7594,7523
1492,3043,4186,4854,5512,5963,6291,6633,6899,7367,7593,7528
1493,3043,4189,4851,5510,5963,6292,6633,6900,7371,7598,7524
1493,3044,4191,4850,5508,5964,6294,6636,6904,7373,7600,7520
1493,3046,4192,4854,5511,5965,6293,6637,6902,7371,7599,7520
1491,3044,4190,4855,5510,5966,6290,6641,6899,7368,7596,7522
1490,3043,4187,4853,5508,5966,6286,6639,6902,7365,7597,7519
1489,3042,4188,4850,5510,5967,6290,6635,6904,7370,7603,7518
1489,3044,4192,4849,5514,5965,6295,6640,6900,7372,7601,7519
1490,3045,4194,4851,5513,5964,6292,6644,6900,7373,7597,7522
1491,3046,4192,4851,5511,5963,6291,6641,6899,7377,7602,7521
1491,3045,4190,4852,5512,5964,6290,6638,6900,7372,7603,7517
1491,3043,4191,4851,5516,5964,6291,6636,6904,7370,7602,7515
1491,3042,4194,4850,5514,5963,6293,6638,6902,7370,7602,7517
1492,3043,4194,4852,5510,5960,6292,6636,6898,7371,7604,7513
1492,3045,4192,4852,5508,5962,6290,6637,6902,7374,7603,7513
1493,3046,4190,4851,5513,5961,6287,6634,6906,7373,7600,7511
1492,3045,4191,4851,5511,5958,6290,6636,6902,7368,7596,7512
1491,3045,4194,4849,5508,5954,6293,6641,6901,7368,7603,7516
1490,3046,4193,4849,5508,5959,6290,6641,6898,7372,7601,7512
1491,3046,4191,4850,5511,5962,6287,6639,6899,7373,7599,7509
1491,3046,4189,4849,5511,5960,6288,6639,6904,7376,7598,7515
1492,3046,4190,4848,5508,5958,6290,6642,6903,7373,7598,7516
1491,3045,4193,4846,5508,5961,6292,6643,6900,7369,7598,7514
1491,3046,4194,4847,5512,5962,6291,6642,6899,7369,7598,7511
1490,3046,4192,4850,5513,5960,6289,6638,6901,7371,7594,7506
1492,3044,4189,4849,5510,5959,6285,6634,6902,7373,7598,7511
1492,3042,4190,4846,5509,5964,6289,6639,6901,7377,7595,7514
1492,3044,4193,4843,5511,5965,6293,6642,6900,7377,7591,7511
1491,3047,4196,4846,5511,5963,6290,6638,6897,7375,7597,7510
1490,3047,4194,4848,5510,5963,6289,6637,6901,7374,7600,7512
1490,3046,4192,4847,5511,5965,6288,6635,6904,7370,7597,7513
1490,3045,4193,4845,5513,5965,6289,6636,6904,7373,7598,7514
1491,3045,4196,4843,5514,5966,6290,6639,6904,7375,7595,7512
1490,3046,4196,4845,5513,5965,6295,6638,6903,7377,7598,7515
1489,3045,4194,4848,5511,5968,6294,6634,6904,7376,7598,7513
1488,3044,4191,4845,5508,5970,6291,6632,6908,7374,7594,7509
1487,3043,4190,4843,5509,5969,6295,6636,6911,7370,7599,7507
1489,3043,4193,4843,5508,5967,6297,6637,6906,7375,7601,7512
1490,3043,4196,4847,5509,5968,6293,6635,6905,7376,7597,7514
1490,3044,4195,4847,5507,5972,6291,6635,6909,7377,7597,7512
1491,3043,4193,4845,5508,5972,6291,6633,6910,7381,7594,7509
1491,3043,4192,4844,5512,5970,6292,6635,6914,7378,7597,7510
1492,3043,4195,4844,5511,5972,6294,6639,6912,7375,7596,7511
1492,3046,4195,4844,5508,5976,6293,6636,6909,7373,7593,7509
1493,3046,4193,4845,5509,5973,6290,6633,6908,7373,7591,7505
1492,3044,4190,4842,5513,5970,6287,6638,6913,7377,7597,7510
1490,3043,4189,4842,5512,5974,6291,6641,6914,7381,7593,7511
1490,3042,4192,4841,5509,5978,6295,6643,6912,7381,7591,7509
1491,3044,4195,4842,5507,5975,6292,6641,6910,7381,7589,7508
1491,3046,4195,4843,5511,5973,6291,6639,6906,7378,7590,7510
1492,3044,4193,4842,5512,5975,6294,6640,6910,7374,7596,7514
1490,3042,4192,4841,5510,5978,6295,6644,6916,7379,7594,7512
1490,3041,4192,4838,5510,5975,6293,6644,6912,7381,7592,7509
1489,3040,4192,4838,5514,5975,6294,6641,6911,7383,7596,7514
1490,3041,4193,4840,5512,5978,6292,6639,6908,7382,7598,7517
1490,3044,4191,4840,5510,5980,6293,6642,6909,7378,7596,7514
1490,3046,4189,4838,5509,5978,6298,6643,6914,7375,7595,7514
1488,3045,4189,4839,5512,5977,6295,6642,6917,7380,7597,7510
1487,3044,4191,4840,5513,5978,6292,6642,6914,7382,7601,7513
1488,3044,4192,4840,5510,5979,6291,6644,6913,7385,7598,7518
1488,3045,4190,4839,5511,5979,6295,6647,6912,7383,7594,7515
1488,3046,4189,4838,5513,5978,6296,6650,6912,7379,7600,7514
1486,3047,4189,4839,5515,5979,6294,6646,6916,7377,7602,7517
1485,3047,4190,4839,5512,5977,6294,6644,6920,7382,7600,7513
1485,3048,4191,4839,5512,5976,6296,6649,6916,7383,7599,7512
1484,3048,4188,4836,5513,5972,6297,6650,6915,7386,7600,7512
1485,3045,4187,4837,5514,5974,6297,6652,6918,7383,7605,7514
1487,3043,4187,4839,5513,5974,6295,6651,6919,7379,7605,7513
1487,3042,4189,4838,5514,5973,6292,6647,6918,7379,7601,7510
1487,3046,4190,4836,5515,5975,6295,6644,6918,7380,7599,7508
1487,3047,4188,4833,5517,5977,6298,6648,6916,7382,7602,7514
1487,3047,4187,4835,5515,5976,6299,6652,6918,7387,7599,7515
1488,3047,4190,4839,5514,5974,6297,6649,6922,7382,7599,7514
1487,3045,4190,4836,5514,5971,6297,6649,6919,7380,7595,7512
1488,3045,4191,4833,5516,5975,6298,6646,6919,7379,7598,7514
1487,3047,4189,4831,5516,5975,6300,6648,6924,7374,7597,7513
1487,3049,4188,4829,5516,5973,6303,6652,6925,7378,7592,7512
1487,3048,4188,4832,5517,5971,6302,6651,6923,7380,7591,7509
1488,3047,4190,4831,5519,5975,6299,6647,6921,7376,7595,7513
1489,3046,4191,4829,5519,5972,6303,6645,6917,7376,7591,7511
1489,3045,4189,4828,5517,5968,6307,6648,6921,7373,7590,7509
1489,3046,4188,4828,5517,5973,6304,6649,6926,7374,7588,7510
1489,3046,4190,4830,5519,5977,6303,6648,6923,7378,7590,7512
1489,3047,4191,4830,5520,5974,6302,6648,6921,7379,7590,7510
1490,3049,4192,4829,5519,5973,6303,6650,6925,7376,7587,7509
1490,3050,4189,4830,5520,5973,6305,6652,6926,7376,7584,7504
1489,3050,4188,4828,5522,5974,6306,6652,6925,7372,7588,7509
1489,3048,4192,4828,5521,5975,6304,6649,6925,7374,7585,7508
1487,3046,4194,4830,5518,5974,6305,6645,6921,7378,7584,7505
1487,3049,4191,4830,5516,5974,6308,6650,6925,7378,7584,7504
1488,3050,4189,4830,5519,5976,6310,6653,6929,7377,7585,7508
1488,3051,4188,4828,5519,5974,6306,6649,6925,7377,7589,7504
1487,3049,4191,4828,5516,5974,6305,6648,6924,7372,7586,7504
1487,3047,4191,4831,5514,5971,6305,6644,6923,7369,7582,7502
1486,3047,4189,4829,5517,5972,6305,6645,6925,7372,7588,7505
1488,3049,4186,4826,5516,5971,6307,6649,6924,7373,7591,7509
1489,3051,4186,4824,5512,5971,6307,6648,6923,7378,7589,7505
1490,3051,4189,4826,5510,5968,6303,6646,6918,7376,7588,7504
1489,3051,4191,4831,5514,5970,6300,6644,6923,7373,7584,7510
1488,3050,4189,4828,5514,5970,6305,6647,6928,7373,7588,7511
1488,3050,4188,4826,5511,5967,6309,6647,6925,7373,7588,7511
1489,3050,4186,4823,5509,5968,6305,6647,6924,7375,7583,7508
1488,3050,4189,4826,5513,5972,6304,6647,6928,7380,7581,7509
1488,3051,4190,4828,5514,5972,6302,6644,6924,7377,7584,7511
1487,3050,4188,4825,5512,5970,6303,6647,6924,7373,7586,7508
1487,3051,4186,4823,5512,5971,6305,6651,6923,7371,7586,7505
1487,3052,4186,4822,5516,5975,6310,6647,6925,7367,7584,7511
1488,3049,4188,4825,5514,5972,6307,6644,6923,7370,7586,7511
1489,3047,4191,4827,5512,5970,6305,6644,6922,7374,7585,7509
1489,3047,4189,4824,5511,5973,6308,6647,6919,7371,7581,7509
1489,3049,4186,4823,5514,5976,6309,6648,6923,7370,7579,7512
1488,3051,4189,4822,5512,5973,6310,6648,6923,7367,7584,7515
1489,3053,4192,4824,5510,5971,6310,6644,6920,7369,7586,7514
1489,3052,4192,4824,5511,5975,6310,6646,6919,7374,7585,7511
1490,3051,4189,4822,5514,5975,6310,6651,6922,7375,7583,7516
1488,3050,4187,4822,5512,5973,6313,6653,6923,7372,7583,7521
1487,3051,4186,4826,5511,5973,6316,6649,6923,7370,7589,7517
1485,3053,4189,4827,5514,5976,6312,6647,6922,7365,7587,7516
1485,3053,4191,4824,5515,5977,6310,6643,6925,7367,7582,7518
1486,3052,4190,4825,5513,5975,6315,6644,6928,7371,7587,7520
1486,3049,4188,4824,5512,5975,6318,6649,6926,7372,7589,7521
1487,3050,4188,4824,5512,5976,6315,6648,6923,7375,7587,7517
1487,3051,4190,4825,5514,5977,6315,6645,6926,7374,7586,7516
1486,3051,4191,4824,5511,5977,6317,6647,6932,7370,7587,7519
1487,3052,4188,4825,5510,5977,6317,6650,6929,7369,7591,7516
1489,3052,4186,4823,5509,5978,6317,6651,6928,7373,7589,7516
1489,3052,4187,4824,5510,5979,6317,6649,6931,7373,7585,7520
1488,3053,4189,4825,5507,5979,6313,6649,6932,7377,7591,7521
1487,3053,4191,4828,5507,5977,6315,6649,6931,7373,7594,7526
1486,3052,4189,4826,5506,5978,6319,6651,6932,7370,7590,7523
1487,3051,4187,4824,5508,5982,6319,6655,6933,7371,7590,7521
1487,3053,4189,4822,5509,5981,6316,6651,6936,7373,7591,7525
1487,3054,4192,4826,5509,5979,6316,6649,6935,7375,7594,7527
1486,3055,4191,4825,5508,5977,6319,6654,6930,7378,7595,7526
1487,3054,4189,4822,5505,5980,6320,6656,6935,7374,7591,7524
1487,3053,4187,4820,5508,5978,6319,6656,6939,7371,7596,7526
1488,3054,4186,4822,5512,5975,6317,6656,6936,7369,7593,7530
1489,3056,4190,4825,5511,5976,6313,6652,6935,7371,7589,7529
1489,3058,4192,4825,5509,5979,6316,6649,6939,7374,7590,7524
1490,3057,4189,4822,5510,5977,6319,6654,6939,7372,7592,7522
1490,3056,4186,4820,5515,5976,6317,6655,6938,7367,7594,7525
1488,3055,4185,4821,5511,5976,6314,6652,6938,7366,7594,7527
1488,3057,4188,4823,5508,5977,6313,6652,6940,7370,7591,7527
1489,3058,4188,4824,5508,5973,6314,6650,6938,7371,7593,7525
1488,3058,4186,4822,5512,5972,6315,6651,6936,7374,7598,7527
1486,3058,4184,4822,5513,5971,6314,6654,6932,7371,7595,7531
1485,3059,4187,4824,5510,5973,6313,6653,6936,7367,7593,7528
1485,3058,4189,4825,5510,5975,6309,6648,6937,7367,7596,7527
1486,3057,4188,4822,5512,5974,6312,6646,6934,7369,7596,7532
1487,3056,4186,4822,5509,5972,6316,6650,6933,7370,7597,7534
1487,3056,4184,4823,5507,5973,6312,6651,6935,7375,7594,7533
1487,3058,4186,4824,5508,5976,6310,6648,6937,7369,7597,7531
1489,3061,4189,4825,5511,5976,6310,6649,6936,7366,7601,7532
1489,3059,4186,4823,5511,5974,6313,6649,6936,7365,7596,7537
1490,3057,4183,4823,5511,5976,6313,6651,6938,7367,7594,7535
1490,3055,4181,4821,5510,5980,6317,6655,6941,7369,7599,7532
1489,3056,4183,4820,5512,5976,6315,6651,6940,7371,7601,7536
1487,3057,4187,4822,5513,5973,6311,6648,6936,7366,7599,7537
1487,3057,4186,4822,5513,5976,6314,6653,6939,7365,7598,7535
1488,3057,4184,4822,5512,5980,6318,6655,6944,7363,7598,7535
1488,3055,4184,4823,5509,5977,6315,6656,6940,7363,7604,7537
1487,3055,4187,4824,5510,5975,6313,6654,6938,7367,7602,7540
1487,3055,4186,4827,5514,5978,6312,6651,6938,7369,7597,7538
1487,3056,4184,4826,5513,5980,6312,6649,6937,7369,7602,7534
1488,3056,4181,4824,5510,5976,6313,6652,6941,7369,7604,7538
1488,3056,4182,4824,5511,5976,6313,6655,6940,7366,7601,7541
1489,3058,4185,4825,5516,5980,6311,6651,6937,7362,7600,7539
1489,3059,4185,4829,5515,5977,6307,6649,6940,7365,7602,7540
1488,3057,4184,4829,5512,5974,6310,6646,6943,7366,7606,7535
1487,3056,4183,4826,5514,5975,6314,6647,6940,7368,7604,7539
1488,3055,4183,4827,5517,5975,6310,6649,6938,7367,7599,7544
1488,3057,4186,4830,5515,5972,6308,6654,6938,7363,7604,7541
1488,3059,4185,4831,5511,5971,6308,6650,6940,7361,7608,7539
1487,3058,4182,4829,5514,5976,6310,6648,6937,7359,7604,7542
1487,3057,4180,4827,5518,5976,6311,6652,6935,7359,7603,7538
1487,3055,4181,4830,5517,5975,6311,6653,6931,7363,7603,7537
1488,3056,4183,4833,5514,5974,6309,6649,6935,7366,7606,7535
1489,3057,4183,4834,5517,5976,6309,6649,6935,7361,7606,7537
1489,3058,4182,4832,5517,5976,6313,6646,6932,7358,7602,7541
1489,3058,4183,4829,5514,5976,6316,6648,6930,7355,7605,7537
1490,3058,4183,4832,5513,5976,6313,6652,6934,7352,7608,7534
1491,3058,4183,4833,5517,5977,6310,6648,6929,7357,7603,7539
1491,3058,4182,4833,5520,5978,6309,6645,6927,7359,7602,7541
1492,3058,4184,4831,5517,5978,6309,6649,6927,7355,7607,7539
1491,3057,4183,4831,5515,5975,6310,6652,6930,7354,7608,7538
1490,3059,4182,4831,5518,5976,6311,6648,6933,7348,7607,7539
1489,3061,4183,4832,5520,5979,6309,6647,6931,7352,7603,7543
1489,3061,4184,4832,5517,5979,6305,6644,6927,7357,7606,7542
1489,3059,4185,4834,5516,5975,6309,6646,6931,7353,7611,7539
1489,3056,4185,4834,5521,5978,6312,6649,6936,7350,7607,7544
1489,3055,4183,4832,5523,5980,6312,6648,6934,7354,7605,7545
1489,3057,4183,4832,5520,5979,6310,6644,6932,7355,7607,7542
1490,3059,4183,4834,5518,5975,6310,6642,6935,7353,7608,7542
1491,3060,4185,4833,5522,5980,6312,6645,6937,7352,7607,7540
1492,3058,4185,4832,5523,5979,6314,6645,6935,7348,7605,7543
1491,3056,4182,4829,5520,5976,6313,6643,6936,7353,7606,7541
1490,3056,4182,4830,5520,5973,6310,6643,6937,7355,7610,7536
1489,3057,4183,4833,5524,5977,6307,6645,6940,7350,7606,7535
1489,3056,4184,4834,5521,5974,6312,6646,6939,7350,7602,7539
1489,3056,4182,4831,5520,5970,6315,6649,6935,7347,7608,7536
1488,3057,4179,4828,5519,5969,6316,6645,6938,7349,7609,7535
1487,3058,4178,4828,5522,5973,6314,6641,6944,7353,7607,7532
1487,3056,4181,4830,5519,5970,6312,6640,6940,7348,7606,7534
1487,3054,4182,4832,5518,5968,6313,6642,6938,7346,7601,7534
1488,3053,4180,4830,5519,5968,6315,6644,6943,7346,7605,7532
1489,3055,4177,4828,5522,5969,6316,6643,6943,7348,7604,7534
1490,3057,4176,4827,5518,5966,6313,6640,6941,7351,7599,7539
1489,3056,4180,4829,5516,5965,6310,6636,6942,7348,7598,7535
1489,3055,4181,4828,5519,5965,6313,6640,6944,7344,7601,7534
1488,3054,4179,4826,5521,5966,6315,6643,6945,7343,7596,7540
1489,3054,4177,4825,5518,5968,6311,6640,6949,7347,7597,7542
1489,3055,4176,4825,5518,5967,6311,6638,6946,7348,7594,7540
1490,3056,4178,4826,5522,5965,6311,6641,6944,7347,7597,7537
1489,3056,4179,4826,5524,5965,6312,6641,6949,7344,7595,7538
1489,3058,4177,4825,5521,5964,6314,6640,6950,7340,7590,7544
1488,3057,4175,4825,5520,5965,6314,6640,6948,7346,7589,7542
1488,3057,4174,4822,5522,5962,6311,6637,6946,7349,7593,7539
1489,3056,4175,4819,5523,5963,6307,6639,6947,7344,7589,7538
1489,3056,4176,4821,5521,5963,6313,6642,6949,7343,7587,7539
1489,3056,4177,4824,5521,5961,6314,6638,6950,7344,7583,7538
1488,3058,4175,4823,5524,5962,6312,6636,6947,7347,7585,7538
1488,3057,4176,4819,5526,5964,6311,6636,6949,7346,7590,7535
1489,3057,4175,4817,5524,5965,6314,6637,6954,7343,7587,7538
1489,3055,4177,4820,5524,5962,6314,6638,6949,7339,7584,7537
1488,3055,4176,4822,5525,5964,6318,6638,6946,7344,7588,7534
1488,3057,4177,4820,5525,5967,6317,6636,6946,7343,7589,7534
1488,3059,4176,4817,5524,5966,6313,6632,6948,7342,7587,7538
1488,3059,4175,4819,5525,5961,6315,6636,6951,7341,7586,7541
1488,3058,4173,4824,5523,5964,6318,6640,6951,7337,7588,7540
1488,3058,4175,4824,5524,5969,6316,6636,6948,7340,7592,7536
1487,3059,4175,4822,5523,5966,6314,6634,6950,7342,7589,7540
1487,3056,4178,4820,5523,5963,6314,6637,6951,7339,7586,7546
1486,3055,4176,4823,5520,5962,6317,6637,6948,7338,7592,7542
1487,3056,4173,4824,5521,5965,6318,6640,6946,7336,7594,7541
1488,3057,4173,4821,5521,5962,6317,6639,6949,7337,7591,7545
1490,3059,4174,4818,5520,5960,6315,6637,6946,7341,7590,7546
1489,3057,4177,4818,5519,5960,6310,6638,6944,7342,7591,7545
1488,3055,4177,4821,5519,5963,6312,6642,6944,7338,7594,7543
1487,3054,4176,4822,5519,5960,6317,6637,6946,7338,7594,7545
1488,3056,4174,4820,5516,5959,6315,6633,6948,7339,7591,7549
1488,3057,4174,4819,5513,5957,6312,6633,6947,7341,7595,7550
1489,3059,4177,4819,5515,5957,6311,6635,6943,7345,7596,7548
1488,3056,4176,4820,5517,5956,6313,6637,6941,7340,7593,7548
1487,3055,4174,4820,5515,5957,6313,6636,6947,7338,7593,7550
1486,3055,4171,4818,5511,5954,6312,6633,6944,7338,7596,7553
1486,3056,4172,4818,5513,5955,6313,6629,6942,7340,7598,7551
1487,3058,4175,4818,5513,5955,6310,6633,6942,7343,7597,7547
1487,3058,4176,4818,5511,5953,6312,6636,6943,7340,7592,7551
1488,3057,4175,4816,5508,5949,6315,6633,6945,7335,7597,7555
1488,3057,4173,4815,5511,5952,6313,6632,6946,7341,7601,7557
1488,3057,4173,4813,5516,5957,6309,6630,6944,7344,7596,7555
1487,3057,4176,4813,5514,5955,6309,6631,6945,7340,7595,7551
1488,3056,4178,4813,5512,5952,6312,6635,6949,7340,7592,7553
1488,3055,4177,4815,5515,5955,6313,6634,6945,7337,7593,7559
1489,3054,4175,4816,5514,5957,6316,6630,6942,7338,7593,7555
1488,3054,4173,4815,5510,5954,6314,6627,6943,7343,7590,7553
1487,3055,4175,4812,5508,5953,6311,6630,6945,7340,7588,7550
1486,3053,4178,4813,5511,5954,6314,6627,6947,7337,7592,7551
1486,3052,4177,4816,5511,5956,6318,6625,6946,7341,7588,7556
1487,3051,4174,4814,5508,5952,6320,6625,6941,7341,7586,7556
1487,3054,4171,4812,5506,5951,6316,6626,6944,7344,7586,7552
1487,3056,4175,4809,5509,5948,6315,6627,6949,7344,7586,7556
1486,3055,4177,4812,5511,5950,6317,6631,6946,7341,7586,7558
1486,3054,4175,4815,5507,5948,6316,6628,6943,7343,7584,7555
1487,3053,4172,4813,5506,5948,6316,6625,6948,7347,7585,7555
1488,3054,4170,4810,5510,5946,6315,6630,6949,7343,7590,7553
1488,3055,4174,4809,5513,5947,6311,6632,6946,7342,7589,7555
1488,3055,4176,4812,5510,5946,6313,6634,6946,7342,7586,7559
1487,3055,4175,4812,5510,5946,6316,6632,6944,7343,7585,7554
1485,3054,4172,4809,5512,5942,6312,6631,6946,7347,7585,7553
1486,3054,4171,4807,5512,5945,6309,6631,6944,7343,7588,7552
1486,3054,4173,4808,5510,5950,6310,6634,6939,7339,7589,7553
1486,3053,4175,4810,5511,5947,6312,6633,6937,7344,7586,7558
1487,3053,4173,4811,5513,5944,6313,6629,6943,7347,7589,7554
1486,3054,4171,4808,5514,5947,6311,6628,6944,7348,7592,7552
1486,3056,4169,4807,5512,5950,6308,6631,6942,7346,7588,7558
1486,3057,4172,4806,5511,5947,6304,6631,6943,7342,7589,7560
1486,3055,4175,4807,5513,5944,6307,6629,6943,7344,7591,7558
1488,3052,4177,4807,5513,5949,6311,6629,6945,7349,7594,7556
1487,3051,4174,4806,5512,5950,6309,6626,6946,7346,7593,7558
1488,3053,4172,4807,5513,5948,6307,6628,6944,7344,7589,7563
1487,3055,4171,4809,5514,5947,6306,6632,6940,7343,7591,7561
1486,3055,4173,4809,5516,5945,6307,6631,6944,7343,7596,7556
1484,3053,4174,4810,5514,5946,6304,6629,6945,7347,7592,7554
1482,3051,4171,4810,5513,5948,6303,6629,6943,7346,7590,7557
1483,3051,4169,4809,5513,5949,6302,6632,6944,7343,7589,7558
1482,3052,4172,4808,5514,5947,6303,6633,6941,7346,7590,7559
1483,3055,4174,4810,5514,5949,6306,6637,6942,7349,7590,7556
1484,3055,4176,4810,5514,5951,6305,6633,6947,7345,7587,7553
1484,3055,4174,4810,5515,5950,6301,6628,6944,7344,7583,7557
1484,3054,4172,4809,5517,5946,6299,6626,6941,7342,7588,7558
1486,3054,4175,4809,5516,5948,6304,6630,6946,7343,7588,7557
1486,3054,4177,4811,5514,5953,6305,6631,6948,7347,7586,7556
1487,3053,4177,4811,5514,5955,6307,6629,6946,7344,7586,7558
1487,3053,4174,4809,5516,5952,6305,6627,6944,7341,7588,7563
1485,3053,4173,4806,5517,5951,6303,6628,6946,7341,7591,7559
1485,3054,4173,4807,5515,5954,6303,6630,6948,7344,7589,7555
1484,3054,4176,4811,5516,5954,6307,6635,6948,7345,7584,7561
1485,3052,4177,4810,5518,5952,6306,6632,6946,7344,7589,7564
1485,3051,4177,4808,5517,5952,6302,6630,6942,7341,7593,7561
1484,3050,4176,4805,5514,5950,6299,6633,6947,7339,7589,7559
1483,3053,4175,4807,5510,5951,6302,6633,6948,7343,7587,7556
1483,3056,4174,4810,5514,5953,6304,6635,6945,7345,7583,7560
1484,3054,4174,4807,5513,5953,6300,6635,6946,7343,7585,7559
1485,3052,4175,4804,5511,5950,6301,6631,6949,7339,7590,7555
1485,3051,4175,4807,5509,5947,6304,6628,6950,7334,7587,7554
1485,3051,4176,4811,5511,5952,6305,6631,6951,7338,7585,7556
1483,3052,4177,4812,5514,5951,6308,6632,6947,7341,7588,7558
1482,3055,4178,4810,5511,5947,6306,6629,6950,7338,7589,7558
1483,3054,4179,4808,5507,5946,6303,6629,6955,7338,7589,7556
1483,3052,4180,4810,5512,5948,6306,6626,6953,7339,7588,7558
1483,3053,4179,4812,5515,5950,6310,6627,6950,7340,7585,7562
1483,3053,4178,4809,5513,5947,6307,6630,6953,7345,7589,7558
1482,3054,4176,4806,5511,5947,6305,6629,6955,7343,7590,7557
1481,3054,4176,4805,5514,5945,6303,6625,6952,7340,7588,7562
1482,3055,4178,4808,5516,5947,6306,6628,6954,7343,7588,7563
1482,3056,4178,4811,5512,5949,6306,6632,6956,7344,7590,7563
1484,3057,4178,4808,5511,5948,6306,6633,6958,7342,7594,7561
1485,3056,4180,4807,5515,5944,6305,6635,6956,7342,7591,7562
1485,3055,4180,4805,5517,5941,6307,6634,6953,7338,7587,7567
1486,3055,4178,4807,5514,5946,6309,6630,6954,7341,7592,7565
1486,3057,4177,4807,5514,5948,6308,6632,6959,7344,7590,7563
1487,3058,4177,4805,5516,5946,6304,6636,6958,7340,7586,7567
1486,3057,4176,4806,5517,5945,6302,6634,6955,7339,7585,7568
1486,3055,4177,4805,5514,5947,6307,6629,6959,7343,7586,7567
1485,3053,4178,4806,5514,5948,6309,6627,6957,7344,7583,7567
1485,3053,4179,4807,5517,5946,6305,6630,6954,7348,7584,7569
1485,3055,4179,4806,5518,5946,6303,6631,6954,7345,7580,7572
1485,3057,4177,4804,5516,5950,6300,6629,6958,7341,7584,7569
1485,3057,4177,4802,5517,5947,6300,6627,6954,7345,7586,7566
1483,3057,4178,4802,5518,5947,6303,6624,6954,7347,7583,7567
1483,3057,4180,4804,5519,5946,6303,6628,6955,7349,7583,7570
1483,3058,4180,4804,5517,5947,6301,6629,6957,7348,7586,7566
1485,3058,4176,4802,5517,5948,6298,6625,6958,7344,7588,7564
1485,3057,4173,4799,5519,5949,6302,6624,6956,7342,7588,7559
1485,3058,4174,4800,5521,5948,6304,6623,6953,7347,7585,7563
1485,3060,4178,4803,5518,5950,6300,6623,6957,7349,7587,7564
1485,3060,4178,4805,5518,5952,6301,6626,6954,7345,7592,7561
1485,3058,4176,4802,5519,5952,6300,6625,6951,7343,7590,7559
1484,3057,4174,4800,5519,5949,6301,6621,6951,7339,7587,7562
1484,3056,4175,4799,5518,5951,6303,6619,6954,7343,7591,7558
1483,3057,4177,4803,5518,5955,6303,6619,6951,7346,7591,7559
1482,3060,4180,4804,5520,5954,6300,6621,6950,7342,7591,7556
1483,3060,4177,4806,5517,5952,6298,6622,6952,7341,7590,7559
1484,3059,4174,4803,5516,5950,6302,6621,6954,7342,7592,7558
1484,3056,4172,4802,5514,5955,6304,6617,6955,7343,7596,7553
1485,3057,4175,4803,5515,5952,6301,6613,6953,7344,7592,7550
1486,3057,4178,4804,5513,5949,6300,6619,6954,7342,7589,7556
1486,3057,4177,4805,5513,5949,6298,6621,6958,7339,7594,7558
1486,3056,4175,4805,5512,5953,6298,6618,6955,7343,7596,7557
0,3055,4174,4806,5513,5950,6302,6618,6951,7344,7593,7554
0,3056,4176,4803,5514,5949,6301,6614,6957,7341,7591,7555
0,3056,4178,4804,5514,5948,6297,6615,6959,7342,7587,7560
0,3055,4179,4806,5511,5950,6300,6619,6956,7339,7592,7559
0,3055,4176,4806,5511,5947,6303,6619,6956,7341,7590,7555
0,3055,4175,4804,5514,5948,6304,6616,6953,7344,7586,7560
0,3057,4176,4801,5514,5946,6300,6618,6954,7340,7590,7561
0,3060,4179,4804,5512,5949,6301,6621,6954,7338,7592,7558
0,3057,4180,4807,5513,5947,6298,6622,6952,7343,7589,7559
0,3055,4177,4806,5515,5946,6300,6621,6954,7344,7590,7556
0,3053,4175,4804,5515,5943,6304,6620,6958,7347,7592,7559
0,3054,4175,4801,5512,5945,6302,6618,6955,7345,7595,7558
0,3056,4176,4805,5512,5945,6299,6620,6952,7339,7593,7554
0,3055,4177,4807,5516,5944,6303,6625,6957,7345,7588,7553
0,3053,4177,4807,5516,5940,6307,6620,6959,7348,7587,7556
0,3051,4178,4805,5512,5943,6305,6617,6956,7348,7592,7559
0,3052,4178,4804,5514,5942,6302,6616,6954,7347,7588,7558
0,3052,4177,4803,5518,5939,6301,6619,6956,7343,7588,7554
0,3052,4178,4806,5515,5937,6303,6620,6957,7341,7590,7557
0,3052,4178,4806,5511,5941,6304,6619,6957,7345,7592,7564
0,3052,4177,4805,5512,5945,6303,6616,6955,7346,7591,7559
0,3054,4176,4804,5516,5941,6303,6617,6951,7349,7588,7557
0,3055,4175,4803,5516,5940,6300,6622,6955,7347,7591,7554
0,3052,4176,4802,5513,5944,6303,6625,6953,7343,7594,7555
0,3051,4175,4804,5515,5944,6305,6622,6950,7346,7590,7560
0,3052,4177,4807,5518,5941,6302,6621,6951,7351,7590,7559
0,3054,4178,4807,5516,5941,6300,6624,6955,7347,7594,7556
0,3054,4177,4805,5513,5939,6301,6624,6951,7344,7595,7556
0,3054,4178,4805,5515,5941,6303,6628,6950,7342,7594,7558
0,3053,4179,4808,5518,5944,6304,6626,6948,7342,7592,7560
0,3052,4180,4811,5517,5943,6303,6623,6949,7347,7592,7561
0,3053,4180,4808,5513,5941,6301,6622,6950,7345,7599,7558
0,3053,4178,4805,5516,5942,6297,6625,6949,7341,7596,7562
0,3052,4180,4806,5518,5946,6301,6626,6946,7341,7594,7566
0,3052,4179,4810,5516,5946,6306,6624,6950,7342,7597,7561
0,3054,4181,4808,5513,5943,6303,6624,6948,7343,7599,7561
0,3052,4180,4806,5517,5946,6300,6621,6944,7343,7597,7565
0,3051,4179,4804,5520,5950,6298,6624,6949,7341,7597,7567
0,3050,4178,4806,5517,5947,6299,6628,6952,7341,7598,7567
0,3051,4178,4809,5515,5945,6301,6629,6949,7345,7598,7563
0,3053,4180,4806,5518,5949,6302,6625,6949,7346,7596,7565
0,3054,4179,4805,5520,5952,6300,6626,6946,7343,7592,7571
0,3054,4178,4805,5516,5953,6298,6623,6948,7343,7598,7568
0,3052,4179,4809,5514,5951,6301,6625,6948,7340,7595,7566
0,3053,4178,4810,5519,5950,6303,6629,6946,7343,7592,7570
0,3054,4179,4811,5517,5946,6299,6626,6948,7340,7591,7571
0,3054,4180,4810,5514,5948,6297,6622,6952,7337,7592,7571
0,3054,4180,4809,5513,5948,6297,6622,6950,7336,7591,7570
0,3054,4178,4811,5515,5948,6298,6625,6946,7339,7590,7568
0,3054,4178,4812,5513,5949,6300,6627,6951,7341,7587,7573
0,3055,4179,4809,5510,5952,6299,6626,6954,7344,7592,7569
0,3054,4179,4809,5510,5951,6296,6624,6951,7341,7589,7567
0,3053,4178,4809,5514,5949,6293,6621,6950,7337,7585,7569
0,3053,4179,4811,5511,5947,6297,6624,6948,7336,7586,7571
0,3055,4179,4811,5508,5951,6301,6628,6949,7339,7588,7575
0,3055,4177,4813,5507,5954,6298,6629,6948,7340,7586,7573
0,3057,4177,4812,5509,5951,6296,6628,6948,7339,7585,7569
0,3054,4177,4811,5509,5949,6295,6627,6944,7335,7580,7574
0,3052,4176,4808,5507,5948,6297,6625,6948,7333,7584,7579
0,3055,4177,4810,5507,5948,6298,6626,6946,7337,7589,7575
0,3057,4178,4814,5506,5946,6303,6631,6941,7338,7585,7574
0,3057,4177,4813,5507,5946,6301,6634,6941,7336,7583,7577
0,3056,4176,4810,5505,5950,6298,6631,6945,7335,7587,7579
0,3054,4174,4808,5505,5952,6297,6631,6946,7330,7588,7579
0,3054,4174,4811,5502,5950,6299,6632,6944,7334,7588,7575
0,3055,4176,4812,5499,5950,6300,6634,6942,7338,7586,7579
0,3054,4176,4810,5501,5951,6299,6635,6942,7333,7589,7578
0,3053,4175,4808,5502,5952,6298,6632,6947,7330,7593,7573
0,3052,4173,4810,5500,5952,6300,6629,6945,7334,7589,7572
0,3054,4173,4813,5497,5952,6302,6632,6942,7334,7588,7577
0,3053,4175,4812,5500,5953,6306,6635,6946,7339,7587,7579
0,3051,4174,4809,5503,5956,6302,6631,6948,7336,7589,7578
0,3050,4173,4808,5500,5955,6298,6631,6945,7332,7588,7575
0,3049,4171,4810,5497,5951,6302,6629,6944,7332,7585,7578
0,3052,4171,4813,5501,5947,6306,6631,6947,7332,7586,7584
0,3054,4173,4809,5505,5952,6307,6636,6948,7329,7592,7581
0,3055,4172,4807,5501,5955,6305,6634,6952,7329,7589,7580
0,3053,4171,4806,5499,5953,6302,6632,6950,7325,7586,7583
0,3051,4169,4810,5498,5952,6304,6635,6946,7327,7585,7584
0,3051,4170,4811,5500,5956,6306,6639,6950,7331,7585,7584
0,3053,4171,4809,5497,5956,6310,6637,6950,7331,7589,7583
0,3056,4170,4808,5494,5954,6308,6636,6947,7329,7588,7580
0,3056,4169,4810,5493,5954,6306,6635,6946,7329,7583,7585
0,3055,4167,4811,5497,5958,6309,6637,6948,7325,7588,7586
0,3056,4166,4808,5496,5958,6310,6639,6945,7329,7591,7584
0,3055,4168,4806,5495,5957,6306,6640,6945,7332,7587,7584
0,3056,4168,4807,5494,5957,6306,6638,6944,7332,7588,7586
0,3056,4168,4809,5495,5954,6306,6636,6946,7331,7591,7590
0,3057,4167,4810,5496,5955,6307,6640,6949,7329,7593,7589
0,3058,4167,4807,5496,5955,6309,6642,6947,7331,7592,7585
0,3059,4169,4807,5495,5954,6308,6639,6943,7334,7587,7591
0,3058,4168,4806,5498,5951,6304,6640,6942,7332,7592,7594
0,3057,4167,4807,5498,5954,6301,6643,6946,7328,7597,7591
0,3056,4165,4807,5497,5957,6306,6644,6948,7328,7593,7590
0,3057,4164,4806,5494,5954,6309,6645,6946,7331,7592,7592
0,3060,4166,4806,5491,5950,6305,6642,6943,7332,7591,7595
0,3058,4166,4804,5491,5955,6304,6638,6944,7335,7592,7596
0,3056,4166,4805,5491,5959,6301,6644,6949,7332,7592,7593
0,3055,4165,4806,5490,5957,6302,6647,6949,7329,7590,7597
0,3055,4166,4809,5488,5955,6306,6644,6946,7334,7592,7600
0,3056,4167,4808,5489,5959,6306,6644,6950,7334,7596,7596
0,3057,4170,4805,5489,5959,6302,6647,6953,7332,7592,7597
0,3057,4168,4806,5487,5957,6304,6648,6948,7331,7590,7600
0,3056,4166,4810,5484,5956,6308,6652,6947,7326,7590,7602
0,3056,4165,4812,5486,5956,6309,6652,6951,7329,7591,7602
0,3057,4167,4810,5486,5957,6306,6649,6953,7333,7595,7598
0,3057,4170,4808,5485,5955,6305,6652,6951,7329,7593,7601
0,3057,4170,4810,5482,5955,6309,6656,6948,7327,7589,7606
0,3057,4168,4813,5484,5956,6309,6651,6948,7324,7594,7603
0,3059,4169,4811,5484,5958,6312,6649,6954,7325,7597,7601
0,3058,4169,4808,5481,5958,6310,6649,6952,7329,7594,7598
0,3059,4172,4806,5478,5957,6306,6651,6949,7326,7594,7600
0,3057,4171,4810,5482,5954,6304,6653,6948,7322,7589,7599
0,3057,4169,4810,5481,5956,6309,6657,6951,7321,7594,7597
0,3056,4169,4807,5479,5955,6311,6654,6947,7320,7598,7600
0,3059,4170,4804,5476,5953,6308,6652,6945,7323,7595,7605
0,3061,4173,4808,5479,5949,6308,6653,6944,7329,7593,7600
0,3059,4173,4811,5481,5954,6309,6655,6945,7324,7597,7599
0,3057,4171,4808,5479,5957,6310,6656,6948,7321,7597,7599
0,3056,4168,4806,5476,5955,6313,6660,6947,7325,7598,7602
0,3057,4169,4806,5481,5953,6313,6657,6944,7326,7595,7600
0,3059,4171,4810,5483,5957,6309,6652,6943,7328,7597,7598
0,3060,4170,4811,5481,5958,6311,6652,6948,7328,7602,7599
0,3059,4168,4809,5478,5955,6316,6655,6944,7325,7598,7605
0,3058,4165,4807,5478,5955,6315,6657,6943,7328,7596,7603
0,3057,4167,4811,5479,5959,6313,6661,6941,7331,7601,7601
0,3057,4170,4811,5480,5960,6312,6657,6941,7331,7603,7605
0,3056,4170,4809,5478,5958,6315,6653,6945,7331,7607,7606
0,3057,4168,4808,5479,5957,6316,6652,6945,7328,7604,7604
0,3057,4166,4809,5480,5959,6319,6657,6942,7330,7600,7605
0,3059,4167,4811,5477,5960,6316,6658,6946,7334,7606,7601
0,3059,4169,4813,5477,5960,6312,6655,6948,7330,7604,7605
0,3060,4168,4810,5476,5960,6314,6654,6945,7325,7600,7607
0,3059,4166,4808,5477,5962,6318,6651,6944,7324,7600,7604
0,3058,4163,4807,5478,5964,6320,6653,6949,7327,7600,7604
0,3061,4164,4809,5477,5963,6317,6657,6950,7329,7599,7608
0,3062,4168,4809,5477,5961,6317,6654,6948,7332,7598,7609
0,3062,4168,4808,5477,5962,6318,6652,6946,7328,7601,7609
0,3060,4167,4808,5479,5966,6319,6650,6947,7326,7605,7604
0,3058,4164,4808,5478,5966,6322,6652,6952,7331,7607,7601
0,3057,4165,4809,5476,5963,6321,6654,6950,7332,7603,7607
0,3058,4168,4810,5474,5966,6316,6655,6946,7330,7603,7608
0,3061,4167,4809,5475,5969,6315,6652,6950,7328,7606,7608
0,3061,4165,4807,5475,5966,6318,6650,6954,7323,7608,7606
0,3061,4162,4804,5473,5963,6318,6653,6949,7327,7607,7607
0,3060,4163,4805,5471,5963,6316,6655,6949,0,7604,7607
0,3059,4167,4808,5473,5967,6316,6656,6954,0,7607,7606
0,3060,4169,4809,5476,5964,6319,6656,6955,0,7612,7603
0,3061,4167,4808,5474,5963,6319,6655,6953,0,7608,7607
0,3061,4165,4805,5471,5966,6318,6651,6951,0,7608,7609
0,0,4166,4806,5475,5968,6314,6656,6952,0,7610,7606
0,0,0,4810,5479,5965,0,6657,6957,0,7611,7606
0,0,0,0,5478,5965,0,0,6955,0,7612,7608
0,0,0,0,5475,5968,0,0,0,0,7610,0
0,0,0,0,0,5970,0,0,0,0,7612,0
