-0.014591
0.0057248
0.0021038
-0.01505
-0.043525
-0.048764
-0.014573
-0.010876
-0.02841
-0.069139
-0.066887
-0.040057
-0.026311
-0.052466
-0.092662
-0.089869
-0.07953
-0.063039
-0.096401
-0.1222
-0.12731
-0.12076
-0.1139
-0.13821
-0.15244
-0.1613
-0.15943
-0.17299
-0.18282
-0.18782
-0.19566
-0.20724
-0.23095
-0.23368
-0.22583
-0.23059
-0.25665
-0.28654
-0.2864
-0.26351
-0.26937
-0.30035
-0.33564
-0.33126
-0.311
-0.31197
-0.34496
-0.37749
-0.36834
-0.35396
-0.34654
-0.38327
-0.40262
-0.40163
-0.39797
-0.39509
-0.42232
-0.42588
-0.43133
-0.42919
-0.4432
-0.44804
-0.44481
-0.45536
-0.46996
-0.49799
-0.48231
-0.47614
-0.4838
-0.51373
-0.53829
-0.5177
-0.50118
-0.51167
-0.55472
-0.57727
-0.56279
-0.53817
-0.55254
-0.59249
-0.61013
-0.6007
-0.57949
-0.59293
-0.63001
-0.64534
-0.64012
-0.63511
-0.64378
-0.67554
-0.68209
-0.68842
-0.69391
-0.7092
-0.72039
-0.72969
-0.74959
-0.76926
-0.79767
-0.78872
-0.79783
-0.81723
-0.85188
-0.87456
-0.85272
-0.85071
-0.86697
-0.91468
-0.92531
-0.91093
-0.8949
-0.91668
-0.95877
-0.96362
-0.95457
-0.93176
-0.95318
-0.97942
-0.98371
-0.97397
-0.96215
-0.97171
-0.98628
-0.98751
-0.98829
-1.0008
-1.0098
-1.0116
-1.0125
-1.0264
-1.0493
-1.061
-1.0434
-1.0469
-1.0687
-1.1019
-1.1093
-1.0769
-1.0793
-1.106
-1.1506
-1.1495
-1.1253
-1.1179
-1.1487
-1.1877
-1.1835
-1.1722
-1.1552
-1.1886
-1.2131
-1.2154
-1.2098
-1.2032
-1.2322
-1.2458
-1.2572
-1.2537
-1.2673
-1.2742
-1.2789
-1.2851
-1.298
-1.3225
-1.3247
-1.3154
-1.3198
-1.3475
-1.3766
-1.3724
-1.3488
-1.3551
-1.3853
-1.4175
-1.4094
-1.3865
-1.388
-1.4229
-1.4554
-1.4449
-1.4314
-1.4218
-1.4579
-1.4785
-1.4769
-1.4727
-1.4695
-1.4978
-1.5024
-1.5099
-1.51
-1.5253
-1.5306
-1.529
-1.5393
-1.5535
-1.5844
-1.5729
-1.5668
-1.5773
-1.6116
-1.6405
-1.6241
-1.6063
-1.6174
-1.6633
-1.6945
-1.6858
-1.6651
-1.6838
-1.7301
-1.7601
-1.7569
-1.7438
-1.7508
-1.7909
-1.8078
-1.806
-1.8021
-1.8085
-1.8408
-1.8454
-1.8531
-1.8564
-1.8686
-1.8763
-1.8795
-1.8914
-1.9011
-1.9213
-1.9017
-1.8977
-1.9035
-1.9314
-1.9506
-1.9273
-1.9184
-1.93
-1.9727
-1.9907
-1.9794
-1.9594
-1.9772
-2.0194
-2.0331
-2.0212
-2.0004
-2.016
-2.0499
-2.0602
-2.0559
-2.0528
-2.0626
-2.0869
-2.0904
-2.0929
-2.0999
-2.1115
-2.117
-2.1153
-2.1304
-2.1491
-2.1703
-2.1498
-2.1526
-2.1674
-2.2011
-2.216
-2.1853
-2.182
-2.2022
-2.2502
-2.255
-2.2325
-2.2147
-2.2414
-2.2825
-2.2865
-2.2771
-2.2572
-2.2811
-2.3106
-2.3151
-2.3072
-2.2994
-2.3191
-2.3383
-2.3467
-2.346
-2.3539
-2.3617
-2.3661
-2.369
-2.3826
-2.4032
-2.4152
-2.3992
-2.4033
-2.4241
-2.455
-2.4672
-2.4413
-2.4443
-2.466
-2.509
-2.5106
-2.4916
-2.4829
-2.5133
-2.5554
-2.5524
-2.544
-2.527
-2.5624
-2.5912
-2.5955
-2.5929
-2.5908
-2.6185
-2.6359
-2.6488
-2.6541
-2.6733
-2.688
-2.6938
-2.701
-2.7161
-2.7442
-2.7462
-2.7314
-2.737
-2.7635
-2.7958
-2.7971
-2.7698
-2.7762
-2.8086
-2.8492
-2.84
-2.8091
-2.8032
-2.8355
-2.868
-2.8547
-2.837
-2.8205
-2.8541
-2.8742
-2.8746
-2.8675
-2.8634
-2.8907
-2.9013
-2.9123
-2.9112
-2.9237
-2.93
-2.934
-2.9437
-2.9564
-2.9822
-2.9788
-2.9712
-2.9759
-3.0051
-3.036
-3.0333
-3.0118
-3.0185
-3.0516
-3.0848
-3.0789
-3.0561
-3.0588
-3.0946
-3.1264
-3.117
-3.1053
-3.0989
-3.1351
-3.1543
-3.1529
-3.1489
-3.1447
-3.1744
-3.1781
-3.1843
-3.1844
-3.2032
-3.208
-3.2038
-3.2123
-3.225
-3.2518
-3.2373
-3.2306
-3.2367
-3.2649
-3.291
-3.2749
-3.2553
-3.2661
-3.3081
-3.3334
-3.315
-3.2851
-3.2958
-3.337
-3.362
-3.3522
-3.3317
-3.3303
-3.3435
-3.3474
-3.3432
-3.3276
-3.3297
-3.3665
-3.3728
-3.3757
-3.3776
-3.3928
-3.4038
-3.4097
-3.4253
-3.4367
-3.4628
-3.4522
-3.4538
-3.4674
-3.5069
-3.5379
-3.5263
-3.5186
-3.5362
-3.583
-3.613
-3.6062
-3.5822
-3.5935
-3.6369
-3.6617
-3.6518
-3.6359
-3.6413
-3.6794
-3.6962
-3.6934
-3.6889
-3.6887
-3.7143
-3.7123
-3.7135
-3.712
-3.7225
-3.7202
-3.7124
-3.7189
-3.7298
-3.7322
-3.7018
-3.6951
-3.6951
-3.7302
-3.7609
-3.7393
-3.7172
-3.7301
-3.7789
-3.8032
-3.7877
-3.7579
-3.7691
-3.8094
-3.8309
-3.8202
-3.803
-3.8131
-3.8507
-3.8659
-3.8629
-3.8558
-3.8566
-3.8873
-3.8922
-3.8986
-3.9014
-3.9158
-3.9241
-3.9268
-3.9411
-3.9539
-3.9791
-3.9611
-3.9587
-3.9676
-4.0014
-4.0288
-4.0128
-3.9977
-3.9918
-4.0524
-4.074
-4.0469
-3.9931
-3.9964
-4.0698
-4.0937
-4.0637
-4.0063
-4.0134
-4.0742
-4.1022
-4.0719
-4.0275
-4.0312
-4.0707
-4.0883
-4.0588
-4.035
-4.045
-4.0556
-4.0594
-4.0485
-4.0491
-4.0699
-4.0545
-4.0355
-4.0334
-4.0593
-4.0778
-4.0468
-4.0077
-4.0205
-4.0758
-4.0976
-4.0561
-4.0017
-4.0159
-4.0829
-4.1049
-4.0679
-4.0185
-4.0343
-4.101
-4.1233
-4.0947
-4.0637
-4.0785
-4.1255
-4.1408
-4.1142
-4.0983
-4.114
-4.1272
-4.1332
-4.1187
-4.1282
-4.1507
-4.1394
-4.1228
-4.1254
-4.1597
-4.1732
-4.1411
-4.0908
-4.1099
-4.153
-4.1678
-4.125
-4.0738
-4.101
-4.1555
-4.17
-4.1157
-4.0773
-4.092
-4.1555
-4.1597
-4.1156
-4.0954
-4.1023
-4.1527
-4.1427
-4.1151
-4.1005
-4.1216
-4.1303
-4.1185
-4.097
-4.1073
-4.1318
-4.1117
-4.0876
-4.0842
-4.1062
-4.113
-4.0779
-4.0296
-4.0502
-4.0832
-4.0961
-4.0486
-3.9969
-4.027
-4.0689
-4.0804
-4.0192
-3.991
-4.0032
-4.0592
-4.0566
-4.0121
-3.9999
-4.007
-4.0596
-4.0441
-4.0265
-4.0211
-4.0431
-4.0613
-4.0553
-4.0519
-4.063
-4.0877
-4.0643
-4.0462
-4.0499
-4.0809
-4.0984
-4.0665
-4.0317
-4.057
-4.0898
-4.0994
-4.057
-4.0241
-4.0595
-4.0875
-4.0917
-4.0369
-4.0252
-4.0422
-4.0895
-4.0816
-4.0431
-4.0448
-4.0524
-4.0981
-4.0711
-4.0589
-4.0612
-4.0883
-4.1037
-4.0746
-4.0734
-4.0844
-4.1268
-4.112
-4.0984
-4.104
-4.1287
-4.1508
-4.1203
-4.0925
-4.1105
-4.1433
-4.1553
-4.1179
-4.0944
-4.1199
-4.1502
-4.1553
-4.1135
-4.1059
-4.1153
-4.148
-4.1288
-4.0909
-4.0899
-4.0968
-4.1312
-4.1017
-4.0915
-4.0933
-4.112
-4.1247
-4.102
-4.1053
-4.1091
-4.1339
-4.1196
-4.1043
-4.1106
-4.1289
-4.1483
-4.1184
-4.1023
-4.1145
-4.1348
-4.1423
-4.1105
-4.1026
-4.114
-4.135
-4.1308
-4.0941
-4.0925
-4.0977
-4.1148
-4.0916
-4.0644
-4.0629
-4.0703
-4.0856
-4.0559
-4.0457
-4.0493
-4.0694
-4.0696
-4.0351
-4.0342
-4.0424
-4.0673
-4.0576
-4.0301
-4.0281
-4.0404
-4.064
-4.0479
-4.0353
-4.0406
-4.0626
-4.0793
-4.0563
-4.053
-4.054
-4.0739
-4.071
-4.0479
-4.0486
-4.052
-4.0674
-4.0521
-4.0427
-4.0469
-4.0605
-4.0685
-4.0519
-4.053
-4.0579
-4.075
-4.0753
-4.0572
-4.0602
-4.073
-4.0871
-4.0875
-4.0644
-4.0716
-4.082
-4.1019
-4.0954
-4.0908
-4.0935
-4.1037
-4.119
-4.1126
-4.1313
-4.1293
-4.1435
-4.1473
-4.146
-4.1593
-4.1567
-4.1622
-4.1535
-4.156
-4.162
-4.1775
-4.1693
-4.1585
-4.1598
-4.1687
-4.1884
-4.1776
-4.1581
-4.1459
-4.1589
-4.1674
-4.169
-4.1363
-4.1298
-4.1323
-4.1463
-4.1477
-4.1308
-4.1248
-4.1253
-4.1448
-4.139
-4.1424
-4.1217
-4.1268
-4.1266
-4.1295
-4.1396
-4.1292
-4.125
-4.1181
-4.132
-4.1309
-4.1394
-4.1175
-4.1146
-4.1169
-4.1239
-4.1345
-4.118
-4.1049
-4.0986
-4.1095
-4.1081
-4.1116
-4.0849
-4.0779
-4.0793
-4.0858
-4.1056
-4.0951
-4.084
-4.0728
-4.0876
-4.0994
-4.1109
-4.0829
-4.0679
-4.0702
-4.0875
-4.1058
-4.0903
-4.0761
-4.0782
-4.1025
-4.1133
-4.1237
-4.0951
-4.1009
-4.1032
-4.1135
-4.1216
-4.1078
-4.0998
-4.0859
-4.1027
-4.1077
-4.1257
-4.0983
-4.0864
-4.0858
-4.0951
-4.1222
-4.1027
-4.0866
-4.0744
-4.0924
-4.115
-4.1184
-4.0873
-4.0726
-4.0845
-4.1115
-4.1261
-4.1035
-4.0818
-4.0933
-4.1218
-4.1342
-4.141
-4.1143
-4.131
-4.1448
-4.1621
-4.175
-4.1613
-4.1669
-4.1632
-4.1804
-4.1788
-4.2036
-4.1899
-4.1793
-4.1761
-4.183
-4.226
-4.2175
-4.1943
-4.1747
-4.1915
-4.2305
-4.235
-4.1938
-4.1551
-4.1612
-4.2017
-4.2184
-4.1922
-4.1505
-4.1642
-4.1909
-4.2091
-4.2079
-4.1955
-4.2207
-4.2264
-4.2488
-4.248
-4.228
-4.2289
-4.2225
-4.231
-4.2309
-4.2507
-4.2322
-4.2072
-4.203
-4.2067
-4.2466
-4.2325
-4.1984
-4.1685
-4.1779
-4.2234
-4.219
-4.1714
-4.1315
-4.1425
-4.1814
-4.1927
-4.1651
-4.1163
-4.1331
-4.1634
-4.181
-4.169
-4.1272
-4.1363
-4.1443
-4.1579
-4.1577
-4.1466
-4.1554
-4.1573
-4.1689
-4.1713
-4.1981
-4.2029
-4.1844
-4.1745
-4.1992
-4.2614
-4.2667
-4.2398
-4.2111
-4.212
-4.272
-4.2892
-4.2525
-4.1969
-4.2052
-4.2614
-4.2841
-4.2625
-4.2082
-4.2239
-4.2591
-4.277
-4.2639
-4.2219
-4.2326
-4.2474
-4.2629
-4.2621
-4.2485
-4.2506
-4.2468
-4.2521
-4.2575
-4.2803
-4.2847
-4.2571
-4.2541
-4.2623
-4.322
-4.3356
-4.2991
-4.2698
-4.2693
-4.3135
-4.3172
-4.2835
-4.232
-4.2441
-4.3014
-4.3232
-4.3014
-4.2458
-4.2586
-4.2996
-4.3205
-4.3059
-4.2599
-4.2606
-4.2779
-4.2865
-4.2822
-4.2594
-4.2657
-4.2678
-4.2728
-4.2724
-4.2879
-4.305
-4.2712
-4.2572
-4.2487
-4.3009
-4.3223
-4.2863
-4.254
-4.247
-4.3162
-4.34
-4.3327
-4.3222
-4.3713
-4.4721
-4.5363
-4.5471
-4.5189
-4.5574
-4.6397
-4.7003
-4.7205
-4.7057
-4.7326
-4.7878
-4.8323
-4.8693
-4.8863
-4.9242
-4.957
-5.0492
-5.1597
-5.2774
-5.3742
-5.4259
-5.4998
-5.5816
-5.7179
-5.822
-5.8794
-5.9395
-6.0304
-6.1729
-6.2793
-6.3449
-6.4028
-6.5061
-6.6304
-6.7831
-6.9416
-7.0976
-7.2762
-7.4742
-7.6568
-7.8114
-7.952
-8.1191
-8.2974
-8.4599
-8.6303
-8.7692
-8.9367
-9.095
-9.2623
-9.425
-9.5785
-9.7422
-9.9058
-10.073
-10.196
-10.377
-10.553
-10.723
-10.84
-11.072
-11.396
-11.767
-12.074
-12.325
-12.549
-12.847
-13.178
-13.461
-13.672
-13.927
-14.198
-14.488
-14.763
-14.988
-15.235
-15.622
-16.055
-16.504
-16.877
-17.261
-17.634
-17.997
-18.339
-18.702
-19.113
-19.473
-19.816
-20.148
-20.525
-20.878
-21.212
-21.565
-21.92
-22.291
-22.655
-22.999
-23.409
-23.842
-24.317
-24.808
-25.258
-25.671
-26.077
-26.524
-26.994
-27.441
-27.85
-28.271
-28.701
-29.115
-29.546
-29.944
-30.374
-30.79
-31.242
-31.691
-32.154
-32.627
-33.088
-33.54
-33.969
-34.428
-34.906
-35.362
-35.794
-36.231
-36.705
-37.199
-37.641
-38.072
-38.509
-38.988
-39.472
-39.936
-40.364
-40.787
-41.266
-41.751
-42.232
-42.664
-43.113
-43.582
-44.056
-44.525
-44.961
-45.416
-45.866
-46.326
-46.772
-47.222
-47.676
-48.13
-48.581
-49.02
-49.484
-49.962
-50.426
-50.868
-51.307
-51.78
-52.285
-52.758
-53.208
-53.65
-54.136
-54.645
-55.135
-55.587
-56.028
-56.516
-57.007
-57.5
-57.942
-58.392
-58.861
-59.334
-59.806
-60.25
-60.703
-61.16
-61.62
-62.065
-62.518
-62.981
-63.438
-63.885
-64.318
-64.78
-65.265
-65.73
-66.174
-66.611
-67.078
-67.583
-68.055
-68.501
-68.932
-69.412
-69.915
-70.399
-70.844
-71.279
-71.76
-72.246
-72.738
-73.179
-73.627
-74.097
-74.579
-75.059
-75.51
-75.966
-76.429
-76.903
-77.363
-77.825
-78.29
-78.754
-79.207
-79.654
-80.108
-80.59
-81.049
-81.486
-81.909
-82.356
-82.841
-83.296
-83.731
-84.142
-84.596
-85.071
-85.542
-85.976
-86.394
-86.862
-87.345
-87.84
-88.286
-88.733
-89.206
-89.69
-90.176
-90.641
-91.103
-91.575
-92.051
-92.516
-92.982
-93.458
-93.937
-94.4
-94.858
-95.323
-95.825
-96.303
-96.762
-97.2
-97.657
-98.16
-98.629
-99.071
-99.484
-99.939
-100.42
-100.9
-101.33
-101.75
-102.2
-102.67
-103.15
-103.59
-104.02
-104.47
-104.95
-105.43
-105.88
-106.33
-106.79
-107.26
-107.72
-108.18
-108.65
-109.12
-109.58
-110.04
-110.5
-111
-111.48
-111.94
-112.39
-112.86
-113.36
-113.85
-114.32
-114.75
-115.21
-115.7
-116.19
-116.65
-117.07
-117.53
-118.01
-118.5
-118.95
-119.38
-119.83
-120.31
-120.78
-121.24
-121.67
-122.13
-122.59
-123.04
-123.49
-123.95
-124.41
-124.85
-125.3
-125.74
-126.23
-126.7
-127.16
-127.6
-128.05
-128.55
-129.04
-129.49
-129.92
-130.37
-130.86
-131.36
-131.82
-132.26
-132.72
-133.2
-133.71
-134.17
-134.61
-135.07
-135.54
-136.01
-136.47
-136.9
-137.36
-137.82
-138.27
-138.73
-139.19
-139.65
-140.11
-140.56
-141
-141.48
-141.95
-142.4
-142.83
-143.27
-143.74
-144.22
-144.68
-145.1
-145.55
-146.04
-146.54
-147.01
-147.45
-147.9
-148.39
-148.87
-149.35
-149.78
-150.23
-150.7
-151.18
-151.65
-152.1
-152.58
-153.05
-153.52
-153.98
-154.45
-154.92
-155.37
-155.82
-156.26
-156.74
-157.22
-157.68
-158.12
-158.56
-159.05
-159.54
-159.99
-160.42
-160.85
-161.33
-161.82
-162.28
-162.71
-163.15
-163.63
-164.12
-164.61
-165.04
-165.49
-165.97
-166.44
-166.92
-167.37
-167.83
-168.29
-168.77
-169.23
-169.7
-170.17
-170.64
-171.1
-171.54
-172.02
-172.5
-172.96
-173.4
-173.84
-174.31
-174.8
-175.27
-175.7
-176.13
-176.6
-177.09
-177.56
-177.99
-178.41
-178.89
-179.36
-179.84
-180.27
-180.72
-181.19
-181.66
-182.13
-182.57
-183.03
-183.49
-183.96
-184.41
-184.88
-185.36
-185.82
-186.28
-186.72
-187.19
-187.68
-188.14
-188.58
-189.01
-189.47
-189.98
-190.45
-190.9
-191.35
-191.83
-192.33
-192.81
-193.24
-193.66
-194.13
-194.61
-195.1
-195.54
-195.98
-196.45
-196.92
-197.4
-197.85
-198.3
-198.75
-199.22
-199.68
-200.14
-200.6
-201.07
-201.52
-201.97
-202.43
-202.91
-203.37
-203.82
-204.25
-204.7
-205.2
-205.68
-206.14
-206.56
-207.03
-207.49
-207.92
-208.31
-208.7
-209.12
-209.56
-210.02
-210.43
-210.84
-211.26
-211.7
-212.14
-212.55
-212.96
-213.37
-213.78
-214.19
-214.62
-215.05
-215.43
-215.78
-216.12
-216.48
-216.88
-217.25
-217.6
-217.92
-218.26
-218.66
-219.04
-219.4
-219.74
-220.13
-220.52
-220.89
-221.22
-221.57
-221.9
-222.19
-222.47
-222.74
-223.03
-223.33
-223.65
-223.93
-224.21
-224.49
-224.79
-225.07
-225.35
-225.65
-225.95
-226.25
-226.54
-226.84
-227.14
-227.42
-227.68
-227.96
-228.23
-228.54
-228.83
-229.16
-229.36
-229.51
-229.62
-229.76
-229.92
-230.08
-230.2
-230.35
-230.53
-230.76
-230.94
-231.15
-231.34
-231.53
-231.71
-231.87
-231.88
-231.87
-231.89
-231.96
-232.04
-232.13
-232.23
-232.33
-232.41
-232.43
-232.46
-232.49
-232.57
-232.67
-232.8
-232.92
-233
-233.07
-233.15
-233.23
-233.25
-233.19
-233.16
-233.15
-233.15
-233.16
-233.18
-233.2
-233.2
-233.15
-233.07
-233
-232.98
-233
-233.06
-233.1
-233.13
-233.16
-233.17
-233.14
-233.03
-232.91
-232.84
-232.81
-232.81
-232.81
-232.81
-232.8
-232.78
-232.74
-232.62
-232.49
-232.4
-232.4
-232.4
-232.39
-232.38
-232.39
-232.36
-232.3
-232.19
-232.05
-231.96
-231.93
-231.93
-231.93
-231.92
-231.92
-231.9
-231.84
-231.71
-231.58
-231.52
-231.49
-231.5
-231.5
-231.5
-231.49
-231.48
-231.41
-231.3
-231.17
-231.11
-231.08
-231.08
-231.07
-231.05
-231.02
-230.99
-230.89
-230.73
-230.57
-230.49
-230.45
-230.44
-230.42
-230.4
-230.38
-230.34
-230.24
-230.07
-229.92
-229.85
-229.82
-229.82
-229.82
-229.82
-229.81
-229.77
-229.67
-229.49
-229.36
-229.28
-229.26
-229.26
-229.25
-229.24
-229.22
-229.16
-229.01
-228.83
-228.68
-228.61
-228.6
-228.59
-228.57
-228.55
-228.52
-228.45
-228.28
-228.08
-227.96
-227.91
-227.9
-227.89
-227.87
-227.85
-227.82
-227.7
-227.5
-227.33
-227.21
-227.15
-227.15
-227.14
-227.13
-227.12
-227.08
-226.94
-226.75
-226.59
-226.5
-226.46
-226.47
-226.47
-226.46
-226.45
-226.39
-226.22
-226.01
-225.85
-225.77
-225.74
-225.72
-225.7
-225.68
-225.64
-225.53
-225.31
-225.08
-224.91
-224.84
-224.83
-224.81
-224.79
-224.77
-224.73
-224.58
-224.35
-224.14
-223.99
-223.95
-223.94
-223.93
-223.91
-223.9
-223.84
-223.66
-223.45
-223.31
-223.25
-223.23
-223.23
-223.23
-223.22
-223.21
-223.1
-222.89
-222.7
-222.56
-222.49
-222.48
-222.47
-222.45
-222.44
-222.39
-222.23
-222
-221.79
-221.61
-221.53
-221.52
-221.5
-221.48
-221.45
-221.35
-221.11
-220.86
-220.69
-220.58
-220.56
-220.55
-220.53
-220.52
-220.49
-220.37
-220.16
-219.96
-219.8
-219.75
-219.75
-219.74
-219.73
-219.72
-219.68
-219.51
-219.28
-219.11
-219.01
-218.98
-218.99
-218.98
-218.98
-218.97
-218.85
-218.63
-218.42
-218.25
-218.16
-218.14
-218.13
-218.11
-218.1
-218.06
-217.89
-217.66
-217.42
-217.28
-217.22
-217.21
-217.18
-217.15
-217.13
-217.03
-216.78
-216.56
-216.36
-216.25
-216.24
-216.23
-216.22
-216.2
-216.17
-216.02
-215.77
-215.52
-215.37
-215.32
-215.31
-215.3
-215.29
-215.28
-215.2
-214.97
-214.73
-214.53
-214.41
-214.4
-214.38
-214.37
-214.35
-214.32
-214.16
-213.92
-213.67
-213.51
-213.45
-213.44
-213.43
-213.41
-213.39
-213.32
-213.09
-212.83
-212.62
-212.48
-212.46
-212.45
-212.44
-212.43
-212.41
-212.27
-212.04
-211.79
-211.63
-211.57
-211.56
-211.55
-211.54
-211.53
-211.45
-211.22
-210.98
-210.78
-210.64
-210.61
-210.59
-210.57
-210.56
-210.52
-210.38
-210.14
-209.86
-209.69
-209.62
-209.6
-209.59
-209.57
-209.55
-209.49
-209.26
-209
-208.78
-208.63
-208.6
-208.59
-208.57
-208.56
-208.54
-208.41
-208.17
-207.89
-207.69
-207.62
-207.61
-207.6
-207.59
-207.59
-207.54
-207.32
-207.07
-206.84
-206.69
-206.66
-206.65
-206.63
-206.62
-206.61
-206.47
-206.22
-205.95
-205.76
-205.67
-205.66
-205.64
-205.62
-205.6
-205.53
-205.3
-205.04
-204.77
-204.63
-204.6
-204.58
-204.56
-204.54
-204.51
-204.36
-204.1
-203.83
-203.65
-203.56
-203.55
-203.54
-203.52
-203.51
-203.43
-203.19
-202.94
-202.67
-202.55
-202.54
-202.53
-202.52
-202.51
-202.49
-202.34
-202.07
-201.82
-201.62
-201.55
-201.55
-201.54
-201.52
-201.51
-201.44
-201.22
-200.96
-200.69
-200.57
-200.54
-200.53
-200.51
-200.5
-200.47
-200.31
-200.04
-199.79
-199.56
-199.47
-199.46
-199.44
-199.43
-199.42
-199.32
-199.11
-198.84
-198.6
-198.48
-198.45
-198.43
-198.42
-198.4
-198.37
-198.19
-197.93
-197.69
-197.49
-197.45
-197.45
-197.43
-197.41
-197.4
-197.29
-197.06
-196.77
-196.55
-196.45
-196.44
-196.44
-196.42
-196.4
-196.35
-196.14
-195.88
-195.61
-195.42
-195.39
-195.39
-195.4
-195.4
-195.39
-195.25
-195
-194.72
-194.52
-194.41
-194.42
-194.43
-194.45
-194.47
-194.39
-194.16
-193.91
-193.62
-193.48
-193.45
-193.46
-193.46
-193.49
-193.54
-193.41
-193.11
-192.83
-192.61
-192.52
-192.52
-192.51
-192.52
-192.55
-192.53
-192.37
-192.12
-191.83
-191.72
-191.69
-191.68
-191.68
-191.69
-191.7
-191.59
-191.39
-191.19
-190.96
-190.88
-190.88
-190.87
-190.87
-190.88
-190.81
-190.69
-190.52
-190.33
-190.24
-190.23
-190.22
-190.21
-190.21
-190.2
-190.07
-189.93
-189.76
-189.63
-189.6
-189.59
-189.57
-189.57
-189.56
-189.47
-189.27
-189.09
-188.98
-188.92
-188.92
-188.9
-188.89
-188.89
-188.81
-188.61
-188.41
-188.22
-188.2
-188.26
-188.27
-188.25
-188.24
-188.23
-188.08
-187.83
-187.63
-187.51
-187.54
-187.62
-187.64
-187.62
-187.62
-187.53
-187.33
-187.07
-186.86
-186.87
-186.97
-187.04
-187.06
-187.05
-187.02
-186.84
-186.58
-186.33
-186.18
-186.23
-186.35
-186.39
-186.4
-186.38
-186.26
-186.05
-185.76
-185.55
-185.5
-185.63
-185.76
-185.81
-185.82
-185.76
-185.53
-185.27
-184.98
-184.81
-184.87
-185.03
-185.16
-185.23
-185.24
-185.12
-184.86
-184.6
-184.37
-184.3
-184.4
-184.57
-184.69
-184.77
-184.7
-184.48
-184.22
-183.92
-183.78
-183.79
-183.93
-184.09
-184.21
-184.25
-184.09
-183.8
-183.56
-183.32
-183.26
-183.32
-183.47
-183.64
-183.75
-183.67
-183.47
-183.19
-182.97
-182.86
-182.88
-182.98
-183.15
-183.31
-183.38
-183.25
-183.02
-182.76
-182.59
-182.55
-182.59
-182.72
-182.9
-183.04
-183.03
-182.83
-182.55
-182.35
-182.24
-182.25
-182.3
-182.45
-182.65
-182.72
-182.58
-182.36
-182.06
-181.94
-181.92
-181.93
-182.02
-182.21
-182.41
-182.39
-182.18
-181.93
-181.7
-181.62
-181.62
-181.65
-181.77
-181.98
-182.03
-181.97
-181.71
-181.48
-181.37
-181.35
-181.35
-181.4
-181.57
-181.75
-181.7
-181.51
-181.27
-181.07
-181.02
-181.02
-181.03
-181.13
-181.33
-181.38
-181.26
-181.05
-180.82
-180.68
-180.67
-180.67
-180.69
-180.84
-180.99
-180.99
-180.92
-180.67
-180.52
-180.49
-180.49
-180.49
-180.56
-180.76
-180.84
-180.73
-180.57
-180.31
-180.21
-180.2
-180.2
-180.21
-180.32
-180.42
-180.39
-180.25
-180.02
-179.86
-179.84
-179.84
-179.83
-179.87
-179.99
-180.03
-179.96
-179.76
-179.58
-179.52
-179.52
-179.51
-179.51
-179.62
-179.72
-179.69
-179.58
-179.45
-179.31
-179.3
-179.3
-179.3
-179.32
-179.4
-179.44
-179.44
-179.28
-179.16
-179.13
-179.12
-179.12
-179.12
-179.18
-179.25
-179.19
-179.11
-178.96
-178.87
-178.87
-178.87
-178.87
-178.89
-178.92
-178.95
-178.9
-178.79
-178.71
-178.69
-178.69
-178.69
-178.7
-178.73
-178.74
-178.73
-178.62
-178.55
-178.52
-178.52
-178.51
-178.51
-178.51
-178.51
-178.48
-178.47
-178.39
-178.33
-178.32
-178.32
-178.32
-178.31
-178.27
-178.28
-178.28
-178.23
-178.21
-178.19
-178.18
-178.18
-178.18
-178.17
-178.14
-178.12
-178.12
-178.03
-177.99
-177.98
-177.98
-177.98
-177.97
-177.94
-177.96
-177.92
-177.89
-177.87
-177.89
-177.88
-177.88
-177.88
-177.84
-177.77
-177.77
-177.73
-177.72
-177.73
-177.71
-177.71
-177.71
-177.7
-177.62
-177.57
-177.56
-177.5
-177.53
-177.54
-177.54
-177.54
-177.54
-177.46
-177.4
-177.35
-177.36
-177.39
-177.44
-177.43
-177.43
-177.43
-177.41
-177.28
-177.26
-177.23
-177.24
-177.33
-177.35
-177.35
-177.35
-177.34
-177.23
-177.14
-177.11
-177.14
-177.18
-177.25
-177.24
-177.23
-177.24
-177.16
-177
-176.99
-176.97
-177.06
-177.16
-177.16
-177.16
-177.16
-177.14
-176.98
-176.87
-176.89
-176.89
-176.97
-177.04
-177.03
-177.03
-177.04
-176.93
-176.8
-176.74
-176.74
-176.86
-176.98
-176.98
-176.97
-176.98
-176.94
-176.75
-176.65
-176.59
-176.63
-176.76
-176.82
-176.82
-176.82
-176.81
-176.68
-176.49
-176.41
-176.4
-176.54
-176.64
-176.65
-176.64
-176.65
-176.56
-176.39
-176.29
-176.3
-176.4
-176.56
-176.63
-176.62
-176.62
-176.6
-176.43
-176.29
-176.26
-176.3
-176.46
-176.55
-176.56
-176.56
-176.55
-176.44
-176.25
-176.14
-176.17
-176.27
-176.46
-176.51
-176.51
-176.51
-176.44
-176.23
-176.09
-176.01
-176.13
-176.31
-176.42
-176.42
-176.42
-176.4
-176.26
-176.04
-175.99
-175.99
-176.16
-176.35
-176.37
-176.37
-176.37
-176.29
-176.11
-175.96
-175.97
-176.12
-176.29
-176.38
-176.38
-176.38
-176.34
-176.17
-176.01
-175.99
-176.02
-176.25
-176.4
-176.41
-176.41
-176.4
-176.28
-176.07
-175.94
-175.99
-176.13
-176.33
-176.41
-176.4
-176.4
-176.32
-176.13
-175.98
-175.9
-176
-176.23
-176.33
-176.34
-176.33
-176.31
-176.14
-175.91
-175.81
-175.84
-175.99
-176.21
-176.27
-176.26
-176.26
-176.16
-175.95
-175.77
-175.71
-175.82
-176.01
-176.1
-176.1
-176.1
-176.05
-175.85
-175.65
-175.52
-175.55
-175.75
-175.91
-175.94
-175.94
-175.93
-175.79
-175.57
-175.41
-175.39
-175.55
-175.75
-175.87
-175.87
-175.86
-175.75
-175.57
-175.38
-175.32
-175.39
-175.65
-175.76
-175.78
-175.78
-175.76
-175.57
-175.34
-175.21
-175.23
-175.4
-175.62
-175.71
-175.71
-175.7
-175.59
-175.36
-175.15
-175.06
-175.17
-175.44
-175.55
-175.56
-175.56
-175.51
-175.33
-175.11
-174.92
-174.98
-175.19
-175.4
-175.45
-175.44
-175.44
-175.31
-175.09
-174.94
-174.87
-175.02
-175.24
-175.35
-175.36
-175.36
-175.3
-175.14
-174.93
-174.89
-174.97
-175.21
-175.39
-175.42
-175.42
-175.4
-175.24
-175.03
-174.89
-174.87
-175.04
-175.26
-175.36
-175.36
-175.36
-175.27
-175.09
-174.9
-174.85
-174.93
-175.22
-175.36
-175.39
-175.38
-175.34
-175.17
-174.98
-174.81
-174.89
-175.09
-175.33
-175.4
-175.39
-175.39
-175.18
-174.91
-174.76
-174.67
-174.83
-175.04
-175.15
-175.15
-175.15
-175.09
-174.92
-174.71
-174.6
-174.68
-174.9
-175.08
-175.11
-175.11
-175.09
-174.93
-174.71
-174.58
-174.57
-174.76
-174.96
-175.06
-175.06
-175.05
-174.95
-174.77
-174.56
-174.54
-174.63
-174.91
-175.03
-175.05
-175.04
-175
-174.83
-174.65
-174.55
-174.61
-174.79
-175.02
-175.09
-175.09
-175.07
-174.95
-174.74
-174.62
-174.57
-174.72
-174.93
-175.04
-175.06
-175.05
-174.98
-174.8
-174.6
-174.51
-174.62
-174.85
-175.05
-175.1
-175.09
-175.08
-174.92
-174.68
-174.57
-174.58
-174.79
-175.01
-175.14
-175.15
-175.15
-175.05
-174.86
-174.68
-174.65
-174.76
-175.05
-175.19
-175.21
-175.21
-175.17
-174.99
-174.8
-174.7
-174.76
-174.96
-175.22
-175.31
-175.32
-175.3
-175.16
-174.95
-174.78
-174.8
-174.96
-175.23
-175.37
-175.39
-175.39
-175.31
-175.11
-174.92
-174.83
-174.93
-175.2
-175.41
-175.47
-175.46
-175.44
-175.29
-175.02
-174.88
-174.9
-175.08
-175.29
-175.43
-175.43
-175.43
-175.31
-175.11
-174.92
-174.88
-175
-175.27
-175.42
-175.44
-175.44
-175.4
-175.22
-174.98
-174.93
-175
-175.2
-175.45
-175.53
-175.53
-175.52
-175.38
-175.19
-175.03
-175.06
-175.24
-175.48
-175.61
-175.61
-175.61
-175.55
-175.36
-175.2
-175.2
-175.28
-175.55
-175.72
-175.75
-175.75
-175.73
-175.58
-175.38
-175.27
-175.33
-175.47
-175.7
-175.81
-175.81
-175.81
-175.72
-175.53
-175.37
-175.29
-175.4
-175.62
-175.76
-175.79
-175.79
-175.77
-175.62
-175.39
-175.33
-175.37
-175.53
-175.76
-175.84
-175.84
-175.85
-175.74
-175.56
-175.41
-175.41
-175.56
-175.77
-175.91
-175.92
-175.92
-175.89
-175.71
-175.52
-175.49
-175.54
-175.78
-175.96
-176
-176.01
-176
-175.88
-175.69
-175.54
-175.61
-175.72
-175.98
-176.09
-176.09
-176.09
-176.02
-175.81
-175.68
-175.64
-175.75
-175.97
-176.12
-176.14
-176.13
-176.13
-176
-175.78
-175.71
-175.71
-175.86
-176.07
-176.12
-176.12
-176.12
-176.05
-175.87
-175.71
-175.64
-175.76
-175.94
-176.08
-176.08
-176.08
-176.07
-175.93
-175.74
-175.71
-175.69
-175.85
-176.02
-176.05
-176.05
-176.05
-175.95
-175.78
-175.65
-175.67
-175.72
-175.94
-176.04
-176.04
-176.04
-176
-175.8
-175.67
-175.61
-175.68
-175.85
-176
-176
-176
-176
-175.89
-175.69
-175.6
-175.59
-175.75
-175.95
-175.99
-175.99
-175.99
-175.92
-175.73
-175.6
-175.55
-175.65
-175.86
-175.97
-175.97
-175.97
-175.96
-175.82
-175.66
-175.59
-175.57
-175.73
-175.87
-175.91
-175.9
-175.91
-175.82
-175.67
-175.55
-175.55
-175.61
-175.8
-175.88
-175.88
-175.88
-175.84
-175.67
-175.57
-175.54
-175.6
-175.76
-175.89
-175.9
-175.91
-175.9
-175.78
-175.66
-175.6
-175.61
-175.73
-175.88
-175.91
-175.91
-175.91
-175.85
-175.7
-175.62
-175.56
-175.61
-175.81
-175.9
-175.9
-175.9
-175.88
-175.75
-175.6
-175.51
-175.47
-175.6
-175.73
-175.74
-175.74
-175.74
-175.67
-175.55
-175.44
-175.36
-175.4
-175.58
-175.62
-175.62
-175.62
-175.6
-175.45
-175.36
-175.27
-175.27
-175.42
-175.54
-175.54
-175.54
-175.54
-175.45
-175.34
-175.26
-175.23
-175.3
-175.44
-175.48
-175.47
-175.48
-175.42
-175.29
-175.22
-175.14
-175.17
-175.33
-175.4
-175.4
-175.4
-175.38
-175.24
-175.12
-175.06
-175.03
-175.15
-175.29
-175.3
-175.3
-175.3
-175.24
-175.11
-175.04
-174.96
-175.06
-175.24
-175.28
-175.28
-175.28
-175.27
-175.14
-175.08
-174.97
-174.96
-175.14
-175.27
-175.27
-175.27
-175.28
-175.2
-175.1
-175
-174.98
-175.06
-175.21
-175.24
-175.26
-175.26
-175.22
-175.06
-175.01
-174.91
-174.96
-175.16
-175.24
-175.24
-175.24
-175.23
-175.11
-174.98
-174.93
-174.92
-175.09
-175.24
-175.25
-175.25
-175.25
-175.18
-175.07
-174.95
-174.87
-175.04
-175.21
-175.25
-175.25
-175.25
-175.24
-175.09
-174.98
-174.84
-174.83
-175.06
-175.18
-175.19
-175.19
-175.19
-175.14
-174.95
-174.75
-174.71
-174.82
-174.99
-175.03
-175.03
-175.04
-175.01
-174.84
-174.74
-174.58
-174.61
-174.82
-174.92
-174.93
-174.93
-174.93
-174.84
-174.67
-174.55
-174.49
-174.62
-174.78
-174.79
-174.79
-174.79
-174.73
-174.58
-174.46
-174.34
-174.45
-174.6
-174.64
-174.64
-174.64
-174.63
-174.48
-174.44
-174.41
-174.37
-174.57
-174.68
-174.68
-174.68
-174.68
-174.59
-174.48
-174.35
-174.31
-174.44
-174.58
-174.6
-174.6
-174.6
-174.57
-174.43
-174.35
-174.2
-174.23
-174.44
-174.53
-174.52
-174.52
-174.53
-174.44
-174.29
-174.15
-174.13
-174.27
-174.41
-174.42
-174.42
-174.43
-174.38
-174.25
-174.11
-173.96
-174.08
-174.26
-174.32
-174.32
-174.32
-174.32
-174.19
-174.06
-173.97
-173.98
-174.17
-174.3
-174.31
-174.31
-174.31
-174.24
-174.11
-173.97
-173.96
-174.1
-174.23
-174.25
-174.25
-174.25
-174.21
-174.04
-173.98
-173.9
-173.95
-174.13
-174.2
-174.2
-174.2
-174.19
-174.08
-173.95
-173.86
-173.84
-173.95
-174.06
-174.07
-174.07
-174.07
-174.02
-173.91
-173.81
-173.71
-173.76
-173.93
-173.97
-173.97
-173.97
-173.95
-173.81
-173.72
-173.6
-173.61
-173.75
-173.88
-173.88
-173.88
-173.88
-173.81
-173.65
-173.54
-173.49
-173.62
-173.75
-173.77
-173.76
-173.77
-173.73
-173.57
-173.47
-173.39
-173.44
-173.6
-173.68
-173.68
-173.68
-173.69
-173.57
-173.45
-173.37
-173.32
-173.47
-173.57
-173.57
-173.57
-173.57
-173.55
-173.4
-173.3
-173.29
-173.3
-173.46
-173.52
-173.52
-173.52
-173.5
-173.36
-173.3
-173.17
-173.18
-173.28
-173.39
-173.38
-173.39
-173.39
-173.31
-173.15
-173.06
-172.98
-173.05
-173.2
-173.23
-173.23
-173.23
-173.2
-173.04
-172.91
-172.81
-172.86
-173
-173.12
-173.12
-173.12
-173.12
-172.95
-172.79
-172.7
-172.67
-172.89
-173.02
-173.04
-173.03
-173.04
-172.99
-172.76
-172.65
-172.63
-172.64
-172.85
-172.93
-172.92
-172.93
-172.92
-172.71
-172.61
-172.44
-172.45
-172.61
-172.72
-172.74
-172.73
-172.74
-172.63
-172.43
-172.37
-172.25
-172.33
-172.5
-172.56
-172.55
-172.55
-172.5
-172.34
-172.22
-172.12
-172.12
-172.26
-172.39
-172.39
-172.39
-172.37
-172.21
-172.08
-171.97
-171.87
-172
-172.15
-172.2
-172.19
-172.2
-172.12
-171.88
-171.75
-171.62
-171.67
-171.9
-172.01
-172
-172
-171.98
-171.8
-171.62
-171.43
-171.45
-171.7
-171.85
-171.89
-171.88
-171.89
-171.72
-171.51
-171.33
-171.27
-171.44
-171.69
-171.78
-171.78
-171.78
-171.73
-171.5
-171.33
-171.14
-171.12
-171.33
-171.51
-171.54
-171.54
-171.53
-171.37
-171.17
-170.96
-170.91
-171.08
-171.29
-171.35
-171.34
-171.34
-171.22
-171.01
-170.88
-170.75
-170.87
-171.11
-171.26
-171.27
-171.27
-171.23
-171.06
-170.85
-170.69
-170.68
-170.97
-171.14
-171.18
-171.18
-171.17
-171
-170.79
-170.52
-170.49
-170.66
-170.94
-171.03
-171.03
-171.04
-170.93
-170.64
-170.45
-170.27
-170.41
-170.66
-170.83
-170.88
-170.88
-170.85
-170.65
-170.38
-170.23
-170.19
-170.42
-170.64
-170.71
-170.72
-170.72
-170.55
-170.29
-170.09
-169.98
-170.14
-170.38
-170.55
-170.57
-170.57
-170.48
-170.27
-170.07
-169.94
-169.92
-170.23
-170.42
-170.46
-170.47
-170.41
-170.23
-170.01
-169.89
-169.87
-170.06
-170.35
-170.46
-170.46
-170.43
-170.29
-170.08
-169.91
-169.76
-169.93
-170.22
-170.41
-170.44
-170.44
-170.4
-170.19
-169.94
-169.76
-169.74
-170.05
-170.32
-170.4
-170.4
-170.38
-170.18
-169.93
-169.64
-169.59
-169.8
-170.08
-170.27
-170.29
-170.3
-170.18
-169.89
-169.71
-169.51
-169.6
-169.94
-170.17
-170.25
-170.25
-170.23
-170.03
-169.76
-169.58
-169.55
-169.76
-170.08
-170.21
-170.21
-170.2
-170.03
-169.82
-169.64
-169.52
-169.68
-169.98
-170.18
-170.21
-170.21
-170.13
-169.92
-169.7
-169.57
-169.53
-169.85
-170.12
-170.18
-170.18
-170.15
-170
-169.75
-169.49
-169.44
-169.63
-169.92
-170.1
-170.11
-170.11
-169.96
-169.72
-169.43
-169.27
-169.42
-169.76
-169.99
-170.03
-170.04
-169.98
-169.76
-169.48
-169.29
-169.33
-169.58
-169.89
-170.01
-170.02
-169.99
-169.81
-169.6
-169.29
-169.22
-169.46
-169.79
-169.97
-170
-170
-169.89
-169.67
-169.46
-169.3
-169.4
-169.76
-170.02
-170.08
-170.08
-170.01
-169.86
-169.63
-169.44
-169.48
-169.78
-170.06
-170.23
-170.23
-170.21
-170.05
-169.87
-169.61
-169.52
-169.7
-170.08
-170.3
-170.34
-170.34
-170.27
-170.05
-169.77
-169.51
-169.59
-169.88
-170.2
-170.33
-170.35
-170.31
-170.14
-169.88
-169.55
-169.5
-169.74
-170.07
-170.28
-170.32
-170.32
-170.18
-169.94
-169.65
-169.46
-169.61
-169.91
-170.21
-170.29
-170.29
-170.23
-170.04
-169.75
-169.52
-169.45
-169.71
-169.99
-170.14
-170.14
-170.12
-169.95
-169.75
-169.52
-169.41
-169.55
-169.91
-170.12
-170.16
-170.15
-170.04
-169.84
-169.58
-169.41
-169.45
-169.77
-170.05
-170.14
-170.15
-170.09
-169.89
-169.69
-169.39
-169.32
-169.58
-169.91
-170.05
-170.07
-170.06
-169.9
-169.66
-169.36
-169.13
-169.29
-169.59
-169.83
-169.89
-169.89
-169.81
-169.6
-169.28
-169.01
-169
-169.3
-169.55
-169.68
-169.69
-169.68
-169.5
-169.28
-168.97
-168.87
-169.02
-169.35
-169.54
-169.59
-169.59
-169.5
-169.3
-169.08
-168.92
-168.95
-169.21
-169.48
-169.58
-169.6
-169.54
-169.38
-169.18
-168.94
-168.85
-169.06
-169.36
-169.54
-169.57
-169.55
-169.41
-169.22
-169.01
-168.84
-168.91
-169.23
-169.48
-169.54
-169.53
-169.47
-169.31
-169.03
-168.75
-168.75
-169.02
-169.29
-169.43
-169.44
-169.43
-169.25
-169.05
-168.7
-168.57
-168.76
-169.12
-169.31
-169.35
-169.35
-169.28
-169.05
-168.75
-168.51
-168.55
-168.81
-169.12
-169.19
-169.19
-169.17
-169.01
-168.77
-168.41
-168.33
-168.55
-168.81
-169.01
-169.04
-169.03
-168.91
-168.73
-168.5
-168.32
-168.34
-168.65
-168.9
-168.97
-168.97
-168.9
-168.75
-168.5
-168.29
-168.28
-168.51
-168.8
-168.94
-168.95
-168.95
-168.78
-168.58
-168.24
-168.11
-168.31
-168.63
-168.82
-168.86
-168.86
-168.78
-168.57
-168.26
-168.05
-168.13
-168.42
-168.7
-168.76
-168.75
-168.71
-168.55
-168.3
-167.94
-167.97
-168.22
-168.5
-168.69
-168.69
-168.69
-168.57
-168.33
-168.03
-167.9
-168.02
-168.37
-168.61
-168.66
-168.66
-168.58
-168.41
-168.14
-168
-168.01
-168.2
-168.55
-168.69
-168.7
-168.67
-168.53
-168.32
-168.13
-168.02
-168.17
-168.46
-168.73
-168.78
-168.77
-168.68
-168.52
-168.28
-168.14
-168.14
-168.44
-168.76
-168.85
-168.85
-168.81
-168.66
-168.42
-168.09
-168.1
-168.31
-168.69
-168.87
-168.87
-168.86
-168.74
-168.52
-168.23
-168.06
-168.23
-168.61
-168.84
-168.88
-168.88
-168.83
-168.66
-168.35
-168.17
-168.18
-168.46
-168.79
-168.86
-168.85
-168.84
-168.69
-168.47
-168.19
-168.09
-168.28
-168.65
-168.96
-168.97
-168.97
-168.9
-168.73
-168.47
-168.34
-168.35
-168.72
-169
-169.09
-169.09
-169.06
-168.88
-168.7
-168.49
-168.41
-168.58
-168.95
-169.12
-169.12
-169.12
-169.02
-168.81
-168.56
-168.4
-168.51
-168.86
-169.13
-169.15
-169.15
-169.11
-168.94
-168.69
-168.48
-168.49
-168.87
-169.16
-169.22
-169.22
-169.22
-169.08
-168.84
-168.64
-168.59
-168.8
-169.16
-169.3
-169.29
-169.29
-169.24
-169.06
-168.81
-168.67
-168.77
-169.08
-169.34
-169.35
-169.35
-169.33
-169.16
-168.95
-168.81
-168.76
-168.99
-169.31
-169.4
-169.4
-169.4
-169.31
-169.13
-168.97
-168.9
-168.93
-169.21
-169.44
-169.45
-169.46
-169.43
-169.27
-169.14
-168.97
-168.96
-169.14
-169.38
-169.46
-169.48
-169.48
-169.37
-169.17
-169.02
-168.85
-168.98
-169.28
-169.39
-169.39
-169.39
-169.35
-169.18
-168.92
-168.77
-168.83
-169.14
-169.37
-169.36
-169.36
-169.36
-169.2
-168.99
-168.85
-168.79
-169.09
-169.34
-169.39
-169.38
-169.39
-169.32
-169.11
-168.95
-168.92
-168.95
-169.29
-169.43
-169.42
-169.42
-169.39
-169.22
-169.03
-168.86
-168.88
-169.12
-169.38
-169.43
-169.43
-169.43
-169.29
-169.07
-168.96
-168.81
-168.91
-169.19
-169.31
-169.31
-169.31
-169.26
-169.07
-168.87
-168.73
-168.73
-168.98
-169.21
-169.23
-169.23
-169.23
-169.06
-168.89
-168.67
-168.62
-168.9
-169.16
-169.24
-169.24
-169.25
-169.19
-168.96
-168.84
-168.72
-168.86
-169.2
-169.27
-169.27
-169.27
-169.25
-169.07
-168.91
-168.74
-168.78
-169.03
-169.24
-169.25
-169.24
-169.25
-169.13
-168.93
-168.88
-168.72
-168.96
-169.2
-169.25
-169.24
-169.25
-169.18
-169.02
-168.89
-168.83
-168.79
-169.07
-169.2
-169.21
-169.21
-169.19
-169.01
-168.91
-168.75
-168.7
-168.85
-169.07
-169.12
-169.12
-169.12
-169.04
-168.83
-168.75
-168.59
-168.68
-168.96
-169.04
-169.04
-169.05
-169.01
-168.83
-168.65
-168.5
-168.51
-168.8
-168.99
-169
-169
-168.99
-168.83
-168.65
-168.53
-168.42
-168.71
-168.96
-169
-169
-169
-168.94
-168.72
-168.61
-168.54
-168.59
-168.91
-169
-169
-169
-168.97
-168.78
-168.64
-168.51
-168.51
-168.72
-168.97
-169.01
-169.01
-169.01
-168.9
-168.7
-168.63
-168.47
-168.59
-168.87
-168.97
-168.97
-168.97
-168.91
-168.73
-168.6
-168.47
-168.47
-168.7
-168.91
-168.91
-168.91
-168.9
-168.73
-168.58
-168.4
-168.31
-168.58
-168.83
-168.88
-168.88
-168.89
-168.8
-168.56
-168.46
-168.31
-168.45
-168.8
-168.91
-168.9
-168.91
-168.88
-168.69
-168.5
-168.37
-168.4
-168.69
-168.9
-168.91
-168.91
-168.9
-168.74
-168.54
-168.43
-168.34
-168.56
-168.84
-168.9
-168.9
-168.9
-168.82
-168.62
-168.47
-168.36
-168.36
-168.6
-168.8
-168.82
-168.82
-168.78
-168.61
-168.42
-168.28
-168.18
-168.39
-168.63
-168.7
-168.7
-168.69
-168.53
-168.32
-168.11
-167.96
-168.08
-168.4
-168.57
-168.58
-168.59
-168.52
-168.25
-168.02
-167.83
-167.91
-168.25
-168.49
-168.54
-168.54
-168.52
-168.31
-168.03
-167.86
-167.78
-168.11
-168.43
-168.49
-168.49
-168.49
-168.33
-168.08
-167.82
-167.71
-167.91
-168.27
-168.47
-168.48
-168.49
-168.43
-168.19
-167.95
-167.78
-167.78
-168.16
-168.42
-168.49
-168.49
-168.47
-168.31
-168.08
-167.89
-167.8
-167.95
-168.29
-168.46
-168.47
-168.46
-168.3
-168.09
-167.9
-167.71
-167.81
-168.09
-168.32
-168.37
-168.37
-168.3
-168.1
-167.82
-167.63
-167.6
-167.94
-168.25
-168.33
-168.33
-168.3
-168.13
-167.82
-167.52
-167.47
-167.7
-168.08
-168.25
-168.25
-168.25
-168.09
-167.83
-167.52
-167.33
-167.48
-167.88
-168.1
-168.12
-168.12
-168.05
-167.78
-167.49
-167.3
-167.34
-167.62
-167.96
-168.05
-168.05
-167.97
-167.79
-167.54
-167.33
-167.24
-167.43
-167.69
-167.91
-167.96
-167.93
-167.74
-167.5
-167.24
-167.09
-167.17
-167.41
-167.68
-167.78
-167.79
-167.69
-167.44
-167.18
-166.99
-166.99
-167.23
-167.54
-167.73
-167.75
-167.68
-167.46
-167.15
-166.88
-166.83
-167.04
-167.45
-167.68
-167.73
-167.69
-167.48
-167.22
-166.89
-166.78
-166.94
-167.26
-167.6
-167.7
-167.7
-167.59
-167.31
-167.04
-166.81
-166.89
-167.2
-167.55
-167.76
-167.8
-167.73
-167.55
-167.26
-166.98
-166.96
-167.14
-167.48
-167.8
-167.89
-167.87
-167.7
-167.48
-167.18
-167.04
-167.12
-167.39
-167.68
-167.9
-167.93
-167.82
-167.57
-167.32
-167.05
-167.07
-167.24
-167.57
-167.85
-167.92
-167.86
-167.69
-167.4
-167.11
-166.97
-167.13
-167.41
-167.75
-167.91
-167.9
-167.75
-167.5
-167.15
-166.94
-167.02
-167.28
-167.65
-167.86
-167.9
-167.82
-167.55
-167.25
-166.92
-166.92
-167.14
-167.45
-167.78
-167.86
-167.82
-167.6
-167.3
-167.02
-166.81
-166.94
-167.23
-167.56
-167.77
-167.77
-167.62
-167.39
-167.1
-166.87
-166.92
-167.12
-167.44
-167.74
-167.83
-167.71
-167.46
-167.21
-166.89
-166.83
-166.99
-167.25
-167.52
-167.75
-167.69
-167.48
-167.19
-166.87
-166.66
-166.77
-166.96
-167.31
-167.56
-167.61
-167.45
-167.14
-166.8
-166.54
-166.56
-166.79
-167.09
-167.46
-167.59
-167.46
-167.18
-166.87
-166.58
-166.51
-166.69
-166.99
-167.35
-167.57
-167.55
-167.29
-166.99
-166.67
-166.48
-166.61
-166.84
-167.18
-167.5
-167.54
-167.36
-167.05
-166.74
-166.48
-166.47
-166.67
-166.94
-167.27
-167.47
-167.31
-167.08
-166.79
-166.51
-166.41
-166.58
-166.8
-167.16
-167.43
-167.41
-167.15
-166.89
-166.59
-166.41
-166.52
-166.77
-167.04
-167.4
-167.49
-167.3
-166.99
-166.72
-166.48
-166.49
-166.67
-166.96
-167.31
-167.53
-167.4
-167.13
-166.8
-166.56
-166.49
-166.66
-166.86
-167.24
-167.53
-167.49
-167.2
-166.9
-166.6
-166.49
-166.54
-166.77
-167.04
-167.4
-167.51
-167.28
-166.96
-166.71
-166.52
-166.52
-166.69
-166.92
-167.3
-167.52
-167.4
-167.16
-166.89
-166.7
-166.62
-166.74
-166.96
-167.2
-167.54
-167.5
-167.25
-167.01
-166.79
-166.67
-166.72
-166.88
-167.12
-167.4
-167.54
-167.37
-167.09
-166.86
-166.68
-166.68
-166.86
-167.03
-167.33
-167.53
-167.43
-167.15
-166.88
-166.7
-166.65
-166.73
-166.96
-167.2
-167.52
-167.54
-167.28
-166.96
-166.76
-166.7
-166.74
-166.92
-167.17
-167.52
-167.7
-167.48
-167.18
-166.93
-166.81
-166.8
-166.96
-167.18
-167.47
-167.74
-167.65
-167.34
-167.09
-166.9
-166.83
-166.89
-167.11
-167.36
-167.61
-167.65
-167.44
-167.16
-166.96
-166.88
-166.91
-167.09
-167.3
-167.6
-167.73
-167.59
-167.34
-167.12
-166.99
-166.98
-167.09
-167.31
-167.56
-167.79
-167.74
-167.45
-167.19
-167.02
-166.99
-167.05
-167.23
-167.48
-167.75
-167.81
-167.54
-167.2
-167.04
-166.99
-167
-167.17
-167.37
-167.75
-167.88
-167.65
-167.37
-167.11
-167.04
-167.02
-167.11
-167.36
-167.63
-167.92
-167.85
-167.56
-167.28
-167.11
-167.09
-167.12
-167.3
-167.57
-167.85
-167.93
-167.73
-167.44
-167.26
-167.18
-167.19
-167.35
-167.56
-167.82
-167.96
-167.85
-167.6
-167.4
-167.29
-167.28
-167.36
-167.56
-167.8
-168
-168.02
-167.76
-167.51
-167.34
-167.33
-167.37
-167.54
-167.78
-168.03
-168.13
-167.91
-167.61
-167.43
-167.37
-167.38
-167.54
-167.77
-168.12
-168.28
-168.12
-167.82
-167.56
-167.49
-167.49
-167.56
-167.83
-168.1
-168.32
-168.23
-167.99
-167.72
-167.59
-167.58
-167.61
-167.81
-168.11
-168.4
-168.48
-168.27
-168
-167.8
-167.74
-167.74
-167.9
-168.15
-168.45
-168.59
-168.46
-168.22
-168
-167.89
-167.88
-167.94
-168.18
-168.43
-168.65
-168.67
-168.45
-168.22
-168.04
-168.03
-168.05
-168.21
-168.45
-168.68
-168.78
-168.62
-168.33
-168.13
-168.07
-168.09
-168.24
-168.45
-168.71
-168.88
-168.77
-168.47
-168.2
-168.14
-168.13
-168.2
-168.41
-168.71
-168.98
-168.96
-168.72
-168.43
-168.26
-168.25
-168.28
-168.46
-168.76
-169.1
-169.2
-169.01
-168.71
-168.5
-168.43
-168.42
-168.58
-168.84
-169.17
-169.35
-169.24
-169.02
-168.75
-168.63
-168.62
-168.69
-168.95
-169.24
-169.46
-169.47
-169.25
-169.02
-168.83
-168.81
-168.89
-169.07
-169.32
-169.57
-169.66
-169.52
-169.24
-169.03
-168.96
-168.99
-169.18
-169.42
-169.7
-169.84
-169.73
-169.46
-169.16
-169.07
-169.07
-169.17
-169.42
-169.69
-169.92
-169.87
-169.59
-169.29
-169.1
-169.08
-169.16
-169.38
-169.69
-169.97
-169.98
-169.77
-169.39
-169.17
-169.09
-169.13
-169.34
-169.6
-169.93
-170.04
-169.86
-169.6
-169.27
-169.14
-169.13
-169.25
-169.52
-169.79
-170
-169.92
-169.64
-169.36
-169.12
-169.06
-169.12
-169.31
-169.6
-169.86
-169.87
-169.68
-169.35
-169.09
-169.01
-169.03
-169.21
-169.43
-169.72
-169.83
-169.7
-169.44
-169.12
-168.97
-168.97
-169.08
-169.33
-169.58
-169.83
-169.83
-169.55
-169.2
-168.98
-168.94
-169.01
-169.18
-169.47
-169.75
-169.82
-169.62
-169.28
-168.98
-168.89
-168.91
-169.06
-169.31
-169.67
-169.75
-169.47
-169.09
-168.64
-168.3
-168.2
-168.25
-168.52
-168.8
-168.98
-168.83
-168.5
-168.12
-167.79
-167.59
-167.59
-167.79
-168.09
-168.33
-168.36
-168.02
-167.61
-167.11
-166.71
-166.54
-166.65
-166.85
-167.06
-167.06
-166.78
-166.35
-165.9
-165.5
-165.25
-165.3
-165.51
-165.71
-165.86
-165.68
-165.23
-164.78
-164.27
-163.89
-163.77
-163.92
-164.16
-164.37
-164.31
-163.89
-163.43
-162.91
-162.47
-162.21
-162.26
-162.5
-162.77
-162.83
-162.53
-162.06
-161.58
-161.12
-160.69
-160.55
-160.71
-160.92
-161.08
-160.86
-160.39
-159.85
-159.35
-158.91
-158.62
-158.7
-158.9
-159.11
-159.08
-158.71
-158.22
-157.68
-157.21
-156.81
-156.64
-156.76
-156.92
-156.99
-156.75
-156.29
-155.74
-155.17
-154.69
-154.47
-154.42
-154.54
-154.67
-154.6
-154.25
-153.76
-153.19
-152.65
-152.29
-152.12
-152.05
-152.14
-152.12
-151.88
-151.49
-150.95
-150.36
-149.83
-149.55
-149.49
-149.44
-149.45
-149.29
-149.02
-148.62
-148.08
-147.53
-147.14
-146.94
-146.87
-146.73
-146.5
-146.22
-145.92
-145.5
-144.96
-144.48
-144.21
-144.02
-143.91
-143.64
-143.32
-143.04
-142.73
-142.32
-141.89
-141.57
-141.34
-141.07
-140.8
-140.4
-140
-139.64
-139.29
-138.93
-138.64
-138.33
-138.03
-137.66
-137.25
-136.82
-136.36
-135.97
-135.64
-135.45
-135.28
-135.06
-134.75
-134.28
-133.72
-133.24
-132.79
-132.35
-132.04
-131.87
-131.76
-131.55
-131.25
-130.71
-130.11
-129.57
-129.12
-128.75
-128.49
-128.33
-128.23
-128.02
-127.63
-127.13
-126.54
-125.94
-125.44
-125.15
-124.96
-124.82
-124.58
-124.24
-123.82
-123.38
-122.87
-122.3
-121.8
-121.57
-121.4
-121.2
-120.84
-120.42
-120.02
-119.6
-119.14
-118.74
-118.38
-118.09
-117.8
-117.52
-117.13
-116.66
-116.21
-115.79
-115.45
-115.21
-114.95
-114.71
-114.37
-113.9
-113.41
-112.96
-112.49
-112.05
-111.78
-111.61
-111.42
-111.16
-110.77
-110.26
-109.72
-109.2
-108.73
-108.37
-108.05
-107.88
-107.71
-107.46
-107.02
-106.53
-106.04
-105.51
-105.01
-104.71
-104.56
-104.4
-104.06
-103.67
-103.23
-102.8
-102.34
-101.87
-101.54
-101.3
-101.03
-100.79
-100.41
-99.906
-99.401
-98.958
-98.538
-98.182
-97.953
-97.776
-97.551
-97.186
-96.66
-96.17
-95.703
-95.184
-94.739
-94.504
-94.342
-94.179
-93.888
-93.495
-92.999
-92.464
-91.934
-91.488
-91.215
-90.956
-90.696
-90.458
-90.14
-89.684
-89.227
-88.769
-88.291
-87.878
-87.565
-87.357
-87.139
-86.813
-86.303
-85.815
-85.36
-84.919
-84.523
-84.269
-84.103
-83.9
-83.565
-83.107
-82.62
-82.148
-81.663
-81.161
-80.865
-80.665
-80.523
-80.347
-79.957
-79.458
-78.934
-78.411
-77.933
-77.593
-77.415
-77.177
-76.932
-76.573
-76.118
-75.688
-75.261
-74.807
-74.385
-74.07
-73.823
-73.593
-73.322
-72.915
-72.421
-71.907
-71.412
-70.986
-70.757
-70.541
-70.311
-70.044
-69.656
-69.177
-68.701
-68.219
-67.741
-67.364
-67.036
-66.754
-66.522
-66.271
-65.84
-65.382
-64.898
-64.398
-63.982
-63.671
-63.439
-63.248
-62.954
-62.485
-61.964
-61.506
-61.071
-60.649
-60.371
-60.143
-59.959
-59.73
-59.331
-58.865
-58.389
-57.899
-57.373
-56.938
-56.711
-56.549
-56.397
-56.108
-55.641
-55.153
-54.673
-54.194
-53.769
-53.449
-53.2
-52.981
-52.677
-52.258
-51.798
-51.352
-50.89
-50.444
-50.13
-49.866
-49.626
-49.435
-49.073
-48.561
-48.031
-47.515
-47.03
-46.655
-46.376
-46.152
-45.916
-45.639
-45.196
-44.747
-44.294
-43.827
-43.366
-43.011
-42.703
-42.499
-42.247
-41.836
-41.34
-40.857
-40.397
-39.953
-39.649
-39.43
-39.239
-39.053
-38.647
-38.135
-37.634
-37.147
-36.663
-36.227
-35.928
-35.737
-35.595
-35.347
-34.913
-34.445
-33.978
-33.509
-33.063
-32.766
-32.52
-32.397
-32.129
-31.708
-31.205
-30.73
-30.277
-29.842
-29.506
-29.279
-29.072
-28.929
-28.575
-28.112
-27.623
-27.125
-26.617
-26.192
-25.864
-25.658
-25.474
-25.242
-24.828
-24.366
-23.909
-23.45
-22.997
-22.693
-22.416
-22.258
-22.039
-21.63
-21.13
-20.642
-20.168
-19.711
-19.36
-19.11
-18.897
-18.769
-18.464
-18.013
-17.547
-17.057
-16.565
-16.127
-15.806
-15.613
-15.46
-15.184
-14.756
-14.298
-13.839
-13.37
-12.911
-12.632
-12.433
-12.306
-12.113
-11.7
-11.221
-10.744
-10.256
-9.7461
-9.4205
-9.3202
-9.2331
-9.217
-9.0945
-8.709
-8.2821
-7.8421
-7.4035
-7.0841
-6.8777
-6.7172
-6.6269
-6.492
-6.1879
-5.7063
-5.2274
-4.7681
-4.3613
-4.1048
-4.0224
-3.9606
-4.0117
-3.9609
-3.6822
-3.2543
-2.7912
-2.3732
-2.1587
-2.0735
-1.9973
-1.9276
-1.846
-1.64
-1.2594
-0.82102
-0.38903
-0.080894
0.026869
0.0031898
0.01484
-0.0079721
0.10425
0.38835
0.79047
1.2216
1.626
1.8263
1.8495
1.8456
1.7886
1.8143
2.0152
2.3544
2.7263
3.0985
3.3502
3.466
3.4842
3.4726
3.4829
3.541
3.7755
4.161
4.5601
4.9
5.0405
5.0496
4.9889
4.9529
4.9441
5.0636
5.3615
5.7413
6.1129
6.3577
6.4316
6.4176
6.3995
6.4513
6.5118
6.6328
6.8758
7.2061
7.5109
7.6637
7.6589
7.5579
7.4482
7.4229
7.5068
7.6919
8.0067
8.3397
8.639
8.7995
8.8181
8.7344
8.6495
8.64
8.6979
8.8372
9.0797
9.3528
9.5598
9.6222
9.5358
9.4127
9.3002
9.3188
9.408
9.5557
9.8171
10.107
10.343
10.424
10.365
10.265
10.173
10.181
10.247
10.319
10.45
10.624
10.796
10.852
10.802
10.679
10.587
10.592
10.681
10.805
10.984
11.175
11.326
11.388
11.365
11.286
11.193
11.112
11.111
11.144
11.225
11.372
11.495
11.544
11.526
11.465
11.405
11.346
11.344
11.363
11.343
11.405
11.538
11.665
11.683
11.63
11.518
11.392
11.31
11.333
11.362
11.353
11.361
11.468
11.605
11.671
11.655
11.519
11.369
11.299
11.342
11.379
11.377
11.363
11.434
11.531
11.596
11.605
11.495
11.337
11.273
11.328
11.389
11.435
11.453
11.503
11.538
11.558
11.542
11.448
11.297
11.209
11.204
11.218
11.236
11.28
11.344
11.385
11.385
11.375
11.326
11.244
11.172
11.147
11.135
11.152
11.199
11.249
11.303
11.298
11.239
11.18
11.111
11.048
11.031
11.035
11.021
11.022
11.087
11.183
11.253
11.234
11.18
11.099
11.021
10.999
11.017
11.002
10.952
10.916
10.933
10.975
11.004
11.015
11.001
10.925
10.823
10.794
10.848
10.879
10.85
10.853
10.87
10.906
10.937
10.953
10.943
10.838
10.706
10.666
10.695
10.676
10.662
10.69
10.726
10.726
10.725
10.763
10.778
10.727
10.643
10.598
10.586
10.542
10.533
10.564
10.589
10.582
10.543
10.518
10.494
10.439
10.388
10.386
10.387
10.349
10.326
10.392
10.452
10.454
10.442
10.439
10.448
10.415
10.382
10.363
10.324
10.272
10.207
10.193
10.222
10.269
10.296
10.299
10.291
10.269
10.244
10.242
10.246
10.231
10.194
10.139
10.13
10.157
10.204
10.222
10.209
10.16
10.09
10.044
10.041
10.055
10.045
9.9997
9.9425
9.9159
9.9489
10.023
10.082
10.104
10.06
9.997
9.9646
9.9638
9.9744
9.9759
9.9384
9.8604
9.8137
9.8272
9.8844
9.9211
9.9271
9.8951
9.8506
9.837
9.8454
9.8661
9.8845
9.8528
9.7778
9.724
9.7412
9.791
9.8387
9.8515
9.818
9.7756
9.7397
9.719
9.704
9.6928
9.6588
9.5834
9.5295
9.5434
9.6019
9.6546
9.6831
9.6789
9.6495
9.6404
9.6611
9.6775
9.6812
9.6516
9.5771
9.5162
9.5169
9.5537
9.5854
9.584
9.553
9.5116
9.4953
9.4865
9.4982
9.4956
9.4482
9.3928
9.3348
9.3223
9.3508
9.3838
9.3933
9.3899
9.3681
9.3574
9.3652
9.3646
9.3479
9.2795
9.197
9.1307
9.1102
9.1154
9.1175
9.1269
9.1335
9.1451
9.1504
9.1843
9.2193
9.2364
9.2298
9.1823
9.1231
9.0972
9.1085
9.1104
9.0908
9.0643
9.0598
9.0524
9.0499
9.0586
9.0631
9.0548
9.0146
8.965
8.9249
8.9112
8.9099
8.8992
8.8715
8.8562
8.878
8.9046
8.9286
8.9409
8.9462
8.9464
8.9372
8.8989
8.8701
8.833
8.8061
8.77
8.7324
8.7137
8.7216
8.7359
8.7585
8.7736
8.771
8.778
8.7585
8.7662
8.7494
8.7258
8.7001
8.6652
8.6376
8.6249
8.6098
8.6063
8.5941
8.5955
8.599
8.596
8.5902
8.5711
8.5482
8.5238
8.5155
8.4968
8.4745
8.45
8.4561
8.4667
8.492
8.5053
8.5074
8.5266
8.5355
8.5443
8.5522
8.5208
8.5073
8.4787
8.4506
8.417
8.3694
8.3397
8.3347
8.3401
8.3434
8.3425
8.3341
8.3582
8.3626
8.3681
8.3324
8.316
8.3169
8.3159
8.298
8.2555
8.2232
8.2168
8.2193
8.2287
8.209
8.1987
8.2048
8.2181
8.2152
8.197
8.1622
8.1371
8.1392
8.1478
8.1176
8.0773
8.0575
8.0744
8.1049
8.108
8.111
8.1113
8.1262
8.1493
8.1514
8.1439
8.0957
8.0709
8.0637
8.0519
8.0039
7.9401
7.9126
7.9122
7.9118
7.8944
7.8858
7.9015
7.924
7.9545
7.9625
7.9389
7.9237
7.9234
7.9417
7.9218
7.8786
7.8404
7.8255
7.8318
7.826
7.8258
7.8095
7.8184
7.8406
7.8553
7.8578
7.8311
7.8018
7.805
7.8056
7.7821
7.7357
7.7043
7.6849
7.6857
7.6983
7.7065
7.7068
7.7165
7.7531
7.7613
7.7534
7.7461
7.7321
7.7414
7.7386
7.7259
7.6547
7.6001
7.5578
7.5661
7.5902
7.5863
7.5616
7.5489
7.5717
7.5864
7.5974
7.6021
7.61
7.6224
7.6171
7.6099
7.575
7.5329
7.482
7.4697
7.4864
7.5012
7.4925
7.4663
7.4664
7.4335
7.4329
7.4256
7.4407
7.4295
7.4071
7.3836
7.3767
7.3756
7.3406
7.3026
7.2667
7.2596
7.2673
7.285
7.3037
7.2853
7.2853
7.2965
7.3287
7.3559
7.353
7.3514
7.329
7.3336
7.315
7.2907
7.2459
7.2095
7.1686
7.162
7.1692
7.1568
7.1383
7.1298
7.1367
7.1592
7.1897
7.186
7.1871
7.1542
7.1573
7.1791
7.1967
7.1786
7.1251
7.0874
7.0651
7.0857
7.0983
7.1205
7.0806
7.0637
7.0795
7.1377
7.1727
7.1799
7.1483
7.1098
7.0973
7.1219
7.1651
7.1434
7.096
7.0493
7.0699
7.0998
7.1315
7.1357
7.1113
7.0994
7.1154
7.1634
7.1685
7.1426
7.0776
7.0395
7.018
7.0474
7.044
7.0029
6.9467
6.9087
6.9012
6.9119
6.931
6.9393
6.9271
6.9158
6.9531
6.9866
7.008
6.9899
6.9824
6.9646
6.9818
6.9943
7.0048
6.99
6.9503
6.9057
6.8953
6.913
6.93
6.9053
6.8683
6.8524
6.8593
6.8626
6.8803
6.8794
6.852
6.8412
6.8328
6.8573
6.8591
6.8533
6.8015
6.7617
6.7161
6.7337
6.7588
6.7891
6.7887
6.7584
6.736
6.7266
6.7388
6.7666
6.7852
6.7788
6.7522
6.7138
6.6954
6.6985
6.704
6.6976
6.6643
6.6166
6.6193
6.6308
6.6549
6.6417
6.6141
6.5771
6.5828
6.6167
6.6823
6.7014
6.6915
6.6619
6.632
6.6183
6.6321
6.6502
6.6436
6.5873
6.5424
6.5108
6.5161
6.5245
6.5247
6.512
6.4733
6.4567
6.4751
6.5179
6.5601
6.5816
6.5697
6.5409
6.5281
6.5336
6.5705
6.584
6.5916
6.5562
6.5291
6.5288
6.5425
6.5555
6.5345
6.5163
6.4933
6.4944
6.5226
6.5363
6.5413
6.5155
6.4922
6.4652
6.4529
6.4593
6.4649
6.4647
6.4393
6.3971
6.3644
6.3635
6.383
6.4121
6.4301
6.4167
6.4069
6.4129
6.436
6.4543
6.4711
6.4647
6.4394
6.4173
6.4245
6.4315
6.4455
6.4363
6.4085
6.3553
6.3253
6.3114
6.3264
6.3323
6.3177
6.289
6.2664
6.252
6.2596
6.2693
6.2895
6.2782
6.2647
6.2438
6.255
6.2619
6.2732
6.2659
6.2507
6.2032
6.1677
6.144
6.1526
6.1454
6.1332
6.1087
6.0784
6.073
6.0761
6.0848
6.0949
6.0929
6.0832
6.0731
6.0896
6.1054
6.1034
6.097
6.0594
6.0452
6.0209
6.0275
6.0277
6.0223
6.0037
5.9875
5.9733
5.982
5.9936
6.0017
5.9874
5.9927
5.9816
5.9825
5.9999
6.0054
6.0122
5.9974
5.9844
5.9569
5.9487
5.9363
5.9433
5.936
5.9227
5.8998
5.8935
5.8836
5.8937
5.9094
5.9162
5.9301
5.9376
5.9591
5.9827
6.0058
6.0118
6.0046
5.9855
5.9711
5.9512
5.9498
5.9325
5.9174
5.8819
5.856
5.8264
5.8043
5.8081
5.8008
5.7826
5.7646
5.7589
5.7812
5.7987
5.8063
5.8115
5.7929
5.7942
5.8011
5.8218
5.8367
5.8467
5.8443
5.8353
5.8198
5.8089
5.8057
5.7928
5.795
5.7806
5.7766
5.7539
5.7462
5.7322
5.7334
5.7318
5.7218
5.7138
5.7044
5.6884
5.6814
5.6864
5.6903
5.6769
5.6385
5.6217
5.5945
5.6026
5.6027
5.6028
5.6072
5.5874
5.5919
5.5896
5.5887
5.5961
5.5955
5.5981
5.6058
5.6071
5.6177
5.6274
5.6212
5.6368
5.6199
5.6027
5.5807
5.5572
5.558
5.5343
5.5099
5.4863
5.4736
5.4755
5.4751
5.4575
5.4514
5.4273
5.4369
5.4404
5.4588
5.481
5.4869
5.5029
5.5013
5.5087
5.5122
5.5221
5.5103
5.5137
5.5014
5.5035
5.501
5.4891
5.4759
5.4429
5.417
5.4043
5.3982
5.3992
5.3837
5.3733
5.3535
5.3693
5.3685
5.3789
5.3745
5.3778
5.3911
5.3943
5.4045
5.4002
5.3946
5.3845
5.3717
5.3732
5.3721
5.3614
5.3514
5.3317
5.3135
5.3142
5.3082
5.3238
5.3103
5.3054
5.3006
5.2832
5.2836
5.2793
5.2816
5.2833
5.2774
5.2779
5.2882
5.2877
5.2626
5.2468
5.2193
5.2168
5.2212
5.2237
5.231
5.2058
5.2048
5.2005
5.1998
5.2038
5.2027
5.2059
5.19
5.19
5.1805
5.1841
5.1769
5.1839
5.1801
5.1561
5.1454
5.1165
5.1047
5.089
5.0663
5.0618
5.0342
5.0113
4.9938
4.9849
4.9747
4.9641
4.9495
4.9329
4.9293
4.935
4.947
4.9659
4.9701
4.998
4.9956
5
4.9875
4.9881
4.9789
4.9807
4.9853
4.9883
4.9955
4.9767
4.9745
4.9274
4.8927
4.8668
4.8394
4.8464
4.8312
4.8329
4.8228
4.7984
4.79
4.7888
4.8099
4.7951
4.809
4.7878
4.7988
4.8087
4.8315
4.8555
4.8625
4.8682
4.8635
4.8712
4.8679
4.8684
4.8584
4.841
4.8289
4.8174
4.8299
4.8364
4.8288
4.8241
4.7845
4.7625
4.7385
4.7166
4.7114
4.7069
4.6916
4.6954
4.6866
4.6965
4.7024
4.7022
4.6891
4.6695
4.6561
4.6447
4.6576
4.645
4.6637
4.6554
4.6588
4.6608
4.647
4.6406
4.6406
4.6487
4.6446
4.6535
4.6551
4.6606
4.6558
4.6673
4.6511
4.6455
4.6055
4.6061
4.5945
4.584
4.5818
4.5513
4.5399
4.512
4.4973
4.4811
4.4726
4.436
4.4133
4.3897
4.3674
4.3495
4.3433
4.3362
4.3403
4.361
4.3719
4.4031
4.3914
4.3996
4.3961
4.4088
4.408
4.4057
4.4162
4.4197
4.4413
4.4414
4.4196
4.3988
4.3563
4.3356
4.3354
4.3122
4.3105
4.2745
4.257
4.2382
4.2252
4.2182
4.2072
4.1983
4.1825
4.1761
4.1767
4.1722
4.181
4.1828
4.1906
4.2096
4.2232
4.2374
4.2481
4.25
4.2393
4.2381
4.2302
4.2403
4.2431
4.2599
4.2551
4.2688
4.2361
4.2173
4.1883
4.152
4.1599
4.1569
4.1572
4.1469
4.1248
4.1214
4.117
4.1168
4.1287
4.1241
4.1119
4.0995
4.0995
4.0939
4.0801
4.0647
4.0584
4.0485
4.0784
4.0811
4.095
4.0744
4.0578
4.0361
4.031
4.0288
4.0368
4.0395
4.0369
4.0293
4.0436
4.0257
4.0194
4.0051
3.9755
3.9667
3.9822
3.9833
3.9764
3.957
3.9451
3.9372
3.9153
3.9062
3.8893
3.876
3.867
3.8508
3.8478
3.8126
3.7917
3.7627
3.7373
3.7437
3.7549
3.762
3.7603
3.7493
3.7351
3.7364
3.7428
3.7488
3.7572
3.7635
3.7728
3.7776
3.7881
3.7711
3.7676
3.7557
3.7181
3.7202
3.712
3.7193
3.7253
3.7014
3.6733
3.6368
3.6232
3.6117
3.5981
3.5819
3.5678
3.5537
3.5479
3.5388
3.5474
3.5502
3.5536
3.5633
3.5861
3.5793
3.5977
3.6035
3.6095
3.6218
3.635
3.6433
3.6407
3.6493
3.6581
3.6568
3.6819
3.6613
3.6526
3.6276
3.5961
3.5817
3.5874
3.5676
3.5502
3.5215
3.5104
3.5024
3.5106
3.5112
3.5055
3.4928
3.4773
3.4679
3.4744
3.4869
3.4732
3.4705
3.467
3.4708
3.4936
3.4803
3.4773
3.4826
3.4733
3.4848
3.4904
3.5081
3.4973
3.4941
3.477
3.4718
3.4794
3.4881
3.4584
3.448
3.425
3.4028
3.4067
3.4111
3.3981
3.3799
3.366
3.33
3.3321
3.34
3.3546
3.3429
3.3282
3.3052
3.286
3.2812
3.2896
3.2702
3.2752
3.2597
3.2377
3.2409
3.2264
3.2133
3.2049
3.1872
3.1788
3.1911
3.2027
3.216
3.202
3.2105
3.1938
3.2059
3.2119
3.206
3.1837
3.1712
3.1606
3.1676
3.1939
3.1745
3.1543
3.1386
3.0955
3.0767
3.103
3.1263
3.1295
3.0899
3.0509
3.0179
3.0061
3.0126
3.0025
2.9877
2.9776
2.9632
2.9695
2.9973
2.9901
2.9979
2.9846
2.9862
2.9958
3.0265
3.0577
3.0628
3.0702
3.0639
3.0693
3.0934
3.1189
3.0981
3.0757
3.0584
3.0433
3.0534
3.0781
3.0461
2.9992
2.9708
2.9195
2.912
2.9274
2.9459
2.93
2.9022
2.8718
2.8598
2.8523
2.872
2.8737
2.8521
2.8559
2.8244
2.8405
2.8745
2.8999
2.9174
2.9246
2.9188
2.9234
2.9428
2.9547
2.9631
2.9495
2.9568
2.947
2.9459
2.9582
2.9447
2.9026
2.8709
2.8421
2.8106
2.8293
2.8217
2.7999
2.7718
2.7439
2.7081
2.7116
2.7382
2.7367
2.7294
2.6862
2.6742
2.6684
2.6825
2.7074
2.7006
2.7014
2.699
2.6861
2.6797
2.6987
2.7005
2.7137
2.7219
2.7026
2.6904
2.6824
2.6922
2.6914
2.6902
2.6768
2.6513
2.6277
2.6308
2.6278
2.6016
2.5984
2.566
2.5466
2.5547
2.5605
2.557
2.545
2.5322
2.4966
2.5051
2.5364
2.5427
2.5277
2.4967
2.4647
2.4443
2.458
2.4952
2.5175
2.5072
2.4932
2.4612
2.4455
2.4796
2.4896
2.4973
2.4947
2.4759
2.4662
2.4937
2.5132
2.5217
2.5278
2.5191
2.5153
2.5011
2.5239
2.5531
2.5302
2.5371
2.5221
2.4984
2.5128
2.5255
2.4979
2.4714
2.4424
2.3995
2.4021
2.4361
2.4605
2.4458
2.3992
2.3654
2.3271
2.3121
2.3216
2.3259
2.3159
2.313
2.3192
2.3057
2.3153
2.3386
2.3437
2.3338
2.3359
2.3401
2.3381
2.3895
2.4099
2.4216
2.4355
2.4202
2.4153
2.4049
2.4214
2.4353
2.4128
2.3898
2.3726
2.3515
2.354
2.3805
2.3449
2.2932
2.2531
2.1997
2.1965
2.2087
2.2047
2.1763
2.1359
2.1067
2.0837
2.0766
2.0752
2.0859
2.0632
2.031
2.0385
2.0346
2.0631
2.1025
2.1205
2.1342
2.1322
2.15
2.1639
2.1835
2.2005
2.1968
2.1865
2.1812
2.1944
2.2045
2.2045
2.2116
2.1855
2.1455
2.1222
2.0974
2.0593
2.0377
2.0237
1.9706
1.9262
1.9035
1.9051
1.9214
1.9237
1.9046
1.8602
1.8359
1.8338
1.8439
1.8797
1.8873
1.8974
1.896
1.8892
1.9253
1.9425
1.9625
1.9936
1.9931
1.9912
2.015
2.0515
2.063
2.0851
2.0972
2.085
2.0893
2.0783
2.0574
2.0361
2.0085
2.0088
1.9962
1.9528
1.9363
1.9218
1.8837
1.8616
1.8524
1.788
1.7434
1.7465
1.765
1.8086
1.812
1.7898
1.7684
1.7489
1.7624
1.7818
1.7904
1.794
1.7931
1.7823
1.7709
1.7988
1.8218
1.8228
1.8383
1.8436
1.8303
1.8289
1.8329
1.8362
1.8392
1.8537
1.8503
1.8324
1.8275
1.8118
1.8038
1.7898
1.7724
1.7534
1.7064
1.6734
1.6664
1.6661
1.655
1.6244
1.5883
1.5415
1.5148
1.5563
1.5725
1.5748
1.5573
1.5145
1.493
1.4917
1.5095
1.5161
1.5121
1.5049
1.4992
1.496
1.4836
1.484
1.5019
1.4969
1.5007
1.5135
1.4941
1.4954
1.5135
1.5207
1.5217
1.537
1.5313
1.5041
1.5073
1.5117
1.5139
1.5372
1.5197
1.5012
1.4834
1.4574
1.4739
1.4827
1.4494
1.4155
1.3868
1.3538
1.3476
1.3886
1.4251
1.4163
1.3964
1.3752
1.3519
1.3508
1.3462
1.3477
1.3451
1.3237
1.3186
1.3154
1.3024
1.2951
1.3158
1.3227
1.31
1.3207
1.3279
1.3121
1.3398
1.3744
1.3709
1.3888
1.387
1.3753
1.364
1.3616
1.375
1.3797
1.3703
1.3369
1.3134
1.3024
1.2866
1.2944
1.2901
1.2401
1.2011
1.1695
1.1337
1.152
1.1647
1.1595
1.1308
1.0907
1.0752
1.0589
1.0499
1.0527
1.0506
1.0414
1.0169
1.0071
1.0173
1.0167
1.0318
1.067
1.0797
1.0881
1.0895
1.1075
1.1281
1.1588
1.1916
1.1818
1.1653
1.1685
1.1576
1.1545
1.1609
1.17
1.1698
1.1408
1.1071
1.0938
1.0748
1.0518
1.0174
0.97747
0.93197
0.88123
0.8484
0.84716
0.86273
0.87065
0.86946
0.83492
0.80362
0.78651
0.78605
0.77963
0.77012
0.77923
0.7818
0.78631
0.80281
0.80014
0.81222
0.8387
0.85313
0.88481
0.90784
0.90911
0.92405
0.94537
0.95673
0.98363
1.0103
0.99516
0.97804
0.98577
0.99462
0.97906
0.9845
0.98402
0.94478
0.91811
0.90017
0.87854
0.86991
0.84282
0.78547
0.74114
0.68967
0.65886
0.65849
0.69462
0.71192
0.68983
0.68425
0.681
0.6759
0.69626
0.7029
0.6895
0.70915
0.71681
0.71421
0.73411
0.74063
0.73422
0.73582
0.74858
0.76085
0.7943
0.81962
0.81584
0.81589
0.84498
0.84289
0.83074
0.8483
0.83548
0.79157
0.78927
0.78963
0.77085
0.77046
0.75102
0.69615
0.65857
0.63633
0.61379
0.61472
0.5962
0.54423
0.48144
0.46193
0.45902
0.49261
0.56173
0.58036
0.52695
0.50381
0.50325
0.5048
0.53615
0.54688
0.52114
0.4885
0.47095
0.47635
0.50285
0.52866
0.53554
0.52416
0.52705
0.52626
0.51015
0.54072
0.55794
0.53054
0.53342
0.53228
0.50053
0.50274
0.52502
0.51094
0.46915
0.45143
0.45914
0.44439
0.43522
0.43027
0.37493
0.3516
0.36367
0.34766
0.34786
0.33957
0.28059
0.22898
0.21775
0.26083
0.31613
0.35801
0.35036
0.29222
0.24197
0.25254
0.30231
0.33905
0.35635
0.34996
0.31768
0.30329
0.30251
0.32773
0.36786
0.37598
0.35027
0.34774
0.34058
0.33715
0.35998
0.38801
0.38007
0.3553
0.35021
0.35497
0.34507
0.35916
0.36581
0.32755
0.31092
0.32293
0.32397
0.31775
0.31557
0.27582
0.24749
0.24906
0.23403
0.22025
0.21664
0.17938
0.12613
0.10706
0.17204
0.2303
0.22253
0.20311
0.18721
0.14268
0.12479
0.1485
0.16824
0.17006
0.14977
0.12034
0.098581
0.090134
0.10094
0.1278
0.14131
0.11504
0.095526
0.090428
0.10052
0.11514
0.12838
0.15115
0.14069
0.12117
0.14882
0.1711
0.16634
0.17303
0.1471
0.11487
0.11491
0.13021
0.13808
0.1403
0.11768
0.069067
0.025771
0.012477
0.017655
0.0061388
-0.022384
-0.053548
-0.076735
-0.079073
-0.054393
-0.049955
-0.086664
-0.12235
-0.13254
-0.14389
-0.15415
-0.15892
-0.15229
-0.15909
-0.18774
-0.21494
-0.20315
-0.20123
-0.19341
-0.17479
-0.15744
-0.15337
-0.16981
-0.17139
-0.13653
-0.12188
-0.10582
-0.074007
-0.052447
-0.054642
-0.038104
-0.0093538
0.0074729
0.002587
-0.029208
-0.053644
-0.053226
-0.054445
-0.038686
-0.033594
-0.048978
-0.069339
-0.097688
-0.14102
-0.16627
-0.171
-0.19278
-0.21864
-0.21741
-0.23305
-0.26168
-0.27629
-0.28213
-0.30047
-0.33075
-0.33568
-0.33181
-0.35102
-0.36308
-0.35295
-0.34977
-0.3618
-0.35011
-0.33312
-0.31509
-0.27904
-0.26773
-0.25521
-0.2247
-0.21447
-0.19291
-0.14551
-0.099662
-0.077327
-0.092765
-0.109
-0.11759
-0.11448
-0.11214
-0.095275
-0.095927
-0.13108
-0.15433
-0.16867
-0.197
-0.22013
-0.23319
-0.26247
-0.30071
-0.3389
-0.38604
-0.41745
-0.43043
-0.46148
-0.49362
-0.51453
-0.51879
-0.53749
-0.5655
-0.57876
-0.57541
-0.58024
-0.59602
-0.58087
-0.5778
-0.58353
-0.55612
-0.5423
-0.52882
-0.50183
-0.48331
-0.46271
-0.42123
-0.38639
-0.38092
-0.39537
-0.40271
-0.39178
-0.36256
-0.3343
-0.30194
-0.29883
-0.33402
-0.35425
-0.34163
-0.35892
-0.38272
-0.37371
-0.39013
-0.45166
-0.49128
-0.5155
-0.54037
-0.56445
-0.58532
-0.62735
-0.6637
-0.69864
-0.73995
-0.75551
-0.75988
-0.76285
-0.77292
-0.78423
-0.76203
-0.73797
-0.73478
-0.72362
-0.66907
-0.66071
-0.66176
-0.62192
-0.57991
-0.54496
-0.50791
-0.4725
-0.47649
-0.50184
-0.5103
-0.49435
-0.45657
-0.43588
-0.41752
-0.41696
-0.4322
-0.43703
-0.42744
-0.43654
-0.44016
-0.43066
-0.472
-0.53043
-0.52991
-0.53987
-0.5809
-0.60443
-0.61588
-0.65977
-0.71557
-0.73888
-0.74978
-0.75716
-0.78728
-0.80258
-0.81254
-0.82246
-0.82191
-0.81314
-0.81698
-0.80211
-0.76893
-0.77449
-0.78436
-0.73391
-0.69433
-0.67978
-0.65325
-0.61337
-0.63401
-0.67277
-0.67301
-0.6347
-0.61284
-0.60609
-0.58834
-0.58091
-0.59959
-0.61275
-0.59765
-0.5856
-0.60005
-0.60671
-0.62051
-0.66226
-0.68501
-0.68763
-0.71574
-0.7581
-0.75205
-0.78277
-0.85148
-0.86643
-0.8603
-0.89335
-0.92688
-0.93139
-0.93488
-0.96169
-0.99523
-0.98368
-0.94951
-0.96576
-0.96531
-0.94295
-0.93636
-0.94718
-0.90244
-0.86059
-0.84375
-0.81515
-0.82973
-0.86277
-0.88123
-0.84839
-0.81849
-0.81574
-0.8055
-0.79293
-0.80563
-0.82922
-0.81923
-0.78634
-0.78213
-0.80671
-0.81391
-0.80479
-0.83987
-0.85448
-0.83826
-0.84343
-0.88209
-0.89163
-0.91482
-0.94321
-0.92602
-0.91099
-0.92988
-0.95256
-0.93665
-0.94368
-0.96116
-0.96704
-0.944
-0.93393
-0.95268
-0.94944
-0.92057
-0.90863
-0.9292
-0.88599
-0.83244
-0.83573
-0.85425
-0.87429
-0.88994
-0.92047
-0.89332
-0.86091
-0.85161
-0.85794
-0.8637
-0.86681
-0.86397
-0.84513
-0.82957
-0.82502
-0.85331
-0.86459
-0.87728
-0.89013
-0.91273
-0.90381
-0.8939
-0.9349
-0.96926
-0.96208
-0.97135
-1.0018
-0.98817
-0.98874
-1.0055
-1.0044
-0.998
-1.012
-1.0193
-1.0079
-1.0041
-1.0083
-0.99115
-0.98071
-0.98367
-0.98264
-0.95579
-0.91563
-0.90387
-0.94028
-0.9793
-1.0004
-1.0222
-1.0224
-0.98861
-0.9644
-0.99787
-1.0268
-1.0291
-1.0212
-1.0285
-1.0218
-1.0208
-1.0291
-1.0435
-1.0652
-1.0784
-1.087
-1.0997
-1.1104
-1.1176
-1.1464
-1.1658
-1.1617
-1.1736
-1.2032
-1.1937
-1.1619
-1.1786
-1.1949
-1.188
-1.1865
-1.1987
-1.1756
-1.1569
-1.1357
-1.117
-1.1301
-1.1207
-1.0848
-1.0415
-1.0222
-1.0168
-1.045
-1.0904
-1.1255
-1.1104
-1.0628
-1.0381
-1.0403
-1.0677
-1.0689
-1.0566
-1.058
-1.06
-1.0404
-1.0367
-1.0691
-1.0939
-1.1012
-1.1149
-1.1223
-1.1046
-1.1235
-1.149
-1.1642
-1.1881
-1.2105
-1.2081
-1.2073
-1.2236
-1.2378
-1.242
-1.2493
-1.2562
-1.2454
-1.2523
-1.2342
-1.1893
-1.1801
-1.1913
-1.171
-1.1364
-1.1229
-1.093
-1.0436
-1.0066
-1.057
-1.0924
-1.1126
-1.1171
-1.0908
-1.0555
-1.0593
-1.0979
-1.102
-1.1076
-1.1246
-1.1324
-1.1075
-1.1083
-1.1426
-1.1865
-1.1911
-1.1855
-1.2196
-1.2419
-1.238
-1.2374
-1.294
-1.3221
-1.3194
-1.3251
-1.3514
-1.3469
-1.3642
-1.3801
-1.3781
-1.3694
-1.3635
-1.3721
-1.3518
-1.3399
-1.3348
-1.336
-1.3238
-1.2896
-1.2554
-1.2563
-1.2343
-1.195
-1.1878
-1.2466
-1.2656
-1.219
-1.2134
-1.2298
-1.2097
-1.1817
-1.2095
-1.2372
-1.2375
-1.2376
-1.2506
-1.2469
-1.2536
-1.2811
-1.3
-1.3167
-1.3306
-1.3446
-1.3404
-1.3404
-1.3621
-1.3961
-1.4095
-1.4016
-1.4003
-1.432
-1.444
-1.4161
-1.3971
-1.3921
-1.3788
-1.3409
-1.3363
-1.3397
-1.3195
-1.3007
-1.2912
-1.2634
-1.2428
-1.2378
-1.2285
-1.1778
-1.1495
-1.1776
-1.2111
-1.2179
-1.231
-1.2396
-1.2062
-1.1908
-1.2097
-1.2436
-1.248
-1.2635
-1.2526
-1.2583
-1.2646
-1.282
-1.2816
-1.3051
-1.323
-1.3266
-1.3255
-1.3266
-1.3385
-1.357
-1.3735
-1.3619
-1.3616
-1.3874
-1.4195
-1.3943
-1.3875
-1.3959
-1.388
-1.3527
-1.3398
-1.3641
-1.3634
-1.341
-1.3132
-1.315
-1.3123
-1.2945
-1.267
-1.2589
-1.2421
-1.2365
-1.2278
-1.2574
-1.2763
-1.2815
-1.2902
-1.312
-1.2965
-1.2829
-1.3262
-1.3616
-1.3316
-1.3214
-1.3582
-1.3837
-1.3675
-1.3679
-1.4081
-1.4306
-1.4322
-1.4275
-1.4532
-1.4703
-1.4776
-1.4733
-1.4815
-1.4986
-1.507
-1.4945
-1.5022
-1.5122
-1.5008
-1.4831
-1.4726
-1.4725
-1.4535
-1.4639
-1.4635
-1.438
-1.4158
-1.4313
-1.4222
-1.3837
-1.3662
-1.3747
-1.3484
-1.3304
-1.3274
-1.34
-1.3284
-1.3399
-1.3365
-1.3242
-1.3221
-1.3357
-1.3431
-1.3242
-1.3184
-1.3268
-1.3341
-1.328
-1.3342
-1.3463
-1.3624
-1.3686
-1.3769
-1.3853
-1.4145
-1.4163
-1.3958
-1.4023
-1.4441
-1.46
-1.4492
-1.4662
-1.4869
-1.4699
-1.4554
-1.4732
-1.4819
-1.4559
-1.448
-1.4605
-1.433
-1.411
-1.4061
-1.4128
-1.3678
-1.3595
-1.3613
-1.3671
-1.3381
-1.3152
-1.3058
-1.3228
-1.3171
-1.2905
-1.2894
-1.3344
-1.3388
-1.3252
-1.331
-1.3703
-1.3771
-1.3581
-1.3581
-1.3898
-1.4003
-1.3987
-1.4226
-1.4483
-1.4398
-1.4447
-1.4764
-1.4818
-1.4732
-1.4913
-1.5321
-1.5341
-1.5354
-1.561
-1.5973
-1.579
-1.5551
-1.5599
-1.5727
-1.5766
-1.5642
-1.5498
-1.5474
-1.5466
-1.5302
-1.492
-1.4981
-1.5067
-1.4958
-1.4734
-1.4654
-1.453
-1.4371
-1.446
-1.4248
-1.4094
-1.4079
-1.4415
-1.4348
-1.4163
-1.4369
-1.4794
-1.472
-1.4421
-1.4668
-1.5082
-1.502
-1.4954
-1.5103
-1.5398
-1.527
-1.5331
-1.5494
-1.569
-1.5634
-1.5751
-1.5985
-1.5943
-1.5836
-1.5886
-1.5993
-1.5926
-1.5724
-1.5669
-1.5786
-1.5974
-1.5573
-1.5259
-1.5457
-1.5648
-1.5225
-1.4722
-1.4932
-1.5111
-1.4782
-1.4284
-1.4572
-1.476
-1.437
-1.4106
-1.4229
-1.4404
-1.429
-1.4381
-1.4538
-1.4488
-1.4522
-1.4674
-1.4892
-1.4643
-1.4734
-1.4912
-1.5094
-1.4981
-1.5164
-1.5316
-1.5452
-1.5407
-1.5467
-1.5604
-1.5873
-1.594
-1.6002
-1.5934
-1.6071
-1.6069
-1.6096
-1.6034
-1.623
-1.6214
-1.6194
-1.6337
-1.6391
-1.63
-1.6163
-1.64
-1.6337
-1.6043
-1.5954
-1.6401
-1.6504
-1.6016
-1.5928
-1.6318
-1.6369
-1.6029
-1.608
-1.6475
-1.6449
-1.6213
-1.6111
-1.6494
-1.6536
-1.659
-1.6575
-1.6601
-1.6687
-1.6851
-1.6939
-1.7014
-1.715
-1.7192
-1.7216
-1.7303
-1.7291
-1.7313
-1.7285
-1.7411
-1.7417
-1.7385
-1.7319
-1.7671
-1.7708
-1.7549
-1.7422
-1.7695
-1.7748
-1.7716
-1.7607
-1.7803
-1.7735
-1.7637
-1.7583
-1.761
-1.7408
-1.749
-1.7572
-1.7468
-1.7095
-1.72
-1.7352
-1.7306
-1.6712
-1.6722
-1.699
-1.7009
-1.6627
-1.665
-1.6933
-1.6988
-1.6773
-1.6664
-1.6877
-1.7069
-1.7026
-1.6927
-1.6907
-1.7237
-1.729
-1.7177
-1.6947
-1.7229
-1.7281
-1.7302
-1.7358
-1.7595
-1.757
-1.7434
-1.7437
-1.7653
-1.7572
-1.7464
-1.7678
-1.7867
-1.7637
-1.7423
-1.7545
-1.7851
-1.7831
-1.7574
-1.7601
-1.7864
-1.7784
-1.7675
-1.7605
-1.7737
-1.7704
-1.7661
-1.7541
-1.7561
-1.7572
-1.7681
-1.771
-1.7516
-1.7512
-1.7782
-1.7896
-1.7801
-1.766
-1.7842
-1.7973
-1.8103
-1.8021
-1.7987
-1.8099
-1.8506
-1.8562
-1.8434
-1.8538
-1.8879
-1.8808
-1.8589
-1.8621
-1.8954
-1.8926
-1.8677
-1.8626
-1.8889
-1.8865
-1.8762
-1.8954
-1.913
-1.9044
-1.8896
-1.9012
-1.927
-1.8903
-1.8841
-1.908
-1.9408
-1.9004
-1.8832
-1.8932
-1.9226
-1.9083
-1.8835
-1.8874
-1.9071
-1.9129
-1.9046
-1.8909
-1.9037
-1.9191
-1.9181
-1.9027
-1.9009
-1.9088
-1.9266
-1.9139
-1.9054
-1.9061
-1.9248
-1.9103
-1.9191
-1.8976
-1.9042
-1.909
-1.9263
-1.898
-1.867
-1.8662
-1.9073
-1.9001
-1.858
-1.8562
-1.8894
-1.8871
-1.8527
-1.8403
-1.8828
-1.884
-1.8507
-1.842
-1.8638
-1.8632
-1.8587
-1.8752
-1.9085
-1.8837
-1.8674
-1.886
-1.9279
-1.9068
-1.9013
-1.9047
-1.9219
-1.9159
-1.8936
-1.8996
-1.9282
-1.9425
-1.9228
-1.9007
-1.9151
-1.9574
-1.9612
-1.9366
-1.9231
-1.9459
-1.9684
-1.9682
-1.948
-1.9632
-1.9767
-1.9821
-1.9849
-1.9841
-1.9867
-1.9944
-1.9998
-2.0016
-1.9814
-1.9834
-2.0159
-2.0292
-1.986
-1.9665
-2.0133
-2.0546
-2.0246
-1.99
-2.0222
-2.057
-2.0279
-2.0224
-2.0363
-2.0681
-2.0465
-2.0488
-2.0546
-2.0737
-2.054
-2.0645
-2.078
-2.0949
-2.0857
-2.0913
-2.1119
-2.1307
-2.1103
-2.1054
-2.1128
-2.1273
-2.1436
-2.1182
-2.1191
-2.1352
-2.1558
-2.1431
-2.1244
-2.1298
-2.1682
-2.174
-2.1408
-2.1288
-2.1522
-2.1647
-2.1384
-2.1215
-2.1386
-2.1368
-2.1234
-2.1357
-2.1274
-2.1068
-2.1005
-2.1153
-2.1156
-2.0718
-2.0557
-2.0893
-2.1054
-2.0607
-2.0404
-2.0811
-2.1255
-2.0933
-2.0505
-2.0632
-2.1118
-2.1071
-2.095
-2.0839
-2.1259
-2.1182
-2.1073
-2.1098
-2.1327
-2.1363
-2.1446
-2.1532
-2.1708
-2.1656
-2.1633
-2.1755
-2.1835
-2.1853
-2.1715
-2.1703
-2.1761
-2.1882
-2.167
-2.1622
-2.1536
-2.1786
-2.1794
-2.1501
-2.1367
-2.1734
-2.1742
-2.1551
-2.1211
-2.1502
-2.1618
-2.161
-2.1458
-2.154
-2.1507
-2.1498
-2.1548
-2.179
-2.1739
-2.1599
-2.1866
-2.2181
-2.2022
-2.1817
-2.2078
-2.2524
-2.2543
-2.2006
-2.2171
-2.2813
-2.3115
-2.2791
-2.2638
-2.3024
-2.335
-2.3102
-2.299
-2.3114
-2.341
-2.3348
-2.3305
-2.3274
-2.3273
-2.3196
-2.3293
-2.3379
-2.3255
-2.3343
-2.3354
-2.3351
-2.3238
-2.309
-2.3108
-2.3114
-2.3045
-2.3113
-2.3052
-2.3077
-2.3126
-2.3335
-2.3285
-2.2979
-2.3006
-2.3333
-2.3379
-2.3362
-2.3296
-2.3497
-2.3526
-2.3415
-2.3315
-2.3496
-2.3432
-2.3343
-2.3443
-2.3552
-2.34
-2.3125
-2.3305
-2.3557
-2.3171
-2.2769
-2.3067
-2.3621
-2.3474
-2.2799
-2.2931
-2.3435
-2.3471
-2.2983
-2.2773
-2.3085
-2.3432
-2.3157
-2.3033
-2.3058
-2.3194
-2.3184
-2.3225
-2.3196
-2.3189
-2.3359
-2.359
-2.3638
-2.3359
-2.334
-2.3565
-2.3693
-2.3525
-2.3378
-2.3602
-2.3719
-2.3693
-2.3752
-2.358
-2.3702
-2.3733
-2.3907
-2.385
-2.3715
-2.3708
-2.4054
-2.3958
-2.3721
-2.3539
-2.3858
-2.3884
-2.3711
-2.3659
-2.3924
-2.3925
-2.3756
-2.3669
-2.4019
-2.3993
-2.3642
-2.3753
-2.4219
-2.4318
-2.3955
-2.3973
-2.4372
-2.4708
-2.4247
-2.4278
-2.4691
-2.5167
-2.5002
-2.4714
-2.4809
-2.5134
-2.5097
-2.5116
-2.4979
-2.5204
-2.5197
-2.5442
-2.54
-2.5218
-2.5087
-2.535
-2.5419
-2.5352
-2.5036
-2.5125
-2.5425
-2.5363
-2.5008
-2.4822
-2.4991
-2.5197
-2.5169
-2.5005
-2.4984
-2.5101
-2.5264
-2.5212
-2.494
-2.4736
-2.4969
-2.5146
-2.502
-2.4717
-2.488
-2.5177
-2.5164
-2.4841
-2.4476
-2.4531
-2.4428
-2.4108
-2.3975
-2.4087
-2.4169
-2.3935
-2.3814
-2.408
-2.4035
-2.3852
-2.3941
-2.4205
-2.4238
-2.393
-2.3962
-2.4243
-2.4362
-2.4144
-2.3907
-2.4125
-2.4452
-2.4217
-2.4279
-2.4229
-2.445
-2.4326
-2.4418
-2.4451
-2.4461
-2.418
-2.4379
-2.4589
-2.452
-2.4138
-2.4135
-2.4351
-2.4604
-2.4316
-2.416
-2.4262
-2.4558
-2.4556
-2.4348
-2.4307
-2.4394
-2.462
-2.4626
-2.4406
-2.4303
-2.4464
-2.4904
-2.486
-2.4409
-2.4374
-2.485
-2.4988
-2.4787
-2.4347
-2.4716
-2.5036
-2.5034
-2.4768
-2.4873
-2.5013
-2.5167
-2.5053
-2.5361
-2.5267
-2.5423
-2.5451
-2.5785
-2.5794
-2.5435
-2.5472
-2.5867
-2.6012
-2.5754
-2.546
-2.5919
-2.6282
-2.5972
-2.5616
-2.5713
-2.6057
-2.6016
-2.5741
-2.5753
-2.5931
-2.5807
-2.5561
-2.5655
-2.5793
-2.5749
-2.5547
-2.5709
-2.5845
-2.5914
-2.5587
-2.5724
-2.591
-2.5948
-2.5781
-2.5802
-2.5836
-2.6002
-2.5902
-2.5935
-2.5795
-2.5776
-2.5871
-2.5999
-2.5926
-2.5767
-2.5685
-2.5747
-2.5863
-2.5597
-2.5415
-2.5454
-2.5678
-2.5619
-2.5418
-2.5407
-2.5508
-2.572
-2.5674
-2.5609
-2.5406
-2.5429
-2.5685
-2.5893
-2.56
-2.5452
-2.551
-2.6103
-2.609
-2.5667
-2.5489
-2.6029
-2.6289
-2.6109
-2.5595
-2.5907
-2.6356
-2.6253
-2.5827
-2.5749
-2.6019
-2.6151
-2.5988
-2.6008
-2.5979
-2.6005
-2.5955
-2.608
-2.6149
-2.5931
-2.586
-2.6038
-2.6236
-2.6236
-2.5795
-2.6118
-2.6355
-2.6395
-2.604
-2.6034
-2.6326
-2.6546
-2.6223
-2.6251
-2.637
-2.6628
-2.6523
-2.6545
-2.6661
-2.6789
-2.6747
-2.6855
-2.7055
-2.7231
-2.7238
-2.7286
-2.7394
-2.7512
-2.7689
-2.7566
-2.7589
-2.7643
-2.7707
-2.7933
-2.7709
-2.768
-2.769
-2.7915
-2.807
-2.7761
-2.7559
-2.779
-2.795
-2.7962
-2.7462
-2.7398
-2.7638
-2.7759
-2.7515
-2.727
-2.7459
-2.7532
-2.7582
-2.7483
-2.7446
-2.7398
-2.7418
-2.7546
-2.7732
-2.7412
-2.734
-2.7428
-2.7866
-2.7866
-2.7376
-2.7262
-2.7791
-2.8044
-2.7663
-2.7111
-2.7319
-2.789
-2.7779
-2.734
-2.7099
-2.7405
-2.7683
-2.7424
-2.7311
-2.7279
-2.7506
-2.7471
-2.7485
-2.7443
-2.7405
-2.7358
-2.7443
-2.7471
-2.7535
-2.72
-2.7461
-2.7647
-2.78
-2.76
-2.7344
-2.7684
-2.794
-2.7845
-2.766
-2.7587
-2.7805
-2.7913
-2.7677
-2.7676
-2.7601
-2.7734
-2.7766
-2.7794
-2.7725
-2.7659
-2.7684
-2.7795
-2.7793
-2.7738
-2.7772
-2.7871
-2.788
-2.7825
-2.7849
-2.794
-2.7978
-2.789
-2.789
-2.8186
-2.8087
-2.7978
-2.7831
-2.8217
-2.8429
-2.8218
-2.796
-2.8291
-2.8503
-2.8677
-2.8262
-2.845
-2.8754
-2.8876
-2.8891
-2.8851
-2.9058
-2.9101
-2.9069
-2.9165
-2.9243
-2.9135
-2.9035
-2.9231
-2.9562
-2.9406
-2.9077
-2.9119
-2.9658
-2.9745
-2.9216
-2.8946
-2.9233
-2.9766
-2.9533
-2.8911
-2.8912
-2.9257
-2.9505
-2.9157
-2.8882
-2.9034
-2.9334
-2.9298
-2.9257
-2.9013
-2.9138
-2.9111
-2.9279
-2.925
-2.9051
-2.8859
-2.9113
-2.9289
-2.9219
-2.8873
-2.8728
-2.9092
-2.921
-2.8997
-2.8556
-2.8617
-2.8909
-2.8997
-2.8712
-2.8634
-2.8656
-2.8892
-2.8942
-2.8814
-2.8699
-2.8785
-2.8964
-2.9053
-2.8862
-2.8713
-2.8839
-2.9026
-2.9084
-2.8945
-2.8881
-2.9138
-2.9186
-2.9223
-2.912
-2.9222
-2.9259
-2.9203
-2.9051
-2.9141
-2.9216
-2.9132
-2.9003
-2.8984
-2.9174
-2.9089
-2.8922
-2.8887
-2.913
-2.9083
-2.9031
-2.8747
-2.9051
-2.9101
-2.9073
-2.8935
-2.8926
-2.9096
-2.9057
-2.8917
-2.9145
-2.9177
-2.9049
-2.8899
-2.8996
-2.9444
-2.9272
-2.9002
-2.8989
-2.9432
-2.9809
-2.9445
-2.9213
-2.9526
-2.9944
-2.9973
-2.9609
-2.9693
-3.0102
-3.0422
-3.0231
-3.0063
-3.0093
-3.0351
-3.0426
-3.0433
-3.0263
-3.0328
-3.0263
-3.0604
-3.063
-3.0566
-3.0255
-3.02
-3.0558
-3.061
-3.0345
-2.9983
-3.0102
-3.043
-3.0431
-2.9936
-2.9854
-3.0058
-3.0536
-3.037
-3.0075
-2.9943
-3.0265
-3.049
-3.034
-3.0043
-2.9941
-3.0224
-3.044
-3.0412
-3.0097
-2.9861
-3.0078
-3.0288
-3.0176
-2.9915
-2.9754
-2.9993
-3.002
-2.9823
-2.9636
-2.9573
-2.9889
-2.9909
-2.9737
-2.9784
-2.9634
-2.988
-2.9829
-2.9945
-2.9816
-2.9664
-2.9773
-3.0021
-3.0061
-2.9964
-2.9745
-2.9972
-3.0234
-3.0148
-3.0051
-2.9987
-3.0391
-3.0379
-3.0226
-3.0051
-3.029
-3.0343
-3.0222
-2.9989
-3.0164
-3.0428
-3.0331
-3.0134
-3.012
-3.0381
-3.0398
-3.0108
-3.0031
-3.034
-3.0435
-3.0421
-3.0364
-3.0737
-3.1133
-3.109
-3.0895
-3.0729
-3.1041
-3.1147
-3.0976
-3.1125
-3.1063
-3.1038
-3.0932
-3.106
-3.1419
-3.1378
-3.1129
-3.1126
-3.137
-3.1802
-3.1608
-3.1401
-3.1646
-3.2061
-3.2344
-3.1899
-3.1849
-3.2085
-3.2526
-3.2446
-3.2234
-3.2108
-3.2405
-3.2694
-3.2671
-3.2475
-3.2396
-3.2546
-3.2624
-3.2686
-3.2504
-3.2354
-3.2232
-3.2482
-3.2407
-3.2281
-3.1929
-3.1985
-3.231
-3.2426
-3.2236
-3.1859
-3.1966
-3.2362
-3.2373
-3.2144
-3.1882
-3.1978
-3.2249
-3.2225
-3.2019
-3.1703
-3.177
-3.2128
-3.2175
-3.1939
-3.1562
-3.1512
-3.1927
-3.1895
-3.1611
-3.1217
-3.1395
-3.1736
-3.1746
-3.1396
-3.1247
-3.1424
-3.1776
-3.169
-3.1417
-3.144
-3.1502
-3.1754
-3.1661
-3.1728
-3.1633
-3.1632
-3.175
-3.2019
-3.2085
-3.1979
-3.1822
-3.2011
-3.2329
-3.2134
-3.1932
-3.1766
-3.2205
-3.2253
-3.1956
-3.1731
-3.188
-3.2212
-3.2136
-3.178
-3.1773
-3.1961
-3.208
-3.1911
-3.1731
-3.1987
-3.2028
-3.1915
-3.1771
-3.1943
-3.2135
-3.2018
-3.1827
-3.195
-3.2195
-3.2239
-3.1981
-3.1934
-3.2173
-3.2308
-3.2105
-3.2062
-3.2151
-3.2384
-3.231
-3.2187
-3.2398
-3.2486
-3.2594
-3.244
-3.2574
-3.2854
-3.2851
-3.2603
-3.2578
-3.2757
-3.3149
-3.2874
-3.2702
-3.2805
-3.3124
-3.3414
-3.3079
-3.3022
-3.304
-3.33
-3.332
-3.3156
-3.2961
-3.3069
-3.3158
-3.317
-3.2949
-3.2847
-3.2893
-3.2853
-3.3017
-3.2875
-3.2743
-3.2684
-3.289
-3.3067
-3.3013
-3.2665
-3.2566
-3.2723
-3.3015
-3.2951
-3.2559
-3.2517
-3.2644
-3.2889
-3.2718
-3.2323
-3.2226
-3.2332
-3.26
-3.2512
-3.213
-3.1984
-3.2037
-3.2468
-3.2364
-3.201
-3.1776
-3.2048
-3.2412
-3.2327
-3.1928
-3.1787
-3.2038
-3.2406
-3.2287
-3.1898
-3.1903
-3.2093
-3.2459
-3.2335
-3.2345
-3.2258
-3.2422
-3.2642
-3.2667
-3.2702
-3.2447
-3.2404
-3.2543
-3.2819
-3.2643
-3.2395
-3.2257
-3.2747
-3.2898
-3.2648
-3.2268
-3.223
-3.2724
-3.2747
-3.2454
-3.2171
-3.2355
-3.2711
-3.2679
-3.2311
-3.2366
-3.2467
-3.2668
-3.2488
-3.241
-3.2623
-3.2547
-3.2597
-3.2525
-3.2685
-3.2805
-3.2529
-3.2569
-3.2807
-3.3104
-3.3046
-3.2687
-3.2859
-3.3183
-3.3399
-3.3168
-3.3036
-3.3316
-3.3641
-3.3501
-3.3261
-3.3299
-3.3583
-3.3652
-3.3428
-3.3464
-3.3599
-3.3881
-3.3724
-3.3597
-3.3608
-3.3826
-3.3817
-3.3598
-3.3567
-3.3678
-3.3749
-3.3514
-3.3427
-3.3422
-3.3651
-3.3536
-3.3539
-3.3404
-3.3501
-3.3634
-3.3438
-3.3509
-3.3378
-3.3484
-3.3349
-3.3383
-3.3525
-3.3428
-3.3258
-3.317
-3.3223
-3.3407
-3.3177
-3.2924
-3.2917
-3.2993
-3.3139
-3.2863
-3.2731
-3.2734
-3.2893
-3.305
-3.2868
-3.27
-3.2711
-3.289
-3.3099
-3.2984
-3.2659
-3.2602
-3.2845
-3.3161
-3.3108
-3.2805
-3.2795
-3.3075
-3.3381
-3.3347
-3.3002
-3.311
-3.3284
-3.3566
-3.3398
-3.3158
-3.3148
-3.3268
-3.3513
-3.3409
-3.341
-3.3182
-3.327
-3.3438
-3.3613
-3.3503
-3.3208
-3.3168
-3.3431
-3.3741
-3.3575
-3.3177
-3.3111
-3.3669
-3.3809
-3.3598
-3.3093
-3.3261
-3.3685
-3.3832
-3.3555
-3.3202
-3.3454
-3.3704
-3.3809
-3.3523
-3.3544
-3.3664
-3.3802
-3.3853
-3.3894
-3.4047
-3.3953
-3.3977
-3.4158
-3.4441
-3.4471
-3.4151
-3.4105
-3.4536
-3.4811
-3.4611
-3.4188
-3.4283
-3.4825
-3.4984
-3.4597
-3.432
-3.4508
-3.5021
-3.4933
-3.4527
-3.437
-3.4463
-3.478
-3.4568
-3.4373
-3.438
-3.4485
-3.4607
-3.448
-3.4469
-3.4558
-3.4505
-3.4515
-3.457
-3.4583
-3.4648
-3.4352
-3.4405
-3.4422
-3.4644
-3.4482
-3.4196
-3.4218
-3.4352
-3.448
-3.4144
-3.4039
-3.4015
-3.417
-3.3977
-3.3764
-3.3798
-3.3919
-3.4007
-3.3791
-3.3789
-3.3816
-3.3985
-3.3821
-3.3766
-3.3763
-3.3904
-3.3939
-3.376
-3.38
-3.3852
-3.3987
-3.4037
-3.4038
-3.4095
-3.4192
-3.4291
-3.4359
-3.4259
-3.4204
-3.4179
-3.4272
-3.4375
-3.4327
-3.4226
-3.4225
-3.4343
-3.4407
-3.4362
-3.4153
-3.4139
-3.4285
-3.4399
-3.4492
-3.4333
-3.4282
-3.4301
-3.432
-3.4484
-3.4386
-3.4315
-3.4326
-3.44
-3.4722
-3.45
-3.4352
-3.4297
-3.4578
-3.4817
-3.4598
-3.4289
-3.4337
-3.4813
-3.4985
-3.4841
-3.4424
-3.4635
-3.4962
-3.5235
-3.512
-3.4901
-3.518
-3.5312
-3.5464
-3.5303
-3.5371
-3.535
-3.5392
-3.5474
-3.5629
-3.5737
-3.5474
-3.54
-3.5512
-3.5879
-3.5808
-3.5432
-3.5266
-3.5626
-3.5997
-3.5754
-3.5121
-3.5066
-3.5559
-3.5821
-3.5483
-3.497
-3.5146
-3.5597
-3.5819
-3.5434
-3.5146
-3.522
-3.5469
-3.5616
-3.5398
-3.5232
-3.5173
-3.5171
-3.5215
-3.5214
-3.5262
-3.5078
-3.4895
-3.4995
-3.5101
-3.5104
-3.4687
-3.4441
-3.4719
-3.5041
-3.493
-3.4466
-3.4354
-3.4735
-3.5091
-3.4734
-3.4396
-3.432
-3.4773
-3.4892
-3.4636
-3.4577
-3.4576
-3.4897
-3.4855
-3.4868
-3.481
-3.4963
-3.5007
-3.5051
-3.5159
-3.5137
-3.5164
-3.4827
-3.5077
-3.5141
-3.5197
-3.5033
-3.4805
-3.5071
-3.521
-3.5367
-3.5124
-3.5015
-3.52
-3.5363
-3.5248
-3.5091
-3.5031
-3.5244
-3.5343
-3.5251
-3.5213
-3.5157
-3.5282
-3.5329
-3.5369
-3.5274
-3.5312
-3.538
-3.5435
-3.5406
-3.5415
-3.5493
-3.5553
-3.5592
-3.5586
-3.5625
-3.5716
-3.583
-3.5864
-3.5942
-3.6007
-3.6137
-3.6226
-3.6226
-3.6167
-3.6171
-3.6337
-3.6376
-3.6373
-3.6301
-3.6448
-3.6548
-3.6543
-3.6462
-3.6384
-3.6474
-3.6537
-3.646
-3.6494
-3.6479
-3.637
-3.6319
-3.6149
-3.641
-3.6307
-3.6173
-3.6048
-3.6138
-3.6532
-3.6355
-3.6119
-3.5885
-3.6261
