-0.0024241
-0.0049849
-0.0078553
-0.0099068
-0.011179
-0.011116
-0.010935
-0.010521
-0.0097443
-0.0087526
-0.0082145
-0.0077194
-0.0079142
-0.0083236
-0.0089022
-0.0093918
-0.0098091
-0.010192
-0.010205
-0.010505
-0.010798
-0.011245
-0.01142
-0.011581
-0.011766
-0.011693
-0.011971
-0.012025
-0.012259
-0.012118
-0.012143
-0.011658
-0.011172
-0.010597
-0.010141
-0.0098416
-0.0096386
-0.0093915
-0.0087502
-0.0082365
-0.0076687
-0.0070595
-0.0065192
-0.0059057
-0.0056744
-0.0052026
-0.0050224
-0.0045004
-0.0043093
-0.00373
-0.0035776
-0.0032436
-0.002908
-0.0026756
-0.0023632
-0.0023206
-0.0021414
-0.002227
-0.0024187
-0.0030475
-0.0031305
-0.0033159
-0.0034578
-0.0038647
-0.0042867
-0.0046419
-0.0051038
-0.0053491
-0.0058717
-0.0065252
-0.0071629
-0.0075462
-0.0078553
-0.0082609
-0.008397
-0.0086414
-0.0088262
-0.0093039
-0.0095084
-0.010025
-0.010272
-0.01076
-0.010843
-0.011454
-0.011682
-0.01182
-0.012053
-0.011952
-0.011836
-0.01165
-0.011476
-0.011456
-0.011325
-0.011012
-0.010849
-0.010549
-0.0098465
-0.0092837
-0.0083707
-0.0075019
-0.0065531
-0.0055993
-0.0045314
-0.0033385
-0.0020864
-0.00070845
0.00019651
0.00084098
0.0010753
0.00081441
-0.00031227
-0.001938
-0.0037735
-0.005458
-0.0074309
-0.0085278
-0.0085586
-0.007368
-0.005751
-0.004516
-0.0030279
-0.0015484
-0.00046879
0.00017715
0.00032258
0.00023074
4.3428e-005
-1.0677e-005
-0.00042411
-0.00070109
-0.0013294
-0.001772
-0.0021662
-0.0025167
-0.0027388
-0.0032487
-0.00382
-0.0045512
-0.0053093
-0.006243
-0.006898
-0.007253
-0.0077066
-0.008128
-0.0088065
-0.0091631
-0.009814
-0.010185
-0.010396
-0.010555
-0.011043
-0.011234
-0.011832
-0.01186
-0.012104
-0.012118
-0.012271
-0.012417
-0.012424
-0.012285
-0.012338
-0.012043
-0.011863
-0.011579
-0.011297
-0.010953
-0.010746
-0.010374
-0.010185
-0.0094301
-0.0090626
-0.0084269
-0.00804
-0.0075872
-0.0068839
-0.0066427
-0.0059946
-0.0057443
-0.0051762
-0.004874
-0.0039003
-0.0038277
-0.0031808
-0.0027562
-0.0024291
-0.0018502
-0.0015753
-0.00097329
-0.000841
-0.00081912
-0.00082906
-0.00063262
-0.00062583
-0.00057502
-0.00089597
-0.0010819
-0.0013007
-0.0015547
-0.0015375
-0.0017911
-0.0022025
-0.0025574
-0.0029333
-0.0034386
-0.0038409
-0.0043681
-0.0047425
-0.0049511
-0.0051839
-0.0052592
-0.0054097
-0.0053092
-0.0052927
-0.0052432
-0.0050857
-0.0050118
-0.0045927
-0.0043922
-0.003808
-0.0036955
-0.0040605
-0.005574
-0.0071788
-0.0093806
-0.011588
-0.013651
-0.01553
-0.016586
-0.016677
-0.015399
-0.014216
-0.012725
-0.011029
-0.0091019
-0.0075522
-0.0062742
-0.0057828
-0.005297
-0.0047909
-0.0044141
-0.003603
-0.0029775
-0.0024797
-0.0020685
-0.0019874
-0.0017612
-0.0016282
-0.0014042
-0.0011545
-0.00092404
-0.0010728
-0.00081903
-0.00076438
-0.00054334
-0.00050196
-0.00047981
-0.00060475
-0.00084282
-0.0010415
-0.0013742
-0.0018267
-0.0023129
-0.0025359
-0.0028934
-0.0034001
-0.0037722
-0.0041236
-0.00469
-0.0053866
-0.0062171
-0.0069892
-0.0077188
-0.0082389
-0.0086244
-0.0090905
-0.0097726
-0.010174
-0.010748
-0.011233
-0.01152
-0.012141
-0.012742
-0.01308
-0.013562
-0.013559
-0.013777
-0.013748
-0.013886
-0.014065
-0.014381
-0.014562
-0.014297
-0.014239
-0.013822
-0.013241
-0.012288
-0.011618
-0.010704
-0.010009
-0.009551
-0.008989
-0.0082773
-0.0076218
-0.0071039
-0.0064377
-0.0057716
-0.0050778
-0.0043494
-0.0034893
-0.0028006
-0.0021606
-0.0016793
-0.0013147
-0.0010961
-0.00071475
-0.00034701
0.00019155
0.00078721
0.0013033
0.0016892
0.0020216
0.0022343
0.0024836
0.002651
0.0030485
0.0031203
0.0035114
0.0036787
0.0037564
0.0042343
0.0041469
0.0038613
0.0027573
0.00062426
-0.0017949
-0.0044042
-0.007766
-0.010529
-0.012727
-0.013984
-0.013888
-0.014075
-0.013282
-0.012684
-0.011953
-0.01104
-0.010211
-0.010131
-0.010192
-0.010596
-0.010856
-0.010912
-0.011044
-0.01108
-0.011194
-0.011004
-0.01083
-0.01062
-0.010385
-0.01025
-0.01006
-0.0097705
-0.0093359
-0.0090039
-0.0085464
-0.0080715
-0.0074116
-0.0069964
-0.0063741
-0.0058655
-0.0053501
-0.0048026
-0.0045083
-0.0039372
-0.0038021
-0.003096
-0.0027114
-0.0021805
-0.0018176
-0.0015151
-0.0014547
-0.0014328
-0.0011903
-0.00126
-0.001207
-0.0010736
-0.0011614
-0.0013406
-0.0016111
-0.0017508
-0.0019912
-0.002513
-0.0028336
-0.003195
-0.003722
-0.0041014
-0.0046198
-0.0051032
-0.0058893
-0.0063045
-0.0068737
-0.0076605
-0.0083323
-0.0089332
-0.00946
-0.0096933
-0.0099113
-0.010173
-0.010211
-0.010585
-0.01082
-0.011047
-0.011568
-0.01166
-0.011809
-0.011729
-0.01216
-0.01218
-0.012128
-0.011869
-0.011632
-0.011123
-0.01099
-0.010529
-0.0099745
-0.0097036
-0.0089052
-0.0082321
-0.0077057
-0.0070452
-0.0062505
-0.0054732
-0.0044066
-0.0034992
-0.0024775
-0.0016677
-0.00065268
0.00073032
0.0018146
0.0029291
0.0038482
0.0048754
0.0055046
0.0058553
0.0055953
0.0043566
0.0022806
0.00030361
-0.0017362
-0.0042801
-0.0054596
-0.006007
-0.0052857
-0.0044912
-0.0038155
-0.0024276
-0.0012809
-0.00054021
-0.00029137
-0.00027188
-0.00062198
-0.0010097
-0.0013954
-0.0022651
-0.0029325
-0.0032886
-0.0037737
-0.003988
-0.0045466
-0.0051833
-0.0056935
-0.0065338
-0.0071672
-0.0076507
-0.0080975
-0.0087311
-0.0091607
-0.0096178
-0.0098756
-0.010053
-0.01058
-0.010747
-0.011068
-0.011026
-0.011343
-0.011583
-0.011974
-0.011708
-0.011561
-0.011364
-0.011208
-0.011185
-0.010858
-0.010175
-0.0096519
-0.0089984
-0.0084459
-0.0080889
-0.0076198
-0.0073171
-0.0042436
-0.001139
0.0023668
0.0052985
0.0071557
0.0073979
0.0074869
0.0074369
0.0066698
0.0059409
0.0057459
0.0056309
0.005758
0.0063369
0.0072624
0.0078025
0.0084313
0.008938
0.0091068
0.0092199
0.0096187
0.010502
0.010941
0.010836
0.010941
0.010649
0.010564
0.010571
0.010482
0.0098042
0.0093703
0.0087339
0.0080796
0.0070913
0.0063181
0.0054795
0.00516
0.0045066
0.0037742
0.0029112
0.0023322
0.0014692
0.00076973
1.9916e-005
-0.00045412
-0.00065258
-0.00076721
-0.00071231
-0.00048609
-0.00048704
-0.00019507
0.00017447
0.00024696
0.00058258
0.00047632
0.00028843
-0.00095846
-0.0023581
-0.0035747
-0.0048595
-0.0064827
-0.0078185
-0.0085517
-0.0080458
-0.0061547
-0.0041815
-0.0017097
0.00015914
0.0025899
0.0050801
0.0067376
0.0076254
0.0080699
0.0090783
0.009375
0.010351
0.011034
0.012064
0.012519
0.013274
0.013645
0.01414
0.014304
0.014903
0.014881
0.01492
0.015021
0.014803
0.014361
0.013915
0.01343
0.01313
0.012641
0.012108
0.011342
0.010363
0.008946
0.0078295
0.0062768
0.0048568
0.0033
0.0018244
0.00027214
-0.0013424
-0.0028844
-0.0048038
-0.0062457
-0.0075353
-0.0083513
-0.0084916
-0.0076867
-0.0061751
-0.0046675
-0.003064
-0.0013334
-0.00044957
-0.00058624
-0.0017055
-0.0034956
-0.00452
-0.005789
-0.0071238
-0.0079393
-0.0086142
-0.0083978
-0.0080214
-0.0073769
-0.0068496
-0.0058264
-0.0051375
-0.0036356
-0.0025348
-0.0011218
-0.00011031
0.0007581
0.002071
0.0030416
0.0043382
0.0055129
0.0069792
0.0081592
0.009254
0.010253
0.011236
0.012213
0.012835
0.014012
0.01473
0.015423
0.015971
0.016653
0.016759
0.017491
0.017486
0.018079
0.018011
0.018271
0.018416
0.018515
0.018654
0.018704
0.018589
0.018445
0.018567
0.01833
0.018064
0.017005
0.015364
0.013061
0.010148
0.0072799
0.0043238
0.0013652
-0.0017472
-0.0038973
-0.0041838
-0.0044022
-0.0038227
-0.0034928
-0.0028462
-0.002963
-0.002412
-0.0025376
-0.0028149
-0.0032475
-0.0037084
-0.0038544
-0.004305
-0.0041191
-0.0038877
-0.0037314
-0.0034247
-0.0029963
-0.0026868
-0.0020163
-0.0014416
-0.00065495
2.0474e-005
0.00056921
0.001352
0.0021575
0.0031437
0.0040454
0.0049633
0.0057645
0.0067108
0.0074264
0.0079625
0.0083985
0.008735
0.0091201
0.0092171
0.0094157
0.0092865
0.0091841
0.009088
0.0086546
0.0082189
0.0076057
0.0071797
0.0073625
0.0083773
0.0096146
0.011383
0.013245
0.015292
0.016667
0.017265
0.016724
0.015015
0.013237
0.011285
0.0088368
0.0063877
0.0043176
0.0024873
0.0015121
0.00029231
-0.00073302
-0.0015333
-0.0026436
-0.0035328
-0.0037829
-0.0044432
-0.0045719
-0.0049929
-0.0051323
-0.0053224
-0.0056219
-0.005824
-0.0057115
-0.0058266
-0.0056832
-0.0055736
-0.0053237
-0.005007
-0.0043965
-0.003683
-0.0029234
-0.0020128
-0.00078375
0.00029633
0.001367
0.0024352
0.0037768
0.0047764
0.0060583
0.007413
0.009215
0.010909
0.012965
0.014534
0.015992
0.017289
0.018544
0.020135
0.021407
0.022758
0.023151
0.022751
0.021491
0.020388
0.018583
0.016678
0.014632
0.012841
0.011948
0.012418
0.013127
0.014414
0.015444
0.015979
0.016712
0.016807
0.016056
0.014894
0.013758
0.012201
0.010908
0.010065
0.0090403
0.0077842
0.0066726
0.0055697
0.0043726
0.0032229
0.0020031
0.0010793
-0.00012054
-0.0012044
-0.0020339
-0.0030062
-0.003501
-0.0036666
-0.0041233
-0.0046089
-0.005459
-0.0062255
-0.0067808
-0.0068826
-0.0073276
-0.0070127
-0.0071484
-0.0066196
-0.0065902
-0.0063111
-0.0064332
-0.0064372
-0.0061331
-0.0062709
-0.005557
-0.0050378
-0.0033829
-0.00082304
0.0024223
0.0054503
0.0093453
0.012244
0.014815
0.016257
0.016443
0.017128
0.016646
0.016225
0.015592
0.014851
0.01391
0.014158
0.014231
0.014546
0.014702
0.014657
0.01518
0.015018
0.015184
0.014778
0.014513
0.014184
0.013966
0.013684
0.013022
0.012232
0.011313
0.01061
0.0097012
0.009037
0.0078538
0.007245
0.0061888
0.0055329
0.0045585
0.0037726
0.0029979
0.0022981
0.0018153
0.00075723
0.00042697
-0.00017722
-0.00020022
-0.00021236
0.00024608
0.0003355
0.00041302
0.00074824
0.001521
0.0019958
0.0031462
0.0042762
0.0052885
0.0061318
0.0066538
0.006288
0.0052407
0.0037155
0.0022925
0.0012936
4.6758e-006
-0.0004443
0.0005705
0.00242
0.0047741
0.0071396
0.0094745
0.011789
0.013685
0.014899
0.015738
0.016539
0.016852
0.017473
0.01784
0.018303
0.018824
0.019158
0.019257
0.018916
0.019063
0.018973
0.018542
0.018183
0.017602
0.016881
0.016444
0.015577
0.014903
0.014094
0.01287
0.011731
0.010869
0.0095605
0.0082806
0.0065525
0.0047378
0.0032588
0.0019792
0.00074397
-0.0008615
-0.0027372
-0.0045782
-0.006338
-0.0076141
-0.0089039
-0.0096015
-0.010327
-0.010405
-0.0096385
-0.0078184
-0.0059563
-0.0040429
-0.0016991
-0.00042799
0.00023142
-0.0004063
-0.00090317
-0.0013376
-0.0023678
-0.0033308
-0.0036502
-0.0037078
-0.0033719
-0.002848
-0.0015611
-0.0006447
0.0011001
0.0024743
0.0035096
0.0048668
0.0056036
0.0069864
0.0081599
0.0093813
0.010778
0.011883
0.01265
0.013441
0.01443
0.01517
0.016105
0.016541
0.01691
0.017581
0.0178
0.018079
0.017953
0.018308
0.01849
0.018717
0.018528
0.018283
0.018031
0.017961
0.017696
0.017354
0.016493
0.016163
0.015608
0.015128
0.01473
0.014507
0.014317
0.013673
0.013198
0.011649
0.0088366
0.0058372
0.0033212
0.00055066
-0.0023901
-0.0048138
-0.0065934
-0.0070583
-0.0067786
-0.0057936
-0.004793
-0.0040345
-0.003143
-0.0021147
-0.0015274
-0.001158
-0.00073382
-0.00043681
-0.00079978
-0.00043411
0.00010284
0.00057999
0.0011544
0.0017071
0.0022407
0.0030385
0.0042687
0.0051086
0.0058093
0.006577
0.0075718
0.0082116
0.0092572
0.0094731
0.010096
0.010298
0.010807
0.011052
0.011389
0.011918
0.012131
0.012459
0.011964
0.011813
0.011039
0.010345
0.0095008
0.0088809
0.0078648
0.0073472
0.0064118
0.0056903
0.0054093
0.0062189
0.0069281
0.0078047
0.0090056
0.010221
0.011205
0.011718
0.010926
0.009126
0.0068609
0.0043047
0.0025477
0.00014604
-0.0019902
-0.0037644
-0.0048078
-0.0056135
-0.0063606
-0.0069957
-0.008031
-0.0081953
-0.0089145
-0.009319
-0.0092565
-0.009031
-0.0086765
-0.0088915
-0.0085847
-0.0081776
-0.007404
-0.0069219
-0.0061551
-0.0042978
-0.0036038
-0.002235
-0.00094744
0.00032307
0.0012505
0.0030343
0.0051299
0.0059992
0.0061212
0.0060956
0.0054482
0.0048802
0.0041031
0.0031015
0.0020462
0.0019913
0.0024411
0.0029656
0.0033984
0.0034142
0.0030944
0.0026143
0.0017561
0.00058509
-0.00060586
-0.0036188
-0.006228
-0.0089751
-0.011921
-0.014103
-0.015121
-0.017849
-0.021171
-0.023467
-0.022528
-0.022332
-0.020892
-0.020889
-0.021815
-0.023038
-0.024693
-0.026633
-0.028824
-0.030474
-0.033756
-0.037582
-0.041746
-0.045454
-0.049406
-0.052967
-0.055605
-0.058312
-0.06264
-0.064817
-0.068349
-0.071978
-0.07428
-0.073692
-0.0754
-0.077592
-0.07994
-0.080489
-0.084283
-0.088212
-0.091806
-0.095743
-0.099147
-0.10273
-0.1061
-0.10942
-0.11281
-0.11602
-0.11908
-0.122
-0.12532
-0.12809
-0.13023
-0.13202
-0.1333
-0.13395
-0.13455
-0.13465
-0.135
-0.13509
-0.13511
-0.13647
-0.13901
-0.14229
-0.14612
-0.15022
-0.15462
-0.15896
-0.16315
-0.16735
-0.17123
-0.17486
-0.17877
-0.18291
-0.18727
-0.19188
-0.19665
-0.20127
-0.20641
-0.2114
-0.2162
-0.22114
-0.22578
-0.23056
-0.23482
-0.23887
-0.24257
-0.24577
-0.2492
-0.2522
-0.25546
-0.25833
-0.26121
-0.26404
-0.26662
-0.26937
-0.27166
-0.27439
-0.2769
-0.27963
-0.2822
-0.28515
-0.28831
-0.29157
-0.29482
-0.29836
-0.30205
-0.30543
-0.30867
-0.31164
-0.31484
-0.31765
-0.32117
-0.3239
-0.32719
-0.33012
-0.33349
-0.33628
-0.33957
-0.34241
-0.34552
-0.34852
-0.35154
-0.35461
-0.35757
-0.36077
-0.36392
-0.36739
-0.37074
-0.3748
-0.3781
-0.38184
-0.38514
-0.38879
-0.39217
-0.39546
-0.39861
-0.40172
-0.40501
-0.40827
-0.41177
-0.41485
-0.41829
-0.42156
-0.42481
-0.42842
-0.43214
-0.43631
-0.44043
-0.44488
-0.44952
-0.45408
-0.45853
-0.46318
-0.46744
-0.47199
-0.4764
-0.48102
-0.48537
-0.4897
-0.49398
-0.49825
-0.50227
-0.50629
-0.5101
-0.513
-0.51522
-0.51637
-0.51766
-0.51906
-0.52014
-0.52166
-0.52347
-0.52636
-0.53031
-0.53476
-0.53942
-0.54387
-0.54825
-0.55258
-0.55616
-0.55929
-0.56247
-0.56525
-0.5677
-0.57054
-0.57359
-0.57656
-0.57968
-0.58324
-0.58658
-0.58997
-0.59356
-0.59684
-0.60021
-0.60354
-0.60675
-0.60981
-0.6123
-0.61571
-0.61937
-0.62195
-0.62484
-0.62809
-0.6313
-0.63413
-0.63747
-0.64097
-0.64495
-0.64803
-0.6518
-0.65585
-0.6593
-0.66229
-0.66497
-0.66829
-0.6717
-0.67499
-0.67757
-0.68087
-0.68459
-0.68871
-0.69244
-0.69613
-0.69961
-0.70381
-0.70798
-0.71213
-0.71632
-0.72001
-0.72365
-0.72757
-0.73167
-0.73522
-0.73882
-0.7423
-0.7459
-0.74982
-0.75388
-0.7585
-0.76267
-0.76687
-0.77063
-0.77457
-0.77847
-0.78251
-0.7859
-0.78849
-0.79097
-0.79369
-0.79662
-0.79952
-0.80272
-0.80561
-0.80884
-0.81161
-0.81458
-0.81701
-0.81976
-0.82212
-0.82461
-0.82687
-0.82919
-0.83196
-0.83471
-0.83796
-0.84124
-0.84487
-0.84823
-0.85181
-0.85572
-0.86004
-0.86424
-0.86878
-0.87317
-0.87735
-0.88161
-0.88539
-0.88803
-0.89037
-0.89237
-0.8947
-0.89783
-0.90073
-0.90436
-0.90905
-0.91478
-0.92057
-0.92582
-0.93076
-0.93564
-0.94012
-0.94454
-0.94866
-0.95281
-0.95681
-0.96091
-0.96488
-0.9687
-0.97222
-0.97548
-0.97829
-0.98048
-0.98265
-0.98511
-0.98747
-0.99033
-0.99307
-0.99636
-0.99971
-1.0031
-1.0066
-1.0096
-1.0125
-1.015
-1.0176
-1.0197
-1.022
-1.0239
-1.0263
-1.0294
-1.033
-1.0367
-1.0404
-1.0442
-1.0473
-1.0503
-1.0531
-1.056
-1.0588
-1.0615
-1.0642
-1.0671
-1.0705
-1.0745
-1.079
-1.0832
-1.0875
-1.0914
-1.0949
-1.0984
-1.1017
-1.1049
-1.1082
-1.1119
-1.1157
-1.12
-1.1244
-1.1298
-1.1347
-1.1395
-1.1439
-1.1479
-1.1519
-1.1555
-1.1596
-1.1635
-1.168
-1.1726
-1.1773
-1.1818
-1.1863
-1.1904
-1.1943
-1.1981
-1.2015
-1.2049
-1.2082
-1.2116
-1.2149
-1.2183
-1.2221
-1.2259
-1.2296
-1.2333
-1.2367
-1.2398
-1.243
-1.2457
-1.2488
-1.2519
-1.2556
-1.2592
-1.2629
-1.2664
-1.2702
-1.2739
-1.2774
-1.2807
-1.2831
-1.2844
-1.2855
-1.2869
-1.2882
-1.2896
-1.291
-1.2932
-1.2968
-1.3012
-1.3058
-1.3106
-1.3153
-1.3199
-1.3253
-1.3303
-1.3351
-1.3394
-1.3436
-1.3473
-1.3516
-1.3556
-1.3596
-1.3635
-1.3673
-1.3716
-1.3759
-1.3804
-1.3843
-1.3882
-1.3923
-1.3962
-1.3997
-1.4035
-1.4068
-1.4106
-1.4142
-1.4179
-1.4215
-1.425
-1.4288
-1.4321
-1.4354
-1.4382
-1.4414
-1.4446
-1.448
-1.4524
-1.4555
-1.4589
-1.4625
-1.4657
-1.4684
-1.4714
-1.4746
-1.4774
-1.4805
-1.4837
-1.4877
-1.4885
-1.4898
-1.4927
-1.496
-1.499
-1.5021
-1.5053
-1.5087
-1.5123
-1.5148
-1.515
-1.5181
-1.5215
-1.5247
-1.528
-1.5318
-1.5353
-1.5388
-1.5429
-1.5471
-1.5512
-1.5518
-1.5536
-1.5574
-1.5616
-1.5656
-1.5698
-1.575
-1.5791
-1.5852
-1.5946
-1.5988
-1.603
-1.6075
-1.6126
-1.6161
-1.6194
-1.6226
-1.6249
-1.6274
-1.6336
-1.6354
-1.6327
-1.6359
-1.6394
-1.6428
-1.646
-1.6491
-1.6518
-1.6548
-1.6617
-1.6651
-1.662
-1.6575
-1.6581
-1.6586
-1.6591
-1.6602
-1.6631
-1.6644
-1.6685
-1.6729
-1.6753
-1.6708
-1.6749
-1.6789
-1.6821
-1.6853
-1.6881
-1.6909
-1.6973
-1.7041
-1.7031
-1.6947
-1.6909
-1.6913
-1.6916
-1.6925
-1.6946
-1.6965
-1.7017
-1.7062
-1.7067
-1.6966
-1.6925
-1.6974
-1.6996
-1.7018
-1.7038
-1.7074
-1.7117
-1.7134
-1.7122
-1.7046
-1.6984
-1.6983
-1.6984
-1.6987
-1.6994
-1.7
-1.7054
-1.7085
-1.7074
-1.7019
-1.6959
-1.6965
-1.6975
-1.6983
-1.6995
-1.7007
-1.7076
-1.7112
-1.7103
-1.7032
-1.6957
-1.6963
-1.6968
-1.6976
-1.6984
-1.6989
-1.7018
-1.7055
-1.7014
-1.6883
-1.6784
-1.6776
-1.677
-1.6768
-1.6765
-1.6762
-1.6773
-1.679
-1.6717
-1.6584
-1.652
-1.6514
-1.6511
-1.6517
-1.6527
-1.654
-1.6612
-1.6673
-1.6642
-1.6564
-1.6528
-1.6537
-1.655
-1.6566
-1.6589
-1.6604
-1.6683
-1.6714
-1.6658
-1.6585
-1.6516
-1.6516
-1.652
-1.6528
-1.653
-1.6566
-1.6619
-1.6618
-1.6555
-1.6468
-1.6415
-1.6416
-1.6418
-1.6424
-1.6427
-1.6483
-1.6507
-1.6512
-1.6413
-1.629
-1.6274
-1.6274
-1.6276
-1.628
-1.6284
-1.632
-1.6375
-1.6332
-1.6203
-1.6115
-1.6098
-1.6096
-1.6105
-1.6115
-1.6124
-1.6195
-1.6232
-1.6181
-1.6094
-1.5991
-1.5995
-1.6006
-1.6024
-1.6037
-1.6074
-1.6127
-1.6125
-1.6076
-1.5939
-1.5871
-1.5867
-1.5871
-1.5882
-1.589
-1.5945
-1.5982
-1.598
-1.586
-1.5735
-1.5687
-1.5689
-1.5699
-1.5712
-1.5723
-1.5777
-1.5821
-1.5762
-1.5655
-1.5534
-1.5531
-1.553
-1.5536
-1.5542
-1.5571
-1.5631
-1.5624
-1.5574
-1.5438
-1.5372
-1.5375
-1.5382
-1.5395
-1.5406
-1.5453
-1.5503
-1.5469
-1.5313
-1.5188
-1.513
-1.5126
-1.5131
-1.5138
-1.5143
-1.5205
-1.5196
-1.5135
-1.5055
-1.493
-1.4927
-1.4941
-1.4955
-1.4961
-1.4997
-1.5031
-1.5056
-1.4972
-1.4811
-1.473
-1.4735
-1.474
-1.4754
-1.4767
-1.4826
-1.4909
-1.4862
-1.4775
-1.4714
-1.4707
-1.4711
-1.4723
-1.4733
-1.4741
-1.482
-1.4816
-1.4775
-1.4642
-1.4563
-1.4563
-1.457
-1.4576
-1.4578
-1.4623
-1.4683
-1.464
-1.4486
-1.4372
-1.4298
-1.4291
-1.4292
-1.4295
-1.4296
-1.4383
-1.4394
-1.4354
-1.4253
-1.4108
-1.4113
-1.4121
-1.4134
-1.4144
-1.417
-1.4237
-1.4241
-1.4117
-1.3972
-1.3906
-1.3912
-1.3928
-1.3949
-1.3962
-1.4045
-1.4099
-1.4051
-1.3974
-1.3806
-1.3809
-1.3817
-1.3831
-1.3839
-1.3861
-1.3899
-1.3912
-1.3801
-1.3614
-1.3542
-1.3541
-1.355
-1.3559
-1.356
-1.3597
-1.3624
-1.3555
-1.3476
-1.3326
-1.3309
-1.3308
-1.3317
-1.3327
-1.3337
-1.3379
-1.3396
-1.3302
-1.3085
-1.3
-1.2997
-1.3002
-1.3013
-1.3019
-1.3057
-1.3113
-1.3064
-1.299
-1.2855
-1.2847
-1.2858
-1.2874
-1.2884
-1.2889
-1.2933
-1.2962
-1.289
-1.273
-1.2676
-1.268
-1.2697
-1.2716
-1.2729
-1.2787
-1.2829
-1.2761
-1.2683
-1.2542
-1.2507
-1.2507
-1.2518
-1.2531
-1.2542
-1.2582
-1.2596
-1.2521
-1.2353
-1.2268
-1.2262
-1.2259
-1.2262
-1.2262
-1.2318
-1.238
-1.2321
-1.2245
-1.2131
-1.2116
-1.2124
-1.2134
-1.2141
-1.214
-1.2166
-1.2179
-1.2095
-1.1928
-1.1849
-1.1852
-1.1866
-1.1881
-1.1889
-1.1941
-1.1979
-1.1904
-1.1824
-1.1653
-1.1622
-1.1627
-1.1641
-1.1654
-1.1665
-1.1703
-1.1727
-1.1621
-1.1437
-1.1331
-1.1328
-1.1334
-1.1346
-1.1352
-1.1424
-1.1455
-1.1401
-1.1331
-1.1148
-1.115
-1.1156
-1.1168
-1.1178
-1.1184
-1.1237
-1.1244
-1.1115
-1.0977
-1.0856
-1.0856
-1.0864
-1.0875
-1.0875
-1.0956
-1.0968
-1.0935
-1.0855
-1.0648
-1.0644
-1.0649
-1.066
-1.0663
-1.0662
-1.0683
-1.0622
-1.0458
-1.0339
-1.0207
-1.0206
-1.0218
-1.0232
-1.0237
-1.0291
-1.0288
-1.0245
-1.0102
-0.99384
-0.99422
-0.99504
-0.99675
-0.99807
-0.9994
-1.0078
-1.0055
-0.99601
-0.99046
-0.97932
-0.97973
-0.9813
-0.98296
-0.98396
-0.99077
-0.99111
-0.98538
-0.96789
-0.95609
-0.95495
-0.9557
-0.957
-0.95831
-0.95988
-0.96498
-0.95654
-0.94556
-0.9347
-0.92429
-0.92694
-0.93012
-0.93117
-0.9317
-0.93712
-0.93734
-0.92982
-0.91301
-0.90367
-0.90411
-0.90781
-0.90886
-0.90963
-0.91399
-0.91769
-0.91095
-0.90414
-0.88674
-0.88336
-0.88372
-0.88486
-0.88888
-0.8914
-0.89476
-0.896
-0.88218
-0.86692
-0.8547
-0.85466
-0.85434
-0.85085
-0.85175
-0.85989
-0.86128
-0.85902
-0.84969
-0.82952
-0.8278
-0.82843
-0.82953
-0.82657
-0.82734
-0.8382
-0.83691
-0.82379
-0.81609
-0.80231
-0.80242
-0.8038
-0.80476
-0.80097
-0.80736
-0.81227
-0.81453
-0.80088
-0.78666
-0.78701
-0.7878
-0.78908
-0.78974
-0.78685
-0.7903
-0.78386
-0.78404
-0.77531
-0.76481
-0.76515
-0.76633
-0.76716
-0.76742
-0.76583
-0.76147
-0.75461
-0.74419
-0.73937
-0.73921
-0.74015
-0.74094
-0.7413
-0.74304
-0.73906
-0.72684
-0.71904
-0.71127
-0.71346
-0.71402
-0.71533
-0.71624
-0.71637
-0.72239
-0.7206
-0.70718
-0.69373
-0.69026
-0.69666
-0.69815
-0.69956
-0.70031
-0.70819
-0.70855
-0.69813
-0.68554
-0.66796
-0.67342
-0.68172
-0.68341
-0.68463
-0.68508
-0.69002
-0.68614
-0.66718
-0.65607
-0.64297
-0.65103
-0.66083
-0.66222
-0.66278
-0.66959
-0.66991
-0.66487
-0.64632
-0.63017
-0.63267
-0.64647
-0.6575
-0.65869
-0.66004
-0.66655
-0.65942
-0.64867
-0.63391
-0.62363
-0.63063
-0.64409
-0.65109
-0.65144
-0.65606
-0.65601
-0.64499
-0.62746
-0.61188
-0.60691
-0.61176
-0.62195
-0.62745
-0.63438
-0.63837
-0.63401
-0.62422
-0.60442
-0.59477
-0.59341
-0.60121
-0.61028
-0.61798
-0.62241
-0.62183
-0.60694
-0.59421
-0.57659
-0.57124
-0.57285
-0.58036
-0.59012
-0.60212
-0.60333
-0.59947
-0.58506
-0.56833
-0.55996
-0.55805
-0.5589
-0.5698
-0.58269
-0.5914
-0.58527
-0.57417
-0.56365
-0.55167
-0.5485
-0.5443
-0.54971
-0.56315
-0.57347
-0.5751
-0.5663
-0.54619
-0.53447
-0.53349
-0.52786
-0.52588
-0.53247
-0.54536
-0.55923
-0.55156
-0.54118
-0.52064
-0.51684
-0.51424
-0.51039
-0.51183
-0.51719
-0.53484
-0.54202
-0.52854
-0.51505
-0.50316
-0.50253
-0.49811
-0.49598
-0.49691
-0.5174
-0.53091
-0.53184
-0.52045
-0.50139
-0.49864
-0.49889
-0.49547
-0.49278
-0.49972
-0.51607
-0.52273
-0.51408
-0.50576
-0.49285
-0.49254
-0.49061
-0.48582
-0.48703
-0.49762
-0.5129
-0.51243
-0.49667
-0.48801
-0.48523
-0.48559
-0.48235
-0.47849
-0.48589
-0.50479
-0.51056
-0.50885
-0.49163
-0.48423
-0.48393
-0.48475
-0.4797
-0.48116
-0.49179
-0.50176
-0.50042
-0.48729
-0.47419
-0.47346
-0.47419
-0.47208
-0.47019
-0.47454
-0.48356
-0.49662
-0.49318
-0.47492
-0.47151
-0.47145
-0.47233
-0.46869
-0.46152
-0.47183
-0.47552
-0.4747
-0.46815
-0.45294
-0.45239
-0.45296
-0.45387
-0.44666
-0.45342
-0.45803
-0.46206
-0.45016
-0.44075
-0.4372
-0.43728
-0.438
-0.43438
-0.43364
-0.44383
-0.45346
-0.45518
-0.44212
-0.43641
-0.43631
-0.43682
-0.43757
-0.42892
-0.43034
-0.43289
-0.42777
-0.43035
-0.41701
-0.41685
-0.41724
-0.4178
-0.41631
-0.41523
-0.41393
-0.42232
-0.42352
-0.41595
-0.41435
-0.41452
-0.41467
-0.41552
-0.40891
-0.4095
-0.40764
-0.40628
-0.41299
-0.4001
-0.40025
-0.40052
-0.40099
-0.3993
-0.39984
-0.40252
-0.4038
-0.40566
-0.40469
-0.40492
-0.40505
-0.40536
-0.40567
-0.40785
-0.40904
-0.41154
-0.41082
-0.40678
-0.40474
-0.40515
-0.40555
-0.406
-0.40588
-0.40544
-0.4003
-0.39485
-0.40606
-0.39893
-0.39909
-0.39967
-0.39981
-0.40005
-0.40323
-0.39708
-0.39697
-0.38832
-0.39096
-0.38998
-0.39042
-0.39065
-0.39078
-0.39165
-0.39385
-0.38525
-0.38548
-0.38815
-0.38257
-0.38353
-0.38408
-0.38423
-0.38445
-0.38403
-0.38215
-0.37603
-0.3672
-0.37154
-0.37456
-0.37553
-0.37575
-0.37598
-0.38197
-0.38086
-0.37576
-0.37312
-0.37007
-0.37479
-0.37592
-0.37653
-0.37657
-0.37633
-0.37562
-0.36831
-0.36616
-0.36607
-0.36017
-0.36245
-0.36331
-0.36351
-0.36314
-0.36961
-0.36733
-0.35816
-0.34714
-0.35309
-0.35814
-0.35925
-0.35973
-0.3596
-0.35984
-0.35845
-0.34604
-0.34489
-0.33338
-0.34304
-0.34681
-0.34764
-0.34776
-0.34741
-0.34933
-0.3463
-0.32831
-0.32631
-0.33373
-0.3445
-0.34584
-0.34632
-0.34611
-0.35285
-0.34587
-0.34008
-0.33228
-0.32624
-0.34239
-0.34325
-0.344
-0.34394
-0.34383
-0.34903
-0.33715
-0.32786
-0.32907
-0.32831
-0.34143
-0.34286
-0.34325
-0.34257
-0.34918
-0.3442
-0.33357
-0.31959
-0.32063
-0.34142
-0.34292
-0.34369
-0.34355
-0.34755
-0.34947
-0.34166
-0.34103
-0.33697
-0.34371
-0.35774
-0.35902
-0.35904
-0.35824
-0.36324
-0.35753
-0.344
-0.33864
-0.33762
-0.35465
-0.35575
-0.35645
-0.35616
-0.36208
-0.36168
-0.34905
-0.33218
-0.32966
-0.33216
-0.34452
-0.34561
-0.34543
-0.34594
-0.34982
-0.33386
-0.3281
-0.31778
-0.32341
-0.33634
-0.33864
-0.33909
-0.3384
-0.34294
-0.34447
-0.32512
-0.31808
-0.31822
-0.32893
-0.33974
-0.34063
-0.3403
-0.34868
-0.34952
-0.34157
-0.33162
-0.32048
-0.33336
-0.3431
-0.3443
-0.34468
-0.34382
-0.34901
-0.33884
-0.32391
-0.31975
-0.31034
-0.32822
-0.33271
-0.33342
-0.33308
-0.33847
-0.34029
-0.32703
-0.30666
-0.30935
-0.32334
-0.33656
-0.33792
-0.33784
-0.34043
-0.3433
-0.33085
-0.32162
-0.30671
-0.31193
-0.3327
-0.33553
-0.33616
-0.33561
-0.34023
-0.33793
-0.31643
-0.30686
-0.30475
-0.31297
-0.32829
-0.32945
-0.32924
-0.33571
-0.33475
-0.3238
-0.30961
-0.29741
-0.3075
-0.32283
-0.32397
-0.3245
-0.32396
-0.32851
-0.31921
-0.30625
-0.30267
-0.30085
-0.31155
-0.32338
-0.32426
-0.32353
-0.32662
-0.32846
-0.31536
-0.29945
-0.29879
-0.31763
-0.32769
-0.32903
-0.32899
-0.33377
-0.33642
-0.33003
-0.31972
-0.31124
-0.31365
-0.33267
-0.33739
-0.33787
-0.33742
-0.34143
-0.33555
-0.31864
-0.30605
-0.29842
-0.31358
-0.32606
-0.32717
-0.32687
-0.33195
-0.32919
-0.31554
-0.29705
-0.29194
-0.30007
-0.32083
-0.32309
-0.32338
-0.32368
-0.32827
-0.32022
-0.30949
-0.297
-0.29846
-0.30795
-0.32424
-0.32532
-0.32462
-0.32887
-0.33195
-0.31247
-0.29811
-0.29074
-0.30658
-0.32025
-0.32309
-0.32335
-0.33116
-0.33024
-0.32473
-0.30694
-0.293
-0.29655
-0.31008
-0.31908
-0.31978
-0.31946
-0.32443
-0.31784
-0.3023
-0.29311
-0.28393
-0.30158
-0.31203
-0.31339
-0.31325
-0.31826
-0.32076
-0.30842
-0.28779
-0.28408
-0.28974
-0.31053
-0.31485
-0.31526
-0.31526
-0.31984
-0.31087
-0.30064
-0.28559
-0.28642
-0.29959
-0.31495
-0.31609
-0.31573
-0.3187
-0.32025
-0.299
-0.28314
-0.27631
-0.29046
-0.30805
-0.31233
-0.31273
-0.3181
-0.31976
-0.31937
-0.3036
-0.29128
-0.2973
-0.30826
-0.32112
-0.32176
-0.32115
-0.32711
-0.32325
-0.30996
-0.30297
-0.29423
-0.31437
-0.32662
-0.32849
-0.32834
-0.33364
-0.3343
-0.32638
-0.30506
-0.30251
-0.31022
-0.33089
-0.33525
-0.33571
-0.33531
-0.34011
-0.33157
-0.32051
-0.30552
-0.306
-0.31966
-0.33198
-0.33316
-0.333
-0.33651
-0.33915
-0.31646
-0.29739
-0.2928
-0.30452
-0.32429
-0.32761
-0.32793
-0.33247
-0.33331
-0.32948
-0.31347
-0.29875
-0.30089
-0.31008
-0.32355
-0.32448
-0.32382
-0.32902
-0.32604
-0.30791
-0.29671
-0.28797
-0.30423
-0.31374
-0.31687
-0.31695
-0.3215
-0.32027
-0.31183
-0.29165
-0.28498
-0.28862
-0.30685
-0.31461
-0.31514
-0.31465
-0.31807
-0.30764
-0.29501
-0.28125
-0.28386
-0.29784
-0.31181
-0.31295
-0.31235
-0.31813
-0.32128
-0.30641
-0.29036
-0.28795
-0.30023
-0.31981
-0.324
-0.32418
-0.32781
-0.32986
-0.32392
-0.31014
-0.29803
-0.30221
-0.31147
-0.32786
-0.32874
-0.32821
-0.32982
-0.33141
-0.31014
-0.29777
-0.29302
-0.3132
-0.3241
-0.32847
-0.32849
-0.33519
-0.33573
-0.32921
-0.31079
-0.30095
-0.31047
-0.33141
-0.33854
-0.33891
-0.3382
-0.34212
-0.33696
-0.32507
-0.31722
-0.31863
-0.3317
-0.34643
-0.34745
-0.34673
-0.35057
-0.35107
-0.33814
-0.31935
-0.31257
-0.3254
-0.34138
-0.34423
-0.34428
-0.34702
-0.3527
-0.34707
-0.33463
-0.32669
-0.32845
-0.33988
-0.35419
-0.35475
-0.35446
-0.35744
-0.35961
-0.34209
-0.32495
-0.32664
-0.34384
-0.35329
-0.35457
-0.35452
-0.35888
-0.35929
-0.3477
-0.33185
-0.31536
-0.31989
-0.3391
-0.34347
-0.34393
-0.34356
-0.34612
-0.34621
-0.3303
-0.32197
-0.32216
-0.33292
-0.34981
-0.35095
-0.3506
-0.35524
-0.35421
-0.34327
-0.32833
-0.31688
-0.33064
-0.34342
-0.34734
-0.34762
-0.34707
-0.3516
-0.34369
-0.32626
-0.31968
-0.31579
-0.32963
-0.34253
-0.34306
-0.34229
-0.34706
-0.34856
-0.33821
-0.32001
-0.3224
-0.33568
-0.34551
-0.34667
-0.34628
-0.34797
-0.35121
-0.3365
-0.32483
-0.30992
-0.31266
-0.33342
-0.33847
-0.33858
-0.33813
-0.34179
-0.34481
-0.32525
-0.31232
-0.30918
-0.31749
-0.3368
-0.33784
-0.33749
-0.34221
-0.34184
-0.33132
-0.31765
-0.30632
-0.32109
-0.33239
-0.33686
-0.3371
-0.33643
-0.34147
-0.33991
-0.32329
-0.31966
-0.31262
-0.33148
-0.33965
-0.34019
-0.33959
-0.34458
-0.34658
-0.34242
-0.32821
-0.33123
-0.33803
-0.3498
-0.3509
-0.35071
-0.35025
-0.35706
-0.34346
-0.3333
-0.32205
-0.32337
-0.33715
-0.34098
-0.34127
-0.34077
-0.34431
-0.34705
-0.32963
-0.31901
-0.31751
-0.32499
-0.34111
-0.34168
-0.34134
-0.34517
-0.34476
-0.33399
-0.32082
-0.30901
-0.3197
-0.3272
-0.32834
-0.32841
-0.32766
-0.33232
-0.32806
-0.31287
-0.3047
-0.29601
-0.31642
-0.32283
-0.32329
-0.32291
-0.32454
-0.32361
-0.31347
-0.30115
-0.29656
-0.29894
-0.31512
-0.31599
-0.31581
-0.31546
-0.32077
-0.30724
-0.29302
-0.28192
-0.28739
-0.29978
-0.30436
-0.30465
-0.30418
-0.30917
-0.31039
-0.29578
-0.289
-0.28654
-0.29661
-0.30869
-0.30915
-0.30877
-0.31189
-0.31464
-0.30402
-0.2927
-0.2887
-0.29605
-0.30799
-0.30916
-0.30902
-0.3086
-0.3137
-0.30559
-0.29048
-0.28189
-0.27773
-0.29716
-0.30219
-0.30279
-0.30246
-0.30832
-0.31048
-0.30168
-0.2958
-0.29243
-0.29675
-0.31419
-0.31498
-0.31487
-0.31448
-0.3215
-0.30974
-0.299
-0.30239
-0.30455
-0.31634
-0.31901
-0.31917
-0.31882
-0.32502
-0.32554
-0.31363
-0.2991
-0.29807
-0.31045
-0.31612
-0.31667
-0.3164
-0.31635
-0.32116
-0.30924
-0.30218
-0.29817
-0.29772
-0.31405
-0.31499
-0.31485
-0.31453
-0.32088
-0.31512
-0.30159
-0.29024
-0.28941
-0.30471
-0.30976
-0.3101
-0.30968
-0.31721
-0.31726
-0.31031
-0.30475
-0.2947
-0.29717
-0.3088
-0.3094
-0.30924
-0.309
-0.31607
-0.30457
-0.29227
-0.29227
-0.29114
-0.30154
-0.30327
-0.30341
-0.30311
-0.30787
-0.30745
-0.29594
-0.28046
-0.28165
-0.29546
-0.30235
-0.30276
-0.30261
-0.30251
-0.30708
-0.29553
-0.29539
-0.28584
-0.28645
-0.30648
-0.30716
-0.30709
-0.30645
-0.31289
-0.30971
-0.29861
-0.28956
-0.29282
-0.30391
-0.30732
-0.30722
-0.30687
-0.31382
-0.31324
-0.30529
-0.30192
-0.29136
-0.30122
-0.31375
-0.31402
-0.31388
-0.31367
-0.32083
-0.30932
-0.29613
-0.30108
-0.295
-0.30768
-0.30879
-0.30879
-0.30847
-0.31534
-0.31001
-0.30336
-0.29022
-0.29163
-0.30864
-0.31646
-0.31677
-0.3167
-0.31635
-0.32362
-0.31394
-0.31745
-0.31276
-0.31235
-0.33261
-0.3333
-0.3333
-0.33239
-0.33453
-0.3301
-0.31743
-0.30763
-0.31196
-0.31927
-0.32358
-0.32358
-0.3229
-0.32763
-0.33002
-0.3208
-0.32225
-0.30869
-0.31608
-0.32982
-0.33011
-0.32993
-0.32924
-0.33687
-0.33091
-0.31705
-0.32178
-0.32059
-0.33133
-0.33229
-0.33229
-0.33169
-0.33675
-0.33191
-0.32748
-0.31229
-0.30895
-0.32132
-0.32706
-0.32737
-0.32717
-0.32696
-0.33837
-0.32658
-0.32317
-0.32081
-0.31476
-0.33333
-0.33405
-0.33405
-0.33374
-0.33426
-0.32804
-0.31475
-0.30009
-0.3082
-0.3187
-0.32235
-0.3226
-0.32232
-0.32636
-0.32979
-0.31883
-0.32142
-0.30956
-0.31931
-0.33314
-0.33371
-0.3336
-0.33283
-0.33964
-0.3353
-0.31882
-0.32529
-0.32675
-0.33529
-0.33632
-0.33621
-0.33552
-0.34336
-0.33815
-0.33506
-0.32477
-0.31952
-0.33699
-0.3442
-0.34452
-0.34402
-0.3433
-0.35
-0.33412
-0.3288
-0.3282
-0.32875
-0.3454
-0.34599
-0.34579
-0.34484
-0.34724
-0.34411
-0.33615
-0.32475
-0.33262
-0.34543
-0.35014
-0.35046
-0.35004
-0.35608
-0.35793
-0.35027
-0.35261
-0.33942
-0.34522
-0.35747
-0.35819
-0.35809
-0.35725
-0.36564
-0.35534
-0.33884
-0.34121
-0.34099
-0.34715
-0.34835
-0.34835
-0.34805
-0.35349
-0.35269
-0.34513
-0.33175
-0.33131
-0.34615
-0.35112
-0.3513
-0.35116
-0.35178
-0.35577
-0.3429
-0.33883
-0.33733
-0.33959
-0.35402
-0.35491
-0.35491
-0.35418
-0.35581
-0.35003
-0.33412
-0.32127
-0.31988
-0.33543
-0.33626
-0.33657
-0.33625
-0.34414
-0.34629
-0.33997
-0.33183
-0.32522
-0.32821
-0.34262
-0.34337
-0.34337
-0.34235
-0.34986
-0.33872
-0.32736
-0.32395
-0.3307
-0.34243
-0.34465
-0.34491
-0.34449
-0.34358
-0.34147
-0.32666
-0.31383
-0.31346
-0.32647
-0.3356
-0.33626
-0.33613
-0.33779
-0.3414
-0.33607
-0.32893
-0.32133
-0.32419
-0.33338
-0.33457
-0.33456
-0.33382
-0.3398
-0.33598
-0.3217
-0.31862
-0.31445
-0.33446
-0.33879
-0.33906
-0.33871
-0.34483
-0.34705
-0.34444
-0.32822
-0.32906
-0.33438
-0.34952
-0.35048
-0.35021
-0.34918
-0.3568
-0.34678
-0.34129
-0.33284
-0.3401
-0.35764
-0.36201
-0.3624
-0.36116
-0.3661
-0.37081
-0.35754
-0.35103
-0.35183
-0.36327
-0.37491
-0.37601
-0.37519
-0.37663
-0.38072
-0.37152
-0.35914
-0.34971
-0.35651
-0.36737
-0.37159
-0.37191
-0.37115
-0.38076
-0.37611
-0.35792
-0.35487
-0.34815
-0.3676
-0.37682
-0.37747
-0.37702
-0.38104
-0.38428
-0.37068
-0.35214
-0.35836
-0.36465
-0.3776
-0.37882
-0.37867
-0.37847
-0.38469
-0.37593
-0.36633
-0.35159
-0.3531
-0.37249
-0.3782
-0.3788
-0.37833
-0.38436
-0.3875
-0.36521
-0.35656
-0.35331
-0.36521
-0.38157
-0.38282
-0.38262
-0.38703
-0.38861
-0.378
-0.36203
-0.35153
-0.35754
-0.37119
-0.37851
-0.37889
-0.37814
-0.38489
-0.3817
-0.36755
-0.3586
-0.35938
-0.37412
-0.38772
-0.38867
-0.38775
-0.39479
-0.40243
-0.38594
-0.37172
-0.37433
-0.39132
-0.40292
-0.40867
-0.40862
-0.40963
-0.41021
-0.40099
-0.3923
-0.3789
-0.37669
-0.3989
-0.40675
-0.40732
-0.40715
-0.41522
-0.4109
-0.39452
-0.3814
-0.37899
-0.393
-0.40925
-0.41041
-0.41014
-0.41484
-0.42053
-0.40812
-0.39297
-0.38893
-0.399
-0.4185
-0.42696
-0.42741
-0.42743
-0.43053
-0.42659
-0.41451
-0.40492
-0.40831
-0.42418
-0.43937
-0.44029
-0.43897
-0.44635
-0.44921
-0.42704
-0.41282
-0.40869
-0.42449
-0.43356
-0.44063
-0.43963
-0.44514
-0.44523
-0.43738
-0.41805
-0.41194
-0.41568
-0.43453
-0.44389
-0.44357
-0.44298
-0.44877
-0.44298
-0.42903
-0.40993
-0.41101
-0.42273
-0.4379
-0.43852
-0.43818
-0.4425
-0.44382
-0.42139
-0.40571
-0.39298
-0.40484
-0.42076
-0.42876
-0.42822
-0.43123
-0.42949
-0.42091
-0.39391
-0.38289
-0.38113
-0.38898
-0.40733
-0.40786
-0.40813
-0.41327
-0.40652
-0.38661
-0.36896
-0.36568
-0.38543
-0.39583
-0.40189
-0.4016
-0.40654
-0.41141
-0.40018
-0.38203
-0.38052
-0.38899
-0.40953
-0.42213
-0.42207
-0.42408
-0.42707
-0.42392
-0.41028
-0.39297
-0.39845
-0.4133
-0.42994
-0.43069
-0.42944
-0.4375
-0.4401
-0.41612
-0.40392
-0.39187
-0.40558
-0.42351
-0.43441
-0.43354
-0.43874
-0.4416
-0.43619
-0.41268
-0.40959
-0.41067
-0.42204
-0.44085
-0.44093
-0.44111
-0.44455
-0.43898
-0.42315
-0.39782
-0.39491
-0.41558
-0.42473
-0.43023
-0.42976
-0.43257
-0.43322
-0.41862
-0.39996
-0.39249
-0.39758
-0.41899
-0.42944
-0.42976
-0.43352
-0.43585
-0.43308
-0.41315
-0.39649
-0.39714
-0.41289
-0.42886
-0.42992
-0.42914
-0.43718
-0.43203
-0.4155
-0.40045
-0.39052
-0.40195
-0.41921
-0.4268
-0.4263
-0.43075
-0.43531
-0.42426
-0.39951
-0.39449
-0.40391
-0.41201
-0.4328
-0.4329
-0.43538
-0.43823
-0.4289
-0.41452
-0.3973
-0.39312
-0.41116
-0.42186
-0.42649
-0.42596
-0.43128
-0.42446
-0.41028
-0.38831
-0.37296
-0.3765
-0.39345
-0.40386
-0.40406
-0.4063
-0.406
-0.39305
-0.37032
-0.35861
-0.36149
-0.37822
-0.39188
-0.39311
-0.39354
-0.39733
-0.39059
-0.38062
-0.36303
-0.35644
-0.36479
-0.38573
-0.39505
-0.39542
-0.40134
-0.40496
-0.39115
-0.37232
-0.36136
-0.37337
-0.38453
-0.40198
-0.40282
-0.40776
-0.41013
-0.40827
-0.39227
-0.37948
-0.37243
-0.38839
-0.40167
-0.40915
-0.40895
-0.41833
-0.41536
-0.40508
-0.37928
-0.36899
-0.37606
-0.39133
-0.40587
-0.40568
-0.413
-0.41991
-0.40956
-0.38987
-0.3794
-0.38631
-0.40648
-0.41823
-0.41901
-0.4194
-0.42111
-0.41218
-0.39893
-0.37734
-0.37062
-0.37727
-0.39724
-0.40305
-0.40313
-0.40866
-0.40758
-0.39322
-0.37172
-0.3568
-0.37068
-0.37993
-0.39801
-0.39911
-0.40312
-0.40422
-0.40334
-0.38257
-0.36928
-0.3618
-0.3767
-0.39366
-0.39784
-0.39804
-0.40721
-0.40475
-0.3942
-0.37721
-0.37192
-0.38
-0.39448
-0.40486
-0.40527
-0.41241
-0.41526
-0.41032
-0.39046
-0.37878
-0.38376
-0.40057
-0.41077
-0.41199
-0.41157
-0.4157
-0.40694
-0.39344
-0.37454
-0.36671
-0.37481
-0.39777
-0.40565
-0.4056
-0.41032
-0.4114
-0.39501
-0.369
-0.35635
-0.36911
-0.37663
-0.39362
-0.39394
-0.3996
-0.40074
-0.39855
-0.38098
-0.36344
-0.36154
-0.38175
-0.39212
-0.39657
-0.39652
-0.40287
-0.39847
-0.38805
-0.37306
-0.36597
-0.36916
-0.38667
-0.39715
-0.39761
-0.40452
-0.40852
-0.40171
-0.38142
-0.37225
-0.37972
-0.3953
-0.4106
-0.41188
-0.41116
-0.41877
-0.41304
-0.40208
-0.38473
-0.37686
-0.38998
-0.40689
-0.41412
-0.41408
-0.41945
-0.42231
-0.4121
-0.39328
-0.38777
-0.39756
-0.40962
-0.42403
-0.42469
-0.42844
-0.43203
-0.42874
-0.41968
-0.40358
-0.40148
-0.42028
-0.42933
-0.43288
-0.43272
-0.44043
-0.43552
-0.42538
-0.40727
-0.38867
-0.39438
-0.41648
-0.4282
-0.42817
-0.43181
-0.43341
-0.4242
-0.39816
-0.38519
-0.39217
-0.40159
-0.41811
-0.41913
-0.41861
-0.42313
-0.41781
-0.40754
-0.38829
-0.37656
-0.39303
-0.40612
-0.41413
-0.41426
-0.42179
-0.42646
-0.41392
-0.39599
-0.38786
-0.39342
-0.40735
-0.41758
-0.41844
-0.42488
-0.4251
-0.42016
-0.40385
-0.38243
-0.38409
-0.39764
-0.40879
-0.41077
-0.41038
-0.41833
-0.41599
-0.40027
-0.38479
-0.37452
-0.38525
-0.40127
-0.41168
-0.41197
-0.41632
-0.41911
-0.41021
-0.38267
-0.37634
-0.38426
-0.39661
-0.41429
-0.41479
-0.41502
-0.41929
-0.4081
-0.39478
-0.37171
-0.36734
-0.38386
-0.39342
-0.40261
-0.40222
-0.40997
-0.41295
-0.39771
-0.37948
-0.37042
-0.38018
-0.39973
-0.41196
-0.41229
-0.41716
-0.42106
-0.41789
-0.40518
-0.38631
-0.39583
-0.40609
-0.42327
-0.42456
-0.42364
-0.43367
-0.4328
-0.41527
-0.40567
-0.39295
-0.40649
-0.41984
-0.42899
-0.42897
-0.43706
-0.43847
-0.43543
-0.41169
-0.40169
-0.40096
-0.41692
-0.42786
-0.42866
-0.42839
-0.43539
-0.42845
-0.41394
-0.38956
-0.3882
-0.39964
-0.41004
-0.41154
-0.41106
-0.41739
-0.42134
-0.40586
-0.38715
-0.38004
-0.38519
-0.40359
-0.41705
-0.41694
-0.41967
-0.42013
-0.41375
-0.39584
-0.38055
-0.38269
-0.39644
-0.41289
-0.41335
-0.41299
-0.42111
-0.42061
-0.40101
-0.38642
-0.38113
-0.39726
-0.40717
-0.4108
-0.4107
-0.41641
-0.41653
-0.41237
-0.39318
-0.38157
-0.38012
-0.39723
-0.40884
-0.40957
-0.40882
-0.41743
-0.414
-0.39517
-0.37993
-0.38437
-0.39596
-0.41167
-0.41349
-0.41304
-0.41875
-0.42359
-0.41082
-0.39613
-0.39255
-0.40633
-0.41891
-0.42489
-0.42555
-0.42614
-0.4313
-0.42488
-0.4117
-0.39824
-0.39387
-0.41269
-0.42664
-0.42722
-0.42674
-0.43274
-0.43523
-0.41538
-0.39953
-0.40128
-0.41494
-0.43187
-0.43298
-0.43272
-0.4362
-0.43662
-0.43066
-0.42144
-0.41179
-0.42046
-0.43783
-0.44935
-0.44927
-0.44836
-0.45734
-0.4574
-0.43977
-0.43565
-0.43255
-0.44621
-0.45923
-0.45979
-0.45939
-0.4642
-0.46689
-0.45712
-0.43453
-0.43451
-0.44304
-0.45185
-0.45362
-0.45384
-0.45295
-0.46067
-0.45141
-0.4403
-0.42603
-0.42223
-0.43821
-0.44808
-0.44917
-0.44858
-0.45347
-0.45591
-0.4332
-0.41654
-0.4189
-0.43031
-0.44515
-0.44681
-0.44667
-0.45019
-0.45078
-0.44161
-0.42586
-0.41285
-0.41781
-0.42893
-0.439
-0.43929
-0.4386
-0.44593
-0.44084
-0.4249
-0.41906
-0.41181
-0.43208
-0.44418
-0.44454
-0.44432
-0.44814
-0.44898
-0.43623
-0.41481
-0.41768
-0.42548
-0.44052
-0.44229
-0.4422
-0.4415
-0.44818
-0.4348
-0.42477
-0.40941
-0.41123
-0.42529
-0.43908
-0.43925
-0.43829
-0.44604
-0.45271
-0.43061
-0.42249
-0.41842
-0.43231
-0.44561
-0.44646
-0.44588
-0.45017
-0.45146
-0.4416
-0.42489
-0.42241
-0.42908
-0.44082
-0.44236
-0.4428
-0.44233
-0.45069
-0.44238
-0.42737
-0.4225
-0.41316
-0.42725
-0.43943
-0.44001
-0.43958
-0.44411
-0.44832
-0.42852
-0.41523
-0.41997
-0.42815
-0.44826
-0.44881
-0.44857
-0.45005
-0.45532
-0.44748
-0.43655
-0.43169
-0.44109
-0.45187
-0.45975
-0.45969
-0.45891
-0.46654
-0.46849
-0.44887
-0.44436
-0.43349
-0.44763
-0.45908
-0.4592
-0.4588
-0.46421
-0.46908
-0.45852
-0.43945
-0.44342
-0.44381
-0.45735
-0.45841
-0.4583
-0.45787
-0.46416
-0.45211
-0.44054
-0.42558
-0.42165
-0.43305
-0.44308
-0.44352
-0.44284
-0.4468
-0.44999
-0.42493
-0.41065
-0.40888
-0.42084
-0.43697
-0.43792
-0.4376
-0.44215
-0.44506
-0.43443
-0.41583
-0.40953
-0.41611
-0.42723
-0.43326
-0.43319
-0.43287
-0.4388
-0.43164
-0.41557
-0.40885
-0.40193
-0.41984
-0.43283
-0.43297
-0.43264
-0.4368
-0.44127
-0.42327
-0.40539
-0.40967
-0.41791
-0.43359
-0.43428
-0.43407
-0.43352
-0.44041
-0.43094
-0.42403
-0.40792
-0.40758
-0.42087
-0.43074
-0.43084
-0.42977
-0.4365
-0.4375
-0.41342
-0.40404
-0.39917
-0.40875
-0.42459
-0.42555
-0.42499
-0.42944
-0.43491
-0.42255
-0.4038
-0.40177
-0.40955
-0.4195
-0.424
-0.42439
-0.42435
-0.42953
-0.42515
-0.40838
-0.39755
-0.39344
-0.41044
-0.4226
-0.42317
-0.42268
-0.42903
-0.4279
-0.40864
-0.39215
-0.39057
-0.40795
-0.42514
-0.42626
-0.42592
-0.42925
-0.43174
-0.42147
-0.40431
-0.39449
-0.39377
-0.40832
-0.41585
-0.41577
-0.41538
-0.42179
-0.4148
-0.39974
-0.38564
-0.38044
-0.39126
-0.40964
-0.40982
-0.40891
-0.41299
-0.41539
-0.3952
-0.37789
-0.37186
-0.3893
-0.39726
-0.40562
-0.40505
-0.41017
-0.41273
-0.40841
-0.38509
-0.37569
-0.36846
-0.38343
-0.39377
-0.39422
-0.39342
-0.39777
-0.39138
-0.37864
-0.35856
-0.35395
-0.36485
-0.37735
-0.37874
-0.37794
-0.38054
-0.38124
-0.36042
-0.3429
-0.33306
-0.34162
-0.35706
-0.36845
-0.36837
-0.37052
-0.36965
-0.36304
-0.33934
-0.32906
-0.32503
-0.33953
-0.36052
-0.36053
-0.36059
-0.36544
-0.359
-0.34538
-0.32535
-0.32132
-0.34132
-0.35375
-0.36124
-0.36084
-0.36668
-0.36806
-0.35436
-0.33715
-0.32893
-0.33158
-0.349
-0.36091
-0.36114
-0.36643
-0.36852
-0.36728
-0.34715
-0.32847
-0.33037
-0.34048
-0.35403
-0.35547
-0.35499
-0.3635
-0.35976
-0.34828
-0.33121
-0.32342
-0.33414
-0.35141
-0.35872
-0.35864
-0.36183
-0.36297
-0.34841
-0.32459
-0.31231
-0.32561
-0.33775
-0.35249
-0.3529
-0.35599
-0.3567
-0.35147
-0.33171
-0.31718
-0.31812
-0.33632
-0.34562
-0.35259
-0.35412
-0.35644
-0.34795
-0.33736
-0.31107
-0.3075
-0.3164
-0.33668
-0.35102
-0.35028
-0.35577
-0.35544
-0.34072
-0.3204
-0.30239
-0.31697
-0.32932
-0.34242
-0.34278
-0.3457
-0.34424
-0.33824
-0.31428
-0.29666
-0.29505
-0.30123
-0.31763
-0.32498
-0.32902
-0.33138
-0.3224
-0.31573
-0.28562
-0.27438
-0.28661
-0.29503
-0.31328
-0.3134
-0.31743
-0.31548
-0.30027
-0.27777
-0.26081
-0.26342
-0.28046
-0.29411
-0.30176
-0.30581
-0.30382
-0.2968
-0.28045
-0.26239
-0.267
-0.27416
-0.2914
-0.30557
-0.30731
-0.30774
-0.30266
-0.29208
-0.26482
-0.25069
-0.26468
-0.28315
-0.29553
-0.29963
-0.30525
-0.30216
-0.29102
-0.27408
-0.25531
-0.26127
-0.27121
-0.29156
-0.30116
-0.3054
-0.30691
-0.29806
-0.28029
-0.2604
-0.25474
-0.26952
-0.2788
-0.29485
-0.29715
-0.30011
-0.29597
-0.28756
-0.26254
-0.25107
-0.2545
-0.27076
-0.28659
-0.29409
-0.29975
-0.29766
-0.28674
-0.2726
-0.24985
-0.25366
-0.26516
-0.278
-0.29008
-0.29341
-0.29623
-0.28766
-0.26997
-0.25108
-0.24137
-0.24837
-0.26333
-0.2713
-0.27683
-0.27888
-0.27569
-0.26158
-0.24087
-0.22502
-0.2315
-0.23904
-0.25857
-0.27179
-0.27613
-0.26948
-0.25826
-0.23946
-0.21558
-0.21265
-0.22818
-0.24301
-0.25743
-0.26181
-0.26271
-0.25139
-0.23335
-0.21582
-0.21243
-0.21536
-0.22644
-0.24482
-0.26044
-0.2636
-0.26269
-0.25055
-0.2341
-0.21319
-0.21232
-0.22481
-0.2359
-0.25218
-0.25546
-0.24697
-0.23537
-0.21667
-0.19682
-0.19346
-0.19829
-0.21623
-0.22672
-0.23549
-0.23502
-0.22312
-0.20891
-0.19396
-0.18527
-0.19241
-0.20066
-0.21783
-0.23338
-0.23707
-0.23421
-0.21708
-0.20406
-0.19131
-0.18963
-0.20427
-0.21851
-0.23235
-0.23395
-0.22854
-0.21677
-0.19647
-0.1816
-0.18117
-0.18515
-0.19806
-0.21623
-0.23303
-0.22819
-0.21544
-0.20061
-0.18281
-0.17502
-0.17994
-0.19243
-0.20364
-0.22434
-0.22692
-0.2212
-0.20325
-0.19008
-0.17977
-0.17906
-0.189
-0.20972
-0.22321
-0.23111
-0.22544
-0.21697
-0.2004
-0.18941
-0.18203
-0.19165
-0.19924
-0.21694
-0.23277
-0.22937
-0.21976
-0.20564
-0.19099
-0.18208
-0.17599
-0.18981
-0.20235
-0.21907
-0.22063
-0.21104
-0.19198
-0.17995
-0.17427
-0.17334
-0.17864
-0.19026
-0.20545
-0.21641
-0.21006
-0.19327
-0.17583
-0.16629
-0.15787
-0.16362
-0.17545
-0.19018
-0.20967
-0.20189
-0.19146
-0.17105
-0.15722
-0.15229
-0.14877
-0.16313
-0.18286
-0.19478
-0.1996
-0.18576
-0.16725
-0.15149
-0.14893
-0.14415
-0.14974
-0.16076
-0.17824
-0.18794
-0.1826
-0.1663
-0.15309
-0.14623
-0.13849
-0.13652
-0.1521
-0.1646
-0.18389
-0.17708
-0.16479
-0.14583
-0.13816
-0.13194
-0.12746
-0.13193
-0.14656
-0.16273
-0.17515
-0.16134
-0.14727
-0.13416
-0.13359
-0.12723
-0.13432
-0.14296
-0.16249
-0.17766
-0.16969
-0.15154
-0.13774
-0.13112
-0.12686
-0.12421
-0.13956
-0.16273
-0.17484
-0.17265
-0.15849
-0.14002
-0.13064
-0.12577
-0.12345
-0.12654
-0.1378
-0.15749
-0.16285
-0.14918
-0.13224
-0.11562
-0.11546
-0.10988
-0.11666
-0.13078
-0.15023
-0.16814
-0.16259
-0.14666
-0.13478
-0.13276
-0.12874
-0.12486
-0.1371
-0.16262
-0.17518
-0.17782
-0.16857
-0.14967
-0.14251
-0.1422
-0.13555
-0.14095
-0.14595
-0.16892
-0.17765
-0.16686
-0.15049
-0.13938
-0.13935
-0.13241
-0.13203
-0.14598
-0.15936
-0.17533
-0.16272
-0.14463
-0.13027
-0.129
-0.12434
-0.1194
-0.1244
-0.14335
-0.14884
-0.15149
-0.13597
-0.12106
-0.11124
-0.1108
-0.10573
-0.11043
-0.12309
-0.14463
-0.14564
-0.134
-0.11254
-0.097064
-0.097109
-0.090824
-0.092368
-0.10649
-0.125
-0.14282
-0.12719
-0.1101
-0.096543
-0.096189
-0.092867
-0.09075
-0.095206
-0.11367
-0.12662
-0.13919
-0.12352
-0.1066
-0.098787
-0.098774
-0.09249
-0.099757
-0.10751
-0.13472
-0.14663
-0.13923
-0.1236
-0.1148
-0.11458
-0.11018
-0.1078
-0.12175
-0.13947
-0.15438
-0.13882
-0.12361
-0.11001
-0.10921
-0.10376
-0.10105
-0.10539
-0.12555
-0.14189
-0.14611
-0.12874
-0.11645
-0.10887
-0.10917
-0.10475
-0.11159
-0.11955
-0.13708
-0.14376
-0.13309
-0.11298
-0.10084
-0.10133
-0.098722
-0.098091
-0.11465
-0.13139
-0.14304
-0.12804
-0.11363
-0.099323
-0.098583
-0.096426
-0.097379
-0.10397
-0.12279
-0.13857
-0.14568
-0.13101
-0.11699
-0.10656
-0.10617
-0.10132
-0.1079
-0.1171
-0.14129
-0.14981
-0.1399
-0.12348
-0.11224
-0.11162
-0.1055
-0.10416
-0.11727
-0.13508
-0.14886
-0.13375
-0.11937
-0.10473
-0.10339
-0.097785
-0.095692
-0.097009
-0.11365
-0.12911
-0.13474
-0.12041
-0.10671
-0.094736
-0.095084
-0.086565
-0.090586
-0.095989
-0.11426
-0.11991
-0.10851
-0.09012
-0.075445
-0.075552
-0.072369
-0.071283
-0.086237
-0.10734
-0.11837
-0.10104
-0.084955
-0.070053
-0.067274
-0.064192
-0.063474
-0.068869
-0.08476
-0.093542
-0.095812
-0.080827
-0.064816
-0.054483
-0.052713
-0.050388
-0.059268
-0.06906
-0.098415
-0.10894
-0.099601
-0.085577
-0.07162
-0.071594
-0.066099
-0.066483
-0.080877
-0.097775
-0.11567
-0.10555
-0.090002
-0.079382
-0.077515
-0.074389
-0.075844
-0.08143
-0.10331
-0.1163
-0.11716
-0.10783
-0.087277
-0.074352
-0.070091
-0.067735
-0.076586
-0.083583
-0.1106
-0.11873
-0.10611
-0.096556
-0.08036
-0.080581
-0.076557
-0.078504
-0.093866
-0.11405
-0.13294
-0.12327
-0.10562
-0.093454
-0.085594
-0.082146
-0.084138
-0.09112
-0.1083
-0.11942
-0.11873
-0.11223
-0.090891
-0.079472
-0.077829
-0.077396
-0.082436
-0.093039
-0.12047
-0.12802
-0.11437
-0.10255
-0.084528
-0.084107
-0.078496
-0.081587
-0.092342
-0.11328
-0.132
-0.12658
-0.10982
-0.096772
-0.089016
-0.084394
-0.082884
-0.091431
-0.10903
-0.12443
-0.12283
-0.11247
-0.093241
-0.08035
-0.077983
-0.075025
-0.07911
-0.086591
-0.11348
-0.12724
-0.11517
-0.099407
-0.083206
-0.072885
-0.06781
-0.069917
-0.08059
-0.098581
-0.11145
-0.10573
-0.090594
-0.070684
-0.057264
-0.05361
-0.050877
-0.059308
-0.08019
-0.10044
-0.1019
-0.089684
-0.075947
-0.060257
-0.048918
-0.047165
-0.050575
-0.068941
-0.092296
-0.10221
-0.096922
-0.081025
-0.064676
-0.052638
-0.043681
-0.050582
-0.062072
-0.084772
-0.1084
-0.10517
-0.091745
-0.076595
-0.058076
-0.043732
-0.043191
-0.054849
-0.077178
-0.096065
-0.099278
-0.095867
-0.084725
-0.06879
-0.052673
-0.044954
-0.046237
-0.060891
-0.086624
-0.10488
-0.10415
-0.094648
-0.076795
-0.064259
-0.053839
-0.058027
-0.072092
-0.098634
-0.1181
-0.1241
-0.11601
-0.10035
-0.087203
-0.07092
-0.063355
-0.073093
-0.090707
-0.11116
-0.11796
-0.11915
-0.1122
-0.10187
-0.081415
-0.064517
-0.060123
-0.075182
-0.092103
-0.10486
-0.10921
-0.11016
-0.10356
-0.093686
-0.079205
-0.071607
-0.076616
-0.095756
-0.11218
-0.11922
-0.12471
-0.12846
-0.12293
-0.10748
-0.099188
-0.097715
-0.10468
-0.12115
-0.12541
-0.13115
-0.13483
-0.13854
-0.13027
-0.11675
-0.10998
-0.1146
-0.12078
-0.12353
-0.1263
-0.13142
-0.13426
-0.13569
-0.12949
-0.12266
-0.11642
-0.12068
-0.12175
-0.11616
-0.11813
-0.12191
-0.12574
-0.12382
-0.12439
-0.12618
-0.12657
-0.12994
-0.1219
-0.11421
-0.11426
-0.11698
-0.11674
-0.11864
-0.1272
-0.14096
-0.13999
-0.12896
-0.1162
-0.10786
-0.10416
-0.10321
-0.10734
-0.11609
-0.1341
-0.14877
-0.15175
-0.14051
-0.12706
-0.11796
-0.10983
-0.10454
-0.11496
-0.12811
-0.14944
-0.16498
-0.16215
-0.15326
-0.13997
-0.12849
-0.11847
-0.11269
-0.12469
-0.14532
-0.16391
-0.16606
-0.16577
-0.16102
-0.15096
-0.13864
-0.12912
-0.12566
-0.13425
-0.14656
-0.15589
-0.15812
-0.15836
-0.15679
-0.15118
-0.13768
-0.13191
-0.13392
-0.14353
-0.14449
-0.14429
-0.14611
-0.14759
-0.14894
-0.14287
-0.13715
-0.14256
-0.14364
-0.14607
-0.1381
-0.13041
-0.12806
-0.13041
-0.13082
-0.13047
-0.1387
-0.15413
-0.16094
-0.15836
-0.14755
-0.13661
-0.12882
-0.11806
-0.11779
-0.12453
-0.13814
-0.15466
-0.16178
-0.15637
-0.14652
-0.13448
-0.12495
-0.11457
-0.11671
-0.12946
-0.1485
-0.16899
-0.17041
-0.17025
-0.16783
-0.16082
-0.14605
-0.13293
-0.1277
-0.13475
-0.14007
-0.14019
-0.14025
-0.1401
-0.13864
-0.13125
-0.1265
-0.12258
-0.12136
-0.12905
-0.12735
-0.12073
-0.1136
-0.11282
-0.11532
-0.10992
-0.11474
-0.12506
-0.13894
-0.1437
-0.135
-0.12476
-0.11664
-0.11007
-0.10294
-0.10242
-0.11798
-0.13611
-0.14911
-0.15027
-0.14825
-0.14181
-0.13159
-0.11862
-0.1122
-0.11169
-0.12111
-0.13253
-0.14316
-0.14333
-0.14077
-0.13875
-0.13522
-0.12803
-0.12833
-0.12893
-0.13991
-0.14761
-0.14043
-0.13477
-0.13295
-0.13396
-0.1294
-0.12728
-0.14157
-0.15474
-0.1603
-0.15033
-0.1398
-0.13031
-0.12255
-0.11395
-0.1111
-0.11281
-0.12727
-0.14093
-0.14681
-0.14555
-0.14007
-0.13243
-0.12286
-0.10569
-0.10219
-0.10349
-0.1147
-0.12374
-0.12489
-0.12326
-0.12094
-0.11836
-0.11124
-0.10441
-0.11322
-0.11933
-0.12286
-0.11757
-0.11209
-0.10806
-0.10807
-0.1027
-0.09887
-0.10142
-0.11589
-0.12305
-0.12365
-0.11466
-0.10349
-0.092672
-0.083719
-0.078057
-0.085627
-0.097837
-0.11817
-0.12889
-0.12918
-0.12897
-0.1267
-0.12182
-0.11134
-0.10364
-0.11029
-0.11561
-0.12359
-0.11982
-0.11689
-0.11431
-0.11153
-0.10669
-0.10346
-0.10531
-0.11621
-0.12373
-0.12688
-0.11828
-0.10925
-0.10449
-0.10228
-0.093572
-0.094616
-0.10044
-0.11516
-0.12559
-0.12491
-0.12236
-0.11855
-0.11348
-0.10061
-0.09226
-0.10125
-0.11028
-0.12034
-0.1167
-0.11169
-0.10724
-0.10479
-0.098696
-0.094342
-0.096829
-0.10773
-0.11586
-0.11998
-0.11331
-0.10758
-0.10214
-0.095163
-0.086389
-0.089754
-0.097465
-0.11299
-0.12505
-0.1229
-0.12025
-0.11608
-0.11152
-0.099877
-0.098041
-0.10869
-0.11657
-0.12455
-0.12114
-0.11587
-0.11082
-0.1086
-0.10726
-0.10915
-0.11178
-0.12232
-0.13459
-0.14004
-0.13186
-0.1227
-0.11591
-0.10987
-0.096074
-0.095555
-0.10287
-0.1151
-0.12613
-0.12432
-0.1204
-0.11532
-0.11204
-0.10361
-0.09366
-0.094975
-0.10283
-0.10738
-0.10182
-0.094032
-0.089297
-0.085849
-0.07912
-0.077978
-0.081053
-0.087029
-0.10452
-0.11316
-0.10414
-0.094296
-0.086499
-0.079538
-0.065404
-0.06487
-0.074179
-0.080849
-0.098665
-0.10049
-0.098195
-0.098056
-0.096783
-0.088014
-0.079228
-0.083321
-0.092223
-0.096084
-0.098
-0.09066
-0.0846
-0.0787
-0.073067
-0.072672
-0.074687
-0.078435
-0.099066
-0.10831
-0.1044
-0.098975
-0.092486
-0.084265
-0.069318
-0.064142
-0.071123
-0.076683
-0.087193
-0.083184
-0.080341
-0.077731
-0.078738
-0.070089
-0.064957
-0.066797
-0.076839
-0.083188
-0.084045
-0.076236
-0.069368
-0.062037
-0.057119
-0.049558
-0.053752
-0.062182
-0.078375
-0.089963
-0.090181
-0.085789
-0.08295
-0.079941
-0.067787
-0.060278
-0.065479
-0.073715
-0.083038
-0.088164
-0.082172
-0.076551
-0.072287
-0.064559
-0.063598
-0.067276
-0.078003
-0.093949
-0.1023
-0.099637
-0.094854
-0.088477
-0.077846
-0.062086
-0.060409
-0.067073
-0.075017
-0.084911
-0.088327
-0.083972
-0.081628
-0.076357
-0.069091
-0.06485
-0.065431
-0.078705
-0.091664
-0.098457
-0.095639
-0.087346
-0.08147
-0.073049
-0.061312
-0.058903
-0.066078
-0.077701
-0.095018
-0.1028
-0.096623
-0.091591
-0.08386
-0.076071
-0.071563
-0.068758
-0.072226
-0.07939
-0.083521
-0.082039
-0.07403
-0.063986
-0.04881
-0.039528
-0.038354
-0.047371
-0.064172
-0.075511
-0.083558
-0.087928
-0.081213
-0.06832
-0.056776
-0.043839
-0.042908
-0.052581
-0.059753
-0.063916
-0.06411
-0.061362
-0.054744
-0.047534
-0.039822
-0.034674
-0.037909
-0.047743
-0.061175
-0.071813
-0.072678
-0.067202
-0.056241
-0.04507
-0.032603
-0.0235
-0.023023
-0.025855
-0.034384
-0.04451
-0.048669
-0.0488
-0.041524
-0.033673
-0.02625
-0.019901
-0.022382
-0.027575
-0.03325
-0.04155
-0.042558
-0.035742
-0.025277
-0.013437
-0.0024269
0.0045508
0.0016436
-0.0070379
-0.017662
-0.026885
-0.031712
-0.034163
-0.028725
-0.017845
-0.0088634
0.0010918
0.0025225
-0.0022565
-0.0098059
-0.014116
-0.016684
-0.016965
-0.010629
-0.0040356
0.0035732
0.010133
0.0093416
0.0015446
-0.0097798
-0.018616
-0.023798
-0.025063
-0.019681
-0.013212
-0.0031603
0.0061105
0.01336
0.015329
0.00647
-0.0013939
-0.010408
-0.01491
-0.015019
-0.011796
-0.0060076
-0.0039429
-0.0012685
7.4068e-005
-0.0016647
-0.0096301
-0.018732
-0.022813
-0.022486
-0.015179
-0.0036623
0.00593
0.011711
0.018991
0.022265
0.019735
0.010558
0.00048403
-0.0057271
-0.011214
-0.0089027
-0.001014
0.0060471
0.0096135
0.012643
0.011527
0.0084342
0.0023594
-0.0017823
-0.0060042
-0.0092234
-0.0036767
0.0039214
0.010736
0.015153
0.015434
0.012296
0.0025961
-0.0084867
-0.013782
-0.018372
-0.021088
-0.017526
-0.0093131
-0.00040581
0.0084558
0.015039
0.016496
0.013329
0.0060729
-0.00049916
-0.004544
-0.0088222
-0.0088455
-0.0046208
-0.00078928
0.002223
0.0061084
0.0082307
0.0059037
0.0011623
-0.003667
-0.0073792
-0.0071504
-0.0031951
0.0040883
0.011241
0.016002
0.019913
0.023345
0.023244
0.018096
0.0079157
-0.0017346
-0.0069977
-0.010187
-0.0071668
-0.00071757
0.0076593
0.012695
0.018619
0.022516
0.023521
0.020711
0.017052
0.011278
0.0074929
0.0054245
0.0089245
0.013912
0.018128
0.019437
0.019815
0.017888
0.012702
0.0058941
-0.00070998
-0.0051111
-0.0075835
-0.0099018
-0.0040993
0.0058168
0.014886
0.023024
0.028736
0.031592
0.030859
0.026051
0.021505
0.018388
0.014543
0.0093451
0.01013
0.014086
0.018047
0.021907
0.026299
0.028288
0.025545
0.021461
0.019677
0.019859
0.021395
0.022852
0.025892
0.033048
0.038949
0.043608
0.048019
0.048662
0.045282
0.037391
0.027761
0.020208
0.015834
0.011714
0.0091964
0.0091675
0.012833
0.015093
0.018621
0.024435
0.02989
0.030356
0.026215
0.022162
0.019191
0.018188
0.018715
0.020133
0.02337
0.022978
0.019564
0.019944
0.023107
0.022494
0.019707
0.013123
0.0081601
0.007472
0.0090179
0.013783
0.022188
0.029424
0.032224
0.035141
0.038765
0.04232
0.043178
0.03871
0.031167
0.021981
0.016339
0.013723
0.013326
0.017884
0.021783
0.021674
0.022165
0.023312
0.025439
0.02736
0.026576
0.022757
0.017271
0.014491
0.014836
0.019572
0.026314
0.031306
0.03355
0.034591
0.035595
0.035376
0.032464
0.029353
0.024122
0.017527
0.011663
0.010406
0.011956
0.016145
0.021815
0.026901
0.031116
0.034487
0.036788
0.038534
0.038629
0.036179
0.030898
0.024886
0.022267
0.022655
0.023152
0.022056
0.021323
0.022888
0.025781
0.02899
0.032767
0.035849
0.036851
0.036393
0.034923
0.034098
0.035514
0.037799
0.038967
0.039826
0.04019
0.040857
0.042216
0.043215
0.043365
0.042152
0.039622
0.034121
0.03021
0.028082
0.027121
0.026668
0.026513
0.028572
0.03116
0.035106
0.038652
0.041883
0.045242
0.046134
0.044859
0.041723
0.037778
0.03299
0.029853
0.026972
0.024952
0.024012
0.022454
0.023497
0.026362
0.030419
0.031562
0.032035
0.034424
0.035671
0.034609
0.032965
0.033418
0.033895
0.034409
0.035915
0.039422
0.04276
0.043684
0.044651
0.044343
0.041434
0.039862
0.038185
0.03328
0.025722
0.02095
0.018601
0.014689
0.011481
0.012185
0.015019
0.01831
0.024267
0.030205
0.033204
0.037286
0.03882
0.035612
0.031624
0.028598
0.025054
0.020636
0.019238
0.017695
0.017704
0.022557
0.026524
0.026727
0.02989
0.033037
0.034928
0.03537
0.035225
0.03327
0.031973
0.032419
0.031722
0.032044
0.032133
0.033713
0.040026
0.043749
0.045267
0.048109
0.049113
0.047771
0.044931
0.041174
0.035125
0.029171
0.024892
0.020617
0.01877
0.015931
0.017317
0.021217
0.024927
0.03284
0.038471
0.040967
0.043905
0.043706
0.044055
0.043623
0.040903
0.039415
0.036235
0.035611
0.035399
0.034946
0.035483
0.036016
0.038235
0.041007
0.040547
0.042736
0.04392
0.045506
0.046842
0.046883
0.046633
0.045507
0.045116
0.045031
0.043584
0.042573
0.042029
0.043528
0.045046
0.04462
0.045368
0.043292
0.0418
0.041244
0.038747
0.034569
0.028169
0.025502
0.023136
0.021476
0.020411
0.020241
0.023029
0.027711
0.033847
0.037173
0.03878
0.040082
0.044196
0.04732
0.047289
0.045078
0.041857
0.039833
0.037996
0.035184
0.03093
0.028043
0.026672
0.028532
0.027663
0.024775
0.02377
0.024072
0.025755
0.026937
0.027649
0.026614
0.024977
0.024278
0.024793
0.024288
0.024285
0.023751
0.026642
0.030217
0.035337
0.037942
0.040216
0.043223
0.045974
0.045106
0.0421
0.037715
0.032748
0.027666
0.0245
0.02247
0.018383
0.015139
0.016342
0.019571
0.024334
0.029795
0.032954
0.036064
0.042411
0.046196
0.048773
0.04837
0.046298
0.042705
0.040546
0.035149
0.03035
0.025307
0.020126
0.016605
0.01669
0.016611
0.018846
0.021079
0.02372
0.026389
0.030243
0.032847
0.034722
0.034967
0.036766
0.038592
0.037784
0.038256
0.04001
0.038914
0.041256
0.044024
0.045576
0.048375
0.047866
0.048657
0.050029
0.049339
0.04491
0.040251
0.033464
0.028244
0.02176
0.016034
0.010656
0.0058825
0.0051713
0.0079704
0.012908
0.016298
0.020928
0.026981
0.035436
0.039446
0.04278
0.044636
0.042716
0.042766
0.042353
0.039556
0.035608
0.029717
0.025417
0.022885
0.0213
0.020152
0.019986
0.019574
0.021482
0.023946
0.029621
0.033677
0.035572
0.036524
0.039352
0.042023
0.043982
0.042765
0.038394
0.036364
0.035361
0.035613
0.03519
0.032886
0.030097
0.028732
0.030349
0.031289
0.031521
0.029313
0.026671
0.02534
0.025319
0.02661
0.027036
0.024656
0.022877
0.021014
0.022417
0.024522
0.025288
0.026609
0.029436
0.03312
0.037574
0.042487
0.047701
0.050862
0.050908
0.05098
0.050381
0.050143
0.046138
0.041853
0.035542
0.031018
0.027751
0.024074
0.021148
0.019543
0.018254
0.018735
0.021225
0.024516
0.029241
0.032553
0.034774
0.037175
0.03936
0.042097
0.043077
0.044073
0.042092
0.040146
0.038186
0.037744
0.036293
0.034585
0.031402
0.030253
0.028353
0.030016
0.033139
0.033941
0.035464
0.034157
0.034307
0.034671
0.036495
0.036863
0.036589
0.03366
0.030403
0.027123
0.026156
0.025526
0.027032
0.027115
0.029144
0.032132
0.035906
0.039821
0.04441
0.045047
0.045714
0.043695
0.04251
0.040627
0.0388
0.034166
0.027722
0.019893
0.014116
0.010339
0.0090754
0.0087134
0.01005
0.010704
0.011795
0.014575
0.020661
0.026224
0.031745
0.035873
0.039386
0.042477
0.045965
0.048112
0.047167
0.04316
0.038125
0.031813
0.028162
0.025268
0.02261
0.019849
0.015754
0.011127
0.0085449
0.0081351
0.0072663
0.0084111
0.01057
0.012507
0.015281
0.018626
0.023061
0.026617
0.028923
0.028942
0.02794
0.026528
0.025509
0.027074
0.027399
0.027524
0.02563
0.023242
0.023175
0.024578
0.027882
0.031696
0.033272
0.031844
0.030205
0.027472
0.026361
0.025148
0.021975
0.017171
0.012478
0.010083
0.0086233
0.010378
0.011377
0.012986
0.013136
0.01409
0.018437
0.024685
0.031781
0.038322
0.042854
0.045067
0.045539
0.046218
0.048337
0.048109
0.047151
0.043286
0.037545
0.032154
0.027559
0.024454
0.021892
0.01875
0.015531
0.012687
0.011661
0.013346
0.017793
0.022896
0.026942
0.030229
0.03096
0.03194
0.033888
0.035779
0.036717
0.036029
0.036431
0.035538
0.034629
0.034725
0.034839
0.034197
0.032682
0.029775
0.028163
0.027648
0.027345
0.027718
0.026411
0.025083
0.023839
0.023055
0.022517
0.022199
0.02157
0.02029
0.019461
0.019223
0.018665
0.01836
0.018651
0.019533
0.020006
0.021699
0.023097
0.025995
0.02914
0.032473
0.033594
0.034312
0.036475
0.037105
0.038051
0.037923
0.037888
0.035811
0.031953
0.027454
0.022757
0.018094
0.013206
0.0099391
0.0068538
0.005466
0.0061556
0.008296
0.012085
0.016467
0.020436
0.022789
0.026399
0.028888
0.031734
0.03561
0.039154
0.043227
0.044599
0.045721
0.04569
0.044354
0.042161
0.038324
0.034245
0.030532
0.026807
0.022677
0.018838
0.014902
0.011892
0.010019
0.0082492
0.0070603
0.007919
0.0097828
0.012896
0.016518
0.020676
0.024253
0.027921
0.031246
0.034204
0.036756
0.038178
0.039212
0.038932
0.040188
0.040086
0.039561
0.038932
0.037139
0.036212
0.035024
0.034213
0.034188
0.035064
0.035559
0.035108
0.035105
0.034513
0.034228
0.032955
0.029587
0.026042
0.022013
0.017229
0.012978
0.010341
0.0081625
0.0078973
0.0096361
0.01182
0.014231
0.016389
0.019986
0.0234
0.027174
0.030517
0.03387
0.037377
0.03942
0.041809
0.043918
0.043638
0.043654
0.041765
0.039722
0.035849
0.030911
0.026227
0.020694
0.015833
0.010924
0.0064308
0.0029916
-0.00062875
-0.0029338
-0.0042106
-0.0036186
-0.0013602
0.00038671
0.0041957
0.0084193
0.014536
0.019343
0.023215
0.026925
0.030173
0.032252
0.03336
0.032976
0.032257
0.029629
0.02772
0.025921
0.023274
0.020506
0.019786
0.018766
0.016634
0.014735
0.012478
0.011071
0.0090334
0.0077228
0.0078559
0.007567
0.0076738
0.0089654
0.012135
0.015246
0.017876
0.020643
0.023024
0.025589
0.026797
0.02775
0.028212
0.02893
0.029752
0.030204
0.029184
0.027815
0.027146
0.026219
0.025813
0.026179
0.026594
0.026214
0.026821
0.025895
0.026265
0.024844
0.023846
0.023544
0.022977
0.021851
0.020375
0.01853
0.016455
0.015506
0.01469
0.014325
0.014096
0.014191
0.013739
0.01588
0.018801
0.021551
0.02546
0.030867
0.034856
0.038535
0.042014
0.043823
0.043903
0.043538
0.042789
0.03961
0.037639
0.033768
0.031703
0.030435
0.027257
0.023395
0.018849
0.01375
0.0089199
0.0043093
-0.00082288
-0.0042129
-0.0061136
-0.0067941
-0.006902
-0.0050232
-0.0025926
0.0012334
0.0050775
0.010721
0.017226
0.022704
0.028012
0.034073
0.038198
0.041732
0.045302
0.046982
0.04568
0.044115
0.040517
0.035694
0.031798
0.027167
0.022294
0.017976
0.013047
0.0094134
0.0048255
0.00057314
-0.0019941
-0.0051205
-0.0073518
-0.0079049
-0.0073859
-0.0054514
-0.0011228
0.0029367
0.0090044
0.014192
0.020072
0.025929
0.031222
0.035938
0.037501
0.038502
0.038806
0.039088
0.038687
0.037181
0.034636
0.033015
0.030822
0.029174
0.02871
0.026593
0.024817
0.022874
0.022965
0.023241
0.022542
0.02265
0.021313
0.019172
0.017194
0.015268
0.012996
0.011507
0.009259
0.0083574
0.0080106
0.0081112
0.0084972
0.0080682
0.008312
0.008895
0.010968
0.012221
0.015592
0.019715
0.022932
0.027049
0.03163
0.034999
0.037873
0.040409
0.042526
0.044324
0.044366
0.044582
0.045888
0.04429
0.043675
0.042594
0.039192
0.035365
0.029955
0.023192
0.015893
0.0081983
0.00050555
-0.0060775
-0.011565
-0.015719
-0.016467
-0.016095
-0.013949
-0.011125
-0.0067184
-0.0027516
0.0034847
0.0096016
0.016189
0.022204
0.02833
0.034913
0.040303
0.045507
0.048176
0.049655
0.049507
0.047834
0.045735
0.042876
0.038627
0.034503
0.03134
0.026847
0.021483
0.014362
0.0096143
0.003421
-0.0013971
-0.0039206
-0.0065593
-0.0088398
-0.008328
-0.0085863
-0.0060636
-0.0041022
-0.002002
0.00093241
0.0040245
0.0089636
0.012496
0.016095
0.018467
0.020856
0.024447
0.027878
0.030822
0.033951
0.035691
0.037193
0.03672
0.035864
0.032443
0.02924
0.026343
0.024565
0.021618
0.021044
0.019522
0.018944
0.016809
0.01474
0.012178
0.0105
0.011229
0.011907
0.011691
0.011796
0.012007
0.011861
0.011407
0.010338
0.010491
0.011177
0.01187
0.012349
0.01295
0.013462
0.013772
0.01485
0.01634
0.019382
0.022165
0.025194
0.02726
0.029585
0.030062
0.030762
0.031736
0.03144
0.031056
0.032455
0.03444
0.035789
0.036148
0.033907
0.029633
0.025382
0.020672
0.015239
0.010375
0.0061837
0.0043395
0.0020147
-5.5973e-006
-0.003243
-0.0064723
-0.010282
-0.012384
-0.013615
-0.012685
-0.0099059
-0.0055059
0.00047995
0.0059155
0.0133
0.019231
0.025154
0.030315
0.035513
0.038824
0.041902
0.04326
0.042832
0.042579
0.040162
0.037366
0.034045
0.030639
0.025754
0.021042
0.014063
0.0058839
-0.0011721
-0.0074287
-0.014345
-0.021579
-0.02561
-0.028313
-0.030457
-0.031434
-0.030028
-0.028608
-0.025741
-0.022566
-0.018231
-0.012372
-0.006151
-3.7854e-005
0.0065889
0.012957
0.019695
0.024859
0.027598
0.029646
0.030182
0.030118
0.029439
0.029279
0.028057
0.027289
0.025665
0.022919
0.021341
0.017258
0.012981
0.0069949
0.00088189
-0.0042854
-0.008544
-0.012646
-0.016287
-0.018223
-0.019334
-0.019353
-0.020114
-0.018891
-0.016588
-0.013851
-0.011278
-0.007739
-0.0042037
-0.00058915
0.0029331
0.0063617
0.0084964
0.011678
0.014331
0.017433
0.019238
0.020922
0.020981
0.020395
0.018785
0.017592
0.016501
0.015514
0.015335
0.013724
0.013445
0.013505
0.012783
0.011802
0.01146
0.0086554
0.0064909
0.0055258
0.0035968
0.0027194
0.0016764
0.00039894
-0.0017351
-0.0044851
-0.0067147
-0.0088032
-0.0097583
-0.011057
-0.01262
-0.015174
-0.015593
-0.015682
-0.015959
-0.015714
-0.015794
-0.014408
-0.010923
-0.0058099
-0.001134
0.0034681
0.0082442
0.011585
0.014412
0.016558
0.018274
0.019121
0.020287
0.020892
0.022046
0.022953
0.022506
0.021309
0.018353
0.012947
0.0068338
0.0010421
-0.0046211
-0.010836
-0.01713
-0.02398
-0.030697
-0.036598
-0.041846
-0.044273
-0.046798
-0.047559
-0.047576
-0.045582
-0.042126
-0.03766
-0.03121
-0.023891
-0.017063
-0.011821
-0.005936
0.00079476
0.0059156
0.011455
0.016264
0.020057
0.02358
0.027432
0.030292
0.033092
0.034407
0.033323
0.031439
0.027757
0.021069
0.014259
0.0063154
-0.0020462
-0.011242
-0.019469
-0.026505
-0.032686
-0.037987
-0.043405
-0.046876
-0.049727
-0.052043
-0.051548
-0.048559
-0.044875
-0.040541
-0.03564
-0.028892
-0.021924
-0.013692
-0.0062964
0.0016192
0.0088974
0.015467
0.022816
0.028375
0.033644
0.035989
0.036267
0.035753
0.033711
0.030752
0.025778
0.021161
0.017264
0.01266
0.0070766
0.0016267
-0.0032371
-0.0084969
-0.013521
-0.017943
-0.023497
-0.02785
-0.03106
-0.033417
-0.036468
-0.038874
-0.038917
-0.03865
-0.037631
-0.03538
-0.033265
-0.031162
-0.028936
-0.026921
-0.024678
-0.022445
-0.018545
-0.014474
-0.0092363
-0.0048561
-0.0011676
0.0027408
0.0054808
0.0080819
0.0092942
0.0079609
0.0051175
0.003294
0.0017864
-0.00019118
-0.0012726
-0.0022755
-0.0042974
-0.0069912
-0.0085368
-0.010358
-0.012512
-0.014461
-0.017352
-0.020261
-0.022413
-0.026198
-0.029834
-0.032872
-0.035508
-0.0384
-0.041981
-0.046144
-0.049134
-0.050084
-0.049802
-0.049426
-0.048729
-0.048278
-0.046943
-0.044432
-0.0426
-0.040438
-0.037777
-0.034189
-0.030241
-0.025703
-0.019379
-0.013332
-0.0082592
-0.0030345
0.0012264
0.005562
0.0074615
0.0075752
0.0087799
0.0094293
0.0087629
0.0077963
0.0063485
0.0044474
0.0020014
-0.001173
-0.0053752
-0.011267
-0.017489
-0.024933
-0.032187
-0.039186
-0.046266
-0.052332
-0.059573
-0.065158
-0.069487
-0.072202
-0.072896
-0.073119
-0.072117
-0.069086
-0.063409
-0.056339
-0.04847
-0.039514
-0.03193
-0.025377
-0.017823
-0.010877
-0.0042808
0.0016428
0.0077722
0.012018
0.014962
0.01847
0.02119
0.021732
0.021427
0.020173
0.016453
0.011959
0.0072889
0.0015811
-0.0053465
-0.012787
-0.022384
-0.031374
-0.039439
-0.049386
-0.060071
-0.071289
-0.083132
-0.092088
-0.098982
-0.10405
-0.10673
-0.10545
-0.10204
-0.096581
-0.088697
-0.079589
-0.071321
-0.062144
-0.052002
-0.042892
-0.03295
-0.022012
-0.012638
-0.0042557
0.0028793
0.0082326
0.011961
0.013712
0.012927
0.010403
0.0074985
0.0047823
-0.00032995
-0.0052256
-0.01054
-0.017894
-0.026908
-0.036048
-0.045672
-0.055035
-0.064335
-0.072452
-0.080585
-0.087511
-0.094493
-0.099743
-0.10389
-0.10793
-0.11159
-0.11321
-0.11432
-0.1146
-0.11051
-0.10417
-0.096473
-0.086292
-0.0751
-0.063689
-0.051907
-0.04102
-0.030041
-0.020144
-0.013471
-0.0082587
-0.0051422
-0.0030194
-0.0022408
-0.0027793
-0.0048735
-0.0089539
-0.013888
-0.018244
-0.023203
-0.029248
-0.034989
-0.040251
-0.045361
-0.0506
-0.055484
-0.06033
-0.06603
-0.072165
-0.076522
-0.081552
-0.08779
-0.093626
-0.097722
-0.10042
-0.10287
-0.10396
-0.10356
-0.10374
-0.10101
-0.096696
-0.0918
-0.08707
-0.082219
-0.076195
-0.070365
-0.064482
-0.058731
-0.053667
-0.048702
-0.044582
-0.040346
-0.037361
-0.036155
-0.03443
-0.034141
-0.034657
-0.034958
-0.036077
-0.037819
-0.03832
-0.038595
-0.041628
-0.044764
-0.048572
-0.053032
-0.058705
-0.064278
-0.070474
-0.076097
-0.081268
-0.084119
-0.08753
-0.093064
-0.096541
-0.099999
-0.10434
-0.10955
-0.11474
-0.11986
-0.12287
-0.12471
-0.12577
-0.12486
-0.12293
-0.12112
-0.11822
-0.11527
-0.11227
-0.10839
-0.10392
-0.099326
-0.093819
-0.087147
-0.080679
-0.07422
-0.068504
-0.064765
-0.060706
-0.057264
-0.056173
-0.056316
-0.056049
-0.055156
-0.054094
-0.052916
-0.052693
-0.054333
-0.056834
-0.05975
-0.063892
-0.071101
-0.078615
-0.08671
-0.095674
-0.10397
-0.11152
-0.11901
-0.12667
-0.13414
-0.14167
-0.14955
-0.1566
-0.16139
-0.16585
-0.16688
-0.1661
-0.16395
-0.15991
-0.15305
-0.14555
-0.1366
-0.1261
-0.11666
-0.10698
-0.096872
-0.086942
-0.077849
-0.069351
-0.061324
-0.053979
-0.048354
-0.04444
-0.042263
-0.040041
-0.037285
-0.037077
-0.038657
-0.041127
-0.044327
-0.050396
-0.058182
-0.066894
-0.075946
-0.088108
-0.10079
-0.11299
-0.12684
-0.14068
-0.15363
-0.16684
-0.17874
-0.18835
-0.19576
-0.20114
-0.20377
-0.20197
-0.19875
-0.19378
-0.18734
-0.17872
-0.16991
-0.16007
-0.14921
-0.1387
-0.12604
-0.1131
-0.10117
-0.089784
-0.077189
-0.066086
-0.058571
-0.052245
-0.047589
-0.044456
-0.043438
-0.042851
-0.043561
-0.046083
-0.049463
-0.054453
-0.062827
-0.072003
-0.08126
-0.092537
-0.10624
-0.11934
-0.13437
-0.14909
-0.16208
-0.17414
-0.18695
-0.19831
-0.20815
-0.21712
-0.2233
-0.2273
-0.22877
-0.2285
-0.22507
-0.21864
-0.21179
-0.20313
-0.19067
-0.17877
-0.16707
-0.15324
-0.13957
-0.12717
-0.11439
-0.10173
-0.090766
-0.081023
-0.072877
-0.067359
-0.064449
-0.062568
-0.061348
-0.06369
-0.066703
-0.070012
-0.074981
-0.081196
-0.087641
-0.097075
-0.109
-0.12011
-0.13067
-0.14269
-0.15399
-0.16497
-0.17485
-0.18535
-0.19466
-0.20302
-0.21195
-0.21939
-0.22436
-0.22847
-0.23151
-0.23146
-0.22857
-0.22347
-0.21604
-0.20663
-0.19767
-0.18729
-0.17472
-0.16218
-0.15083
-0.13922
-0.1278
-0.11887
-0.11024
-0.10154
-0.095084
-0.090254
-0.085912
-0.084619
-0.086528
-0.089376
-0.0929
-0.098113
-0.10452
-0.10966
-0.11565
-0.12226
-0.12713
-0.13183
-0.13868
-0.14743
-0.15512
-0.16174
-0.1694
-0.17688
-0.18455
-0.19267
-0.20122
-0.20793
-0.21413
-0.22032
-0.22395
-0.22667
-0.22923
-0.23089
-0.22867
-0.22353
-0.21676
-0.2073
-0.19866
-0.19206
-0.18401
-0.17626
-0.16874
-0.16277
-0.15531
-0.14919
-0.14451
-0.13981
-0.13435
-0.13093
-0.12987
-0.12872
-0.12917
-0.13123
-0.13293
-0.13441
-0.13633
-0.13889
-0.14088
-0.14287
-0.14615
-0.14928
-0.15253
-0.15833
-0.16453
-0.1692
-0.17454
-0.18126
-0.18777
-0.19264
-0.19877
-0.20584
-0.2113
-0.21541
-0.22008
-0.22424
-0.22738
-0.23146
-0.23372
-0.23256
-0.22931
-0.22578
-0.22131
-0.21639
-0.21265
-0.21022
-0.20682
-0.20226
-0.19835
-0.19442
-0.18842
-0.18268
-0.17672
-0.16901
-0.161
-0.15544
-0.15025
-0.14425
-0.14179
-0.14106
-0.13966
-0.13812
-0.13824
-0.13844
-0.13886
-0.13967
-0.14084
-0.14188
-0.14406
-0.14818
-0.15309
-0.15786
-0.16412
-0.17249
-0.18046
-0.18695
-0.19584
-0.20703
-0.21758
-0.22732
-0.23586
-0.2449
-0.25276
-0.25978
-0.26453
-0.26757
-0.26815
-0.26697
-0.26474
-0.26084
-0.25541
-0.24919
-0.24064
-0.23002
-0.21883
-0.20806
-0.19632
-0.18408
-0.17504
-0.16622
-0.1576
-0.15011
-0.14437
-0.13925
-0.13594
-0.13467
-0.13292
-0.13026
-0.12869
-0.1271
-0.12554
-0.12492
-0.1269
-0.13237
-0.13727
-0.14357
-0.1536
-0.16604
-0.17952
-0.19331
-0.20758
-0.22275
-0.238
-0.25263
-0.2664
-0.27974
-0.29138
-0.29996
-0.30724
-0.31109
-0.31235
-0.31125
-0.30772
-0.3018
-0.29425
-0.28652
-0.2763
-0.26454
-0.25266
-0.23989
-0.22553
-0.21166
-0.19903
-0.18613
-0.17341
-0.16276
-0.15147
-0.14158
-0.13326
-0.12569
-0.11909
-0.11357
-0.10826
-0.10491
-0.10307
-0.10352
-0.10644
-0.11324
-0.12298
-0.13525
-0.15041
-0.16632
-0.18282
-0.20038
-0.21848
-0.23471
-0.25027
-0.266
-0.28042
-0.29259
-0.30312
-0.31187
-0.31825
-0.32092
-0.32094
-0.31814
-0.31394
-0.30828
-0.30001
-0.29168
-0.28244
-0.27024
-0.25681
-0.24217
-0.2267
-0.21082
-0.19572
-0.1797
-0.16444
-0.14992
-0.13552
-0.12269
-0.11217
-0.10351
-0.096886
-0.092846
-0.091597
-0.092222
-0.095794
-0.10216
-0.1101
-0.11967
-0.13063
-0.14317
-0.15758
-0.17227
-0.18657
-0.20166
-0.21744
-0.23202
-0.24575
-0.25975
-0.27276
-0.28404
-0.29316
-0.3012
-0.30775
-0.31295
-0.31635
-0.31588
-0.31282
-0.30789
-0.30061
-0.2914
-0.28031
-0.26785
-0.25443
-0.24065
-0.22585
-0.21075
-0.19502
-0.17959
-0.16421
-0.14996
-0.13708
-0.12501
-0.11527
-0.10786
-0.10278
-0.10073
-0.10197
-0.10568
-0.11151
-0.1197
-0.12807
-0.13746
-0.14833
-0.16008
-0.17296
-0.18629
-0.20011
-0.21341
-0.22576
-0.23797
-0.24826
-0.25794
-0.26621
-0.27289
-0.27792
-0.28348
-0.28768
-0.28903
-0.28939
-0.28742
-0.28309
-0.27726
-0.27041
-0.26126
-0.25164
-0.24102
-0.23055
-0.21936
-0.20694
-0.19538
-0.18337
-0.17127
-0.15958
-0.14794
-0.13711
-0.12808
-0.12135
-0.11644
-0.11466
-0.11465
-0.11582
-0.11886
-0.12371
-0.12951
-0.1368
-0.14519
-0.15398
-0.16338
-0.17304
-0.18254
-0.19202
-0.20105
-0.20871
-0.21549
-0.22168
-0.22693
-0.23072
-0.23455
-0.23819
-0.24042
-0.2428
-0.24448
-0.24452
-0.24225
-0.23917
-0.23571
-0.23057
-0.22463
-0.21793
-0.20965
-0.20111
-0.1923
-0.18335
-0.17442
-0.1654
-0.1562
-0.14768
-0.14094
-0.13597
-0.13256
-0.13205
-0.13327
-0.13479
-0.13873
-0.14467
-0.1502
-0.15594
-0.16143
-0.16695
-0.17118
-0.17551
-0.18106
-0.18609
-0.19043
-0.19492
-0.1986
-0.20163
-0.20394
-0.20642
-0.20828
-0.2099
-0.2106
-0.21151
-0.21161
-0.21177
-0.20997
-0.20728
-0.20361
-0.20017
-0.19418
-0.18916
-0.18414
-0.17797
-0.17128
-0.16502
-0.15915
-0.15323
-0.14818
-0.14426
-0.14145
-0.14054
-0.14217
-0.14502
-0.14738
-0.15105
-0.15504
-0.15915
-0.16441
-0.16977
-0.17397
-0.17847
-0.18144
-0.18445
-0.18746
-0.19151
-0.1935
-0.19368
-0.19397
-0.19405
-0.19249
-0.19051
-0.19031
-0.18941
-0.18803
-0.18774
-0.18634
-0.18292
-0.18022
-0.17865
-0.17431
-0.16824
-0.16284
-0.15617
-0.14931
-0.14377
-0.13843
-0.13111
-0.1241
-0.11853
-0.11346
-0.10937
-0.10663
-0.10572
-0.10638
-0.11053
-0.11646
-0.12261
-0.12994
-0.13842
-0.14651
-0.15476
-0.16444
-0.17288
-0.17991
-0.18681
-0.19395
-0.19965
-0.20407
-0.20778
-0.2095
-0.20838
-0.20644
-0.20314
-0.19773
-0.19246
-0.18729
-0.18085
-0.17442
-0.16827
-0.16175
-0.1531
-0.14609
-0.13978
-0.13329
-0.12695
-0.12126
-0.11681
-0.11043
-0.104
-0.098793
-0.091756
-0.084798
-0.079869
-0.074794
-0.07053
-0.068765
-0.069028
-0.071788
-0.077395
-0.085704
-0.094024
-0.10357
-0.11439
-0.12601
-0.13679
-0.14872
-0.16231
-0.17412
-0.1853
-0.19659
-0.20605
-0.21346
-0.22126
-0.2258
-0.22706
-0.22615
-0.2238
-0.21867
-0.21255
-0.20657
-0.19934
-0.19046
-0.18248
-0.17419
-0.16377
-0.15234
-0.14178
-0.13181
-0.12066
-0.11004
-0.10028
-0.088922
-0.077816
-0.068646
-0.05956
-0.049547
-0.042889
-0.03744
-0.032721
-0.02958
-0.029892
-0.033449
-0.039825
-0.049031
-0.058937
-0.069219
-0.081262
-0.094024
-0.10667
-0.11958
-0.13345
-0.14718
-0.15895
-0.17145
-0.18391
-0.1942
-0.2029
-0.21008
-0.21491
-0.21662
-0.21663
-0.21469
-0.21116
-0.20605
-0.2
-0.19375
-0.18585
-0.17666
-0.166
-0.15314
-0.13953
-0.12748
-0.11436
-0.10056
-0.086277
-0.073771
-0.060358
-0.047657
-0.036828
-0.026994
-0.019281
-0.012636
-0.0090521
-0.0064497
-0.0055197
-0.0079886
-0.012404
-0.018068
-0.025804
-0.034884
-0.04465
-0.05444
-0.066326
-0.079194
-0.091229
-0.10475
-0.11982
-0.13504
-0.14917
-0.16352
-0.17595
-0.18643
-0.19482
-0.20098
-0.2021
-0.20067
-0.19816
-0.19501
-0.19063
-0.1844
-0.17808
-0.17084
-0.16264
-0.1537
-0.14371
-0.1312
-0.11877
-0.10677
-0.094443
-0.080536
-0.067323
-0.056229
-0.044741
-0.033109
-0.023366
-0.016081
-0.010616
-0.0060194
-0.0041328
-0.0045594
-0.0072006
-0.011413
-0.017472
-0.02561
-0.03423
-0.043656
-0.054246
-0.065273
-0.077183
-0.089191
-0.10121
-0.11281
-0.12495
-0.13673
-0.14545
-0.15285
-0.1589
-0.16285
-0.16402
-0.1638
-0.16132
-0.15683
-0.153
-0.14957
-0.14471
-0.1391
-0.13455
-0.12951
-0.12212
-0.11304
-0.10458
-0.095652
-0.08541
-0.074523
-0.064002
-0.054102
-0.044467
-0.035269
-0.0277
-0.02114
-0.015992
-0.011689
-0.0078235
-0.0060961
-0.0056651
-0.0074296
-0.011262
-0.016323
-0.023106
-0.030181
-0.036987
-0.043927
-0.052741
-0.061391
-0.069879
-0.078756
-0.087935
-0.096289
-0.10337
-0.10973
-0.1156
-0.11868
-0.12089
-0.1229
-0.12327
-0.12216
-0.1197
-0.11618
-0.11241
-0.10845
-0.10397
-0.098261
-0.092558
-0.086791
-0.08028
-0.074028
-0.066371
-0.05934
-0.052372
-0.045964
-0.039498
-0.033642
-0.029599
-0.025988
-0.022605
-0.019681
-0.016422
-0.01308
-0.011015
-0.010734
-0.011084
-0.013208
-0.016776
-0.021622
-0.027806
-0.033466
-0.039582
-0.046916
-0.053942
-0.061294
-0.068061
-0.075523
-0.081509
-0.08778
-0.093161
-0.098267
-0.10221
-0.10514
-0.10671
-0.10778
-0.10749
-0.10624
-0.10355
-0.10071
-0.097853
-0.094158
-0.090073
-0.086362
-0.082933
-0.07783
-0.071266
-0.065969
-0.060841
-0.054478
-0.047474
-0.041153
-0.035016
-0.028122
-0.021702
-0.015631
-0.011035
-0.0054782
2.2616e-005
0.0036372
0.0061245
0.0064992
0.003792
-0.00047256
-0.0053962
-0.011419
-0.018013
-0.024906
-0.030795
-0.036224
-0.043165
-0.050235
-0.056759
-0.062923
-0.06864
-0.073556
-0.077865
-0.081936
-0.08526
-0.087389
-0.088973
-0.090608
-0.090589
-0.088665
-0.086501
-0.083646
-0.080237
-0.07651
-0.072774
-0.069402
-0.06513
-0.060119
-0.054786
-0.049383
-0.043998
-0.038707
-0.033244
-0.027141
-0.022077
-0.017538
-0.012803
-0.0088086
-0.004877
-0.00070321
0.0025428
0.0048375
0.0061895
0.0076836
0.0080147
0.0074499
0.0066793
0.005855
0.0034653
0.0011714
-0.0023542
-0.0063414
-0.011791
-0.018013
-0.024787
-0.032652
-0.040372
-0.048225
-0.055503
-0.062383
-0.068305
-0.072047
-0.075225
-0.077649
-0.078556
-0.078359
-0.078421
-0.0775
-0.076288
-0.074761
-0.07352
-0.071687
-0.06926
-0.06585
-0.062075
-0.058129
-0.053454
-0.047731
-0.042555
-0.037969
-0.032646
-0.027429
-0.022035
-0.016576
-0.010386
-0.0051069
-0.0007938
0.003179
0.0065626
0.0090349
0.01036
0.011491
0.012743
0.013383
0.012558
0.011115
0.0085944
0.004801
0.00061206
-0.0046033
-0.010543
-0.015943
-0.020806
-0.025672
-0.030842
-0.034244
-0.038243
-0.042974
-0.04737
-0.05261
-0.057536
-0.062563
-0.067915
-0.071544
-0.075183
-0.077867
-0.079818
-0.079796
-0.07796
-0.075544
-0.071567
-0.067052
-0.062904
-0.058371
-0.053291
-0.048311
-0.042707
-0.037143
-0.030647
-0.024688
-0.018758
-0.013108
-0.0071162
-0.0018958
0.0030209
0.0073136
0.010923
0.014371
0.017532
0.020486
0.022558
0.023667
0.023822
0.022994
0.021595
0.0191
0.015721
0.011665
0.007634
0.0021492
-0.0032861
-0.0095988
-0.016542
-0.023372
-0.030256
-0.03687
-0.041972
-0.047508
-0.052508
-0.05661
-0.059604
-0.06202
-0.064294
-0.065264
-0.065736
-0.065232
-0.064612
-0.064718
-0.063693
-0.062902
-0.061458
-0.060466
-0.058714
-0.055122
-0.050078
-0.044245
-0.038081
-0.031492
-0.025154
-0.019829
-0.01442
-0.0098934
-0.0060949
-0.0032979
-0.00043111
0.0023496
0.0052619
0.0073279
0.0090679
0.010145
0.010683
0.011072
0.010741
0.010563
0.0088213
0.006269
0.0032964
-0.00054718
-0.0048809
-0.010242
-0.015022
-0.020638
-0.026181
-0.031337
-0.036441
-0.04176
-0.046535
-0.050997
-0.055129
-0.058712
-0.062689
-0.064812
-0.066854
-0.067298
-0.066799
-0.064974
-0.061975
-0.058941
-0.05502
-0.050937
-0.04721
-0.04298
-0.039724
-0.037751
-0.035781
-0.034065
-0.032527
-0.031261
-0.029531
-0.027246
-0.025265
-0.022
-0.018354
-0.015475
-0.012922
-0.0098819
-0.0074977
-0.0052295
-0.0031334
-0.00060452
0.0017649
0.003095
0.0042306
0.0047492
0.0049116
0.0038599
0.0025913
0.0013059
-0.00084072
-0.0038786
-0.0067086
-0.0099485
-0.013805
-0.017921
-0.021665
-0.025037
-0.029006
-0.031588
-0.034473
-0.037026
-0.03944
-0.041352
-0.041896
-0.042467
-0.042359
-0.042363
-0.042066
-0.04201
-0.040576
-0.039488
-0.037876
-0.036417
-0.03472
-0.033271
-0.031745
-0.029829
-0.027382
-0.025065
-0.023273
-0.021398
-0.020519
-0.019678
-0.018657
-0.018251
-0.017577
-0.015961
-0.013914
-0.0096354
-0.0055577
-0.0025619
0.00064694
0.0034345
0.0055722
0.0057122
0.00482
0.003829
0.0021039
-0.00048984
-0.0030091
-0.0061212
-0.010038
-0.013557
-0.017243
-0.020121
-0.023662
-0.026517
-0.029389
-0.03205
-0.035169
-0.037083
-0.038836
-0.040338
-0.04076
-0.041401
-0.041225
-0.04035
-0.039688
-0.039016
-0.03841
-0.037973
-0.036356
-0.035801
-0.035099
-0.0337
-0.031765
-0.030589
-0.029027
-0.027117
-0.024295
-0.020532
-0.017024
-0.012654
-0.0084365
-0.003961
-0.00019072
0.0011129
0.00073713
-0.00040995
-0.0019438
-0.0033315
-0.0044398
-0.0066114
-0.0082194
-0.0098092
-0.011116
-0.013297
-0.014682
-0.016876
-0.018559
-0.020722
-0.021901
-0.02312
-0.024102
-0.024833
-0.024743
-0.02561
-0.025558
-0.024996
-0.023737
-0.022086
-0.020776
-0.018336
-0.016384
-0.014803
-0.013004
-0.010712
-0.0092386
-0.0081921
-0.0065904
-0.0051646
-0.0041983
-0.0039458
-0.0033761
-0.0034389
-0.0033475
-0.0031273
-0.0032425
-0.0038423
-0.0042415
-0.0054312
-0.0073666
-0.0083194
-0.010034
-0.011688
-0.01256
-0.013853
-0.015165
-0.016948
-0.018237
-0.019102
-0.020188
-0.02127
-0.023157
-0.024655
-0.026217
-0.027815
-0.029197
-0.029802
-0.030171
-0.028235
-0.02462
-0.021084
-0.016729
-0.012502
-0.0091173
-0.0056721
-0.0028173
-0.00080138
0.0011165
0.0028717
0.0045083
0.0059535
0.0062437
0.0063072
0.006457
0.0056615
0.0043168
0.0026179
0.00059769
-0.0016023
-0.0042234
-0.0067133
-0.0095007
-0.013121
-0.016617
-0.019832
-0.023244
-0.026245
-0.029123
-0.031335
-0.033761
-0.035604
-0.037089
-0.038254
-0.038707
-0.03922
-0.039643
-0.038147
-0.036404
-0.035026
-0.032649
-0.028636
-0.024952
-0.021247
-0.016929
-0.011878
-0.0067968
-0.0027472
9.6694e-005
0.0020424
0.0040987
0.0051183
0.0051887
0.0057812
0.0060498
0.0061178
0.0065948
0.0064285
0.0057035
0.0045982
0.0029503
0.000543
-0.0020736
-0.0045964
-0.0076228
-0.0106
-0.013166
-0.015161
-0.01836
-0.021176
-0.023378
-0.025043
-0.026894
-0.028272
-0.02899
-0.028791
-0.028858
-0.028324
-0.027484
-0.026295
-0.024585
-0.022995
-0.021398
-0.018845
-0.016911
-0.015509
-0.013615
-0.011661
-0.0091348
-0.0071279
-0.0050246
-0.002742
-0.00032295
0.000975
0.0029651
0.0048482
0.0064022
0.0072286
0.008917
0.010165
0.010972
0.011986
0.012187
0.011551
0.0095254
0.0063265
0.0027607
-0.0012153
-0.0053797
-0.010266
-0.015228
-0.020083
-0.023184
-0.02521
-0.026777
-0.027416
-0.028244
-0.027781
-0.027522
-0.027953
-0.027716
-0.028146
-0.028301
-0.028365
-0.027726
-0.025915
-0.024042
-0.022473
-0.020222
-0.01844
-0.016865
-0.015038
-0.013368
-0.011548
-0.009518
-0.0073114
-0.0055722
-0.0039891
-0.0025227
-0.002348
-0.0017184
-0.0013258
-0.0017344
-0.0024891
-0.0028495
-0.0034153
-0.0043604
-0.0064188
-0.0084096
-0.010551
-0.012956
-0.015737
-0.016874
-0.017395
-0.017481
-0.017218
-0.01667
-0.01576
-0.015599
-0.01533
-0.015436
-0.016541
-0.017826
-0.019
-0.020363
-0.02161
-0.022198
-0.02306
-0.023055
-0.023132
-0.022
-0.020851
-0.019565
-0.018445
-0.017729
-0.016624
-0.016253
-0.016043
-0.015644
-0.015041
-0.014346
-0.013777
-0.013255
-0.012627
-0.013254
-0.013796
-0.013876
-0.014199
-0.014775
-0.014893
-0.014533
-0.014317
-0.014745
-0.015489
-0.015092
-0.015063
-0.014957
-0.014925
-0.014308
-0.01327
-0.012326
-0.01196
-0.011141
-0.010123
-0.0091847
-0.0087147
-0.0070201
-0.0047111
-0.0032089
-0.00094174
0.00086111
0.0016945
0.003266
0.003729
0.0050276
0.0060452
0.0072801
0.0075221
0.0059262
0.0034588
0.00025507
-0.0037579
-0.0071448
-0.010815
-0.013864
-0.015847
-0.01682
-0.017775
-0.018495
-0.019346
-0.019999
-0.021122
-0.021745
-0.02282
-0.023787
-0.024328
-0.024585
-0.025452
-0.025951
-0.026704
-0.026867
-0.026129
-0.024872
-0.022989
-0.021174
-0.019881
-0.018382
-0.01667
-0.01506
-0.012982
-0.011348
-0.0093275
-0.0070696
-0.0051529
-0.0036452
-0.0022676
-0.00075965
-2.9739e-005
0.00056355
0.00062851
0.00015354
0.0002782
0.00019131
-0.00012863
-0.00050308
-0.001467
-0.0012463
-0.00078582
-0.0013918
-0.00029819
0.00033831
0.0012092
0.0011716
0.00010543
-0.0023651
-0.0054754
-0.0087623
-0.012017
-0.015476
-0.017995
-0.020452
-0.021985
-0.022842
-0.023675
-0.024283
-0.024866
-0.025858
-0.025432
-0.025663
-0.025093
-0.02411
-0.023625
-0.022347
-0.021457
-0.020458
-0.01932
-0.018637
-0.017272
-0.015715
-0.01343
-0.012196
-0.010612
-0.0087521
-0.0076975
-0.0068075
-0.0055473
-0.0047122
-0.0034998
-0.0026309
-0.0015342
1.7346e-005
0.00065449
0.0013614
0.0015376
0.0012811
0.0019557
0.0022419
0.0031567
0.0043199
0.0045351
0.0053975
0.0059911
0.0067385
0.0071477
0.0072325
0.0075676
0.007777
0.0077405
0.0081494
0.0082689
0.0080458
0.0059829
0.0028824
0.00036085
-0.0017017
-0.0048198
-0.007935
-0.010258
-0.011735
-0.01282
-0.013934
-0.01324
-0.01329
-0.013441
-0.013348
-0.013526
-0.014062
-0.015376
-0.016262
-0.016954
-0.017692
-0.018127
-0.018284
-0.017315
-0.01678
-0.016745
-0.015476
-0.014852
-0.013523
-0.012465
-0.011119
-0.0092504
-0.00791
-0.0063548
-0.0049809
-0.003807
-0.0019273
-0.00078482
-0.00015977
0.00075365
0.0012072
0.0026984
0.0030332
0.0034056
0.004163
0.0041643
0.0032116
0.0022016
0.0022478
0.0025554
0.003646
0.005544
0.0063251
0.0074111
0.0080224
0.0077582
0.0069447
0.0039382
0.00075991
-0.0018604
-0.0053635
-0.0084664
-0.011442
-0.013649
-0.0154
-0.017638
-0.019119
-0.019814
-0.02145
-0.021973
-0.022398
-0.022692
-0.022419
-0.022689
-0.022296
-0.022246
-0.021749
-0.021166
-0.020158
-0.018595
-0.017203
-0.015866
-0.014581
-0.013044
-0.011163
-0.010105
-0.0088686
-0.0072542
-0.0058027
-0.0043672
-0.0037211
-0.0020016
-0.00046604
0.00023259
0.00087153
0.0021133
0.003092
0.0041201
0.0052082
0.0062512
0.0073425
0.0084592
0.0092602
0.0093666
0.0099828
0.010848
0.011183
0.011971
0.011883
0.012703
0.012616
0.012902
0.013084
0.011818
0.010407
0.0076935
0.0036867
0.00099494
-0.00263
-0.0056916
-0.0086502
-0.011202
-0.011857
-0.012726
-0.013421
-0.013641
-0.014596
-0.014589
-0.015666
-0.016852
-0.01784
-0.019582
-0.020885
-0.021795
-0.022723
-0.023355
-0.023651
-0.02352
-0.023631
-0.023014
-0.022432
-0.021781
-0.020828
-0.019523
-0.018129
-0.01701
-0.015787
-0.014236
-0.012924
-0.011115
-0.0093808
-0.0085545
-0.0064571
-0.0054813
-0.0045888
-0.003442
-0.0026393
-0.0015779
-0.00092637
-0.00045393
2.8162e-006
0.00043429
0.0023372
0.0034143
0.0054777
0.0071289
0.0087425
0.010134
0.01045
0.0094597
0.0067542
0.0035441
0.00064956
-0.0025887
-0.0050942
-0.0085356
-0.01137
-0.013499
-0.015893
-0.017732
-0.01948
-0.021409
-0.022559
-0.024117
-0.025071
-0.02638
-0.02685
-0.027418
-0.028184
-0.027991
-0.027778
-0.027629
-0.026609
-0.025367
-0.024362
-0.022998
-0.021664
-0.02011
-0.018808
-0.017355
-0.015634
-0.014061
-0.012085
-0.010687
-0.0094483
-0.007856
-0.0062968
-0.0049631
-0.0040066
-0.0024864
-0.0014616
-0.00046876
0.0012269
0.0020882
0.0037233
0.0046042
0.0052399
0.0058552
0.0064386
0.0071407
0.0075439
0.0083394
0.0092467
0.0093725
0.0098157
0.010362
0.010452
0.0092829
0.0071872
0.0051193
0.0022366
-0.0007119
-0.0035484
-0.0062126
-0.0078765
-0.0086821
-0.0092067
-0.01009
-0.010141
-0.010046
-0.010864
-0.011068
-0.011376
-0.012565
-0.01403
-0.016159
-0.017388
-0.018714
-0.020301
-0.020953
-0.022113
-0.022775
-0.023267
-0.023762
-0.023205
-0.023472
-0.023114
-0.023128
-0.023303
-0.022358
-0.021618
-0.020793
-0.019892
-0.018624
-0.0176
-0.017016
-0.016048
-0.015021
-0.013822
-0.012621
-0.011732
-0.010319
-0.0094097
-0.007933
-0.0060283
-0.0039583
-0.001018
0.0016279
0.0041286
0.007086
0.0093138
0.011441
0.011213
0.010477
0.0086379
0.006029
0.0039141
0.00087382
-0.001803
-0.0039523
-0.0061961
-0.007659
-0.0097432
-0.011501
-0.013168
-0.015104
-0.017046
-0.019013
-0.021077
-0.022782
-0.024169
-0.025128
-0.025814
-0.026536
-0.026766
-0.026783
-0.027247
-0.027524
-0.027048
-0.026597
-0.026219
-0.025676
-0.024478
-0.023485
-0.022573
-0.021272
-0.019846
-0.018697
-0.017357
-0.016112
-0.014256
-0.012246
-0.010654
-0.0089371
-0.0073656
-0.0057255
-0.0044595
-0.0034265
-0.0015754
-0.00021358
0.0016513
0.0029007
0.004511
0.005957
0.0069652
0.0079052
0.0088769
0.0099875
0.010563
0.010969
0.010454
0.008723
0.0068611
0.0038959
0.0011274
-0.001189
-0.0036085
-0.0054906
-0.0062226
-0.0059104
-0.0054713
-0.0053475
-0.0050255
-0.0054538
-0.0056561
-0.0057255
-0.0070258
-0.0081518
-0.0092983
-0.010485
-0.011546
-0.013187
-0.014401
-0.015808
-0.017365
-0.018441
-0.018968
-0.019384
-0.020257
-0.020925
-0.021261
-0.021619
-0.022026
-0.0222
-0.022325
-0.022099
-0.021871
-0.021614
-0.020982
-0.021067
-0.020954
-0.020154
-0.019571
-0.018528
-0.017444
-0.016785
-0.015967
-0.014819
-0.01234
-0.009599
-0.0062233
-0.0021024
0.00079703
0.003849
0.0067682
0.0080331
0.0080618
0.0079146
0.0069357
0.0057008
0.0040097
0.0028411
0.001488
0.00070508
0.00016661
-0.0011655
-0.0021576
-0.0031489
-0.0043346
-0.005484
-0.0073741
-0.0087999
-0.010233
-0.012168
-0.013701
-0.014743
-0.015205
-0.016588
-0.017367
-0.018349
-0.019317
-0.019803
-0.020486
-0.021466
-0.021467
-0.021222
-0.021693
-0.021252
-0.020867
-0.020367
-0.019775
-0.019571
-0.018875
-0.017708
-0.017167
-0.016199
-0.015222
-0.013915
-0.01225
-0.011307
-0.009817
-0.0084058
-0.0068148
-0.0050984
-0.0039097
-0.0020878
-0.00068629
0.00058734
0.0023682
0.0035413
0.0053065
0.0066541
0.0076989
0.0081601
0.0078259
0.0068293
0.0055045
0.0034534
0.0021247
0.00026551
-0.0015641
-0.0022559
-0.0017655
-0.0012504
-0.00041627
-0.00026112
0.00032768
0.00056067
0.00024078
-0.00040591
-0.00169
-0.0027017
-0.004143
-0.0052786
-0.0062645
-0.0076991
-0.0086438
-0.010131
-0.011538
-0.012768
-0.014002
-0.014974
-0.016235
-0.01731
-0.018114
-0.019351
-0.019789
-0.021292
-0.021982
-0.022758
-0.023669
-0.023825
-0.024669
-0.024617
-0.024779
-0.024944
-0.024682
-0.024199
-0.023885
-0.023464
-0.022557
-0.020443
-0.01786
-0.014074
-0.011848
-0.0085736
-0.0050263
-0.0025186
-0.00067585
-0.00021484
0.00051646
-1.5021e-005
-0.00016202
-0.00043924
-0.0011011
-0.0011303
-0.0016909
-0.0012538
-0.0011955
-0.0011574
-0.0011063
-0.0015846
-0.0013991
-0.0022678
-0.0028984
-0.0033799
-0.00451
-0.0052342
-0.0065658
-0.0075275
-0.0080703
-0.0093407
-0.009875
-0.010915
-0.011758
-0.012048
-0.013032
-0.01352
-0.014036
-0.014358
-0.014815
-0.015764
-0.015882
-0.016509
-0.01686
-0.01752
-0.017283
-0.016272
-0.016017
-0.015558
-0.015488
-0.015006
-0.014491
-0.013736
-0.013097
-0.012004
-0.010874
-0.0096822
-0.0086684
-0.0081112
-0.0065366
-0.0048035
-0.0037992
-0.002456
-0.00082594
0.00095304
0.0020304
0.0020501
0.0017207
0.00050123
-0.00071397
-0.0027801
-0.0048433
-0.0057036
-0.0064588
-0.0051541
-0.0041411
-0.0022864
-0.00092226
-0.0002402
0.0011984
0.0012155
0.001335
0.0011103
0.0007648
0.00072026
0.00028573
-7.7695e-005
-0.0011147
-0.0019944
-0.0027185
-0.0036477
-0.0043254
-0.0050556
-0.0057837
-0.0064046
-0.007717
-0.0090536
-0.010567
-0.012137
-0.013544
-0.014898
-0.016522
-0.017255
-0.018179
-0.019429
-0.020225
-0.021406
-0.022126
-0.023132
-0.024103
-0.024776
-0.025559
-0.025004
-0.024221
-0.02257
-0.019169
-0.016853
-0.013616
-0.010606
-0.0084259
-0.0065478
-0.0068087
-0.0065091
-0.0071549
-0.0075522
-0.0072957
-0.0078593
-0.007156
-0.0068788
-0.0057463
-0.0050113
-0.004397
-0.0037929
-0.0035836
-0.003092
-0.0023429
-0.0018691
-0.0015284
-0.0015632
-0.0012531
-0.0015461
-0.0018802
-0.0022146
-0.0022118
-0.0024514
-0.0026138
-0.002847
-0.0033102
-0.0033983
-0.0039544
-0.004176
-0.0052115
-0.0057008
-0.0058742
-0.0065666
-0.0066152
-0.0071431
-0.0072324
-0.0079745
-0.0085909
-0.0088859
-0.0095294
-0.009025
-0.0092885
-0.0090739
-0.0087516
-0.0090814
-0.0084819
-0.0078793
-0.0076264
-0.0069959
-0.0070052
-0.0064027
-0.0060565
-0.0047828
-0.0035361
-0.0028797
-0.0016631
-0.0010976
-0.00087357
-0.0017622
-0.0034416
-0.0051599
-0.0070698
-0.0081756
-0.010254
-0.011105
-0.01053
-0.0089407
-0.0070934
-0.005587
-0.0037905
-0.0021563
-0.00060103
0.00061117
0.0013835
0.0016915
0.0021194
0.0023539
0.0021943
0.0027211
0.0022056
0.0020735
0.0020392
0.0015003
0.0012979
0.00090766
0.00051088
-0.00032907
-0.00084109
-0.0018978
-0.003397
-0.0040215
-0.0054753
-0.0064966
-0.0074272
-0.0084992
-0.009544
-0.011113
-0.012141
-0.013406
-0.01472
-0.01571
-0.017129
-0.017884
-0.01891
-0.018725
-0.017129
-0.016003
-0.013744
-0.011957
-0.010136
-0.0081575
-0.0069374
-0.006654
-0.0072768
-0.0073552
-0.0084703
-0.0095426
-0.010306
-0.010724
-0.011013
-0.01054
-0.0097435
-0.0087872
-0.0081921
-0.0077527
-0.0066827
-0.0062932
-0.0051813
-0.004367
-0.0041681
-0.0033508
-0.0033668
-0.0028496
-0.0025966
-0.0018916
-0.0012632
-0.00099827
-0.00032976
-0.00019057
6.9663e-005
0.00052329
8.4853e-005
0.000475
0.00034192
0.00069708
0.00087789
0.00082379
0.00082243
9.5726e-005
-0.00031357
-0.00074889
-0.0013071
-0.00087023
-0.001241
-0.00079173
-0.0012306
-0.0011914
-0.0010574
-0.0014197
-0.00086087
-0.0010855
-0.00070826
-0.00065256
-0.00016438
0.00090123
0.0010984
0.0013935
0.0016305
0.002074
0.0024237
0.0022657
0.0014839
5.0978e-006
-0.0012962
-0.0029885
-0.0048561
-0.0068628
-0.0081807
-0.0089667
-0.0088758
-0.0081368
-0.0074303
-0.0060742
-0.0046455
-0.0031579
-0.0023453
-0.0015047
-0.0011308
-0.001045
-0.00098821
-0.00052342
-9.0129e-005
6.9509e-005
0.00030138
0.0012185
0.0012792
0.0015312
0.0012895
0.001585
0.0013179
0.0012022
0.0017065
0.0016854
0.001579
0.0012462
0.00016021
-0.00054623
-0.0017264
-0.0021805
-0.0033134
-0.0044446
-0.0051811
-0.0063801
-0.0073937
-0.008476
-0.0093407
-0.010193
-0.010418
-0.0090201
-0.0079987
-0.0060316
-0.0041536
-0.0027608
-0.00094472
-0.00020568
-0.00025434
-0.0011858
-0.0023224
-0.0037255
-0.0055347
-0.0071772
-0.0081667
-0.00953
-0.0097632
-0.0096872
-0.0092667
-0.008876
-0.0088172
-0.0083174
-0.0082344
-0.0081017
-0.0074562
-0.0073664
-0.0073449
-0.0073441
-0.0067981
-0.0063572
-0.0059264
-0.0054237
-0.0050647
-0.004537
-0.0037719
-0.0031806
-0.0024385
-0.0021043
-0.0014954
-0.0011832
-0.00058737
-0.00027853
-0.00031096
0.00058114
0.00026796
0.000371
0.00086838
0.0016766
0.0019625
0.002101
0.0021302
0.0017963
0.0018747
0.0020185
0.0019941
0.0023801
0.0027459
0.002487
0.003141
0.0036662
0.00413
0.0047677
0.0052722
0.0055736
0.0064565
0.0072163
0.0067549
0.0061924
0.0048839
0.0028586
0.00064839
-0.0016765
-0.0038609
-0.005915
-0.0072617
-0.0078311
-0.0079328
-0.0069237
-0.0063119
-0.0047247
-0.0032142
-0.0026852
-0.0014208
-0.0013097
-0.0016879
-0.0019538
-0.0020706
-0.0024362
-0.0025648
-0.0023679
-0.0019781
-0.001849
-0.0017429
-0.0019721
-0.0017821
-0.0017751
-0.0017217
-0.0017899
-0.0016799
-0.0015273
-0.0014721
-0.0014351
-0.0016797
-0.0022011
-0.0025993
-0.0032728
-0.0037737
-0.0042605
-0.0050319
-0.005185
-0.0054996
-0.0061397
-0.0064498
-0.0067719
-0.0058101
-0.0052305
-0.003595
-0.0015083
0.00033264
0.0022714
0.0038489
0.0043471
0.0031515
0.0020336
0.00063239
-0.00069283
-0.0019443
-0.003147
-0.0036479
-0.0045219
-0.0046912
-0.0044611
-0.0045165
-0.0043278
-0.0045337
-0.0042834
-0.0045218
-0.0046643
-0.0046037
-0.0048279
-0.0044107
-0.0041963
-0.0037731
-0.0035437
-0.0030663
-0.0025244
-0.0026516
-0.0018049
-0.0016399
-0.00084958
-0.00063209
-0.0011341
-2.0245e-005
-0.00050836
5.6975e-005
7.3742e-005
-0.00015911
-7.3915e-005
-0.00029316
-3.9356e-005
0.00027187
0.00052607
0.0009678
0.00076538
0.00081668
0.0010484
0.0012622
0.0017518
0.0018955
0.0024121
0.0030851
0.0035382
0.0041315
0.0047359
0.0055646
0.0060919
0.0069451
0.0074084
0.0080151
0.0083356
0.0082854
0.0076847
0.0059445
0.0039537
0.0017952
-0.00060713
-0.0023132
-0.0042733
-0.0051959
-0.0051374
-0.0048779
-0.0036976
-0.0034064
-0.0017404
-0.00077703
7.7863e-005
0.00060466
0.00034583
0.0002251
-0.00041725
-0.00046518
-0.00089045
-0.0012917
-0.0012887
