925
926
925
925
925
925
925
925
925
924
924
924
924
924
923
922
923
924
923
923
923
924
924
925
925
925
925
925
925
925
924
924
924
924
924
923
923
923
924
923
923
923
924
924
925
925
925
925
926
926
925
925
926
926
925
926
925
925
926
925
924
924
924
924
924
924
924
925
925
925
924
925
925
925
925
924
924
925
923
923
923
923
922
923
923
923
923
923
924
923
923
924
924
924
924
923
924
924
924
924
923
924
924
924
923
923
922
922
923
923
922
922
923
923
923
922
922
922
923
922
921
921
922
921
920
920
920
920
920
920
920
920
921
921
921
921
920
921
921
921
920
920
920
921
919
918
918
918
918
918
918
918
917
918
918
918
918
919
919
919
919
919
919
919
919
918
918
918
918
917
918
917
917
917
916
916
916
917
917
916
917
917
918
918
918
917
918
918
917
917
916
917
917
916
915
915
915
916
916
916
915
916
916
917
918
918
918
918
918
918
918
917
918
918
917
916
916
916
916
915
914
914
915
915
915
915
915
915
916
916
916
916
916
915
915
915
915
915
915
915
915
915
915
915
915
915
915
916
916
917
917
918
917
917
916
916
916
917
915
914
913
913
913
914
913
912
912
912
913
913
913
913
913
913
914
914
914
914
914
914
914
915
914
913
913
913
913
913
913
913
913
913
914
914
914
914
914
915
915
915
915
915
915
915
915
914
914
914
914
913
913
912
912
912
913
913
912
912
913
914
913
912
912
911
912
912
911
911
910
910
911
911
910
910
910
911
911
911
912
911
912
913
913
913
913
913
913
913
913
913
913
912
911
911
912
911
911
911
912
912
912
912
912
913
914
913
913
912
913
913
913
913
912
912
912
912
911
910
910
910
910
911
911
910
911
911
912
912
912
912
912
912
912
911
910
911
911
911
910
910
909
909
910
909
909
909
909
910
910
909
908
910
910
909
910
909
910
909
909
909
908
909
909
908
907
908
908
908
908
908
908
909
909
908
909
909
909
908
908
908
908
908
908
907
907
907
908
907
907
907
907
908
908
907
907
908
908
908
908
908
909
909
908
908
907
907
907
906
905
905
905
906
905
905
904
906
906
906
906
906
907
907
907
907
907
907
907
906
905
905
905
905
905
904
905
906
905
904
905
905
906
906
907
908
908
908
908
908
908
908
908
908
907
908
908
908
908
907
908
908
909
909
908
909
910
909
909
909
910
909
909
909
908
908
909
908
908
908
908
907
907
906
907
907
908
908
908
908
908
909
908
909
909
909
908
908
908
908
909
908
908
908
908
908
907
907
907
908
908
908
907
908
909
909
909
908
909
909
908
908
908
908
907
907
906
905
905
906
906
906
906
907
907
907
907
908
908
908
908
907
906
907
907
907
907
906
906
907
906
906
906
907
908
908
908
908
908
909
908
908
907
908
907
907
907
907
907
907
906
906
906
906
906
906
905
905
905
906
906
905
904
905
906
905
905
905
904
905
905
905
905
905
905
905
905
905
906
907
906
906
906
907
907
907
907
907
908
908
907
906
906
906
907
906
906
906
907
906
906
906
906
906
906
907
907
907
908
907
907
907
907
907
907
907
907
906
905
905
906
906
906
906
906
907
908
907
908
908
908
907
907
906
906
906
906
906
906
905
906
905
905
905
905
906
906
906
906
906
907
908
907
907
906
907
908
907
907
907
907
908
907
907
908
909
910
910
911
911
913
914
914
915
915
916
917
918
919
919
920
921
921
922
922
923
925
927
928
929
930
933
935
937
939
941
943
946
947
948
949
952
954
957
959
961
963
967
970
974
977
980
983
985
989
992
997
999
1002
1005
1010
1014
1020
1024
1029
1033
1037
1042
1048
1053
1058
1062
1066
1072
1078
1084
1091
1096
1102
1107
1114
1120
1127
1133
1139
1144
1150
1157
1165
1173
1182
1188
1195
1202
1210
1217
1225
1233
1240
1248
1255
1263
1271
1280
1288
1297
1304
1312
1321
1331
1341
1350
1358
1367
1377
1386
1395
1404
1413
1425
1436
1445
1453
1464
1474
1485
1494
1504
1514
1524
1535
1546
1557
1567
1577
1588
1600
1612
1623
1633
1642
1655
1668
1680
1691
1701
1714
1727
1737
1749
1760
1774
1787
1800
1810
1821
1833
1847
1861
1873
1885
1896
1910
1925
1938
1950
1962
1975
1989
2002
2015
2028
2040
2054
2068
2084
2097
2110
2121
2136
2150
2163
2177
2190
2204
2219
2234
2250
2264
2276
2288
2303
2318
2334
2349
2362
2378
2393
2407
2421
2435
2450
2465
2478
2492
2509
2525
2541
2556
2570
2585
2601
2616
2628
2643
2657
2673
2689
2703
2718
2732
2749
2764
2778
2793
2810
2826
2840
2854
2869
2886
2903
2915
2929
2947
2964
2980
2993
3007
3022
3038
3054
3067
3081
3095
3112
3127
3145
3160
3173
3185
3201
3219
3236
3250
3262
3277
3294
3310
3326
3343
3357
3371
3384
3400
3419
3433
3445
3458
3476
3494
3507
3519
3536
3554
3569
3581
3595
3609
3626
3641
3654
3669
3685
3700
3713
3727
3739
3754
3771
3785
3797
3808
3823
3841
3857
3869
3881
3895
3910
3925
3938
3951
3967
3981
3998
4011
4023
4033
4049
4066
4080
4091
4104
4116
4131
4144
4158
4169
4179
4189
4206
4221
4234
4244
4256
4271
4285
4300
4312
4322
4331
4342
4357
4370
4382
4394
4404
4417
4432
4443
4453
4466
4482
4492
4502
4511
4527
4537
4546
4556
4571
4584
4595
4606
4617
4629
4642
4657
4666
4674
4687
4702
4710
4719
4733
4745
4758
4765
4776
4788
4800
4809
4818
4826
4838
4852
4860
4866
4875
4889
4900
4907
4916
4929
4939
4948
4957
4964
4975
4988
4996
5002
5014
5027
5034
5040
5052
5064
5071
5078
5090
5101
5110
5117
5124
5130
5136
5148
5158
5168
5175
5181
5190
5201
5213
5218
5223
5229
5240
5249
5260
5266
5270
5275
5286
5296
5305
5312
5318
5322
5331
5342
5348
5353
5359
5370
5377
5387
5393
5398
5407
5417
5426
5430
5435
5446
5454
5458
5465
5473
5480
5486
5491
5495
5504
5510
5514
5517
5527
5536
5539
5544
5554
5562
5565
5571
5574
5581
5591
5600
5602
5605
5611
5618
5625
5635
5638
5639
5643
5652
5654
5657
5663
5670
5676
5681
5685
5691
5699
5703
5706
5708
5717
5720
5722
5726
5733
5740
5743
5747
5754
5761
5764
5767
5768
5776
5784
5786
5788
5797
5803
5804
5808
5815
5821
5824
5827
5828
5834
5842
5844
5845
5849
5855
5859
5866
5869
5870
5872
5880
5885
5886
5890
5897
5902
5905
5906
5907
5913
5920
5921
5922
5930
5937
5936
5939
5945
5951
5956
5959
5960
5964
5972
5973
5973
5979
5986
5987
5988
5995
6000
6000
6003
6009
6011
6018
6020
6020
6022
6029
6032
6033
6035
6040
6045
6047
6048
6048
6053
6059
6058
6059
6062
6066
6066
6068
6074
6077
6078
6080
6079
6083
6089
6093
6093
6094
6094
6097
6103
6104
6104
6105
6111
6114
6118
6118
6118
6122
6128
6133
6131
6133
6138
6141
6146
6146
6145
6143
6144
6149
6151
6156
6157
6154
6153
6159
6163
6162
6163
6163
6165
6170
6176
6173
6173
6173
6176
6180
6185
6184
6183
6184
6189
6191
6192
6192
6190
6195
6201
6199
6198
6199
6203
6205
6207
6206
6203
6207
6211
6215
6215
6215
6213
6216
6221
6225
6223
6224
6224
6226
6230
6231
6229
6229
6234
6236
6239
6240
6239
6237
6241
6245
6247
6246
6247
6249
6252
6258
6256
6254
6253
6258
6260
6260
6260
6259
6262
6267
6265
6262
6263
6266
6268
6268
6267
6269
6273
6277
6279
6277
6277
6275
6277
6282
6285
6282
6282
6281
6283
6287
6287
6286
6283
6289
6291
6290
6291
6290
6291
6295
6299
6297
6297
6301
6303
6305
6309
6307
6306
6310
6314
6315
6314
6314
6316
6319
6319
6317
6315
6319
6322
6321
6321
6320
6321
6324
6329
6325
6322
6322
6324
6326
6325
6324
6321
6325
6329
6330
6328
6328
6331
6333
6338
6336
6333
6332
6336
6337
6340
6343
6340
6338
6338
6340
6342
6346
6348
6344
6345
6343
6344
6348
6351
6349
6348
6348
6350
6352
6356
6354
6351
6351
6354
6355
6358
6361
6362
6360
6360
6358
6360
6365
6365
6363
6361
6359
6356
6359
6363
6364
6362
6362
6358
6360
6364
6366
6362
6361
6359
6356
6359
6363
6364
6361
6360
6357
6354
6359
6361
6362
6365
6364
6362
6362
6365
6366
6368
6368
6366
6363
6363
6365
6366
6370
6372
6370
6369
6372
6373
6375
6375
6373
6369
6374
6376
6377
6381
6378
6374
6372
6371
6372
6374
6374
6372
6370
6368
6371
6372
6376
6375
6371
6370
6374
6374
6376
6377
6375
6373
6377
6379
6380
6383
6382
6379
6383
6386
6387
6385
6384
6381
6383
6387
6389
6390
6389
6388
6385
6388
6392
6392
6394
6394
6392
6389
6388
6390
6391
6395
6393
6390
6390
6389
6389
6391
6395
6393
6391
6391
6388
6389
6392
6395
6392
6391
6390
6391
6394
6397
6394
6393
6392
6394
6395
6399
6401
6398
6397
6396
6397
6399
6402
6403
6402
6401
6398
6400
6402
6405
6403
6402
6401
6402
6405
6408
6404
6401
6401
6398
6399
6402
6405
6401
6400
6404
6404
6407
6406
6403
6401
6405
6406
6407
6406
6404
6401
6404
6407
6408
6407
6406
6403
6406
6410
6408
6405
6405
6407
6408
6407
6406
6403
6405
6408
6406
6403
6402
6404
6405
6408
6407
6404
6407
6410
6411
6410
6410
6411
6410
6410
6408
6409
6413
6411
6409
6408
6411
6412
6411
6411
6412
6415
6414
6412
6413
6416
6418
6416
6414
6419
6420
6418
6417
6418
6420
6424
6422
6419
6422
6421
6419
6418
6421
6422
6420
6419
6422
6424
6423
6420
6421
6425
6423
6420
6418
6422
6423
6420
6420
6422
6424
6423
6421
6417
6420
6424
6420
6420
6419
6420
6418
6417
6415
6416
6419
6418
6415
6414
6418
6415
6412
6411
6412
6414
6414
6411
6414
6414
6413
6409
6412
6416
6412
6410
6414
6416
6413
6413
6410
6412
6416
6414
6411
6413
6417
6418
6416
6415
6416
6417
6416
6414
6411
6414
6413
6410
6408
6411
6413
6410
6409
6411
6412
6412
6410
6408
6411
6409
6406
6405
6408
6410
6407
6406
6403
6404
6408
6411
6407
6406
6409
6410
6408
6407
6404
6406
6410
6407
6404
6403
6406
6406
6405
6403
6400
6397
6401
6402
6404
6403
6400
6396
6399
6402
6402
6401
6398
6395
6392
6396
6398
6399
6402
6400
6396
6394
6397
6398
6401
6400
6396
6393
6391
6392
6394
6398
6400
6395
6394
6392
6392
6395
6398
6395
6392
6390
6393
6393
6397
6395
6392
6391
6393
6395
6397
6400
6397
6394
6393
6394
6395
6399
6400
6401
6400
6398
6394
6397
6400
6400
6398
6397
6394
6395
6399
6400
6401
6399
6397
6394
6392
6395
6396
6398
6397
6394
6392
6396
6397
6398
6396
6394
6391
6388
6392
6392
6394
6393
6390
6387
6390
6392
6393
6391
6390
6386
6389
6392
6394
6394
6394
6392
6389
6392
6394
6394
6397
6396
6392
6391
6394
6395
6396
6400
6397
6394
6393
6395
6396
6399
6397
6394
6392
6391
6392
6393
6397
6394
6390
6389
6392
6392
6395
6394
6392
6390
6393
6395
6396
6399
6397
6394
6393
6391
6391
6394
6397
6394
6393
6392
6393
6394
6397
6399
6400
6399
6396
6391
6390
6394
6395
6397
6395
6392
6388
6392
6394
6391
6389
6387
6383
6386
6390
6387
6384
6383
6384
6386
6389
6391
6388
6387
6385
6386
6389
6392
6389
6386
6385
6386
6387
6391
6393
6394
6393
6392
6389
6391
6394
6395
6398
6397
6394
6391
6390
6393
6393
6397
6399
6395
6394
6393
6394
6396
6400
6401
6398
6397
6395
6397
6400
6402
6398
6397
6395
6392
6395
6398
6400
6397
6395
6392
6393
6397
6399
6399
6401
6400
6397
6395
6398
6400
6401
6401
6398
6394
6398
6400
6401
6404
6403
6399
6397
6401
6401
6403
6402
6400
6397
6400
6402
6404
6407
6405
6402
6404
6408
6409
6406
6406
6408
6410
6409
6408
6404
6407
6410
6408
6406
6409
6411
6407
6407
6404
6406
6409
6408
6405
6403
6406
6408
6405
6403
6401
6401
6405
6407
6403
6403
6401
6402
6405
6408
6405
6403
6406
6408
6404
6404
6402
6403
6406
6409
6405
6404
6407
6409
6406
6405
6402
6403
6407
6409
6405
6403
6407
6407
6409
6409
6406
6408
6412
6409
6406
6405
6407
6409
6407
6407
6403
6405
6409
6410
6407
6407
6409
6409
6409
6407
6408
6412
6410
6408
6405
6409
6411
6408
6407
6406
6406
6410
6409
6405
6407
6411
6408
6405
6404
6406
6408
6411
6409
6406
6409
6412
6409
6406
6410
6412
6410
6410
6408
6409
6413
6410
6407
6406
6410
6407
6404
6403
6405
6406
6410
6408
6405
6409
6412
6408
6407
6407
6408
6411
6410
6408
6409
6413
6415
6412
6411
6410
6411
6410
6410
6411
6414
6413
6411
6408
6412
6410
6407
6406
6409
6410
6409
6408
6408
6411
6411
6409
6410
6414
6412
6409
6407
6411
6412
6410
6410
6411
6414
6413
6410
6411
6415
6413
6410
6409
6411
6409
6406
6406
6407
6410
6409
6406
6402
6405
6408
6409
6408
6406
6408
6410
6410
6408
6405
6410
6411
6408
6407
6410
6411
6410
6410
6411
6413
6413
6410
6408
6412
6414
6411
6411
6414
6415
6414
6412
6414
6417
6416
6415
6416
6421
6423
6419
6419
6422
6424
6422
6421
6422
6424
6425
6422
6420
6425
6422
6419
6418
6421
6418
6417
6417
6418
6420
6420
6418
6420
6424
6423
6418
6422
6426
6423
6422
6426
6427
6425
6425
6423
6425
6424
6423
6420
6424
6422
6419
6419
6422
6420
6418
6418
6420
6417
6416
6414
6415
6418
6417
6414
6413
6416
6418
6415
6414
6412
6413
6417
6415
6412
6411
6414
6416
6413
6412
6414
6415
6415
6413
6410
6413
6416
6412
6411
6410
6411
6410
6410
6412
6414
6413
6410
6407
6411
6414
6411
6410
6414
6411
6409
6409
6410
6411
6412
6410
6411
6416
6414
6410
6413
6416
6414
6412
6411
6413
6414
6414
6412
6414
6417
6416
6413
6416
6420
6417
6416
6416
6417
6414
6415
6413
6415
6418
6417
6413
6412
6416
6417
6416
6416
6417
6419
6418
6416
6413
6417
6419
6416
6415
6418
6419
6418
6418
6415
6416
6420
6418
6416
6420
6423
6420
6418
6422
6423
6421
6419
6422
6423
6422
6421
6422
6425
6428
6425
6423
6426
6428
6425
6424
6426
6427
6427
6425
6426
6429
6432
6429
6427
6431
6432
6429
6427
6424
6424
6425
6423
6419
6423
6426
6422
6420
6424
6421
6417
6416
6419
6419
6418
6417
6418
6421
6419
6416
6417
6421
6422
6420
6419
6421
6422
6420
6418
6420
6422
6422
6419
6420
6424
6421
6418
6418
6420
6417
6416
6415
6416
6417
6417
6414
6411
6415
6417
6413
6412
6409
6410
6409
6408
6404
6406
6410
6408
6405
6404
6407
6408
6407
6405
6400
6402
6406
6408
6405
6404
6400
6401
6405
6407
6404
6403
6406
6407
6409
6409
6405
6408
6412
6409
6406
6406
6408
6409
6408
6407
6402
6405
6408
6410
6408
6408
6410
6411
6411
6409
6410
6414
6412
6409
6411
6415
6413
6410
6410
6412
6414
6413
6410
6412
6415
6414
6410
6408
6412
6409
6406
6406
6408
6409
6408
6406
6404
6406
6410
6407
6405
6408
6409
6411
6411
6409
6410
6413
6412
6410
6408
6412
6413
6409
6408
6406
6407
6411
6409
6405
6408
6410
6408
6406
6405
6406
6407
6411
6409
6406
6409
6412
6408
6406
6404
6406
6408
6408
6405
6402
6405
6407
6404
6403
6401
6402
6404
6403
6400
6397
6401
6403
6403
6403
6400
6397
6400
6402
6403
6401
6400
6397
6399
6403
6404
6400
6400
6396
6393
6396
6399
6399
6401
6400
6397
6395
6395
6396
6397
6400
6398
6394
6393
6396
6396
6398
6401
6398
6396
6394
6396
6397
6400
6402
6399
6398
6397
6397
6400
6402
6403
6401
6399
6396
6396
6400
6402
6403
6401
6400
6400
6402
6406
6407
6405
6404
6405
6406
6410
6408
6405
6408
6411
6411
6410
6409
6411
6413
6412
6409
6410
6414
6412
6409
6407
6410
6412
6409
6408
6410
6412
6412
6410
6411
6415
6413
6410
6408
6412
6413
6410
6410
6407
6409
6409
6406
6403
6403
6405
6406
6405
6403
6401
6402
6406
6408
6405
6404
6402
6402
6406
6404
6402
6400
6404
6405
6402
6402
6400
6401
6405
6406
6403
6402
6400
6402
6404
6407
6405
6402
6402
6404
6405
6405
6403
6399
6402
6405
6406
6405
6404
6400
6402
6406
6407
6405
6405
6407
6407
6411
6410
6408
6410
6414
6411
6409
6414
6415
6412
6412
6410
6411
6411
6410
6408
6411
6410
6407
6405
6408
6411
6408
6408
6411
6412
6411
6410
6411
6414
6414
6412
6413
6418
6419
6417
6417
6419
6421
6419
6418
6416
6419
6418
6416
6414
6418
6416
6415
6415
6417
6418
6417
6416
6413
6415
6419
6417
6414
6414
6416
6414
6413
6411
6412
6416
6415
6412
6416
6420
6417
6414
6419
6421
6418
6419
6421
6422
6421
6420
6418
6420
6420
6418
6415
6420
6422
6419
6419
6422
6423
6422
6420
6423
6426
6426
6423
6425
6429
6427
6425
6429
6432
6429
6428
6427
6428
6432
6431
6428
6430
6434
6433
6430
6435
6437
6438
6437
6435
6437
6440
6439
6436
6434
6438
6435
6433
6432
6435
6436
6436
6433
6435
6438
6438
6436
6434
6438
6436
6434
6435
6436
6434
6434
6432
6434
6434
6433
6430
6433
6436
6434
6432
6436
6438
6435
6435
6434
6436
6435
6434
6430
6433
6433
6431
6429
6434
6436
6433
6432
6435
6437
6436
6435
6436
6439
6438
6435
6433
6437
6439
6436
6436
6438
6440
6439
6439
6440
6443
6442
6440
6442
6446
6444
6442
6446
6448
6445
6444
6442
6444
6447
6446
6443
6446
6450
6447
6444
6449
6451
6448
6447
6450
6451
6450
6449
6445
6448
6452
6449
6447
6451
6453
6450
6450
6453
6454
6453
6452
6448
6451
6455
6452
6449
6453
6455
6453
6453
6452
6453
6456
6455
6452
6455
6459
6457
6454
6458
6460
6458
6458
6456
6457
6461
6459
6456
6460
6463
6460
6458
6458
6460
6457
6457
6455
6456
6460
6458
6456
6459
6463
6459
6457
6461
6463
6465
6464
6462
6464
6467
6466
6462
6462
6465
6466
6464
6463
6464
6467
6466
6464
6460
6465
6467
6464
6463
6461
6462
6465
6465
6462
6460
6464
6461
6458
6459
6461
6462
6462
6461
6462
6465
6464
6461
6459
6463
6464
6461
6461
6458
6459
6464
6462
6459
6462
6465
6462
6460
6460
6462
6459
6458
6456
6458
6458
6456
6458
6461
6459
6456
6454
6458
6460
6457
6457
6459
6461
6460
6458
6455
6459
6461
6458
6456
6460
6462
6459
6459
6456
6458
6457
6454
6451
6455
6454
6452
6451
6455
6452
6450
6450
6451
6454
6454
6452
6453
6457
6454
6451
6450
6454
6451
6449
6449
6450
6453
6452
6449
6450
6455
6453
6450
6448
6452
6449
6447
6446
6448
6450
6450
6448
6449
6453
6451
6447
6446
6449
6450
6449
6448
6450
6453
6451
6449
6446
6450
6452
6450
6449
6453
6453
6452
6451
6448
6450
6455
6452
6449
6453
6455
6452
6451
6454
6455
6453
6452
6448
6451
6454
6451
6448
6452
6453
6451
6451
6448
6449
6452
6451
6447
6450
6454
6451
6448
6448
6450
6447
6446
6444
6446
6449
6447
6445
6447
6451
6448
6445
6445
6446
6448
6447
6445
6446
6450
6448
6446
6449
6452
6449
6446
6446
6447
6449
6449
6447
6448
6452
6450
6446
6445
6449
6450
6447
6446
6448
6450
6449
6447
6447
6451
6449
6446
6449
6452
6449
6446
6445
6447
6449
6448
6446
6447
6450
6449
6446
6444
6447
6449
6446
6445
6446
6448
6452
6450
6446
6449
6453
6448
6446
6445
6447
6446
6450
6448
6445
6448
6451
6448
6446
6445
6447
6448
6447
6445
6445
6450
6447
6443
6442
6446
6447
6444
6443
6444
6441
6441
6438
6439
6443
6441
6437
6440
6443
6439
6437
6435
6437
6437
6437
6434
6434
6438
6436
6432
6433
6436
6432
6429
6427
6429
6429
6426
6422
6423
6424
6421
6417
6412
6415
6416
6410
6408
6408
6407
6404
6401
6396
6395
6397
6396
6394
6391
6387
6385
6385
6386
6384
6378
6375
6370
6368
6368
6367
6366
6359
6356
6354
6352
6351
6351
6344
6338
6334
6332
6329
6329
6324
6317
6310
6310
6308
6305
6300
6295
6291
6289
6288
6282
6276
6274
6273
6268
6261
6256
6249
6245
6243
6238
6230
6222
6220
6218
6210
6203
6198
6195
6190
6183
6177
6169
6165
6162
6160
6151
6142
6136
6133
6128
6124
6118
6110
6104
6100
6098
6090
6081
6078
6075
6066
6057
6051
6047
6042
6033
6027
6019
6013
6008
6001
5993
5988
5983
5976
5968
5958
5954
5947
5939
5929
5926
5922
5913
5903
5894
5891
5886
5877
5867
5860
5855
5848
5839
5831
5823
5817
5811
5804
5796
5786
5780
5773
5764
5755
5749
5745
5737
5727
5718
5714
5709
5700
5690
5686
5682
5672
5662
5657
5653
5647
5637
5627
5623
5617
5611
5601
5592
5585
5578
5572
5563
5555
5549
5542
5536
5528
5519
5513
5507
5499
5491
5484
5477
5468
5460
5451
5445
5438
5430
5422
5415
5408
5399
5391
5382
5375
5369
5364
5356
5346
5336
5330
5325
5318
5309
5301
5292
5284
5278
5271
5261
5253
5248
5242
5235
5227
5219
5213
5206
5196
5188
5180
5174
5167
5159
5151
5143
5136
5129
5120
5112
5103
5097
5091
5086
5078
5069
5062
5056
5051
5043
5034
5028
5019
5012
5004
4998
4991
4982
4975
4971
4964
4955
4947
4943
4934
4925
4916
4910
4905
4897
4889
4879
4874
4867
4859
4850
4843
4838
4831
4823
4814
4808
4803
4796
4788
4780
4773
4764
4757
4750
4744
4738
4730
4723
4719
4711
4702
4693
4689
4684
4677
4668
4660
4655
4652
4644
4635
4629
4624
4617
4610
4604
4598
4593
4586
4579
4574
4568
4562
4555
4549
4544
4538
4532
4526
4519
4515
4509
4500
4492
4485
4481
4476
4468
4460
4453
4449
4444
4436
4427
4422
4418
4412
4404
4396
4391
4385
4378
4371
4366
4360
4353
4346
4340
4335
4330
4325
4317
4311
4304
4298
4293
4287
4283
4277
4270
4262
4257
4253
4249
4242
4235
4227
4222
4217
4213
4207
4200
4195
4190
4186
4180
4172
4167
4162
4157
4150
4144
4138
4133
4128
4123
4117
4110
4103
4098
4092
4085
4079
4073
4066
4061
4056
4052
4046
4040
4035
4030
4025
4018
4013
4009
4005
4000
3993
3987
3982
3978
3973
3966
3959
3955
3951
3947
3941
3934
3927
3923
3919
3916
3910
3903
3898
3894
3888
3883
3877
3872
3868
3861
3855
3850
3844
3839
3834
3827
3821
3816
3812
3808
3804
3797
3791
3786
3783
3779
3774
3767
3761
3758
3755
3752
3745
3739
3732
3729
3726
3721
3716
3711
3706
3703
3697
3693
3689
3685
3681
3675
3670
3667
3664
3658
3651
3644
3640
3638
3633
3627
3624
3620
3613
3608
3603
3600
3597
3591
3584
3578
3575
3572
3567
3561
3555
3551
3547
3545
3542
3537
3530
3527
3522
3519
3514
3509
3506
3503
3499
3493
3488
3485
3482
3479
3473
3466
3463
3459
3456
3452
3447
3443
3440
3434
3429
3427
3424
3421
3414
3409
3403
3400
3396
3391
3386
3380
3377
3373
3368
3364
3361
3358
3353
3347
3341
3338
3335
3331
3326
3321
3317
3313
3310
3308
3304
3299
3293
3289
3286
3282
3278
3273
3269
3266
3262
3258
3255
3251
3247
3242
3240
3236
3230
3225
3220
3218
3216
3212
3206
3200
3197
3195
3190
3186
3182
3179
3175
3172
3167
3162
3158
3156
3153
3148
3144
3140
3137
3135
3133
3128
3123
3118
3115
3111
3107
3103
3099
3097
3094
3091
3086
3082
3077
3075
3074
3070
3065
3060
3055
3052
3051
3049
3045
3040
3035
3032
3029
3027
3023
3020
3015
3013
3009
3006
3001
2998
2995
2993
2991
2986
2982
2979
2976
2972
2969
2965
2963
2960
2955
2950
2946
2944
2941
2938
2933
2931
2928
2924
2919
2916
2914
2912
2908
2903
2899
2896
2894
2890
2886
2885
2883
2878
2874
2872
2869
2866
2863
2861
2859
2857
2852
2848
2845
2843
2842
2838
2835
2832
2830
2826
2822
2819
2818
2815
2811
2807
2803
2800
2797
2793
2790
2787
2786
2784
2781
2777
2772
2769
2767
2765
2763
2760
2756
2751
2749
2746
2744
2741
2738
2737
2735
2731
2727
2722
2720
2718
2716
2713
2711
2709
2705
2701
2696
2695
2684
2682
2679
2675
2671
2669
2669
2666
2662
2659
2657
2654
2650
2643
2641
2637
2634
2632
2628
2625
2621
2620
2618
2616
2613
2611
2609
2605
2598
2595
2594
2591
2588
2586
2584
2580
2577
2576
2575
2573
2569
2566
2564
2562
2558
2554
2553
2552
2551
2548
2544
2541
2538
2537
2535
2532
2530
2527
2525
2523
2521
2517
2514
2510
2509
2508
2507
2505
2501
2499
2497
2495
2493
2490
2488
2487
2486
2483
2479
2475
2473
2471
2468
2466
2465
2464
2461
2458
2454
2452
2451
2448
2445
2444
2444
2441
2438
2435
2433
2430
2428
2426
2423
2422
2421
2418
2415
2414
2412
2408
2406
2404
2404
2401
2399
2395
2393
2391
2388
2385
2383
2382
2380
2378
2376
2374
2373
2369
2366
2364
2364
2361
2359
2358
2357
2354
2350
2348
2347
2345
2342
2340
2339
2339
2335
2331
2328
2326
2325
2322
2320
2319
2318
2316
2313
2311
2309
2307
2304
2301
2298
2298
2297
2295
2294
2291
2288
2285
2283
2282
2281
2279
2276
2274
2270
2269
2267
2265
2263
2260
2258
2256
2255
2254
2253
2250
2247
2245
2243
2242
2240
2240
2239
2236
2234
2231
2229
2227
2225
2223
2220
2218
2218
2217
2214
2211
2208
2207
2205
2204
2202
2199
2197
2196
2195
2194
2191
2188
2186
2185
2183
2181
2179
2177
2176
2175
2174
2171
2167
2164
2163
2162
2161
2159
2158
2155
2154
2153
2151
2148
2145
2142
2142
2141
2140
2137
2134
2133
2132
2129
2126
2123
2123
2122
2122
2120
2118
2116
2114
2113
2111
2108
2105
2103
2103
2102
2101
2100
2097
2095
2093
2092
2091
2088
2086
2085
2084
2084
2081
2078
2075
2074
2073
2071
2069
2067
2065
2063
2062
2061
2059
2057
2054
2052
2052
2050
2048
2046
2045
2043
2042
2041
2040
2037
2034
2031
2030
2029
2029
2028
2027
2024
2024
2022
2021
2020
2017
2014
2012
2012
2011
2011
2009
2006
2004
2002
2001
1999
1997
1995
1993
1991
1991
1990
1988
1986
1983
1980
1979
1978
1977
1976
1974
1974
1974
1971
1969
1967
1965
1964
1963
1961
1959
1959
1958
1957
1955
1953
1952
1951
1950
1948
1946
1945
1944
1943
1941
1939
1939
1937
1935
1932
1930
1929
1927
1927
1925
1923
1922
1922
1921
1920
1918
1916
1914
1912
1912
1910
1909
1907
1907
1907
1904
1902
1901
1900
1897
1895
1893
1893
1893
1891
1890
1888
1887
1886
1885
1883
1880
1878
1877
1877
1875
1874
1872
1872
1871
1870
1868
1866
1864
1863
1862
1861
1859
1858
1858
1857
1857
1855
1853
1851
1850
1849
1848
1846
1844
1844
1844
1842
1840
1839
1838
1836
1834
1832
1831
1831
1829
1828
1826
1827
1826
1824
1823
1821
1820
1819
1817
1816
1815
1815
1815
1813
1812
1810
1809
1808
1807
1804
1802
1802
1802
1800
1799
1798
1797
1797
1796
1794
1792
1790
1788
1788
1787
1787
1786
1784
1782
1782
1781
1779
1776
1774
1773
1772
1772
1770
1769
1767
1767
1766
1766
1764
1762
1759
1758
1757
1756
1755
1754
1753
1752
1752
1751
1750
1748
1746
1744
1743
1742
1742
1741
1740
1740
1738
1738
1738
1737
1735
1732
1730
1729
1728
1728
1727
1727
1726
1725
1725
1724
1723
1722
1719
1719
1718
1716
1714
1713
1713
1713
1712
1710
1710
1709
1707
1706
1704
1703
1703
1702
1701
1700
1699
1699
1699
1698
1696
1694
1694
1692
1691
1689
1688
1688
1687
1686
1684
1684
1683
1682
1680
1679
1679
1677
1675
1674
1674
1673
1672
1671
1670
1670
1669
1667
1665
1663
1663
1662
1661
1660
1659
1658
1658
1658
1657
1655
1655
1654
1652
1651
1650
1649
1649
1648
1647
1646
1646
1646
1644
1643
1641
1641
1640
1638
1636
1636
1636
1635
1634
1633
1633
1632
1632
1630
1629
1627
1626
1626
1625
1623
1623
1623
1622
1621
1619
1619
1619
1617
1615
1613
1612
1612
1611
1609
1608
1609
1608
1608
1607
1606
1604
1603
1603
1601
1599
1597
1597
1597
1596
1596
1595
1595
1595
1593
1592
1590
1589
1589
1587
1586
1584
1584
1584
1583
1582
1581
1581
1581
1580
1579
1577
1575
1575
1574
1573
1571
1572
1572
1572
1571
1570
1568
1568
1567
1565
1564
1562
1561
1561
1560
1559
1558
1558
1558
1557
1556
1554
1554
1553
1552
1551
1550
1550
1549
1549
1548
1548
1548
1547
1546
1544
1544
1543
1542
1541
1539
1537
1537
1537
1535
1535
1534
1533
1532
1532
1531
1530
1528
1527
1526
1525
1525
1525
1525
1524
1524
1524
1524
1523
1521
1520
1518
1518
1517
1516
1515
1514
1513
1513
1512
1513
1513
1512
1510
1509
1508
1508
1507
1507
1505
1503
1502
1503
1503
1503
1502
1501
1500
1500
1499
1499
1497
1495
1494
1493
1493
1493
1492
1491
1490
1490
1490
1490
1488
1487
1486
1486
1485
1485
1484
1483
1482
1482
1482
1483
1481
1480
1478
1478
1477
1477
1475
1473
1472
1471
1471
1471
1471
1470
1469
1468
1468
1468
1467
1467
1466
1465
1465
1464
1462
1462
1463
1463
1462
1461
1461
1460
1460
1458
1457
1455
1454
1453
1452
1451
1451
1451
1451
1451
1449
1449
1448
1448
1446
1445
1444
1443
1443
1441
1440
1440
1440
1440
1440
1439
1439
1438
1437
1437
1435
1434
1432
1431
1431
1430
1429
1428
1429
1429
1428
1427
1428
1427
1427
1426
1425
1424
1423
1423
1422
1421
1420
1420
1420
1420
1419
1419
1418
1418
1416
1415
1414
1413
1412
1411
1410
1409
1409
1409
1409
1409
1407
1406
1406
1405
1405
1404
1403
1402
1402
1401
1400
1399
1398
1398
1399
1397
1396
1395
1395
1395
1394
1393
1391
1391
1390
1389
1388
1388
1388
1388
1388
1387
1385
1386
1385
1384
1383
1383
1382
1381
1381
1380
1379
1379
1380
1379
1378
1377
1377
1377
1376
1375
1373
1373
1372
1371
1369
1367
1368
1368
1367
1366
1366
1366
1365
1364
1363
1362
1362
1361
1360
1358
1358
1358
1358
1357
1356
1356
1357
1356
1355
1354
1354
1353
1352
1350
1349
1349
1348
1347
1346
1347
1347
1348
1347
1346
1346
1346
1346
1344
1342
1341
1341
1341
1339
1338
1337
1337
1338
1338
1337
1336
1336
1335
1335
1334
1333
1333
1332
1332
1331
1329
1328
1329
1329
1328
1327
1326
1326
1326
1326
1325
1324
1323
1323
1323
1321
1320
1320
1320
1320
1319
1318
1319
1319
1318
1317
1316
1316
1315
1314
1312
1311
1311
1311
1310
1309
1308
1309
1309
1308
1307
1307
1306
1307
1305
1305
1304
1304
1303
1302
1301
1300
1301
1301
1300
1300
1300
1300
1300
1299
1298
1298
1297
1295
1294
1293
1292
1292
1292
1291
1290
1290
1291
1290
1289
1288
1288
1288
1288
1286
1284
1284
1283
1283
1283
1282
1281
1280
1281
1281
1281
1280
1279
1278
1277
1276
1275
1275
1274
1274
1274
1273
1272
1271
1270
1271
1271
1271
1271
1270
1269
1267
1266
1266
1266
1266
1265
1265
1265
1264
1263
1263
1262
1261
1262
1262
1262
1261
1261
1260
1259
1258
1256
1256
1256
1256
1255
1255
1254
1254
1253
1253
1253
1253
1253
1252
1251
1250
1249
1248
1248
1248
1248
1248
1248
1247
1248
1247
1246
1246
1246
1246
1245
1245
1244
1243
1241
1240
1240
1240
1239
1239
1239
1238
1238
1236
1237
1237
1237
1237
1236
1236
1234
1234
1234
1234
1234
1233
1231
1231
1230
1231
1231
1230
1231
1230
1229
1228
1227
1227
1227
1226
1226
1224
1223
1222
1221
1221
1222
1222
1222
1221
1220
1219
1217
1217
1217
1217
1217
1216
1216
1215
1215
1214
1214
1214
1215
1215
1214
1213
1212
1212
1212
1212
1211
1209
1209
1208
1207
1207
1207
1206
1206
1205
1206
1206
1206
1205
1204
1203
1202
1203
1203
1202
1201
1200
1198
1198
1198
1199
1198
1197
1196
1196
1197
1197
1197
1196
1194
1194
1195
1195
1194
1192
1191
1191
1191
1191
1191
1191
1190
1190
1190
1190
1190
1190
1189
1188
1187
1187
1187
1186
1185
1183
1184
1183
1184
1184
1185
1184
1184
1183
1183
1183
1183
1182
1182
1181
1180
1180
1180
1179
1178
1178
1178
1178
1179
1178
1178
1177
1178
1178
1178
1177
1176
1176
1175
1175
1174
1174
1173
1172
1173
1173
1173
1174
1174
1174
1173
1173
1173
1172
1172
1171
1170
1170
1169
1169
1169
1168
1167
1167
1167
1168
1168
1168
1167
1167
1166
1166
1166
1165
1165
1164
1164
1164
1164
1163
1162
1162
1161
1162
1162
1162
1161
1160
1159
1158
1158
1158
1158
1157
1156
1155
1154
1154
1154
1154
1155
1155
1154
1154
1154
1154
1154
1154
1154
1153
1152
1150
1150
1150
1150
1149
1150
1150
1150
1150
1149
1149
1148
1148
1148
1148
1147
1147
1146
1145
1144
1145
1144
1143
1142
1142
1142
1143
1142
1141
1141
1141
1141
1141
1141
1141
1140
1139
1140
1139
1139
1138
1138
1137
1137
1137
1138
1138
1138
1138
1138
1138
1138
1137
1137
1136
1135
1135
1135
1134
1133
1132
1133
1132
1133
1132
1132
1132
1132
1133
1133
1133
1132
1131
1130
1130
1130
1130
1130
1129
1128
1128
1128
1128
1129
1128
1128
1128
1128
1128
1127
1127
1126
1125
1125
1125
1124
1123
1122
1121
1121
1121
1122
1122
1123
1122
1123
1122
1122
1122
1122
1122
1122
1121
1120
1118
1117
1117
1117
1117
1118
1117
1116
1116
1116
1117
1117
1116
1115
1115
1115
1114
1115
1114
1113
1112
1111
1111
1111
1111
1110
1110
1111
1111
1111
1111
1110
1110
1110
1110
1110
1110
1109
1108
1108
1108
1108
1107
1107
1106
1107
1107
1107
1107
1107
1107
1106
1106
1106
1105
1105
1105
1104
1104
1104
1104
1103
1102
1102
1101
1102
1102
1102
1102
1102
1101
1102
1101
1101
1100
1099
1099
1098
1099
1098
1097
1096
1095
1096
1096
1095
1095
1094
1095
1095
1094
1094
1093
1092
1092
1091
1092
1091
1090
1090
1089
1089
1090
1090
1090
1090
1090
1089
1088
1089
1088
1088
1088
1089
1087
1086
1085
1085
1086
1085
1085
1085
1084
1084
1085
1085
1085
1084
1084
1082
1083
1083
1082
1083
1082
1081
1080
1080
1080
1080
1080
1080
1079
1079
1079
1080
1080
1080
1080
1079
1079
1079
1078
1078
1078
1077
1077
1077
1077
1077
1076
1077
1077
1077
1077
1078
1079
1077
1076
1075
1075
1075
1075
1074
1074
1073
1073
1073
1073
1072
1072
1071
1072
1072
1073
1073
1072
1073
1072
1073
1072
1071
1071
1070
1071
1071
1071
1070
1069
1068
1068
1069
1069
1069
1068
1068
1068
1068
1068
1068
1067
1066
1065
1065
1065
1065
1064
1063
1063
1063
1063
1063
1063
1063
1063
1063
1063
1063
1063
1062
1063
1063
1063
1061
1060
1059
1058
1059
1059
1059
1059
1058
1058
1058
1059
1059
1058
1057
1056
1056
1056
1056
1056
1056
1055
1054
1053
1054
1053
1054
1054
1054
1054
1054
1055
1055
1056
1055
1054
1053
1054
1054
1054
1053
1052
1051
1051
1052
1051
1051
1051
1051
1051
1053
1053
1052
1052
1052
1052
1052
1053
1051
1051
1050
1050
1049
1049
1049
1048
1048
1047
1047
1048
1049
1049
1048
1048
1048
1049
1048
1048
1046
1045
1045
1045
1045
1045
1045
1044
1043
1043
1043
1043
1043
1044
1044
1043
1043
1044
1044
1043
1043
1042
1042
1042
1042
1041
1040
1039
1039
1040
1040
1039
1039
1039
1039
1040
1040
1040
1039
1038
1037
1037
1038
1037
1037
1036
1036
1035
1035
1035
1036
1035
1035
1035
1035
1035
1036
1035
1034
1033
1033
1033
1033
1032
1032
1031
1030
1030
1031
1031
1031
1031
1031
1031
1031
1031
1031
1032
1033
1033
1032
1031
1031
1030
1030
1031
1031
1031
1030
1029
1029
1030
1030
1031
1030
1031
1031
1031
1030
1029
1029
1030
1030
1030
1029
1028
1027
1026
1026
1026
1026
1026
1027
1027
1027
1026
1026
1026
1027
1026
1026
1027
1026
1025
1025
1024
1024
1024
1024
1024
1024
1024
1024
1024
1025
1025
1026
1026
1026
1026
1026
1026
1025
1024
1024
1024
1024
1024
1023
1022
1021
1020
1021
1021
1021
1022
1021
1021
1021
1022
1022
1021
1020
1020
1020
1020
1020
1020
1020
1019
1019
1018
1018
1018
1018
1019
1019
1019
1019
1019
1019
1020
1019
1018
1018
1018
1018
1018
1018
1017
1016
1015
1015
1016
1016
1016
1016
1016
1016
1017
1017
1016
1016
1016
1016
1016
1015
1014
1014
1014
1013
1013
1014
1013
1012
1012
1012
1013
1013
1012
1011
1011
1011
1011
1012
1011
1010
1010
1010
1010
1010
1009
1008
1007
1007
1008
1009
1008
1007
1008
1008
1008
1009
1009
1008
1008
1008
1009
1008
1008
1008
1007
1007
1007
1007
1007
1008
1007
1007
1007
1008
1008
1008
1008
1007
1006
1007
1007
1006
1006
1005
1004
1003
1003
1003
1003
1004
1003
1003
1003
1004
1004
1005
1005
1004
1004
1005
1005
1005
1005
1004
1003
1003
1003
1003
1003
1003
1003
1003
1003
1004
1004
1004
1003
1004
1004
1004
1004
1003
1002
1001
1001
1001
1000
1000
999
999
999
999
998
998
998
998
999
999
999
998
998
998
998
998
997
997
996
997
996
997
997
996
996
996
996
997
998
997
998
998
998
998
998
998
997
996
996
996
996
996
995
994
993
994
994
994
994
994
994
995
995
995
995
994
994
994
994
994
993
992
991
991
991
992
992
992
992
991
992
992
993
993
993
993
993
992
993
993
993
992
991
990
990
990
990
990
989
989
990
990
991
991
991
991
991
991
991
991
990
990
990
990
990
990
989
989
989
989
989
988
988
989
989
990
989
989
989
988
989
989
989
988
988
987
987
987
987
986
986
985
986
986
987
987
987
986
986
987
987
987
986
985
985
984
985
985
984
984
984
984
984
985
985
984
984
983
983
984
984
984
983
983
982
982
982
982
981
980
980
980
980
981
980
980
980
981
981
982
982
982
981
980
981
981
981
980
979
979
978
979
979
979
978
978
978
978
978
980
980
980
980
980
980
980
980
980
980
979
978
978
978
978
978
977
977
977
977
977
977
978
978
979
978
978
978
978
978
978
978
978
977
977
976
975
976
976
976
976
976
977
977
978
978
979
979
978
977
976
977
976
976
976
976
975
975
974
974
974
975
974
974
974
974
975
975
975
974
974
974
974
974
974
973
973
972
972
972
972
973
972
971
971
972
973
973
972
972
972
973
972
973
972
972
971
971
971
971
971
970
969
970
970
971
970
970
970
971
971
970
969
968
969
969
969
969
968
966
965
966
966
966
965
965
964
965
965
966
966
966
965
964
964
964
965
964
964
963
963
963
963
962
962
962
961
961
960
961
962
962
963
962
962
961
960
961
960
961
961
960
959
959
959
959
958
957
957
957
958
958
957
957
957
958
958
957
957
957
958
957
957
956
956
956
956
955
956
956
956
956
956
957
957
958
958
958
958
959
958
958
958
958
959
958
957
957
958
958
957
957
957
957
957
957
957
958
958
958
958
958
958
958
958
957
956
956
956
956
955
954
955
955
955
955
956
956
956
956
956
957
957
957
956
956
957
956
956
955
955
955
954
954
954
954
955
954
954
954
955
956
955
955
955
956
956
956
956
956
956
955
955
955
955
954
954
954
954
954
954
954
954
954
954
955
954
953
953
954
953
