0.00084993
0.00080466
0.0010666
0.00088516
0.0010933
0.00077375
3.1401e-005
-7.0848e-005
-0.0010241
-0.0015078
-0.0021919
-0.0030408
-0.0035759
-0.0038994
-0.0038168
-0.00417
-0.0048246
-0.0054374
-0.005589
-0.0058772
-0.0062593
-0.0067415
-0.0073676
-0.0075883
-0.008391
-0.0092399
-0.0098502
-0.010095
-0.010655
-0.010983
-0.011638
-0.011823
-0.012519
-0.012863
-0.01358
-0.013766
-0.014324
-0.014533
-0.014648
-0.015055
-0.015131
-0.015424
-0.015094
-0.015133
-0.015045
-0.015123
-0.014794
-0.01439
-0.01453
-0.014146
-0.013973
-0.012958
-0.012475
-0.011996
-0.011354
-0.01099
-0.010095
-0.0097567
-0.0089017
-0.0084428
-0.0077661
-0.0071931
-0.0064625
-0.0060799
-0.0056347
-0.0051109
-0.0051836
-0.0050699
-0.0051261
-0.0047474
-0.0043031
-0.0040508
-0.0042189
-0.0041602
-0.0040854
-0.0039725
-0.0041343
-0.0046608
-0.0048141
-0.0052294
-0.0053225
-0.0065015
-0.0067614
-0.007224
-0.0073698
-0.0079424
-0.0086336
-0.0090015
-0.0099694
-0.010308
-0.011485
-0.011918
-0.013194
-0.01401
-0.01495
-0.015974
-0.01701
-0.018538
-0.019304
-0.020923
-0.021878
-0.022367
-0.021164
-0.01997
-0.018429
-0.016262
-0.014117
-0.011529
-0.0093321
-0.008137
-0.0081952
-0.0082831
-0.0079099
-0.0075856
-0.0075148
-0.0076385
-0.0075415
-0.0076467
-0.0078009
-0.0080718
-0.0081726
-0.0085776
-0.0084128
-0.0085456
-0.0082506
-0.0076946
-0.0072973
-0.0069316
-0.0066455
-0.0060134
-0.0055386
-0.0047567
-0.0045938
-0.0040954
-0.0040606
-0.003615
-0.003558
-0.0036502
-0.0031822
-0.0033682
-0.0030406
-0.0033854
-0.0037849
-0.0041086
-0.0043219
-0.0041809
-0.0045812
-0.005092
-0.0060508
-0.0061112
-0.0067784
-0.0070451
-0.007583
-0.0079885
-0.0082391
-0.0089508
-0.0095635
-0.01006
-0.010372
-0.010782
-0.011207
-0.011732
-0.01198
-0.012426
-0.012542
-0.013026
-0.013211
-0.013668
-0.013895
-0.013775
-0.014026
-0.014051
-0.014285
-0.013742
-0.013773
-0.013651
-0.013827
-0.013692
-0.013282
-0.013512
-0.013298
-0.013337
-0.012621
-0.012302
-0.012011
-0.011582
-0.011426
-0.010697
-0.010345
-0.0096828
-0.0096007
-0.009184
-0.0087187
-0.0081262
-0.007708
-0.0072341
-0.0067026
-0.0065901
-0.0065487
-0.0064409
-0.0062109
-0.005941
-0.0058031
-0.0064202
-0.0066218
-0.007197
-0.007278
-0.0080787
-0.0092304
-0.010084
-0.011298
-0.012321
-0.013625
-0.013519
-0.012274
-0.010758
-0.0090557
-0.0071919
-0.0050135
-0.0036271
-0.001953
-0.001957
-0.0018062
-0.0027028
-0.003099
-0.0034587
-0.0043988
-0.0050975
-0.0062525
-0.0065857
-0.0075327
-0.0084987
-0.0095301
-0.01025
-0.011128
-0.011945
-0.012523
-0.01248
-0.012225
-0.012257
-0.012168
-0.012302
-0.012193
-0.011769
-0.011442
-0.011272
-0.011036
-0.011039
-0.010189
-0.0097227
-0.0092103
-0.0086024
-0.0081747
-0.0074396
-0.0073286
-0.0069254
-0.0065865
-0.0061545
-0.005813
-0.0054802
-0.0046955
-0.004227
-0.0032631
-0.0033599
-0.0029572
-0.00297
-0.0026547
-0.0024022
-0.0023662
-0.0020934
-0.0021227
-0.0017892
-0.0017555
-0.0019814
-0.0023226
-0.0022211
-0.0022404
-0.0025674
-0.003138
-0.003649
-0.0037228
-0.0037593
-0.0037529
-0.0042513
-0.0043847
-0.004963
-0.0054442
-0.0061691
-0.0066269
-0.0072686
-0.0078673
-0.0083261
-0.0091983
-0.0094931
-0.01012
-0.010223
-0.010829
-0.011299
-0.01175
-0.012098
-0.012149
-0.012829
-0.012929
-0.013373
-0.012773
-0.012757
-0.012628
-0.012887
-0.012927
-0.012628
-0.012844
-0.012513
-0.012616
-0.012017
-0.012013
-0.011673
-0.011902
-0.012035
-0.01237
-0.012372
-0.012738
-0.013342
-0.013721
-0.013927
-0.013557
-0.012762
-0.01052
-0.007763
-0.0050334
-0.0024995
0.00075782
0.0031174
0.0049912
0.0056096
0.0054502
0.0061769
0.0059607
0.0061506
0.0058191
0.0048949
0.0041497
0.0032898
0.0027759
0.0017131
0.00068253
-0.00084315
-0.0013484
-0.00201
-0.0026301
-0.0031082
-0.0036751
-0.003819
-0.0045265
-0.0050559
-0.0056999
-0.0058753
-0.0063944
-0.0068542
-0.0074648
-0.0078714
-0.0081978
-0.0084134
-0.0091296
-0.0094428
-0.009852
-0.010092
-0.010119
-0.010493
-0.010539
-0.010751
-0.010643
-0.010777
-0.010807
-0.010845
-0.010628
-0.010178
-0.010133
-0.0096966
-0.0094752
-0.0085517
-0.0081481
-0.007743
-0.0073052
-0.0071616
-0.0063161
-0.0059726
-0.0051481
-0.0047775
-0.0041156
-0.0037372
-0.0028224
-0.0022238
-0.0016677
-0.00091592
-0.00084863
-0.00048887
-0.00023239
0.00046601
0.00097927
0.0011668
0.00075179
0.0011259
0.0010116
0.0013343
0.0011205
0.00045236
0.00018472
-0.00028602
-0.00037106
-0.0011851
-0.0012645
-0.0018063
-0.0025679
-0.0029058
-0.0037462
-0.0047793
-0.0054451
-0.0058883
-0.0066191
-0.0070456
-0.0076136
-0.0080818
-0.0086988
-0.0091213
-0.0098574
-0.010921
-0.01107
-0.012201
-0.013275
-0.014219
-0.015233
-0.016108
-0.017304
-0.018411
-0.019435
-0.019725
-0.019774
-0.018787
-0.017459
-0.015244
-0.012381
-0.009442
-0.0068717
-0.004369
-0.0031246
-0.0018915
-0.0011831
-0.00069055
-0.00029482
-0.00028573
0.00011415
-0.00029723
-0.00031567
-0.0005375
-0.00040155
-0.00070086
-0.00088698
-0.00088539
-0.00073927
-0.00060053
-0.00044664
-0.00030388
-0.00034134
0.0001732
0.00054415
0.00091937
0.00080572
0.00096258
0.001195
0.0014873
0.0014038
0.00076135
0.00057157
0.00026598
-7.1089e-005
-0.00071492
-0.00086539
-0.0013762
-0.0014655
-0.0018306
-0.0025067
-0.0029061
-0.0036804
-0.0039593
-0.0045847
-0.0049635
-0.0057101
-0.0058026
-0.0061348
-0.0069302
-0.0071427
-0.007698
-0.0077496
-0.0083689
-0.0091174
-0.0097142
-0.0098577
-0.010014
-0.010146
-0.010219
-0.011074
-0.010851
-0.011263
-0.01106
-0.011403
-0.010757
-0.0095795
-0.0087342
-0.0075522
-0.0067435
-0.0060762
-0.0044117
-0.0034556
-0.002772
-0.0024043
-0.0020291
-0.00083736
-0.00016196
0.00063995
0.0011545
0.0021159
0.0029233
0.0039351
0.0045622
0.0057514
0.007258
0.0078564
0.0082555
0.0088963
0.0096699
0.010827
0.011202
0.011606
0.011993
0.012704
0.013086
0.013422
0.012763
0.01231
0.012001
0.011277
0.010305
0.0094312
0.0081068
0.0072307
0.0060323
0.0041988
0.002557
0.0019035
0.0026427
0.0033467
0.0039057
0.0051027
0.0072865
0.0086351
0.0095375
0.0094112
0.0087404
0.0079314
0.0067868
0.0056195
0.0043833
0.0029306
0.001761
0.00055567
-0.00085604
-0.0014708
-0.0021095
-0.0027403
-0.0038535
-0.004794
-0.0050211
-0.0046242
-0.004088
-0.0042289
-0.0040455
-0.0038458
-0.002552
-0.0019573
-0.001098
-0.00053277
0.0010019
0.00182
0.0024053
0.0032537
0.0039785
0.0051711
0.0058862
0.0074975
0.0083365
0.0098081
0.010699
0.012032
0.012976
0.013893
0.015376
0.017072
0.01892
0.019337
0.021202
0.022276
0.023079
0.021678
0.020054
0.018342
0.015675
0.013311
0.010314
0.0079375
0.0062471
0.006285
0.0060431
0.0052625
0.0044907
0.0037498
0.0037438
0.0031579
0.0029691
0.0026106
0.002619
0.0024289
0.0022265
0.0016318
0.0013221
0.00091937
-0.00013276
-0.0013294
-0.0021016
-0.0028955
-0.00382
-0.004533
-0.0055686
-0.0060279
-0.0068602
-0.0067736
-0.0073603
-0.0075299
-0.0074902
-0.0078552
-0.0071565
-0.0075652
-0.0069631
-0.0064802
-0.0054516
-0.0048522
-0.0046801
-0.0039087
-0.0034712
-0.0021839
-0.0020137
-0.0011504
-0.0010115
-0.00029749
-2.4601e-005
0.00015997
0.00058129
0.00057646
0.00082854
0.00064251
0.00091197
0.0021025
0.0044052
0.0063336
0.0092903
0.01124
0.014454
0.017112
0.019775
0.020523
0.020675
0.02074
0.020602
0.020735
0.01955
0.019127
0.017645
0.01714
0.015968
0.01441
0.013374
0.011996
0.011386
0.0098108
0.0087851
0.0077495
0.0072616
0.0065704
0.0054238
0.0044949
0.0036037
0.0030795
0.0024421
0.0011717
0.00016419
-0.0006911
-0.0015219
-0.0018802
-0.002395
-0.0024472
-0.0028795
-0.0026368
-0.0031783
-0.00319
-0.0028188
-0.0022684
-0.0012521
-0.0012841
2.9166e-005
0.0014105
0.0030114
0.0047519
0.0062761
0.0080094
0.008231
0.0075828
0.0066246
0.005357
0.0037271
0.0020778
0.0013012
0.00020877
0.0006215
0.00098717
0.0025379
0.0034577
0.0040129
0.005508
0.006503
0.0080202
0.0085788
0.0093113
0.010877
0.011943
0.012903
0.013469
0.013859
0.013931
0.01348
0.01324
0.012885
0.012183
0.01152
0.011279
0.010296
0.0095994
0.0088631
0.0081288
0.0079116
0.0063884
0.0054573
0.0045049
0.0034081
0.0025836
0.0014106
0.00057658
-0.00012621
-0.0011233
-0.0019688
-0.0029827
-0.0039661
-0.0053647
-0.0064288
-0.0078495
-0.008767
-0.0097634
-0.010612
-0.011055
-0.012173
-0.012981
-0.014209
-0.014834
-0.015005
-0.014548
-0.012039
-0.0095603
-0.0073019
-0.0042499
-0.00088195
0.0022204
0.0049218
0.0058276
0.0066678
0.0068358
0.0076044
0.0082308
0.0092392
0.0098434
0.010294
0.010756
0.010897
0.011582
0.011368
0.011947
0.011865
0.012655
0.012719
0.013363
0.014345
0.014647
0.015387
0.015177
0.015631
0.015267
0.015589
0.014867
0.014616
0.013705
0.013456
0.01337
0.012866
0.012644
0.011715
0.01135
0.010057
0.0094714
0.0085347
0.0085532
0.0079876
0.0081313
0.0078012
0.0077478
0.0082461
0.0078613
0.0079532
0.0070688
0.0058101
0.0031376
0.00036102
-0.002544
-0.0054412
-0.0088644
-0.011186
-0.012508
-0.013193
-0.012931
-0.013902
-0.013547
-0.013545
-0.012609
-0.011355
-0.010236
-0.0092542
-0.0078038
-0.0062224
-0.004716
-0.0025359
-0.001869
-0.00073149
-8.2015e-005
0.00068116
0.0015763
0.0021386
0.0031948
0.0041361
0.0053732
0.006009
0.0072544
0.0077148
0.0082143
0.0084909
0.0092078
0.0098901
0.010825
0.011346
0.011796
0.012198
0.012395
0.012625
0.012144
0.012081
0.011592
0.011287
0.010252
0.009779
0.0088421
0.0076824
0.0069655
0.0051475
0.0039119
0.0013494
-6.218e-005
-0.0022211
-0.0034818
-0.0042949
-0.0044856
-0.0035724
-0.0029023
-0.00096288
-8.3937e-005
0.0019263
0.0026686
0.0027586
0.0017651
0.00092169
0.00062834
-0.00012533
-0.00083435
-0.0017859
-0.0023077
-0.0032082
-0.0034217
-0.0043935
-0.0050398
-0.0057322
-0.0055054
-0.0051617
-0.004722
-0.0041525
-0.002978
-0.0016317
-0.0012155
-0.00021699
0.00068228
0.0015931
0.0025951
0.0042984
0.0051915
0.0062514
0.0073699
0.0085016
0.0094485
0.010258
0.011444
0.011913
0.012759
0.013901
0.014359
0.015869
0.017204
0.017572
0.01894
0.020045
0.021624
0.022507
0.023022
0.023074
0.022782
0.021562
0.019701
0.01746
0.013931
0.01116
0.0083049
0.0053902
0.0036495
0.0018579
0.00096225
-6.4091e-005
-0.0010839
-0.0017935
-0.0022222
-0.0020016
-0.0022143
-0.002261
-0.0025304
-0.00251
-0.002579
-0.0035352
-0.0041872
-0.0049068
-0.005495
-0.0057095
-0.0060348
-0.0066341
-0.0073558
-0.0073919
-0.0074781
-0.0077472
-0.0082329
-0.0083566
-0.0079731
-0.0073215
-0.0067094
-0.0061983
-0.005132
-0.0040808
-0.0033967
-0.0026855
-0.0022612
-0.0014407
-0.00032453
0.00030524
0.0011427
0.0017813
0.0028369
0.0034472
0.0042619
0.0044076
0.0046036
0.0053719
0.0048718
0.0049329
0.0043813
0.0045501
0.0048615
0.0053466
0.0070092
0.0089285
0.011488
0.013838
0.015927
0.018093
0.020039
0.021018
0.021574
0.02062
0.019636
0.018513
0.017655
0.016895
0.015983
0.013995
0.01267
0.011064
0.0091685
0.0080872
0.0063078
0.0055224
0.0044533
0.0036128
0.0029579
0.0020522
0.0013632
0.0002902
-0.00063456
-0.0017335
-0.0018579
-0.0019615
-0.0025003
-0.0030117
-0.0036645
-0.0034692
-0.0032437
-0.0036402
-0.0035053
-0.0036514
-0.0031707
-0.0020049
-0.00097297
5.7781e-005
0.0011484
0.0031711
0.0041581
0.0055353
0.0066578
0.00809
0.01016
0.011362
0.012406
0.011744
0.011497
0.010663
0.0093119
0.0069529
0.0054234
0.0047718
0.0041099
0.0048659
0.0053878
0.0064331
0.0071752
0.0074482
0.0087703
0.0093225
0.010662
0.011132
0.011944
0.012437
0.012783
0.01385
0.012979
0.01309
0.012861
0.012143
0.012658
0.01209
0.011971
0.010506
0.010095
0.0089343
0.0063747
0.0053766
0.0040329
0.0026311
0.0012519
-8.0853e-005
-0.0014796
-0.0031598
-0.0045505
-0.0073081
-0.0097909
-0.011615
-0.013468
-0.014876
-0.014671
-0.013834
-0.012679
-0.011615
-0.0093616
-0.0077232
-0.0055219
-0.0043309
-0.00063433
0.0019214
0.0038442
0.0052348
0.0072254
0.010489
0.012219
0.014289
0.01598
0.019184
0.021153
0.022868
0.024574
0.02437
0.026895
0.027191
0.027954
0.029094
0.027733
0.028807
0.028884
0.028698
0.02566
0.023453
0.022232
0.021679
0.021052
0.02184
0.024663
0.024481
0.022331
0.020455
0.013658
0.0060538
-0.0018432
-0.0057264
-0.0081475
-0.011696
-0.014341
-0.020298
-0.025643
-0.032111
-0.036049
-0.038244
-0.041044
-0.043034
-0.044451
-0.048228
-0.052324
-0.056957
-0.065837
-0.074507
-0.082756
-0.090492
-0.098012
-0.10321
-0.10462
-0.10973
-0.11369
-0.11738
-0.12362
-0.12963
-0.13442
-0.13752
-0.14295
-0.15083
-0.15557
-0.15636
-0.15957
-0.1626
-0.16431
-0.16976
-0.17557
-0.18057
-0.18642
-0.19201
-0.19755
-0.20334
-0.20942
-0.21626
-0.22308
-0.23021
-0.2378
-0.24656
-0.25546
-0.26488
-0.27436
-0.28437
-0.29438
-0.30467
-0.31415
-0.32383
-0.33321
-0.34239
-0.35187
-0.36043
-0.36896
-0.37658
-0.38442
-0.39091
-0.39731
-0.40335
-0.40951
-0.41561
-0.42111
-0.42698
-0.43276
-0.43874
-0.44483
-0.45095
-0.45742
-0.46391
-0.47086
-0.47799
-0.48506
-0.4921
-0.49953
-0.50745
-0.51529
-0.5233
-0.53138
-0.54
-0.5485
-0.55686
-0.56592
-0.5744
-0.58319
-0.59177
-0.59998
-0.60906
-0.61753
-0.62601
-0.634
-0.64186
-0.64954
-0.6574
-0.66575
-0.67384
-0.68158
-0.68924
-0.69745
-0.70534
-0.71326
-0.72105
-0.7287
-0.7364
-0.74333
-0.75009
-0.75678
-0.76324
-0.76971
-0.77611
-0.78197
-0.78834
-0.79432
-0.80047
-0.80641
-0.81233
-0.81845
-0.82469
-0.83111
-0.83727
-0.84379
-0.85038
-0.85778
-0.86449
-0.87155
-0.87837
-0.88551
-0.89331
-0.90137
-0.91113
-0.92057
-0.93006
-0.94005
-0.94984
-0.95914
-0.96807
-0.97581
-0.98381
-0.99144
-0.99953
-1.0081
-1.0167
-1.0253
-1.0335
-1.042
-1.0501
-1.0587
-1.0661
-1.0735
-1.0807
-1.0882
-1.0955
-1.1029
-1.1108
-1.1183
-1.1264
-1.1337
-1.1412
-1.1486
-1.1564
-1.1641
-1.1719
-1.1791
-1.1866
-1.1947
-1.2023
-1.2096
-1.2161
-1.2231
-1.2297
-1.2359
-1.2423
-1.2494
-1.2558
-1.2623
-1.269
-1.276
-1.2833
-1.2896
-1.2965
-1.3032
-1.3096
-1.3156
-1.3219
-1.3283
-1.3343
-1.3403
-1.3464
-1.3533
-1.3601
-1.3674
-1.3744
-1.3818
-1.3896
-1.3982
-1.4066
-1.4151
-1.4237
-1.4332
-1.4422
-1.4507
-1.4593
-1.4673
-1.4759
-1.4842
-1.4929
-1.5019
-1.5111
-1.5207
-1.5305
-1.5405
-1.5503
-1.5598
-1.5681
-1.5758
-1.583
-1.5903
-1.5975
-1.6045
-1.6114
-1.6183
-1.6253
-1.6325
-1.6393
-1.6455
-1.6518
-1.6578
-1.6635
-1.6683
-1.6736
-1.6785
-1.6835
-1.6885
-1.6929
-1.698
-1.7029
-1.7086
-1.7139
-1.7203
-1.7272
-1.7353
-1.744
-1.7527
-1.7622
-1.7711
-1.7809
-1.7901
-1.7985
-1.806
-1.8145
-1.8234
-1.8326
-1.842
-1.8517
-1.8614
-1.87
-1.878
-1.8855
-1.8925
-1.8995
-1.9068
-1.9139
-1.9216
-1.9294
-1.9386
-1.9473
-1.9557
-1.9637
-1.9709
-1.9781
-1.9845
-1.9909
-1.9967
-2.0032
-2.0097
-2.0169
-2.0243
-2.032
-2.0401
-2.0477
-2.0552
-2.0624
-2.0694
-2.0763
-2.0827
-2.0882
-2.0949
-2.1018
-2.1094
-2.1169
-2.1244
-2.1323
-2.1406
-2.1489
-2.1563
-2.1636
-2.17
-2.1769
-2.1833
-2.1898
-2.1964
-2.2034
-2.2112
-2.2193
-2.2278
-2.2361
-2.2443
-2.2516
-2.2583
-2.2648
-2.2713
-2.2777
-2.2844
-2.2907
-2.2977
-2.305
-2.3129
-2.3213
-2.3289
-2.336
-2.3428
-2.3499
-2.3566
-2.3634
-2.3703
-2.378
-2.3862
-2.3942
-2.4026
-2.4111
-2.4199
-2.4277
-2.4352
-2.4423
-2.4495
-2.4569
-2.4644
-2.4719
-2.4793
-2.487
-2.4949
-2.5025
-2.5096
-2.5165
-2.5231
-2.5295
-2.5353
-2.5415
-2.5477
-2.5542
-2.5609
-2.5679
-2.5763
-2.5849
-2.5942
-2.6032
-2.6121
-2.6214
-2.6304
-2.6387
-2.6467
-2.6538
-2.661
-2.6685
-2.6755
-2.6825
-2.689
-2.6954
-2.7023
-2.709
-2.7158
-2.7231
-2.7304
-2.7384
-2.7466
-2.7542
-2.7619
-2.7686
-2.7756
-2.7826
-2.7899
-2.7973
-2.8048
-2.8104
-2.8176
-2.825
-2.8317
-2.8387
-2.8451
-2.8513
-2.858
-2.865
-2.8722
-2.8777
-2.8824
-2.8896
-2.8965
-2.9036
-2.9103
-2.9166
-2.9234
-2.9304
-2.938
-2.9431
-2.9475
-2.9531
-2.9611
-2.9689
-2.9761
-2.9832
-2.9905
-2.9984
-3.0061
-3.0132
-3.0188
-3.0209
-3.0264
-3.035
-3.0443
-3.0511
-3.0587
-3.0655
-3.0731
-3.0809
-3.0868
-3.0912
-3.0938
-3.1024
-3.11
-3.1171
-3.1242
-3.1308
-3.1379
-3.1447
-3.1524
-3.1578
-3.1584
-3.1613
-3.1663
-3.1731
-3.179
-3.1845
-3.1905
-3.1963
-3.203
-3.2048
-3.2059
-3.2081
-3.2115
-3.2174
-3.2245
-3.2324
-3.2412
-3.2499
-3.2593
-3.2676
-3.2731
-3.2768
-3.2874
-3.2959
-3.3044
-3.3119
-3.3204
-3.3303
-3.3394
-3.3475
-3.3508
-3.3547
-3.361
-3.3683
-3.3783
-3.3843
-3.3929
-3.3997
-3.4074
-3.4146
-3.4148
-3.4172
-3.4191
-3.4258
-3.4313
-3.4358
-3.4405
-3.4467
-3.4531
-3.4616
-3.4672
-3.4688
-3.4711
-3.4766
-3.4799
-3.4811
-3.4801
-3.4837
-3.489
-3.494
-3.4944
-3.4909
-3.491
-3.4919
-3.4986
-3.5059
-3.5103
-3.5155
-3.522
-3.5263
-3.5261
-3.5229
-3.518
-3.5151
-3.5143
-3.5132
-3.5113
-3.5126
-3.5179
-3.5203
-3.5207
-3.5194
-3.5182
-3.5209
-3.5259
-3.5342
-3.5374
-3.5385
-3.5414
-3.5485
-3.5471
-3.5436
-3.5456
-3.5468
-3.5518
-3.5537
-3.5536
-3.5541
-3.5547
-3.5557
-3.5525
-3.5477
-3.5452
-3.5472
-3.5502
-3.5507
-3.5482
-3.5455
-3.5432
-3.5412
-3.5364
-3.5282
-3.5205
-3.5192
-3.5175
-3.5138
-3.511
-3.5092
-3.5083
-3.5086
-3.5045
-3.4984
-3.496
-3.4985
-3.4986
-3.498
-3.4987
-3.5004
-3.5025
-3.5053
-3.5018
-3.4978
-3.4997
-3.5015
-3.5008
-3.5013
-3.5011
-3.5015
-3.5023
-3.503
-3.497
-3.4914
-3.4923
-3.491
-3.4914
-3.4893
-3.4876
-3.4868
-3.4861
-3.4844
-3.4773
-3.4729
-3.4717
-3.4733
-3.471
-3.4676
-3.4662
-3.4653
-3.465
-3.4605
-3.4532
-3.449
-3.4511
-3.4511
-3.4471
-3.4456
-3.4445
-3.4441
-3.4447
-3.4399
-3.4353
-3.4375
-3.4389
-3.4384
-3.4384
-3.4373
-3.438
-3.4393
-3.4408
-3.4353
-3.4326
-3.4335
-3.4358
-3.438
-3.4361
-3.4356
-3.4355
-3.4358
-3.4342
-3.428
-3.4244
-3.4259
-3.4298
-3.4249
-3.4233
-3.4231
-3.4237
-3.425
-3.4214
-3.4157
-3.4169
-3.4184
-3.4166
-3.4135
-3.41
-3.4089
-3.408
-3.4074
-3.4013
-3.3969
-3.3967
-3.3991
-3.4014
-3.3993
-3.3987
-3.3986
-3.399
-3.3995
-3.3929
-3.3903
-3.3954
-3.4003
-3.3963
-3.3963
-3.3956
-3.3954
-3.3958
-3.3913
-3.3847
-3.3847
-3.3831
-3.383
-3.3804
-3.3789
-3.3795
-3.3802
-3.381
-3.375
-3.3708
-3.3716
-3.3755
-3.3738
-3.3675
-3.3673
-3.3673
-3.3685
-3.3696
-3.3639
-3.3644
-3.3696
-3.3703
-3.3693
-3.3677
-3.3679
-3.3683
-3.3689
-3.3637
-3.3582
-3.3569
-3.3564
-3.3579
-3.3521
-3.3504
-3.3492
-3.3488
-3.3493
-3.3418
-3.3379
-3.3426
-3.3447
-3.3381
-3.3344
-3.3323
-3.3306
-3.3292
-3.3262
-3.3211
-3.3228
-3.3214
-3.322
-3.3202
-3.3171
-3.3177
-3.3187
-3.3202
-3.3149
-3.3116
-3.3141
-3.3208
-3.3161
-3.3142
-3.3151
-3.3167
-3.319
-3.3215
-3.3179
-3.3222
-3.3243
-3.3255
-3.3238
-3.3207
-3.321
-3.3215
-3.3222
-3.3167
-3.3115
-3.312
-3.318
-3.3139
-3.3084
-3.3079
-3.3077
-3.3077
-3.3052
-3.2968
-3.2969
-3.2963
-3.2923
-3.2899
-3.2841
-3.2826
-3.2821
-3.2824
-3.2784
-3.2742
-3.274
-3.2804
-3.2786
-3.2735
-3.2721
-3.2716
-3.272
-3.2732
-3.2686
-3.2725
-3.2769
-3.2748
-3.2749
-3.2717
-3.2726
-3.2733
-3.274
-3.2696
-3.2645
-3.2629
-3.2695
-3.2661
-3.2592
-3.2599
-3.2613
-3.263
-3.2642
-3.2572
-3.2587
-3.2598
-3.2568
-3.255
-3.2487
-3.2481
-3.2486
-3.2495
-3.2458
-3.2423
-3.2435
-3.2493
-3.2461
-3.2395
-3.2366
-3.2349
-3.2338
-3.2338
-3.2265
-3.23
-3.2326
-3.2321
-3.2317
-3.2258
-3.2259
-3.2261
-3.2264
-3.2226
-3.2175
-3.2177
-3.2258
-3.2218
-3.2162
-3.2153
-3.2159
-3.2169
-3.2177
-3.2109
-3.2133
-3.2146
-3.2122
-3.2103
-3.2053
-3.2056
-3.2065
-3.2077
-3.2065
-3.2025
-3.2044
-3.2119
-3.2074
-3.2029
-3.2024
-3.2028
-3.2041
-3.2058
-3.1999
-3.2055
-3.2069
-3.207
-3.2052
-3.1996
-3.1998
-3.2007
-3.202
-3.1998
-3.1945
-3.1985
-3.2054
-3.1978
-3.1936
-3.193
-3.1928
-3.1931
-3.1936
-3.1884
-3.1931
-3.1929
-3.1979
-3.1942
-3.1888
-3.188
-3.1874
-3.1869
-3.1818
-3.1761
-3.1843
-3.1894
-3.1859
-3.1848
-3.1841
-3.1841
-3.1843
-3.185
-3.1819
-3.1823
-3.1811
-3.1843
-3.1779
-3.1726
-3.1735
-3.1747
-3.1762
-3.171
-3.1698
-3.1787
-3.1763
-3.1753
-3.1715
-3.1724
-3.174
-3.1755
-3.177
-3.1735
-3.1748
-3.1823
-3.1855
-3.1774
-3.1738
-3.1745
-3.1756
-3.1772
-3.1706
-3.1708
-3.177
-3.1772
-3.1832
-3.1797
-3.1779
-3.1771
-3.178
-3.1794
-3.175
-3.1756
-3.1821
-3.1796
-3.1759
-3.1755
-3.1746
-3.1749
-3.176
-3.171
-3.1759
-3.1781
-3.177
-3.1755
-3.1698
-3.1745
-3.1787
-3.1811
-3.1788
-3.1749
-3.1796
-3.1873
-3.1817
-3.1772
-3.1789
-3.1834
-3.1879
-3.191
-3.187
-3.1918
-3.1924
-3.1957
-3.1907
-3.1841
-3.185
-3.1896
-3.1957
-3.1919
-3.1875
-3.1968
-3.1986
-3.1948
-3.1911
-3.1902
-3.1915
-3.1979
-3.2052
-3.2033
-3.2065
-3.2065
-3.2101
-3.202
-3.1956
-3.1955
-3.197
-3.2035
-3.2031
-3.2092
-3.2179
-3.2145
-3.2178
-3.2139
-3.214
-3.2144
-3.2143
-3.2199
-3.2241
-3.2285
-3.2358
-3.2346
-3.2276
-3.2257
-3.2259
-3.2262
-3.2267
-3.2233
-3.2306
-3.2334
-3.2314
-3.227
-3.2178
-3.2183
-3.2189
-3.2195
-3.2173
-3.2161
-3.2245
-3.2343
-3.2289
-3.2252
-3.2226
-3.2242
-3.2253
-3.2266
-3.2219
-3.2292
-3.2352
-3.2448
-3.2386
-3.2307
-3.2295
-3.2312
-3.2329
-3.2291
-3.2256
-3.2384
-3.2459
-3.2466
-3.2415
-3.2364
-3.2359
-3.2374
-3.2389
-3.2348
-3.2335
-3.2414
-3.2488
-3.2419
-3.235
-3.2312
-3.2298
-3.2311
-3.2244
-3.2245
-3.2291
-3.2267
-3.2333
-3.232
-3.2305
-3.2302
-3.2324
-3.2332
-3.2292
-3.2303
-3.2375
-3.2381
-3.2408
-3.2403
-3.2392
-3.2413
-3.2447
-3.2406
-3.245
-3.2428
-3.2453
-3.2485
-3.2461
-3.2456
-3.2455
-3.2482
-3.2455
-3.2413
-3.2479
-3.2512
-3.245
-3.2465
-3.249
-3.2483
-3.2496
-3.2496
-3.2466
-3.2491
-3.2494
-3.2548
-3.2467
-3.2457
-3.249
-3.2496
-3.2482
-3.2451
-3.2473
-3.2567
-3.2542
-3.2567
-3.255
-3.2614
-3.265
-3.2625
-3.2626
-3.2636
-3.2656
-3.2749
-3.2757
-3.2684
-3.2707
-3.2758
-3.2747
-3.275
-3.2691
-3.2702
-3.2725
-3.2715
-3.2676
-3.2584
-3.2648
-3.2686
-3.2691
-3.265
-3.2574
-3.2642
-3.2698
-3.2637
-3.2595
-3.258
-3.2641
-3.2678
-3.2669
-3.2589
-3.2655
-3.2679
-3.2737
-3.2638
-3.2573
-3.2616
-3.2684
-3.2687
-3.2631
-3.2632
-3.2748
-3.2743
-3.2747
-3.2684
-3.2677
-3.2732
-3.277
-3.2747
-3.2664
-3.2625
-3.2708
-3.2718
-3.263
-3.259
-3.2587
-3.2656
-3.269
-3.2577
-3.2562
-3.2624
-3.2608
-3.2587
-3.2504
-3.2495
-3.2538
-3.2604
-3.2594
-3.2585
-3.2639
-3.2727
-3.2681
-3.2652
-3.2612
-3.2609
-3.2678
-3.2738
-3.2682
-3.2672
-3.2705
-3.2836
-3.2759
-3.2701
-3.2697
-3.2699
-3.2777
-3.2731
-3.2662
-3.2778
-3.2765
-3.2784
-3.273
-3.2701
-3.2702
-3.2761
-3.2818
-3.278
-3.2788
-3.2838
-3.2863
-3.2796
-3.2756
-3.2756
-3.2752
-3.2832
-3.2812
-3.2777
-3.2782
-3.2848
-3.2866
-3.2783
-3.278
-3.2779
-3.2797
-3.2832
-3.2776
-3.2863
-3.2927
-3.2911
-3.2916
-3.2895
-3.2897
-3.2892
-3.2964
-3.2938
-3.2918
-3.2862
-3.2952
-3.2894
-3.2821
-3.2822
-3.282
-3.2823
-3.2808
-3.2773
-3.2863
-3.2827
-3.2846
-3.2817
-3.2814
-3.2816
-3.2813
-3.2868
-3.2894
-3.2887
-3.2911
-3.2911
-3.2904
-3.2866
-3.2867
-3.2866
-3.2888
-3.2897
-3.2911
-3.289
-3.2926
-3.2874
-3.2838
-3.284
-3.2844
-3.2847
-3.2839
-3.2831
-3.2926
-3.2879
-3.2856
-3.2854
-3.2844
-3.2849
-3.2849
-3.2849
-3.287
-3.2862
-3.2864
-3.2938
-3.2863
-3.2842
-3.2844
-3.2846
-3.2852
-3.2836
-3.2893
-3.2971
-3.2882
-3.2922
-3.2925
-3.2908
-3.2912
-3.2912
-3.2914
-3.2942
-3.2955
-3.3028
-3.2975
-3.2945
-3.2958
-3.2963
-3.2965
-3.2971
-3.2962
-3.3028
-3.3037
-3.3022
-3.2996
-3.2981
-3.2964
-3.2968
-3.2971
-3.2933
-3.2962
-3.3036
-3.2988
-3.2981
-3.2935
-3.2987
-3.2993
-3.2994
-3.3
-3.3002
-3.3053
-3.3133
-3.3064
-3.3037
-3.3071
-3.3087
-3.3091
-3.3093
-3.302
-3.3131
-3.3147
-3.312
-3.3127
-3.307
-3.3121
-3.3127
-3.313
-3.3106
-3.3059
-3.3136
-3.3177
-3.3035
-3.3033
-3.3048
-3.3058
-3.3062
-3.307
-3.3016
-3.3108
-3.3084
-3.3106
-3.3034
-3.2987
-3.3048
-3.3053
-3.3062
-3.2997
-3.3015
-3.3176
-3.3114
-3.3041
-3.3053
-3.3088
-3.3097
-3.3101
-3.3108
-3.3059
-3.3114
-3.3154
-3.3127
-3.3014
-3.3006
-3.3057
-3.3063
-3.3069
-3.2997
-3.3059
-3.3131
-3.3049
-3.2962
-3.2926
-3.2939
-3.2947
-3.2951
-3.2913
-3.2871
-3.3019
-3.3031
-3.2999
-3.2915
-3.2977
-3.3044
-3.3049
-3.3058
-3.3036
-3.3105
-3.319
-3.3171
-3.3113
-3.3078
-3.3128
-3.3135
-3.3142
-3.3069
-3.3084
-3.3191
-3.3171
-3.3133
-3.3048
-3.3115
-3.3159
-3.3165
-3.3143
-3.3111
-3.3192
-3.3242
-3.313
-3.31
-3.3037
-3.3098
-3.3105
-3.3111
-3.3062
-3.3076
-3.3111
-3.3134
-3.3009
-3.298
-3.305
-3.3094
-3.3101
-3.305
-3.3028
-3.3182
-3.3123
-3.3106
-3.307
-3.308
-3.3156
-3.3161
-3.3172
-3.3152
-3.3187
-3.3309
-3.3257
-3.3102
-3.3109
-3.3156
-3.3177
-3.3185
-3.31
-3.311
-3.3181
-3.3101
-3.3097
-3.2976
-3.3028
-3.3099
-3.3108
-3.307
-3.3023
-3.3118
-3.3218
-3.3064
-3.3006
-3.3022
-3.3067
-3.3079
-3.3086
-3.306
-3.3062
-3.3134
-3.314
-3.3049
-3.297
-3.3063
-3.3137
-3.3147
-3.306
-3.3061
-3.3207
-3.3159
-3.3075
-3.3028
-3.2993
-3.3043
-3.3051
-3.3048
-3.2992
-3.3014
-3.3106
-3.3022
-3.2895
-3.2826
-3.2884
-3.2911
-3.2921
-3.2856
-3.2891
-3.2981
-3.298
-3.2936
-3.2887
-3.2905
-3.2984
-3.2994
-3.2948
-3.2911
-3.3027
-3.3078
-3.3026
-3.2889
-3.2934
-3.2975
-3.3011
-3.3008
-3.2946
-3.2956
-3.3056
-3.3059
-3.2982
-3.2873
-3.2901
-3.298
-3.2991
-3.2917
-3.2964
-3.3051
-3.3055
-3.2954
-3.2887
-3.2913
-3.2971
-3.2989
-3.2959
-3.2901
-3.294
-3.3036
-3.3001
-3.2916
-3.2849
-3.2945
-3.2994
-3.3005
-3.2967
-3.3
-3.3093
-3.3148
-3.3045
-3.3046
-3.3032
-3.3098
-3.3107
-3.3092
-3.3082
-3.3204
-3.3223
-3.3169
-3.3031
-3.3037
-3.3082
-3.3127
-3.3143
-3.3084
-3.3079
-3.3182
-3.3145
-3.3079
-3.2975
-3.3001
-3.3088
-3.3101
-3.3034
-3.3071
-3.3152
-3.317
-3.3097
-3.2973
-3.301
-3.3062
-3.3099
-3.3102
-3.305
-3.3088
-3.3206
-3.313
-3.3082
-3.2979
-3.3073
-3.3148
-3.3161
-3.3124
-3.3147
-3.3199
-3.3237
-3.3085
-3.3041
-3.3013
-3.3068
-3.3077
-3.305
-3.3041
-3.3132
-3.3154
-3.3113
-3.2968
-3.2941
-3.3011
-3.3042
-3.3055
-3.3002
-3.3018
-3.3151
-3.3165
-3.3079
-3.3038
-3.3076
-3.3165
-3.3177
-3.3115
-3.3137
-3.3211
-3.3222
-3.3176
-3.3065
-3.3126
-3.3168
-3.3204
-3.3187
-3.3147
-3.3177
-3.3296
-3.323
-3.3176
-3.307
-3.3173
-3.3237
-3.325
-3.3193
-3.3227
-3.3277
-3.3284
-3.3157
-3.311
-3.3112
-3.3178
-3.3188
-3.3149
-3.3108
-3.3214
-3.3297
-3.3275
-3.3178
-3.3145
-3.3239
-3.328
-3.3291
-3.3251
-3.3279
-3.3374
-3.3371
-3.3282
-3.3264
-3.329
-3.3373
-3.3384
-3.332
-3.3321
-3.3423
-3.3378
-3.3301
-3.3184
-3.3247
-3.3281
-3.3324
-3.3326
-3.3267
-3.3269
-3.3353
-3.3287
-3.3194
-3.3085
-3.3174
-3.3238
-3.3252
-3.3173
-3.3205
-3.3284
-3.3287
-3.3161
-3.3116
-3.3125
-3.3188
-3.3223
-3.318
-3.3144
-3.3204
-3.3291
-3.3221
-3.311
-3.3112
-3.3189
-3.3235
-3.3248
-3.3217
-3.3239
-3.3295
-3.3311
-3.3199
-3.3121
-3.3128
-3.322
-3.3228
-3.3147
-3.3153
-3.3253
-3.3262
-3.3152
-3.3042
-3.308
-3.3117
-3.3144
-3.3128
-3.309
-3.3089
-3.3207
-3.322
-3.3114
-3.3061
-3.3151
-3.3234
-3.3244
-3.3162
-3.3164
-3.3289
-3.3263
-3.3178
-3.3146
-3.3157
-3.3227
-3.3241
-3.3203
-3.3158
-3.3174
-3.3284
-3.3222
-3.3081
-3.3106
-3.3173
-3.3222
-3.3238
-3.3166
-3.3189
-3.3276
-3.3237
-3.3188
-3.3096
-3.315
-3.3231
-3.324
-3.3178
-3.3146
-3.3272
-3.3373
-3.3248
-3.3194
-3.3229
-3.328
-3.33
-3.331
-3.3286
-3.3306
-3.3394
-3.3432
-3.3315
-3.326
-3.3352
-3.3422
-3.343
-3.3369
-3.3338
-3.3464
-3.3414
-3.3338
-3.3288
-3.3287
-3.3366
-3.3395
-3.3403
-3.3357
-3.3318
-3.3446
-3.3399
-3.3203
-3.3255
-3.3292
-3.3337
-3.3346
-3.3264
-3.3268
-3.3371
-3.3334
-3.3327
-3.3215
-3.3272
-3.3353
-3.3395
-3.3383
-3.3348
-3.3387
-3.3523
-3.3373
-3.335
-3.3348
-3.341
-3.3427
-3.3439
-3.3403
-3.3417
-3.3445
-3.3475
-3.3319
-3.3226
-3.3296
-3.3329
-3.3335
-3.3305
-3.3263
-3.3391
-3.3356
-3.3281
-3.3235
-3.3239
-3.3313
-3.3317
-3.3325
-3.3281
-3.3289
-3.3404
-3.3403
-3.3229
-3.325
-3.3298
-3.3333
-3.3339
-3.3305
-3.3279
-3.3392
-3.3346
-3.3337
-3.322
-3.3296
-3.3369
-3.3374
-3.3388
-3.3356
-3.3405
-3.3529
-3.3388
-3.3356
-3.3318
-3.3387
-3.3403
-3.3414
-3.3354
-3.338
-3.3428
-3.3461
-3.3347
-3.3271
-3.3333
-3.3378
-3.3382
-3.3386
-3.336
-3.3481
-3.3513
-3.3472
-3.3429
-3.3432
-3.351
-3.3513
-3.3521
-3.3491
-3.3544
-3.361
-3.358
-3.3481
-3.3487
-3.3546
-3.3561
-3.3567
-3.3522
-3.3471
-3.3557
-3.3517
-3.346
-3.3334
-3.3419
-3.3478
-3.3481
-3.3497
-3.3451
-3.3494
-3.357
-3.3458
-3.3415
-3.3368
-3.3449
-3.347
-3.3483
-3.3414
-3.3477
-3.3528
-3.3509
-3.3449
-3.341
-3.3465
-3.353
-3.3535
-3.3535
-3.3497
-3.3602
-3.3624
-3.3593
-3.352
-3.3527
-3.3598
-3.3602
-3.3613
-3.3578
-3.3641
-3.3701
-3.3645
-3.3593
-3.3551
-3.3601
-3.3607
-3.3611
-3.3569
-3.3548
-3.3679
-3.361
-3.3527
-3.3469
-3.3545
-3.3602
-3.3604
-3.3615
-3.3573
-3.3664
-3.3743
-3.3687
-3.3673
-3.3648
-3.3745
-3.3748
-3.3757
-3.3685
-3.3752
-3.3836
-3.3768
-3.3699
-3.3696
-3.3748
-3.3781
-3.3786
-3.3793
-3.3735
-3.3834
-3.386
-3.379
-3.3742
-3.376
-3.3817
-3.382
-3.3834
-3.3789
-3.3895
-3.393
-3.3878
-3.3837
-3.376
-3.3832
-3.3842
-3.3847
-3.3809
-3.3836
-3.4016
-3.3974
-3.3919
-3.3929
-3.3982
-3.4042
-3.4043
-3.4054
-3.4011
-3.4085
-3.4138
-3.4102
-3.4032
-3.4046
-3.4127
-3.413
-3.4136
-3.4085
-3.4137
-3.4177
-3.4087
-3.4032
-3.3973
-3.4049
-3.4078
-3.408
-3.4088
-3.4021
-3.4135
-3.4152
-3.4028
-3.3976
-3.4002
-3.406
-3.4111
-3.4123
-3.4088
-3.419
-3.4148
-3.4172
-3.4126
-3.4087
-3.4157
-3.4165
-3.4169
-3.4122
-3.413
-3.4284
-3.4226
-3.4159
-3.4152
-3.4168
-3.4213
-3.4213
-3.4224
-3.4181
-3.4233
-3.4246
-3.4225
-3.4107
-3.4104
-3.4149
-3.4151
-3.4153
-3.4111
-3.4163
-3.42
-3.4062
-3.4076
-3.4038
-3.4096
-3.4131
-3.4131
-3.4136
-3.4068
-3.4163
-3.4258
-3.4149
-3.4148
-3.4189
-3.4264
-3.4264
-3.4267
-3.4245
-3.4346
-3.4288
-3.4304
-3.4258
-3.4198
-3.4284
-3.4307
-3.4312
-3.4308
-3.4266
-3.4397
-3.4346
-3.4262
-3.4266
-3.4255
-3.4306
-3.4306
-3.4315
-3.4277
-3.4318
-3.4324
-3.4356
-3.4231
-3.4228
-3.4299
-3.4302
-3.4309
-3.4262
-3.4307
-3.4382
-3.4267
-3.4293
-3.4243
-3.43
-3.4323
-3.4323
-3.4333
-3.429
-3.4383
-3.4465
-3.4362
-3.4316
-3.4366
-3.4421
-3.4423
-3.4427
-3.4395
-3.447
-3.4405
-3.4378
-3.4362
-3.4283
-3.4341
-3.4346
-3.4347
-3.4334
-3.4305
-3.4417
-3.4385
-3.427
-3.4285
-3.4299
-3.4353
-3.4352
-3.4355
-3.43
-3.4363
-3.4339
-3.4363
-3.4295
-3.4268
-3.4346
-3.4348
-3.4349
-3.429
-3.4345
-3.4439
-3.4307
-3.4304
-3.4269
-3.4286
-3.4319
-3.4319
-3.4317
-3.4267
-3.4311
-3.4345
-3.4261
-3.4175
-3.419
-3.4223
-3.4226
-3.4231
-3.4182
-3.4263
-3.4236
-3.4176
-3.4199
-3.415
-3.4206
-3.4211
-3.4214
-3.4171
-3.4126
-3.4269
-3.4263
-3.4185
-3.417
-3.4205
-3.4253
-3.4253
-3.4256
-3.4191
-3.4261
-3.4275
-3.4255
-3.4203
-3.4161
-3.4246
-3.4247
-3.4247
-3.4185
-3.4248
-3.4329
-3.4225
-3.4174
-3.4155
-3.4191
-3.4216
-3.4216
-3.4198
-3.4111
-3.4174
-3.4185
-3.4128
-3.4068
-3.409
-3.4157
-3.4159
-3.416
-3.4156
-3.4253
-3.4262
-3.4212
-3.4158
-3.4138
-3.4178
-3.4183
-3.4183
-3.4185
-3.4178
-3.4299
-3.4267
-3.422
-3.4139
-3.4234
-3.4257
-3.4259
-3.4263
-3.4177
-3.4246
-3.4319
-3.4197
-3.419
-3.4112
-3.4185
-3.4187
-3.4191
-3.417
-3.4214
-3.4236
-3.427
-3.4137
-3.4117
-3.4178
-3.42
-3.4201
-3.4196
-3.4126
-3.4277
-3.4262
-3.4179
-3.4147
-3.4144
-3.422
-3.4222
-3.4224
-3.4191
-3.4221
-3.4273
-3.4228
-3.4077
-3.4056
-3.409
-3.4097
-3.4095
-3.4075
-3.408
-3.412
-3.4105
-3.403
-3.3874
-3.3955
-3.3977
-3.398
-3.3977
-3.3886
-3.3944
-3.4082
-3.3953
-3.3956
-3.3931
-3.4008
-3.4015
-3.4014
-3.3975
-3.3977
-3.4048
-3.4134
-3.3932
-3.3906
-3.4012
-3.404
-3.4046
-3.4049
-3.3977
-3.4135
-3.4119
-3.4056
-3.4002
-3.396
-3.4037
-3.4041
-3.4056
-3.4004
-3.3982
-3.4132
-3.4099
-3.3949
-3.3937
-3.3993
-3.4019
-3.4024
-3.3971
-3.3969
-3.4041
-3.4032
-3.3979
-3.3857
-3.3927
-3.4015
-3.402
-3.4026
-3.3966
-3.4098
-3.4189
-3.4093
-3.4056
-3.4064
-3.4122
-3.4131
-3.4133
-3.4108
-3.4071
-3.4209
-3.4235
-3.4107
-3.4052
-3.4169
-3.4219
-3.4222
-3.4198
-3.4183
-3.4253
-3.4264
-3.4128
-3.4041
-3.4024
-3.4116
-3.4122
-3.4125
-3.4041
-3.4051
-3.4142
-3.4109
-3.4006
-3.3978
-3.4042
-3.4095
-3.4102
-3.4062
-3.4042
-3.4142
-3.4164
-3.4057
-3.3964
-3.3995
-3.4105
-3.4112
-3.4092
-3.4065
-3.416
-3.4174
-3.4138
-3.399
-3.398
-3.4019
-3.4053
-3.4062
-3.3999
-3.3964
-3.4124
-3.404
-3.3987
-3.3871
-3.3956
-3.3998
-3.4002
-3.3977
-3.3984
-3.4061
-3.4153
-3.3994
-3.3962
-3.3967
-3.406
-3.4067
-3.4066
-3.4017
-3.409
-3.4131
-3.4164
-3.3974
-3.4008
-3.4083
-3.4128
-3.4128
-3.4085
-3.4021
-3.4202
-3.4143
-3.404
-3.4003
-3.4007
-3.4107
-3.4109
-3.4089
-3.4097
-3.4114
-3.4184
-3.4065
-3.3917
-3.3959
-3.4006
-3.4062
-3.4081
-3.4014
-3.4033
-3.413
-3.4075
-3.399
-3.3901
-3.3973
-3.4018
-3.4036
-3.4013
-3.4008
-3.4157
-3.4202
-3.4016
-3.403
-3.4008
-3.4083
-3.4098
-3.403
-3.4036
-3.4134
-3.4162
-3.4155
-3.3939
-3.3968
-3.4023
-3.4059
-3.4064
-3.399
-3.3951
-3.4117
-3.4026
-3.3954
-3.3941
-3.3966
-3.4041
-3.4041
-3.4005
-3.3997
-3.4022
-3.4125
-3.3945
-3.3849
-3.3889
-3.3917
-3.3978
-3.3976
-3.3907
-3.397
-3.3996
-3.398
-3.3848
-3.38
-3.3881
-3.3962
-3.3968
-3.3933
-3.3874
-3.4042
-3.3974
-3.3775
-3.3738
-3.3715
-3.3775
-3.3789
-3.3741
-3.3755
-3.3767
-3.3828
-3.377
-3.3574
-3.3579
-3.3634
-3.3668
-3.3687
-3.3632
-3.369
-3.3786
-3.3745
-3.37
-3.3621
-3.3677
-3.3768
-3.3778
-3.3729
-3.3705
-3.3762
-3.3865
-3.3725
-3.3654
-3.3725
-3.3745
-3.3808
-3.3794
-3.3801
-3.3864
-3.3887
-3.3831
-3.3723
-3.3643
-3.372
-3.3794
-3.3799
-3.3734
-3.374
-3.3886
-3.3823
-3.3691
-3.3633
-3.3646
-3.3699
-3.373
-3.3674
-3.3659
-3.3661
-3.3764
-3.3631
-3.3549
-3.3547
-3.3611
-3.3672
-3.3658
-3.3625
-3.3762
-3.3767
-3.3744
-3.3653
-3.3646
-3.366
-3.3745
-3.3766
-3.3728
-3.3739
-3.3832
-3.3862
-3.3752
-3.3603
-3.3665
-3.3668
-3.3723
-3.3661
-3.3665
-3.3702
-3.3723
-3.3627
-3.3564
-3.3498
-3.3583
-3.3657
-3.3671
-3.3593
-3.3652
-3.3679
-3.3664
-3.3553
-3.3515
-3.3529
-3.3587
-3.365
-3.3596
-3.3586
-3.3631
-3.3681
-3.3593
-3.3526
-3.3488
-3.3583
-3.3654
-3.3632
-3.3604
-3.37
-3.3706
-3.3693
-3.3537
-3.3546
-3.3524
-3.3605
-3.3615
-3.3553
-3.3551
-3.3665
-3.3641
-3.3588
-3.3423
-3.3467
-3.3502
-3.3549
-3.3488
-3.353
-3.3561
-3.3603
-3.3548
-3.3488
-3.3467
-3.3532
-3.3625
-3.3638
-3.3585
-3.3641
-3.3714
-3.3692
-3.3603
-3.3576
-3.3617
-3.3654
-3.3702
-3.3644
-3.3662
-3.3735
-3.3802
-3.3718
-3.3672
-3.3645
-3.3726
-3.3797
-3.3776
-3.3754
-3.3862
-3.3895
-3.3863
-3.3712
-3.3749
-3.3725
-3.38
-3.3825
-3.3766
-3.3749
-3.3876
-3.3867
-3.3825
-3.3723
-3.3773
-3.3828
-3.3881
-3.3838
-3.3866
-3.3894
-3.3967
-3.3914
-3.3872
-3.3836
-3.3885
-3.3967
-3.3984
-3.3928
-3.397
-3.4066
-3.4032
-3.3911
-3.385
-3.3901
-3.3958
-3.4018
-3.3961
-3.396
-3.3973
-3.404
-3.3977
-3.3821
-3.3816
-3.3896
-3.3963
-3.3926
-3.3922
-3.4014
-3.4076
-3.4029
-3.3909
-3.3916
-3.3929
-3.4014
-3.4026
-3.3964
-3.3959
-3.408
-3.4108
-3.4011
-3.3933
-3.399
-3.4018
-3.4078
-3.4039
-3.407
-3.4091
-3.4103
-3.4049
-3.3934
-3.3883
-3.3963
-3.4021
-3.403
-3.3936
-3.3992
-3.4038
-3.3992
-3.3889
-3.3853
-3.385
-3.3921
-3.3939
-3.3918
-3.3906
-3.3921
-3.4056
-3.3965
-3.3818
-3.3885
-3.3933
-3.4007
-3.3993
-3.3981
-3.4089
-3.41
-3.4082
-3.4055
-3.3983
-3.4037
-3.4126
-3.4142
-3.4093
-3.4109
-3.4208
-3.4256
-3.4127
-3.407
-3.4128
-3.4167
-3.4228
-3.4192
-3.4234
-3.4266
-3.4305
-3.43
-3.4182
-3.415
-3.4255
-3.4313
-3.4323
-3.4256
-3.4331
-3.439
-3.4335
-3.4291
-3.4252
-3.4274
-3.4378
-3.4387
-3.4352
-3.4346
-3.4415
-3.4531
-3.4463
-3.4338
-3.4397
-3.4443
-3.4486
-3.447
-3.4457
-3.4543
-3.4526
-3.4507
-3.4391
-3.433
-3.4451
-3.4499
-3.4517
-3.4456
-3.4442
-3.4517
-3.4542
-3.4396
-3.4343
-3.4361
-3.4434
-3.4486
-3.4398
-3.4431
-3.4478
-3.4498
-3.452
-3.43
-3.4309
-3.4371
-3.4437
-3.4424
-3.4359
-3.4409
-3.4504
-3.443
-3.4353
-3.4275
-3.4331
-3.4418
-3.4424
-3.438
-3.4392
-3.4407
-3.4491
-3.4337
-3.4222
-3.4254
-3.4283
-3.4309
-3.4264
-3.4256
-3.4344
-3.4325
-3.4357
-3.4197
-3.4156
-3.4237
-3.4264
-3.4273
-3.4231
-3.4213
-3.4309
-3.4281
-3.4181
-3.4144
-3.4211
-3.4324
-3.4336
-3.4289
-3.4321
-3.436
-3.4397
-3.437
-3.421
-3.423
-3.4224
-3.4297
-3.4313
-3.4256
-3.427
-3.4387
-3.4338
-3.4257
-3.4141
-3.4245
-3.4302
-3.4312
-3.4255
-3.429
-3.4341
-3.4372
-3.4238
-3.4153
-3.4138
-3.4234
-3.4263
-3.425
-3.4207
-3.4286
-3.4389
-3.4386
-3.4214
-3.4262
-3.4286
-3.4339
-3.4342
-3.43
-3.4304
-3.4415
-3.4418
-3.4314
-3.4249
-3.4336
-3.44
-3.4406
-3.439
-3.4384
-3.4447
-3.4437
-3.4326
-3.424
-3.4229
-3.4323
-3.4338
-3.4345
-3.4273
-3.4253
-3.4381
-3.4352
-3.4192
-3.4166
-3.4244
-3.4292
-3.4305
-3.4246
-3.4265
-3.4309
-3.4296
-3.4244
-3.4113
-3.4173
-3.4281
-3.429
-3.4302
-3.4249
-3.4293
-3.4419
-3.4317
-3.4232
-3.4211
-3.4252
-3.4307
-3.4316
-3.4266
-3.4271
-3.4332
-3.4375
-3.4185
-3.4082
-3.4153
-3.4195
-3.423
-3.4227
-3.4207
-3.4365
-3.4332
-3.4216
-3.4151
-3.4121
-3.4242
-3.4246
-3.4251
-3.42
-3.4173
-3.4338
-3.4346
-3.4182
-3.42
-3.4229
-3.4261
-3.4266
-3.4237
-3.4257
-3.4316
-3.4341
-3.4274
-3.411
-3.4211
-3.4274
-3.4282
-3.4291
-3.4232
-3.4285
-3.4417
-3.4261
-3.4244
-3.4173
-3.4265
-3.4284
-3.4295
-3.4241
-3.4238
-3.4308
-3.4405
-3.418
-3.4135
-3.4204
-3.4256
-3.4261
-3.424
-3.4224
-3.438
-3.4344
-3.4336
-3.4248
-3.4278
-3.4381
-3.4403
-3.441
-3.4361
-3.4355
-3.4526
-3.443
-3.4364
-3.4381
-3.4419
-3.4493
-3.4496
-3.445
-3.4458
-3.4523
-3.4545
-3.4408
-3.429
-3.4373
-3.4411
-3.4413
-3.4417
-3.4329
-3.4377
-3.4407
-3.4257
-3.4218
-3.4186
-3.4282
-3.4298
-3.4304
-3.4263
-3.4249
-3.4348
-3.4366
-3.4161
-3.4182
-3.4212
-3.4284
-3.4292
-3.4283
-3.4249
-3.4398
-3.439
-3.4366
-3.4206
-3.4301
-3.4333
-3.4338
-3.4352
-3.4282
-3.4285
-3.4445
-3.4235
-3.4245
-3.418
-3.4242
-3.4272
-3.428
-3.4221
-3.4226
-3.4275
-3.4289
-3.4121
-3.405
-3.412
-3.4173
-3.4175
-3.4175
-3.4115
-3.4255
-3.4264
-3.4176
-3.4109
-3.4125
-3.4205
-3.4208
-3.4214
-3.4159
-3.413
-3.4313
-3.4247
-3.4156
-3.4156
-3.4183
-3.4229
-3.4232
-3.4194
-3.42
-3.4301
-3.4325
-3.4241
-3.4102
-3.4175
-3.4208
-3.4213
-3.4226
-3.4157
-3.4223
-3.4335
-3.4157
-3.4157
-3.4064
-3.4153
-3.4162
-3.4172
-3.4136
-3.4146
-3.4255
-3.4312
-3.4105
-3.4103
-3.4114
-3.4173
-3.4175
-3.4169
-3.4148
-3.4327
-3.4302
-3.4257
-3.416
-3.4192
-3.4292
-3.4293
-3.4302
-3.4222
-3.4177
-3.433
-3.4185
-3.4076
-3.4097
-3.4113
-3.4137
-3.414
-3.408
-3.4072
-3.4142
-3.416
-3.3997
-3.3903
-3.3976
-3.4007
-3.4008
-3.401
-3.393
-3.404
-3.4052
-3.3937
-3.3901
-3.3858
-3.3955
-3.3962
-3.3969
-3.3922
-3.3881
-3.4038
-3.403
-3.3843
-3.3828
-3.3862
-3.3898
-3.3908
-3.3857
-3.3851
-3.3935
-3.3946
-3.385
-3.3738
-3.3752
-3.3816
-3.3825
-3.3843
-3.3771
-3.3837
-3.3929
-3.3843
-3.3731
-3.3718
-3.3756
-3.3812
-3.3823
-3.3797
-3.3787
-3.3931
-3.3928
-3.3841
-3.3758
-3.3828
-3.3934
-3.3937
-3.3894
-3.3908
-3.4008
-3.4044
-3.3898
-3.3782
-3.3803
-3.3879
-3.3916
-3.392
-3.3869
-3.3917
-3.4022
-3.3983
-3.3834
-3.3809
-3.3871
-3.3911
-3.3914
-3.3896
-3.3865
-3.3962
-3.3937
-3.38
-3.3717
-3.3747
-3.3845
-3.3851
-3.3836
-3.3831
-3.3882
-3.4019
-3.3933
-3.3764
-3.3812
-3.383
-3.389
-3.3896
-3.3841
-3.3878
-3.3975
-3.3959
-3.39
-3.3779
-3.3884
-3.395
-3.3963
-3.3918
-3.3895
-3.3955
-3.3994
-3.3765
-3.3677
-3.3687
-3.3737
-3.3768
-3.3726
-3.3724
-3.3783
-3.3825
-3.3791
-3.3598
-3.3581
-3.363
-3.3675
-3.3685
-3.3615
-3.3643
-3.3719
-3.3623
-3.3541
-3.344
-3.3477
-3.357
-3.3578
-3.3559
-3.3539
-3.3575
-3.3665
-3.3486
-3.3365
-3.3402
-3.3428
-3.346
-3.3447
-3.3459
-3.3505
-3.3557
-3.3522
-3.333
-3.3274
-3.3345
-3.3357
-3.3368
-3.3308
-3.3342
-3.3416
-3.3384
-3.3255
-3.3225
-3.3235
-3.3323
-3.3348
-3.3326
-3.3328
-3.3375
-3.3452
-3.3383
-3.3205
-3.3241
-3.3312
-3.3378
-3.3308
-3.3316
-3.3351
-3.3453
-3.3345
-3.317
-3.3162
-3.3174
-3.3279
-3.3285
-3.3242
-3.3307
-3.3354
-3.3368
-3.3249
-3.3133
-3.3198
-3.3238
-3.3306
-3.3266
-3.3253
-3.331
-3.3337
-3.3236
-3.3141
-3.3108
-3.3161
-3.322
-3.3174
-3.3203
-3.3243
-3.3352
-3.3293
-3.3144
-3.3181
-3.3177
-3.3239
-3.3246
-3.3191
-3.3288
-3.3294
-3.3324
-3.3272
-3.3179
-3.3215
-3.3279
-3.3324
-3.3274
-3.3258
-3.3313
-3.3302
-3.3191
-3.3071
-3.3113
-3.3116
-3.3214
-3.3174
-3.3186
-3.3185
-3.3216
-3.3197
-3.3082
-3.2998
-3.3056
-3.3102
-3.3132
-3.3097
-3.3164
-3.3161
-3.3203
-3.3082
-3.2994
-3.2986
-3.3021
-3.3124
-3.3093
-3.3086
-3.3153
-3.3146
-3.3137
-3.2961
-3.292
-3.2951
-3.2992
-3.2999
-3.3016
-3.2988
-3.306
-3.2997
-3.2884
-3.2792
-3.2776
-3.285
-3.287
-3.2851
-3.2915
-3.2922
-3.2935
-3.2828
-3.2703
-3.2761
-3.2784
-3.2875
-3.2856
-3.2844
-3.2918
-3.289
-3.29
-3.2813
-3.2726
-3.2806
-3.2861
-3.2885
-3.2891
-3.2901
-3.2959
-3.2908
-3.2795
-3.2767
-3.2767
-3.2806
-3.2883
-3.2885
-3.2945
-3.2961
-3.2944
-3.2861
-3.2744
-3.2686
-3.2759
-3.2792
-3.2825
-3.2825
-3.2915
-3.2874
-3.285
-3.2722
-3.2683
-3.2641
-3.2731
-3.2783
-3.2783
-3.2811
-3.2844
-3.2764
-3.2696
-3.2601
-3.2628
-3.2638
-3.2695
-3.273
-3.2786
-3.2827
-3.2805
-3.2742
-3.2757
-3.2666
-3.269
-3.2761
-3.2742
-3.2758
-3.2807
-3.278
-3.2708
-3.2595
-3.257
-3.2549
-3.2591
-3.2673
-3.2652
-3.271
-3.2701
-3.2598
-3.255
-3.2494
-3.2431
-3.2516
-3.2521
-3.2617
-3.262
-3.2685
-3.2608
-3.2556
-3.2546
-3.2512
-3.2474
-3.2584
-3.2645
-3.2709
-3.2739
-3.2731
-3.2642
-3.2565
-3.2456
-3.2479
-3.2473
-3.251
-3.2504
-3.2575
-3.2559
-3.2497
-3.2455
-3.244
-3.2323
-3.2361
-3.2371
-3.2398
-3.2403
-3.2473
-3.2378
-3.2323
-3.2303
-3.2286
-3.2288
-3.234
-3.2411
-3.2466
-3.2466
-3.2451
-3.2315
-3.2349
-3.2312
-3.2277
-3.2359
-3.2377
-3.2443
-3.2525
-3.2518
-3.2435
-3.2371
-3.2379
-3.235
-3.2313
-3.2387
-3.244
-3.2459
-3.2495
-3.238
-3.229
-3.2313
-3.2223
-3.2257
-3.2206
-3.2318
-3.2381
-3.2386
-3.2382
-3.2244
-3.2259
-3.227
-3.2148
-3.2209
-3.221
-3.229
-3.2366
-3.2341
-3.2298
-3.2261
-3.224
-3.223
-3.2211
-3.2299
-3.2416
-3.2472
-3.2504
-3.2427
-3.2348
-3.2399
-3.2324
-3.2314
-3.23
-3.2345
-3.2373
-3.2378
-3.2311
-3.2182
-3.2231
-3.2253
-3.215
-3.212
-3.2137
-3.2222
-3.2239
-3.2223
-3.2109
-3.2077
-3.2067
-3.2021
-3.1995
-3.2007
-3.2101
-3.218
-3.2149
-3.2074
-3.1959
-3.2026
-3.1987
-3.1914
-3.1948
-3.2015
-3.2127
-3.2163
-3.2098
-3.1966
-3.1991
-3.1973
-3.1933
-3.1829
-3.1905
-3.2027
-3.2049
-3.2035
-3.1939
-3.1893
-3.1902
-3.1785
-3.1766
-3.1769
-3.1853
-3.1914
-3.1872
-3.1801
-3.1707
-3.1779
-3.1816
-3.1717
-3.1762
-3.182
-3.1863
-3.1892
-3.1805
-3.1708
-3.1762
-3.176
-3.1748
-3.1658
-3.1737
-3.1854
-3.1847
-3.1841
-3.1725
-3.1682
-3.176
-3.1679
-3.1687
-3.1656
-3.172
-3.1848
-3.1822
-3.1753
-3.1661
-3.1708
-3.1746
-3.1664
-3.1665
-3.174
-3.183
-3.1871
-3.1761
-3.164
-3.1689
-3.1696
-3.1669
-3.1581
-3.169
-3.1835
-3.19
-3.1899
-3.178
-3.1747
-3.1817
-3.1738
-3.1711
-3.1723
-3.1805
-3.1982
-3.1941
-3.1892
-3.1831
-3.1858
-3.1855
-3.1773
-3.1743
-3.1795
-3.1919
-3.1916
-3.1813
-3.1737
-3.1776
-3.1758
-3.1699
-3.1634
-3.1713
-3.1834
-3.1856
-3.1798
-3.1676
-3.1656
-3.1704
-3.1652
-3.1556
-3.1531
-3.1609
-3.1726
-3.1674
-3.1578
-3.1519
-3.1536
-3.1566
-3.1517
-3.1466
-3.1548
-3.1705
-3.1699
-3.1602
-3.1525
-3.1538
-3.1545
-3.1501
-3.1388
-3.1446
-3.1626
-3.1667
-3.1629
-3.1523
-3.1499
-3.1553
-3.1515
-3.1438
-3.1417
-3.1488
-3.1603
-3.1567
-3.1513
-3.1453
-3.1498
-3.1518
-3.148
-3.14
-3.1495
-3.1671
-3.168
-3.1583
-3.1527
-3.1567
-3.1568
-3.1497
-3.1443
-3.1471
-3.1627
-3.1638
-3.1606
-3.1518
-3.1477
-3.1544
-3.1516
-3.1479
-3.1455
-3.1541
-3.1686
-3.1641
-3.1574
-3.1503
-3.152
-3.1541
-3.1506
-3.1411
-3.1495
-3.164
-3.1657
-3.1548
-3.1477
-3.1475
-3.1463
-3.1429
-3.1346
-3.14
-3.1618
-3.1634
-3.1639
-3.1552
-3.1515
-3.1575
-3.1544
-3.1507
-3.1501
-3.16
-3.1764
-3.1724
-3.1693
-3.1637
-3.1658
-3.1656
-3.1604
-3.1502
-3.156
-3.1707
-3.1726
-3.1614
-3.154
-3.1608
-3.1601
-3.1553
-3.1502
-3.1563
-3.1748
-3.1746
-3.1724
-3.1611
-3.1608
-3.1652
-3.1585
-3.1555
-3.1536
-3.161
-3.1763
-3.1707
-3.1653
-3.1584
-3.1622
-3.1635
-3.158
-3.154
-3.1634
-3.1735
-3.1781
-3.1681
-3.1618
-3.1663
-3.1633
-3.1598
-3.1492
-3.153
-3.1682
-3.1658
-3.1674
-3.158
-3.1551
-3.1605
-3.1509
-3.1511
-3.1479
-3.1558
-3.1681
-3.1645
-3.16
-3.1526
-3.1581
-3.1597
-3.1547
-3.1548
-3.1661
-3.1787
-3.1829
-3.1766
-3.1661
-3.1724
-3.1711
-3.1714
-3.1645
-3.1681
-3.1875
-3.1884
-3.1871
-3.1789
-3.1773
-3.1808
-3.174
-3.1742
-3.1697
-3.1757
-3.1893
-3.1895
-3.1813
-3.175
-3.1778
-3.1785
-3.1722
-3.1675
-3.1748
-3.1897
-3.1875
-3.1845
-3.1732
-3.1735
-3.1718
-3.1747
-3.1681
-3.173
-3.189
-3.1968
-3.192
-3.1884
-3.1752
-3.17
-3.1626
-3.1587
-3.1549
-3.1682
-3.1811
-3.1838
-3.1736
-3.1659
-3.1592
-3.1571
-3.1502
-3.1421
-3.1471
-3.1642
-3.1632
-3.1612
-3.1527
-3.1402
-3.1254
-3.1139
-3.0945
-3.1024
-3.115
-3.1215
-3.1227
-3.1165
-3.1097
-3.094
-3.0759
-3.0603
-3.048
-3.0559
-3.0666
-3.066
-3.0636
-3.0552
-3.0437
-3.0261
-3.0011
-2.9888
-2.9909
-3.001
-3.0006
-3.0013
-2.9918
-2.9828
-2.9666
-2.9456
-2.9258
-2.9234
-2.926
-2.9285
-2.9304
-2.926
-2.9215
-2.9087
-2.8843
-2.8578
-2.844
-2.8488
-2.8468
-2.8523
-2.853
-2.8502
-2.8485
-2.832
-2.8079
-2.7917
-2.79
-2.7938
-2.7923
-2.7964
-2.7945
-2.7939
-2.7862
-2.7642
-2.7446
-2.739
-2.7402
-2.7351
-2.734
-2.737
-2.7393
-2.7302
-2.72
-2.6985
-2.686
-2.6808
-2.6724
-2.6669
-2.664
-2.665
-2.6661
-2.6547
-2.6414
-2.6259
-2.6181
-2.6101
-2.6001
-2.5939
-2.5899
-2.5954
-2.597
-2.585
-2.5775
-2.5673
-2.5602
-2.5433
-2.5334
-2.5273
-2.5228
-2.5255
-2.525
-2.5124
-2.5139
-2.5097
-2.4957
-2.4779
-2.4662
-2.4617
-2.4596
-2.4557
-2.4554
-2.4564
-2.4596
-2.454
-2.4413
-2.4219
-2.4096
-2.403
-2.3975
-2.3863
-2.3871
-2.3956
-2.3978
-2.3911
-2.3776
-2.3642
-2.3522
-2.342
-2.334
-2.3244
-2.3354
-2.3441
-2.342
-2.3353
-2.3223
-2.3177
-2.2997
-2.2818
-2.271
-2.2643
-2.2719
-2.2749
-2.275
-2.2695
-2.2614
-2.2536
-2.2379
-2.214
-2.2022
-2.1968
-2.1992
-2.1941
-2.1926
-2.1905
-2.1831
-2.1724
-2.1569
-2.1409
-2.132
-2.1268
-2.1182
-2.112
-2.1069
-2.1123
-2.1127
-2.1092
-2.1
-2.0972
-2.098
-2.0828
-2.0688
-2.0596
-2.0558
-2.0547
-2.0501
-2.048
-2.0462
-2.0494
-2.0473
-2.0357
-2.0215
-2.0083
-2.0006
-1.9963
-1.9831
-1.9838
-1.9908
-1.9984
-1.9938
-1.9866
-1.9774
-1.9694
-1.9523
-1.9379
-1.9249
-1.9232
-1.928
-1.9244
-1.9206
-1.9124
-1.9081
-1.8978
-1.8791
-1.8622
-1.8497
-1.8488
-1.8455
-1.8385
-1.8349
-1.8339
-1.8317
-1.8254
-1.8131
-1.8087
-1.8044
-1.7984
-1.7854
-1.7765
-1.7688
-1.7658
-1.7604
-1.7599
-1.7536
-1.7557
-1.7567
-1.7489
-1.737
-1.7214
-1.7142
-1.7066
-1.6944
-1.6871
-1.6838
-1.6941
-1.6941
-1.6875
-1.6793
-1.6718
-1.6637
-1.6482
-1.6291
-1.6236
-1.6221
-1.6226
-1.6187
-1.6161
-1.6115
-1.6076
-1.5985
-1.5875
-1.5721
-1.5684
-1.5663
-1.5566
-1.5468
-1.5364
-1.5359
-1.5289
-1.5215
-1.5123
-1.5049
-1.5083
-1.5002
-1.4871
-1.4708
-1.457
-1.4504
-1.4386
-1.4212
-1.42
-1.4228
-1.426
-1.4205
-1.4116
-1.4025
-1.3961
-1.3843
-1.3639
-1.3536
-1.3554
-1.3559
-1.3508
-1.3466
-1.3456
-1.3468
-1.3379
-1.3297
-1.3204
-1.3152
-1.3125
-1.301
-1.2921
-1.2842
-1.2803
-1.28
-1.2732
-1.2696
-1.2733
-1.2776
-1.2772
-1.2695
-1.2599
-1.2445
-1.2362
-1.2311
-1.2176
-1.2109
-1.2119
-1.2148
-1.2151
-1.2115
-1.202
-1.1982
-1.1857
-1.1702
-1.1508
-1.1385
-1.137
-1.1317
-1.1229
-1.1124
-1.108
-1.1146
-1.112
-1.1025
-1.0983
-1.0958
-1.092
-1.0768
-1.0594
-1.0457
-1.0429
-1.0387
-1.0223
-1.0151
-1.0259
-1.0334
-1.0308
-1.0227
-1.0153
-1.0137
-1.0011
-0.97921
-0.96476
-0.9585
-0.96054
-0.95323
-0.94344
-0.93992
-0.94011
-0.94731
-0.93749
-0.92224
-0.91857
-0.91618
-0.91045
-0.8971
-0.88425
-0.87415
-0.87365
-0.86975
-0.85647
-0.851
-0.86177
-0.86719
-0.86321
-0.85313
-0.84307
-0.84083
-0.82869
-0.80622
-0.79494
-0.7845
-0.78716
-0.78656
-0.78041
-0.77594
-0.77318
-0.77741
-0.76637
-0.74877
-0.74361
-0.73779
-0.73264
-0.71871
-0.70469
-0.69394
-0.69529
-0.69054
-0.678
-0.67096
-0.67884
-0.68297
-0.67767
-0.66909
-0.65919
-0.65336
-0.6443
-0.62343
-0.61331
-0.60295
-0.60634
-0.60189
-0.5943
-0.5886
-0.58581
-0.5892
-0.58256
-0.56709
-0.56562
-0.56277
-0.56111
-0.55178
-0.53942
-0.52933
-0.52835
-0.52069
-0.5095
-0.4978
-0.50362
-0.50553
-0.50264
-0.49501
-0.4841
-0.47778
-0.47098
-0.45114
-0.44075
-0.42697
-0.42693
-0.42387
-0.417
-0.40804
-0.3985
-0.39936
-0.39599
-0.38203
-0.38107
-0.37855
-0.3765
-0.36882
-0.35877
-0.34454
-0.3386
-0.32461
-0.31012
-0.29864
-0.29473
-0.29617
-0.29192
-0.28888
-0.28599
-0.28291
-0.2783
-0.25932
-0.25183
-0.24399
-0.24128
-0.23308
-0.22027
-0.21085
-0.20061
-0.19838
-0.19468
-0.18054
-0.17853
-0.18442
-0.18565
-0.1804
-0.17285
-0.16383
-0.16241
-0.14993
-0.13129
-0.1208
-0.11154
-0.11432
-0.108
-0.10307
-0.095328
-0.086946
-0.090514
-0.083259
-0.072724
-0.068333
-0.061471
-0.066824
-0.064762
-0.056138
-0.045184
-0.034987
-0.022082
-0.0067544
0.0019551
0.00018818
-0.0012706
-0.0060341
-0.0062452
-0.0036066
-0.0084917
-0.0029532
0.01389
0.022816
0.029822
0.034055
0.033205
0.033259
0.033121
0.027308
0.030701
0.041807
0.052834
0.057308
0.053678
0.049168
0.039681
0.034831
0.031133
0.025249
0.029368
0.046376
0.059287
0.06758
0.069054
0.061187
0.047582
0.03737
0.025418
0.023558
0.023357
0.026372
0.03508
0.037353
0.036634
0.030775
0.023808
0.022383
0.027776
0.035333
0.045835
0.054886
0.05824
0.060943
0.056429
0.040468
0.019955
0.0083105
0.0090339
0.014859
0.02814
0.036497
0.045752
0.048882
0.045042
0.036543
0.02819
0.025785
0.029428
0.033715
0.041862
0.045462
0.046354
0.040731
0.029575
0.015708
0.0075592
0.0063766
0.0065103
0.015925
0.031737
0.042584
0.045096
0.04598
0.039653
0.029546
0.0186
0.014551
0.015248
0.020872
0.028503
0.031533
0.03387
0.031306
0.024344
0.011253
0.0053945
0.0060712
0.011686
0.019114
0.03335
0.04364
0.047931
0.045247
0.036775
0.030319
0.017115
0.010242
0.0089418
0.011897
0.023688
0.029675
0.03164
0.033
0.028954
0.026528
0.020003
0.020557
0.022293
0.024467
0.035155
0.045063
0.049804
0.043181
0.035839
0.029205
0.015309
0.0095999
0.0081408
0.009403
0.014692
0.025563
0.039276
0.042235
0.044889
0.040861
0.039833
0.034896
0.030563
0.033869
0.035451
0.038778
0.0419
0.045143
0.046474
0.040198
0.035417
0.025166
0.020107
0.018113
0.023985
0.030876
0.036639
0.045917
0.053237
0.057245
0.056808
0.053872
0.046829
0.038267
0.034791
0.036351
0.039886
0.044288
0.047904
0.049324
0.049421
0.048056
0.046476
0.040306
0.03488
0.033166
0.038265
0.041392
0.048224
0.055143
0.055754
0.051228
0.047826
0.044633
0.034813
0.025915
0.024315
0.023247
0.025185
0.033085
0.043771
0.049487
0.051014
0.051561
0.049927
0.044718
0.039223
0.039463
0.037925
0.03704
0.041561
0.046837
0.049622
0.051823
0.050777
0.047229
0.042394
0.037263
0.03478
0.034594
0.037591
0.040448
0.046025
0.051795
0.056096
0.05601
0.052506
0.045888
0.036992
0.028982
0.024212
0.020908
0.019965
0.02321
0.02739
0.031129
0.033176
0.036179
0.036628
0.0367
0.032568
0.028906
0.028053
0.030329
0.032836
0.037616
0.043247
0.04515
0.043355
0.041443
0.039339
0.034288
0.024418
0.016624
0.014506
0.016511
0.018404
0.024979
0.033384
0.040007
0.041684
0.044378
0.049274
0.047794
0.04144
0.036881
0.033921
0.029694
0.027613
0.029505
0.032465
0.034737
0.033282
0.030681
0.027279
0.023028
0.017094
0.012644
0.013357
0.01496
0.01691
0.021438
0.030777
0.040839
0.045305
0.047176
0.046352
0.042744
0.036693
0.025757
0.018434
0.014117
0.008828
0.0076993
0.0094451
0.016244
0.023903
0.027872
0.028366
0.028492
0.028541
0.023164
0.018438
0.018264
0.017022
0.017951
0.019679
0.021353
0.028219
0.032511
0.031993
0.03096
0.028315
0.023172
0.014474
0.009519
0.011247
0.012877
0.012747
0.014971
0.02087
0.032624
0.042391
0.046447
0.04946
0.048944
0.044614
0.036482
0.029779
0.02755
0.029037
0.026033
0.02286
0.023384
0.028822
0.034222
0.035267
0.033926
0.033743
0.032784
0.025271
0.019106
0.016839
0.020858
0.020867
0.017915
0.021085
0.028818
0.035979
0.03733
0.03473
0.03327
0.028807
0.019298
0.0084903
0.0022148
0.0031611
0.0048855
0.0068435
0.0097875
0.019293
0.032985
0.040252
0.041295
0.044065
0.045078
0.040827
0.032394
0.023421
0.020822
0.020512
0.015464
0.011783
0.013052
0.019446
0.025705
0.025888
0.025017
0.025367
0.024219
0.020643
0.017268
0.014169
0.013726
0.016333
0.019111
0.020319
0.023059
0.029726
0.034677
0.036245
0.031907
0.029844
0.028
0.023507
0.018542
0.015112
0.014191
0.01659
0.022102
0.024686
0.029832
0.039883
0.048664
0.053052
0.053534
0.052462
0.052914
0.051273
0.044614
0.03815
0.033435
0.033272
0.03229
0.029651
0.031019
0.033367
0.03776
0.037553
0.036717
0.033638
0.032315
0.031689
0.027096
0.024214
0.021614
0.024769
0.029631
0.030448
0.035646
0.04098
0.046671
0.049398
0.047701
0.049024
0.045907
0.043135
0.039495
0.031747
0.028337
0.027584
0.026551
0.025522
0.025925
0.029207
0.034125
0.040048
0.042885
0.043619
0.042234
0.043205
0.041968
0.036488
0.033583
0.031715
0.031483
0.032536
0.02964
0.027969
0.028621
0.032211
0.034151
0.035768
0.035125
0.033523
0.033554
0.031043
0.027555
0.025008
0.025002
0.024894
0.027882
0.02846
0.029221
0.03517
0.039391
0.045644
0.047768
0.046331
0.044645
0.042849
0.040883
0.0356
0.028959
0.021908
0.018425
0.015094
0.013531
0.014964
0.016381
0.023845
0.030211
0.036076
0.039057
0.041354
0.042249
0.043491
0.042056
0.036527
0.03251
0.026205
0.025678
0.025682
0.027404
0.028604
0.028506
0.035273
0.041683
0.045539
0.044372
0.041755
0.042231
0.041406
0.040137
0.035632
0.030709
0.02948
0.031241
0.034947
0.037113
0.040568
0.04467
0.049985
0.054964
0.057086
0.055947
0.052522
0.047234
0.045694
0.039385
0.031272
0.022568
0.018275
0.01772
0.018747
0.017789
0.022169
0.027679
0.034499
0.041021
0.045436
0.049825
0.050358
0.053267
0.054027
0.05131
0.047299
0.043876
0.043911
0.043333
0.046629
0.046537
0.049398
0.051462
0.056929
0.058612
0.056769
0.051429
0.049039
0.045534
0.043265
0.036427
0.029241
0.025762
0.027379
0.031283
0.034018
0.035859
0.03695
0.043311
0.05055
0.055282
0.055472
0.05396
0.053697
0.052899
0.047198
0.04132
0.036562
0.031733
0.027528
0.024263
0.021609
0.02316
0.027046
0.030258
0.035178
0.040028
0.045431
0.048918
0.052802
0.055002
0.058666
0.058117
0.055011
0.053358
0.051715
0.049364
0.046488
0.044055
0.044068
0.045026
0.043441
0.040717
0.040965
0.040764
0.039322
0.037719
0.034412
0.035636
0.033129
0.030508
0.026812
0.025511
0.023889
0.024966
0.027603
0.032246
0.037336
0.039176
0.047392
0.053748
0.059073
0.057606
0.057052
0.057655
0.05587
0.05227
0.048432
0.041784
0.035916
0.029634
0.027808
0.028662
0.026689
0.023738
0.028216
0.033794
0.039529
0.043792
0.048544
0.053149
0.055571
0.058318
0.060415
0.0586
0.053669
0.050412
0.047408
0.045561
0.038137
0.033778
0.032253
0.027973
0.026284
0.028182
0.030515
0.030702
0.029582
0.031471
0.032838
0.036313
0.036455
0.038287
0.035383
0.033614
0.03648
0.03817
0.035504
0.032626
0.031725
0.030446
0.029738
0.032295
0.034515
0.03386
0.030325
0.030996
0.030707
0.028968
0.026291
0.022773
0.01813
0.014474
0.013639
0.013793
0.010852
0.011791
0.013128
0.015238
0.019666
0.026333
0.030346
0.032502
0.03737
0.041238
0.044495
0.04698
0.047388
0.046951
0.042843
0.040437
0.03791
0.033699
0.030328
0.027035
0.023759
0.020539
0.022036
0.022774
0.022059
0.0239
0.025213
0.026436
0.027943
0.032299
0.033743
0.034725
0.034553
0.035037
0.032977
0.031518
0.03035
0.028316
0.024458
0.023745
0.023912
0.0267
0.029735
0.032113
0.034493
0.03654
0.037811
0.038848
0.040151
0.040295
0.039155
0.036113
0.034867
0.031059
0.029227
0.026961
0.028012
0.027348
0.026768
0.02783
0.031076
0.035237
0.039917
0.043039
0.046017
0.047444
0.050284
0.052995
0.054305
0.05124
0.046783
0.041274
0.037579
0.032547
0.029778
0.024736
0.018208
0.014119
0.012375
0.011251
0.012032
0.015765
0.018621
0.021976
0.025901
0.030898
0.036486
0.041681
0.046598
0.049649
0.050451
0.050587
0.048966
0.046921
0.043347
0.042909
0.037759
0.033233
0.030335
0.026452
0.024521
0.023469
0.022383
0.023034
0.023348
0.024366
0.026777
0.02644
0.026568
0.02591
0.024612
0.025018
0.024883
0.026917
0.027138
0.029455
0.029409
0.029484
0.031182
0.033254
0.035269
0.038347
0.03837
0.040614
0.042324
0.042678
0.044004
0.043799
0.043287
0.040441
0.036135
0.032556
0.030225
0.026754
0.024028
0.019942
0.015133
0.01341
0.012819
0.014406
0.017941
0.02088
0.024396
0.028235
0.03123
0.035498
0.039344
0.042734
0.045201
0.04407
0.041945
0.038764
0.035495
0.033508
0.031833
0.029281
0.02791
0.024387
0.023266
0.023883
0.022649
0.022739
0.023066
0.024515
0.026146
0.027167
0.031432
0.033504
0.03658
0.038713
0.039722
0.041191
0.040994
0.042044
0.043075
0.041518
0.04052
0.04045
0.038723
0.038567
0.038872
0.038366
0.037728
0.037277
0.036208
0.036251
0.035236
0.036118
0.035166
0.033269
0.033109
0.030636
0.029312
0.028605
0.026555
0.024451
0.02358
0.023297
0.022585
0.022988
0.02604
0.029998
0.033184
0.03685
0.03882
0.043271
0.045294
0.046489
0.04849
0.046878
0.04639
0.044558
0.043098
0.03989
0.036297
0.032624
0.026694
0.022802
0.018155
0.013578
0.011463
0.0077641
0.007727
0.0076033
0.0086953
0.012808
0.014575
0.017966
0.02241
0.026378
0.031312
0.035234
0.040122
0.042161
0.045111
0.046326
0.045444
0.044994
0.041986
0.038669
0.035189
0.031418
0.030147
0.025197
0.022301
0.018373
0.014807
0.014421
0.010884
0.010107
0.010138
0.0099729
0.012786
0.013095
0.014874
0.017196
0.017571
0.018809
0.020098
0.019656
0.019866
0.019019
0.017013
0.017634
0.017034
0.018577
0.022521
0.02332
0.026796
0.027953
0.029182
0.03255
0.03361
0.035753
0.034703
0.034729
0.034071
0.032918
0.030638
0.027234
0.024493
0.019561
0.016528
0.011904
0.0085747
0.0062044
0.0038272
0.0047095
0.0039504
0.0067277
0.0083466
0.011359
0.01454
0.017083
0.021768
0.024276
0.029333
0.032801
0.03588
0.038653
0.039882
0.04064
0.039884
0.038575
0.035239
0.031838
0.027469
0.024573
0.020445
0.015951
0.012257
0.0088669
0.0078495
0.0055983
0.0058219
0.0055514
0.0072266
0.010014
0.010553
0.012673
0.013681
0.015589
0.018726
0.021076
0.023459
0.026381
0.02777
0.028628
0.029016
0.027725
0.026672
0.024217
0.021012
0.016731
0.013734
0.012139
0.0095693
0.0083895
0.0057183
0.0046048
0.0029278
0.0031487
0.00094458
0.0016406
0.0029019
0.0047924
0.0064017
0.0077179
0.0093799
0.011359
0.011751
0.013016
0.014114
0.015028
0.015273
0.014716
0.014147
0.013515
0.012916
0.014143
0.013855
0.014649
0.01365
0.014786
0.014073
0.014872
0.014086
0.014724
0.014383
0.015056
0.012861
0.01037
0.007472
0.003956
-0.0012005
-0.0034536
-0.0059211
-0.0077512
-0.008211
-0.0096691
-0.0094385
-0.0096693
-0.0063174
-0.0038148
-0.0021807
0.00018327
0.0036077
0.0072985
0.010413
0.014687
0.019973
0.023963
0.025956
0.027347
0.028619
0.029617
0.028569
0.027275
0.025967
0.024775
0.021706
0.01773
0.012991
0.0080708
0.002104
-0.0042399
-0.0080755
-0.012344
-0.016013
-0.019222
-0.01819
-0.018301
-0.015596
-0.013373
-0.0094658
-0.006101
-0.00113
0.0036493
0.0089776
0.015926
0.021257
0.025576
0.030179
0.033259
0.035479
0.036462
0.035803
0.033915
0.031694
0.026474
0.021132
0.016746
0.011962
0.0070442
-1.2798e-005
-0.0043002
-0.0092805
-0.011247
-0.014546
-0.016174
-0.015727
-0.015707
-0.015754
-0.012724
-0.0098367
-0.0071904
-0.0043524
-0.0029794
-0.0010695
0.0020597
0.0024281
0.0048655
0.0064685
0.0069247
0.007731
0.00867
0.010756
0.011574
0.010037
0.0093366
0.0094366
0.0082896
0.0082397
0.0084154
0.01017
0.010721
0.011111
0.011693
0.011812
0.010455
0.0071564
0.005284
0.0025922
-0.00076946
-0.00248
-0.0055051
-0.0072188
-0.010559
-0.01288
-0.013633
-0.015542
-0.018823
-0.019302
-0.020466
-0.019501
-0.018072
-0.016314
-0.01355
-0.010744
-0.0073434
0.00020556
0.0055864
0.011558
0.016183
0.020444
0.024229
0.025789
0.026857
0.027631
0.026793
0.024335
0.021498
0.018673
0.012324
0.0053908
-0.0014989
-0.0074612
-0.01385
-0.01983
-0.022674
-0.026887
-0.028367
-0.027562
-0.027824
-0.026768
-0.02506
-0.022816
-0.018363
-0.014728
-0.0089063
-0.0028969
0.0018567
0.0059809
0.011583
0.017557
0.01926
0.020704
0.021247
0.021518
0.02046
0.018798
0.016334
0.013379
0.0095163
0.0078947
0.0054826
0.0014352
-0.0018251
-0.0053596
-0.0095721
-0.013021
-0.01614
-0.019941
-0.022414
-0.023425
-0.023003
-0.022644
-0.023155
-0.020559
-0.017511
-0.016184
-0.013592
-0.011137
-0.0073784
-0.0047718
-4.4665e-005
0.002954
0.0043611
0.0057366
0.0074296
0.0068102
0.0051071
0.0038072
0.0019967
0.00030917
-0.00050143
-0.0018087
-0.0026158
-0.0047622
-0.0044019
-0.0038993
-0.0043762
-0.0060338
-0.00701
-0.0088964
-0.010748
-0.011511
-0.01265
-0.013183
-0.013525
-0.011642
-0.012719
-0.014534
-0.014688
-0.015607
-0.01804
-0.019577
-0.019161
-0.018566
-0.017959
-0.015426
-0.014146
-0.011819
-0.0093313
-0.0067581
-0.0080748
-0.0069758
-0.0053154
-0.0046057
-0.0035935
-0.0012239
0.0011397
0.0039651
0.0075124
0.010436
0.01129
0.01276
0.012856
0.010974
0.0067357
0.0028676
-0.0021964
-0.0071865
-0.012073
-0.01591
-0.019912
-0.023157
-0.026103
-0.0285
-0.030089
-0.030024
-0.030464
-0.028899
-0.026951
-0.023088
-0.017627
-0.011611
-0.0054015
3.2622e-005
0.0063728
0.011043
0.01415
0.015594
0.018862
0.020076
0.020617
0.021928
0.020539
0.018833
0.016839
0.014821
0.0099889
0.0056341
0.0004773
-0.0053067
-0.010816
-0.015771
-0.01986
-0.023029
-0.025029
-0.025758
-0.025457
-0.024347
-0.023475
-0.024011
-0.022501
-0.021844
-0.021018
-0.018851
-0.014991
-0.010518
-0.0047903
-0.0001296
0.0040485
0.0087084
0.012937
0.013989
0.015801
0.015104
0.014928
0.012669
0.010978
0.0086015
0.0046444
0.0023072
-0.00093833
-0.0041512
-0.0081874
-0.010134
-0.013779
-0.017025
-0.01918
-0.02144
-0.02378
-0.023043
-0.023574
-0.023042
-0.022553
-0.020308
-0.018015
-0.016022
-0.015403
-0.013701
-0.011726
-0.0093209
-0.007527
-0.0043598
-0.0020626
-0.00024135
0.0023513
0.0027376
0.0033243
0.0041683
0.0042184
0.0042604
0.0029614
0.0016287
0.00028865
-0.0010106
-0.0006925
-0.003529
-0.004901
-0.0058339
-0.0057212
-0.00413
-0.0027158
-0.00075485
-0.00021479
0.00067083
0.00043514
0.00017598
-0.00021911
-0.0030328
-0.0051334
-0.00703
-0.010056
-0.011719
-0.013932
-0.014987
-0.017743
-0.01986
-0.021316
-0.02085
-0.019481
-0.01817
-0.01516
-0.011566
-0.0083175
-0.0041162
0.0013484
0.0054241
0.0086875
0.011005
0.014064
0.01848
0.020627
0.022941
0.024454
0.02635
0.027599
0.027975
0.028283
0.026429
0.024435
0.020896
0.016199
0.012073
0.0062572
0.00078661
-0.0034475
-0.0084981
-0.013178
-0.016102
-0.019347
-0.021814
-0.024509
-0.027593
-0.028584
-0.029931
-0.029533
-0.027018
-0.024013
-0.019926
-0.0136
-0.0058127
0.00028469
0.0066271
0.013593
0.019638
0.025309
0.029623
0.0341
0.036593
0.037875
0.038156
0.036984
0.035359
0.03069
0.02661
0.02283
0.017179
0.011549
0.0063104
-0.00025577
-0.0059571
-0.011999
-0.018706
-0.023337
-0.028194
-0.031594
-0.033309
-0.034427
-0.034359
-0.031882
-0.028977
-0.025815
-0.021792
-0.017009
-0.012328
-0.0062592
0.0005998
0.0071005
0.013075
0.018949
0.025192
0.029575
0.03139
0.032692
0.033832
0.032751
0.030679
0.0277
0.023867
0.018926
0.014896
0.010312
0.0072231
0.0049027
0.0020585
0.0014752
-0.00055911
-0.0017433
-0.0027601
-0.0051004
-0.0075971
-0.011437
-0.012744
-0.014288
-0.014649
-0.013108
-0.012098
-0.010643
-0.007041
-0.0041785
-0.0023801
-0.00019887
0.0026351
0.0052727
0.0078267
0.012004
0.014974
0.017538
0.02076
0.022235
0.023589
0.023688
0.025127
0.026619
0.025619
0.024115
0.023151
0.021764
0.020512
0.019712
0.019143
0.017806
0.017343
0.017098
0.015513
0.013715
0.014052
0.013108
0.011628
0.011484
0.01057
0.0089185
0.0071592
0.0045014
0.0007537
-0.002767
-0.0049301
-0.0071633
-0.010608
-0.012261
-0.012693
-0.012774
-0.012274
-0.0099543
-0.0070919
-0.0056393
-0.003153
0.00067765
0.0040985
0.0090711
0.014204
0.018307
0.022809
0.02747
0.029951
0.030901
0.032161
0.033563
0.033386
0.033726
0.03438
0.034816
0.033748
0.032558
0.030841
0.028014
0.023776
0.017917
0.012166
0.0065367
0.00059473
-0.0043123
-0.0095094
-0.014005
-0.018735
-0.023786
-0.027206
-0.029131
-0.03013
-0.029676
-0.02911
-0.026773
-0.021682
-0.016393
-0.010612
-0.0046136
0.0018421
0.0080551
0.012066
0.018025
0.024504
0.029691
0.034974
0.041266
0.046433
0.050958
0.0544
0.057328
0.058336
0.057588
0.056182
0.052531
0.047913
0.044532
0.037644
0.030623
0.024723
0.015746
0.0068475
-0.0012606
-0.0099748
-0.018971
-0.026969
-0.032139
-0.036094
-0.037034
-0.036671
-0.035115
-0.030936
-0.027913
-0.024629
-0.018417
-0.011563
-0.0045454
0.0034324
0.013717
0.024322
0.033384
0.043364
0.051505
0.058038
0.064226
0.068004
0.071295
0.073595
0.072362
0.070234
0.068785
0.064537
0.05959
0.053719
0.048055
0.041209
0.033581
0.02714
0.018562
0.0089605
-0.00023525
-0.0086805
-0.01586
-0.023161
-0.029311
-0.034131
-0.03605
-0.037322
-0.037573
-0.034416
-0.031832
-0.028506
-0.021497
-0.014173
-0.0060587
0.0018849
0.011039
0.020601
0.028355
0.036399
0.044191
0.049077
0.053897
0.058617
0.062683
0.065548
0.066321
0.066126
0.063335
0.058847
0.054089
0.048341
0.041229
0.032411
0.026786
0.021596
0.014926
0.009955
0.0045253
0.00032763
-0.0046402
-0.0087711
-0.012388
-0.01817
-0.022031
-0.024402
-0.025358
-0.024963
-0.023575
-0.020998
-0.019974
-0.016176
-0.01287
-0.01022
-0.0060091
-0.00257
0.0012958
0.0051512
0.0085018
0.015014
0.020756
0.027528
0.033451
0.037989
0.04229
0.044683
0.047739
0.049401
0.04805
0.047272
0.046938
0.044832
0.042042
0.038709
0.034669
0.029661
0.025309
0.022195
0.016392
0.011579
0.0089457
0.0071688
0.0046834
0.003104
0.0015982
-0.0016431
-0.003964
-0.0068427
-0.0088503
-0.011286
-0.011074
-0.010432
-0.011299
-0.0091469
-0.0059686
-0.0033593
-0.0014558
0.0012211
0.0041764
0.006027
0.010273
0.013722
0.016466
0.021129
0.028009
0.034323
0.038918
0.044944
0.050107
0.053003
0.05627
0.055858
0.052644
0.050072
0.047567
0.042749
0.038222
0.03553
0.033024
0.029973
0.027269
0.023376
0.018921
0.015601
0.011109
0.0060152
0.00048792
-0.0033914
-0.010129
-0.016115
-0.020113
-0.023758
-0.02742
-0.031077
-0.033938
-0.036122
-0.0356
-0.03409
-0.032393
-0.029205
-0.024105
-0.017465
-0.012137
-0.0042351
0.0036429
0.010018
0.018446
0.026323
0.032412
0.0381
0.04574
0.05151
0.056136
0.060889
0.064184
0.065323
0.065156
0.063512
0.059619
0.054469
0.049187
0.042213
0.035026
0.028146
0.019099
0.011195
0.0045028
-0.0038666
-0.014642
-0.023891
-0.033316
-0.042395
-0.048476
-0.053013
-0.056236
-0.056445
-0.054609
-0.050161
-0.045677
-0.039671
-0.033549
-0.026279
-0.017876
-0.0089537
-7.7982e-005
0.0090929
0.019972
0.029014
0.039455
0.049307
0.057984
0.066708
0.07366
0.079901
0.086645
0.08901
0.089679
0.088739
0.085779
0.081612
0.077972
0.069973
0.060949
0.051782
0.042422
0.030116
0.018469
0.0084678
-0.0035063
-0.013955
-0.022726
-0.031767
-0.040054
-0.046765
-0.052581
-0.056856
-0.058187
-0.058093
-0.057391
-0.053874
-0.048659
-0.041979
-0.035155
-0.027208
-0.018594
-0.010101
-0.00064149
0.010515
0.021083
0.031436
0.042844
0.053088
0.0633
0.069752
0.076816
0.082032
0.085551
0.088961
0.090718
0.08876
0.086032
0.080647
0.072654
0.06451
0.053763
0.041089
0.028493
0.015586
0.0033733
-0.0093279
-0.020456
-0.028848
-0.03695
-0.04502
-0.049617
-0.054478
-0.059564
-0.063232
-0.064465
-0.064743
-0.064971
-0.061926
-0.05655
-0.050829
-0.041886
-0.031896
-0.021027
-0.0082305
0.0036955
0.015781
0.027127
0.037156
0.04804
0.057196
0.064439
0.071525
0.075608
0.078266
0.081329
0.080502
0.077779
0.074086
0.067864
0.061523
0.05501
0.048742
0.040519
0.032021
0.025147
0.018829
0.0084786
-0.001505
-0.00976
-0.016943
-0.025185
-0.032723
-0.036239
-0.040922
-0.046042
-0.047697
-0.050255
-0.052802
-0.051599
-0.050336
-0.046716
-0.042305
-0.036277
-0.028481
-0.021125
-0.011621
-0.0021211
0.0073149
0.016426
0.02529
0.034132
0.041598
0.048171
0.055738
0.059914
0.062106
0.065168
0.066034
0.066269
0.064876
0.063501
0.060893
0.05714
0.053351
0.049035
0.043362
0.038192
0.03236
0.026138
0.01872
0.010759
0.0028648
-0.0061536
-0.01471
-0.022444
-0.030614
-0.036295
-0.039617
-0.040935
-0.041726
-0.042141
-0.04209
-0.041126
-0.039825
-0.036794
-0.033488
-0.029004
-0.025679
-0.021569
-0.014932
-0.0086352
-0.0015055
0.0060437
0.012045
0.017993
0.023719
0.027672
0.031517
0.034788
0.038938
0.041452
0.043354
0.045329
0.047343
0.049407
0.049216
0.049147
0.048204
0.045762
0.043062
0.039016
0.033244
0.027523
0.022102
0.016435
0.01005
0.0054861
0.0017097
-0.0028943
-0.006545
-0.010533
-0.014251
-0.017499
-0.020825
-0.024247
-0.029468
-0.034352
-0.036879
-0.039839
-0.041482
-0.041726
-0.041727
-0.040548
-0.039579
-0.035522
-0.031277
-0.026401
-0.01878
-0.011767
-0.0051129
0.0013747
0.0082645
0.014478
0.020954
0.028519
0.034343
0.039863
0.045656
0.050238
0.053891
0.056089
0.055657
0.055889
0.055207
0.054426
0.050947
0.048262
0.045282
0.040114
0.035392
0.029334
0.023325
0.017283
0.010158
0.0039767
-0.0039421
-0.010155
-0.016796
-0.02457
-0.03143
-0.038052
-0.045082
-0.050729
-0.055615
-0.057817
-0.059126
-0.059623
-0.057094
-0.054804
-0.050672
-0.044676
-0.03691
-0.029649
-0.021695
-0.012955
-0.0054788
0.0021631
0.010175
0.017091
0.025267
0.033535
0.041697
0.048604
0.056118
0.061498
0.064693
0.06918
0.071592
0.072341
0.071901
0.07124
0.067794
0.062088
0.056252
0.047815
0.037948
0.028703
0.016935
0.0072507
-0.0026782
-0.01386
-0.022859
-0.032794
-0.04274
-0.052961
-0.061342
-0.069246
-0.076361
-0.080328
-0.083373
-0.084903
-0.083902
-0.081
-0.077177
-0.071009
-0.061508
-0.051434
-0.039901
-0.027531
-0.014673
-0.0026341
0.0090382
0.020294
0.031046
0.042314
0.052565
0.061392
0.070238
0.076784
0.081994
0.086394
0.089024
0.088438
0.085286
0.08277
0.07704
0.071849
0.064656
0.055181
0.045802
0.034745
0.023819
0.011957
-0.0015496
-0.013456
-0.025649
-0.036728
-0.04657
-0.055939
-0.064005
-0.071562
-0.077419
-0.082175
-0.084421
-0.085525
-0.083364
-0.079354
-0.072793
-0.065076
-0.055373
-0.045109
-0.033292
-0.021181
-0.0087841
0.003433
0.015099
0.026386
0.03803
0.049301
0.060439
0.070854
0.080188
0.087897
0.093274
0.097032
0.098958
0.0996
0.09776
0.094634
0.091162
0.083202
0.076297
0.067791
0.057051
0.045744
0.032463
0.019237
0.004158
-0.011576
-0.024962
-0.037558
-0.047655
-0.057149
-0.063768
-0.068117
-0.07069
-0.071601
-0.070378
-0.066447
-0.062672
-0.057418
-0.050146
-0.042394
-0.034232
-0.024673
-0.01396
-0.0035172
0.0063547
0.017024
0.027332
0.037963
0.047636
0.057459
0.066146
0.073552
0.078697
0.082961
0.085911
0.087145
0.086063
0.083786
0.080237
0.074949
0.068878
0.061612
0.053288
0.044439
0.034867
0.02581
0.014742
0.0045577
-0.0057047
-0.015112
-0.024511
-0.032698
-0.038622
-0.044947
-0.048452
-0.049454
-0.049826
-0.048138
-0.045285
-0.040949
-0.036523
-0.03049
-0.024177
-0.017554
-0.0079488
0.0017521
0.010216
0.019989
0.03111
0.041528
0.051301
0.061843
0.069577
0.076041
0.079992
0.083268
0.085069
0.085168
0.083522
0.079494
0.07571
0.070334
0.063358
0.056481
0.049176
0.041291
0.032006
0.024282
0.017278
0.0090535
0.001229
-0.0044802
-0.010723
-0.016931
-0.02145
-0.023773
-0.026377
-0.027319
-0.026214
-0.024009
-0.020889
-0.015786
-0.0090751
-0.0028886
0.0044393
0.012005
0.020276
0.028559
0.035883
0.043382
0.051001
0.059238
0.06619
0.073199
0.080086
0.082747
0.084384
0.084044
0.083419
0.079557
0.073844
0.068362
0.061998
0.055339
0.047058
0.039816
0.030937
0.022538
0.01375
0.0050365
-0.0027589
-0.010863
-0.017952
-0.023624
-0.028407
-0.032334
-0.036895
-0.040006
-0.040392
-0.039469
-0.037585
-0.033035
-0.029219
-0.024292
-0.016457
-0.0075339
-9.2242e-006
0.008166
0.017094
0.025756
0.032537
0.041462
0.049279
0.054624
0.061435
0.068561
0.074879
0.080243
0.085404
0.088036
0.089003
0.089936
0.087982
0.084292
0.078003
0.07175
0.06252
0.052851
0.042924
0.03237
0.019636
0.0083461
-0.0023801
-0.014526
-0.025527
-0.035708
-0.042854
-0.049205
-0.053489
-0.055216
-0.057275
-0.056724
-0.052652
-0.048535
-0.044162
-0.037842
-0.031669
-0.023854
-0.013677
-0.0035791
0.0062966
0.016104
0.027173
0.037252
0.045599
0.054045
0.062646
0.068192
0.075315
0.082983
0.088668
0.093326
0.097158
0.10035
0.099692
0.098377
0.096951
0.092243
0.085978
0.07936
0.070174
0.05933
0.04893
0.038208
0.027171
0.014459
0.0035189
-0.0073653
-0.018283
-0.026684
-0.033975
-0.042201
-0.0479
-0.052298
-0.054642
-0.055435
-0.055438
-0.053567
-0.051766
-0.047559
-0.042403
-0.036956
-0.030092
-0.019806
-0.009179
0.0020234
0.012888
0.024073
0.035641
0.044209
0.053971
0.063601
0.071137
0.079049
0.086837
0.092545
0.097213
0.099338
0.10094
0.099978
0.0968
0.093323
0.086699
0.079372
0.070322
0.060721
0.050598
0.040036
0.029103
0.018642
0.0066117
-0.0037273
-0.012826
-0.023063
-0.03145
-0.039363
-0.045253
-0.051005
-0.054492
-0.057042
-0.058946
-0.057574
-0.054043
-0.05065
-0.045055
-0.036788
-0.028281
-0.019099
-0.010407
-5.8678e-005
0.0099608
0.018878
0.029458
0.037923
0.045998
0.052873
0.059416
0.066301
0.072241
0.077146
0.083184
0.085906
0.088703
0.090031
0.090564
0.089948
0.085956
0.080184
0.072235
0.062704
0.053568
0.043076
0.032301
0.023089
0.013022
0.0034764
-0.0076918
-0.015438
-0.022945
-0.03041
-0.036236
-0.041341
-0.044369
-0.045824
-0.045638
-0.044804
-0.04263
-0.038166
-0.031748
-0.026468
-0.018773
-0.010869
-0.0023444
0.0068797
0.014764
0.023539
0.032067
0.040125
0.047915
0.054714
0.060921
0.067694
0.074427
0.080919
0.08365
0.086829
0.088345
0.087552
0.085483
0.081402
0.076842
0.069786
0.061366
0.052984
0.043004
0.032486
0.022225
0.012613
0.004172
-0.004708
-0.012552
-0.020296
-0.025865
-0.031236
-0.035216
-0.037988
-0.040818
-0.041062
-0.038188
-0.036188
-0.033104
-0.028651
-0.022064
-0.014666
-0.0078959
0.0010536
0.0095348
0.018197
0.026855
0.03432
0.042217
0.049779
0.056995
0.062275
0.066887
0.071549
0.075339
0.078407
0.080597
0.080885
0.081044
0.0784
0.074654
0.069939
0.064178
0.058356
0.050902
0.042299
0.033048
0.0239
0.014304
0.0039103
-0.0046475
-0.012144
-0.019681
-0.026276
-0.032847
-0.037628
-0.042498
-0.046034
-0.048697
-0.048618
-0.046786
-0.043375
-0.037767
-0.03003
-0.020771
-0.011766
-0.0018704
0.0087646
0.017794
0.027197
0.035968
0.043665
0.051994
0.058091
0.063977
0.068716
0.071539
0.074271
0.076572
0.078178
0.078453
0.078839
0.07862
0.07675
0.074221
0.069498
0.064009
0.057796
0.050848
0.043301
0.03399
0.025177
0.016125
0.0071731
-0.002636
-0.010996
-0.017602
-0.023849
-0.03065
-0.03491
-0.03876
-0.041233
-0.043689
-0.04322
-0.041526
-0.039072
-0.035363
-0.03063
-0.02343
-0.017671
-0.012049
-0.0063334
0.00075407
0.0076991
0.01448
0.022074
0.029069
0.03576
0.042378
0.047695
0.052773
0.056216
0.059081
0.061492
0.063805
0.066155
0.066598
0.067355
0.066355
0.065084
0.062192
0.057776
0.052234
0.046502
0.04049
0.033096
0.024922
0.017657
0.0089056
0.00055025
-0.0070709
-0.013263
-0.019934
-0.026004
-0.031269
-0.035597
-0.039358
-0.042368
-0.044508
-0.044668
-0.044407
-0.042423
-0.041038
-0.036999
-0.03312
-0.027934
-0.023772
-0.017214
-0.010328
-0.00309
0.0040236
0.010499
0.017873
0.02446
0.029794
0.034097
0.03773
0.04085
0.041897
0.042983
0.044848
0.044805
0.044901
0.043759
0.044559
0.044615
0.043891
0.04275
0.041862
0.040436
0.036456
0.031036
0.025985
0.020142
0.014543
0.007923
0.0032574
-0.0024
-0.0072696
-0.012547
-0.016272
-0.02037
-0.023893
-0.026995
-0.02898
-0.030062
-0.029873
-0.029532
-0.028504
-0.026591
-0.024038
-0.022197
-0.019557
-0.016081
-0.011587
-0.0077803
-0.0037778
0.0014751
0.0061739
0.010687
0.014011
0.018022
0.021061
0.024198
0.02664
0.028744
0.031267
0.032721
0.033961
0.035021
0.035481
0.035345
0.03387
0.031719
0.02896
0.026244
0.020984
0.016584
0.012277
0.0079787
0.0046767
0.0018444
0.00019379
-0.0017474
-0.0032441
-0.0051692
-0.0062695
-0.0069182
-0.0091047
-0.010108
-0.010483
-0.010174
-0.010599
-0.010736
-0.010601
-0.011185
-0.011708
-0.012183
-0.012881
-0.013272
-0.012376
-0.011739
-0.011811
-0.011819
-0.010177
-0.0093401
-0.0088655
-0.0080339
-0.0057427
-0.0046017
-0.0045315
-0.0038491
-0.002164
-0.0015528
-0.0016054
-0.0014047
-0.00040291
-0.00069602
-0.00045911
0.00012434
0.0014619
0.0020016
0.0020644
0.0027986
0.003074
0.0039752
0.0039051
0.0048368
0.005449
0.0057719
0.0064703
0.0059299
0.0060847
0.0048578
0.0043452
0.0041078
0.0054711
0.0067681
0.0084077
0.010444
0.011925
0.013401
0.014235
0.014086
0.01263
0.010651
0.0094434
0.0078564
0.0062145
0.0035691
0.0025649
0.00064022
-0.002048
-0.0048081
-0.0053349
-0.0068835
-0.0083781
-0.0091043
-0.0090164
-0.0095006
-0.0098485
-0.0092452
-0.0095531
-0.0091102
-0.0088709
-0.0082499
-0.0080123
-0.0071281
-0.006019
-0.0054375
-0.0038914
-0.0023218
0.00040347
0.0028579
0.0060308
0.0085722
0.011944
0.015462
0.018621
0.022197
0.024974
0.028466
0.031872
0.034266
0.035871
0.036698
0.03562
0.034103
0.032151
0.029144
0.025476
0.021975
0.019395
0.017703
0.016145
0.014025
0.011477
0.010055
0.0078301
0.0059099
0.0038589
0.0023702
0.00040149
-0.001339
-0.0037313
-0.0041992
-0.0063358
-0.0077228
-0.008898
-0.010299
-0.012468
-0.013157
-0.013532
-0.014817
-0.01545
-0.015503
-0.015374
-0.015594
-0.015277
-0.0132
-0.011596
-0.0092572
-0.0070553
-0.0031907
-0.001171
0.0025279
0.0052375
0.0085433
0.011828
0.015843
0.01948
0.022855
0.02601
0.029499
0.031487
0.033048
0.034289
0.03514
0.035643
0.035804
0.034139
0.033273
0.031524
0.028832
0.026016
0.023376
0.019336
0.015898
0.012979
0.011276
0.0096195
0.0085905
0.0075678
0.0075199
0.0059154
0.0052615
0.0038074
0.00085205
-0.0013361
-0.003887
-0.0066367
-0.0087223
-0.0099992
-0.012342
-0.014287
-0.014629
-0.014843
-0.014562
-0.0143
-0.012797
-0.010914
-0.0083466
-0.0049855
-0.001488
0.0013934
0.0055606
0.0097355
0.014133
0.018211
0.021938
0.025382
0.029215
0.032011
0.03384
0.036581
0.038797
0.040395
0.041349
0.04199
0.042613
0.042113
0.041404
0.039768
0.038917
0.038051
0.036335
0.033677
0.031295
0.027033
0.021771
0.016994
0.011367
0.0056372
-1.2126e-005
-0.0044076
-0.0075611
-0.010377
-0.012655
-0.014209
-0.015795
-0.017081
-0.017988
-0.017813
-0.017681
-0.015375
-0.014375
-0.012852
-0.010449
-0.008018
-0.0058918
-0.0032018
-0.0010887
0.0018286
0.0048796
0.0074277
0.0099954
0.0127
0.015512
0.01771
0.019504
0.021417
0.022634
0.023588
0.024609
0.025028
0.024387
0.024798
0.024322
0.024027
0.022384
0.021011
0.019751
0.019085
0.016724
0.015347
0.013784
0.012635
0.010546
0.0083383
0.0070362
0.0058148
0.0039228
0.0025348
0.0014709
0.0004491
-0.00040802
-0.0019122
-0.0027145
-0.0038197
-0.0046442
-0.0057983
-0.0047932
-0.0035295
-0.0015183
0.0021
0.0050421
0.0088852
0.011284
0.014032
0.015541
0.015601
0.015639
0.01632
0.016245
0.017075
0.016926
0.01648
0.016164
0.015268
0.014227
0.013309
0.012314
0.011642
0.01135
0.011152
0.011151
0.010841
0.011262
0.010959
0.010723
0.011164
0.011733
0.010984
0.011572
0.011738
0.012767
0.012513
0.012531
0.013623
0.014803
0.014939
0.015506
0.016761
0.017843
0.017948
0.018336
0.019521
0.020418
0.021105
0.021117
0.020287
0.018338
0.016211
0.012222
0.0092582
0.0060353
0.0024979
0.00022245
-0.00043054
-0.0015726
-0.0015078
-0.0015093
-0.0014536
-0.00097302
-0.0011413
-0.00077848
-0.00013848
0.00045214
0.001586
0.0028137
0.0037113
0.004928
0.0054914
0.0061796
0.006432
0.0073095
0.0089643
0.0090522
0.0097544
0.011148
0.011665
0.012076
0.012832
0.013298
0.014412
0.014011
0.013963
0.014039
0.014426
0.013326
0.012704
0.012147
0.012316
0.010517
0.0092158
0.0086436
0.0074932
0.0062973
0.0044555
0.0035472
0.0038214
0.0028435
0.0016834
0.0019921
0.001866
0.0011057
0.00053723
0.00046041
0.00096524
0.00098425
0.00045993
0.00067026
0.00027118
0.00070004
0.0005964
0.0018919
0.0052686
0.0076851
0.010262
0.013987
0.017017
0.020614
0.022235
0.022497
0.023163
0.023492
0.023548
0.023689
0.023946
0.024788
0.024074
0.022951
0.022296
0.020838
0.019869
0.018232
0.016676
0.016316
0.015769
0.013829
0.013094
0.01191
0.011364
0.0088318
0.0073292
0.0072023
0.0071229
0.0058618
0.0060276
0.0059037
0.0062196
0.0058526
0.0051419
0.0065338
0.0076074
0.0083635
0.0092589
0.010802
0.013109
0.014396
0.014613
0.016876
0.017842
0.018199
0.017337
0.016859
0.016349
0.015035
0.012954
0.011784
0.010533
0.01096
0.010583
0.010637
0.011748
0.012281
0.012069
0.012882
0.013125
0.014167
0.013898
0.013585
0.014259
0.014795
0.014349
0.014151
0.013304
0.01341
0.012406
0.011331
0.01097
0.010053
0.010186
0.0090825
0.0081457
0.0077829
0.0075891
0.0061213
0.006351
0.0062125
0.006336
0.0058053
0.0061749
0.0065165
0.0060252
0.0055318
0.0057801
0.0055149
0.0059629
0.0050097
0.0053524
0.0056686
0.0049234
0.0044052
0.0038912
0.0026661
0.0037814
0.0029723
0.0027893
0.0035381
0.0034215
0.0032313
0.0028885
0.0025743
0.0019232
0.0015793
0.0017576
0.0021209
0.0041483
0.0071038
0.0093584
0.011768
0.015686
0.018311
0.02144
0.02337
0.024263
0.026251
0.026987
0.027281
0.027658
0.027526
0.02811
0.027241
0.026151
0.026099
0.024698
0.023463
0.021817
0.020013
0.01885
0.017103
0.015326
0.013905
0.011886
0.011149
0.0094849
0.0083107
0.006757
0.0042389
0.0028093
0.0012915
0.00014557
-0.00021043
-0.0012407
-0.0010985
-0.0011667
-0.001352
-0.00096793
-0.0005662
0.00058759
0.0027416
0.0047283
0.0073412
0.0092899
0.011588
0.012763
0.012674
0.012484
0.01186
0.01144
0.010695
0.010309
0.011689
0.013465
0.014625
0.016549
0.017409
0.018163
0.019577
0.020309
0.021525
0.022378
0.022672
0.023513
0.023129
0.023311
0.022559
0.021076
0.020358
0.018492
0.016566
0.01539
0.013069
0.011157
0.0091584
0.0070278
0.0052291
0.0029816
0.0014735
6.376e-005
-0.0010067
-0.0019769
-0.0040022
-0.0044563
-0.0045673
-0.0056784
-0.0059751
-0.0063063
-0.0055203
-0.0047941
-0.0047696
-0.0039019
-0.0034873
-0.0023314
-0.0017247
-0.00083299
-9.25e-005
0.00046675
0.001582
0.0029276
0.0035894
0.0048958
0.0049756
0.0052623
0.0054788
0.0049713
0.0049782
0.005149
0.0044828
0.0049341
0.0059356
0.0084046
0.010725
0.013709
0.016657
0.019197
0.021299
0.022404
0.022664
0.023683
0.021868
0.021358
0.021677
0.020982
0.020355
0.0192
0.018358
0.018494
0.016438
0.015566
0.014202
0.013322
0.012137
0.011197
0.0098665
0.0097222
0.0082913
0.0072272
0.0053598
0.0041645
0.0032736
0.0016994
0.00029415
-0.00055
-0.0011143
-0.0022099
-0.0036324
-0.0036933
-0.0044923
-0.0043033
-0.0043958
-0.0043816
-0.0024891
-0.0013665
-0.00042864
0.0015009
0.0026195
0.004136
0.0032341
0.0025892
0.0022638
0.0013003
0.00035971
0.00036717
-2.2375e-005
0.0012523
0.0025103
0.0047266
0.0064534
0.0091875
0.011473
0.012981
0.015175
0.017628
0.018948
0.020927
0.021009
0.022616
0.024049
0.02361
0.02403
0.023116
0.022736
0.022248
0.019931
0.018214
0.016577
0.014965
0.012793
0.010076
0.0081127
0.0063414
0.003888
0.0014046
-0.0010986
-0.0029979
-0.0056934
-0.00748
-0.0088448
-0.010486
-0.011314
-0.012365
-0.013218
-0.012809
-0.01336
-0.012871
-0.013249
-0.012304
-0.010252
-0.010222
-0.0086767
-0.0071957
-0.0055812
-0.0040831
-0.0036159
-0.002658
-0.00086435
-0.00034883
0.00042289
0.0012171
0.0027276
0.0035334
0.0045446
0.0065423
0.0097908
0.013059
0.016106
0.019251
0.022103
0.024657
0.027291
0.027506
0.027371
0.028042
0.027262
0.026281
0.025279
0.024097
0.023921
0.021812
0.02
0.018796
0.016929
0.015701
0.014246
0.012276
0.011305
0.0098751
0.0097634
0.0079051
0.0070664
0.0060698
0.0048299
0.0035784
0.0022871
0.0018503
0.00082974
-0.00012137
-2.9318e-005
-0.0010454
-0.0014687
-0.0020061
-0.0026907
-0.0020457
-0.0014663
-0.00075265
-5.3085e-005
0.0015495
0.0038047
0.0047537
0.0049876
0.0052544
0.0044596
0.0028306
0.0015829
-0.000936
-0.00094478
-0.0015708
-0.0014134
-0.00014526
0.001612
0.0032243
0.0045107
0.0059708
0.0075556
0.0095467
0.01131
0.013736
0.015668
0.01721
0.018962
0.020664
0.021251
0.022487
0.02217
0.022236
0.022047
0.021323
0.021404
0.019871
0.018847
0.01879
0.016639
0.015771
0.013493
0.012609
0.011113
0.0086731
0.0074021
0.0050665
0.0035845
0.001715
-0.00060407
-0.0014745
-0.0030137
-0.0042145
-0.0062557
-0.0071194
-0.0078053
-0.0089912
-0.009753
-0.010004
-0.01015
-0.010078
-0.010271
-0.0093883
-0.0091136
-0.0086252
-0.0074483
-0.0078729
-0.0070264
-0.0069787
-0.0067056
-0.0052001
-0.0045342
-0.0033455
-0.0010739
0.0013316
0.0053957
0.0085804
0.012373
0.016249
0.01954
0.022751
0.024697
0.026049
0.02761
0.028125
0.028538
0.029367
0.029407
0.028597
0.02778
0.027531
0.026844
0.025592
0.023734
0.022517
0.021709
0.019892
0.018948
0.017274
0.01694
0.01602
0.013749
0.012423
0.011092
0.010119
0.0086021
0.0058687
0.0052565
0.0041848
0.0027797
0.0022291
0.0014029
0.0013073
0.00012741
-0.00041697
-0.00087966
-0.00014047
0.00065598
0.0013334
0.0024507
0.0034835
0.002943
0.0011338
-0.00030837
-0.0013731
-0.0032143
-0.0046618
-0.0058195
-0.0058937
-0.0035768
-0.002573
-0.00069421
0.0011122
0.0023181
0.0048593
0.0061531
0.0084698
0.01069
0.012675
0.015857
0.017249
0.019261
0.021332
0.02178
0.023232
0.023944
0.024047
0.024509
0.0241
0.024944
0.023746
0.023431
0.022398
0.021689
0.020025
0.018358
0.017287
0.015815
0.014274
0.012151
0.010613
0.0094921
0.0073704
0.0060605
0.0047849
0.0032946
0.0030133
0.00087819
-0.00020014
-0.00085528
-0.002111
-0.0027452
-0.0041854
-0.004384
-0.0051322
-0.0063984
-0.006049
-0.0065804
-0.0067469
-0.0070165
-0.0080097
-0.0073283
-0.0074434
-0.0081814
-0.0087057
-0.0081924
-0.0061856
-0.003931
-0.0014513
0.0013313
0.0053112
0.008436
0.011629
0.014367
0.016328
0.017976
0.018927
0.020251
0.020843
0.021179
0.022363
0.022294
0.022407
0.023525
0.021986
0.022024
0.021379
0.02154
0.021168
0.019791
0.020296
0.020257
0.019556
0.018963
0.017388
0.017673
0.016941
0.015667
0.015511
0.013777
0.01359
0.012378
0.010807
0.010623
0.0095232
0.0085957
0.0075149
0.0070013
0.0064082
0.0053939
0.0055891
0.0052272
0.0051993
0.0045117
0.0030674
0.0003504
-0.0019345
-0.0036619
-0.007353
-0.0092147
-0.010902
-0.012313
-0.011576
-0.011574
-0.010084
-0.0094168
-0.0083791
-0.0060627
-0.0053848
-0.0031625
-0.0015186
0.00045839
0.0033156
0.0056152
0.0075921
0.0099419
0.011704
0.014077
0.014729
0.01624
0.017628
0.018633
0.019106
0.019291
0.020332
0.021063
0.02132
0.02084
0.020629
0.020321
0.019546
0.018531
0.017515
0.017564
0.016564
0.015312
0.014058
0.012437
0.011502
0.009658
0.0080021
0.0069196
0.005225
0.0039439
0.0019799
0.00056399
3.2237e-005
-0.0019632
-0.0027899
-0.0045761
-0.0055478
-0.0061482
-0.008485
-0.0083056
-0.009217
-0.010014
-0.011015
-0.012353
-0.012269
-0.011799
-0.010961
-0.0081961
-0.0061631
-0.0025021
0.0010864
0.0036894
0.0066567
0.0098325
0.011578
0.011989
0.013128
0.013899
0.015733
0.016351
0.017521
0.017605
0.018095
0.01877
0.017987
0.018553
0.018427
0.018083
0.019009
0.018647
0.019673
0.019304
0.018533
0.019294
0.018455
0.018863
0.018413
0.017653
0.018069
0.017008
0.017024
0.01648
0.015609
0.015797
0.014755
0.014645
0.013518
0.013236
0.013783
0.013525
0.013773
0.013636
0.012986
0.011471
0.008842
0.0060679
0.0024016
-0.0010627
-0.0035696
-0.0067476
-0.0081274
-0.0089036
-0.0093562
-0.0089848
-0.0084654
-0.0089715
-0.008656
-0.007851
-0.0067995
-0.0053441
-0.0045726
-0.0024881
-0.0017657
-0.00026915
0.0016354
0.0026519
0.0042404
0.0059861
0.0065701
0.0085971
0.009507
0.011279
0.012002
0.012416
0.014008
0.014369
0.015252
0.01513
0.015834
0.016806
0.016547
0.01728
0.017067
0.01734
0.018005
0.01686
0.01678
0.016752
0.016363
0.01568
0.014159
0.013974
0.013089
0.012217
0.011038
0.0093741
0.0082891
0.0070919
0.0050204
0.0035406
0.0022311
0.00086374
-0.0011171
-0.003351
-0.00476
-0.0057335
-0.0081268
-0.008918
-0.0091268
-0.0078707
-0.0063806
-0.0050071
-0.0023614
-0.00099372
0.0024449
0.004001
0.0053644
0.0073466
0.0078976
0.008162
0.008371
0.0091251
0.010876
0.01059
0.010964
0.011306
0.011467
0.012212
0.011906
0.013156
0.012947
0.013575
0.015087
0.015427
0.016185
0.016865
0.017167
0.017752
0.017839
0.018628
0.018304
0.018191
0.018632
0.018942
0.018705
0.018782
0.018676
0.019224
0.019985
0.020019
0.020431
0.020793
0.021046
0.021477
0.021102
0.021108
0.019215
0.016602
0.013979
0.010619
0.0074616
0.0038311
0.0011153
-0.0014685
-0.0030881
-0.0034883
-0.0050732
-0.0046816
-0.0050592
-0.0049456
-0.0044909
-0.0052475
-0.0039909
-0.0033062
-0.0027121
-0.0018206
-0.0013847
4.89e-005
0.00014495
0.00081161
0.0015135
0.0012327
0.0023106
0.0024589
0.0034525
0.0042472
0.0047931
0.0053665
0.0057533
0.0073208
0.0081738
0.0085792
0.009125
0.010651
0.011115
0.012375
0.012108
0.012569
0.013632
0.013807
0.014084
0.01366
0.014231
0.014678
0.014005
0.013863
0.013677
0.01342
0.013687
0.012513
0.012353
0.011849
0.01139
0.0099671
0.008185
0.0075671
0.0057742
0.0043982
0.0021219
0.00030301
-0.00083768
-0.0022845
-0.0019763
-0.0016017
-0.00049853
0.0012557
0.0023664
0.0046522
0.0060195
0.0084336
0.0087179
0.0088429
0.0091497
0.0091421
0.0087909
0.0087197
0.0084459
0.0085937
0.0080392
0.0072356
0.0074454
0.0066703
0.0070658
0.0062465
0.0063152
0.0070273
0.0072735
0.0080938
0.0083093
0.0091671
0.0099933
0.010204
0.011092
0.012186
0.012311
0.013785
0.013921
0.014629
0.015038
0.015534
0.016369
0.016201
0.018075
0.018443
0.019527
0.020697
0.020782
0.022061
0.021941
0.021705
0.019849
0.017131
0.015492
0.012737
0.0099644
0.0069458
0.004846
0.0035476
0.0022826
0.0016375
0.00077851
0.00043843
-3.3043e-005
-0.00010576
-0.00037049
-0.00055341
-0.00028006
8.0953e-005
0.00050634
0.0010835
0.0013889
0.0015453
0.0019814
0.0019715
0.001815
0.0017926
0.0016625
0.0017086
0.0015384
0.0010753
0.0011502
0.00099174
0.0018041
0.0017321
0.0017239
0.0029176
0.0025764
0.0033468
0.0037008
0.0046327
0.0049429
0.0059994
0.0066214
0.0065893
0.0080983
0.0078019
0.0076065
0.0075101
0.0077697
0.0086552
0.008632
0.0091399
0.0092508
0.0095244
0.0097882
0.0082714
0.0078007
0.0071862
0.0072101
0.0064759
0.0047607
0.0040623
0.0027352
0.0018143
0.00052322
-0.00056415
0.00016835
0.0012048
0.0026272
0.0044977
0.0065719
0.0085086
0.0099923
0.010762
0.010957
0.010584
0.010817
0.0099308
0.0096164
0.0095581
0.0088741
0.0079455
0.006753
0.0061475
0.0063
0.0048491
0.0047829
0.0038751
0.0042185
0.0042693
0.0035983
0.0043965
0.0036569
0.0046654
0.0042787
0.0041498
0.0052524
0.004986
0.005525
0.0055786
0.0067113
0.0075742
0.0078263
0.0088655
0.0095814
0.010968
0.01221
0.012644
0.014481
0.015244
0.017075
0.017443
0.016985
0.016042
0.014167
0.013126
0.010268
0.0082801
0.0059545
0.0041969
0.003163
0.0022836
0.0020614
0.0019238
0.0021777
0.0019021
0.0022684
0.0022575
0.0030022
0.0026789
0.0034489
0.0040649
0.0043197
0.0049026
0.0045981
0.0047477
0.0040868
0.0038235
0.0037381
0.0033831
0.0041744
0.0036434
0.0036684
0.0034283
0.002533
0.0034416
0.0024295
0.0032375
0.0029323
0.00304
0.0035561
0.0030863
0.0041535
0.0036141
0.004073
0.0042317
0.0038083
0.0041363
0.003986
0.004531
0.004654
0.0049037
0.0053564
0.0049733
0.0055285
0.0057047
0.0054568
0.0053634
0.0046826
0.0049342
0.0042337
0.0045071
0.0035217
0.002644
0.0024439
0.0015229
0.00068426
-0.00088739
-0.0011318
-0.0015177
-3.5969e-006
0.0012834
0.0029144
0.0050801
0.0074745
0.0094959
0.011791
0.012818
0.012613
0.013138
0.01218
0.012563
0.012105
0.011467
0.011573
0.010875
0.011473
0.01032
0.0091977
0.007978
0.0070401
0.0072712
0.0062589
0.0067865
0.0068087
0.0073573
0.0078346
0.0072253
0.0075128
0.0071414
0.0073701
0.0072624
0.0066309
0.0073389
0.0068492
0.0077748
0.007773
0.0084451
0.0095889
0.0096337
0.010634
0.011048
0.012187
0.013208
0.013747
0.014401
0.013406
0.011855
0.010257
0.0076885
0.0049659
0.0024779
0.0013374
-0.00059497
-0.0010673
-0.0004795
-0.00032027
0.00029493
0.0001111
0.00028769
0.00049354
0.0014759
0.0019858
0.0022071
0.0031094
0.0042073
0.0047281
0.0057866
0.005527
0.0058781
0.0062079
0.0057779
0.0063272
0.0052529
0.0056601
0.0058196
0.0052023
0.0057381
0.0050028
0.0058906
0.0047224
0.0044005
0.0045079
0.0040272
0.0045961
0.0041147
0.005256
0.0050087
0.0052875
0.0050004
0.004524
0.0048578
0.0042875
0.0049677
0.004396
0.0048623
0.0051094
0.0050951
0.0050853
0.0052058
0.0054456
0.005178
0.0047009
0.0044034
0.0039436
0.0036909
0.0030611
0.0025272
0.0017476
0.000629
-0.00039072
-0.0014663
-0.0016143
-0.0008476
0.0007391
0.0025507
0.004666
0.0068118
0.0092559
0.010417
0.012415
0.012766
0.013186
0.013363
0.012829
0.013445
0.012892
0.012756
0.012399
0.011767
0.011707
0.010698
0.0099688
0.00912
0.0085216
0.0081674
0.0075848
0.0078592
0.007992
0.0087245
0.0089641
0.0089093
0.0095289
