-0.011184
-0.031113
-0.053717
-0.080101
-0.11245
-0.15661
-0.20788
-0.26706
-0.33114
-0.38945
-0.44227
-0.49626
-0.55162
-0.6066
-0.653
-0.69292
-0.73221
-0.77518
-0.82438
-0.86393
-0.89473
-0.91767
-0.94284
-0.96897
-0.99033
-0.99832
-0.99693
-0.99031
-0.98368
-0.97481
-0.95792
-0.93451
-0.90663
-0.8775
-0.84815
-0.80804
-0.76225
-0.7105
-0.65954
-0.61003
-0.5609
-0.50965
-0.45356
-0.39818
-0.34721
-0.30196
-0.25263
-0.20065
-0.1471
-0.10059
-0.061061
-0.025929
0.009203
0.04705
0.078603
0.099374
0.11614
0.13399
0.1534
0.17006
0.17331
0.16763
0.15544
0.14484
0.13474
0.11698
0.092213
0.061055
0.02769
-0.0055487
-0.036332
-0.072132
-0.11463
-0.16356
-0.21231
-0.25784
-0.30531
-0.35339
-0.40547
-0.4542
-0.49676
-0.53778
-0.57935
-0.62605
-0.6732
-0.71229
-0.74267
-0.77684
-0.81238
-0.84488
-0.86787
-0.87888
-0.88465
-0.88999
-0.89537
-0.89379
-0.88242
-0.86309
-0.83859
-0.80464
-0.76205
-0.71059
-0.64923
-0.58595
-0.52712
-0.47413
-0.42145
-0.36327
-0.30104
-0.24021
-0.18054
-0.12118
-0.057867
0.0084274
0.072742
0.12302
0.16133
0.18798
0.21333
0.24173
0.25822
0.26526
0.27401
0.28627
0.29839
0.30338
0.29868
0.28827
0.27604
0.26356
0.2501
0.22614
0.19399
0.15993
0.12168
0.086541
0.048904
0.010831
-0.033165
-0.078786
-0.12101
-0.16223
-0.20767
-0.25798
-0.30821
-0.35229
-0.39064
-0.42765
-0.46883
-0.51244
-0.54956
-0.57473
-0.59468
-0.62139
-0.65178
-0.6736
-0.6829
-0.68336
-0.68209
-0.67936
-0.67451
-0.66045
-0.63999
-0.61586
-0.59147
-0.56399
-0.52721
-0.48369
-0.43396
-0.38803
-0.34217
-0.29551
-0.24379
-0.1865
-0.13077
-0.07997
-0.035579
0.014446
0.066677
0.1217
0.16767
0.20955
0.24578
0.28482
0.32815
0.36144
0.38173
0.39695
0.41421
0.43188
0.4453
0.44798
0.44111
0.42962
0.42068
0.40719
0.38577
0.357
0.31986
0.28017
0.24105
0.20191
0.15671
0.10602
0.049212
-0.0073121
-0.058644
-0.11321
-0.16901
-0.22885
-0.27866
-0.31438
-0.34573
-0.3777
-0.4097
-0.44069
-0.46648
-0.4866
-0.51625
-0.54574
-0.56902
-0.57392
-0.56683
-0.55166
-0.53839
-0.5266
-0.50882
-0.48227
-0.45708
-0.43727
-0.41799
-0.39456
-0.36427
-0.32774
-0.2829
-0.23917
-0.19146
-0.14086
-0.086846
-0.029065
0.023503
0.068913
0.11296
0.15982
0.21443
0.26766
0.31208
0.34884
0.38528
0.42199
0.46011
0.48604
0.50432
0.51767
0.53363
0.54968
0.55935
0.55998
0.55352
0.5456
0.53814
0.52642
0.50492
0.48005
0.45055
0.4183
0.38635
0.35214
0.3117
0.26793
0.22204
0.18115
0.14195
0.098759
0.050029
-0.0026542
-0.050425
-0.090595
-0.12754
-0.17132
-0.21551
-0.25435
-0.28432
-0.30931
-0.33743
-0.37022
-0.39861
-0.4127
-0.41659
-0.41615
-0.41427
-0.41198
-0.39986
-0.38123
-0.35823
-0.33754
-0.3165
-0.28645
-0.24577
-0.19739
-0.1465
-0.098174
-0.049891
0.0014644
0.057103
0.11485
0.16559
0.21138
0.25672
0.30698
0.35715
0.40406
0.44066
0.47612
0.50898
0.54511
0.57413
0.58924
0.5958
0.60192
0.61091
0.62299
0.63001
0.63109
0.6307
0.63025
0.62792
0.62464
0.61035
0.58161
0.54782
0.5134
0.48239
0.45144
0.41777
0.38224
0.35044
0.32025
0.28709
0.24456
0.18787
0.13289
0.080697
0.035383
-0.0089431
-0.059005
-0.11009
-0.14784
-0.17635
-0.19883
-0.22662
-0.25512
-0.27642
-0.28446
-0.28431
-0.28252
-0.28501
-0.2843
-0.2712
-0.24937
-0.2234
-0.19699
-0.1707
-0.1358
-0.09493
-0.047373
-0.0017385
0.043402
0.089943
0.14057
0.19618
0.25278
0.30513
0.35112
0.40347
0.45524
0.50914
0.55376
0.59403
0.6315
0.66995
0.71186
0.74919
0.77274
0.79066
0.80877
0.82681
0.83635
0.83748
0.8331
0.82353
0.81471
0.80544
0.78767
0.7598
0.7285
0.69694
0.66274
0.62547
0.58438
0.53874
0.48919
0.44044
0.40188
0.35924
0.30923
0.2566
0.20783
0.16288
0.1237
0.083859
0.038772
-0.0041933
-0.037842
-0.063819
-0.090477
-0.1147
-0.14027
-0.15794
-0.16485
-0.16754
-0.1718
-0.17391
-0.17079
-0.15746
-0.13832
-0.1203
-0.10133
-0.076597
-0.046601
-0.012375
0.028731
0.066521
0.11
0.16271
0.22098
0.28635
0.3512
0.4074
0.46293
0.52028
0.57321
0.62613
0.6682
0.70648
0.75018
0.80127
0.8522
0.89288
0.92407
0.94562
0.96423
0.97435
0.9783
0.97075
0.9522
0.93478
0.92278
0.90857
0.88744
0.86187
0.83254
0.79963
0.77306
0.74234
0.70152
0.65522
0.60345
0.55533
0.5142
0.47064
0.42501
0.37138
0.32317
0.2842
0.24784
0.20528
0.15791
0.1098
0.072919
0.049929
0.025048
-0.0036802
-0.031845
-0.045007
-0.046151
-0.043542
-0.043795
-0.044925
-0.039874
-0.0228
0.0032035
0.032387
0.058802
0.088055
0.12487
0.17022
0.22208
0.27051
0.31916
0.37931
0.4513
0.53011
0.6124
0.69182
0.78189
0.88208
0.99506
1.1122
1.2137
1.3021
1.3883
1.4785
1.569
1.6433
1.7
1.7538
1.8141
1.8783
1.9264
1.9553
1.9676
1.9792
1.9936
2.0011
1.9891
1.9612
1.9242
1.8877
1.8487
1.7995
1.7353
1.6592
1.5772
1.4993
1.4183
1.3277
1.2272
1.1222
1.0219
0.92664
0.83267
0.73118
0.62274
0.52509
0.44493
0.37751
0.30648
0.23148
0.16691
0.12007
0.084567
0.051737
0.0082792
-0.028974
-0.046098
-0.041684
-0.030816
-0.017632
0.00038246
0.032497
0.082698
0.1434
0.20181
0.24873
0.30128
0.36368
0.44002
0.5212
0.60506
0.68365
0.76737
0.86433
0.97051
1.0757
1.1653
1.2502
1.3344
1.4237
1.5134
1.5899
1.6526
1.7092
1.774
1.8387
1.8883
1.9169
1.9427
1.9656
1.9855
1.9937
1.9824
1.9563
1.9274
1.899
1.8637
1.8181
1.7588
1.6883
1.6033
1.5131
1.419
1.3147
1.2059
1.0961
0.99749
0.90778
0.81643
0.71959
0.6168
0.5142
0.42256
0.33773
0.24957
0.15917
0.086421
0.034764
0.005613
-0.016504
-0.044842
-0.064523
-0.071203
-0.066425
-0.056948
-0.045489
-0.027317
0.0024286
0.045563
0.096319
0.15315
0.20622
0.26817
0.33964
0.42081
0.51081
0.5978
0.68112
0.7594
0.84977
0.9483
1.0436
1.1257
1.2042
1.2846
1.3688
1.4531
1.5263
1.5821
1.6336
1.6877
1.7375
1.7725
1.7901
1.8067
1.8191
1.8257
1.8225
1.8135
1.7953
1.7723
1.7462
1.7086
1.6641
1.6088
1.5418
1.4605
1.374
1.2908
1.2078
1.1254
1.038
0.94575
0.85714
0.76983
0.67804
0.57598
0.47664
0.3797
0.28988
0.20132
0.12263
0.050364
-0.0085535
-0.054494
-0.09497
-0.12726
-0.14922
-0.16068
-0.16225
-0.15679
-0.14261
-0.11889
-0.08412
-0.037648
0.014478
0.075838
0.14339
0.21325
0.29464
0.38201
0.4756
0.56941
0.66185
0.75219
0.85323
0.96123
1.0664
1.1667
1.257
1.347
1.4273
1.4982
1.5654
1.6205
1.6688
1.7143
1.7544
1.7871
1.8202
1.8464
1.8613
1.8596
1.8457
1.8191
1.7846
1.7457
1.699
1.6429
1.5897
1.5382
1.4802
1.4096
1.3319
1.2537
1.1692
1.0818
0.9838
0.88323
0.78423
0.68463
0.59385
0.50215
0.40576
0.31703
0.22916
0.14751
0.071157
0.0013379
-0.060051
-0.10936
-0.15151
-0.18127
-0.20543
-0.22425
-0.23298
-0.23288
-0.21975
-0.19801
-0.16913
-0.13448
-0.092984
-0.040368
0.025467
0.090785
0.16064
0.23838
0.31986
0.40631
0.49649
0.59171
0.69124
0.79441
0.90063
1.0073
1.1065
1.1993
1.2836
1.3589
1.432
1.5037
1.5733
1.6341
1.6905
1.7394
1.7775
1.8108
1.8284
1.8214
1.8011
1.7724
1.7381
1.6984
1.6467
1.5891
1.5297
1.4695
1.4058
1.3295
1.2402
1.1482
1.057
0.96535
0.86889
0.77006
0.67293
0.57762
0.49143
0.40387
0.31293
0.22397
0.14569
0.077726
0.014163
-0.050741
-0.10772
-0.15663
-0.18832
-0.20389
-0.2132
-0.22304
-0.22464
-0.22074
-0.20682
-0.18898
-0.17072
-0.14503
-0.10729
-0.059364
0.0017242
0.074597
0.1499
0.23093
0.3129
0.39952
0.4847
0.56614
0.6448
0.72772
0.81712
0.91224
1.0126
1.1022
1.1902
1.2747
1.3607
1.4383
1.5071
1.5589
1.6066
1.6453
1.6816
1.7065
1.7148
1.708
1.6949
1.679
1.6581
1.6271
1.5799
1.5213
1.4601
1.3976
1.3271
1.2419
1.1483
1.0527
0.96294
0.86917
0.77093
0.66344
0.55651
0.45637
0.36531
0.27439
0.17122
0.07278
-0.019109
-0.09581
-0.1693
-0.24205
-0.30841
-0.35541
-0.38295
-0.39078
-0.39617
-0.40465
-0.40907
-0.39591
-0.37428
-0.34592
-0.31374
-0.2709
-0.21451
-0.14063
-0.05247
0.031688
0.11378
0.194
0.27651
0.36177
0.44869
0.53362
0.616
0.69289
0.77863
0.87538
0.97013
1.0517
1.1269
1.2008
1.2797
1.3556
1.4182
1.4689
1.5111
1.5538
1.5891
1.6163
1.6277
1.6257
1.6199
1.6123
1.5944
1.5678
1.5272
1.4788
1.4306
1.3785
1.3121
1.2371
1.1564
1.0713
0.99269
0.90572
0.80375
0.68992
0.57284
0.46607
0.37299
0.27675
0.1712
0.068321
-0.024704
-0.094935
-0.15842
-0.23111
-0.31105
-0.38165
-0.42843
-0.46009
-0.48108
-0.50145
-0.50978
-0.50037
-0.47163
-0.42874
-0.38576
-0.34682
-0.29729
-0.23397
-0.15826
-0.083339
-0.0087398
0.060624
0.13897
0.23306
0.33288
0.43595
0.52762
0.61583
0.70881
0.80616
0.90466
0.98857
1.0611
1.1303
1.207
1.2825
1.346
1.3926
1.4264
1.4622
1.4974
1.5204
1.5208
1.5051
1.4858
1.4648
1.4402
1.403
1.3507
1.2924
1.2319
1.181
1.1242
1.0563
0.97459
0.8888
0.81118
0.72687
0.63296
0.52797
0.4247
0.33568
0.26243
0.18769
0.10467
0.015644
-0.064993
-0.13341
-0.2026
-0.27206
-0.34622
-0.41616
-0.46179
-0.48649
-0.51116
-0.53892
-0.55966
-0.56048
-0.54318
-0.51104
-0.47696
-0.44485
-0.40388
-0.3458
-0.27387
-0.20047
-0.12917
-0.056207
0.023889
0.11682
0.2213
0.32612
0.42129
0.51011
0.61048
0.7146
0.82155
0.91602
0.99867
1.0792
1.1621
1.2515
1.3198
1.3711
1.4066
1.442
1.4759
1.5003
1.5017
1.4913
1.4765
1.4711
1.4599
1.4308
1.3793
1.3217
1.2576
1.195
1.1244
1.0324
0.92832
0.82952
0.74866
0.67353
0.58697
0.48307
0.37775
0.27712
0.18895
0.10282
-3.7706e-005
-0.11213
-0.21516
-0.30052
-0.37412
-0.43929
-0.50786
-0.58271
-0.64323
-0.67911
-0.70216
-0.72463
-0.73995
-0.75294
-0.74729
-0.72833
-0.69853
-0.65679
-0.60655
-0.5383
-0.45188
-0.35367
-0.25004
-0.14703
-0.032919
0.088739
0.21544
0.34955
0.48542
0.61434
0.74181
0.86774
0.99362
1.1115
1.2104
1.2925
1.3715
1.4599
1.5364
1.582
1.6082
1.6337
1.6767
1.6829
1.6646
1.622
1.5793
1.5159
1.4607
1.4069
1.3337
1.1944
1.0578
0.90484
0.77233
0.62674
0.47784
0.31814
0.1586
-0.0015725
-0.15125
-0.28884
-0.43431
-0.55745
-0.6506
-0.739
-0.81358
-0.84958
-0.86063
-0.85073
-0.80265
-0.70552
-0.62016
-0.52912
-0.39484
-0.22233
-0.05539
0.1625
0.39269
0.60736
0.83852
1.112
1.3535
1.5476
1.7694
1.966
2.0952
2.2074
2.3127
2.3641
2.4078
2.4447
2.4513
2.4473
2.4082
2.3341
2.2384
2.0927
1.9176
1.7327
1.4992
1.2433
0.99926
0.72354
0.46529
0.20856
-0.053478
-0.27624
-0.47382
-0.64182
-0.79541
-0.94293
-1.0306
-1.0525
-0.98344
-0.81078
-0.57451
-0.27051
0.098829
0.54179
0.98793
1.4222
1.8737
2.2956
2.7218
3.127
3.4809
3.7558
3.954
4.0683
4.1295
4.1911
4.1698
4.0823
3.9537
3.7437
3.5255
3.206
2.8837
2.482
2.0777
1.6959
1.3406
1.0095
0.68635
0.38156
0.098599
-0.13295
-0.35509
-0.53637
-0.71123
-0.83415
-0.93434
-0.92621
-0.86032
-0.7349
-0.5572
-0.32721
-0.075108
0.22969
0.54886
0.86369
1.1943
1.5319
1.871
2.2279
2.5806
2.9314
3.2753
3.6275
3.968
4.2915
4.5939
4.872
5.112
5.3004
5.4317
5.5006
5.5337
5.5233
5.4676
5.3809
5.1884
4.972
4.6865
4.3573
4.0289
3.687
3.3534
3.0243
2.6964
2.4035
2.1083
1.8527
1.6058
1.3699
1.1942
1.0874
1.0169
0.98649
0.98656
1.013
1.0759
1.1526
1.2437
1.3278
1.4205
1.5218
1.655
1.8087
2
2.2202
2.4823
2.7742
3.1065
3.4489
3.7983
4.1444
4.4622
4.718
4.9218
5.0535
5.1203
5.1549
5.148
5.0825
4.991
4.8616
4.7185
4.5953
4.4933
4.3887
4.2736
4.1752
4.068
3.9889
3.9291
3.8768
3.8083
3.6984
3.6814
3.6639
3.5569
3.4803
3.4743
3.4688
3.4189
3.4251
3.5197
3.6182
3.6819
3.7806
3.9526
4.0812
4.1657
4.2183
4.3033
4.3775
4.3669
4.2978
4.2485
4.2234
4.2013
4.1575
4.0856
4.0363
4.0481
4.0594
4.0815
4.1175
4.1354
4.1297
4.0866
4.0284
3.9329
3.8146
3.6994
3.6106
3.5593
3.5389
3.5928
3.7272
3.8972
4.0783
4.2661
4.4335
4.5766
4.6613
4.6788
4.6742
4.6879
4.6936
4.7188
4.7542
4.7986
4.8697
4.9355
5.0196
5.0989
5.1729
5.2031
5.2013
5.1656
5.095
4.9798
4.8215
4.6526
4.5038
4.3749
4.2467
4.1348
4.0826
4.052
4.0331
4.004
3.9485
3.8918
3.8277
3.75
3.645
3.5373
3.4879
3.5465
3.7145
3.9643
4.2638
4.5884
4.8994
5.1541
5.3328
5.4374
5.4668
5.4477
5.4311
5.4151
5.4398
5.5278
5.6577
5.7778
5.8773
5.955
5.9571
5.8895
5.7199
5.5025
5.2614
5.0169
4.7855
4.5926
4.479
4.4253
4.4238
4.4305
4.4211
4.363
4.2451
4.0667
3.8303
3.5872
3.3591
3.2154
3.1727
3.2307
3.3855
3.6608
3.9596
4.1974
4.3587
4.4713
4.5247
4.5167
4.4995
4.4964
4.5719
4.7361
5.0439
5.4611
5.894
6.237
6.4589
6.5624
6.563
6.4768
6.3221
6.1668
6.0478
5.999
6.0157
6.1347
6.3191
6.4266
6.3971
6.292
6.0784
5.793
5.4738
5.1884
4.9545
4.806
4.7481
4.7714
4.875
4.9643
4.9472
4.8502
4.6868
4.5003
4.2997
4.1303
4.051
4.0506
4.144
4.3151
4.5357
4.7135
4.8219
4.8695
4.8287
4.7624
4.6846
4.6662
4.7197
4.8521
5.0312
5.2234
5.3808
5.4851
5.5153
5.4888
5.4096
5.3139
5.2319
5.2351
5.3198
5.4565
5.6452
5.7917
5.8561
5.8509
5.7899
5.7029
5.6072
5.5309
5.5373
5.6839
5.9271
6.1979
6.4095
6.5106
6.48
6.3894
6.2889
6.1705
6.0876
6.073
6.1451
6.2981
6.4527
6.5301
6.5135
6.4059
6.2205
5.9823
5.7616
5.5883
5.5376
5.5472
5.6111
5.6543
5.6379
5.5404
5.3413
5.0789
4.789
4.5448
4.3996
4.379
4.4367
4.5352
4.6582
4.7113
4.6622
4.513
4.3481
4.198
4.1124
4.1401
4.2862
4.564
4.8727
5.1254
5.2666
5.3097
5.2726
5.2168
5.1766
5.2356
5.416
5.7101
6.0408
6.3602
6.5869
6.6673
6.6433
6.5406
6.4305
6.3593
6.3979
6.529
6.7232
6.9185
7.0373
7.0517
6.9413
6.7204
6.4521
6.2302
6.0543
6.0236
6.0899
6.1554
6.2072
6.1653
5.9978
5.7031
5.393
5.1014
4.8619
4.7492
4.791
4.8599
4.9062
4.9555
4.8933
4.7211
4.4947
4.291
4.1141
4.1019
4.235
4.4473
4.5866
4.6605
4.7349
4.7015
4.5833
4.4455
4.3827
4.4292
4.6141
4.891
5.2015
5.3954
5.5704
5.6197
5.5576
5.4634
5.4445
5.5036
5.7236
6.0759
6.4119
6.633
6.7292
6.7301
6.603
6.4486
6.2932
6.1866
6.2564
6.4169
6.5564
6.5614
6.469
6.2682
5.9208
5.5555
5.1809
4.8705
4.7605
4.7221
4.6546
4.5346
4.3881
4.0987
3.7293
3.3767
3.103
2.9292
2.9985
3.1482
3.3134
3.4447
3.5015
3.4796
3.3876
3.2588
3.2616
3.3671
3.6795
4.1174
4.5729
4.9464
5.2491
5.4662
5.5521
5.6264
5.7349
5.8885
6.2066
6.671
7.0653
7.2301
7.2536
7.1422
6.7764
6.3398
5.9048
5.4972
5.2198
5.0822
4.8592
4.471
4.0586
3.5267
2.8913
2.3095
1.8685
1.5907
1.6099
1.8035
1.8924
1.9335
1.9615
1.877
1.7874
1.7754
1.9219
2.1567
2.6968
3.31
3.7966
4.1901
4.4249
4.5174
4.567
4.6543
4.7488
4.987
5.3883
5.8164
6.0963
6.266
6.2105
5.9828
5.6673
5.3324
5.0361
4.9243
4.9221
4.9163
4.7474
4.4468
4.0972
3.6208
3.0908
2.6375
2.2739
2.0987
2.1071
2.0355
1.8008
1.5512
1.1798
0.72479
0.37049
0.13573
0.027671
0.20845
0.54212
0.80131
0.96998
1.0815
1.1107
1.1446
1.2725
1.4538
1.8151
2.3818
2.9737
3.44
3.7114
3.8832
3.8916
3.8688
3.8812
3.9257
4.116
4.4376
4.6906
4.7142
4.6149
4.3814
3.9995
3.6575
3.3997
3.2273
3.2707
3.3983
3.3845
3.2173
2.9062
2.4507
1.8935
1.3568
0.88649
0.57862
0.47981
0.44584
0.39025
0.2348
0.010684
-0.23746
-0.47797
-0.6179
-0.60418
-0.34373
0.1544
0.60206
0.83296
0.99618
1.0213
0.93126
0.89317
0.91914
0.99942
1.356
1.7637
2.091
2.3265
2.3181
2.1955
2.1068
1.9956
1.8763
1.956
2.2828
2.6
2.653
2.5103
2.2974
1.9452
1.5113
1.203
0.99666
1.0155
1.1921
1.2641
1.3031
1.3362
1.1442
0.84826
0.6061
0.43706
0.4151
0.63956
0.85662
0.99102
0.94324
0.7767
0.51597
0.23872
0.036721
-0.026293
0.16361
0.59478
0.94309
1.0829
1.1446
1.0407
0.74131
0.43557
0.13282
-0.064753
0.047256
0.2397
0.37018
0.40191
0.31339
0.1991
-0.00013304
-0.15298
-0.22517
-0.13455
0.16419
0.42142
0.5027
0.4708
0.31733
0.031639
-0.17602
-0.28181
-0.28833
0.016281
0.50427
0.92478
1.2419
1.3153
1.2864
1.1853
1.0874
1.0079
1.0793
1.3675
1.689
1.8347
1.8206
1.7927
1.5939
1.4488
1.358
1.2561
1.2897
1.3713
1.2958
1.0742
0.65067
0.10826
-0.44093
-0.866
-1.1476
-1.1855
-0.94812
-0.67833
-0.5706
-0.70477
-0.92468
-1.333
-1.7163
-2.0043
-2.1984
-2.0896
-1.7175
-1.3438
-1.0227
-0.8151
-0.72359
-0.71084
-0.70755
-0.7275
-0.65011
-0.35961
-0.01176
0.2079
0.27643
0.38184
0.35306
0.41184
0.54899
0.73034
1.0821
1.5071
1.7275
1.7517
1.5046
1.0688
0.63741
0.32051
0.10603
0.11009
0.39115
0.72343
0.91258
0.84257
0.62935
0.10099
-0.53723
-1.1357
-1.5792
-1.66
-1.4387
-1.2453
-1.0782
-0.98249
-1.0245
-1.1631
-1.344
-1.5407
-1.7071
-1.702
-1.551
-1.4131
-1.3891
-1.2868
-1.2974
-1.2463
-1.1519
-1.0521
-0.78343
-0.43913
-0.27808
-0.28805
-0.46007
-0.65273
-0.82083
-0.87769
-0.84803
-0.62198
-0.1928
0.2027
0.33731
0.21713
-0.05349
-0.50653
-0.88379
-1.1194
-1.2275
-0.97957
-0.58359
-0.2779
-0.11408
-0.25245
-0.50586
-0.89031
-1.2374
-1.4868
-1.5448
-1.2883
-0.91964
-0.6863
-0.53904
-0.56326
-0.81167
-1.0786
-1.337
-1.5896
-1.5248
-1.2827
-1.0388
-0.84648
-0.85389
-0.9001
-1.0457
-1.2381
-1.5025
-1.7103
-1.7245
-1.7077
-1.7693
-1.7344
-1.8402
-2.0209
-2.1171
-2.2328
-2.3293
-2.2343
-2.1268
-2.0978
-2.1801
-2.3306
-2.4422
-2.5428
-2.5339
-2.4523
-2.2728
-1.944
-1.7383
-1.745
-1.758
-1.9774
-2.1636
-2.1809
-2.1001
-1.8935
-1.4334
-0.99433
-0.78452
-0.86083
-1.0099
-1.3277
-1.5876
-1.6994
-1.6253
-1.3337
-0.81611
-0.48016
-0.38147
-0.48495
-0.92832
-1.4339
-1.8128
-2.0667
-2.0861
-1.7611
-1.3557
-1.0993
-1.1352
-1.3462
-1.8327
-2.3416
-2.7743
-3.0414
-2.9498
-2.576
-2.2397
-1.9791
-1.9504
-2.1195
-2.4587
-2.8204
-3.1402
-3.2718
-3.0446
-2.6215
-2.2994
-2.0553
-1.9682
-2.0864
-2.2795
-2.5522
-2.7634
-2.6849
-2.3982
-2.0542
-1.7538
-1.6536
-1.6163
-1.6964
-1.8597
-2.1009
-2.2262
-2.0758
-1.9388
-1.8825
-1.7077
-1.7264
-1.8107
-1.8671
-2.0564
-2.2848
-2.3046
-2.1696
-2.0423
-2.0698
-2.0973
-2.1102
-2.1643
-2.2166
-2.3126
-2.3994
-2.2969
-2.259
-2.2186
-2.2305
-2.3799
-2.4486
-2.4225
-2.4552
-2.433
-2.2945
-2.2223
-2.3108
-2.4912
-2.5543
-2.7296
-2.7575
-2.7352
-2.6862
-2.4961
-2.3128
-2.3623
-2.5
-2.6869
-2.882
-3.0801
-3.1025
-3.0477
-2.9161
-2.5735
-2.3634
-2.4373
-2.6379
-2.87
-3.1607
-3.2663
-3.2609
-3.1052
-2.7122
-2.3108
-2.2036
-2.3044
-2.596
-2.8573
-3.075
-3.1427
-3.0324
-2.7301
-2.2382
-1.8608
-1.8701
-1.9925
-2.3524
-2.6917
-2.8459
-2.921
-2.7763
-2.331
-1.8955
-1.6269
-1.7445
-2.1063
-2.5611
-2.8578
-3.0389
-3.1015
-2.8457
-2.3334
-1.9969
-1.888
-2.0898
-2.6193
-3.1051
-3.3974
-3.6097
-3.5975
-3.176
-2.6879
-2.4366
-2.4427
-2.7141
-3.2695
-3.6606
-3.8841
-3.9686
-3.6418
-3.0441
-2.6132
-2.3716
-2.4184
-2.76
-3.2294
-3.5395
-3.7091
-3.6102
-3.1184
-2.5931
-2.3284
-2.1586
-2.3218
-2.781
-3.211
-3.5263
-3.6631
-3.3939
-2.9047
-2.4647
-2.2479
-2.2618
-2.56
-3.0449
-3.4893
-3.6944
-3.6489
-3.2799
-2.862
-2.5515
-2.3699
-2.5147
-2.8732
-3.3658
-3.7573
-3.8659
-3.6692
-3.2269
-2.7986
-2.6329
-2.5422
-2.7303
-3.1432
-3.6291
-3.905
-3.8245
-3.416
-3.0293
-2.6963
-2.603
-2.6203
-2.8877
-3.3381
-3.7794
-3.99
-3.7756
-3.4066
-3.1051
-2.8695
-2.8259
-3.0074
-3.3389
-3.8202
-4.2088
-4.114
-3.8083
-3.4829
-3.1617
-3.0803
-3.1238
-3.3059
-3.657
-4.0487
-4.1824
-3.9336
-3.6239
-3.3432
-3.0393
-3.02
-3.1141
-3.3112
-3.6955
-3.9995
-3.9362
-3.6345
-3.331
-3.1299
-2.9082
-2.9577
-3.0688
-3.3577
-3.7774
-3.9271
-3.6676
-3.437
-3.1766
-2.9944
-3.0006
-3.1172
-3.255
-3.6394
-3.9299
-3.8697
-3.6366
-3.4817
-3.3073
-3.2316
-3.2861
-3.3407
-3.5831
-3.9241
-4.0642
-3.9417
-3.7098
-3.534
-3.4133
-3.3571
-3.4196
-3.5116
-3.7444
-4.0344
-3.9321
-3.7572
-3.6488
-3.4095
-3.3612
-3.3932
-3.4047
-3.5234
-3.8036
-3.848
-3.7392
-3.6128
-3.5743
-3.441
-3.4663
-3.4689
-3.5389
-3.7395
-3.9263
-3.8314
-3.6819
-3.6005
-3.5669
-3.4707
-3.5009
-3.5338
-3.6468
-3.9276
-3.9942
-3.9088
-3.8439
-3.6881
-3.6516
-3.6546
-3.6357
-3.7136
-3.8213
-3.8791
-3.8001
-3.6239
-3.574
-3.5406
-3.4771
-3.4637
-3.4896
-3.4994
-3.6157
-3.6405
-3.6398
-3.6626
-3.5315
-3.5651
-3.5608
-3.5392
-3.5885
-3.7177
-3.8058
-3.8064
-3.7909
-3.7762
-3.8
-3.8183
-3.8075
-3.8292
-3.8442
-3.8496
-3.8303
-3.8326
-3.861
-3.9239
-3.9105
-3.8836
-3.8511
-3.8207
-3.8251
-3.8043
-3.8202
-3.8698
-3.745
-3.7975
-3.7843
-3.7385
-3.7357
-3.6622
-3.5281
-3.5045
-3.4741
-3.5629
-3.5621
-3.5676
-3.5527
-3.5278
-3.4442
-3.2949
-3.1599
-3.1888
-3.2083
-3.1939
-3.3518
-3.3012
-3.257
-3.2595
-3.1655
-3.0741
-3.059
-3.1372
-3.2781
-3.332
-3.4076
-3.3556
-3.3377
-3.2601
-3.1127
-3.0391
-3.0951
-3.1784
-3.2914
-3.4048
-3.3658
-3.3171
-3.2738
-3.1847
-3.048
-3.0684
-3.1397
-3.1873
-3.4014
-3.4935
-3.4413
-3.4253
-3.3351
-3.1134
-3.0446
-3.1646
-3.3545
-3.4017
-3.5883
-3.5524
-3.514
-3.4836
-3.3236
-3.1986
-3.3363
-3.4527
-3.6568
-3.8
-3.8422
-3.7896
-3.7488
-3.6131
-3.3998
-3.3509
-3.584
-3.7136
-3.8112
-3.952
-3.8811
-3.8434
-3.7323
-3.404
-3.2286
-3.2241
-3.3723
-3.5637
-3.6418
-3.7002
-3.6422
-3.5262
-3.2791
-2.9551
-2.9313
-3.0964
-3.1768
-3.4236
-3.4966
-3.4036
-3.3629
-3.2415
-2.9126
-2.7704
-2.8862
-3.1256
-3.29
-3.4059
-3.4215
-3.3603
-3.2761
-3.0303
-2.7644
-2.8188
-2.9522
-3.1587
-3.4258
-3.4651
-3.3829
-3.329
-3.1792
-2.8625
-2.7946
-3.0398
-3.227
-3.4683
-3.5876
-3.6032
-3.5476
-3.4119
-3.1084
-2.825
-2.8953
-3.1665
-3.3156
-3.5792
-3.5862
-3.5184
-3.4183
-3.1252
-2.6935
-2.6673
-2.8179
-3.0317
-3.2233
-3.3752
-3.3481
-3.2775
-3.1157
-2.7477
-2.4947
-2.7231
-2.9579
-3.1592
-3.4254
-3.4046
-3.3299
-3.2393
-2.9246
-2.6068
-2.6288
-2.858
-3.1453
-3.3107
-3.456
-3.4016
-3.3171
-3.1603
-2.7685
-2.6388
-2.8635
-3.0339
-3.3948
-3.5593
-3.5733
-3.5171
-3.364
-2.9945
-2.6296
-2.6858
-3.0226
-3.1777
-3.3767
-3.4507
-3.3642
-3.2556
-2.9337
-2.4607
-2.3662
-2.5582
-2.8649
-3.1042
-3.1912
-3.1962
-3.0914
-2.8905
-2.5068
-2.2277
-2.4121
-2.6251
-2.8536
-3.1582
-3.1404
-3.0753
-2.9666
-2.6228
-2.215
-2.1578
-2.4226
-2.7564
-3.023
-3.1358
-3.1381
-3.0203
-2.78
-2.3618
-2.2031
-2.4228
-2.6588
-3.0213
-3.2809
-3.2518
-3.1731
-3.0376
-2.6403
-2.272
-2.3794
-2.7296
-2.9997
-3.2155
-3.3675
-3.3241
-3.1884
-2.8232
-2.3707
-2.2477
-2.4606
-2.7642
-3.081
-3.2301
-3.2522
-3.1191
-2.852
-2.3549
-2.0046
-2.1311
-2.4019
-2.7558
-2.9729
-3.0228
-2.9165
-2.6992
-2.1978
-1.7421
-1.6982
-2.0235
-2.294
-2.5958
-2.6531
-2.6655
-2.5188
-2.1959
-1.7119
-1.4748
-1.6345
-1.9507
-2.3014
-2.5471
-2.5352
-2.4523
-2.2818
-1.824
-1.3972
-1.547
-1.8803
-2.2776
-2.5525
-2.6572
-2.6208
-2.4838
-2.1255
-1.7315
-1.6098
-1.8943
-2.3269
-2.7213
-2.9146
-2.9001
-2.7957
-2.5416
-2.0205
-1.6682
-1.8081
-2.077
-2.4926
-2.6991
-2.7943
-2.7194
-2.4927
-2.0092
-1.5138
-1.4557
-1.8212
-2.1051
-2.468
-2.5427
-2.5531
-2.3779
-1.9915
-1.4209
-1.113
-1.2228
-1.5455
-1.8685
-2.1034
-2.1263
-2.0141
-1.7877
-1.2968
-0.82078
-0.91221
-1.2386
-1.6047
-1.8977
-1.9642
-1.9461
-1.7756
-1.3953
-0.9327
-0.69738
-0.93164
-1.3147
-1.647
-1.8867
-1.8658
-1.7585
-1.5373
-1.0522
-0.70778
-0.86449
-1.1328
-1.5866
-1.7916
-1.9325
-1.871
-1.6815
-1.2565
-0.83419
-0.78277
-1.1545
-1.4177
-1.7389
-1.8511
-1.8876
-1.7359
-1.4137
-0.87599
-0.56215
-0.65177
-0.94474
-1.2687
-1.4956
-1.5463
-1.4064
-1.1671
-0.67891
-0.17695
-0.21756
-0.52871
-0.78486
-1.07
-1.1154
-1.1076
-0.92478
-0.54083
-0.060246
0.2095
0.014739
-0.32777
-0.62208
-0.86513
-0.84757
-0.72884
-0.51868
-0.058669
0.30414
0.17669
-0.070218
-0.46184
-0.68136
-0.8361
-0.7756
-0.62907
-0.28066
0.12698
0.23009
-0.10361
-0.44171
-0.81106
-0.95138
-0.94958
-0.81769
-0.5522
-0.096902
0.11239
-0.052807
-0.36927
-0.68554
-0.91492
-0.94919
-0.85631
-0.66224
-0.18914
0.28188
0.31726
0.033419
-0.20463
-0.4834
-0.54801
-0.52056
-0.33288
0.05552
0.54646
0.81142
0.65858
0.35541
0.080337
-0.15802
-0.11935
-0.004572
0.22284
0.69305
1.1471
1.0746
0.81588
0.50462
0.30943
0.20479
0.29537
0.4795
0.87818
1.3066
1.4159
1.1099
0.76377
0.47733
0.36858
0.35238
0.44695
0.64263
1.0564
1.312
1.1661
0.89708
0.51074
0.22276
0.16273
0.21714
0.33933
0.7518
1.1157
1.0711
0.67083
0.32726
0.04796
-0.059061
-0.02498
0.1213
0.48223
0.976
1.2001
1.0471
0.79229
0.52897
0.32218
0.36304
0.48373
0.75405
1.2712
1.7624
1.7995
1.5583
1.3952
1.1982
1.1116
1.2456
1.4571
1.9071
2.4273
2.6126
2.4305
2.1204
1.853
1.7698
1.7652
1.877
2.1477
2.5899
2.9211
2.7856
2.5325
2.2462
1.9431
1.9188
1.9709
2.1185
2.4987
2.813
2.7638
2.4195
2.0252
1.7653
1.5863
1.5724
1.6785
1.9299
2.334
2.4228
2.1304
1.8412
1.495
1.2503
1.2753
1.316
1.4938
1.9648
2.3087
2.2719
1.9183
1.7127
1.4852
1.3529
1.4536
1.5907
1.9912
2.4779
2.6004
2.4404
2.1527
1.9013
1.8215
1.8344
1.9089
2.174
2.6689
3.0791
2.991
2.7134
2.4853
2.1766
2.2468
2.355
2.5221
2.9936
3.4248
3.4989
3.2783
2.989
2.8518
2.7055
2.7719
2.8548
3.0882
3.5482
3.7704
3.5859
3.391
3.0773
2.8736
2.8876
2.9283
3.0534
3.4634
3.8007
3.7706
3.4649
3.2798
2.9943
2.9019
2.9766
3.0676
3.4026
3.8409
3.8264
3.57
3.2262
2.9693
2.8073
2.8164
2.8803
3.1154
3.5583
3.8344
3.6956
3.4212
3.2525
2.9528
3.0053
3.0727
3.2369
3.681
4.1143
4.184
3.9695
3.6949
3.5474
3.3898
3.4611
3.5246
3.7728
4.2543
4.4657
4.3002
4.1095
3.8201
3.6973
3.7601
3.797
3.9109
4.2707
4.5874
4.5378
4.2828
4.0644
3.7315
3.7155
3.7714
3.8582
4.1971
4.6504
4.6943
4.4179
4.1107
3.8914
3.7083
3.7266
3.7742
4.0136
4.4396
4.7078
4.5822
4.3313
4.1281
3.8489
3.8743
3.9195
4.1057
4.5518
5.0506
5.1458
4.9526
4.7564
4.5768
4.4916
4.5647
4.6478
4.9269
5.4034
5.6722
5.5493
5.3537
5.0857
4.9725
4.994
5.0414
5.2008
5.5922
5.9824
5.9644
5.7613
5.522
5.1918
5.2528
5.3127
5.3663
5.6121
5.9816
6.0185
5.773
5.595
5.2858
5.1064
5.1406
5.1537
5.3231
5.6936
5.9103
5.6842
5.3137
5.0702
4.8029
4.7782
4.8151
4.9457
5.283
5.6779
5.6816
5.4893
5.2919
4.9534
4.9162
4.9777
5.0484
5.3642
5.8764
6.1434
5.9776
5.7098
5.4921
5.3532
5.4106
5.4376
5.6407
6.1234
6.5072
6.5408
6.3792
6.1039
5.7782
5.8408
5.8888
5.9645
6.2489
6.6939
6.7542
6.5235
6.3884
6.0525
5.9546
6.045
6.0567
6.2055
6.5664
6.7542
6.5386
6.1858
5.9526
5.7485
5.7579
5.7911
5.8675
6.1433
6.4324
6.2895
6.0703
5.7738
5.4056
5.4259
5.4693
5.5007
5.6959
6.0489
6.1135
5.8326
5.5447
5.3359
5.1312
5.186
5.1854
5.3542
5.7285
5.9789
5.8688
5.6299
5.3529
5.1052
5.178
5.2001
5.2644
5.5504
5.9983
6.0263
5.7556
5.7079
5.3986
5.3704
5.4647
5.4647
5.6199
5.9663
6.1328
5.985
5.7063
5.503
5.3869
5.4916
5.5163
5.5496
5.7228
5.9694
5.765
5.558
5.309
4.8881
4.9377
4.997
4.997
5.0962
5.2585
5.1799
4.8393
4.5324
4.2834
4.0332
4.0859
4.0859
4.1427
4.3725
4.4582
4.172
3.9069
3.5362
3.2089
3.2154
3.2423
3.319
3.5196
3.8564
3.7979
3.4795
3.3748
3.1186
3.0048
3.0877
3.0877
3.2248
3.5772
3.745
3.6213
3.3452
3.1332
2.9435
2.979
3.0043
3.1047
3.404
3.843
3.834
3.6619
3.5251
3.127
3.1895
3.2495
3.2495
3.405
3.6511
3.6988
3.4253
3.1226
2.9747
2.749
2.7874
2.8069
2.8719
3.0525
3.1932
2.9334
2.7065
2.3687
2.0342
2.0272
2.0601
2.0771
2.154
2.3125
2.1788
1.777
1.5765
1.2304
0.98953
1.0209
1.0119
1.0656
1.2503
1.2367
1.0046
0.64681
0.33076
0.14403
0.090579
0.11605
0.14052
0.27045
0.48369
0.259
0.0087028
-0.17656
-0.50568
-0.54775
-0.50306
-0.50827
-0.41127
-0.18487
-0.095476
-0.30557
-0.57862
-0.6764
-0.8681
-0.8308
-0.8028
-0.71464
-0.44945
-0.22802
-0.36201
-0.51086
-0.79828
-1.0786
-1.0755
-1.0294
-0.98437
-0.8711
-0.62962
-0.69561
-1.0601
-1.2216
-1.4818
-1.688
-1.6351
-1.6351
-1.5836
-1.4496
-1.3958
-1.6139
-1.9846
-2.2452
-2.51
-2.5603
-2.5493
-2.5428
-2.4472
-2.3164
-2.5602
-2.8563
-3.1686
-3.5714
-3.6326
-3.5584
-3.5584
-3.4964
-3.3942
-3.4317
-3.7938
-4.138
-4.4437
-4.6027
-4.6111
-4.5865
-4.5627
-4.3904
-4.2147
-4.3378
-4.6174
-4.9238
-5.3075
-5.3021
-5.242
-5.242
-5.14
-4.8513
-4.9639
-5.2519
-5.4934
-5.7661
-5.9386
-5.883
-5.8622
-5.7988
-5.6545
-5.5993
-5.8813
-6.2564
-6.5049
-6.786
-6.8053
-6.7973
-6.7339
-6.5081
-6.2884
-6.3959
-6.6957
-7.0789
-7.4532
-7.6271
-7.5751
-7.566
-7.509
-7.3403
-7.3934
-7.7906
-8.1264
-8.5724
-8.7554
-8.767
-8.7455
-8.7035
-8.5113
-8.4029
-8.5956
-9.0672
-9.466
-9.8683
-9.9196
-9.843
-9.864
-9.7882
-9.6127
-9.7991
-10.102
-10.534
-10.931
-11.078
-11.057
-11.026
-11.029
-10.81
-10.715
-11.043
-11.406
-11.814
-12.177
-12.21
-12.139
-12.133
-11.866
-11.662
-11.852
-12.195
-12.614
-13.025
-13.204
-13.137
-13.073
-12.873
-12.475
-12.43
-12.789
-13.107
-13.577
-13.779
-13.784
-13.746
-13.527
-13.094
-12.826
-13.016
-13.435
-13.716
-14.103
-14.189
-14.113
-14.044
-13.747
-13.393
-13.436
-13.735
-14.233
-14.724
-14.825
-14.828
-14.78
-14.677
-14.374
-14.195
-14.578
-14.969
-15.47
-15.759
-15.737
-15.637
-15.613
-15.382
-15.15
-15.346
-15.787
-16.274
-16.677
-16.809
-16.713
-16.682
-16.525
-16.209
-16.253
-16.608
-17.036
-17.537
-17.753
-17.739
-17.679
-17.599
-17.256
-17.028
-17.346
-17.802
-18.256
-18.566
-18.707
-18.607
-18.503
-18.191
-17.87
-17.948
-18.3
-18.773
-19.283
-19.363
-19.359
-19.285
-18.992
-18.462
-18.245
-18.536
-18.951
-19.46
-19.684
-19.676
-19.58
-19.452
-19.081
-18.718
-18.887
-19.283
-19.743
-20.059
-20.076
-19.961
-19.925
-19.731
-19.424
-19.477
-19.884
-20.44
-20.931
-21.123
-21.079
-21.026
-20.992
-20.629
-20.535
-20.949
-21.494
-22.118
-22.45
-22.61
-22.51
-22.488
-22.17
-22.02
-22.196
-22.771
-23.379
-23.933
-24.092
-24.084
-24.046
-23.744
-23.348
-23.297
-23.594
-24.172
-24.686
-24.95
-24.932
-24.819
-24.485
-23.856
-23.419
-23.493
-23.863
-24.341
-24.656
-24.679
-24.546
-24.283
-23.669
-23.088
-22.807
-23.105
-23.475
-23.895
-24.083
-23.926
-23.825
-23.505
-22.969
-22.724
-22.942
-23.432
-23.965
-24.107
-24.164
-24.015
-23.939
-23.641
-23.368
-23.575
-24.131
-24.744
-25.182
-25.279
-25.167
-25.172
-24.988
-24.735
-24.805
-25.269
-26.02
-26.614
-26.867
-26.855
-26.787
-26.705
-26.28
-26.125
-26.505
-27.041
-27.74
-28.093
-28.109
-27.956
-27.841
-27.417
-27.022
-26.939
-27.349
-27.731
-28.207
-28.407
-28.214
-28.021
-27.49
-26.809
-26.438
-26.606
-27.095
-27.472
-27.577
-27.613
-27.383
-27.081
-26.493
-25.989
-26.009
-26.39
-26.836
-27.216
-27.247
-27.111
-26.991
-26.605
-26.131
-25.962
-26.363
-26.951
-27.444
-27.605
-27.561
-27.469
-27.327
-26.917
-26.815
-27.11
-27.684
-28.382
-28.672
-28.728
-28.609
-28.518
-28.214
-27.863
-27.938
-28.483
-29.039
-29.433
-29.678
-29.501
-29.399
-29.106
-28.687
-28.568
-28.776
-29.24
-29.749
-29.883
-29.902
-29.693
-29.41
-28.885
-28.431
-28.367
-28.689
-29.099
-29.413
-29.435
-29.188
-28.897
-28.372
-27.765
-27.46
-27.668
-27.971
-28.322
-28.419
-28.327
-28.103
-27.694
-27.134
-26.728
-26.754
-27.139
-27.673
-27.921
-27.895
-27.706
-27.528
-27.189
-26.846
-26.906
-27.363
-27.998
-28.336
-28.513
-28.407
-28.293
-28.028
-27.635
-27.458
-27.796
-28.39
-29.033
-29.245
-29.291
-29.126
-28.926
-28.49
-28.267
-28.407
-29.024
-29.721
-30.085
-30.187
-30.019
-29.867
-29.434
-28.886
-28.705
-28.993
-29.434
-29.814
-29.898
-29.891
-29.624
-29.107
-28.415
-27.928
-27.87
-28.246
-28.662
-28.911
-28.895
-28.627
-28.24
-27.61
-27.018
-26.784
-26.99
-27.406
-27.64
-27.763
-27.58
-27.338
-26.913
-26.382
-26.003
-26.122
-26.52
-27.002
-27.128
-27.095
-26.986
-26.762
-26.336
-26.024
-26.017
-26.384
-26.903
-27.218
-27.309
-27.222
-27.057
-26.719
-26.324
-26.158
-26.444
-26.964
-27.407
-27.576
-27.647
-27.496
-27.233
-26.76
-26.538
-26.617
-27.063
-27.601
-27.922
-27.939
-27.828
-27.538
-26.991
-26.458
-26.306
-26.594
-27.029
-27.329
-27.561
-27.473
-27.227
-26.712
-26.073
-25.59
-25.61
-25.989
-26.415
-26.506
-26.563
-26.356
-26.077
-25.524
-25.018
-24.848
-25.074
-25.536
-25.84
-25.874
-25.698
-25.573
-25.252
-24.797
-24.575
-24.788
-25.218
-25.53
-25.627
-25.54
-25.431
-25.278
-24.854
-24.617
-24.611
-25.018
-25.591
-25.818
-25.807
-25.658
-25.518
-25.155
-24.758
-24.641
-24.957
-25.418
-25.763
-25.909
-25.773
-25.628
-25.305
-24.836
-24.555
-24.618
-25.006
-25.486
-25.604
-25.691
-25.525
-25.197
-24.575
-24.08
-24.016
-24.343
-24.954
-25.265
-25.288
-25.157
-24.928
-24.42
-23.817
-23.522
-23.77
-24.182
-24.491
-24.666
-24.538
-24.426
-24.196
-23.747
-23.462
-23.445
-23.877
-24.411
-24.515
-24.441
-24.248
-24.113
-23.788
-23.409
-23.341
-23.628
-24.078
-24.372
-24.36
-24.142
-24.048
-23.766
-23.441
-23.188
-23.376
-23.855
-24.258
-24.38
-24.258
-24.068
-23.846
-23.379
-23.03
-23.119
-23.381
-23.844
-24.09
-24.071
-23.838
-23.587
-23.044
-22.437
-22.225
-22.598
-22.916
-23.264
-23.402
-23.257
-22.956
-22.455
-21.728
-21.411
-21.543
-21.98
-22.449
-22.61
-22.695
-22.49
-22.274
-21.748
-21.243
-21.301
-21.669
-22.192
-22.535
-22.513
-22.284
-22.219
-22
-21.609
-21.397
-21.568
-22.095
-22.417
-22.534
-22.321
-22.216
-22.159
-21.769
-21.439
-21.511
-21.782
-22.258
-22.428
-22.338
-22.127
-22.002
-21.652
-21.222
-21.055
-21.366
-21.686
-22.101
-22.126
-21.898
-21.748
-21.454
-20.907
-20.587
-20.668
-21.025
-21.376
-21.537
-21.464
-21.32
-21.087
-20.528
-19.989
-19.985
-20.336
-20.71
-21.043
-21.048
-20.828
-20.697
-20.295
-19.751
-19.579
-19.888
-20.376
-20.792
-20.891
-20.685
-20.645
-20.491
-20.069
-19.763
-19.955
-20.304
-20.744
-20.898
-20.817
-20.703
-20.655
-20.382
-20.001
-19.882
-20.194
-20.593
-20.964
-20.877
-20.634
-20.576
-20.416
-19.973
-19.684
-19.88
-20.173
-20.487
-20.599
-20.395
-20.249
-20.134
-19.749
-19.321
-19.363
-19.589
-19.859
-20.081
-20.023
-19.809
-19.645
-19.259
-18.686
-18.514
-18.683
-18.997
-19.41
-19.452
-19.291
-19.176
-18.888
-18.333
-18.055
-18.35
-18.773
-19.195
-19.458
-19.437
-19.352
-19.224
-18.819
-18.559
-18.762
-19.18
-19.737
-20.154
-20.25
-20.11
-20.109
-19.966
-19.554
-19.48
-19.82
-20.159
-20.658
-20.8
-20.601
-20.556
-20.477
-20.166
-19.826
-19.837
-20.189
-20.437
-20.621
-20.489
-20.345
-20.284
-20.09
-19.6
-19.489
-19.567
-19.792
-20.13
-20.056
-19.8
-19.713
-19.552
-19.083
-18.667
-18.843
-19.054
-19.268
-19.466
-19.29
-19.156
-18.999
-18.578
-18.175
-18.191
-18.449
-18.822
-19.186
-19.306
-19.108
-19.047
-18.849
-18.527
-18.655
-19.109
-19.506
-20.031
-20.174
-20.123
-20.093
-19.99
-19.758
-19.647
-19.968
-20.503
-20.897
-21.215
-21.173
-21.088
-21.046
-20.82
-20.428
-20.519
-20.768
-21.147
-21.519
-21.556
-21.332
-21.308
-21.148
-20.688
-20.373
-20.547
-20.687
-20.948
-21.069
-20.841
-20.772
-20.679
-20.304
-19.95
-19.907
-20.117
-20.289
-20.534
-20.521
-20.388
-20.291
-20.013
-19.51
-19.376
-19.539
-19.696
-20.073
-20.189
-19.998
-19.951
-19.742
-19.323
-19.039
-19.233
-19.597
-19.822
-20.132
-20.061
-20.024
-19.907
-19.537
-19.189
-19.243
-19.578
-19.941
-20.252
-20.404
-20.294
-20.267
-20.064
-19.668
-19.576
-19.926
-20.252
-20.728
-20.905
-20.719
-20.71
-20.616
-20.235
-19.868
-19.85
-20.124
-20.296
-20.602
-20.442
-20.352
-20.302
-19.997
-19.495
-19.382
-19.502
-19.756
-20.07
-20.093
-19.866
-19.804
-19.584
-19.068
-18.724
-18.891
-19.073
-19.283
-19.451
-19.234
-19.158
-19.003
-18.538
-18.093
-18.06
-18.375
-18.68
-18.982
-19.049
-18.918
-18.887
-18.605
-18.253
-18.359
-18.816
-19.267
-19.767
-19.908
-19.81
-19.799
-19.669
-19.362
-19.19
-19.54
-20.067
-20.466
-20.804
-20.75
-20.692
-20.643
-20.374
-20.057
-20.148
-20.423
-20.872
-21.309
-21.335
-21.178
-21.17
-21.045
-20.598
-20.344
-20.544
-20.756
-21.1
-21.274
-21.015
-20.939
-20.824
-20.401
-19.985
-19.955
-20.181
-20.345
-20.601
-20.555
-20.393
-20.259
-19.851
-19.278
-19.035
-19.242
-19.485
-19.833
-19.919
-19.748
-19.631
-19.319
-18.72
-18.404
-18.626
-19.033
-19.377
-19.594
-19.576
-19.494
-19.333
-18.864
-18.476
-18.547
-19.01
-19.508
-19.975
-20.05
-19.959
-19.922
-19.647
-19.203
-19.113
-19.414
-19.922
-20.459
-20.649
-20.425
-20.406
-20.323
-19.948
-19.601
-19.702
-20.049
-20.462
-20.64
-20.613
-20.456
-20.388
-20.053
-19.623
-19.433
-19.714
-19.957
-20.418
-20.458
-20.21
-20.127
-19.882
-19.432
-19.202
-19.282
-19.626
-20.03
-20.218
-20.082
-19.948
-19.805
-19.34
-18.965
-19.056
-19.359
-19.711
-20.034
-20.064
-19.872
-19.694
-19.204
-18.694
-18.59
-19.01
-19.5
-20.05
-20.235
-20.046
-19.958
-19.605
-19.016
-18.768
-18.999
-19.535
-20.081
-20.225
-20.216
-20.098
-19.941
-19.483
-19.038
-19.04
-19.344
-19.738
-20.107
-20.054
-19.835
-19.733
-19.449
-19.042
-18.77
-18.939
-19.308
-19.664
-19.745
-19.512
-19.36
-19.14
-18.666
-18.349
-18.336
-18.634
-19.043
-19.213
-19.085
-18.867
-18.696
-18.31
-17.91
-17.883
-18.201
-18.554
-18.837
-18.956
-18.795
-18.558
-18.103
-17.562
-17.336
-17.656
-18.116
-18.622
-18.794
-18.922
-18.677
-18.298
-17.71
-17.458
-17.636
-18.27
-18.891
-19.29
-19.386
-19.238
-19.064
-18.619
-18.196
-18.2
-18.557
-19.194
-19.538
-19.691
-19.597
-19.46
-19.22
-18.858
-18.612
-18.747
-19.132
-19.607
-19.843
-19.728
-19.574
-19.369
-19.023
-18.79
-18.629
-19.017
-19.568
-19.798
-19.898
-19.676
-19.499
-19.151
-18.814
-18.721
-18.959
-19.451
-19.873
-19.979
-19.951
-19.669
-19.291
-18.884
-18.626
-18.738
-19.16
-19.638
-19.968
-20.073
-19.883
-19.517
-18.988
-18.584
-18.555
-19.026
-19.686
-20.079
-20.213
-20.145
-19.788
-19.217
-18.727
-18.57
-18.798
-19.44
-19.961
-20.233
-20.209
-19.903
-19.457
-18.941
-18.63
-18.654
-19.025
-19.603
-19.793
-19.921
-19.663
-19.329
-18.867
-18.528
-18.332
-18.597
-19.155
-19.525
-19.607
-19.464
-19.117
-18.578
-18.2
-17.943
-17.98
-18.501
-18.907
-19.095
-19.126
-18.796
-18.223
-17.726
-17.407
-17.34
-17.641
-18.236
-18.549
-18.647
-18.535
-17.905
-17.291
-16.846
-16.698
-16.995
-17.687
-18.203
-18.512
-18.455
-17.945
-17.29
-16.837
-16.615
-16.792
-17.493
-18.175
-18.508
-18.671
-18.416
-17.811
-17.295
-17.003
-16.989
-17.43
-18.07
-18.482
-18.699
-18.582
-18.009
-17.517
-17.15
-16.959
-17.112
-17.773
-18.21
-18.406
-18.448
-17.972
-17.433
-17.134
-16.899
-16.927
-17.364
-17.857
-18.144
-18.174
-17.958
-17.344
-16.905
-16.644
-16.524
-16.751
-17.332
-17.636
-17.88
-17.768
-17.112
-16.563
-16.188
-16.003
-16.059
-16.606
-17.144
-17.393
-17.454
-17.023
-16.355
-15.959
-15.692
-15.762
-16.251
-16.827
-17.234
-17.384
-17.084
-16.252
-15.732
-15.44
-15.305
-15.549
-16.105
-16.508
-16.73
-16.733
-16.108
-15.598
-15.291
-15.164
-15.241
-15.715
-16.154
-16.422
-16.402
-16.06
-15.491
-15.173
-14.931
-14.919
-15.265
-15.807
-16.102
-16.334
-16.212
-15.573
-15.183
-14.926
-14.813
-15.057
-15.616
-16.088
-16.298
-16.292
-15.741
-15.172
-14.87
-14.718
-14.702
-15.12
-15.557
-15.848
-15.919
-15.528
-14.832
-14.401
-14.169
-14.056
-14.325
-14.9
-15.287
-15.387
-15.096
-14.315
-13.776
-13.401
-13.209
-13.39
-13.893
-14.447
-14.714
-14.597
-14.125
-13.467
-13.137
-12.934
-13.016
-13.478
-14.062
-14.534
-14.707
-14.409
-13.786
-13.405
-13.218
-13.135
-13.468
-13.993
-14.46
-14.622
-14.537
-13.939
-13.547
-13.315
-13.237
-13.376
-13.821
-14.305
-14.621
-14.647
-14.243
-13.647
-13.382
-13.203
-13.198
-13.57
-14.117
-14.488
-14.648
-14.292
-13.616
-13.173
-12.97
-12.832
-13.079
-13.619
-14.105
-14.213
-13.886
-13.274
-12.64
-12.305
-12.116
-12.233
-12.71
-13.276
-13.639
-13.592
-13.042
-12.34
-11.954
-11.741
-11.785
-12.107
-12.632
-13.043
-13.155
-12.889
-12.258
-11.879
-11.71
-11.669
-11.903
-12.322
-12.829
-13.093
-12.958
-12.553
-12.084
-11.858
-11.857
-12.019
-12.357
-12.805
-13.127
-13.255
-12.858
-12.312
-12.036
-11.939
-11.979
-12.196
-12.66
-13.062
-13.206
-12.963
-12.381
-11.988
-11.797
-11.689
-11.855
-12.291
-12.748
-12.916
-12.544
-12.019
-11.31
-10.962
-10.763
-10.829
-11.251
-11.816
-12.127
-11.956
-11.371
-10.784
-10.342
-10.145
-10.206
-10.534
-11.163
-11.717
-11.832
-11.525
-10.97
-10.599
-10.411
-10.399
-10.622
-11.091
-11.662
-12.033
-11.941
-11.592
-11.015
-10.835
-10.825
-11.014
-11.322
-11.828
-12.152
-12.225
-11.796
-11.247
-10.932
-10.857
-10.912
-11.086
-11.487
-11.889
-11.968
-11.671
-11.11
-10.755
-10.564
-10.517
-10.664
-11.027
-11.45
-11.658
-11.37
-10.893
-10.254
-9.9832
-9.8277
-9.8338
-10.103
-10.522
-10.68
-10.551
-10.027
-9.3517
-8.8835
-8.7077
-8.7032
-8.8421
-9.3062
-9.7138
-9.6811
-9.3323
-8.8045
-8.3224
-8.1052
-8.0457
-8.2765
-8.7659
-9.3151
-9.6263
-9.5104
-9.1301
-8.5731
-8.3477
-8.2784
-8.5099
-8.8903
-9.4789
-9.9067
-10.011
-9.6914
-9.216
-8.9446
-8.8844
-8.9586
-9.2011
-9.681
-10.146
-10.287
-10.065
-9.5835
-9.2777
-9.12
-9.0674
-9.2307
-9.5399
-9.9475
-10.199
-9.9899
-9.4942
-8.8687
-8.5978
-8.4411
-8.5372
-8.7634
-9.2368
-9.4062
-9.2932
-8.7527
-8.1052
-7.7298
-7.5951
-7.577
-7.7124
-8.0977
-8.4582
-8.429
-8.0887
-7.5805
-7.1544
-6.9461
-6.8645
-7.1109
-7.5656
-8.1074
-8.4115
-8.2979
-7.9925
-7.5053
-7.2818
-7.2128
-7.4733
-7.8711
-8.4596
-8.8975
-9.0215
-8.6676
-8.2129
-7.9144
-7.8046
-7.9319
-8.1661
-8.6111
-9.0594
-9.1901
-9.0269
-8.5204
-8.1712
-8.0424
-8.0128
-8.2169
-8.4741
-8.8359
-9.0468
-8.7986
-8.3377
-7.8128
-7.5201
-7.5076
-7.6003
-7.8224
-8.1681
-8.3405
-8.3216
-7.7937
-7.1699
-6.8447
-6.6508
-6.6844
-6.8383
-7.1855
-7.5231
-7.4918
-7.1004
-6.4253
-5.9377
-5.77
-5.6795
-5.9314
-6.261
-6.6688
-6.8642
-6.6476
-6.2128
-5.6831
-5.3513
-5.3283
-5.5169
-5.8721
-6.4016
-6.7866
-6.8104
-6.3371
-5.8058
-5.5039
-5.3293
-5.4866
-5.8216
-6.3927
-6.8828
-7.0475
-6.82
-6.2946
-5.9018
-5.7551
-5.7173
-6.0625
-6.539
-7.0549
-7.3164
-7.1606
-6.6746
-6.1437
-5.853
-5.8059
-5.9664
-6.3041
-6.7664
-7.0793
-7.1446
-6.6521
-5.9906
-5.6879
-5.562
-5.6257
-5.9612
-6.4646
-6.8419
-6.9336
-6.5984
-5.9743
-5.4483
-5.2336
-5.2116
-5.4704
-6.0095
-6.5045
-6.7553
-6.5675
-6.0441
-5.4264
-5.1492
-5.0308
-5.2943
-5.931
-6.5424
-6.9864
-7.0537
-6.6829
-6.0784
-5.6603
-5.5043
-5.5632
-6.111
-6.8117
-7.2636
-7.4749
-7.2552
-6.577
-6.0646
-5.8399
-5.7671
-6.109
-6.8116
-7.3249
-7.6153
-7.5943
-7.085
-6.4596
-6.0828
-5.8865
-5.9661
-6.5111
-7.0799
-7.4447
-7.5412
-7.1188
-6.2815
-5.6807
-5.3358
-5.2685
-5.5246
-6.1304
-6.4811
-6.6762
-6.4712
-5.8335
-5.1202
-4.6298
-4.3497
-4.37
-4.9063
-5.4401
-5.7238
-5.7987
-5.4637
-4.7582
-4.1252
-3.6457
-3.503
-3.9593
-4.5953
-5.0753
-5.2807
-5.298
-4.9358
-4.3898
-3.8617
-3.5427
-3.6963
-4.2647
-4.843
-5.2224
-5.3338
-5.1969
-4.8673
-4.3662
-3.9114
-3.8649
-4.3379
-4.8307
-5.3189
-5.6192
-5.6203
-5.4758
-5.2125
-4.7552
-4.3695
-4.3832
-4.6111
-4.8815
-5.1272
-5.2602
-5.1607
-5.0634
-4.7794
-4.3495
-4.0841
-4.0535
-4.0805
-4.26
-4.3678
-4.3466
-4.3339
-4.2636
-4.0575
-3.7519
-3.6593
-3.508
-3.3916
-3.3358
-3.2433
-3.1986
-3.2517
-3.2383
-3.2727
-3.4492
-3.4519
-3.3022
-3.0647
-2.9127
-2.7807
-2.832
-2.9255
-3.098
-3.5014
-3.8929
-3.969
-3.8229
-3.6182
-3.2999
-3.079
-3.0793
-3.2757
-3.7267
-4.4052
-4.839
-5.086
-5.0118
-4.6977
-4.3309
-4.0238
-3.9273
-4.1351
-4.6736
-5.2448
-5.58
-5.7295
-5.6005
-5.2372
-4.8679
-4.4889
-4.2494
-4.3927
-4.8185
-5.1799
-5.4054
-5.4839
-5.2797
-5.0524
-4.7114
-4.3678
-4.1701
-4.2492
-4.3221
-4.476
-4.5588
-4.5387
-4.4539
-4.3882
-4.2577
-4.0708
-4.1428
-4.1631
-4.0307
-3.984
-3.9843
-3.9398
-3.9696
-3.9985
-4.0852
-4.4237
-4.727
-4.8381
-4.7503
-4.6045
-4.3299
-4.2303
-4.2892
-4.4781
-4.9751
-5.5687
-6.0234
-6.2248
-6.1943
-5.9509
-5.6161
-5.312
-5.2339
-5.4574
-6.0104
-6.5278
-6.8648
-7.0318
-6.8976
-6.631
-6.3311
-5.978
-5.7001
-5.7132
-5.9937
-6.2582
-6.3877
-6.4044
-6.2597
-6.1929
-6.0382
-5.7738
-5.6787
-5.6868
-5.5655
-5.419
-5.2595
-5.1193
-5.0242
-5.0325
-5.0043
-5.0833
-5.3659
-5.4507
-5.4402
-5.2474
-4.8452
-4.4589
-4.3469
-4.3311
-4.4158
-4.8036
-5.2292
-5.4862
-5.5892
-5.5479
-5.286
-4.9924
-4.6756
-4.5509
-4.9282
-5.4931
-5.9447
-6.2278
-6.4072
-6.3828
-6.2741
-6.1476
-6.0621
-6.1641
-6.3649
-6.422
-6.5107
-6.557
-6.4488
-6.3352
-6.31
-6.2634
-6.3951
-6.6954
-6.9197
-6.8844
-6.6458
-6.1708
-5.7119
-5.5047
-5.4281
-5.4469
-5.6864
-6.0815
-6.4137
-6.5424
-6.4257
-6.063
-5.7358
-5.3434
-4.9408
-4.856
-5.2025
-5.4685
-5.7202
-5.7964
-5.7458
-5.6687
-5.6144
-5.5168
-5.4457
-5.5234
-5.5133
-5.3033
-5.2132
-5.1911
-5.0472
-4.9856
-4.9856
-5.0798
-5.4862
-5.8927
-6.0765
-5.9354
-5.6524
-5.1269
-4.6079
-4.3214
-4.337
-4.6518
-5.1221
-5.5383
-5.8472
-5.9393
-5.8505
-5.5866
-5.2216
-4.8281
-4.6032
-4.6688
-4.9108
-5.1385
-5.2865
-5.2834
-5.1863
-5.1949
-5.1867
-5.2626
-5.4414
-5.6196
-5.6214
-5.4019
-5.0721
-4.6102
-4.428
-4.3602
-4.32
-4.4532
-4.8174
-5.1472
-5.3653
-5.3336
-4.9963
-4.5061
-4.0296
-3.5984
-3.3175
-3.3866
-3.5865
-3.6738
-3.7606
-3.7754
-3.6607
-3.5755
-3.5098
-3.4049
-3.4031
-3.4237
-3.3958
-3.2379
-3.0548
-2.6824
-2.4114
-2.288
-2.3506
-2.7146
-3.2592
-3.6697
-3.8523
-3.739
-3.399
-2.9605
-2.5915
-2.3322
-2.2604
-2.4459
-2.723
-2.9569
-3.1344
-3.1873
-3.0498
-2.9412
-2.7937
-2.6973
-2.7389
-2.8921
-2.9977
-2.9126
-2.6682
-2.2349
-1.9922
-1.8656
-1.8084
-1.9334
-2.2737
-2.5053
-2.5956
-2.5242
-2.2031
-1.8391
-1.5244
-1.2161
-0.97786
-0.98353
-1.1636
-1.2588
-1.2578
-1.1617
-0.88205
-0.73183
-0.60304
-0.53942
-0.69605
-0.88781
-0.94144
-0.8891
-0.5978
-0.16401
0.15652
0.37115
0.47427
0.3605
-0.043319
-0.33161
-0.49732
-0.61284
-0.45217
-0.20801
0.0014048
0.2329
0.23401
-0.061817
-0.40957
-0.54323
-0.50848
-0.46421
-0.20332
-0.10277
0.019014
-0.028097
-0.33754
-0.77824
-1.0808
-1.1575
-0.89255
-0.5008
-0.22057
0.077039
0.37585
0.4345
0.10852
-0.21602
-0.29541
-0.27087
-0.011114
0.21729
0.34283
0.50428
0.64478
0.5366
0.37243
0.30354
0.42698
0.70775
1.2364
1.5442
1.7407
1.8188
1.6585
1.2631
0.9896
0.80025
0.81342
1.0298
1.308
1.5355
1.7385
1.7602
1.499
1.321
1.3655
1.4515
1.6156
1.9045
2.0336
2.1775
2.1211
1.7521
1.3061
1.0187
1.062
1.3266
1.7107
2.0141
2.3444
2.6701
2.6789
2.3268
2.0236
1.9347
2.0153
2.3289
2.5635
2.6449
2.739
2.781
2.614
2.3631
2.1921
2.2874
2.6193
3.2069
3.5907
3.7756
3.835
3.6528
3.2718
2.9637
2.7528
2.7048
2.9033
3.2265
3.4386
3.6282
3.6305
3.3788
3.2289
3.2572
3.384
3.5739
3.8878
4.1538
4.3332
4.3473
3.9659
3.3815
2.8752
2.7011
2.8424
3.0874
3.4433
3.7825
4.1131
4.2635
4.0799
3.6757
3.3626
3.2688
3.3535
3.5639
3.7306
3.7947
3.7887
3.6416
3.2661
2.8449
2.5642
2.5565
2.8746
3.3963
3.8411
4.1409
4.2932
4.2198
3.8819
3.477
3.1366
2.9132
2.9603
3.2114
3.4031
3.5632
3.6528
3.5782
3.3045
3.0362
2.9585
3.0796
3.3481
3.7728
4.0664
4.213
4.2294
4.045
3.6355
3.2149
2.9012
2.7571
2.8701
3.1975
3.5543
3.8748
4.0949
4.1406
4.0079
3.796
3.6213
3.5386
3.6411
3.8449
4.0969
4.2722
4.2965
4.1502
3.7925
3.4175
3.1461
3.0143
3.0669
3.3083
3.6517
4.0227
4.2969
4.4617
4.3345
4.0147
3.6698
3.3782
3.2184
3.2106
3.3328
3.4084
3.4857
3.541
3.5814
3.4861
3.2945
3.0905
2.9704
3.0598
3.3439
3.6593
3.8638
3.9886
4.0386
4.0719
3.9879
3.7604
3.4695
3.2032
3.1655
3.3689
3.6779
3.9933
4.2162
4.3889
4.5351
4.6124
4.6259
4.5463
4.384
4.3307
4.4462
4.6456
4.8454
4.896
4.8601
4.7028
4.4451
4.2
3.9519
3.7437
3.6571
3.7214
3.921
4.1856
4.416
4.5595
4.5402
4.3522
4.1435
3.9266
3.7143
3.585
3.6041
3.6812
3.8023
3.9604
4.1104
4.2218
4.1966
4.1157
4.0449
4.0185
4.1028
4.3544
4.6637
4.9166
5.1492
5.3308
5.5029
5.5947
5.5401
5.3564
5.1163
4.8987
4.8494
4.9943
5.1739
5.3404
5.4624
5.591
5.6904
5.757
5.7666
5.6763
5.455
5.2508
5.2115
5.3371
5.4838
5.5924
5.6129
5.5958
5.4954
5.302
5.1362
4.9407
4.6509
4.4104
4.418
4.6366
4.9172
5.2577
5.5167
5.6914
5.7733
5.7587
5.7542
5.6856
5.4856
5.2836
5.2465
5.2955
5.3967
5.5715
5.7451
5.8916
5.9537
5.9666
5.9844
6.0041
5.9949
6.0024
6.0877
6.2185
6.3545
6.5424
6.7539
6.8971
6.9248
6.8151
6.599
6.3502
6.0294
5.738
5.5931
5.5852
5.614
5.7071
5.949
6.2209
6.488
6.6206
6.5776
6.4272
6.1916
5.9238
5.7456
5.7133
5.7385
5.7385
5.7691
5.8379
5.9293
6.0567
6.107
6.0327
5.857
5.6217
5.4328
5.4785
5.7337
5.971
6.1898
6.388
6.6131
6.873
7.1031
7.2046
7.1361
6.8936
6.5168
6.1872
6.0693
6.1712
6.2897
6.3931
6.5159
6.6444
6.8397
7.0577
7.1756
7.1779
7.0192
6.7353
6.4923
6.4395
6.5676
6.6972
6.7537
6.7667
6.7689
6.7729
6.7401
6.5857
6.3156
5.9709
5.5828
5.249
5.1187
5.225
5.4337
5.6476
5.8933
6.1608
6.4046
6.6308
6.7482
6.6908
6.4893
6.1905
5.8909
5.696
5.6568
5.7033
5.7501
5.8017
5.875
6.0229
6.1977
6.3524
6.3654
6.2342
6.0405
5.886
5.8165
5.8255
5.9131
6.0507
6.1813
6.2852
6.3929
6.4479
6.4925
6.3983
6.1024
5.6886
5.2907
4.9857
4.7625
4.6144
4.562
4.6493
4.8035
5.0313
5.2791
5.5056
5.6915
5.7417
5.6555
5.4891
5.3277
5.2124
5.091
4.9544
4.8648
4.8664
4.9038
4.957
4.9903
5.0191
5.0469
5.0286
4.9499
4.8504
4.8155
4.8351
4.8583
4.8935
4.9824
5.1335
5.3023
5.4792
5.5926
5.6385
5.6233
5.546
5.4027
5.1756
4.9286
4.7171
4.4779
4.2429
4.0852
4.0394
4.0646
4.1465
4.268
4.4172
4.584
4.7467
4.862
4.8717
4.849
4.8332
4.7738
4.6682
4.5689
4.4943
4.4526
4.4444
4.4334
4.401
4.4146
4.4571
4.458
4.4331
4.4093
4.3965
4.4388
4.5071
4.5434
4.5792
4.6846
4.8496
5.0452
5.2331
5.3726
5.508
5.6041
5.6179
5.5821
5.4527
5.2479
5.0456
4.8669
4.6437
4.4028
4.2209
4.1241
4.1132
4.1505
4.1996
4.311
4.4664
4.655
4.8157
4.8803
4.9011
4.9191
4.9224
4.8916
4.7668
4.5932
4.4541
4.3675
4.3297
4.2725
4.1999
4.1605
4.1673
4.2218
4.2484
4.2119
4.1962
4.2119
4.2806
4.3273
4.319
4.3363
4.4362
4.6237
4.8151
4.9472
5.0364
5.1341
5.2249
5.2722
5.2268
5.0569
4.8355
4.6462
4.4618
4.1951
3.8839
3.6203
3.5065
3.5005
3.5483
3.5844
3.6634
3.8595
4.0797
4.2944
4.3879
4.4133
4.4531
4.5133
4.482
4.3121
4.0641
3.8629
3.7698
3.7308
3.6661
3.5357
3.4786
3.5293
3.5681
3.6034
3.585
3.5495
3.5688
3.6527
3.7017
3.6426
3.5508
3.5557
3.6884
3.8681
3.9991
4.0881
4.2127
4.39
4.5135
4.6
4.5451
4.4036
4.2617
4.1151
3.8972
3.5913
3.2689
3.0445
2.9383
2.9106
2.891
2.8943
3.0079
3.2515
3.5178
3.7659
3.9334
4.0307
4.1248
4.1932
4.1648
4.0473
3.8551
3.6692
3.5162
3.3983
3.2751
3.1817
3.1133
3.1156
3.1765
3.2345
3.2712
3.3173
3.3411
3.3608
3.384
3.4134
3.448
3.4862
3.5194
3.5729
3.6521
3.7702
3.9246
4.0643
4.1842
4.3208
4.3937
4.431
4.4584
4.3815
4.2397
4.0414
3.8169
3.5781
3.3104
3.0243
2.7963
2.6491
2.6142
2.6537
2.7363
2.858
3.0399
3.2617
3.4926
3.7095
3.842
3.8921
3.8968
3.8996
3.8562
3.7457
3.5925
3.3806
3.1993
3.1006
3.0411
3.0149
2.9746
2.9445
2.9366
2.9779
3.0608
3.1804
3.2752
3.3363
3.3898
3.5046
3.6522
3.7719
3.8041
3.7896
3.799
3.9014
4.0533
4.145
4.1538
4.1082
4.0914
4.1132
4.1497
4.0976
3.9091
3.6685
3.4471
3.2903
3.1161
2.8789
2.5963
2.3497
2.2395
2.2946
2.4192
2.5701
2.7087
2.8855
3.1294
3.4093
3.6587
3.8484
3.9581
4.0192
4.0529
4.0714
4.0402
3.9228
3.7608
3.5617
3.4182
3.3061
3.2314
3.1286
3.0103
2.9126
2.8895
2.9388
3.0412
3.1552
3.2386
3.3156
3.41
3.5464
3.6739
3.7585
3.7718
3.7144
3.6413
3.5837
3.5602
3.5203
3.4447
3.318
3.1876
3.0943
3.0857
3.0494
3.0272
2.944
2.7998
2.6779
2.6199
2.6308
2.6424
2.6395
2.5896
2.5492
2.5853
2.728
2.922
3.1171
3.292
3.4489
3.6189
3.8175
3.9829
4.0983
4.1564
4.1283
4.0464
4.0104
3.9475
3.8512
3.6426
3.3655
3.042
2.7906
2.6082
2.503
2.4069
2.333
2.2939
2.3392
2.4801
2.6952
2.9391
3.1863
3.3943
3.5824
3.7674
3.9585
4.0924
4.126
4.0482
3.8957
3.7456
3.6512
3.5884
3.4976
3.3521
3.18
3.0294
2.9351
2.8885
2.8781
2.8489
2.8178
2.8094
2.8234
2.879
2.9688
3.0278
3.0392
3.0093
2.9999
3.048
3.1785
3.3312
3.4479
3.5075
3.5309
3.5658
3.6399
3.74
3.8161
3.8543
3.8111
3.7282
3.5912
3.5019
3.4047
3.2829
3.0926
2.8534
2.6162
2.4664
2.4248
2.4422
2.4685
2.5002
2.5451
2.6524
2.8575
3.1367
3.433
3.6684
3.8479
3.9618
4.0465
4.1292
4.1913
4.1926
4.0833
3.8695
3.5915
3.3161
3.072
2.8567
2.6216
2.3745
2.1471
1.951
1.8575
1.8736
1.9531
2.0782
2.2348
2.3927
2.5863
2.8061
3.0525
3.3088
3.5219
3.6608
3.7529
3.823
3.8728
3.8903
3.8698
3.8005
3.6997
3.6097
3.5446
3.4947
3.4712
3.4144
3.3402
3.2608
3.1728
3.1134
3.0327
2.9532
2.8568
2.7543
2.658
2.6062
2.5932
2.5944
2.6007
2.6289
2.6883
2.7955
2.96
3.1746
3.3979
3.603
3.7836
3.9376
4.0675
4.1891
4.2874
4.3106
4.2818
4.2017
4.0726
3.8977
3.7121
3.4939
3.2476
2.9623
2.6996
2.4863
2.3302
2.2536
2.2474
2.2783
2.3562
2.4872
2.6738
2.9239
3.2299
3.5264
3.8047
4.0396
4.221
4.3502
4.4128
4.4094
4.3222
4.167
3.9684
3.7322
3.5028
3.2933
3.0752
2.8526
2.6542
2.4779
2.3527
2.2614
2.2246
2.2372
2.2919
2.3537
2.4667
2.6003
2.7569
2.9396
3.1252
3.2847
3.4184
3.525
3.6036
3.6684
3.724
3.7595
3.7455
3.7002
3.6486
3.6038
3.5727
3.5339
3.5098
3.4704
3.4218
3.3439
3.2758
3.1909
3.0977
2.9678
2.8052
2.64
2.483
2.3381
2.2269
2.1699
2.151
2.1634
2.2106
2.2862
2.4077
2.5804
2.7943
3.0324
3.2725
3.5186
3.7564
3.9767
4.1469
4.2687
4.3409
4.351
4.3018
4.2067
4.0442
3.8422
3.5821
3.3021
2.9914
2.695
2.3888
2.0927
1.8266
1.6301
1.5048
1.4728
1.5324
1.6638
1.8522
2.0967
2.402
2.7237
3.0496
3.3421
3.603
3.8384
4.0253
4.1464
4.1975
4.1819
4.1122
3.9893
3.8213
3.6042
3.3561
3.1201
2.9072
2.6939
2.5048
2.3386
2.2147
2.11
2.0206
1.9698
1.9707
2.0073
2.0868
2.1954
2.3326
2.4857
2.6529
2.8113
2.9565
3.0853
3.1839
3.2704
3.3493
3.4143
3.4404
3.4342
3.4308
3.4362
3.4508
3.4569
3.4597
3.4562
3.4173
3.3745
3.3351
3.2792
3.2238
3.1403
3.0478
2.9207
2.7472
2.5529
2.3567
2.1764
2.0175
1.8952
1.8028
1.7517
1.7498
1.8116
1.9505
2.1477
2.3656
2.6062
2.8696
3.1372
3.3931
3.6406
3.8616
4.03
4.1695
4.2611
4.2889
4.2667
4.1961
4.0653
3.8908
3.6424
3.34
3.0151
2.6796
2.3465
2.0223
1.7308
1.4854
1.3155
1.2158
1.1898
1.2408
1.365
1.562
1.8334
2.1435
2.5049
2.8601
3.2052
3.522
3.8116
4.0607
4.26
4.3979
4.4533
4.4341
4.3507
4.1961
3.9973
3.7792
3.5279
3.2816
3.0534
2.8278
2.6284
2.4275
2.2732
2.1529
2.0359
1.9699
1.9347
1.9684
2.049
2.1659
2.3169
2.5049
2.7081
2.9368
3.1616
3.3694
3.5531
3.7097
3.8429
3.9393
4.0128
4.0582
4.0753
4.0818
4.0745
4.0421
3.9829
3.9181
3.8629
3.8288
3.7935
3.7527
3.6829
3.5995
3.5334
3.4449
3.3564
3.2531
3.1345
2.9785
2.8379
2.7088
2.5953
2.4883
2.4162
2.3873
2.4153
2.4966
2.629
2.7993
2.9975
3.2432
3.5024
3.7719
4.05
4.3091
4.5383
4.7374
4.9026
5.0201
5.1039
5.1573
5.2004
5.1974
5.1263
5.0169
4.8189
4.5617
4.2631
3.9241
3.5701
3.2087
2.8721
2.5553
2.3053
2.1254
2.0077
1.9579
1.978
2.1021
2.3294
2.6316
2.9567
3.3224
3.6924
4.0968
4.502
4.8987
5.2591
5.5683
5.8319
6.0133
6.1158
6.1275
6.0501
5.9163
5.7211
5.4832
5.2243
4.944
4.6226
4.3132
4.031
3.7805
3.543
3.3435
3.1831
3.0399
2.9414
2.9212
2.9265
3.0175
3.1366
3.3339
3.5979
3.8854
4.1649
4.4131
4.6478
4.8687
5.0837
5.2656
5.3843
5.4411
5.4485
5.4293
5.3803
5.2895
5.1718
5.0368
4.9444
4.8585
4.7735
4.6897
4.6158
4.4921
4.3998
4.29
4.2204
4.1547
4.1167
4.059
3.9853
3.8988
3.844
3.7951
3.7647
3.7588
3.7779
3.8303
3.8964
3.9547
4.0108
4.0779
4.1782
4.3153
4.4807
4.6554
4.8334
4.9996
5.1645
5.3168
5.4387
5.5182
5.5713
5.6182
5.6506
5.6792
5.6912
5.6547
5.5622
5.4144
5.2226
5.005
4.776
4.5048
4.2063
3.897
3.5782
3.264
2.9727
2.7341
2.5712
2.4989
2.5224
2.6437
2.8404
3.0984
3.3997
3.7347
4.1046
4.4997
4.8867
5.2849
5.6537
6.014
6.328
6.5758
6.7291
6.7799
6.758
6.6862
6.5476
6.342
6.0869
5.7649
5.4016
4.9995
4.576
4.1445
3.7511
3.3586
2.9785
2.6589
2.4058
2.2005
2.0823
2.0611
2.1145
2.2519
2.4652
2.7783
3.1502
3.557
3.9815
4.4096
4.8748
5.3197
5.723
6.0538
6.3166
6.5059
6.6341
6.6879
6.6441
6.4933
6.2653
6.0069
5.7117
5.4024
5.0902
4.7633
4.4652
4.1645
3.9174
3.7034
3.5096
3.3183
3.1539
3.0056
2.8924
2.8039
2.7694
2.8147
2.8756
2.9948
3.1517
3.3554
3.5811
3.8168
4.0325
4.2357
4.4263
4.6346
4.8204
4.9707
5.0748
5.1416
5.1825
5.2158
5.2286
5.1987
5.1358
5.0666
5.0161
4.9629
4.9252
4.8603
4.7763
4.6933
4.5909
4.4616
4.3739
4.2648
4.148
4.0073
3.8459
3.6621
3.4634
3.2782
3.119
2.9654
2.8152
2.6918
2.6238
2.6243
2.6776
2.7538
2.8558
3.0012
3.2127
3.4923
3.8089
4.1203
4.4078
4.6761
4.9496
5.2034
5.4121
5.5657
5.6969
5.8024
5.8845
5.9381
5.9637
5.9072
5.7872
5.603
5.367
5.087
4.759
4.4057
3.99
3.5466
3.0938
2.6491
2.2312
1.8945
1.6329
1.4188
1.2709
1.2399
1.3348
1.5532
1.8558
2.2137
2.6187
3.0444
3.5231
4.0304
4.5602
5.0518
5.5025
5.8948
6.2561
6.5637
6.7745
6.8721
6.8987
6.8441
6.681
6.4536
6.1652
5.7998
5.3826
4.9203
4.4345
3.929
3.4236
2.9449
2.4853
2.0496
1.6642
1.3457
1.1042
0.93223
0.8774
0.91489
1.016
1.1842
1.4362
1.8003
2.2524
2.7641
3.2817
3.817
4.3698
4.9127
5.4219
5.8823
6.2497
6.4918
6.6279
6.6902
6.6586
6.5147
6.292
6.0355
5.7474
5.4371
5.0819
4.7071
4.3345
3.962
3.5904
3.2454
2.9268
2.626
2.3914
2.2021
2.0328
1.8935
1.8091
1.7591
1.7459
1.7928
1.9159
2.098
2.323
2.5932
2.9164
3.2829
3.6473
3.9965
4.2943
4.5415
4.7487
4.9388
5.1088
5.2562
5.3424
5.3613
5.3462
5.3157
5.2646
5.1852
5.1112
5.0237
4.9241
4.8205
4.7169
4.6175
4.4897
4.3393
4.1753
4.001
3.8427
3.6979
3.5635
3.4464
3.3321
3.194
3.0303
2.8585
2.7285
2.6218
2.5237
2.4233
2.3601
2.356
2.4196
2.5418
2.7013
2.8765
3.0765
3.3106
3.5825
3.8849
4.2204
4.5393
4.8158
5.0697
5.2913
5.468
5.6256
5.7638
5.8985
6.0062
6.0652
6.0634
6.0266
5.9559
5.8381
5.6614
5.4281
5.1436
4.8275
4.4884
4.1258
3.726
3.2921
2.8316
2.3593
1.9209
1.5861
1.3306
1.1566
1.053
1.049
1.1716
1.4218
1.7667
2.1533
2.5842
3.0589
3.5562
4.0944
4.6501
5.1902
5.6965
6.1299
6.5014
6.7894
7.0329
7.257
7.429
7.5328
7.5383
7.4467
7.2559
6.988
6.6267
6.1805
5.6558
5.0844
4.5044
3.9459
3.3884
2.8418
2.3418
1.8846
1.4881
1.1449
0.85614
0.69404
0.65223
0.73556
0.89599
1.1395
1.4951
1.9593
2.4945
3.0933
3.7157
4.3306
4.9627
5.5893
6.1927
6.7484
7.2804
7.7019
7.9912
8.1554
8.2181
8.2097
8.1229
7.9465
7.6778
7.3294
6.9014
6.3983
5.8485
5.2755
4.6927
4.131
3.6144
3.1516
2.7534
2.4294
2.1646
1.9707
1.8007
1.6584
1.5451
1.5012
1.5595
1.74
2.0125
2.3475
2.7593
3.2616
3.8479
4.4425
5.0543
5.6368
6.1722
6.6524
7.0858
7.4429
7.7067
7.8879
7.9785
7.9555
7.8434
7.6728
7.4644
7.2283
6.9657
6.6894
6.3915
6.0489
5.6706
5.2787
4.8942
4.5638
4.2498
3.9938
3.7801
3.6045
3.4723
3.4216
3.3987
3.383
3.3755
3.3742
3.3768
3.449
3.63
3.8439
4.0744
4.3394
4.6608
5.0325
5.375
5.668
5.9288
6.1794
6.415
6.6085
6.7562
6.8446
6.9029
6.973
7.0119
7.0103
6.9624
6.9136
6.8987
6.9133
6.9346
6.9119
6.8626
6.764
6.6179
6.4456
6.2848
6.1214
5.9953
5.8887
5.8069
5.7362
5.6869
5.674
5.633
5.5397
5.4079
5.2373
5.0135
4.8438
4.6791
4.5287
4.4376
4.4306
4.5197
4.6425
4.778
4.9454
5.1566
5.4113
5.6823
5.9441
6.2094
6.4836
6.7877
7.1149
7.4203
7.6946
7.9335
8.1643
8.4013
8.6304
8.8257
8.9626
9.0184
8.971
8.8639
8.7223
8.5554
8.377
8.1877
7.9842
7.7603
7.4995
7.2089
6.8724
6.4859
6.0677
5.6276
5.1662
4.6893
4.2567
3.9206
3.67
3.5275
3.5127
3.6592
3.8859
4.1995
4.6075
5.1047
5.6379
6.1591
6.6756
7.1871
7.6854
8.178
8.6492
9.1314
9.5722
9.9676
10.316
10.641
10.945
11.172
11.311
11.362
11.27
11.028
10.69
10.281
9.8061
9.2938
8.7516
8.2275
7.7115
7.1851
6.6659
6.1445
5.6371
5.1646
4.7264
4.3147
3.9278
3.661
3.5717
3.6343
3.8381
4.1934
4.6703
5.2081
5.8028
6.4665
7.1515
7.8575
8.5228
9.1484
9.7476
10.33
10.867
11.368
11.874
12.303
12.632
12.867
13.025
13.074
13.001
12.798
12.427
11.915
11.303
10.66
9.9872
9.3013
8.6352
8.007
7.4554
6.9683
6.5405
6.1452
5.8278
5.5945
5.4398
5.3309
5.2245
5.141
5.1676
5.3219
5.6116
6.0058
6.5573
7.2128
7.892
8.6162
9.3833
10.145
10.848
11.496
12.085
12.573
12.965
13.283
13.553
13.776
13.869
13.838
13.711
13.52
13.251
12.9
12.466
11.915
11.274
10.592
9.9526
9.3357
8.7825
8.307
7.925
7.6578
7.4496
7.3101
7.2316
7.1738
7.1761
7.2084
7.2577
7.3353
7.4232
7.5779
7.8382
8.1622
8.6046
9.1794
9.8295
10.488
11.149
11.774
12.348
12.853
13.265
13.565
13.749
13.807
13.772
13.694
13.601
13.505
13.32
13.084
12.815
12.522
12.224
11.923
11.602
11.219
10.786
10.409
10.052
9.7687
9.5567
9.3895
9.2897
9.2595
9.2895
9.3844
9.5207
9.6796
9.8521
10.018
10.163
10.296
10.407
10.576
10.822
11.095
11.366
11.742
12.149
12.544
12.896
13.192
13.365
13.459
13.484
13.457
13.368
13.23
13.05
12.893
12.789
12.758
12.745
12.732
12.723
12.731
12.741
12.722
12.657
12.523
12.328
12.142
11.979
11.904
11.91
11.948
12.03
12.166
12.311
12.449
12.594
12.726
12.825
12.884
12.904
12.849
12.723
12.599
12.504
12.423
12.35
12.331
12.362
12.412
12.499
12.593
12.65
12.662
12.652
12.629
12.626
12.647
12.691
12.792
12.967
13.218
13.488
13.733
13.991
14.239
14.457
14.657
14.806
14.875
14.878
14.856
14.83
14.815
14.81
14.845
14.9
14.957
15.019
15.08
15.063
14.967
14.822
14.634
14.354
13.964
13.476
12.931
12.449
12.054
11.735
11.559
11.523
11.544
11.619
11.762
11.942
12.154
12.398
12.67
12.941
13.214
13.5
13.807
14.182
14.618
15.098
15.587
16.054
16.514
16.937
17.313
17.605
17.766
17.809
17.756
17.646
17.545
17.463
17.386
17.24
17.046
16.818
16.566
16.259
15.86
15.37
14.826
14.268
13.698
13.117
12.527
11.926
11.403
11
10.759
10.717
10.863
11.166
11.545
11.967
12.401
12.844
13.298
13.775
14.284
14.797
15.324
15.865
16.441
17.038
17.639
18.219
18.707
19.115
19.447
19.724
19.921
20.007
19.998
19.813
19.49
19.111
18.712
18.278
17.792
17.246
16.661
16.07
15.482
14.912
14.331
13.747
13.18
12.645
12.119
11.635
11.206
10.895
10.721
10.656
10.73
10.972
11.378
11.888
12.49
13.157
13.836
14.523
15.219
15.906
16.562
17.178
17.754
18.296
18.81
19.3
19.784
20.234
20.606
20.895
21.038
21.045
20.911
20.637
20.226
19.652
18.942
18.226
17.518
16.825
16.145
15.486
14.84
14.253
13.702
13.184
12.721
12.354
12.048
11.774
11.509
11.261
11.039
10.904
10.878
11.017
11.336
11.809
12.413
13.119
13.887
14.622
15.329
16
16.634
17.219
17.777
18.316
18.837
19.346
19.852
20.28
20.615
20.846
20.96
20.938
20.742
20.373
19.919
19.372
18.746
18.06
17.328
16.6
15.907
15.274
14.696
14.144
13.669
13.271
12.947
12.65
12.37
12.126
11.931
11.775
11.665
11.617
11.653
11.751
11.916
12.17
12.48
12.84
13.262
13.749
14.282
14.849
15.457
16.045
16.618
17.185
17.753
18.205
18.573
18.876
19.099
19.225
19.242
19.21
19.101
18.896
18.608
18.25
17.832
17.369
16.873
16.372
15.866
15.348
14.858
14.418
14.011
13.643
13.316
13.032
12.793
12.61
12.501
12.483
12.529
12.607
12.683
12.748
12.804
12.859
12.915
12.992
13.075
13.189
13.368
13.602
13.885
14.232
14.644
15.054
15.411
15.74
16.014
16.192
16.253
16.276
16.278
16.253
16.197
16.132
16.06
15.973
15.874
15.748
15.603
15.434
15.218
14.987
14.746
14.487
14.221
13.987
13.762
13.568
13.421
13.359
13.379
13.433
13.483
13.526
13.527
13.505
13.453
13.394
13.34
13.268
13.203
13.152
13.121
13.111
13.136
13.189
13.194
13.142
13.078
12.982
12.809
12.611
12.435
12.276
12.13
12.014
11.943
11.911
11.923
11.979
12.067
12.194
12.311
12.383
12.475
12.572
12.653
12.726
12.792
12.844
12.885
12.968
13.09
13.275
13.445
13.624
13.744
13.817
13.845
13.828
13.771
13.687
13.585
13.459
13.315
13.189
13.073
12.977
12.886
12.732
12.507
12.2
11.827
11.359
10.828
10.269
9.7138
9.2001
8.7485
8.3913
8.1254
7.9432
7.8642
7.8767
7.9558
8.0641
8.1744
8.3433
8.5619
8.8211
9.124
9.4688
9.8281
10.197
10.627
11.11
11.619
12.064
12.479
12.799
13.032
13.208
13.336
13.424
13.46
13.435
13.405
13.334
13.252
13.157
13.064
12.96
12.801
12.554
12.244
11.829
11.294
10.667
10.017
9.3314
8.6391
7.9382
7.2975
6.7204
6.2059
5.7446
5.3999
5.1562
4.97
4.8425
4.7614
4.7873
4.8869
5.0721
5.3356
5.6683
6.0665
6.5464
7.1406
7.8426
8.5452
9.237
9.8661
10.421
10.907
11.311
11.637
11.877
12.027
12.106
12.162
12.204
12.214
12.235
12.244
12.245
12.151
11.945
11.648
11.272
10.724
10.096
9.4245
8.7224
7.9939
7.3022
6.6587
6.0524
5.4939
4.9798
4.5145
4.1119
3.7
3.3068
2.9506
2.6883
2.514
2.4447
2.4773
2.6127
2.8386
3.1899
3.6842
4.3084
4.9694
5.6503
6.2836
6.8668
7.4296
7.9499
8.4098
8.8007
9.1481
9.4405
9.6858
9.8948
10.067
10.204
10.298
10.393
10.433
10.358
10.179
9.8908
9.4566
8.9216
8.3376
7.7069
7.063
6.4508
5.8727
5.3173
4.8117
4.3559
3.9495
3.569
3.1942
2.8146
2.4332
2.0701
1.7877
1.5618
1.4195
1.3598
1.3867
1.5421
1.8484
2.2676
2.7448
3.2489
3.7419
4.2094
4.6323
5.0258
5.3971
5.7302
6.0236
6.2996
6.5712
6.8065
7.0114
7.2063
7.3932
7.5673
7.7307
7.7821
7.7222
7.5582
7.2407
6.7716
6.2594
5.7147
5.1391
4.6088
4.1194
3.6622
3.2388
2.8658
2.5373
2.2535
2.006
1.764
1.5342
1.3121
1.1251
0.99856
0.92362
0.90715
0.95088
1.0691
1.2963
1.6139
2.0047
2.4316
2.8277
3.1686
3.4495
3.6828
3.8683
4.0086
4.1013
4.156
4.195
4.2209
4.2297
4.2388
4.259
4.2888
4.3265
4.3838
4.3774
4.2845
4.0943
3.8063
3.4276
2.9853
2.5384
2.1043
1.7248
1.4056
1.14
0.93222
0.76977
0.65336
0.57996
0.54171
0.51214
0.47787
0.41691
0.34212
0.33858
0.38018
0.45095
0.53765
0.66184
0.86509
1.1139
1.4164
1.7334
2.0042
2.2172
2.3757
2.4906
2.5512
2.5745
2.5748
2.5554
2.4994
2.4377
2.374
2.3128
2.2487
2.1988
2.164
2.1593
2.1314
2.0363
1.8681
1.6244
1.2997
0.90415
0.49003
0.087879
-0.26046
-0.53995
-0.76493
-0.93598
-1.0575
-1.1312
-1.1681
-1.1634
-1.1314
-1.0901
-1.0663
-1.0583
-1.0353
-0.95059
-0.84631
-0.72186
-0.57777
-0.40157
-0.18276
0.050387
0.32418
0.60872
0.84896
1.0401
1.1691
1.2886
1.3734
1.4184
1.4316
1.4289
1.4001
1.3613
1.3197
1.2798
1.2634
1.2495
1.2487
1.2681
1.2675
1.2038
1.0666
0.83576
0.54917
0.21516
-0.18004
-0.59958
-0.98087
-1.3253
-1.6205
-1.8567
-2.0352
-2.1858
-2.3196
-2.4196
-2.4915
-2.5629
-2.6352
-2.71
-2.7608
-2.7766
-2.7524
-2.665
-2.5223
-2.3653
-2.1809
-1.9624
-1.7165
-1.4433
-1.1697
-0.92866
-0.72873
-0.56187
-0.41748
-0.28164
-0.1686
-0.07789
0.0082296
0.11257
0.19331
0.29597
0.40805
0.51902
0.64832
0.77396
0.9006
1.0115
1.0668
1.0602
0.99519
0.86038
0.6554
0.38881
0.07453
-0.28471
-0.62443
-0.93904
-1.2346
-1.5273
-1.8138
-2.0962
-2.3851
-2.6913
-3.0091
-3.3416
-3.6811
-3.9871
-4.2324
-4.4179
-4.5453
-4.6057
-4.592
-4.5161
-4.3864
-4.2128
-3.9988
-3.7598
-3.5081
-3.2384
-2.9749
-2.7129
-2.4466
-2.1592
-1.8597
-1.5466
-1.2196
-0.87345
-0.51971
-0.15712
0.21337
0.57749
0.9212
1.238
1.5165
1.7474
1.9097
1.9777
1.9742
1.9002
1.7486
1.5167
1.2113
0.85135
0.43688
-0.02302
-0.51155
-1.0289
-1.5733
-2.1403
-2.7001
-3.2536
-3.8049
-4.3258
-4.7989
-5.2217
-5.5771
-5.8647
-6.0695
-6.2011
-6.2518
-6.2155
-6.11
-5.9314
-5.7229
-5.457
-5.145
-4.7884
-4.3974
-3.9656
-3.5035
-3.0174
-2.5208
-2.0141
-1.5043
-1.0112
-0.53602
-0.079271
0.35657
0.75196
1.1107
1.4246
1.6909
1.9013
2.0634
2.1787
2.2279
2.1908
2.0782
1.8945
1.6347
1.3039
0.89739
0.45636
-0.048338
-0.57408
-1.1112
-1.6601
-2.2261
-2.7697
-3.3232
-3.8366
-4.3119
-4.7391
-5.1075
-5.4087
-5.636
-5.7912
-5.8616
-5.8581
-5.7774
-5.6238
-5.4379
-5.1978
-4.9361
-4.6237
-4.2849
-3.9239
-3.5538
-3.1652
-2.7683
-2.3691
-1.9803
-1.5833
-1.2038
-0.82908
-0.4744
-0.12326
0.19604
0.48378
0.73436
0.95821
1.1498
1.3187
1.4579
1.5522
1.5743
1.5261
1.4177
1.2435
1.0108
0.7269
0.39355
0.028021
-0.35904
-0.75027
-1.1605
-1.5823
-2.0072
-2.4327
-2.8455
-3.2156
-3.5456
-3.8382
-4.0798
-4.2584
-4.3683
-4.4314
-4.4421
-4.3971
-4.3322
-4.2527
-4.1571
-4.0458
-3.8994
-3.7545
-3.5909
-3.4044
-3.197
-2.9895
-2.7624
-2.5277
-2.2848
-2.0485
-1.7979
-1.5663
-1.3287
-1.0955
-0.84534
-0.6048
-0.3508
-0.11078
0.12616
0.34822
0.55768
0.70333
0.78675
0.82773
0.81663
0.74758
0.62819
0.46358
0.26058
0.031092
-0.22116
-0.49522
-0.79732
-1.1162
-1.4403
-1.7618
-2.0771
-2.3827
-2.6526
-2.8933
-3.1046
-3.2774
-3.4085
-3.4947
-3.549
-3.5831
-3.6037
-3.6019
-3.5913
-3.5609
-3.5192
-3.4465
-3.3692
-3.2522
-3.1211
-2.9776
-2.8301
-2.6561
-2.4718
-2.2779
-2.0602
-1.8384
-1.604
-1.3494
-1.0886
-0.82661
-0.57894
-0.33687
-0.11147
0.076421
0.21698
0.32113
0.37536
0.38628
0.35371
0.28052
0.16075
-5.0746e-006
-0.19411
-0.40936
-0.64977
-0.90317
-1.1594
-1.43
-1.6948
-1.9381
-2.1558
-2.3568
-2.5299
-2.6658
-2.7611
-2.8187
-2.8391
-2.8142
-2.781
-2.7516
-2.7036
-2.654
-2.602
-2.5317
-2.4594
-2.3761
-2.2824
-2.179
-2.0663
-1.9472
-1.8162
-1.6886
-1.5677
-1.4514
-1.3337
-1.2229
-1.1173
-1.0221
-0.93592
-0.86277
-0.8122
-0.78199
-0.77162
-0.79495
-0.85887
-0.94919
-1.0604
-1.1786
-1.3104
-1.4516
-1.6042
-1.7496
-1.8953
-2.0217
-2.129
-2.2224
-2.3059
-2.3674
-2.3958
-2.3862
-2.354
-2.2928
-2.2068
-2.1107
-1.9953
-1.8537
-1.692
-1.5351
-1.385
-1.2441
-1.1147
-0.988
-0.88344
-0.7965
-0.72868
-0.6697
-0.63361
-0.6164
-0.63287
-0.68069
-0.76262
-0.87431
-1.0166
-1.1709
-1.3346
-1.5111
-1.6884
-1.8785
-2.0715
-2.2597
-2.4383
-2.6024
-2.7559
-2.8901
-2.9934
-3.0706
-3.1085
-3.1066
-3.0742
-3.0014
-2.8921
-2.7522
-2.5837
-2.3939
-2.1931
-1.9818
-1.7664
-1.5378
-1.303
-1.073
-0.84565
-0.62381
-0.43026
-0.26352
-0.12546
-0.021378
0.039959
0.064423
0.054036
0.013453
-0.06674
-0.1825
-0.3257
-0.49573
-0.69938
-0.93212
-1.171
-1.4035
-1.6373
-1.8683
-2.0879
-2.2894
-2.4752
-2.6412
-2.7795
-2.898
-2.9884
-3.0349
-3.0482
-3.0226
-2.9673
-2.8967
-2.799
-2.6706
-2.5369
-2.3919
-2.218
-2.0303
-1.8328
-1.6315
-1.4196
-1.2038
-0.98376
-0.76637
-0.56337
-0.36901
-0.18321
-0.039909
0.059017
0.11853
0.14119
0.12633
0.064912
-0.033163
-0.1602
-0.31518
-0.49863
-0.70161
-0.92066
-1.166
-1.424
-1.6787
-1.9113
-2.1363
-2.3456
-2.531
-2.6851
-2.8085
-2.9012
-2.9577
-2.9702
-2.946
-2.8929
-2.8019
-2.6835
-2.5542
-2.4015
-2.2625
-2.1031
-1.9242
-1.7449
-1.5658
-1.3845
-1.206
-1.0392
-0.87112
-0.72414
-0.57351
-0.43794
-0.30149
-0.18653
-0.069238
0.022018
0.092353
0.11787
0.10264
0.051692
-0.023813
-0.12425
-0.23927
-0.38342
-0.55963
-0.76032
-0.96692
-1.1741
-1.3899
-1.6174
-1.8372
-2.04
-2.2305
-2.3952
-2.5382
-2.6523
-2.7395
-2.7962
-2.7997
-2.762
-2.696
-2.6027
-2.4927
-2.3624
-2.2156
-2.0538
-1.8773
-1.6908
-1.5197
-1.3436
-1.1673
-0.99528
-0.85378
-0.70416
-0.57883
-0.46277
-0.34302
-0.24006
-0.16218
-0.1035
-0.081316
-0.091216
-0.12628
-0.18547
-0.263
-0.35153
-0.45108
-0.55768
-0.6665
-0.7812
-0.90815
-1.0501
-1.1914
-1.3247
-1.4488
-1.5592
-1.6478
-1.7167
-1.7693
-1.8087
-1.8253
-1.8282
-1.8269
-1.8117
-1.7728
-1.7258
-1.6759
-1.622
-1.5649
-1.5102
-1.4589
-1.4044
-1.3505
-1.2971
-1.2458
-1.2028
-1.1716
-1.159
-1.1595
-1.1723
-1.1962
-1.2194
-1.2461
-1.2803
-1.3144
-1.3532
-1.3993
-1.4492
-1.4891
-1.514
-1.5325
-1.5493
-1.5496
-1.5345
-1.5071
-1.4715
-1.4312
-1.3864
-1.3212
-1.2475
-1.1623
-1.0669
-0.96032
-0.8696
-0.778
-0.68118
-0.5929
-0.50237
-0.40945
-0.32684
-0.2541
-0.21204
-0.19818
-0.20228
-0.22925
-0.26947
-0.32472
-0.39311
-0.47471
-0.57735
-0.69447
-0.8332
-0.995
-1.1761
-1.3622
-1.5472
-1.7199
-1.8798
-2.0208
-2.1509
-2.2662
-2.3708
-2.4539
-2.5096
-2.5372
-2.5424
-2.5156
-2.4573
-2.3818
-2.2909
-2.1842
-2.0625
-1.9201
-1.7664
-1.6064
-1.4331
-1.2727
-1.088
-0.90985
-0.7427
-0.58399
-0.42036
-0.28047
-0.14065
-0.015263
0.091847
0.18545
0.26279
0.31088
0.33841
0.34743
0.33143
0.30082
0.24464
0.17481
0.087179
-0.024125
-0.14924
-0.28758
-0.44187
-0.59595
-0.74739
-0.89607
-1.0512
-1.198
-1.3312
-1.4584
-1.5806
-1.7035
-1.8182
-1.9147
-1.9975
-2.059
-2.096
-2.1233
-2.1335
-2.1323
-2.1166
-2.084
-2.0516
-2.0097
-1.9547
-1.8855
-1.8021
-1.7153
-1.6318
-1.5484
-1.4556
-1.3705
-1.29
-1.2032
-1.1111
-1.0194
-0.927
-0.84359
-0.76097
-0.68212
-0.61305
-0.54892
-0.48896
-0.42601
-0.35845
-0.3083
-0.25985
-0.22235
-0.18898
-0.15619
-0.1276
-0.10139
-0.084839
-0.076339
-0.062038
-0.05824
-0.064387
-0.086708
-0.13042
-0.18645
-0.25327
-0.31978
-0.38739
-0.46556
-0.55639
-0.65917
-0.77623
-0.89841
-1.0272
-1.1615
-1.2981
-1.4464
-1.5814
-1.7111
-1.8348
-1.9468
-2.0418
-2.1186
-2.1872
-2.2375
-2.2673
-2.2762
-2.2677
-2.247
-2.2048
-2.1392
-2.0587
-1.9559
-1.8365
-1.6996
-1.5527
-1.3997
-1.2349
-1.0656
-0.88586
-0.70146
-0.53373
-0.36195
-0.19846
-0.044306
0.099905
0.22024
0.33127
0.4211
0.48988
0.55153
0.60313
0.63456
0.64944
0.63845
0.597
0.53243
0.4583
0.36061
0.24966
0.12915
-0.0058348
-0.13671
-0.27288
-0.40849
-0.55014
-0.70631
-0.86145
-1.0126
-1.1592
-1.2988
-1.4269
-1.5444
-1.6406
-1.7315
-1.8109
-1.8798
-1.932
-1.9607
-1.9839
-1.9964
-1.9895
-1.9621
-1.9214
-1.8727
-1.8138
-1.7485
-1.6768
-1.596
-1.5068
-1.4071
-1.3065
-1.202
-1.0942
-0.98675
-0.87643
-0.77271
-0.6714
-0.56867
-0.47235
-0.37862
-0.28609
-0.19695
-0.11113
-0.035696
0.030899
0.088503
0.14622
0.20592
0.2616
0.31055
0.3563
0.39104
0.42048
0.43373
0.43854
0.41712
0.37996
0.33893
0.28625
0.22834
0.166
0.083244
-0.0014857
-0.10354
-0.21967
-0.34388
-0.48762
-0.63271
-0.78156
-0.93374
-1.083
-1.236
-1.3807
-1.5161
-1.6448
-1.7623
-1.8697
-1.956
-2.0225
-2.0802
-2.1173
-2.1324
-2.1247
-2.1
-2.0498
-1.9767
-1.8884
-1.7821
-1.6519
-1.5003
-1.3359
-1.1589
-0.96469
-0.77307
-0.58542
-0.39499
-0.21407
-0.027384
0.14712
0.31048
0.46246
0.60054
0.73881
0.85905
0.95497
1.0306
1.0822
1.1116
1.1144
1.0945
1.0512
0.98089
0.89926
0.8064
0.70825
0.5916
0.45882
0.3161
0.15572
-0.006107
-0.17704
-0.35092
-0.51967
-0.68963
-0.85471
-1.0068
-1.144
-1.2674
-1.388
-1.4961
-1.5876
-1.6556
-1.7054
-1.7446
-1.7629
-1.7596
-1.7471
-1.7245
-1.685
-1.6368
-1.5712
-1.4992
-1.4117
-1.3198
-1.2234
-1.1177
-1.0102
-0.89768
-0.78291
-0.67057
-0.55926
-0.4485
-0.33668
-0.23265
-0.13083
-0.041602
0.038579
0.11975
0.19609
0.26765
0.33281
0.39742
0.46252
0.52364
0.57726
0.61875
0.6536
0.68243
0.69315
0.68451
0.67049
0.65325
0.6344
0.60639
0.57616
0.53124
0.47583
0.40862
0.3278
0.23243
0.12184
0.010156
-0.10761
-0.22617
-0.34776
-0.48172
-0.61267
-0.73452
-0.85138
-0.96988
-1.0921
-1.2023
-1.2975
-1.3866
-1.4645
-1.5351
-1.5867
-1.6234
-1.6519
-1.6602
-1.6478
-1.6114
-1.5523
-1.4789
-1.39
-1.289
-1.17
-1.0319
-0.8875
-0.7434
-0.59465
-0.43677
-0.27333
-0.10607
0.062243
0.22615
0.39382
0.54974
0.69479
0.82256
0.93717
1.0395
1.1265
1.1918
1.2385
1.2643
1.283
1.2842
1.2689
1.2351
1.1729
1.0992
1.0098
0.90283
0.7818
0.63956
0.48867
0.33032
0.16942
0.0074265
-0.15466
-0.3107
-0.45699
-0.60324
-0.74089
-0.86725
-0.98223
-1.0904
-1.1831
-1.2609
-1.3234
-1.37
-1.4001
-1.4137
-1.4149
-1.4005
-1.3764
-1.3371
-1.2884
-1.2292
-1.1585
-1.0727
-0.97736
-0.87179
-0.76676
-0.66307
-0.55935
-0.45731
-0.34704
-0.23576
-0.12333
-0.015088
0.08366
0.1833
0.28227
0.38348
0.4776
0.559
0.64312
0.7205
0.78349
0.83192
0.87035
0.90395
0.92375
0.93622
0.94251
0.94651
0.94839
0.93383
0.90954
0.8648
0.80547
0.72986
0.65036
0.56835
0.47776
0.3814
0.28112
0.17963
0.082619
-0.02715
-0.14025
-0.24961
-0.36075
-0.47159
-0.58169
-0.67632
-0.76177
-0.84678
-0.93648
-1.0219
-1.0912
-1.1387
-1.1735
-1.2017
-1.216
-1.2142
-1.1949
-1.162
-1.115
-1.0617
-1.0024
-0.92464
-0.83451
-0.74332
-0.64319
-0.53097
-0.40374
-0.26343
-0.11918
0.027808
0.1687
0.30401
0.43257
0.54764
0.66087
0.76716
0.86832
0.96644
1.0555
1.1305
1.1936
1.2373
1.2717
1.2829
1.2714
1.2344
1.1898
1.1423
1.0738
0.98874
0.89267
0.7861
0.67384
0.55699
0.4403
0.32363
0.20543
0.080611
-0.046938
-0.16394
-0.27619
-0.38248
-0.48439
-0.57955
-0.66145
-0.7346
-0.79881
-0.85035
-0.88794
-0.92991
-0.96039
-0.97898
-0.98386
-0.97288
-0.95667
-0.9353
-0.9035
-0.86296
-0.81364
-0.76043
-0.70081
-0.62906
-0.55633
-0.48143
-0.39772
-0.30898
-0.20821
-0.10574
0.0075293
0.12057
0.22569
0.32403
0.41744
0.5113
0.60336
0.68407
0.76294
0.83736
0.91231
0.98286
1.0371
1.0795
1.1091
1.1264
1.1232
1.1102
1.0856
1.0586
1.0198
0.97221
0.91965
0.85394
0.77952
0.70032
0.62319
0.53673
0.43787
0.33709
0.23446
0.13506
0.031458
-0.078605
-0.18425
-0.28275
-0.3723
-0.46016
-0.5488
-0.62505
-0.69127
-0.73471
-0.77537
-0.81281
-0.84151
-0.86735
-0.86942
-0.86472
-0.85087
-0.82316
-0.78411
-0.73015
-0.66277
-0.5871
-0.4979
-0.39756
-0.29585
-0.20187
-0.10124
0.0014913
0.11237
0.23125
0.35013
0.46571
0.5705
0.68082
0.78082
0.8749
0.95926
1.0269
1.081
1.1184
1.1483
1.1598
1.1587
1.1474
1.1265
1.0977
1.055
1.0014
0.94159
0.87423
0.80434
0.72536
0.63803
0.5525
0.46574
0.38058
0.29147
0.2003
0.11979
0.0367
-0.048802
-0.13141
-0.20794
-0.2827
-0.35057
-0.40454
-0.45241
-0.49706
-0.53827
-0.58056
-0.61531
-0.63815
-0.65123
-0.66465
-0.67135
-0.66553
-0.65548
-0.64542
-0.62308
-0.58242
-0.53817
-0.48994
-0.43313
-0.37282
-0.29733
-0.22181
-0.14765
-0.07851
-0.012698
0.060763
0.14075
0.23215
0.32643
0.42541
0.51642
0.59347
0.66959
0.73179
0.78346
0.82209
0.85841
0.89279
0.91479
0.93772
0.95305
0.95879
0.95971
0.94686
0.92145
0.88602
0.84831
0.80536
0.75751
0.7056
0.64324
0.56596
0.48555
0.40144
0.31816
0.23174
0.14637
0.067607
-0.011502
-0.089229
-0.16621
-0.25233
-0.33424
-0.40876
-0.47735
-0.5445
-0.60978
-0.65702
-0.68683
-0.70039
-0.70442
-0.70901
-0.69739
-0.6811
-0.66383
-0.63641
-0.608
-0.56793
-0.50893
-0.44253
-0.35846
-0.27623
-0.17953
-0.07885
0.021265
0.11458
0.19821
0.28604
0.37054
0.45072
0.52801
0.59725
0.66014
0.71482
0.75973
0.79393
0.81477
0.8312
0.84046
0.84454
0.84121
0.82678
0.80105
0.76581
0.73318
0.69429
0.64236
0.58361
0.53233
0.47798
0.42239
0.36104
0.29559
0.23262
0.16588
0.10227
0.033228
-0.027725
-0.087014
-0.14296
-0.19878
-0.26201
-0.31897
-0.37679
-0.42553
-0.46178
-0.50067
-0.53541
-0.56451
-0.57774
-0.57408
-0.57177
-0.56406
-0.55928
-0.54687
-0.52546
-0.50628
-0.48388
-0.45953
-0.42088
-0.36745
-0.3135
-0.25331
-0.19072
-0.1146
-0.051407
0.0063505
0.061165
0.11614
0.16976
0.22386
0.28414
0.34231
0.39852
0.45213
0.50417
0.54778
0.58841
0.6231
0.64582
0.67097
0.69015
0.7
0.70061
0.69214
0.67489
0.64907
0.62416
0.59218
0.55987
0.51956
0.47107
0.42292
0.36723
0.3051
0.23367
0.15717
0.078868
-0.00051161
-0.0751
-0.15405
-0.22663
-0.28378
-0.33299
-0.37859
-0.42893
-0.48041
-0.51827
-0.55611
-0.58212
-0.60668
-0.62351
-0.62725
-0.61336
-0.58569
-0.56023
-0.52614
-0.48578
-0.4385
-0.39068
-0.34838
-0.3063
-0.259
-0.20453
-0.14681
-0.092297
-0.04407
0.0068296
0.056686
0.10694
0.15122
0.19109
0.23556
0.27698
0.31429
0.34189
0.36503
0.38377
0.39729
0.41183
0.41542
0.40832
0.40407
0.39642
0.38893
0.37286
0.34482
0.31398
0.28392
0.26307
0.23379
0.19915
0.1601
0.11853
0.08422
0.044445
-0.0032769
-0.055613
-0.1067
-0.14917
-0.19576
-0.23257
-0.26796
-0.30187
-0.33026
-0.35553
-0.3788
-0.40422
-0.42714
-0.44937
-0.46863
-0.48018
-0.49127
-0.49447
-0.49351
-0.48314
-0.4729
-0.46136
-0.45271
-0.43397
-0.41406
-0.39436
-0.38255
-0.36826
-0.34325
-0.31242
-0.27953
-0.2449
-0.20799
-0.16177
-0.11168
-0.059171
-0.01118
0.034143
0.081724
0.1221
0.16194
0.19752
0.23416
0.26802
0.29883
0.32841
0.34477
0.35318
0.35797
0.36316
0.36644
0.3583
0.34091
0.31121
0.27605
0.24656
0.2096
0.16554
0.11855
0.077548
0.043851
0.0073342
-0.031385
-0.079471
-0.12659
-0.17646
-0.22498
-0.2655
-0.30644
-0.33669
-0.36298
-0.37977
-0.39301
-0.40294
-0.40977
-0.40709
-0.40167
-0.39082
-0.38469
-0.3796
-0.37609
-0.36981
-0.35094
-0.33456
-0.31942
-0.3072
-0.28912
-0.26474
-0.23349
-0.20344
-0.18026
-0.1641
-0.14082
-0.11588
-0.087159
-0.06387
-0.041418
-0.021795
-0.0016646
0.019099
0.035505
0.05305
0.066075
0.077562
0.085961
0.09087
0.10059
0.10294
0.10229
0.098573
0.087855
0.07415
0.063602
0.058559
0.047375
0.029957
0.0081758
-0.019803
-0.039533
-0.039699
-0.045369
-0.058927
-0.073686
-0.08054
-0.086583
-0.092127
-0.11034
-0.14201
-0.16505
-0.17991
-0.18655
-0.18969
-0.19708
-0.2024
-0.20942
-0.21734
-0.22419
-0.23767
-0.25663
-0.27321
-0.27756
-0.28633
-0.29917
-0.30337
-0.30315
-0.29036
-0.27821
-0.2718
-0.26315
-0.24053
-0.21054
-0.18528
-0.1713
-0.15992
-0.13956
-0.10743
-0.074732
-0.048137
-0.022437
0.0051432
0.030931
0.055171
0.077862
0.096201
0.11519
0.13081
0.13641
0.13433
0.12579
0.11539
0.10574
0.095797
0.082232
0.064946
0.044834
0.03358
0.020082
0.0067892
-0.022202
-0.056429
-0.087665
-0.11351
-0.12862
-0.14383
-0.14594
-0.145
-0.13847
-0.13714
-0.14271
-0.1445
-0.14584
-0.14185
-0.13648
-0.13314
-0.13125
-0.13441
-0.13149
-0.12729
-0.12063
-0.11637
-0.11236
-0.10351
-0.093524
-0.084926
-0.080138
-0.076641
-0.070386
-0.063574
-0.057257
-0.060685
-0.060726
-0.061502
-0.057659
-0.047551
-0.050151
-0.050654
-0.061954
-0.065885
-0.062513
-0.065093
-0.065077
-0.067439
-0.07358
-0.083224
-0.09075
-0.089114
-0.088733
-0.089523
-0.092573
-0.10148
-0.10916
-0.11439
-0.11267
-0.10361
-0.093747
-0.081557
-0.070242
-0.054662
-0.040554
-0.030142
-0.027336
-0.029011
-0.029308
-0.023997
-0.01393
0.0012486
0.01365
0.023938
0.030456
0.036587
0.036944
0.029245
0.019812
0.0095926
0.0052085
-0.0042593
-0.0090413
-0.015024
-0.022955
-0.024324
-0.024275
-0.016929
-0.0095608
0.0032187
0.01095
0.015644
