-0.002
-0.0049419
-0.0055894
-0.0084765
-0.013512
-0.015498
-0.017943
-0.02402
-0.027041
-0.028813
-0.034309
-0.036997
-0.038415
-0.041497
-0.043761
-0.044121
-0.044099
-0.045525
-0.043951
-0.042918
-0.040992
-0.037283
-0.035706
-0.0305
-0.024595
-0.023001
-0.016725
-0.01058
-0.0080841
-0.0044784
0.0005867
0.0016383
0.0034083
0.0078973
0.0071673
0.0076232
0.0091345
0.0068538
0.0056479
0.0043311
0.00086086
-0.00066462
-0.0038731
-0.0094457
-0.01152
-0.014517
-0.020551
-0.02348
-0.025724
-0.031569
-0.034101
-0.035487
-0.038863
-0.039553
-0.039174
-0.039176
-0.039594
-0.038373
-0.037495
-0.035504
-0.032172
-0.030425
-0.025003
-0.019485
-0.017552
-0.011173
-0.0063348
-0.0042479
0.00021983
0.0040897
0.0052959
0.0075139
0.011816
0.011009
0.011051
0.012391
0.011304
0.0098358
0.0083033
0.0049466
0.0038744
0.00088699
-0.0049756
-0.0071723
-0.010091
-0.016755
-0.019685
-0.022103
-0.028338
-0.030157
-0.031875
-0.035931
-0.035637
-0.035564
-0.035337
-0.035058
-0.034139
-0.032433
-0.030904
-0.027154
-0.025412
-0.020425
-0.015407
-0.013592
-0.0076832
-0.0033921
-0.001917
0.0025369
0.0055598
0.0068449
0.0089662
0.012174
0.011498
0.011514
0.012964
0.011861
0.009981
0.0090096
0.0056571
0.004687
0.0020637
-0.0029177
-0.0045926
-0.0083366
-0.015218
-0.017817
-0.020693
-0.02688
-0.028864
-0.030753
-0.034919
-0.034831
-0.035055
-0.035085
-0.033979
-0.033342
-0.030106
-0.028608
-0.025471
-0.022256
-0.017532
-0.013481
-0.011198
-0.0051934
-0.0017183
3.7372e-005
0.0051735
0.0070732
0.0080548
0.010693
0.012514
0.012774
0.012483
0.014044
0.013248
0.011347
0.010008
0.0079497
0.00637
0.0031426
-0.00062799
-0.0019566
-0.0057958
-0.011409
-0.013572
-0.017318
-0.023266
-0.025008
-0.02686
-0.031112
-0.03124
-0.031473
-0.03213
-0.030455
-0.030162
-0.026239
-0.0238
-0.022078
-0.017926
-0.012895
-0.0097697
-0.0067663
-0.0011076
0.0017085
0.0034022
0.0080204
0.0090052
0.0098307
0.012707
0.012388
0.012885
0.011923
0.012286
0.010909
0.0086148
0.00635
0.0049899
0.0030311
-0.00089395
-0.0043593
-0.0063096
-0.010779
-0.015802
-0.018544
-0.023427
-0.029033
-0.031414
-0.034314
-0.038589
-0.039096
-0.039996
-0.04132
-0.039946
-0.040211
-0.037228
-0.033675
-0.033146
-0.027733
-0.022734
-0.019826
-0.016036
-0.01006
-0.0078341
-0.0053872
-0.00031867
-0.00016423
0.0011054
0.0043385
0.00288
0.0031926
0.0024751
0.0015733
0.00075585
-0.0024837
-0.0052813
-0.0068424
-0.0098448
-0.01437
-0.017279
-0.019892
-0.026009
-0.030772
-0.033466
-0.038936
-0.043786
-0.04628
-0.049801
-0.054149
-0.055503
-0.057129
-0.059647
-0.059044
-0.05996
-0.058291
-0.055069
-0.055001
-0.049805
-0.044893
-0.04276
-0.038104
-0.031594
-0.028535
-0.025259
-0.018805
-0.016783
-0.01325
-0.0080065
-0.0074219
-0.0049044
-0.0021126
-0.0019196
-0.00041888
-0.00062733
-0.0010769
0.0004254
0.00010105
-0.0033739
-0.0031897
-0.0029888
-0.0063481
-0.0077149
-0.0074374
-0.010151
-0.011611
-0.011662
-0.013082
-0.014769
-0.014939
-0.014988
-0.016137
-0.014137
-0.013413
-0.011346
-0.0075416
-0.0059294
-0.00034733
0.0053016
0.007029
0.012988
0.019016
0.021183
0.024301
0.029263
0.029934
0.031495
0.035032
0.033722
0.03326
0.034182
0.031355
0.029975
0.027278
0.023587
0.02167
0.01776
0.012114
0.0094878
0.0063921
-0.00030239
-0.0040808
-0.0065438
-0.012608
-0.016034
-0.017666
-0.021043
-0.023515
-0.024315
-0.024174
-0.025646
-0.024547
-0.023504
-0.021615
-0.01811
-0.016854
-0.011752
-0.0058553
-0.0044306
0.0016433
0.0071711
0.0093214
0.012798
0.0176
0.018572
0.020627
0.024932
0.024166
0.024381
0.026041
0.023854
0.022856
0.021324
0.017635
0.016798
0.013547
0.0074475
0.0051764
0.0022306
-0.0042265
-0.0069536
-0.0092145
-0.015168
-0.016732
-0.017938
-0.021821
-0.022374
-0.022376
-0.021873
-0.022378
-0.021453
-0.019861
-0.018115
-0.014933
-0.013775
-0.0090213
-0.0037479
-0.0020008
0.004119
0.0084914
0.010665
0.015026
0.01863
0.019974
0.022072
0.026281
0.025518
0.025444
0.027148
0.025687
0.02411
0.023117
0.019582
0.018467
0.015397
0.010116
0.0081983
0.0044474
-0.0022679
-0.0048908
-0.0073822
-0.013452
-0.015131
-0.016541
-0.020643
-0.020945
-0.020826
-0.020735
-0.02016
-0.019377
-0.016888
-0.015111
-0.011833
-0.0089613
-0.0044745
-0.00021354
0.0018714
0.0079171
0.011638
0.013439
0.01801
0.020533
0.021643
0.023724
0.026234
0.026286
0.026039
0.027033
0.026053
0.024197
0.022961
0.019961
0.018602
0.016404
0.01144
0.0095206
0.0057256
-0.00065316
-0.0032377
-0.0065492
-0.012219
-0.013979
-0.016587
-0.020549
-0.020625
-0.021125
-0.021213
-0.019554
-0.019288
-0.014969
-0.013572
-0.010692
-0.0070994
-0.0023084
0.0013142
0.0042775
0.01074
0.013828
0.015632
0.020943
0.021893
0.022859
0.025561
0.026694
0.027311
0.026673
0.027368
0.026427
0.024664
0.023109
0.021938
0.020081
0.016389
0.012857
0.011245
0.0073995
0.0020803
-0.00073614
-0.0046314
-0.010483
-0.012065
-0.014396
-0.018595
-0.018543
-0.018875
-0.019848
-0.018046
-0.017945
-0.01365
-0.010276
-0.0088586
-0.0035892
0.0015693
0.005069
0.0084128
0.014742
0.017614
0.019794
0.025171
0.02603
0.027202
0.030724
0.032505
0.035735
0.036044
0.039376
0.043335
0.043317
0.043864
0.049132
0.049763
0.046737
0.049262
0.050246
0.047405
0.045981
0.045991
0.04185
0.036196
0.035567
0.031626
0.026316
0.023876
0.019284
0.016386
0.012508
0.0060277
0.0069434
0.0050024
-0.0011188
0.0018873
0.0035286
0.0012957
0.0042664
0.0086537
0.0065282
0.0093925
0.013956
0.013035
0.016529
0.021169
0.020707
0.024472
0.025577
0.027627
0.032021
0.031177
0.031529
0.036352
0.036437
0.033963
0.037231
0.037263
0.03265
0.031871
0.03029
0.024867
0.020824
0.019128
0.014955
0.010832
0.0081513
0.0037314
3.6016e-006
-0.0040796
-0.0093478
-0.0089755
-0.011552
-0.015549
-0.011949
-0.011332
-0.013321
-0.0094231
-0.0056057
-0.0078374
-0.0045479
2.9521e-005
-0.0013229
0.00099471
0.0056789
0.0056729
0.0084874
0.010228
0.010455
0.014457
0.013089
0.012274
0.016598
0.015852
0.012287
0.015399
0.013892
0.0080801
0.0078873
0.0054427
-0.00045321
-0.0046588
-0.0066768
-0.011095
-0.01524
-0.017119
-0.021411
-0.024026
-0.026301
-0.02944
-0.02788
-0.028666
-0.029897
-0.024393
-0.020723
-0.020458
-0.012796
-0.0068235
-0.0050853
0.0021559
0.0096652
0.01117
0.017176
0.025333
0.028136
0.034206
0.038744
0.041362
0.046686
0.048276
0.049734
0.055982
0.055657
0.053375
0.05819
0.057501
0.052911
0.054559
0.052058
0.046344
0.044199
0.041745
0.037808
0.033443
0.031705
0.028107
0.02349
0.020043
0.016499
0.015738
0.012309
0.0096157
0.012631
0.011978
0.011511
0.016091
0.01768
0.016991
0.020099
0.02358
0.022759
0.024645
0.03006
0.030014
0.031557
0.034302
0.034812
0.036465
0.035789
0.035571
0.039198
0.037886
0.035767
0.039614
0.038124
0.033223
0.034561
0.032074
0.026646
0.025266
0.022228
0.018473
0.014168
0.011797
0.010429
0.0066806
0.0026652
0.0010363
-0.00026216
-0.0022846
-0.0036699
-0.00097426
-0.00021488
0.00044846
0.0057594
0.0070139
0.0090877
0.013071
0.01667
0.01791
0.02114
0.026833
0.028761
0.03036
0.033995
0.03672
0.038439
0.039041
0.040618
0.044521
0.04434
0.044432
0.047986
0.046849
0.042812
0.04454
0.042098
0.036759
0.036231
0.032974
0.029267
0.026573
0.022653
0.021989
0.017909
0.013563
0.013801
0.01184
0.0087416
0.0099603
0.012325
0.011482
0.013991
0.018479
0.018839
0.021925
0.026489
0.028955
0.03099
0.034429
0.039239
0.042303
0.043611
0.047743
0.051329
0.052258
0.053376
0.057348
0.060482
0.060419
0.062098
0.064897
0.0638
0.061271
0.063169
0.060881
0.056562
0.057429
0.055095
0.051568
0.049969
0.0464
0.045884
0.04249
0.038049
0.040439
0.038595
0.033724
0.035565
0.037331
0.034505
0.035565
0.038131
0.036221
0.037389
0.039754
0.03805
0.038817
0.040342
0.040672
0.041723
0.039692
0.040193
0.042786
0.04039
0.038339
0.040617
0.039754
0.035993
0.035499
0.035864
0.031671
0.02754
0.027017
0.022762
0.017409
0.016552
0.012834
0.0083456
0.0064132
0.0021633
-0.00054201
-0.0044473
-0.0097502
-0.008072
-0.0097807
-0.014889
-0.011136
-0.0083689
-0.01042
-0.0066409
-0.0016264
-0.0023193
0.0012279
0.0069181
0.0066041
0.010529
0.015544
0.017345
0.021848
0.023803
0.027062
0.032264
0.032251
0.033207
0.038615
0.040188
0.038791
0.042331
0.044114
0.041146
0.04027
0.040946
0.037262
0.032798
0.032352
0.028548
0.023995
0.021927
0.017715
0.015294
0.012056
0.0064799
0.0082361
0.0070199
0.0019225
0.0061394
0.0086445
0.006902
0.011213
0.016101
0.014459
0.018079
0.023144
0.022069
0.025905
0.03083
0.031038
0.035602
0.037411
0.038658
0.043871
0.043164
0.043156
0.047909
0.048251
0.045779
0.049055
0.048309
0.043361
0.043322
0.041746
0.036602
0.03263
0.031138
0.026989
0.02262
0.020157
0.016261
0.013469
0.010086
0.0054717
0.0054819
0.0027083
-0.00054076
0.0026974
0.0039082
0.0018117
0.0062711
0.010435
0.0082828
0.012292
0.016927
0.01546
0.018648
0.023955
0.023644
0.027068
0.029532
0.029816
0.033952
0.033593
0.033779
0.039143
0.038098
0.035008
0.038779
0.037815
0.032722
0.033497
0.031227
0.025102
0.021953
0.019218
0.014629
0.010288
0.0079738
0.0043134
-0.00021025
-0.0038677
-0.0076552
-0.0087163
-0.01222
-0.014803
-0.012159
-0.011556
-0.013357
-0.0088761
-0.0063341
-0.0077729
-0.0046272
-0.00098889
-0.0019421
0.00021918
0.0050812
0.0050481
0.0072324
0.0091201
0.0084374
0.011297
0.010903
0.010436
0.01492
0.014192
0.011978
0.015997
0.015657
0.012872
0.015187
0.014533
0.010394
0.010292
0.0092145
0.007496
0.0048714
0.0054636
0.0051922
0.0039005
0.0028157
0.0030589
0.0045098
0.0039083
0.0053
0.010149
0.012884
0.015511
0.022742
0.025946
0.028068
0.032816
0.037498
0.038159
0.041634
0.047331
0.048746
0.049964
0.053607
0.055889
0.057624
0.057874
0.058483
0.062456
0.062371
0.061264
0.064836
0.062126
0.057606
0.058832
0.055158
0.048767
0.046955
0.042824
0.037961
0.03289
0.02901
0.027152
0.021768
0.016714
0.015226
0.012533
0.0092316
0.00848
0.010358
0.0088837
0.0094772
0.013454
0.013244
0.014154
0.017969
0.019494
0.019474
0.022343
0.026589
0.02812
0.028889
0.032585
0.036667
0.037489
0.037665
0.039721
0.042788
0.041907
0.042342
0.046251
0.044943
0.0408
0.042543
0.039236
0.03394
0.033267
0.03
0.026402
0.024054
0.0194
0.019055
0.014894
0.010068
0.011308
0.0098022
0.0057665
0.0081334
0.01124
0.010118
0.012756
0.017444
0.017322
0.021134
0.025743
0.027585
0.030076
0.034638
0.037315
0.040865
0.04164
0.044129
0.047884
0.047631
0.047372
0.052596
0.053759
0.051254
0.053568
0.054624
0.050576
0.049129
0.049688
0.043596
0.041318
0.040619
0.034598
0.032725
0.029037
0.024438
0.023788
0.017324
0.014445
0.015077
0.011824
0.010302
0.011782
0.013609
0.015044
0.018922
0.022189
0.023023
0.027809
0.030945
0.032368
0.038231
0.041096
0.046324
0.050837
0.051252
0.05478
0.058475
0.057972
0.061396
0.065014
0.066052
0.065815
0.066942
0.066965
0.063163
0.063773
0.060788
0.058926
0.057337
0.054145
0.050999
0.046782
0.043284
0.037373
0.036457
0.030274
0.025892
0.025052
0.019675
0.015182
0.015012
0.011688
0.0079238
0.0089994
0.0060937
0.0039533
0.0020878
0.0027591
-0.002429
-0.0011214
-0.0023321
-0.0037441
-0.0041167
-0.0027078
-0.0059657
-0.00048008
-0.0028136
-0.0032184
0.00017777
0.0016714
-2.4124e-005
0.003137
0.0031746
0.0021226
0.0023758
-0.0013857
-0.0008056
-0.0028765
-0.0019121
-0.008215
-0.011548
-0.013964
-0.018554
-0.016425
-0.023176
-0.027398
-0.029594
-0.037462
-0.037705
-0.043185
-0.041859
-0.040379
-0.04084
-0.03595
-0.035487
-0.029746
-0.025238
-0.024534
-0.020679
-0.014745
-0.014045
-0.0063711
-0.0047645
-0.0025741
0.004471
0.0043332
0.00094463
0.0084311
0.010065
0.0068892
0.014949
0.016045
0.013485
0.014332
0.018766
0.017386
0.011633
0.016688
0.016793
0.011881
0.012198
0.010744
0.007766
0.0024999
-0.00087923
0.0024698
-0.0019363
-0.0041162
-0.0028035
-0.0025673
-0.00074683
-0.00060812
3.3101e-005
0.0020893
0.0065366
0.0046622
0.0031864
0.0034465
0.0075765
0.00926
0.0080299
0.0040499
0.0066992
0.0099653
0.011057
0.015404
0.020872
0.019969
0.021475
0.031995
0.035604
0.033963
0.034758
0.030113
0.029329
0.031525
0.030361
0.029046
0.027536
0.026934
0.023843
0.022795
0.019427
0.020256
0.021933
0.020895
0.020073
0.021073
0.015883
0.011819
0.011613
0.0074008
0.0063311
0.0091244
0.011162
0.013229
0.016723
0.020367
0.024231
0.026553
0.02717
0.026961
0.027156
0.024155
0.024257
0.027839
0.027758
0.030355
0.035107
0.035939
0.038419
0.044991
0.04638
0.048851
0.051724
0.051369
0.053052
0.051319
0.050702
0.052389
0.051455
0.049951
0.049167
0.050988
0.050331
0.051716
0.053539
0.051823
0.051679
0.052457
0.049101
0.048942
0.048535
0.05135
0.051786
0.053423
0.057273
0.061201
0.065162
0.069419
0.073697
0.075547
0.076493
0.080892
0.085518
0.088177
0.09524
0.10169
0.10491
0.1095
0.11681
0.12078
0.12415
0.12585
0.12522
0.12495
0.12149
0.11734
0.1183
0.11561
0.11184
0.11539
0.11832
0.11497
0.11622
0.1174
0.11288
0.11278
0.10883
0.10415
0.1025
0.10046
0.10004
0.099183
0.10053
0.10396
0.1059
0.10615
0.10691
0.10763
0.10534
0.10243
0.10306
0.10495
0.10651
0.11131
0.11677
0.12064
0.12469
0.1285
0.12793
0.12717
0.12527
0.12031
0.11893
0.1164
0.11313
0.11497
0.11065
0.10681
0.10383
0.097917
0.088663
0.08446
0.080728
0.075038
0.074013
0.072877
0.068895
0.068551
0.066426
0.064106
0.063887
0.063325
0.064206
0.062983
0.059734
0.058185
0.060407
0.062185
0.064748
0.070674
0.074272
0.075446
0.077582
0.078999
0.077592
0.077587
0.077861
0.077553
0.076803
0.077759
0.079223
0.079733
0.080168
0.078011
0.07708
0.071215
0.063905
0.060847
0.05574
0.052344
0.05219
0.049207
0.045817
0.045883
0.04515
0.040288
0.037345
0.031311
0.026219
0.027377
0.02706
0.02829
0.031076
0.032664
0.036013
0.040399
0.041267
0.039939
0.043827
0.043387
0.043901
0.050202
0.055584
0.059543
0.064886
0.067871
0.070847
0.071235
0.073156
0.071
0.066044
0.062207
0.059133
0.058319
0.053823
0.048963
0.047561
0.040975
0.035579
0.032488
0.025096
0.017868
0.016489
0.014
0.011045
0.010767
0.012064
0.010847
0.015865
0.01531
0.016012
0.017976
0.017364
0.02124
0.028634
0.031991
0.035884
0.045544
0.048865
0.05155
0.057376
0.056356
0.058209
0.059684
0.057453
0.058457
0.0614
0.062885
0.065392
0.065307
0.060526
0.052004
0.046589
0.040219
0.032099
0.028035
0.021675
0.019091
0.017798
0.012441
0.0095298
0.0081133
0.0053893
0.0014824
9.1547e-005
-0.002454
-0.0044834
-0.0016155
0.0019959
0.0052155
0.0080628
0.012658
0.015199
0.017993
0.018766
0.024709
0.03195
0.037858
0.043425
0.055029
0.060922
0.064518
0.068963
0.070211
0.070694
0.070053
0.068202
0.069553
0.070408
0.075189
0.072728
0.070348
0.062891
0.060561
0.058016
0.05006
0.045862
0.044582
0.038942
0.038469
0.03895
0.041877
0.040759
0.039865
0.033999
0.029854
0.030492
0.030168
0.028059
0.031262
0.036705
0.042669
0.047908
0.048032
0.053908
0.059561
0.062556
0.064403
0.071301
0.075079
0.07931
0.086167
0.089306
0.092695
0.094059
0.092354
0.090776
0.08531
0.081573
0.079663
0.075712
0.072311
0.068607
0.064821
0.056369
0.052017
0.048248
0.0403
0.038047
0.038758
0.036753
0.038186
0.039478
0.04286
0.045781
0.047752
0.04884
0.04974
0.049291
0.052469
0.057809
0.062785
0.069547
0.078132
0.084225
0.085509
0.094486
0.095187
0.096395
0.099434
0.10561
0.10687
0.11004
0.1121
0.1169
0.11664
0.11179
0.11118
0.10528
0.097808
0.091134
0.088963
0.08653
0.084536
0.080151
0.077477
0.077688
0.073392
0.070618
0.067016
0.066732
0.06662
0.068769
0.071873
0.075832
0.083258
0.081188
0.085344
0.086992
0.087881
0.090515
0.096738
0.10517
0.10906
0.11868
0.1265
0.13126
0.1356
0.13441
0.13648
0.13492
0.13181
0.13031
0.1325
0.13098
0.1308
0.12908
0.12724
0.12393
0.11619
0.11038
0.10486
0.10256
0.099167
0.099855
0.098624
0.10257
0.101
0.101
0.1034
0.10555
0.10174
0.10813
0.11152
0.11925
0.12499
0.13175
0.13473
0.13923
0.14184
0.14226
0.14412
0.14517
0.15023
0.15207
0.156
0.15818
0.16401
0.16977
0.1696
0.17137
0.16748
0.1699
0.16885
0.16994
0.17363
0.17146
0.17881
0.16998
0.1653
0.16168
0.15295
0.14556
0.14148
0.13785
0.13525
0.1366
0.13542
0.13853
0.13191
0.13379
0.13273
0.12979
0.13015
0.13758
0.13961
0.14088
0.15026
0.15039
0.15599
0.15642
0.15943
0.15364
0.15362
0.15539
0.15284
0.15386
0.15664
0.15457
0.14929
0.15084
0.14646
0.14334
0.13651
0.13797
0.13492
0.13168
0.12987
0.12645
0.12406
0.11689
0.11194
0.10375
0.10153
0.098596
0.10107
0.098878
0.10054
0.10757
0.1132
0.11091
0.11049
0.10756
0.10118
0.10032
0.10572
0.10657
0.10344
0.10234
0.10796
0.11351
0.11478
0.11571
0.11187
0.10945
0.10663
0.10737
0.10698
0.10875
0.10719
0.10111
0.096928
0.089033
0.081188
0.074692
0.073269
0.073625
0.076703
0.07776
0.081981
0.081847
0.073925
0.072831
0.066307
0.059507
0.057492
0.056461
0.055945
0.058391
0.062181
0.066722
0.070939
0.071415
0.071737
0.072516
0.068385
0.068488
0.069331
0.069064
0.070272
0.068993
0.067701
0.062268
0.060896
0.055456
0.050329
0.044822
0.043093
0.039147
0.038213
0.034818
0.025907
0.021015
0.011739
0.0029244
-0.0056021
-0.0070548
-0.010774
-0.0086376
-0.008048
-0.0070894
-0.010146
-0.012048
-0.012631
-0.014229
-0.017332
-0.021136
-0.019946
-0.02085
-0.014587
-0.010823
-0.0065701
-0.0058579
-0.0037273
-0.0082633
-0.009815
-0.013741
-0.013526
-0.012366
-0.012861
-0.010673
-0.0084447
-0.0070544
-0.0088782
-0.0091307
-0.010698
-0.012121
-0.018187
-0.017784
-0.020623
-0.023868
-0.025533
-0.02919
-0.030756
-0.032337
-0.033226
-0.03087
-0.028874
-0.024767
-0.019449
-0.0178
-0.012583
-0.015309
-0.015221
-0.015523
-0.016397
-0.01631
-0.012259
-0.0048624
0.00064903
0.0089818
0.013904
0.017494
0.013917
0.013842
0.0066438
0.0023944
-0.0026741
-0.00012226
0.0020555
0.0077253
0.013948
0.014799
0.013863
0.010935
0.0064713
0.00053738
-0.0028601
-0.00291
0.0014532
0.0028704
0.0072629
0.011164
0.014757
0.012323
0.011473
0.0095911
0.012216
0.013534
0.018988
0.025288
0.031448
0.03709
0.041711
0.047988
0.050966
0.051854
0.052134
0.055253
0.056122
0.05814
0.061244
0.066479
0.067423
0.068197
0.071869
0.072368
0.072284
0.075181
0.078549
0.076614
0.081902
0.082298
0.082519
0.07997
0.082079
0.081266
0.081036
0.078765
0.07893
0.080487
0.082997
0.086804
0.08867
0.090391
0.088239
0.093727
0.097242
0.10118
0.10284
0.10713
0.11044
0.11604
0.12011
0.12139
0.12221
0.1252
0.12704
0.13047
0.1351
0.14019
0.14142
0.14347
0.14268
0.14015
0.14217
0.13855
0.13671
0.13459
0.13807
0.14269
0.14815
0.15211
0.15438
0.15409
0.15175
0.15259
0.15144
0.14962
0.15168
0.15847
0.16319
0.16891
0.17221
0.17504
0.17488
0.17596
0.17413
0.16797
0.16608
0.16825
0.17297
0.1767
0.17993
0.18005
0.18069
0.1747
0.17096
0.16751
0.1661
0.16488
0.16889
0.16954
0.17293
0.17601
0.17485
0.17032
0.16768
0.15977
0.15528
0.15503
0.16082
0.16441
0.16811
0.1699
0.16874
0.16996
0.16475
0.16004
0.15884
0.1603
0.15961
0.16295
0.16546
0.16916
0.17124
0.16978
0.16813
0.16493
0.15986
0.15989
0.16096
0.16338
0.16835
0.17234
0.17289
0.17075
0.1688
0.16622
0.15944
0.15405
0.15567
0.15794
0.16044
0.16396
0.16774
0.17141
0.16639
0.1634
0.15532
0.15105
0.14891
0.15601
0.15481
0.1564
0.15876
0.16017
0.15946
0.15717
0.15721
0.15631
0.15329
0.15085
0.15456
0.16225
0.16618
0.16288
0.16635
0.16607
0.16546
0.16044
0.16021
0.15953
0.1632
0.16365
0.16754
0.16573
0.16507
0.1639
0.15935
0.15265
0.1486
0.14636
0.14365
0.14451
0.14738
0.14916
0.14652
0.14821
0.14534
0.14235
0.13635
0.13838
0.13872
0.14277
0.14578
0.14762
0.15135
0.14952
0.1455
0.13907
0.1352
0.13094
0.12929
0.12444
0.12335
0.12439
0.12746
0.12634
0.12825
0.12644
0.1226
0.11617
0.11462
0.11572
0.11867
0.11777
0.11609
0.11988
0.11478
0.10854
0.10646
0.10378
0.10168
0.10029
0.10016
0.10389
0.099031
0.099227
0.10165
0.10102
0.091058
0.088327
0.08554
0.087497
0.089199
0.087146
0.090299
0.084313
0.087586
0.08173
0.077374
0.072423
0.071751
0.070412
0.06739
0.071002
0.071177
0.07228
0.070661
0.071472
0.066254
0.058727
0.054957
0.050758
0.045758
0.04535
0.044919
0.046501
0.043039
0.044441
0.046105
0.043443
0.035811
0.035764
0.033237
0.032349
0.031965
0.028471
0.032885
0.031344
0.030519
0.026699
0.026136
0.025689
0.028499
0.028174
0.032227
0.030448
0.031618
0.029988
0.030598
0.027646
0.025557
0.023415
0.021952
0.022197
0.023644
0.026675
0.02365
0.028535
0.026884
0.02597
0.024835
0.025863
0.025411
0.027918
0.029576
0.029627
0.031006
0.030352
0.029831
0.028312
0.02596
0.027377
0.029888
0.031439
0.032361
0.039009
0.044185
0.045387
0.050281
0.051408
0.050284
0.049736
0.053888
0.054052
0.05341
0.054229
0.056953
0.057343
0.058268
0.058252
0.058427
0.056331
0.0556
0.057939
0.057442
0.056545
0.047083
0.050822
0.044923
0.045787
0.046022
0.050597
0.046118
0.046401
0.049099
0.051496
0.056489
0.053222
0.058473
0.059319
0.057557
0.052621
0.055362
0.055533
0.054009
0.057031
0.059772
0.06129
0.061509
0.060926
0.062215
0.063782
0.063457
0.063561
0.067079
0.067706
0.069111
0.072332
0.071926
0.076179
0.079594
0.079147
0.073926
0.07825
0.077492
0.079157
0.078553
0.077356
0.08029
0.080753
0.08093
0.08369
0.085224
0.084128
0.087584
0.086935
0.089182
0.093257
0.095865
0.095577
0.098692
0.1009
0.09901
0.099157
0.099791
0.10148
0.1011
0.10053
0.10317
0.10372
0.10688
0.10798
0.10716
0.10715
0.11089
0.11147
0.11186
0.10978
0.10372
0.10884
0.10795
0.10857
0.11257
0.11675
0.11795
0.12392
0.124
0.12566
0.12573
0.1276
0.12656
0.12861
0.12804
0.1308
0.13206
0.13495
0.13475
0.13761
0.14209
0.14038
0.14547
0.14928
0.15373
0.15066
0.15512
0.15493
0.15749
0.1588
0.15941
0.16392
0.16349
0.16335
0.16411
0.16493
0.163
0.16767
0.16662
0.16555
0.15784
0.15751
0.15402
0.15375
0.15139
0.15509
0.15302
0.14807
0.14682
0.14337
0.1432
0.13701
0.14386
0.13957
0.13682
0.13283
0.13647
0.13315
0.13349
0.1327
0.13297
0.13229
0.12833
0.12791
0.12792
0.12669
0.12726
0.12851
0.12911
0.13229
0.13136
0.13526
0.13274
0.13612
0.13714
0.13708
0.13334
0.13424
0.13552
0.13245
0.13311
0.13002
0.13585
0.13458
0.13672
0.13956
0.14427
0.14448
0.14703
0.14826
0.14883
0.14578
0.14652
0.14359
0.14299
0.14455
0.14688
0.14662
0.14429
0.14614
0.1439
0.13901
0.13315
0.1371
0.13611
0.13576
0.13271
0.13321
0.12742
0.12609
0.12531
0.12441
0.12152
0.12168
0.11903
0.11743
0.11596
0.11334
0.11581
0.11901
0.12202
0.1199
0.1224
0.1215
0.12061
0.11905
0.11613
0.11365
0.11299
0.11128
0.10439
0.10196
0.10097
0.10164
0.099424
0.098776
0.099861
0.099144
0.094926
0.093873
0.091089
0.088167
0.083257
0.081011
0.079031
0.075427
0.076747
0.07641
0.074096
0.072659
0.072173
0.069112
0.062149
0.058162
0.055943
0.051924
0.05283
0.049304
0.046729
0.043754
0.040801
0.036947
0.036444
0.032892
0.03139
0.029725
0.026421
0.025051
0.023529
0.022068
0.022487
0.022272
0.020529
0.019089
0.018517
0.015632
0.01383
0.01339
0.013963
0.013241
0.015907
0.015393
0.013534
0.012844
0.0092594
0.0096831
0.0080093
0.0083584
0.0099981
0.012298
0.0098426
0.0087708
0.00553
0.0023355
-0.0022177
0.0018025
-0.003439
-0.0024551
-0.0055703
-0.0075828
-0.011068
-0.01402
-0.016608
-0.023973
-0.02649
-0.032599
-0.036241
-0.037471
-0.037136
-0.038374
-0.040485
-0.041752
-0.045518
-0.050233
-0.051531
-0.054513
-0.054278
-0.055403
-0.055065
-0.055556
-0.054062
-0.055521
-0.054794
-0.054137
-0.055871
-0.051062
-0.051484
-0.052446
-0.050755
-0.046059
-0.048172
-0.044234
-0.042634
-0.043097
-0.043436
-0.043051
-0.043691
-0.045503
-0.04439
-0.0413
-0.040365
-0.039644
-0.038879
-0.041273
-0.04096
-0.04464
-0.037095
-0.038686
-0.037423
-0.035705
-0.031138
-0.031213
-0.03034
-0.027805
-0.028533
-0.026127
-0.026345
-0.023889
-0.022421
-0.022136
-0.024014
-0.021501
-0.021345
-0.020204
-0.023819
-0.021528
-0.023994
-0.021865
-0.023507
-0.021616
-0.024448
-0.022759
-0.021199
-0.021233
-0.022517
-0.02511
-0.021347
-0.024261
-0.024367
-0.023934
-0.020586
-0.022045
-0.019626
-0.017328
-0.018117
-0.020479
-0.01573
-0.018829
-0.020216
-0.020135
-0.013351
-0.013963
-0.0095247
-0.0080714
-0.0089291
-0.0063548
-0.010027
-0.0048699
-0.0048165
-0.0014029
-0.0024529
0.0029873
0.0022482
0.0069365
0.0085625
0.01094
0.0098605
0.012009
0.0077026
0.0086207
0.0082583
0.011338
0.013138
0.011901
0.013811
0.010948
0.016019
0.011102
0.017725
0.017759
0.022549
0.023849
0.027288
0.027994
0.029441
0.027818
0.027623
0.030105
0.030708
0.030427
0.036313
0.038221
0.040691
0.042378
0.04301
0.044213
0.040098
0.045951
0.042352
0.044068
0.044491
0.051738
0.052024
0.055448
0.059245
0.058572
0.05975
0.057425
0.061586
0.060422
0.061727
0.065237
0.070658
0.075417
0.078672
0.080868
0.084078
0.084067
0.086437
0.083814
0.085011
0.085441
0.092836
0.091738
0.095133
0.095094
0.09119
0.095351
0.09252
0.095976
0.09629
0.10159
0.10133
0.1052
0.10457
0.10561
0.099912
0.1007
0.097096
0.098785
0.10103
0.10412
0.10364
0.10391
0.10496
0.10384
0.10239
0.094718
0.099789
0.094331
0.093521
0.094011
0.096226
0.092637
0.095772
0.095996
0.094806
0.091383
0.088875
0.089772
0.089108
0.088552
0.091969
0.093394
0.093476
0.09485
0.093271
0.093603
0.089307
0.094538
0.091128
0.091193
0.091805
0.0941
0.092594
0.091829
0.092971
0.090777
0.092809
0.090375
0.090584
0.091495
0.091646
0.094822
0.094422
0.095503
0.094043
0.089888
0.096717
0.091676
0.09594
0.095621
0.096416
0.093633
0.097984
0.098817
0.098494
0.094425
0.088958
0.090705
0.090538
0.087846
0.090765
0.09329
0.092282
0.094266
0.094873
0.091914
0.085181
0.091771
0.088154
0.088076
0.086088
0.087337
0.084873
0.087166
0.084289
0.081372
0.077688
0.074076
0.075294
0.070548
0.069951
0.072084
0.077258
0.078123
0.081232
0.079464
0.079621
0.074504
0.076633
0.07395
0.072753
0.07005
0.075161
0.074985
0.072411
0.073146
0.070596
0.070249
0.067286
0.065687
0.062093
0.059461
0.062301
0.061796
0.061794
0.058184
0.052141
0.05363
0.049118
0.044458
0.042856
0.046122
0.044324
0.044519
0.044054
0.041679
0.038825
0.038665
0.041919
0.038104
0.03798
0.040039
0.039537
0.039368
0.039855
0.036637
0.031524
0.024147
0.022822
0.020573
0.019117
0.015906
0.018029
0.015671
0.013972
0.011495
0.0094649
0.0024821
0.0032987
-0.00020713
-0.0055984
-0.0062566
-0.0054453
-0.0038921
-0.0036503
-0.0030142
-0.0067156
-0.011641
-0.015301
-0.022757
-0.025988
-0.028709
-0.029653
-0.028533
-0.027685
-0.028586
-0.032309
-0.03396
-0.036698
-0.034878
-0.03759
-0.037941
-0.038655
-0.03859
-0.03773
-0.036643
-0.037628
-0.039095
-0.044803
-0.038778
-0.049298
-0.049148
-0.050634
-0.044428
-0.045196
-0.043612
-0.04429
-0.047832
-0.049425
-0.048725
-0.048623
-0.047022
-0.04665
-0.041898
-0.038633
-0.038031
-0.038036
-0.042122
-0.042808
-0.044172
-0.042268
-0.046207
-0.042126
-0.038114
-0.029376
-0.030836
-0.026902
-0.028948
-0.032752
-0.033491
-0.037533
-0.037942
-0.032433
-0.029371
-0.026727
-0.025503
-0.02523
-0.028096
-0.036186
-0.030002
-0.031919
-0.029603
-0.028025
-0.023708
-0.023396
-0.021384
-0.020094
-0.018245
-0.022548
-0.019083
-0.021331
-0.023388
-0.027975
-0.023895
-0.021438
-0.019302
-0.012527
-0.014067
-0.020439
-0.024667
-0.02609
-0.029002
-0.030256
-0.026221
-0.02315
-0.018411
-0.017646
-0.020559
-0.025783
-0.029891
-0.031912
-0.031185
-0.032921
-0.030288
-0.022966
-0.019978
-0.018827
-0.016649
-0.015227
-0.018001
-0.017094
-0.01541
-0.016244
-0.014798
-0.012912
-0.010637
-0.0070171
-0.0073818
-0.0065605
-0.0070519
-0.0038497
-0.0044557
-0.0019155
-0.00083943
0.00094712
0.0025377
0.006645
0.0085211
0.0052343
0.0049098
0.0038438
0.0070786
0.0073239
0.0099428
0.010816
0.016942
0.022968
0.023566
0.024138
0.023046
0.020559
0.02506
0.021669
0.026624
0.030434
0.037853
0.039356
0.041738
0.039182
0.033409
0.032319
0.032981
0.033535
0.037404
0.041955
0.047097
0.046751
0.045918
0.043869
0.03677
0.038641
0.033643
0.036504
0.031426
0.036791
0.039741
0.045571
0.046235
0.048339
0.045733
0.044912
0.044041
0.042922
0.040062
0.046665
0.049695
0.057533
0.06439
0.067055
0.067113
0.0635
0.067302
0.064416
0.069022
0.072548
0.078335
0.083114
0.088753
0.090204
0.091636
0.089255
0.094322
0.095525
0.095014
0.096369
0.10346
0.10708
0.10825
0.10955
0.10773
0.10444
0.10436
0.1037
0.099364
0.096659
0.10251
0.10638
0.10512
0.1066
0.098918
0.096277
0.093037
0.08846
0.089951
0.088379
0.092784
0.096445
0.10028
0.10032
0.095896
0.092813
0.088247
0.085955
0.08598
0.084809
0.086539
0.091932
0.097408
0.096914
0.0919
0.090338
0.087162
0.087739
0.08329
0.085197
0.086643
0.088739
0.091425
0.094604
0.093666
0.086752
0.087825
0.088197
0.087692
0.086425
0.090875
0.093044
0.096322
0.10074
0.10024
0.09189
0.091424
0.086251
0.086909
0.082443
0.086307
0.087988
0.096036
0.098527
0.098554
0.09364
0.086631
0.082361
0.08025
0.076095
0.077838
0.084904
0.090885
0.092516
0.09109
0.086204
0.079286
0.079954
0.075788
0.07929
0.07588
0.082676
0.088445
0.095785
0.093034
0.094313
0.09214
0.092955
0.090056
0.090446
0.087127
0.091964
0.094253
0.099278
0.10318
0.09997
0.098421
0.094583
0.095362
0.091238
0.091222
0.09181
0.095491
0.09749
0.097432
0.088317
0.084215
0.076794
0.075793
0.076496
0.073993
0.073859
0.080333
0.083792
0.083909
0.077927
0.073391
0.069456
0.067017
0.067183
0.06779
0.068606
0.075239
0.080779
0.080139
0.075753
0.067014
0.064428
0.060541
0.058136
0.057389
0.055406
0.057366
0.059459
0.063118
0.060516
0.05113
0.04793
0.038063
0.032674
0.027619
0.027924
0.028017
0.030908
0.035927
0.033143
0.029384
0.023535
0.019807
0.018393
0.013047
0.015569
0.017167
0.023146
0.025771
0.0267
0.022547
0.012635
0.00997
0.0076866
0.0084965
0.0076344
0.01016
0.01267
0.014744
0.013659
0.01189
0.0061246
0.0065252
0.00011158
-0.00023086
-0.0064226
-0.0020768
0.0018259
0.0043361
0.0037625
0.0013938
-0.0036324
-0.009285
-0.016978
-0.019589
-0.022077
-0.021298
-0.018525
-0.014913
-0.013047
-0.020427
-0.023338
-0.02896
-0.031282
-0.034638
-0.034618
-0.037874
-0.02918
-0.022106
-0.018171
-0.02246
-0.023613
-0.026901
-0.028198
-0.030265
-0.029018
-0.027531
-0.021842
-0.018219
-0.014199
-0.016903
-0.021161
-0.022961
-0.026548
-0.026245
-0.029593
-0.023814
-0.022596
-0.018196
-0.014384
-0.010944
-0.016947
-0.016843
-0.020326
-0.021469
-0.019714
-0.015053
-0.013295
-0.0048964
-0.00092064
-6.3471e-005
-0.00090431
-0.0029603
-0.0074632
-0.01016
-0.0074007
-0.0094395
-0.003497
0.0052184
0.012472
0.012031
0.014429
0.0086849
0.0072697
0.0044364
0.0045116
0.0055493
0.010594
0.016645
0.021809
0.02418
0.024041
0.018766
0.018279
0.016728
0.014562
0.015893
0.01544
0.020171
0.025111
0.02948
0.023514
0.023833
0.021644
0.016652
0.014052
0.014183
0.015299
0.023778
0.028957
0.038681
0.035245
0.036549
0.031843
0.031221
0.034441
0.032858
0.040061
0.046256
0.051938
0.05294
0.053434
0.050492
0.046149
0.046416
0.045909
0.048188
0.052073
0.057076
0.062956
0.063984
0.06556
0.05923
0.058268
0.053462
0.050852
0.054391
0.056097
0.059927
0.063831
0.069908
0.072079
0.072855
0.072256
0.070466
0.068041
0.072939
0.075334
0.081979
0.092096
0.097612
0.10035
0.10206
0.098849
0.094214
0.091197
0.090653
0.095678
0.10368
0.11082
0.11613
0.11873
0.11951
0.11414
0.11102
0.10713
0.10388
0.10994
0.11249
0.11802
0.12387
0.12994
0.13012
0.12491
0.12712
0.12349
0.12132
0.12356
0.12365
0.13207
0.13904
0.15003
0.14888
0.15064
0.1536
0.14736
0.1459
0.14398
0.14652
0.15076
0.15351
0.15722
0.15464
0.15303
0.14951
0.14102
0.14073
0.13875
0.13979
0.14314
0.1479
0.14853
0.14576
0.1411
0.13534
0.12733
0.12567
0.12797
0.12808
0.13421
0.13761
0.1372
0.13344
0.12895
0.12373
0.11831
0.11554
0.12147
0.11832
0.12254
0.12626
0.13037
0.12859
0.12473
0.12399
0.11892
0.11528
0.11947
0.11886
0.12367
0.12691
0.13614
0.13599
0.13182
0.1341
0.12558
0.12159
0.12367
0.1261
0.12807
0.13316
0.14038
0.14132
0.13708
0.13221
0.12295
0.11771
0.11774
0.12102
0.12257
0.12738
0.13198
0.13285
0.12743
0.11984
0.11589
0.11465
0.11264
0.11576
0.11731
0.12119
0.12588
0.12787
0.12582
0.12251
0.12071
0.11754
0.11634
0.11338
0.11523
0.11752
0.11986
0.12248
0.12202
0.11747
0.11829
0.11215
0.11411
0.1084
0.11358
0.11273
0.11576
0.11565
0.11529
0.11263
0.11001
0.10739
0.10673
0.1051
0.10892
0.11193
0.11563
0.11691
0.11627
0.11285
0.10726
0.10258
0.10063
0.10045
0.10032
0.10557
0.10915
0.1093
0.10545
0.10351
0.098783
0.09441
0.091029
0.094558
0.092258
0.096228
0.099726
0.1037
0.10051
0.097349
0.093181
0.090462
0.085907
0.088374
0.08688
0.091667
0.096468
0.099896
0.096751
0.089311
0.085122
0.077611
0.07134
0.067945
0.06938
0.071626
0.074159
0.075796
0.074364
0.0679
0.065343
0.057188
0.050306
0.043285
0.046103
0.04298
0.0467
0.048135
0.048777
0.041015
0.037821
0.029586
0.021961
0.017398
0.018462
0.016559
0.02351
0.02584
0.02959
0.023057
0.015653
0.010811
0.0031044
0.00048142
-0.00249
0.0021438
0.0063341
0.0078681
0.0081809
0.0052843
-0.003594
-0.0084087
-0.017783
-0.016958
-0.021859
-0.017477
-0.018014
-0.013551
-0.015567
-0.016093
-0.02185
-0.024508
-0.02792
-0.025605
-0.03024
-0.02718
-0.023
-0.018602
-0.01622
-0.016941
-0.018389
-0.02151
-0.023489
-0.02499
-0.02096
-0.022729
-0.015378
-0.010754
-0.0045718
-0.011235
-0.011297
-0.016281
-0.021328
-0.025367
-0.020452
-0.022039
-0.014641
-0.0078083
-0.0021804
-0.0044863
-0.0039724
-0.0072213
-0.010724
-0.014219
-0.011673
-0.0070203
-0.0019893
0.004696
0.011286
0.012089
0.0044803
0.0035581
-0.0025377
-0.0049732
-0.0038773
0.0014757
0.0043261
0.0092166
0.011471
0.013389
0.0050168
0.0022267
-0.0060007
-0.0093559
-0.013889
-0.013373
-0.012613
-0.0091815
-0.0032211
0.0017893
-0.001154
-0.0034092
-0.0075572
-0.015366
-0.018585
-0.017815
-0.015013
-0.012362
-0.0044327
-0.0003781
-0.00076083
-0.0017522
-0.0055936
-0.010355
-0.0075841
-0.0091699
-0.0011784
0.0011753
0.0086022
0.010497
0.012284
0.0099217
0.010764
0.0082158
0.0082658
0.0072314
0.01118
0.014191
0.020265
0.019563
0.02029
0.01876
0.014478
0.012277
0.01245
0.015894
0.013601
0.02216
0.025277
0.030042
0.026292
0.02742
0.024785
0.02268
0.019315
0.020993
0.019975
0.030088
0.035067
0.042431
0.043282
0.044023
0.045361
0.041345
0.040204
0.042622
0.046224
0.050681
0.059477
0.065099
0.066403
0.060958
0.059929
0.053698
0.04907
0.043058
0.050375
0.053865
0.06017
0.062118
0.065803
0.066278
0.061989
0.059959
0.054046
0.049217
0.052518
0.05362
0.060904
0.071094
0.075261
0.074643
0.074455
0.079034
0.075005
0.073737
0.072016
0.078304
0.087873
0.092639
0.10013
0.097908
0.099393
0.098426
0.095776
0.098303
0.095818
0.099737
0.10504
0.10965
0.11151
0.10719
0.10093
0.094296
0.089874
0.088071
0.085358
0.088972
0.094223
0.099071
0.096982
0.091421
0.083167
0.081677
0.077585
0.075618
0.073459
0.072869
0.076812
0.083722
0.089563
0.090443
0.088261
0.087066
0.081726
0.077594
0.075725
0.074173
0.079535
0.087512
0.093015
0.091064
0.091437
0.08248
0.08119
0.076702
0.076164
0.074136
0.08045
0.084903
0.091824
0.090748
0.087697
0.084728
0.084555
0.085826
0.079948
0.079959
0.083183
0.089311
0.092363
0.097043
0.088066
0.087459
0.082887
0.079922
0.073826
0.073196
0.072525
0.079488
0.085129
0.086782
0.079715
0.075098
0.073991
0.069682
0.06646
0.062989
0.064438
0.067697
0.070085
0.073262
0.071096
0.062925
0.063033
0.05407
0.051334
0.047873
0.055374
0.058427
0.065685
0.06886
0.071363
0.06856
0.061835
0.061977
0.060672
0.06112
0.06139
0.064493
0.068762
0.069952
0.068596
0.066039
0.063114
0.063106
0.062672
0.065346
0.058793
0.060833
0.068506
0.073088
0.072635
0.069458
0.068204
0.063092
0.05869
0.056752
0.053998
0.055472
0.059766
0.062208
0.058845
0.052134
0.043223
0.040016
0.036196
0.03129
0.03109
0.031373
0.034905
0.039273
0.03942
0.034841
0.025423
0.023954
0.01869
0.013245
0.01468
0.013721
0.01898
0.025159
0.02952
0.025668
0.020331
0.012126
0.01033
0.0064526
0.0023518
-0.0032433
-0.0018494
0.0014578
0.0046808
0.0024293
-0.0017578
-0.0063232
-0.0099346
-0.016226
-0.018274
-0.02781
-0.024473
-0.021807
-0.016735
-0.020771
-0.025106
-0.027694
-0.032061
-0.034216
-0.041005
-0.04293
-0.037442
-0.032985
-0.033301
-0.037142
-0.04545
-0.049486
-0.05665
-0.058585
-0.064677
-0.063058
-0.062552
-0.059869
-0.061476
-0.062552
-0.070766
-0.079957
-0.08169
-0.084963
-0.08871
-0.087918
-0.087718
-0.085712
-0.084595
-0.083202
-0.087422
-0.094767
-0.10073
-0.10479
-0.10734
-0.11016
-0.1078
-0.10511
-0.10336
-0.10023
-0.10122
-0.10156
-0.10511
-0.10176
-0.098085
-0.10549
-0.10461
-0.097798
-0.092809
-0.090608
-0.086375
-0.087911
-0.088011
-0.087873
-0.083587
-0.08547
-0.082194
-0.07711
-0.073484
-0.068309
-0.068976
-0.074944
-0.075728
-0.078809
-0.077012
-0.07524
-0.073245
-0.072321
-0.065032
-0.060617
-0.060596
-0.067086
-0.073058
-0.072421
-0.072907
-0.070548
-0.071149
-0.068661
-0.065603
-0.060959
-0.061751
-0.065134
-0.069276
-0.067363
-0.071129
-0.071124
-0.077061
-0.072592
-0.070163
-0.061403
-0.059031
-0.058362
-0.058357
-0.061142
-0.058774
-0.063256
-0.0697
-0.068553
-0.062263
-0.058552
-0.056093
-0.058118
-0.058366
-0.061373
-0.056786
-0.059062
-0.058114
-0.056302
-0.053489
-0.046972
-0.044946
-0.047685
-0.051074
-0.050452
-0.049719
-0.052316
-0.050184
-0.046988
-0.044242
-0.042568
-0.041004
-0.041299
-0.043313
-0.046373
-0.044011
-0.043043
-0.045612
-0.047766
-0.045562
-0.043818
-0.039615
-0.038327
-0.037596
-0.042115
-0.038532
-0.035333
-0.039403
-0.039303
-0.032738
-0.026393
-0.02023
-0.020014
-0.015443
-0.015797
-0.015555
-0.01141
-0.017562
-0.018101
-0.015166
-0.0055975
-0.0035363
0.0026346
0.0022887
0.0029344
0.00203
0.0072511
0.005354
0.010382
0.013735
0.018829
0.021853
0.023268
0.020254
0.015269
0.01684
0.017678
0.022587
0.020305
0.026618
0.033109
0.038157
0.03957
0.042124
0.039431
0.034524
0.038739
0.039731
0.038072
0.043667
0.046312
0.052576
0.055187
0.056862
0.055372
0.054036
0.05321
0.054586
0.050934
0.047201
0.047356
0.054855
0.053866
0.054402
0.053807
0.052511
0.054083
0.053557
0.052433
0.049076
0.04908
0.053202
0.054536
0.052888
0.05006
0.045094
0.051866
0.049635
0.050857
0.050224
0.051855
0.053139
0.057622
0.055827
0.053312
0.049453
0.049226
0.049849
0.0445
0.038845
0.042695
0.043525
0.042472
0.043461
0.04227
0.039781
0.036761
0.042881
0.037132
0.036114
0.033778
0.034922
0.039752
0.037893
0.034715
0.032134
0.034572
0.035507
0.034799
0.036725
0.037012
0.041284
0.043437
0.043886
0.043606
0.03884
0.037204
0.040766
0.040136
0.041675
0.045254
0.047472
0.048621
0.049211
0.049373
0.045797
0.041841
0.037628
0.037079
0.034843
0.032796
0.03323
0.036536
0.036232
0.035894
0.032994
0.032272
0.026299
0.02744
0.016911
0.013659
0.014673
0.019979
0.017826
0.019922
0.017606
0.018106
0.020638
0.01767
0.018966
0.014203
0.011409
0.010869
0.013736
0.0083913
0.0087641
0.0080427
0.012177
0.011309
0.01552
0.012996
0.013888
0.015419
0.015622
0.015879
0.014782
0.014369
0.010653
0.011438
0.0076444
0.0044217
-0.0013019
-0.0031073
-0.0020404
-0.0024069
-0.0064771
-0.009534
-0.011197
-0.012139
-0.012707
-0.014365
-0.016309
-0.013281
-0.014783
-0.014973
-0.01623
-0.015349
-0.015546
-0.018743
-0.018924
-0.021168
-0.019288
-0.019409
-0.019489
-0.021567
-0.022353
-0.025174
-0.023649
-0.024478
-0.026745
-0.03072
-0.030556
-0.02725
-0.028666
-0.033679
-0.03373
-0.034096
-0.037748
-0.040561
-0.041865
-0.046066
-0.047475
-0.051788
-0.049999
-0.053458
-0.0567
-0.058285
-0.059824
-0.056757
-0.064474
-0.060875
-0.063804
-0.063363
-0.065456
-0.069497
-0.07668
-0.076714
-0.0783
-0.07439
-0.073263
-0.076443
-0.077047
-0.078826
-0.07989
-0.081954
-0.081266
-0.08544
-0.088909
-0.090855
-0.088238
-0.095185
-0.093789
-0.094877
-0.093147
-0.0981
-0.10265
-0.10802
-0.11142
-0.11268
-0.11745
-0.1126
-0.11828
-0.11656
-0.11927
-0.11913
-0.1234
-0.12416
-0.12596
-0.12431
-0.1269
-0.13005
-0.1307
-0.13219
-0.13022
-0.12614
-0.12734
-0.12693
-0.12337
-0.12264
-0.11565
-0.11985
-0.11541
-0.11643
-0.11525
-0.11614
-0.11653
-0.12011
-0.12109
-0.11612
-0.10997
-0.10703
-0.10991
-0.10602
-0.10183
-0.10242
-0.10405
-0.10122
-0.098317
-0.09784
-0.096584
-0.090563
-0.092552
-0.086145
-0.082273
-0.080267
-0.086172
-0.086814
-0.089946
-0.090965
-0.092261
-0.094012
-0.088367
-0.090937
-0.087977
-0.088985
-0.088061
-0.090694
-0.08938
-0.088947
-0.086051
-0.089028
-0.092434
-0.093327
-0.0925
-0.095123
-0.089439
-0.08905
-0.090864
-0.090348
-0.089404
-0.085991
-0.089098
-0.083685
-0.084229
-0.08498
-0.086971
-0.085664
-0.086756
-0.086119
-0.082815
-0.078107
-0.073318
-0.077597
-0.074471
-0.070132
-0.072557
-0.071009
-0.0712
-0.067018
-0.066226
-0.062944
-0.056659
-0.058871
-0.050898
-0.047019
-0.046385
-0.048803
-0.047798
-0.049342
-0.051521
-0.048344
-0.04623
-0.039383
-0.040574
-0.036006
-0.029395
-0.025001
-0.023492
-0.019015
-0.017164
-0.014728
-0.016695
-0.01626
-0.01819
-0.01459
-0.015702
-0.0098154
-0.010166
-0.0085628
-0.0081803
-0.004403
-0.0021323
-0.0073421
-0.0030796
-0.0039656
-0.0048186
-0.004908
-0.0035816
-0.0056446
6.0025e-005
0.0064784
0.012529
0.012229
0.013632
0.013717
0.017312
0.015333
0.018415
0.021421
0.025369
0.028997
0.035652
0.045089
0.04301
0.050634
0.057739
0.055892
0.05288
0.055876
0.05484
0.054981
0.057739
0.063371
0.067936
0.074002
0.077981
0.079037
0.078571
0.078463
0.080388
0.079262
0.082864
0.078265
0.080541
0.073712
0.07212
0.071953
0.077658
0.073821
0.073375
0.072586
0.073073
0.069277
0.063679
0.062791
0.060275
0.06074
0.059479
0.058838
0.05724
0.05549
0.058589
0.064355
0.058431
0.063617
0.061504
0.06198
0.057421
0.059028
0.052647
0.053944
0.054946
0.057072
0.05876
0.054437
0.05529
0.052715
0.049806
0.048953
0.050049
0.050386
0.053123
0.055966
0.062552
0.057343
0.06487
0.067551
0.068338
0.062996
0.064549
0.064092
0.06319
0.066878
0.066694
0.070942
0.067112
0.06868
0.07429
0.076179
0.073021
0.074043
0.073909
0.074696
0.068695
0.068295
0.06144
0.062905
0.063827
0.070438
0.065881
0.066439
0.070527
0.07033
0.06893
0.062839
0.06672
0.068224
0.068635
0.065212
0.063835
0.064836
0.065283
0.065627
0.06672
0.063552
0.065435
0.064378
0.066018
0.062439
0.064855
0.063295
0.064989
0.063776
0.061351
0.063731
0.059512
0.060992
0.059783
0.057454
0.055055
0.055181
0.053669
0.056207
0.051674
0.053064
0.049262
0.051241
0.053995
0.054835
0.053908
0.052236
0.052346
0.047516
0.048515
0.048415
0.047938
0.04803
0.046749
0.042745
0.04238
0.042351
0.038129
0.036718
0.037772
0.03873
0.035903
0.034465
0.031365
0.032699
0.033266
0.028439
0.027481
0.026924
0.024154
0.019578
0.023351
0.018689
0.021376
0.021338
0.023693
0.018297
0.018834
0.016786
0.015676
0.011961
0.0073573
0.0099708
0.0072487
0.0069185
0.0078825
0.0066127
0.0025988
0.0021769
0.00010335
-0.00231
-0.009316
-0.0113
-0.0196
-0.023096
-0.026653
-0.024903
-0.029745
-0.030783
-0.033125
-0.033313
-0.032808
-0.041497
-0.041348
-0.044229
-0.046063
-0.043529
-0.04417
-0.04613
-0.045803
-0.047375
-0.045901
-0.049094
-0.046164
-0.043892
-0.045366
-0.049401
-0.050414
-0.049532
-0.053815
-0.053459
-0.053583
-0.053736
-0.053435
-0.052993
-0.052351
-0.052119
-0.050479
-0.057178
-0.058864
-0.055561
-0.054868
-0.057236
-0.054206
-0.056051
-0.053582
-0.046646
-0.049485
-0.04778
-0.046925
-0.043766
-0.046318
-0.044568
-0.049696
-0.048197
-0.048438
-0.043642
-0.041259
-0.036706
-0.035372
-0.034708
-0.035484
-0.03603
-0.030462
-0.031785
-0.0314
-0.023578
-0.019721
-0.019256
-0.020073
-0.018293
-0.018647
-0.023404
-0.01423
-0.01926
-0.016032
-0.01302
-0.0077717
-0.010361
-0.0093507
-0.0093189
-0.0085975
-0.013012
-0.01183
-0.01527
-0.01834
-0.016791
-0.0081493
-0.0032658
-0.0030713
0.00096148
-0.0010985
-0.0040591
-0.0048791
-0.0098519
-0.014868
-0.016777
-0.012168
-0.011684
-0.0062028
-0.0064867
-0.0067117
-0.0088729
-0.010236
-0.0093648
-0.0092091
-0.0059727
-0.0010433
0.0047058
0.0051973
0.006976
0.0077892
0.0097543
0.0069755
0.015621
0.01364
0.016248
0.018343
0.02304
0.022424
0.020193
0.023107
0.021541
0.02146
0.0229
0.02539
0.024495
0.02731
0.031609
0.032452
0.033591
0.036208
0.032494
0.032571
0.029328
0.031033
0.028324
0.032493
0.032265
0.039689
0.042515
0.041909
0.038901
0.039466
0.040769
0.04155
0.041024
0.049074
0.052323
0.055208
0.059207
0.058744
0.055834
0.053122
0.05286
0.060313
0.056153
0.060728
0.0638
0.071154
0.073677
0.07655
0.074589
0.071776
0.073714
0.074806
0.076053
0.076031
0.082958
0.088132
0.091807
0.091542
0.090087
0.08602
0.087419
0.084263
0.086441
0.082777
0.088771
0.092025
0.098989
0.10342
0.10488
0.10454
0.10196
0.10427
0.09994
0.10137
0.10508
0.1104
0.11641
0.1213
0.12125
0.12009
0.11222
0.11765
0.11685
0.11256
0.11315
0.12045
0.12349
0.12384
0.12245
0.12001
0.11369
0.11643
0.11723
0.11194
0.11162
0.11843
0.12202
0.12302
0.12412
0.12157
0.11701
0.11766
0.11319
0.11454
0.11017
0.11338
0.11801
0.12124
0.12358
0.11962
0.11659
0.11533
0.11186
0.11232
0.10927
0.11075
0.11331
0.1187
0.12237
0.11852
0.11766
0.11502
0.11646
0.11247
0.11495
0.11607
0.12262
0.12746
0.13368
0.12813
0.12489
0.11991
0.12174
0.12409
0.12727
0.12555
0.13261
0.13806
0.14226
0.13843
0.13027
0.12956
0.12653
0.12834
0.12795
0.13154
0.13681
0.14408
0.1447
0.1432
0.13492
0.13239
0.12939
0.12617
0.12683
0.12733
0.12734
0.13359
0.137
0.13792
0.12859
0.12641
0.11948
0.1172
0.11526
0.11318
0.11237
0.11615
0.12256
0.12115
0.11658
0.11118
0.10476
0.10526
0.10201
0.10663
0.10518
0.10891
0.11364
0.11322
0.10396
0.094014
0.092374
0.09357
0.091295
0.093254
0.0945
0.099641
0.10389
0.10469
0.10137
0.091483
0.090876
0.0877
0.09029
0.083385
0.086872
0.092963
0.098106
0.095437
0.092912
0.083228
0.08066
0.077174
0.076591
0.0724
0.076241
0.07638
0.082432
0.08201
0.078304
0.072911
0.069749
0.064117
0.059401
0.05792
0.052195
0.050717
0.055667
0.062694
0.057019
0.05472
0.049806
0.047206
0.045006
0.042048
0.037512
0.040349
0.041694
0.044448
0.037865
0.032435
0.025974
0.023524
0.025513
0.022602
0.024268
0.027888
0.033935
0.030891
0.025944
0.020239
0.014776
0.011367
0.010318
0.013047
0.0099433
0.011866
0.015464
0.018726
0.012872
0.0060519
0.0021462
-0.0026835
-0.0081248
-0.0057661
-0.0090099
-0.0059296
-0.0024281
-0.00035604
-0.0058882
-0.011484
-0.01594
-0.023026
-0.026801
-0.029471
-0.024821
-0.025252
-0.022379
-0.021662
-0.023431
-0.031253
-0.032469
-0.039523
-0.044135
-0.050673
-0.04436
-0.04695
-0.04229
-0.03682
-0.030334
-0.036195
-0.037693
-0.042555
-0.048629
-0.053014
-0.050024
-0.045979
-0.038581
-0.034127
-0.033934
-0.034332
-0.038904
-0.043331
-0.047437
-0.046563
-0.042338
-0.034021
-0.030969
-0.024484
-0.028154
-0.021533
-0.0301
-0.031889
-0.034799
-0.034555
-0.030354
-0.026914
-0.022421
-0.015348
-0.010509
-0.0067753
-0.011505
-0.0092886
-0.01262
-0.014031
-0.011086
-0.0094353
-0.002371
0.0011524
0.0088827
0.0087511
0.0093001
0.007075
-3.7321e-005
-0.0013517
-0.0017074
0.0017405
0.0017831
0.0086916
0.017009
0.01681
0.014148
0.010401
0.002866
0.0025773
0.0016598
0.0057672
0.008194
0.012832
0.021645
0.02211
0.019391
0.014288
0.012077
0.0073333
0.0094892
0.011716
0.013977
0.020509
0.028128
0.030473
0.025145
0.026207
0.023955
0.02001
0.024559
0.026758
0.028918
0.032326
0.038206
0.036019
0.033145
0.032425
0.021476
0.017084
0.020294
0.024454
0.024727
0.029006
0.036891
0.035056
0.037871
0.030855
0.024674
0.021283
0.021898
0.030477
0.029765
0.03689
0.04454
0.050821
0.052071
0.048453
0.048415
0.045534
0.043406
0.04577
0.049336
0.056084
0.063404
0.072765
0.073482
0.073324
0.075151
0.072068
0.072783
0.070531
0.078166
0.078577
0.082384
0.08979
0.088115
0.08942
0.084148
0.081318
0.081514
0.084266
0.09055
0.092247
0.098726
0.11196
0.11406
0.11152
0.10958
0.11016
0.10815
0.11034
0.11324
0.11528
0.12073
0.12534
0.12958
0.12131
0.12468
0.11777
0.11272
0.10943
0.11036
0.10706
0.1106
0.11711
0.11467
0.11462
0.10406
0.099121
0.095099
0.092815
0.091232
0.097747
0.10128
0.10456
0.10124
0.10236
0.095311
0.0915
0.085664
0.084807
0.084964
0.080995
0.082828
0.086763
0.088024
0.083825
0.081829
0.082912
0.079783
0.075317
0.079183
0.077438
0.08285
0.087738
0.09493
0.094891
0.094884
0.08992
0.087578
0.08475
0.088569
0.082666
0.089135
0.095159
0.10359
0.10176
0.098803
0.093211
0.090496
0.090275
0.092921
0.092312
0.099446
0.10456
0.11072
0.11072
0.11312
0.10484
0.10022
0.099519
0.10063
0.10446
0.1038
0.10174
0.10359
0.10781
0.10542
0.10355
0.098379
0.096117
0.095075
0.099027
0.093067
0.090178
0.089424
0.095211
0.096481
0.098539
0.097318
0.092218
0.087308
0.084623
0.079665
0.078333
0.080195
0.079288
0.078064
0.076466
0.075144
0.069094
0.07136
0.070841
0.073469
0.072322
0.072478
0.069382
0.068586
0.066015
0.06289
0.061419
0.06494
0.067066
0.069195
0.065378
0.066625
0.057543
0.057671
0.055019
0.050817
0.049248
0.050522
0.054099
0.057055
0.057726
0.059511
0.058053
0.057014
0.051788
0.050842
0.047388
0.044826
0.047248
0.047421
0.049737
0.052219
0.057375
0.055662
0.057452
0.053263
0.050362
0.048299
0.048919
0.042004
0.041192
0.044056
0.048341
0.045426
0.047077
0.043996
0.039905
0.038059
0.03793
0.04094
0.039947
0.043094
0.045921
0.046728
0.047634
0.044326
0.040919
0.041504
0.042594
0.051153
0.050382
0.053498
0.054521
0.055231
0.051912
0.048326
0.046677
0.045488
0.045458
0.049212
0.046925
0.051132
0.056443
0.059437
0.056673
0.05604
0.053706
0.050299
0.051848
0.055405
0.053809
0.057184
0.059016
0.065018
0.065149
0.063537
0.060011
0.053352
0.052537
0.050528
0.049651
0.051165
0.05191
0.049765
0.045832
0.041271
0.039068
0.034755
0.036844
0.036668
0.037047
0.036443
0.037425
0.03642
0.037607
0.033483
0.027438
0.022331
0.029356
0.031985
0.034725
0.033996
0.0346
0.027691
0.027392
0.024609
0.018921
0.014732
0.018975
0.024684
0.022679
0.026843
0.029598
0.02831
0.0283
0.025551
0.021328
0.017003
0.016891
0.022127
0.020739
0.024677
0.02666
0.030128
0.026025
0.026219
0.022707
0.01994
0.020963
0.02873
0.030955
0.036621
0.038485
0.042581
0.03903
0.036414
0.030655
0.025348
0.024237
0.025697
0.030396
0.03482
0.03732
0.038784
0.033
0.031279
0.028899
0.023826
0.022979
0.025498
0.03176
0.029267
0.029413
0.03446
0.03082
0.031046
0.028654
0.026493
0.027587
0.026806
0.032186
0.029436
0.03343
0.036749
0.039417
0.038613
0.03415
0.028455
0.027631
0.025186
0.030126
0.029859
0.031971
0.03217
0.03531
0.035553
0.041379
0.039736
0.038244
0.037052
0.035305
0.037911
0.044756
0.0463
0.05022
0.048255
0.045801
0.043954
0.045406
0.05191
0.05204
0.054554
0.053148
0.055455
0.060203
0.060481
0.057051
0.053779
0.052082
0.059848
0.059653
0.064831
0.065677
0.066002
0.067981
0.071196
0.071364
0.06415
0.060773
0.064705
0.070452
0.074217
0.072054
0.069376
0.070712
0.07366
0.072717
0.070872
0.070323
0.074242
0.081497
0.08692
0.086463
0.089051
0.089677
0.093613
0.094526
0.091316
0.088238
0.091031
0.10004
0.095715
0.095676
0.10122
0.10761
0.10805
0.10815
0.108
0.11248
0.11807
0.12433
0.11885
0.12318
0.12746
0.13094
0.12473
0.12047
0.11533
0.11486
0.10904
0.10964
0.10744
0.10978
0.11194
0.11449
0.1093
0.1093
0.10617
0.097698
0.095904
0.095914
0.095593
0.092242
0.090986
0.092829
0.089905
0.081679
0.07625
0.071757
0.069496
0.063901
0.064247
0.059838
0.06542
0.066582
0.06337
0.059137
0.054024
0.044207
0.03751
0.034457
0.036532
0.028731
0.027938
0.029534
0.032138
0.025236
0.019448
0.019661
0.019068
0.015755
0.016016
0.017404
0.02132
0.021645
0.025315
0.023794
0.021346
0.01672
0.016935
0.019794
0.018132
0.021805
0.028882
0.032625
0.03147
0.036312
0.039167
0.03908
0.036469
0.044081
0.04425
0.043018
0.047605
0.05119
0.043499
0.039612
0.041052
0.039446
0.033796
0.035076
0.04026
0.035564
0.035235
0.040786
0.040724
0.036171
0.039721
0.042041
0.034501
0.032845
0.039772
0.03467
0.036876
0.042649
0.044404
0.035718
0.03691
0.035717
0.023314
0.021779
0.02498
0.027943
0.029787
0.036871
0.041718
0.034065
0.035439
0.032057
0.022415
0.019718
0.020055
0.021788
0.020556
0.028014
0.026625
0.027653
0.029158
0.026299
0.020205
0.019931
0.021676
0.017736
0.014931
0.020201
0.01286
0.018406
0.018381
0.014086
0.012232
0.010666
0.0087036
0.005727
0.011831
0.0056668
0.0036623
0.0031122
-0.0038398
-0.0093674
-0.0097796
-0.01663
-0.014876
-0.0046846
-0.0029292
-0.0066919
-0.0033106
-0.0090961
-0.011411
-0.011637
-0.016104
-0.021137
-0.016175
-0.01294
-0.020029
-0.010574
-0.015576
-0.013073
-0.011905
-0.01158
-0.013428
-0.012495
-0.015742
-0.017821
-0.0078844
-0.011177
-0.0099039
-0.0051241
-0.0066577
-0.011481
-0.014946
-0.0224
-0.025068
-0.026308
-0.029584
-0.025567
-0.025555
-0.02655
-0.021049
-0.020564
-0.020616
-0.019487
-0.021904
-0.022612
-0.019013
-0.02436
-0.022062
-0.018614
-0.018587
-0.021424
-0.0263
-0.026724
-0.031344
-0.03553
-0.035981
-0.032898
-0.037995
-0.031575
-0.033274
-0.031489
-0.032736
-0.035163
-0.038017
-0.039242
-0.040034
-0.037447
-0.036868
-0.03845
-0.037149
-0.038702
-0.040106
-0.041259
-0.046666
-0.048669
-0.050748
-0.051488
-0.045868
-0.049563
-0.053754
-0.049097
-0.049403
-0.043531
-0.043666
-0.049255
-0.048684
-0.04608
-0.04467
-0.043113
-0.044748
-0.042687
-0.04414
-0.042543
-0.038508
-0.043076
-0.045069
-0.046161
-0.050572
-0.044971
-0.043374
-0.042726
-0.034765
-0.034565
-0.032406
-0.031647
-0.029233
-0.026565
-0.029089
-0.026753
-0.028468
-0.030214
-0.028053
-0.030348
-0.02579
-0.025486
-0.026544
-0.024702
-0.02711
-0.028902
-0.029489
-0.034589
-0.031707
-0.032147
-0.026773
-0.024674
-0.022333
-0.021434
-0.020343
-0.01896
-0.019127
-0.021128
-0.019817
-0.022584
-0.019975
-0.021085
-0.020587
-0.017281
-0.019712
-0.019242
-0.018107
-0.018705
-0.019221
-0.022025
-0.021323
-0.026432
-0.026279
-0.026039
-0.024498
-0.022551
-0.02085
-0.016746
-0.0098556
-0.0062526
-0.0039368
-0.0058579
-0.0035852
-0.0070581
-0.0083342
-0.006587
-0.0078717
-0.0074025
-0.0089211
-0.0072046
-0.0077765
-0.0098733
-0.011883
-0.016964
-0.014912
-0.017592
-0.019141
-0.021216
-0.024077
-0.024621
-0.025365
-0.021731
-0.023071
-0.022738
-0.023234
-0.026458
-0.02586
-0.030526
-0.030589
-0.033379
-0.036343
-0.037909
-0.038999
-0.039036
-0.040883
-0.040463
-0.041954
-0.044019
-0.046628
-0.046781
-0.044897
-0.04594
-0.046945
-0.048846
-0.04646
-0.045625
-0.045423
-0.041353
-0.041425
-0.038351
-0.039042
-0.039083
-0.037447
-0.035657
-0.032979
-0.035724
-0.036753
-0.040083
-0.040413
-0.041312
-0.038589
-0.040721
-0.040777
-0.042882
-0.042766
-0.041207
-0.044721
-0.046285
-0.050488
-0.04879
-0.050082
-0.049499
-0.047883
-0.046889
-0.048522
-0.05101
-0.051109
-0.056687
-0.056497
-0.057551
-0.061175
-0.063091
-0.065791
-0.063871
-0.064399
-0.061804
-0.061951
-0.059735
-0.061688
-0.060535
-0.061331
-0.062701
-0.061579
-0.063436
-0.060961
-0.063419
-0.063206
-0.068695
-0.07266
-0.077448
-0.079714
-0.081689
-0.085412
-0.084471
-0.084696
-0.08133
-0.082498
-0.081262
-0.083475
-0.08293
-0.08621
-0.086346
-0.086935
-0.083285
-0.079338
-0.078709
-0.076486
-0.075927
-0.071766
-0.072363
-0.06737
-0.06668
-0.064225
-0.063235
-0.059492
-0.06091
-0.061972
-0.063129
-0.059512
-0.056755
-0.054024
-0.052278
-0.051731
-0.047823
-0.046046
-0.038534
-0.034515
-0.030624
-0.029051
-0.027315
-0.02929
-0.027953
-0.027544
-0.022882
-0.026636
-0.03019
-0.032592
-0.030556
-0.029451
-0.02659
-0.028438
-0.033737
-0.034817
-0.038713
-0.034147
-0.033567
-0.031916
-0.038016
-0.040524
-0.042543
-0.038915
-0.038696
-0.037333
-0.04215
-0.03893
-0.038302
-0.035497
-0.037668
-0.039931
-0.040271
-0.042272
-0.044641
-0.044522
-0.047118
-0.050665
-0.054039
-0.051543
-0.04908
-0.050584
-0.054382
-0.05712
-0.052091
-0.049547
-0.047595
-0.050934
-0.046803
-0.049455
-0.04576
-0.046561
-0.047393
-0.051639
-0.048772
-0.048286
-0.044982
-0.048951
-0.050391
-0.047667
-0.043621
-0.044017
-0.047019
-0.044591
-0.041603
-0.044616
-0.046437
-0.050362
-0.047883
-0.048824
-0.04955
-0.055335
-0.055763
-0.05249
-0.053789
-0.052618
-0.052101
-0.048136
-0.045159
-0.043507
-0.045485
-0.042478
-0.041416
-0.042496
-0.040515
-0.041269
-0.039285
-0.039793
-0.04159
-0.044911
-0.044185
-0.04425
-0.047458
-0.045361
-0.04173
-0.038556
-0.036587
-0.038859
-0.033303
-0.030984
-0.030231
-0.027745
-0.026172
-0.020171
-0.019847
-0.022497
-0.019949
-0.017801
-0.01773
-0.0175
-0.011169
-0.0075151
-0.0073883
-0.0080243
-0.0043907
-0.0015433
-0.0017308
-0.0029187
0.0013183
0.0011383
0.0014846
-0.0030318
6.7837e-005
-0.0010299
-0.0033945
-0.0032254
-0.00046134
-0.0032331
-0.00034624
0.00082867
0.0047188
0.00073267
-0.00053828
0.0011633
-0.0017707
-0.0057228
-0.0077662
-0.0089151
-0.013586
-0.023226
-0.026014
-0.02922
-0.036338
-0.037306
-0.034013
-0.037467
-0.038657
-0.035209
-0.032051
-0.036191
-0.038139
-0.035122
-0.0359
-0.03524
-0.030084
-0.027234
-0.030272
-0.030262
-0.027124
-0.028426
-0.031537
-0.025442
-0.024977
-0.026149
-0.023906
-0.019872
-0.024322
-0.02327
-0.01782
-0.018891
-0.0196
-0.01351
-0.013546
-0.016043
-0.015185
-0.012224
-0.015839
-0.019771
-0.01406
-0.015582
-0.015176
-0.0097867
-0.007268
-0.0091549
-0.0044195
-0.0051374
-0.010034
-0.0069365
-0.0039621
-0.0086199
-0.0065901
-0.003437
-0.0070427
-0.0096947
-0.0065376
-0.0077162
-0.012381
-0.0052836
-0.0092783
-0.0092952
-0.0063522
-0.0045728
-0.0083545
-0.0053209
-0.0054657
-0.0080367
-0.0020336
0.0013313
-0.00025673
0.0075632
0.008883
0.0063845
0.0078905
0.0079027
0.0014896
-0.00065897
0.0044619
0.00026394
0.0035621
0.0053103
0.001161
0.0022049
0.0036746
-0.0008308
0.00022907
0.0047649
-3.1803e-005
0.0070154
0.0049393
0.0025227
0.0039814
0.0051101
-0.0032308
-0.00034229
0.0031099
0.00097879
0.0055907
0.0040921
0.0033001
0.0058889
0.0075371
0.0071444
0.012517
0.013596
0.014056
0.017131
0.013245
0.015577
0.016763
0.014222
0.015077
0.014131
0.0082122
0.007542
0.0092563
0.007718
0.007698
0.0069119
0.0052936
0.0073678
0.0075917
0.010644
0.0092255
0.0086809
0.010582
0.010137
0.012352
0.014778
0.010954
0.012414
0.015217
0.013385
0.013715
0.01169
0.0092135
0.010972
0.0076332
0.0062163
0.0049574
0.003771
0.0055568
0.00499
0.0025108
0.0047771
0.0038968
0.0024613
0.0067207
-0.0013817
0.0020753
0.00414
0.0017006
0.0025261
-0.00038836
-0.0014011
0.0033567
0.002361
-0.0011742
0.00058144
-0.0012416
0.00085049
-0.0029131
0.00079705
0.00077677
-0.0019475
0.00028246
-0.0027408
-0.0025335
-0.0012311
-0.0063068
-0.0054593
-0.0049608
-0.010171
-0.010795
-0.013194
-0.014136
-0.014965
-0.019385
-0.018941
-0.021856
-0.021292
-0.021685
-0.024088
-0.021419
-0.024611
-0.022232
-0.020055
-0.022298
-0.020693
-0.019715
-0.021271
-0.018087
-0.019413
-0.016933
-0.017915
-0.017439
-0.014843
-0.016103
-0.015551
-0.015942
-0.017044
-0.014768
-0.016002
-0.012054
-0.014181
-0.009391
-0.0069426
-0.0049403
0.00039955
0.0028507
0.0062856
0.010762
0.01428
0.018301
0.018704
0.022247
0.023925
0.02475
0.025349
0.024898
0.026616
0.026253
0.02482
0.024864
0.022424
0.023221
0.021584
0.021546
0.022076
0.019326
0.020805
0.018497
0.018776
0.018584
0.016675
0.01895
0.015712
0.019725
0.016463
0.017714
0.015933
0.014489
0.01567
0.012739
0.013465
0.010467
0.012044
0.010789
0.010546
0.011946
0.0085309
0.011805
0.0092736
0.0089604
0.0097423
0.0072052
0.0073355
0.0043067
0.0049086
0.0016548
0.0022485
-0.00042595
-0.00205
-0.0015527
-0.0052927
-0.004541
-0.0083221
-0.0073253
-0.0099476
-0.01022
-0.0077234
-0.010453
-0.0064127
-0.0080872
-0.0050706
-0.0056227
-0.0046056
-0.0025624
-0.0026595
0.00022779
-0.00026206
0.0019862
0.0018123
0.0031072
0.002447
0.0034108
0.0036809
0.0032953
0.0026003
0.0023405
0.0020661
-0.00084475
5.3857e-005
-0.00019109
0.00039773
-0.00016366
0.0013759
0.00070978
0.0021086
0.0041593
0.0046696
0.0081786
0.0084053
0.011394
0.013529
0.014985
0.017346
0.017158
0.020357
0.019497
0.022719
0.020364
0.024049
0.022685
0.022487
0.024558
0.022213
0.025819
0.022577
0.025516
0.024136
0.027078
0.026767
0.027672
0.029923
0.0295
0.033092
0.033528
0.036367
0.037103
0.03897
0.039332
0.0423
0.04103
0.044077
0.043802
0.045883
0.043388
0.042533
0.041631
0.038279
0.039479
0.035379
0.037285
0.033579
0.034429
0.031525
0.031131
0.027814
0.026531
0.025749
0.023605
0.019417
0.017844
0.013981
0.012094
0.008744
0.0050607
0.003428
-0.0033454
-0.0039527
-0.0079882
-0.0056168
-0.0072833
-0.0061959
-0.0059909
-0.0051346
-0.0058639
-0.0040294
-0.0033511
-0.00039959
-0.0025816
-0.00017471
-4.6456e-005
0.00094667
0.0023814
0.0030563
0.0076039
0.0064587
0.0080781
0.0048857
0.0060552
0.0047211
0.0052134
0.0026628
0.0028342
0.00071255
0.0022917
-0.00095958
0.0010789
0.00017187
0.0013813
0.0002261
0.0014026
0.0034662
0.0052198
0.0068937
0.0092042
0.011235
0.01422
0.015409
0.017848
0.019874
0.020474
0.023608
0.020457
0.024721
0.021733
0.023748
0.020638
0.01915
0.016438
0.017407
0.016062
0.015396
0.012344
0.013257
0.0098799
0.010395
0.0088382
0.0083437
0.0095301
0.0083548
0.0091395
0.0094074
0.009103
0.011524
0.010576
0.014459
0.013024
0.015987
0.016806
0.019378
0.019136
0.019033
0.020099
0.018549
0.0187
0.017879
0.017627
0.016369
0.016388
0.015063
0.01493
0.014685
0.011023
0.011022
0.0086271
0.01056
0.0090344
0.010116
0.012107
0.011809
0.015483
0.013937
0.014701
0.015672
0.014474
0.01685
0.016382
0.017783
0.016329
0.016465
0.019024
0.01663
0.018661
0.018121
0.018256
0.021022
0.019275
0.021482
0.020548
0.021788
0.022645
0.020623
0.020178
0.020732
0.018804
0.019345
0.015462
0.018435
0.0147
0.014953
0.013221
0.009544
0.0094302
0.0092913
0.0057503
0.0077814
0.0036609
0.006246
0.0042049
0.0043594
0.004447
0.0033144
0.0041077
0.0049811
0.005433
0.0083403
0.0074808
0.010563
0.01025
0.010057
0.01362
0.011323
0.010793
0.011708
0.0082829
0.0092335
0.0068299
0.005469
0.0055005
0.0022715
0.0012839
-0.003033
-0.0046121
-0.0061809
-0.0097477
-0.011191
-0.012732
-0.014517
-0.012979
-0.017278
-0.015894
-0.015873
-0.015786
-0.014682
-0.012759
-0.012538
-0.012287
-0.010462
-0.009645
-0.011079
-0.0079487
-0.0088063
-0.010266
-0.0087636
-0.0124
-0.012391
-0.014423
-0.017756
-0.019891
-0.021776
-0.024192
-0.025048
-0.028619
-0.02858
-0.033086
-0.031924
-0.033034
-0.035151
-0.032494
-0.032533
-0.030556
-0.027683
-0.02561
-0.023306
-0.019038
-0.017799
-0.012628
-0.010826
-0.0053721
-0.0041025
0.0019069
0.0052781
0.0085506
0.01154
0.014467
0.014925
0.01979
0.018405
0.019221
0.020969
0.018815
0.019197
0.017745
0.016193
0.015315
0.015958
0.016881
0.016727
0.017161
0.01756
0.014179
0.015468
0.015916
0.012612
0.016342
0.01497
0.0167
0.016923
0.01727
0.015853
0.017562
0.017922
0.019867
0.018591
0.019984
0.01821
0.017498
0.017146
0.013577
0.013774
0.011998
0.011165
0.011721
0.0090093
0.0064907
0.0076429
0.0042991
0.002773
0.0030514
0.0027428
0.0037661
0.0011554
0.0026827
-0.0020601
-0.0021398
-0.0015958
-0.0034857
-0.0033299
-0.0021795
-0.0050743
-0.0032988
-0.0034689
-0.0044371
-0.0020337
-0.003214
-0.0010114
-0.0015938
0.00078398
0.00059702
0.0013503
0.0046529
0.0031153
0.0025948
0.0065349
0.0088359
0.0074232
0.012566
0.010072
0.010126
0.0096278
0.008403
0.0084639
0.0087719
0.010669
0.0089361
0.011666
0.011979
0.0098704
0.0099203
0.010339
0.0066595
0.0088641
0.0079827
0.0050599
0.0078065
0.0068738
0.0074237
0.0080727
0.010481
0.011883
0.014488
0.0189
0.019574
0.02161
0.024902
0.025984
0.025839
0.032355
0.032264
0.032459
0.036368
0.035139
0.035994
0.035823
0.036043
0.034041
0.034424
0.033188
0.03309
0.034149
0.035088
0.032285
0.033388
0.034627
0.030709
0.034711
0.034568
0.033062
0.035461
0.034529
0.034383
0.034688
0.036431
0.035263
0.037112
0.039468
0.038775
0.039192
0.040794
0.037445
0.033734
0.037706
0.033143
0.030985
0.030192
0.025866
0.021739
0.018314
0.012911
0.0066938
0.0044819
0.0004136
-0.0017913
-0.0036282
-0.0060342
-0.0090632
-0.011262
-0.011227
-0.014759
-0.013588
-0.013591
-0.013582
-0.010384
-0.010221
-0.009412
-0.0080217
-0.0059528
-0.0047946
-6.6694e-005
0.0033877
0.0053448
0.0092749
0.010564
0.012394
0.010401
0.012427
0.012171
0.01221
0.014431
0.011915
0.011119
0.010222
0.0085287
0.004542
0.0048225
0.0044377
0.0031117
0.0049082
0.0046353
0.005169
0.0038507
0.0050706
0.0055696
0.0038917
0.0082999
0.0085474
0.0096804
0.013003
0.014534
0.015156
0.017752
0.020509
0.020399
0.025576
0.027738
0.028322
0.031355
0.032636
0.031076
0.029194
0.029797
0.028082
0.027071
0.02752
0.025531
0.022849
0.020891
0.01922
0.016589
0.015496
0.014643
0.013084
0.013494
0.012261
0.01163
0.0095964
0.0092204
0.0099442
0.008197
0.01144
0.011678
0.012848
0.015107
0.015224
0.016631
0.017673
0.019807
0.019596
0.022931
0.024545
0.024513
0.026483
0.026931
0.026141
0.02348
0.024915
0.023409
0.02231
0.02417
0.021321
0.01955
0.019686
0.017249
0.016024
0.015667
0.015657
0.015023
0.015735
0.015057
0.013587
0.013319
0.011876
0.013033
0.010147
0.01168
0.012456
0.010831
0.013623
0.012269
0.011977
0.013323
0.013322
0.013269
0.014421
0.016927
0.015806
0.016824
0.017474
0.015458
0.016263
0.015143
0.015084
0.013782
0.01349
0.013565
0.0094086
0.0091375
0.0064037
0.0031652
0.0037019
0.0023352
0.002391
0.00047175
0.0011727
-0.00088555
-0.003442
-0.0016849
-0.0029049
-0.004538
-0.0050764
-0.0049305
-0.0064093
-0.0072806
-0.0067893
-0.0085876
-0.0073964
-0.007447
-0.00769
-0.0052766
-0.0052878
-0.0040236
-0.0034385
-0.003307
-0.0025038
-0.0038365
-0.0029283
-0.0022181
-0.0012666
-0.00063207
-0.0015096
-0.0028393
-0.0052531
-0.0041764
-0.0073757
-0.0098881
-0.0092941
-0.014027
-0.015459
-0.017839
-0.020868
-0.022346
-0.02663
-0.028888
-0.031492
-0.033167
-0.034648
-0.037479
-0.038109
-0.038558
-0.038934
-0.039956
-0.038853
-0.03644
-0.036279
-0.032923
-0.030292
-0.02957
-0.023705
-0.022092
-0.020163
-0.01809
-0.015103
-0.011644
-0.011213
-0.0074988
-0.0059826
-0.0054519
-0.0039138
-0.0044531
-0.0043051
-0.0034726
-0.001956
-0.0012358
-0.00044443
0.00020285
-0.0010605
-0.00011137
-0.00024539
-0.00081181
-0.00094566
-4.5845e-005
0.0027124
0.0017381
0.0027132
0.0052642
0.0050401
0.007993
0.011396
0.012862
0.01662
0.019196
0.021743
0.023949
0.026045
0.028526
0.027949
0.029076
0.030345
0.030259
0.030101
0.028521
0.028488
0.024634
0.022339
0.020353
0.015936
0.014031
0.010234
0.0088156
0.0053278
0.00076701
-0.00077197
-0.0051426
-0.0068915
-0.0081247
-0.011891
-0.010057
-0.010469
-0.012402
-0.011137
-0.01117
-0.0091494
-0.0068931
-0.0051214
-0.0024603
-0.00021902
0.0044034
0.0046243
0.0078273
0.0105
0.011327
0.015396
0.014515
0.015794
0.017653
0.015951
0.017295
0.015042
0.012724
0.012359
0.0090211
0.0068425
0.0049844
0.0028606
0.00067023
-0.0025754
-0.0038773
-0.0062101
-0.0073294
-0.0063031
-0.008525
-0.007334
-0.0052324
-0.0035718
-0.0009083
0.00019048
0.0046123
0.0054575
0.008557
0.013698
0.015936
0.021657
0.024857
0.026484
0.030345
0.031495
0.034302
0.035362
0.034819
0.037899
0.036482
0.03535
0.034983
0.032679
0.02945
0.027222
0.025854
0.021803
0.019522
0.019746
0.015261
0.015228
0.015911
0.013017
0.014095
0.014514
0.015137
0.016939
0.018477
0.022394
0.023309
0.026418
0.03156
0.032813
0.03776
0.040508
0.042833
0.048181
0.049363
0.052394
0.051691
0.050652
0.051925
0.049479
0.047188
0.045898
0.043012
0.039109
0.034897
0.031655
0.024132
0.016922
0.013858
0.0050782
-2.0272e-005
-0.0033425
-0.012014
-0.013779
-0.016102
-0.021057
-0.02167
-0.023665
-0.024483
-0.022107
-0.023341
-0.021386
-0.021658
-0.020263
-0.017873
-0.016535
-0.011473
-0.0097822
-0.0071779
-0.0023392
-0.0012098
0.0025909
0.0046048
0.0063095
0.0079116
0.0080425
0.0084512
0.00627
0.0049298
0.0045945
0.0010487
0.0023018
0.00057522
-0.0033658
-0.0026941
-0.0056448
-0.0079807
-0.0082165
-0.012814
-0.010402
-0.0095159
-0.010794
-0.0074664
-0.0075689
-0.0071898
-0.0069055
-0.0071898
-0.0031877
-0.00063404
0.0029401
0.0062938
0.0083071
0.012349
0.013081
0.016115
0.019996
0.020761
0.025288
0.028008
0.026987
0.028348
0.026982
0.026264
0.024779
0.024067
0.02421
0.01984
0.020577
0.02197
0.014183
0.012778
0.011669
0.0040784
0.0037199
0.004046
0.0011996
0.0033014
0.0033512
0.0016536
0.00050778
-0.00020033
-0.00067403
-0.00099831
0.0014024
0.0023804
0.0047096
0.00827
0.0083961
0.010471
0.012992
0.013196
0.015437
0.016794
0.018657
0.020622
0.020906
0.021104
0.018587
0.018144
0.0188
0.01432
0.016242
0.017229
0.011148
0.011475
0.011156
0.0044841
0.0044573
0.0028284
-0.001964
-0.0011507
-0.00091347
-0.0023984
-0.002304
-0.002825
-0.0060073
-0.0073789
-0.0061307
-0.0084789
-0.009183
-0.006489
-0.0077105
-0.0064591
-0.0041183
-0.00373
-0.0023325
-0.0020318
-0.0012468
-0.00047408
-0.00028156
0.0012707
7.2713e-005
0.0007879
0.0029177
-0.00097162
0.0010179
0.002144
-0.0035907
-0.0016634
-0.0014664
-0.0060087
-0.0046937
-0.0048357
-0.0086488
-0.0082445
-0.0099899
-0.015571
-0.016664
-0.017448
-0.020462
-0.021592
-0.021217
-0.022421
-0.023786
-0.023238
-0.025096
-0.025089
-0.025562
-0.025992
-0.025077
-0.023657
-0.022148
-0.021839
-0.022171
-0.021871
-0.022356
-0.023004
-0.020447
-0.020419
-0.0194
-0.017156
-0.018802
-0.018194
-0.017432
-0.020839
-0.019484
-0.018154
-0.019785
-0.018141
-0.017697
-0.023163
-0.025354
-0.028551
-0.034487
-0.037638
-0.039371
-0.041191
-0.043655
-0.044563
-0.045313
-0.049668
-0.052226
-0.052254
-0.055095
-0.056039
-0.054603
-0.05642
-0.056629
-0.055228
-0.057779
-0.059559
-0.056622
-0.056757
-0.056949
-0.049668
-0.046461
-0.043925
-0.039144
-0.036696
-0.036017
-0.032213
-0.029053
-0.026227
-0.022914
-0.02117
-0.018487
-0.017243
-0.018622
-0.017697
-0.017655
-0.018654
-0.015742
-0.014458
-0.014112
-0.011735
-0.013525
-0.015163
-0.014013
-0.016271
-0.016665
-0.015506
-0.017334
-0.016081
-0.014666
-0.017409
-0.016962
-0.015113
-0.016624
-0.014141
-0.010453
-0.0080045
-0.0061304
-0.0029953
-0.0022595
-0.0015711
-0.0005485
0.0013646
0.00084447
0.0015747
0.0031634
0.0024045
0.00054077
-0.0012778
-0.0026289
-0.0064389
-0.007888
-0.0088307
-0.01431
-0.015723
-0.015851
-0.021481
-0.023505
-0.024905
-0.029866
-0.031551
-0.033483
-0.036191
-0.036557
-0.039036
-0.040172
-0.039827
-0.040421
-0.039446
-0.0373
-0.035363
-0.032364
-0.028885
-0.026227
-0.020995
-0.017832
-0.014922
-0.0099781
-0.0067925
-0.0035948
0.0014553
0.0034838
0.0038171
0.0060522
0.0057203
0.0048245
0.0068262
0.0051096
0.0019543
0.0011195
-0.00084604
-0.0047229
-0.006582
-0.007784
-0.010341
-0.012124
-0.012786
-0.01541
-0.01804
-0.018949
-0.02077
-0.022036
-0.021873
-0.020323
-0.019214
-0.017798
-0.013506
-0.0114
-0.0099677
-0.0045873
-0.0014936
0.0016049
0.0097891
0.013962
0.016545
0.022595
0.025046
0.027098
0.03144
0.03166
0.034751
0.037124
0.03615
0.037581
0.03709
0.032727
0.031147
0.028285
0.024014
0.022629
0.019791
0.016699
0.015415
0.011726
0.0076342
0.0055889
0.00084075
-0.0010578
-0.0012689
-0.0041918
-0.0037762
-0.0020596
-0.0037162
-0.0025679
-9.7794e-005
0.00045287
0.0018634
0.005516
0.0085132
0.011029
0.014449
0.017261
0.016593
0.016508
0.017194
0.015871
0.015217
0.014619
0.013614
0.010666
0.0066149
0.0048933
-0.0020866
-0.0087224
-0.010153
-0.016023
-0.021245
-0.023315
-0.028741
-0.033878
-0.037112
-0.041457
-0.045791
-0.047914
-0.049281
-0.05005
-0.050235
-0.049893
-0.046633
-0.045495
-0.04431
-0.039034
-0.036368
-0.032726
-0.024934
-0.020047
-0.015139
-0.008064
-0.0060086
-0.002439
0.00114
0.0026293
0.0052037
0.0070971
0.008164
0.0086231
0.0075393
0.0058469
0.0033474
0.00050742
-0.0038775
-0.0073833
-0.010861
-0.015557
-0.019248
-0.023273
-0.028256
-0.031951
-0.035738
-0.038519
-0.040519
-0.041986
-0.04258
-0.041569
-0.04157
-0.039615
-0.036615
-0.034547
-0.031879
-0.025215
-0.020256
-0.01621
-0.0086134
-0.0033716
0.00044942
0.0063559
0.0083667
0.01084
0.015342
0.01661
0.017935
0.018518
0.017191
0.018135
0.015149
0.010239
0.0097816
0.0052036
-0.001878
-0.0035045
-0.0086369
-0.016262
-0.019915
-0.023909
-0.031262
-0.034491
-0.037824
-0.041791
-0.043541
-0.044865
-0.044572
-0.043517
-0.043194
-0.03945
-0.03534
-0.032946
-0.02555
-0.019132
-0.014469
-0.0064139
0.00022883
0.0039978
0.0094465
0.013182
0.015661
0.018291
0.02194
0.02281
0.023362
0.024878
0.023634
0.020746
0.018079
0.013742
0.0095827
0.0048141
-0.0014078
-0.0057522
-0.011324
-0.017859
-0.023522
-0.029628
-0.034381
-0.039169
-0.043537
-0.046037
-0.047092
-0.049416
-0.049655
-0.048436
-0.048228
-0.044955
-0.039796
-0.036809
-0.031878
-0.023619
-0.018974
-0.012949
-0.0061546
-0.0039833
0.00019582
0.0042497
0.0055753
0.0084273
0.01047
0.010309
0.011406
0.0081228
0.0059689
0.0048608
-0.00013088
-0.0038128
-0.0054623
-0.013778
-0.01992
-0.023159
-0.031818
-0.038633
-0.04231
-0.048878
-0.052948
-0.054793
-0.05746
-0.059149
-0.060934
-0.062438
-0.060827
-0.060997
-0.059901
-0.054433
-0.05027
-0.047011
-0.040162
-0.035843
-0.031833
-0.026973
-0.023806
-0.022301
-0.019124
-0.016261
-0.01561
-0.014719
-0.013762
-0.015531
-0.01935
-0.022107
-0.025579
-0.03054
-0.035093
-0.040304
-0.045281
-0.052344
-0.059332
-0.066647
-0.074731
-0.079898
-0.084455
-0.088518
-0.090781
-0.093069
-0.094433
-0.096279
-0.095212
-0.094396
-0.092423
-0.086578
-0.081237
-0.074623
-0.065112
-0.059696
-0.051813
-0.043175
-0.038395
-0.030737
-0.024007
-0.01906
-0.011302
-0.006558
-0.0033139
0.0020063
0.0034418
0.0036133
0.0048578
0.0030169
0.0018895
0.0016514
-0.0023396
-0.0055228
-0.0072052
-0.015148
-0.021577
-0.024468
-0.031364
-0.035799
-0.037679
-0.041147
-0.042391
-0.043464
-0.044546
-0.04355
-0.044197
-0.043148
-0.038454
-0.035155
-0.031373
-0.023402
-0.018813
-0.015664
-0.0087629
-0.005265
-0.00253
0.0036497
0.0067244
0.010234
0.014299
0.015179
0.016582
0.015683
0.014025
0.013037
0.0084801
0.0051368
0.0043177
-0.00061501
-0.0065167
-0.010599
-0.016274
-0.024611
-0.029729
-0.034127
-0.04019
-0.043767
-0.045508
-0.047186
-0.049626
-0.050147
-0.049166
-0.049428
-0.048068
-0.044693
-0.041702
-0.036814
-0.030067
-0.024049
-0.019252
-0.015327
-0.0097145
-0.0041991
-0.00022779
0.00464
0.00933
0.011998
0.015779
0.018504
0.017781
0.018187
0.018539
0.015318
0.013707
0.012316
0.0087118
0.0054646
0.0013984
-0.0047479
-0.0084572
-0.014887
-0.021185
-0.022836
-0.027825
-0.031191
-0.030465
-0.032806
-0.033859
-0.032303
-0.032521
-0.031093
-0.026412
-0.024516
-0.018995
-0.011899
-0.0087483
-0.0025181
0.0048065
0.0074974
0.013609
0.020281
0.024072
0.031178
0.035786
0.038176
0.042996
0.044873
0.044884
0.045757
0.04463
0.043292
0.041325
0.03704
0.034221
0.03148
0.022706
0.017151
0.012363
0.0026781
-0.0034895
-0.0068
-0.014324
-0.018485
-0.022222
-0.026026
-0.028606
-0.03174
-0.033342
-0.033273
-0.033509
-0.033799
-0.030038
-0.029291
-0.028878
-0.02408
-0.021365
-0.020759
-0.015531
-0.012236
-0.010267
-0.0054778
-0.002234
0.00011262
0.00090775
0.0017427
0.0023796
0.00036189
-0.00090415
-0.0020882
-0.00663
-0.0093107
-0.012642
-0.016626
-0.021147
-0.025066
-0.028288
-0.032844
-0.036976
-0.038427
-0.041249
-0.045352
-0.045986
-0.045038
-0.046924
-0.046683
-0.043156
-0.041838
-0.038849
-0.034103
-0.030122
-0.02536
-0.020583
-0.014968
-0.0085239
-0.0039385
0.0019101
0.0095404
0.012307
0.016109
0.022894
0.023933
0.024832
0.028631
0.026889
0.025175
0.026121
0.022856
0.018459
0.016081
0.0098707
0.0060317
0.002275
-0.0033836
-0.0070851
-0.012197
-0.018675
-0.022128
-0.024503
-0.030402
-0.030996
-0.030921
-0.034716
-0.031997
-0.030088
-0.030572
-0.02633
-0.024284
-0.021547
-0.01699
-0.014508
-0.0092301
-0.0037582
-0.00015762
0.0035724
0.0093571
0.012412
0.015113
0.019656
0.019426
0.020537
0.023053
0.019128
0.017878
0.017166
0.011347
0.008164
0.0049921
-0.0018797
-0.0045042
-0.0082278
-0.015106
-0.017766
-0.021754
-0.028598
-0.029446
-0.031402
-0.035657
-0.03405
-0.03369
-0.035149
-0.031075
-0.029923
-0.028587
-0.023598
-0.021739
-0.018583
-0.013053
-0.010002
-0.0067543
-0.00014104
0.0029498
0.0056783
0.010397
0.013011
0.015706
0.018546
0.018814
0.019826
0.019422
0.016231
0.015012
0.011315
0.0067052
0.0038414
-0.00065002
-0.0061488
-0.0081931
-0.011161
-0.016777
-0.021081
-0.024174
-0.030039
-0.033611
-0.035106
-0.037171
-0.03784
-0.038331
-0.037087
-0.036941
-0.037715
-0.035801
-0.035208
-0.034123
-0.031999
-0.028585
-0.025164
-0.023172
-0.018198
-0.014202
-0.013692
-0.0087778
-0.0045967
-0.0027774
-0.00065486
0.0015752
0.002746
0.001042
0.0011064
-0.001848
-0.0060758
-0.0076543
-0.010979
-0.015643
-0.017343
-0.020963
-0.02418
-0.027521
-0.032358
-0.03385
-0.037146
-0.042214
-0.042353
-0.041963
-0.045849
-0.046105
-0.043732
-0.047074
-0.046852
-0.044494
-0.045139
-0.043736
-0.041177
-0.038345
-0.034146
-0.031899
-0.028855
-0.025216
-0.024222
-0.022745
-0.017176
-0.017017
-0.017118
-0.012991
-0.014397
-0.018241
-0.018297
-0.02293
-0.028393
-0.030283
-0.035076
-0.039316
-0.040711
-0.043368
-0.045947
-0.047628
-0.051399
-0.052994
-0.052537
-0.055681
-0.054467
-0.050399
-0.053086
-0.050016
-0.044189
-0.043892
-0.040898
-0.034987
-0.031133
-0.02739
-0.019872
-0.015044
-0.0086297
-0.0015476
0.001911
0.0085741
0.012938
0.014166
0.021125
0.02325
0.023226
0.028378
0.027689
0.024475
0.024137
0.021768
0.016397
0.014656
0.013037
0.010026
0.008057
0.0061453
0.0026478
0.00085274
-0.0031466
-0.0076216
-0.0087016
-0.012205
-0.014217
-0.013781
-0.016787
-0.018713
-0.017615
-0.019943
-0.021909
-0.019851
-0.02022
-0.018973
-0.014887
-0.013406
-0.0088352
-0.0039246
-0.0038077
0.0017532
0.0048524
0.0059665
0.010726
0.013902
0.014386
0.016929
0.017901
0.014504
0.014072
0.0133
0.0090635
0.0087971
0.0071758
0.0033922
0.0028063
6.9094e-005
-0.0042474
-0.0048999
-0.0083648
-0.011908
-0.01283
-0.014358
-0.017088
-0.017487
-0.018001
-0.018296
-0.017183
-0.017287
-0.016056
-0.01393
-0.012823
-0.0092659
-0.0067683
-0.0044505
-0.0019839
0.0013771
0.0051784
0.0073482
0.011283
0.015918
0.017964
0.021904
0.023387
0.024878
0.025213
0.024824
0.025352
0.02368
0.025139
0.02477
0.023022
0.023697
0.022967
0.021155
0.020874
0.018419
0.0188
0.018687
0.016186
0.016195
0.016504
0.013838
0.012693
0.014444
0.012841
0.014086
0.017906
0.017437
0.019228
0.022426
0.023704
0.02632
0.028144
0.032907
0.035346
0.036724
0.039382
0.041612
0.042195
0.040573
0.042029
0.042346
0.037941
0.038272
0.035535
0.029769
0.028496
0.025138
0.020024
0.015304
0.01178
0.0072252
0.0020438
-0.0019839
-0.0051878
-0.0080156
-0.012843
-0.015784
-0.016802
-0.021403
-0.024632
-0.021813
-0.023201
-0.025652
-0.022701
-0.022058
-0.023565
-0.021585
-0.020636
-0.021533
-0.019462
-0.018518
-0.015259
-0.010974
-0.010346
-0.0061447
-0.0016559
-0.0026183
-6.1628e-005
0.0050216
0.0036188
0.0044899
0.0088703
0.0065787
0.0063927
0.0087234
0.0055127
0.0054611
0.0061773
0.0032725
0.0031051
0.0019004
0.00057567
0.0016697
-0.00051647
-0.0038132
-0.0025496
-0.0028435
-0.0066355
-0.0034744
-0.0017976
-0.0051129
-0.0015263
0.0006841
-0.0013248
0.0013224
0.0030995
0.0040304
0.0046672
0.0063809
0.0085519
0.011002
0.013041
0.013011
0.016494
0.017442
0.016121
0.019769
0.019734
0.01815
0.02097
0.020324
0.018866
0.019161
0.018338
0.016023
0.015499
0.015328
0.013726
0.012729
0.012685
0.010386
0.010172
0.0086326
0.0068207
0.0067963
0.0048928
0.0041092
0.0058653
0.0043663
0.0036917
0.0052715
0.0043053
0.0025206
0.0043731
0.0046055
0.0048631
0.0070164
0.0077106
0.012185
0.013987
0.013738
0.017082
0.018918
0.018558
0.02023
0.022384
0.021909
0.022226
0.023076
0.021018
0.020406
0.019575
0.017511
0.017354
0.015896
0.015206
0.014635
0.013713
0.013022
0.012051
0.010176
0.0099449
0.0087106
0.0082858
0.0087988
0.0086256
0.0082545
0.0080815
0.0073507
0.0068499
0.0066903
0.0052365
0.0056938
0.0058419
0.0055862
0.006605
0.0072143
0.008035
0.010687
0.010025
0.011273
0.012572
0.013811
0.013171
0.015656
0.016744
0.014453
0.0154
0.014072
0.012417
0.012509
0.010624
0.0099439
0.008342
0.0069424
0.0062422
0.0034632
0.0020556
0.00098041
0.00043818
-0.0012319
-0.0029378
-0.0018841
-0.0036126
-0.0051396
-0.0031277
-0.0036729
-0.0046366
-0.0033916
-0.0022414
-0.0026759
-0.001567
-0.00027669
-0.0018507
-0.0004467
-0.0014212
-0.0026704
-0.00060305
-0.0032576
-0.0035186
-0.00041552
-0.003752
-0.0044975
-0.0021889
-0.004672
-0.0067447
-0.0056263
-0.0074732
-0.0097462
-0.0067155
-0.0092095
-0.011459
-0.010762
-0.013458
-0.015158
-0.014684
-0.018761
-0.018556
-0.017993
-0.022057
-0.021227
-0.02042
-0.025562
-0.026203
-0.024254
-0.028543
-0.029246
-0.02657
-0.029605
-0.029385
-0.028177
-0.028309
-0.0275
-0.028581
-0.028062
-0.025598
-0.025662
-0.025616
-0.021894
-0.019336
-0.021453
-0.01788
-0.015232
-0.01696
-0.012577
-0.010326
-0.010202
-0.005754
-0.0015828
-0.00053793
0.0031619
0.006999
0.0087485
0.011254
0.013832
0.016008
0.021266
0.022742
0.022897
0.027719
0.02712
0.023337
0.02666
0.024997
0.020517
0.023565
0.023742
0.020646
0.022132
0.022069
0.021512
0.021152
0.01952
0.021403
0.023205
0.020401
0.022231
0.026218
0.02365
0.021544
0.024585
0.021662
0.019622
0.022515
0.020618
0.021295
0.02396
0.023068
0.02291
0.02264
0.022789
0.022781
0.020562
0.020515
0.022503
0.023293
0.022119
0.023829
0.024409
0.019551
0.018326
0.018872
0.015361
0.014596
0.017016
0.016554
0.015217
0.017241
0.016187
0.015353
0.015179
0.012961
0.015399
0.016475
0.014448
0.019638
0.019892
0.017103
0.01889
0.019933
0.018129
0.019375
0.022301
0.021447
0.024941
0.028419
0.026268
0.028486
0.029466
0.028202
0.029562
0.029127
0.029533
0.03327
0.032036
0.031828
0.03449
0.03274
0.029673
0.031935
0.032637
0.030865
0.035466
0.037182
0.037395
0.039189
0.039568
0.041377
0.039046
0.037723
0.03888
0.038564
0.039202
0.039639
0.041628
0.040826
0.039028
0.041668
0.040935
0.041502
0.044281
0.046197
0.049273
0.051716
0.054779
0.05608
0.056602
0.05852
0.057924
0.056787
0.05717
0.057411
0.05787
0.05614
0.053821
0.051629
0.046294
0.043074
0.040642
0.036981
0.033034
0.031179
0.029042
0.023421
0.021343
0.018252
0.015641
0.01197
0.0077984
0.0081565
0.0049031
0.0026096
0.0029867
0.0012374
-0.00026691
-0.0017028
-0.0025663
-0.0024023
-0.0023235
0.00044788
-2.1357e-005
0.0018325
0.0036049
0.0038283
0.0044661
0.0050758
0.0060956
0.0060761
0.0055585
0.0085308
0.010584
0.010513
0.011499
0.012347
0.012455
0.012056
0.012779
0.013811
0.013322
0.013572
0.014267
0.015229
0.013718
0.013447
0.01442
0.011927
0.010533
0.010905
0.01042
0.011339
0.010775
0.012449
0.012399
0.012281
0.013156
0.013834
0.015671
0.01622
0.017949
0.019855
0.021058
0.023116
0.024294
0.025055
0.026937
0.028767
0.027855
0.028701
0.031301
0.032177
0.031841
0.033429
0.033284
0.031999
0.031426
0.030266
0.029662
0.028481
0.027186
0.02682
0.024652
0.023365
0.022287
0.021528
0.018626
0.017257
0.016892
0.0148
0.013606
0.013684
0.012655
0.014114
0.013405
0.014402
0.017015
0.01726
0.018834
0.019881
0.021455
0.022783
0.025319
0.025959
0.027624
0.029363
0.030071
0.029832
0.030603
0.031038
0.031876
0.032885
0.033086
0.033155
0.033461
0.032907
0.031458
0.031052
0.029953
0.029049
0.027974
0.025795
0.024981
0.024447
0.02078
0.018442
0.017625
0.0158
0.012441
0.012478
0.011843
0.010079
0.011004
0.010804
0.009969
0.012069
0.012477
0.013208
0.015367
0.01593
0.018631
0.021031
0.021416
0.023365
0.024881
0.024575
0.024826
0.026464
0.026538
0.027352
0.029493
0.029047
0.028524
0.028737
0.026286
0.025739
0.024076
0.02157
0.02065
0.019144
0.016987
0.015253
0.013731
0.010786
0.0079252
0.0062947
0.0044054
0.0026514
0.0018239
0.0010577
-0.00075022
-0.00022971
-0.00052481
-0.00044136
0.00048262
0.00095602
0.0017397
0.0026848
0.003877
0.006074
0.0071627
0.007897
0.0089834
0.01112
0.010662
0.01102
0.013218
0.01409
0.014806
0.016157
0.015959
0.015035
0.014244
0.01184
0.010802
0.0093978
0.0063998
0.0050241
0.0021102
-0.00091267
-0.0030111
-0.0057023
-0.0098429
-0.012433
-0.014703
-0.01815
-0.019961
-0.021078
-0.022825
-0.02256
-0.023835
-0.02389
-0.022756
-0.022743
-0.022482
-0.021765
-0.021087
-0.019491
-0.017519
-0.016946
-0.015181
-0.013525
-0.012452
-0.012248
-0.010754
-0.0084997
-0.0061293
-0.0042247
-0.0017287
-0.00014492
0.00107
0.0022429
0.0025218
0.0040432
0.0041069
0.0048768
0.0073043
0.0072722
0.0087537
0.011457
0.010615
0.01028
0.011756
0.01155
0.01071
0.011881
0.014018
0.014351
0.016888
0.017842
0.018674
0.02154
0.021383
0.02323
0.025999
0.027045
0.030421
0.033066
0.034317
0.036427
0.038675
0.038145
0.038427
0.04048
0.041748
0.042383
0.044495
0.045017
0.044837
0.044791
0.041969
0.040317
0.03781
0.035239
0.033692
0.033004
0.030575
0.029217
0.028952
0.025422
0.021738
0.020447
0.018483
0.016147
0.014789
0.01532
0.014298
0.014713
0.014182
0.01385
0.015066
0.014442
0.015538
0.017601
0.018045
0.021867
0.023374
0.025312
0.027897
0.030161
0.030309
0.030547
0.033339
0.035138
0.036505
0.03934
0.04012
0.039481
0.038552
0.036844
0.035856
0.03399
0.032715
0.0322
0.030587
0.030068
0.029446
0.028911
0.026162
0.02483
0.023689
0.021644
0.021423
0.021678
0.022283
0.023403
0.024067
0.02567
0.027439
0.028388
0.030296
0.031723
0.03472
0.037237
0.041553
0.044715
0.047516
0.050798
0.05344
0.054204
0.056067
0.058455
0.060841
0.063309
0.065989
0.067054
0.067235
0.06661
0.065598
0.064493
0.062599
0.062092
0.061671
0.058451
0.058404
0.058037
0.054999
0.052113
0.048482
0.046159
0.04183
0.039767
0.038869
0.036788
0.035225
0.033062
0.031591
0.030149
0.02731
0.027054
0.02424
0.023817
0.023534
0.023166
0.022425
0.022359
0.021594
0.020434
0.018224
0.018091
0.018892
0.019257
0.019847
0.021122
0.021373
0.020328
0.019367
0.017306
0.01456
0.012561
0.010653
0.0094131
0.005998
0.0047977
0.0043268
-0.00012288
-0.0021458
-0.0032519
-0.0040798
-0.0053539
-0.0065063
-0.0028078
-0.0028471
-0.0019991
0.00052969
0.0020526
0.0036736
0.0047086
0.007076
0.0092467
0.011125
0.015567
0.016533
0.019138
0.02188
0.022993
0.024153
0.024172
0.025423
0.028673
0.029433
0.03167
0.034089
0.034262
0.033067
0.032797
0.032014
0.029133
0.028776
0.027773
0.026133
0.024997
0.023668
0.0234
0.019862
0.016574
0.015536
0.01258
0.010928
0.010632
0.011668
0.011366
0.010817
0.013283
0.013769
0.014132
0.015408
0.016448
0.018596
0.019859
0.023898
0.026
0.02787
0.03079
0.032505
0.032586
0.0334
0.034774
0.036448
0.036635
0.037997
0.03921
0.037639
0.036355
0.034655
0.032362
0.028593
0.027478
0.026296
0.022399
0.023412
0.022449
0.02182
0.020126
0.017322
0.017096
0.014323
0.012749
0.014154
0.013397
0.013733
0.013999
0.015575
0.015284
0.015239
0.017344
0.016546
0.018427
0.020347
0.022024
0.024509
0.025772
0.028295
0.030307
0.029387
0.030593
0.033579
0.035212
0.036724
0.039132
0.039894
0.037986
0.037349
0.035937
0.0322
0.029863
0.02789
0.025509
0.020703
0.019796
0.018441
0.014077
0.013153
0.01053
0.010636
0.0083537
0.0059159
0.0089867
0.0091083
0.0082229
0.009953
0.01112
0.011703
0.011979
0.01489
0.014483
0.01553
0.019355
0.018562
0.020401
0.022249
0.021627
0.022716
0.02201
0.022683
0.025095
0.025115
0.025727
0.027559
0.026768
0.024702
0.025494
0.024353
0.020709
0.020195
0.01859
0.015772
0.013744
0.01178
0.010655
0.0054235
0.0020382
0.00042077
-0.0033085
-0.0054773
-0.0072609
-0.0059039
-0.0067314
-0.0072696
-0.0038724
-0.0038061
-0.0026881
-0.0012352
4.8492e-005
0.0016613
0.0033321
0.0068967
0.0071882
0.0089278
0.012103
0.011777
0.0112
0.011264
0.01085
0.012186
0.011462
0.011615
0.012887
0.010948
0.0086092
0.0080875
0.0062635
0.0022436
0.0010075
-0.00059531
-0.0051005
-0.0053138
-0.0077786
-0.0089023
-0.011959
-0.015564
-0.016215
-0.019621
-0.021854
-0.020561
-0.020467
-0.019989
-0.018591
-0.014591
-0.013709
-0.011756
-0.0068813
-0.0059253
-0.0018737
0.00207
0.0066855
0.011068
0.015181
0.020006
0.024794
0.026301
0.030646
0.034801
0.037272
0.038986
0.042096
0.044406
0.043797
0.044373
0.04396
0.042133
0.03958
0.038234
0.036777
0.033436
0.032909
0.031772
0.028515
0.027917
0.024755
0.025574
0.024082
0.021654
0.023725
0.023866
0.023353
0.024646
0.026321
0.026972
0.027488
0.03019
0.02889
0.029563
0.032125
0.031631
0.033543
0.034618
0.035777
0.03696
0.035614
0.036568
0.039482
0.039029
0.03962
0.042233
0.042268
0.041263
0.042079
0.041697
0.038925
0.038025
0.036539
0.034629
0.030985
0.029023
0.028035
0.022879
0.020313
0.018926
0.016987
0.016413
0.014366
0.01677
0.016588
0.017174
0.020014
0.022095
0.024396
0.026028
0.028093
0.030308
0.0327
0.037183
0.037322
0.039543
0.043115
0.044342
0.044837
0.045109
0.0466
0.048388
0.048281
0.049642
0.051633
0.051146
0.050164
0.050885
0.050703
0.048299
0.04916
0.04919
0.046902
0.04757
0.046487
0.04707
0.045173
0.043193
0.043538
0.042019
0.041147
0.042539
0.042793
0.04382
0.043906
0.047527
0.04934
0.051386
0.053716
0.054929
0.056914
0.058917
0.061933
0.063403
0.064266
0.067196
0.067547
0.066322
0.066929
0.067064
0.066699
0.064951
0.063981
0.063225
0.059783
0.057526
0.05455
0.050319
0.045358
0.041493
0.036364
0.029174
0.02604
0.022453
0.018291
0.01479
0.010854
0.0092474
0.0047147
0.0018168
0.0013611
-0.00022073
-0.00041242
0.00055031
0.0015741
0.0027861
0.0032606
0.0055213
0.0046409
0.0053782
0.0071963
0.0085538
0.009881
0.01171
0.013973
0.015469
0.015355
0.017177
0.018794
0.019278
0.020353
0.023099
0.02483
0.0264
0.028009
0.028457
0.026682
0.025474
0.024245
0.022589
0.019482
0.018123
0.017937
0.013915
0.012627
0.012605
0.011821
0.0098588
0.0079528
0.009961
0.010354
0.011232
0.013725
0.015812
0.018257
0.019885
0.022017
0.023303
0.023656
0.026455
0.026678
0.028121
0.030336
0.032179
0.032895
0.032912
0.034655
0.035491
0.035285
0.037475
0.038852
0.039051
0.039536
0.039088
0.038974
0.036801
0.034444
0.032697
0.02967
0.026996
0.024936
0.023798
0.020328
0.01772
0.016709
0.014191
0.012896
0.0112
0.011973
0.011414
0.012118
0.014237
0.016356
0.017927
0.019197
0.020134
0.020372
0.02121
0.023515
0.02371
0.025216
0.027897
0.030033
0.030356
0.03128
0.033661
0.03483
0.035204
0.037174
0.038314
0.038956
0.040017
0.039111
0.038557
0.036924
0.034164
0.03207
0.028895
0.026471
0.025321
0.023574
0.020693
0.019134
0.017697
0.014975
0.013587
0.012956
0.012389
0.014591
0.014878
0.016709
0.020185
0.021035
0.022449
0.024009
0.024663
0.026066
0.02867
0.028983
0.030597
0.033353
0.033583
0.033576
0.034423
0.034685
0.034606
0.034655
0.034888
0.035748
0.036704
0.036895
0.035914
0.035147
0.033369
0.031047
0.029402
0.026041
0.023684
0.022815
0.01904
0.015242
0.014655
0.010917
0.0068567
0.0065287
0.0041692
0.0023762
0.0042987
0.0038123
0.0041372
0.0068537
0.0070017
0.0080838
0.011066
0.011215
0.013291
0.01655
0.016483
0.01857
0.02269
0.02184
0.022517
0.024861
0.024026
0.024665
0.027197
0.02616
0.026003
0.027192
0.024055
0.022851
0.022543
0.019061
0.01715
0.015077
0.011017
0.0089821
0.0074576
0.0040337
0.0011692
-0.00064331
-0.0026602
-0.0070344
-0.0074795
-0.010651
-0.012489
-0.012028
-0.014068
-0.013854
-0.011992
-0.013288
-0.013591
-0.012876
-0.013787
-0.013611
-0.011877
-0.011979
-0.011782
-0.0078975
-0.0084653
-0.0077699
-0.0045943
-0.0056727
-0.0043659
-0.0019763
-0.0024229
-0.00086165
0.0024754
0.00090712
0.0014047
0.0027012
-0.00083104
-0.0012093
-0.0020069
-0.0051109
-0.0041209
-0.0046899
-0.0050959
-0.0044291
-0.0035353
-0.0017335
-0.00096908
-6.1235e-005
0.0015315
0.005335
0.0095537
0.01055
0.016732
0.0204
0.02244
0.027086
0.028662
0.030353
0.032587
0.033965
0.036151
0.037507
0.04093
0.041035
0.042171
0.044405
0.044537
0.046581
0.048524
0.048566
0.051719
0.053227
0.051208
0.051692
0.051466
0.047049
0.046088
0.044062
0.037855
0.036696
0.032049
0.027357
0.027573
0.022754
0.020188
0.021038
0.017534
0.016375
0.018367
0.019085
0.017914
0.022557
0.023843
0.022658
0.027761
0.027521
0.029106
0.032561
0.031336
0.033456
0.035539
0.034828
0.035808
0.037097
0.037062
0.03799
0.04102
0.041004
0.040599
0.043417
0.042051
0.040844
0.041858
0.040423
0.037626
0.037105
0.035928
0.032049
0.031827
0.029348
0.024005
0.025046
0.020612
0.01754
0.019167
0.014849
0.015186
0.018579
0.017238
0.018789
0.02431
0.025286
0.02467
0.030976
0.031167
0.032599
0.038785
0.039447
0.042259
0.047844
0.046655
0.049901
0.053568
0.052885
0.055095
0.059004
0.056891
0.057855
0.061818
0.059252
0.058554
0.061064
0.057335
0.055141
0.054009
0.051673
0.050041
0.048622
0.046699
0.042398
0.041418
0.037196
0.033087
0.033068
0.026468
0.025926
0.027899
0.022564
0.023304
0.024761
0.022616
0.020826
0.022504
0.020532
0.019242
0.021947
0.020097
0.01843
0.021501
0.019044
0.019973
0.022481
0.019854
0.021195
0.022993
0.019006
0.02027
0.023085
0.017988
0.017211
0.018687
0.013139
0.011826
0.011249
0.0066836
0.0062442
0.0026908
0.00056556
-0.00073546
-0.0038464
-0.006809
-0.0076144
-0.0074061
-0.011132
-0.010111
-0.0065152
-0.0098104
-0.0049747
-0.0015828
-0.0021971
0.0027702
0.0057518
0.0078168
0.010065
0.014413
0.016675
0.018877
0.021788
0.023109
0.025341
0.027727
0.026727
0.030531
0.032326
0.029327
0.032039
0.033343
0.029187
0.030009
0.031503
0.026512
0.025946
0.026044
0.021085
0.020561
0.017388
0.013426
0.013866
0.0090024
0.0069835
0.0059019
0.0037588
-0.00032056
0.0012634
0.001989
-0.0015228
0.0029533
0.0042324
0.0022569
0.0077688
0.008721
0.0091674
0.012787
0.015418
0.017042
0.01926
0.021739
0.023989
0.02707
0.028516
0.028847
0.032942
0.032599
0.029693
0.033139
0.032181
0.027408
0.028895
0.027303
0.0224
0.021046
0.019671
0.014199
0.013171
0.010733
0.006691
0.0066612
0.0028366
0.0016499
0.0027325
-0.0016555
-0.0028491
-0.00010678
-0.0013833
-0.0028701
0.0017891
0.0026668
0.0010428
0.0072046
0.0083176
0.0074046
0.011726
0.012758
0.013798
0.016789
0.018915
0.022125
0.025631
0.026539
0.029099
0.033367
0.031405
0.030274
0.034437
0.032544
0.029914
0.03254
0.029828
0.024795
0.023402
0.020153
0.014946
0.010991
0.0081857
0.0037251
0.0028906
-0.00056458
-0.0013514
8.9889e-005
-0.0052793
-0.0050816
-0.0028387
-0.0050888
-0.0034154
0.001801
0.0022578
0.0025892
0.0080934
0.0090142
0.0086958
0.012388
0.012141
0.012577
0.014353
0.015224
0.017694
0.019552
0.01868
0.020549
0.022876
0.020114
0.020907
0.024894
0.02148
0.019885
0.023185
0.019565
0.016015
0.014816
0.010288
0.0057322
0.00070485
-0.0033832
-0.0059234
-0.0084433
-0.013574
-0.014311
-0.013907
-0.019668
-0.018356
-0.015736
-0.01888
-0.015174
-0.0096051
-0.0096123
-0.0063444
-0.0015909
-0.0010311
0.00038619
0.0032213
0.0031196
0.0041568
0.006297
0.0068771
0.0097956
0.0098855
0.008187
0.010577
0.010496
0.0063425
0.007732
0.0091243
0.0050347
0.004436
0.0063236
0.0016889
-0.0010317
-0.0022223
-0.0077942
-0.011374
-0.015555
-0.020892
-0.02407
-0.028962
-0.03395
-0.035718
-0.038495
-0.045203
-0.044134
-0.042845
-0.046925
-0.041726
-0.03725
-0.037465
-0.032351
-0.026959
-0.026195
-0.021682
-0.015846
-0.013447
-0.0089458
-0.0043415
-0.0018386
0.0044107
0.007107
0.0083053
0.013737
0.015614
0.013707
0.018809
0.02211
0.020908
0.024088
0.027163
0.024737
0.025024
0.026965
0.023756
0.022933
0.022201
0.020416
0.01887
0.016154
0.012366
0.012951
0.0097223
0.0051584
0.0075859
0.009522
0.006537
0.012183
0.016029
0.014882
0.02028
0.024116
0.023654
0.027092
0.031485
0.031881
0.035274
0.038243
0.039864
0.044484
0.044492
0.043131
0.046927
0.045527
0.041886
0.045154
0.044108
0.039499
0.041088
0.039076
0.033532
0.030966
0.028861
0.023539
0.021064
0.018751
0.015836
0.014114
0.010154
0.0069682
0.0068603
0.0042261
0.0010796
0.0031354
0.0034638
0.0022423
0.0072977
0.0098166
0.0092756
0.014761
0.017918
0.018025
0.021302
0.025982
0.026804
0.029828
0.032884
0.034771
0.038671
0.039808
0.040133
0.0455
0.044503
0.042334
0.046738
0.045406
0.041514
0.044562
0.043122
0.038463
0.037515
0.034762
0.030769
0.027536
0.025994
0.024289
0.023685
0.020422
0.02098
0.021697
0.019172
0.018794
0.022669
0.022728
0.023851
0.030206
0.032752
0.034832
0.040735
0.044237
0.04472
0.048549
0.052554
0.053932
0.056617
0.060577
0.06287
0.065128
0.064832
0.064847
0.066777
0.063941
0.06154
0.063702
0.060814
0.055633
0.056119
0.051178
0.044435
0.04094
0.034855
0.027022
0.020505
0.014218
0.010884
0.0056728
-0.0012605
-0.0032133
-0.006158
-0.013465
-0.014506
-0.013569
-0.017683
-0.01618
-0.011881
-0.012017
-0.0097821
-0.0051237
-0.0044884
-0.004648
-0.0014995
0.00041501
0.0025279
0.0031452
0.0063818
0.0096541
0.010523
0.010108
0.013104
0.014585
0.012227
0.013721
0.016882
0.015356
0.013766
0.016825
0.013727
0.0095458
0.0096034
0.0060328
0.0013332
-0.0014779
-0.0056278
-0.0069274
-0.00993
-0.013682
-0.01202
-0.012329
-0.01741
-0.014819
-0.011573
-0.013254
-0.0092207
-0.0042724
-0.0036483
0.00068642
0.0066192
0.0071371
0.0098726
0.013302
0.014566
0.018105
0.019495
0.022249
