0.0041164
0.0084426
0.0093153
0.01131
0.012309
0.013326
0.015353
0.01627
0.01837
0.019414
0.021355
0.022315
0.024284
0.02524
0.026244
0.02824
0.029261
0.031261
0.032337
0.034295
0.035253
0.037255
0.038274
0.039251
0.041259
0.042238
0.044277
0.045264
0.047309
0.048265
0.050262
0.051252
0.052273
0.054295
0.055285
0.057243
0.058262
0.060257
0.061239
0.062263
0.064373
0.065303
0.06729
0.068287
0.070344
0.071319
0.073298
0.074297
0.075259
0.077355
0.078313
0.080296
0.08129
0.083311
0.084325
0.086243
0.087239
0.08826
0.09026
0.091246
0.093349
0.094304
0.09628
0.097263
0.099272
0.10025
0.10135
0.10331
0.10431
0.10628
0.10724
0.10931
0.11027
0.11236
0.1133
0.1143
0.11628
0.11726
0.11926
0.12025
0.12235
0.12333
0.12432
0.12632
0.12732
0.12934
0.13027
0.13227
0.13325
0.13525
0.13628
0.13726
0.13927
0.14027
0.14227
0.14336
0.1453
0.14626
0.14826
0.14924
0.15027
0.15227
0.15325
0.15525
0.15624
0.15824
0.15926
0.16127
0.16225
0.16334
0.16527
0.16626
0.16827
0.16926
0.17134
0.1723
0.17433
0.17528
0.17627
0.17827
0.17926
0.18126
0.18225
0.18425
0.18527
0.18727
0.18826
0.18924
0.19125
0.19228
0.19425
0.19527
0.19736
0.19829
0.20032
0.2013
0.20231
0.20426
0.20527
0.20727
0.20825
0.21027
0.21126
0.21327
0.21426
0.21525
0.21726
0.21826
0.22027
0.22125
0.22338
0.22433
0.22525
0.22726
0.22825
0.23025
0.23124
0.23327
0.23427
0.23625
0.23728
0.23826
0.24027
0.24126
0.24338
0.24429
0.24627
0.24726
0.24927
0.25025
0.25127
0.25326
0.25427
0.25627
0.25726
0.25926
0.26025
0.26225
0.26335
0.26427
0.26626
0.26725
0.26925
0.27027
0.27227
0.27337
0.2753
0.27626
0.27727
0.27924
0.28026
0.28226
0.28333
0.28531
0.28628
0.28726
0.28926
0.29025
0.29225
0.29335
0.29538
0.29632
0.29831
0.29931
0.30032
0.30237
0.30331
0.30535
0.30626
0.30827
0.30925
0.31125
0.31227
0.31328
0.31524
0.31627
0.31827
0.31925
0.32135
0.32228
0.32427
0.32526
0.32625
0.32826
0.32925
0.33125
0.33224
0.33433
0.33527
0.33727
0.33826
0.33924
0.34128
0.34226
0.34425
0.34524
0.34726
0.34825
0.34927
0.35127
0.35225
0.35426
0.35525
0.35726
0.35825
0.36027
0.36127
0.36226
0.36435
0.36533
0.36732
0.36829
0.37032
0.37136
0.37332
0.37433
0.37527
0.37724
0.37824
0.38026
0.38125
0.38325
0.38424
0.38625
0.38724
0.38827
0.39025
0.39125
0.39327
0.39426
0.39628
0.39726
0.39825
0.40025
0.40124
0.40337
0.40429
0.40627
0.40726
0.40927
0.41025
0.41124
0.41325
0.41424
0.41625
0.41724
0.41924
0.42023
0.42231
0.42329
0.42424
0.42626
0.42725
0.42926
0.43025
0.43226
0.43337
0.43529
0.43626
0.43725
0.43926
0.44025
0.44226
0.44337
0.44528
0.44624
0.44826
0.44925
0.45025
0.45237
0.45332
0.45531
0.45626
0.45829
0.45928
0.46129
0.46228
0.46326
0.46529
0.46625
0.46831
0.46926
0.47128
0.47227
0.47337
0.47537
0.47635
0.4783
0.47932
0.48133
0.48229
0.48431
0.48527
0.48628
0.48826
0.48926
0.49126
0.49225
0.49425
0.49525
0.49726
0.49825
0.49924
0.50125
0.50224
0.50428
0.50527
0.50728
0.50827
0.51025
0.51124
0.51227
0.51424
0.51528
0.51736
0.51831
0.52031
0.52146
0.52235
0.52434
0.52526
0.52728
0.52826
0.53027
0.53126
0.53326
0.53425
0.53626
0.53725
0.53828
0.54024
0.54127
0.54326
0.54425
0.54637
0.54733
0.54831
0.55029
0.5513
0.55332
0.55431
0.55628
0.55727
0.55924
0.56027
0.56126
0.56326
0.56426
0.56627
0.56726
0.56928
0.57027
0.57228
0.57334
0.57429
0.5764
0.57731
0.57931
0.58025
0.58227
0.58326
0.58426
0.58636
0.5873
0.58928
0.59035
0.59233
0.59333
0.5953
0.59633
0.59728
0.59927
0.60027
0.60227
0.60334
0.60529
0.60626
0.60841
0.60931
0.61032
0.61233
0.61329
0.61532
0.61627
0.61836
0.61934
0.6213
0.62231
0.62333
0.62533
0.62625
0.62832
0.62933
0.63136
0.63234
0.63431
0.63527
0.63626
0.63827
0.63926
0.64127
0.64225
0.64424
0.64527
0.64626
0.64827
0.64926
0.65126
0.65225
0.65435
0.65527
0.65725
0.65825
0.65924
0.66125
0.66229
0.66436
0.66532
0.66731
0.66831
0.67029
0.6713
0.67234
0.67434
0.67527
0.67725
0.67824
0.68034
0.68133
0.68334
0.68433
0.68531
0.6873
0.68825
0.69027
0.69126
0.69328
0.69424
0.69637
0.6973
0.69824
0.70025
0.70135
0.70332
0.70434
0.70635
0.70732
0.7094
0.71036
0.71135
0.71331
0.71434
0.71628
0.71728
0.71925
0.72024
0.72236
0.72333
0.72431
0.72632
0.72727
0.72925
0.73024
0.73226
0.73332
0.73433
0.73626
0.73726
0.73942
0.74031
0.74232
0.74329
0.74534
0.74626
0.74726
0.74928
0.75027
0.75228
0.75328
0.75527
0.7563
0.75825
0.75924
0.76024
0.76225
0.76336
0.76531
0.76625
0.76827
0.76926
0.77127
0.77227
0.77324
0.77526
0.77626
0.77837
0.7793
0.78125
0.78225
0.78331
0.78532
0.78631
0.78831
0.78931
0.79134
0.79233
0.79431
0.79536
0.79635
0.79832
0.7993
0.80129
0.8023
0.80433
0.80526
0.80727
0.80826
0.80925
0.81127
0.81226
0.81425
0.81525
0.81726
0.81825
0.82024
0.82127
0.82226
0.82436
0.82532
0.82728
0.82828
0.83024
0.83127
0.83225
0.83426
0.83526
0.83727
0.83826
0.84027
0.84125
0.84328
0.84424
0.84527
0.84724
0.84824
0.85029
0.85125
0.85335
0.85428
0.85627
0.85726
0.85826
0.86026
0.86125
0.86324
0.86424
0.86626
0.86725
0.86926
0.87025
0.87128
0.87328
0.87424
0.87626
0.87726
0.87936
0.88032
0.88228
0.88333
0.88428
0.88632
0.88729
0.88925
0.89028
0.89225
0.89336
0.89427
0.89631
0.89731
0.89932
0.90027
0.90229
0.90328
0.90525
0.90624
0.90727
0.90927
0.91026
0.91227
0.91327
0.91529
0.91624
0.91825
0.91924
0.92027
0.9224
0.92331
0.92537
0.92625
0.92827
0.92926
0.93127
0.93226
0.93326
0.93527
0.93626
0.93826
0.93925
0.94127
0.94225
0.94426
0.94526
0.94625
0.94827
0.94925
0.95126
0.95225
0.95426
0.95525
0.95624
0.95829
0.95927
0.96124
0.96226
0.96435
0.96532
0.96731
0.96833
0.96932
0.97131
0.97232
0.97444
0.97536
0.97741
0.97836
0.98032
0.9814
0.98232
0.9843
0.98525
0.98726
0.98825
0.99025
0.99124
0.99328
0.99427
0.99527
0.99727
0.99826
1.0003
1.0034
1.0043
1.0063
1.0073
1.0082
1.0103
1.0112
1.0133
1.0143
1.0162
1.0172
1.0183
1.0202
1.0213
1.0233
1.0243
1.0262
1.0273
1.0292
1.0302
1.0313
1.0333
1.0343
1.0363
1.0373
1.0393
1.0403
1.0423
1.0435
1.0443
1.0463
1.0472
1.0493
1.0503
1.0523
1.0533
1.0553
1.0562
1.0573
1.0594
1.0603
1.0623
1.0633
1.0653
1.0663
1.0683
1.0692
1.0703
1.0723
1.0733
1.0753
1.0762
1.0783
1.0792
1.0813
1.0822
1.0834
1.0853
1.0862
1.0883
1.0893
1.0916
1.0923
1.0943
1.0953
1.0962
1.0983
1.0993
1.1013
1.1023
1.1043
1.1053
1.1073
1.1083
1.1092
1.1113
1.1123
1.1143
1.1152
1.1173
1.1183
1.1194
1.1213
1.1223
1.1243
1.1253
1.1273
1.1282
1.1303
1.1313
1.1332
1.1343
1.1353
1.1374
1.1383
1.1403
1.1413
1.1434
1.1443
1.1464
1.1473
1.1483
1.1503
1.1513
1.1533
1.1543
1.1563
1.1572
1.1582
1.1602
1.1612
1.1632
1.1643
1.1663
1.1674
1.1694
1.1703
1.1713
1.1733
1.1743
1.1762
1.1773
1.1793
1.1803
1.1823
1.1833
1.1843
1.1863
1.1874
1.1893
1.1903
1.1923
1.1933
1.1943
1.1962
1.1973
1.1993
1.2003
1.2023
1.2033
1.2053
1.2063
1.2073
1.2093
1.2103
1.2124
1.2133
1.2153
1.2163
1.2182
1.2192
1.2202
1.2224
1.2233
1.2253
1.2263
1.2283
1.2292
1.2314
1.2323
1.2333
1.2353
1.2363
1.2383
1.2393
1.2412
1.2423
1.2433
1.2453
1.2462
1.2483
1.2493
1.2513
1.2524
1.2543
1.2552
1.2563
1.2583
1.2592
1.2613
1.2623
1.2642
1.2652
1.2663
1.2683
1.2693
1.2713
1.2723
1.2743
1.2753
1.2773
1.2783
1.2793
1.2812
1.2824
1.2843
1.2853
1.2873
1.2883
1.2902
1.2913
1.2923
1.2943
1.2953
1.2973
1.2983
1.3003
1.3012
1.3033
1.3043
1.3053
1.3073
1.3082
1.3103
1.3113
1.3133
1.3143
1.3153
1.3172
1.3182
1.3202
1.3212
1.3233
1.3245
1.3263
1.3273
1.3282
1.3303
1.3313
1.3334
1.3343
1.3363
1.3373
1.3382
1.3403
1.3413
1.3433
1.3443
1.3462
1.3472
1.3493
1.3503
1.3513
1.3534
1.3543
1.3563
1.3574
1.3594
1.3603
1.3613
1.3633
1.3643
1.3663
1.3673
1.3693
1.3703
1.3724
1.3733
1.3743
1.3763
1.3773
1.3793
1.3803
1.3823
1.3833
1.3843
1.3863
1.3873
1.3893
1.3904
1.3923
1.3933
1.3953
1.3963
1.3973
1.3992
1.4003
1.4022
1.4032
1.4053
1.4062
1.4083
1.4092
1.4102
1.4124
1.4133
1.4153
1.4163
1.4183
1.4194
1.4213
1.4223
1.4233
1.4253
1.4263
1.4283
1.4293
1.4313
1.4323
1.4333
1.4353
1.4363
1.4383
1.4393
1.4412
1.4423
1.4443
1.4452
1.4462
1.4483
1.4492
1.4514
1.4523
1.4543
1.4553
1.4563
1.4584
1.4593
1.4613
1.4624
1.4643
1.4654
1.4663
1.4684
1.4693
1.4713
1.4723
1.4743
1.4753
1.4773
1.4783
1.4793
1.4813
1.4823
1.4843
1.4853
1.4874
1.4883
1.4903
1.4913
1.4923
1.4943
1.4953
1.4972
1.4982
1.5003
1.5013
1.5023
1.5042
1.5052
1.5073
1.5082
1.5103
1.5114
1.5123
1.5143
1.5153
1.5173
1.5182
1.5203
1.5213
1.5234
1.5243
1.5253
1.5273
1.5283
1.5303
1.5313
1.5332
1.5343
1.5363
1.5372
1.5382
1.5402
1.5412
1.5434
1.5443
1.5464
1.5473
1.5483
1.5503
1.5513
1.5533
1.5543
1.5563
1.5573
1.5593
1.5603
1.5613
1.5634
1.5643
1.5663
1.5673
1.5693
1.5703
1.5723
1.5733
1.5744
1.5763
1.5773
1.5793
1.5803
1.5823
1.5833
1.5843
1.5863
1.5873
1.5893
1.5903
1.5923
1.5932
1.5953
1.5962
1.5972
1.5992
1.6002
1.6024
1.6033
1.6054
1.6064
1.6083
1.6093
1.6103
1.6124
1.6133
1.6153
1.6163
1.6183
1.6193
1.6212
1.6222
1.6232
1.6253
1.6263
1.6283
1.6293
1.6313
1.6323
1.6332
1.6353
1.6364
1.6383
1.6393
1.6413
1.6423
1.6433
1.6453
1.6463
1.6483
1.6493
1.6513
1.6523
1.6544
1.6554
1.6563
1.6583
1.6593
1.6614
1.6623
1.6644
1.6653
1.6663
1.6684
1.6693
1.6713
1.6723
1.6743
1.6753
1.6773
1.6783
1.6793
1.6812
1.6823
1.6843
1.6853
1.6873
1.6883
1.6893
1.6912
1.6923
1.6943
1.6953
1.6973
1.6983
1.7005
1.7014
1.7023
1.7043
1.7053
1.7073
1.7082
1.7103
1.7113
1.7133
1.7143
1.7153
1.7173
1.7183
1.7202
1.7212
1.7234
1.7243
1.7253
1.7272
1.7282
1.7304
1.7313
1.7333
1.7343
1.7353
1.7373
1.7383
1.7402
1.7413
1.7434
1.7443
1.7463
1.7473
1.7483
1.7503
1.7513
1.7534
1.7543
1.7563
1.7573
1.7583
1.7605
1.7613
1.7633
1.7644
1.7663
1.7673
1.7693
1.7703
1.7713
1.7734
1.7743
1.7763
1.7773
1.7793
1.7803
1.7813
1.7833
1.7843
1.7862
1.7873
1.7893
1.7903
1.7913
1.7932
1.7943
1.7963
1.7973
1.7993
1.8003
1.8023
1.8033
1.8043
1.8063
1.8072
1.8093
1.8103
1.8123
1.8133
1.8143
1.8163
1.8173
1.8193
1.8203
1.8223
1.8233
1.8243
1.8263
1.8273
1.8293
1.8303
1.8323
1.8333
1.8353
1.8363
1.8373
1.8393
1.8403
1.8423
1.8432
1.8453
1.8462
1.8472
1.8494
1.8503
1.8524
1.8533
1.8553
1.8563
1.8573
1.8593
1.8603
1.8623
1.8633
1.8653
1.8662
1.8682
1.8692
1.8702
1.8723
1.8733
1.8753
1.8763
1.8783
1.8792
1.8802
1.8823
1.8833
1.8853
1.8862
1.8884
1.8893
1.8903
1.8923
1.8933
1.8954
1.8963
1.8983
1.8993
1.9012
1.9023
1.9033
1.9053
1.9062
1.9083
1.9093
1.9113
1.9123
1.9142
1.9152
1.9162
1.9184
1.9193
1.9213
1.9223
1.9243
1.9252
1.9273
1.9282
1.9293
1.9313
1.9324
1.9343
1.9353
1.9372
1.9382
1.9392
1.9413
1.9423
1.9443
1.9453
1.9473
1.9482
1.9503
1.9513
1.9523
1.9543
1.9553
1.9573
1.9583
1.9602
1.9612
1.9623
1.9644
1.9654
1.9673
1.9683
1.9703
1.9713
1.9733
1.9743
1.9753
1.9773
1.9782
1.9804
1.9813
1.9833
1.9843
1.9853
1.9873
1.9883
1.9903
1.9913
1.9934
1.9943
1.9962
1.9973
1.9983
2.0002
2.0013
2.0033
2.0043
2.0063
2.0073
2.0093
2.0103
2.0113
2.0133
2.0143
2.0163
2.0173
2.0192
2.0202
2.0213
2.0233
2.0243
2.0263
2.0273
2.0293
2.0304
2.0323
2.0333
2.0343
2.0363
2.0373
2.0393
2.0403
2.0423
2.0433
2.0443
2.0463
2.0473
2.0493
2.0503
2.0522
2.0533
2.0553
2.0563
2.0573
2.0592
2.0602
2.0624
2.0633
2.0653
2.0663
2.0682
2.0692
2.0703
2.0723
2.0732
2.0753
2.0765
2.0783
2.0793
2.0803
2.0823
2.0833
2.0854
2.0863
2.0883
2.0893
2.0913
2.0923
2.0933
2.0952
2.0962
2.0983
2.0993
2.1012
2.1024
2.1043
2.1053
2.1063
2.1084
2.1093
2.1113
2.1123
2.1143
2.1153
2.1163
2.1183
2.1192
2.1213
2.1223
2.1243
2.1253
2.1273
2.1283
2.1293
2.1312
2.1322
2.1343
2.1353
2.1374
2.1383
2.1393
2.1413
2.1423
2.1443
2.1453
2.1473
2.1483
2.1503
2.1513
2.1523
2.1543
2.1553
2.1573
2.1583
2.1603
2.1613
2.1623
2.1643
2.1653
2.1673
2.1684
2.1704
2.1713
2.1734
2.1743
2.1753
2.1772
2.1783
2.1803
2.1813
2.1834
2.1843
2.1853
2.1873
2.1883
2.1903
2.1913
2.1934
2.1943
2.1952
2.1973
2.1982
2.2003
2.2013
2.2033
2.2043
2.2063
2.2073
2.2083
2.2103
2.2113
2.2133
2.2142
2.2163
2.2173
2.2182
2.2203
2.2212
2.2234
2.2243
2.2263
2.2273
2.2293
2.2303
2.2313
2.2334
2.2343
2.2363
2.2373
2.2393
2.2403
2.2413
2.2433
2.2443
2.2463
2.2473
2.2493
2.2503
2.2524
2.2534
2.2543
2.2564
2.2573
2.2593
2.2603
2.2623
2.2633
2.2645
2.2664
2.2673
2.2693
2.2703
2.2724
2.2734
2.2753
2.2762
2.2772
2.2793
2.2803
2.2824
2.2833
2.2853
2.2863
2.2873
2.2893
2.2903
2.2922
2.2934
2.2953
2.2963
2.2973
2.2992
2.3002
2.3023
2.3033
2.3053
2.3062
2.3083
2.3093
2.3103
2.3123
2.3133
2.3153
2.3163
2.3183
2.3192
2.3203
2.3224
2.3233
2.3253
2.3263
2.3282
2.3292
2.3302
2.3323
2.3333
2.3354
2.3363
2.3383
2.3393
2.3413
2.3423
2.3433
2.3453
2.3463
2.3483
2.3493
2.3513
2.3524
2.3534
2.3553
2.3563
2.3583
2.3593
2.3613
2.3624
2.3633
2.3653
2.3663
2.3684
2.3693
2.3713
2.3724
2.3743
2.3752
2.3763
2.3783
2.3793
2.3813
2.3823
2.3843
2.3853
2.3863
2.3883
2.3892
2.3913
2.3924
2.3943
2.3953
2.3972
2.3982
2.3992
2.4013
2.4023
2.4043
2.4053
2.4073
2.4083
2.4093
2.4113
2.4122
2.4143
2.4153
2.4174
2.4183
2.4193
2.4213
2.4223
2.4243
2.4253
2.4273
2.4283
2.4303
2.4313
2.4324
2.4343
2.4353
2.4373
2.4383
2.4403
2.4412
2.4423
2.4443
2.4453
2.4473
2.4483
2.4502
2.4514
2.4524
2.4543
2.4553
2.4574
2.4583
2.4603
2.4613
2.4623
2.4643
2.4653
2.4673
2.4683
2.4703
2.4713
2.4733
2.4743
2.4753
2.4773
2.4782
2.4804
2.4813
2.4833
2.4843
2.4853
2.4873
2.4883
2.4903
2.4913
2.4933
2.4943
2.4953
2.4973
2.4983
2.5003
2.5014
2.5033
2.5043
2.5063
2.5073
2.5083
2.5103
2.5112
2.5133
2.5144
2.5163
2.5173
2.5183
2.5203
2.5213
2.5233
2.5243
2.5263
2.5273
2.5283
2.5303
2.5313
2.5333
2.5343
2.5363
2.5373
2.5393
2.5403
2.5413
2.5433
2.5444
2.5463
2.5473
2.5492
2.5502
2.5513
2.5534
2.5543
2.5563
2.5573
2.5593
2.5602
2.5612
2.5633
2.5643
2.5663
2.5673
2.5692
2.5702
2.5724
2.5734
2.5743
2.5763
2.5773
2.5793
2.5803
2.5822
2.5833
2.5843
2.5863
2.5873
2.5893
2.5903
2.5923
2.5935
2.5954
2.5963
2.5973
2.5993
2.6003
2.6023
2.6032
2.6053
2.6062
2.6072
2.6093
2.6103
2.6124
2.6133
2.6153
2.6163
2.6172
2.6194
2.6203
2.6223
2.6233
2.6253
2.6262
2.6282
2.6293
2.6303
2.6323
2.6332
2.6353
2.6363
2.6383
2.6392
2.6403
2.6424
2.6433
2.6453
2.6463
2.6483
2.6493
2.6503
2.6522
2.6534
2.6554
2.6563
2.6584
2.6593
2.6613
2.6624
2.6633
2.6653
2.6663
2.6683
2.6694
2.6713
2.6723
2.6733
2.6753
2.6762
2.6782
2.6792
2.6813
2.6822
2.6843
2.6853
2.6863
2.6883
2.6893
2.6913
2.6924
2.6943
2.6953
2.6963
2.6983
2.6993
2.7013
2.7023
2.7043
2.7053
2.7063
2.7083
2.7093
2.7113
2.7124
2.7143
2.7153
2.7173
2.7183
2.7192
2.7213
2.7223
2.7244
2.7253
2.7273
2.7283
2.7293
2.7313
2.7324
2.7344
2.7354
2.7373
2.7383
2.7403
2.7413
2.7423
2.7443
2.7453
2.7473
2.7483
2.7503
2.7512
2.7523
2.7543
2.7553
2.7573
2.7583
2.7603
2.7614
2.7623
2.7643
2.7653
2.7673
2.7683
2.7703
2.7713
2.7734
2.7743
2.7753
2.7772
2.7782
2.7803
2.7813
2.7833
2.7843
2.7853
2.7872
2.7882
2.7903
2.7914
2.7934
2.7943
2.7953
2.7972
2.7983
2.8002
2.8012
2.8033
2.8043
2.8063
2.8072
2.8082
2.8103
2.8112
2.8134
2.8143
2.8163
2.8173
2.8183
2.8203
2.8213
2.8233
2.8242
2.8263
2.8273
2.8283
2.8302
2.8312
2.8334
2.8343
2.8363
2.8372
2.8393
2.8403
2.8413
2.8433
2.8443
2.8463
2.8473
2.8493
2.8503
2.8513
2.8533
2.8543
2.8563
2.8572
2.8593
2.8602
2.8612
2.8634
2.8643
2.8663
2.8672
2.8693
2.8703
2.8723
2.8733
2.8743
2.8763
2.8772
2.8794
2.8803
2.8823
2.8833
2.8843
2.8864
2.8874
2.8893
2.8903
2.8923
2.8933
2.8953
2.8962
2.8973
2.8992
2.9003
2.9023
2.9032
2.9053
2.9063
2.9072
2.9093
2.9103
2.9123
2.9133
2.9152
2.9163
2.9173
2.9194
2.9203
2.9224
2.9233
2.9254
2.9263
2.9283
2.9292
2.9302
2.9324
2.9333
2.9353
2.9363
2.9383
2.9393
2.9402
2.9423
2.9433
2.9452
2.9463
2.9484
2.9493
2.9503
2.9524
2.9533
2.9553
2.9563
2.9583
2.9592
2.9612
2.9624
2.9634
2.9653
2.9663
2.9682
2.9693
2.9713
2.9723
2.9732
2.9753
2.9762
2.9783
2.9792
2.9814
2.9824
2.9833
2.9853
2.9863
2.9883
2.9893
2.9913
2.9923
2.9943
2.9953
2.9962
2.9983
2.9993
3.0012
3.0024
3.0043
3.0053
3.0063
3.0083
3.0093
3.0114
3.0124
3.0143
3.0153
3.0174
3.0183
3.0193
3.0213
3.0223
3.0243
3.0253
3.0272
3.0283
3.0293
3.0312
3.0323
3.0343
3.0353
3.0373
3.0383
3.0393
3.0414
3.0423
3.0443
3.0453
3.0473
3.0483
3.0503
3.0513
3.0524
3.0543
3.0552
3.0573
3.0583
3.0603
3.0613
3.0623
3.0644
3.0654
3.0673
3.0683
3.0703
3.0714
3.0733
3.0743
3.0752
3.0774
3.0783
3.0803
3.0813
3.0834
3.0843
3.0853
3.0873
3.0883
3.0904
3.0914
3.0933
3.0943
3.0953
3.1
3.1013
3.1033
3.1044
3.1063
3.1073
3.1083
3.1103
3.1113
3.1134
3.1143
3.1163
3.1173
3.1184
3.1216
3.1234
3.1243
3.1263
3.1273
3.1292
3.1304
3.1313
3.1333
3.1343
3.1363
3.1373
3.1393
3.1403
3.1413
3.1464
3.1473
3.1505
3.1514
3.1533
3.1543
3.1563
3.1574
3.1593
3.1604
3.1623
3.1633
3.1643
3.1663
3.1673
3.1693
3.1704
3.1724
3.1733
3.1743
3.1763
3.1773
3.1792
3.1803
3.1823
3.1833
3.1853
3.1863
3.1874
3.1893
3.1903
3.1923
3.1933
3.1953
3.1964
3.1974
3.1993
3.2003
3.2023
3.2033
3.2053
3.2064
3.2084
3.2093
3.2103
3.2123
3.2133
3.2154
3.2163
3.2183
3.2193
3.2202
3.2223
3.2233
3.2253
3.2263
3.2283
3.2293
3.2304
3.2324
3.2333
3.2354
3.2363
3.2383
3.2393
3.2403
3.2423
3.2433
3.2453
3.2463
3.2482
3.2493
3.2514
3.2524
3.2533
3.2554
3.2564
3.2583
3.2593
3.2613
3.2623
3.2633
3.2653
3.2663
3.2683
3.2692
3.2713
3.2724
3.2733
3.2753
3.2763
3.2783
3.2792
3.2813
3.2823
3.2843
3.2853
3.2863
3.2883
3.2893
3.2913
3.2924
3.2943
3.2953
3.2963
3.2983
3.2993
3.3013
3.3024
3.3043
3.3053
3.3073
3.3082
3.3093
3.3112
3.3124
3.3143
3.3153
3.3174
3.3183
3.3193
3.3213
3.3223
3.3242
3.3253
3.3273
3.3283
3.3292
3.3313
3.3324
3.3343
3.3353
3.3373
3.3383
3.3392
3.3413
3.3423
3.3443
3.3453
3.3472
3.3483
3.3503
3.3513
3.3523
3.3543
3.3553
3.3573
3.3583
3.3603
3.3613
3.3624
3.3643
3.3653
3.3673
3.3682
3.3703
3.3712
3.3733
3.3743
3.3753
3.3773
3.3782
3.3803
3.3812
3.3833
3.3843
3.3854
3.3874
3.3883
3.3903
3.3913
3.3934
3.3943
3.3953
3.3973
3.3982
3.4003
3.4012
3.4034
3.4043
3.4063
3.4073
3.4083
3.4103
3.4112
3.4133
3.4143
3.4164
3.4174
3.4183
3.4203
3.4213
3.4233
3.4243
3.4263
3.4273
3.4283
3.4302
3.4313
3.4333
3.4342
3.4362
3.4373
3.4393
3.4403
3.4412
3.4433
3.4443
3.4462
3.4473
3.4493
3.4503
3.4513
3.4533
3.4542
3.4562
3.4573
3.4593
3.4603
3.4623
3.4633
3.4643
3.4663
3.4673
3.4693
3.4703
3.4723
3.4732
3.4743
3.4763
3.4773
3.4793
3.4802
3.4824
3.4833
3.4843
3.4863
3.4873
3.4893
3.4902
3.4923
3.4933
3.4952
3.4963
3.4972
3.4993
3.5002
3.5023
3.5032
3.5053
3.5063
3.5072
3.5093
3.5103
3.5124
3.5134
3.5153
3.5163
3.5183
3.5193
3.5202
3.5223
3.5233
3.5253
3.5262
3.5283
3.5292
3.5303
3.5323
3.5333
3.5353
3.5363
3.5383
3.5394
3.5403
3.5423
3.5433
3.5453
3.5463
3.5482
3.5493
3.5513
3.5523
3.5532
3.5552
3.5563
3.5583
3.5593
3.5613
3.5623
3.5633
3.5654
3.5663
3.5683
3.5693
3.5714
3.5724
3.5733
3.5753
3.5762
3.5783
3.5793
3.5813
3.5822
3.5843
3.5852
3.5863
3.5883
3.5893
3.5913
3.5924
3.5943
3.5953
3.5963
3.5983
3.5993
3.6013
3.6023
3.6043
3.6053
3.6073
3.6083
3.6092
3.6112
3.6123
3.6143
3.6153
3.6173
3.6182
3.6193
3.6213
3.6224
3.6243
3.6253
3.6273
3.6283
3.6293
3.6313
3.6323
3.6343
3.6353
3.6373
3.6382
3.6403
3.6412
3.6424
3.6443
3.6453
3.6473
3.6483
3.6503
3.6513
3.6523
3.6543
3.6553
3.6573
3.6582
3.6603
3.6612
3.6622
3.6643
3.6653
3.6673
3.6683
3.6703
3.6713
3.6724
3.6745
3.6753
3.6773
3.6783
3.6803
3.6813
3.6834
3.6843
3.6853
3.6873
3.6882
3.6902
3.6913
3.6933
3.6943
3.6953
3.6973
3.6982
3.7002
3.7014
3.7034
3.7043
3.7064
3.7073
3.7083
3.7103
3.7113
3.7134
3.7144
3.7164
3.7175
3.7183
3.7203
3.7216
3.7234
3.7243
3.7263
3.7273
3.7283
3.7302
3.7313
3.7333
3.7342
3.7362
3.7373
3.7393
3.7403
3.7413
3.7433
3.7443
3.7463
3.7473
3.7494
3.7503
3.7513
3.7534
3.7543
3.7563
3.7573
3.7593
3.7602
3.7623
3.7633
3.7643
3.7663
3.7673
3.7693
3.7703
3.7724
3.7733
3.7743
3.7763
3.7772
3.7792
3.7803
3.7823
3.7833
3.7843
3.7863
3.7873
3.7893
3.7903
3.7923
3.7934
3.7953
3.7963
3.7973
3.7994
3.8003
3.8023
3.8034
3.8053
3.8063
3.8073
3.8093
3.8102
3.8123
3.8133
3.8155
3.8163
3.8183
3.8193
3.8203
3.8224
3.8234
3.8253
3.8263
3.8283
3.8292
3.8303
3.8324
3.8334
3.8353
3.8363
3.8383
3.8392
3.8403
3.8423
3.8432
3.8452
3.8463
3.8483
3.8492
3.8513
3.8523
3.8534
3.8553
3.8563
3.8583
3.8593
3.8613
3.8623
3.8633
3.8653
3.8663
3.8683
3.8692
3.8713
3.8722
3.8743
3.8752
3.8763
3.8783
3.8793
3.8813
3.8823
3.8843
3.8854
3.8864
3.8883
3.8893
3.8913
3.8923
3.8943
3.8953
3.8963
3.8983
3.8993
3.9013
3.9023
3.9043
3.9053
3.9072
3.9083
3.9094
3.9113
3.9124
3.9143
3.9153
3.9173
3.9183
3.9193
3.9213
3.9223
3.9243
3.9253
3.9273
3.9283
3.9293
3.9313
3.9324
3.9343
3.9353
3.9373
3.9383
3.9403
3.9413
3.9422
3.9442
3.9453
3.9473
3.9484
3.9503
3.9514
3.9523
3.9543
3.9552
3.9573
3.9583
3.9602
3.9613
3.9622
3.9643
3.9653
3.9673
3.9682
3.9702
3.9713
3.9734
3.9743
3.9753
3.9773
3.9784
3.9803
3.9813
3.9834
3.9843
3.9853
3.9873
3.9882
3.9902
3.9913
3.9934
3.9943
3.9953
3.9973
3.9983
4.0003
4.0013
4.0034
4.0043
4.0064
4.0073
4.0083
4.0103
4.0113
4.0133
4.0143
4.0163
4.0172
4.0183
4.0203
4.0213
4.0233
4.0243
4.0262
4.0273
4.0282
4.0302
4.0313
4.0333
4.0343
4.0363
4.0372
4.0393
4.0403
4.0413
4.0434
4.0443
4.0463
4.0474
4.0493
4.0504
4.0514
4.0533
4.0543
4.0563
4.0573
4.0592
4.0603
4.0623
4.0632
4.0643
4.0664
4.0673
4.0693
4.0702
4.0723
4.0733
4.0743
4.0763
4.0772
4.0792
4.0803
4.0823
4.0832
4.0852
4.0863
4.0873
4.0893
4.0904
4.0924
4.0934
4.0953
4.0963
4.0984
4.0993
4.1003
4.1022
4.1032
4.1054
4.1064
4.1084
4.1093
4.1103
4.1123
4.1134
4.1155
4.1163
4.1184
4.1193
4.1213
4.1223
4.1233
4.1254
4.1263
4.1283
4.1293
4.1313
4.1323
4.1333
4.1354
4.1363
4.1383
4.1393
4.1413
4.1423
4.1444
4.1454
4.1463
4.1483
4.1493
4.1513
4.1523
4.1544
4.1552
4.1573
4.1583
4.1593
4.1613
4.1623
4.1643
4.1654
4.1674
4.1683
4.1694
4.1713
4.1723
4.1743
4.1753
4.1773
4.1783
4.1803
4.1813
4.1823
4.1843
4.1853
4.1873
4.1883
4.1903
4.1915
4.1933
4.1943
4.1953
4.1973
4.1983
4.2003
4.2013
4.2033
4.2043
4.2063
4.2072
4.2083
4.2102
4.2113
4.2133
4.2142
4.2162
4.2173
4.2183
4.2203
4.2212
4.2233
4.2242
4.2263
4.2273
4.2293
4.2302
4.2313
4.2333
4.2343
4.2363
4.2373
4.2393
4.2402
4.2423
4.2433
4.2443
4.2463
4.2473
4.2493
4.2502
4.2523
4.2533
4.2542
4.2563
4.2573
4.2593
4.2604
4.2623
4.2633
4.2653
4.2663
4.2674
4.2693
4.2703
4.2723
4.2733
4.2753
4.2763
4.2783
4.2793
4.2802
4.2823
4.2833
4.2853
4.2863
4.2884
4.2893
4.2904
4.2924
4.2933
4.2954
4.2963
4.2983
4.2993
4.3013
4.3022
4.3032
4.3053
4.3062
4.3083
4.3093
4.3112
4.3123
4.3133
4.3153
4.3163
4.3183
4.3192
4.3213
4.3223
4.3242
4.3253
4.3263
4.3283
4.3293
4.3313
4.3323
4.3343
4.3353
4.3373
4.3383
4.3392
4.3413
4.3423
4.3442
4.3453
4.3473
4.3483
4.3493
4.3514
4.3524
4.3543
4.3553
4.3573
4.3583
4.3593
4.3612
4.3623
4.3644
4.3653
4.3673
4.3683
4.3703
4.3712
4.3723
4.3743
4.3752
4.3772
4.3783
4.3803
4.3813
4.3822
4.3843
4.3852
4.3872
4.3883
4.3903
4.3913
4.3923
4.3943
4.3952
4.3973
4.3983
4.4003
4.4013
4.4034
4.4043
4.4053
4.4073
4.4082
4.4102
4.4113
4.4134
4.4143
4.4153
4.4173
4.4183
4.4202
4.4213
4.4233
4.4243
4.4253
4.4273
4.4283
4.4303
4.4312
4.4333
4.4343
4.4362
4.4373
4.4383
4.4403
4.4412
4.4434
4.4443
4.4463
4.4473
4.4483
4.4503
4.4513
4.4533
4.4542
4.4563
4.4573
4.4592
4.4603
4.4613
4.4634
4.4643
4.4663
4.4673
4.4693
4.4702
4.4713
4.4733
4.4743
4.4763
4.4774
4.4793
4.4802
4.4813
4.4834
4.4843
4.4863
4.4873
4.4893
4.4903
4.4912
4.4933
4.4942
4.4963
4.4973
4.4994
4.5004
4.5024
4.5036
4.5044
4.5063
4.5073
4.5093
4.5103
4.5122
4.5133
4.5143
4.5163
4.5173
4.5193
4.5203
4.5223
4.5233
4.5252
4.5262
4.5273
4.5293
4.5303
4.5323
4.5333
4.5353
4.5363
4.5372
4.5394
4.5403
4.5423
4.5433
4.5453
4.5463
4.5472
4.5493
4.5503
4.5523
4.5533
4.5553
4.5562
4.5583
4.5592
4.5603
4.5624
4.5633
4.5654
4.5663
4.5683
4.5694
4.5704
4.5723
4.5733
4.5753
4.5762
4.5783
4.5793
4.5803
4.5823
4.5832
4.5854
4.5863
4.5883
4.5893
4.5913
4.5924
4.5934
4.5953
4.5963
4.5983
4.5992
4.6013
4.6023
4.6033
4.6053
4.6062
4.6082
4.6092
4.6113
4.6123
4.6132
4.6153
4.6163
4.6183
4.6193
4.6213
4.6223
4.6243
4.6253
4.6263
4.6283
4.6293
4.6314
4.6324
4.6343
4.6353
4.6363
4.6383
4.6393
4.6412
4.6423
4.6443
4.6453
4.6462
4.6482
4.6492
4.6513
4.6524
4.6543
4.6553
4.6573
4.6583
4.6593
4.6613
4.6624
4.6644
4.6653
4.6673
4.6684
4.6693
4.6713
4.6724
4.6744
4.6753
4.6773
4.6783
4.6803
4.6814
4.6823
4.6843
4.6853
4.6873
4.6884
4.6903
4.6913
4.6923
4.6943
4.6954
4.6973
4.6983
4.7003
4.7013
4.7033
4.7043
4.7053
4.7073
4.7083
4.7103
4.7113
4.7133
4.7144
4.7153
4.7173
4.7183
4.7202
4.7212
4.7234
4.7243
4.7254
4.7274
4.7284
4.7303
4.7313
4.7333
4.7344
4.7363
4.7373
4.7383
4.7402
4.7413
4.7432
4.7443
4.7463
4.7473
4.7483
4.7503
4.7513
4.7534
4.7543
4.7563
4.7574
4.7584
4.7604
4.7613
4.7633
4.7643
4.7663
4.7673
4.7693
4.7702
4.7713
4.7734
4.7743
4.7762
4.7773
4.7793
4.7803
4.7814
4.7834
4.7844
4.7863
4.7873
4.7893
4.7903
4.7923
4.7933
4.7943
4.7963
4.7973
4.7993
4.8003
4.8025
4.8034
4.8043
4.8063
4.8073
4.8092
4.8102
4.8123
4.8134
4.8153
4.8163
4.8173
4.8193
4.8203
4.8223
4.8233
4.8253
4.8263
4.8273
4.8293
4.8303
4.8323
4.8333
4.8353
4.8363
4.8373
4.8393
4.8403
4.8424
4.8434
4.8453
4.8463
4.8483
4.8493
4.8504
4.8523
4.8534
4.8553
4.8563
4.8583
4.8592
4.8602
4.8623
4.8633
4.8653
4.8663
4.8683
4.8693
4.8713
4.8724
4.8734
4.8753
4.8763
4.8783
4.8793
4.8813
4.8824
4.8834
4.8854
4.8863
4.8883
4.8893
4.8913
4.8923
4.8943
4.8953
4.8963
4.8983
4.8993
4.9012
4.9023
4.9042
4.9052
4.9063
4.9082
4.9093
4.9113
4.9123
4.9143
4.9154
4.9163
4.9183
4.9193
4.9213
4.9223
4.9243
4.9252
4.9273
4.9282
4.9292
4.9312
4.9324
4.9345
4.9354
4.9373
4.9383
4.9393
4.9413
4.9424
4.9444
4.9454
4.9473
4.9483
4.9503
4.9514
4.9523
4.9543
4.9553
4.9573
4.9583
4.9603
4.9613
4.9623
4.9644
4.9653
4.9673
4.9683
4.9703
4.9713
4.9723
4.9744
4.9753
4.9774
4.9784
4.9803
4.9813
4.9833
4.9843
4.9852
4.9873
4.9883
4.9903
4.9913
4.9933
4.9943
4.9963
4.9973
4.9982
5.0003
5.0064
5.0074
5.0083
5.0102
5.0113
5.0133
5.0142
5.0163
5.0172
5.0182
5.0203
5.0212
5.0233
5.0243
5.0263
5.0273
5.0293
5.0303
5.0313
5.0333
5.0343
5.0364
5.0376
5.0394
5.0403
5.0413
5.0433
5.0443
5.0462
5.0473
5.0492
5.0503
5.0523
5.0534
5.0544
5.0563
5.0573
5.0593
5.0603
5.0623
5.0634
5.0653
5.0663
5.0673
5.0694
5.0704
5.0724
5.0733
5.0753
5.0763
5.0773
5.0793
5.0803
5.0823
5.0833
5.0854
5.0864
5.0884
5.0893
5.0903
5.0924
5.0934
5.0953
5.0963
5.0983
5.0992
5.1014
5.1023
5.1034
5.1054
5.1064
5.1083
5.1093
5.1113
5.1123
5.1143
5.1152
5.1162
5.1183
5.1192
5.1213
5.1222
5.1243
5.1253
5.1263
5.1283
5.1293
5.1315
5.1324
5.1344
5.1354
5.1374
5.1384
5.1395
5.1413
5.1423
5.1443
5.1453
5.1473
5.1483
5.1503
5.1513
5.1522
5.1543
5.1553
5.1573
5.1583
5.1603
5.1612
5.1633
5.1643
5.1653
5.1673
5.1683
5.1702
5.1712
5.1733
5.1743
5.1763
5.1773
5.1783
5.1803
5.1813
5.1833
5.1842
5.1864
5.1874
5.1884
5.1903
5.1913
5.1934
5.1943
5.1963
5.1973
5.1993
5.2003
5.2013
5.2033
5.2043
5.2063
5.2072
5.2093
5.2102
5.2123
5.2133
5.2143
5.2162
5.2172
5.2193
5.2202
5.2222
5.2233
5.2253
5.2263
5.2274
5.2293
5.2303
5.2323
5.2334
5.2353
5.2363
5.2384
5.2393
5.2403
5.2423
5.2433
5.2452
5.2462
5.2482
5.2493
5.2513
5.2548
5.2559
5.2563
5.2584
5.2594
5.2613
5.2623
5.2644
5.2653
5.2663
5.2683
5.2693
5.2713
5.2726
5.2743
5.2754
5.2773
5.2783
5.2793
5.2813
5.2823
5.2843
5.2854
5.2874
5.2883
5.2903
5.2912
5.2923
5.2943
5.2953
5.2973
5.2983
5.3003
5.3013
5.3033
5.3043
5.3053
5.3073
5.3083
5.3102
5.3113
5.3134
5.3144
5.3164
5.3173
5.3183
5.3203
5.3213
5.3233
5.3243
5.3263
5.3273
5.3293
5.3303
5.3313
5.3332
5.3343
5.3363
5.3372
5.3393
5.3403
5.3413
5.3433
5.3443
5.3463
5.3473
5.3492
5.3502
5.3524
5.3533
5.3543
5.3563
5.3573
5.3593
5.3603
5.3623
5.3633
5.3653
5.3664
5.3674
5.3694
5.3704
5.3724
5.3734
5.3753
5.3763
5.3783
5.3793
5.3803
5.3824
5.3833
5.3853
5.3863
5.3883
5.3893
5.3912
5.3924
5.3933
5.3953
5.3963
5.3983
5.3992
5.4013
5.4023
5.4043
5.4053
5.4062
5.4083
5.4093
5.4113
5.4124
5.4144
5.4154
5.4174
5.4183
5.4193
5.4214
5.4224
5.4244
5.4254
5.4273
5.4284
5.4303
5.4313
5.4324
5.4343
5.4352
5.4373
5.4383
5.4402
5.4412
5.4433
5.4443
5.4463
5.4473
5.4483
5.4503
5.4513
5.4533
5.4543
5.4563
5.4574
5.4593
5.4605
5.4613
5.4633
5.4643
5.4664
5.4673
5.4693
5.4703
5.4723
5.4733
5.4743
5.4764
5.4773
5.4793
5.4803
5.4823
5.4833
5.4853
5.4863
5.4873
5.4893
5.4903
5.4923
5.4933
5.4953
5.4963
5.4972
5.4993
5.5003
5.5024
5.5033
5.5053
5.5064
5.5084
5.5093
5.5113
5.5123
5.5133
5.5153
5.5163
5.5183
5.5193
5.5212
5.5224
5.5233
5.5253
5.5263
5.5282
5.5292
5.5313
5.5323
5.5343
5.5353
5.5364
5.5384
5.5394
5.5414
5.5423
5.5443
5.5453
5.5473
5.5482
5.5493
5.5513
5.5524
5.5543
5.5554
5.5573
5.5583
5.5604
5.5614
5.5623
5.5644
5.5653
5.5673
5.5683
5.5703
5.5713
5.5733
5.5742
5.5753
5.5773
5.5783
5.5802
5.5813
5.5833
5.5843
5.5863
5.5872
5.5882
5.5903
5.5913
5.5933
5.5943
5.5963
5.5973
5.5993
5.6003
5.6015
5.6034
5.6043
5.6063
5.6073
5.6093
5.6102
5.6112
5.6133
5.6143
5.6163
5.6173
5.6193
5.6203
5.6223
5.6233
5.6243
5.6263
5.6273
5.6293
5.6303
5.6324
5.6334
5.6353
5.6364
5.6373
5.6394
5.6403
5.6424
5.6434
5.6453
5.6463
5.6483
5.6493
5.6513
5.6523
5.6533
5.6553
5.6563
5.6583
5.6593
5.6614
5.6624
5.6634
5.6653
5.6663
5.6683
5.6693
5.6713
5.6723
5.6743
5.6753
5.6763
5.6782
5.6792
5.6813
5.6824
5.6843
5.6852
5.6872
5.6883
5.6892
5.6913
5.6923
5.6943
5.6953
5.6973
5.6983
5.7002
5.7013
5.7033
5.7043
5.7052
5.7073
5.7083
5.7103
5.7112
5.7133
5.7143
5.7163
5.7173
5.7183
5.7203
5.7213
5.7234
5.7244
5.7264
5.7274
5.7294
5.7304
5.7314
5.7334
5.7343
5.7363
5.7373
5.7394
5.7403
5.7413
5.7434
5.7443
5.7462
5.7473
5.7492
5.7502
5.7523
5.7533
5.7544
5.7564
5.7574
5.7593
5.7603
5.7624
5.7633
5.7653
5.7663
5.7674
5.7693
5.7703
5.7723
5.7733
5.7752
5.7763
5.7782
5.7793
5.7803
5.7823
5.7833
5.7852
5.7863
5.7883
5.7896
5.7913
5.7923
5.7933
5.7952
5.7963
5.7982
5.7993
5.8013
5.8023
5.8033
5.8052
5.8062
5.8083
5.8092
5.8113
5.8123
5.8143
5.8152
5.8173
5.8182
5.8193
5.8213
5.8223
5.8243
5.8253
5.8273
5.8283
5.8293
5.8312
5.8323
5.8342
5.8353
5.8373
5.8383
5.8403
5.8413
5.8423
5.8443
5.8453
5.8473
5.8483
5.8503
5.8513
5.8533
5.8543
5.8552
5.8573
5.8582
5.8603
5.8613
5.8633
5.8643
5.8663
5.8673
5.8683
5.8702
5.8712
5.8733
5.8743
5.8763
5.8772
5.8783
5.8802
5.8814
5.8835
5.8844
5.8864
5.8873
5.8893
5.8904
5.8913
5.8933
5.8943
5.8963
5.8973
5.8993
5.9003
5.9013
5.9033
5.9042
5.9062
5.9073
5.9093
5.9103
5.9124
5.9134
5.9143
5.9163
5.9174
5.9194
5.9203
5.9224
5.9234
5.9254
5.9263
5.9273
5.9294
5.9303
5.9323
5.9333
5.9353
5.9363
5.9383
5.9393
5.9402
5.9423
5.9433
5.9453
5.9463
5.9482
5.9493
5.9513
5.9523
5.9532
5.9554
5.9563
5.9583
5.9593
5.9613
5.9623
5.9644
5.9653
5.9663
5.9683
5.9693
5.9713
5.9724
5.9743
5.9753
5.9776
5.9784
5.9793
5.9813
5.9823
5.9843
5.9853
5.9873
5.9883
5.9903
5.9914
5.9923
5.9943
5.9952
5.9973
5.9983
6.0002
6.0013
6.0023
6.0043
6.0053
6.0073
6.0083
6.0103
6.0113
6.0133
6.0142
6.0153
6.0173
6.0183
6.0203
6.0213
6.0233
6.0243
6.0263
6.0273
6.0283
6.0303
6.0313
6.0333
6.0343
6.0364
6.0374
6.0384
6.0404
6.0413
6.0434
6.0443
6.0463
6.0473
6.0493
6.0503
6.0513
6.0533
6.0543
6.0563
6.0574
6.0593
6.0603
6.0623
6.0633
6.0643
6.0663
6.0673
6.0693
6.0703
6.0724
6.0733
6.0743
6.0763
6.0773
6.0793
6.0803
6.0823
6.0833
6.0852
6.0863
6.0872
6.0893
6.0903
6.0924
6.0933
6.0953
6.0963
6.0983
6.0993
6.1003
6.1024
6.1033
6.1053
6.1063
6.1083
6.1093
6.1113
6.1123
6.1144
6.1154
6.1164
6.1184
6.1194
6.1213
6.1223
6.1244
6.1253
6.1273
6.1283
6.1294
6.1313
6.1325
6.1344
6.1354
6.1374
6.1384
6.1404
6.1414
6.1434
6.1443
6.1454
6.1474
6.1484
6.1504
6.1513
6.1533
6.1543
6.1563
6.1574
6.1583
6.1603
6.1614
6.1633
6.1644
6.1663
6.1673
6.1684
6.1703
6.1713
6.1733
6.1744
6.1763
6.1774
6.1794
6.1804
6.1814
6.1834
6.1843
6.1863
6.1873
6.1893
6.1903
6.1923
6.1933
6.1953
6.1963
6.1973
6.1994
6.2003
6.2023
6.2033
6.2053
6.2064
6.2083
6.2093
6.2102
6.2124
6.2133
6.2153
6.2163
6.2183
6.2193
6.2214
6.2224
6.2233
6.2253
6.2263
6.2283
6.2293
6.2313
6.2323
6.2343
6.2353
6.2363
6.2384
6.2394
6.2413
6.2424
6.2444
6.2453
6.2473
6.2484
6.2494
6.2514
6.2526
6.2544
6.2554
6.2574
6.2583
6.2604
6.2614
6.2624
6.2644
6.2653
6.2673
6.2683
6.2703
6.2713
6.2733
6.2743
6.2753
6.2774
6.2784
6.2804
6.2814
6.2833
6.2843
6.2863
6.2873
6.2883
6.2903
6.2914
6.2934
6.2943
6.2963
6.2973
6.2993
6.3003
6.3013
6.3033
6.3043
6.3064
6.3074
6.3094
6.3104
6.3124
6.3133
6.3143
6.3163
6.3173
6.3193
6.3203
6.3223
6.3233
6.3253
6.3262
6.3273
6.3293
6.3303
6.3323
6.3333
6.3354
6.3364
6.3383
6.3393
6.3403
6.3424
6.3433
6.3453
6.3463
6.3483
6.3494
6.3513
6.3523
6.3534
6.3553
6.3563
6.3583
6.3593
6.3613
6.3623
6.3643
6.3654
6.3664
6.3684
6.3693
6.3713
6.3724
6.3744
6.3754
6.3773
6.3784
6.3794
6.3814
6.3824
6.3843
6.3853
6.3873
6.3883
6.3903
6.3913
6.3933
6.3943
6.3953
6.3973
6.3982
6.4003
6.4013
6.4033
6.4043
6.4053
6.4073
6.4083
6.4103
6.4114
6.4134
6.4144
6.4163
6.4174
6.4183
6.4203
6.4214
6.4234
6.4244
6.4264
6.4274
6.4294
6.4303
6.4313
6.4333
6.4343
6.4363
6.4373
6.4392
6.4403
6.4424
6.4433
6.4444
6.4463
6.4475
6.4494
6.4504
6.4524
6.4534
6.4553
6.4563
6.4573
6.4593
6.4603
6.4623
6.4633
6.4653
6.4663
6.4673
6.4693
6.4703
6.4723
6.4734
6.4754
6.4764
6.4784
6.4793
6.4804
6.4823
6.4833
6.4853
6.4863
6.4883
6.4892
6.4913
6.4923
6.4932
6.4953
6.4963
6.4983
6.4993
6.5013
6.5023
6.5043
6.5054
6.5064
6.5084
6.5093
6.5113
6.5123
6.5143
6.5153
6.5173
6.5183
6.5193
6.5213
6.5223
6.5243
6.5253
6.5272
6.5283
6.5303
6.5313
6.5323
6.5343
6.5353
6.5373
6.5383
6.5404
6.5413
6.5433
6.5444
6.5453
6.5475
6.5483
6.5503
6.5513
6.5533
6.5543
6.5563
6.5573
6.5583
6.5603
6.5613
6.5633
6.5643
6.5663
6.5673
6.5693
6.5703
6.5713
6.5733
6.5743
6.5763
6.5773
6.5793
6.5803
6.5823
6.5833
6.5843
6.5862
6.5873
6.5893
6.5902
6.5923
6.5933
6.5953
6.5963
6.5973
6.5993
6.6003
6.6024
6.6033
6.6053
6.6063
6.6073
6.6093
6.6103
6.6123
6.6133
6.6153
6.6163
6.6183
6.6192
6.6203
6.6223
6.6233
6.6252
6.6263
6.6283
6.6292
6.6313
6.6323
6.6333
6.6353
6.6363
6.6384
6.6394
6.6415
6.6424
6.6443
6.6453
6.6463
6.6483
6.6493
6.6512
6.6524
6.6544
6.6554
6.6574
6.6583
6.6593
6.6613
6.6624
6.6644
6.6653
6.6673
6.6683
6.6693
6.6712
6.6723
6.6743
6.6753
6.6773
6.6783
6.6803
6.6813
6.6823
6.6843
6.6853
6.6873
6.6882
6.6902
6.6913
6.6934
6.6944
6.6953
6.6974
6.6984
6.7003
6.7014
6.7033
6.7043
6.7063
6.7073
6.7083
6.7103
6.7112
6.7133
6.7143
6.7163
6.7173
6.7193
6.7203
6.7213
6.7233
6.7243
6.7263
6.7273
6.7293
6.7303
6.7323
6.7333
6.7344
6.7364
6.7373
6.7394
6.7403
6.7424
6.7434
6.7453
6.7463
6.7473
6.7493
6.7504
6.7524
6.7534
6.7554
6.7564
6.7584
6.7594
6.7604
6.7623
6.7633
6.7653
6.7663
6.7683
6.7693
6.7713
6.7723
6.7743
6.7753
6.7763
6.7784
6.7794
6.7813
6.7825
6.7844
6.7853
6.7873
6.7883
6.7892
6.7912
6.7923
6.7943
6.7953
6.7973
6.7983
6.8003
6.8012
6.8023
6.8043
6.8053
6.8073
6.8082
6.8103
6.8113
6.8133
6.8142
6.8153
6.8175
6.8184
6.8204
6.8213
6.8233
6.8243
6.8263
6.8273
6.8282
6.8303
6.8313
6.8333
6.8343
6.8363
6.8374
6.8393
6.8403
6.8413
6.8433
6.8444
6.8463
6.8473
6.8493
6.8503
6.8523
6.8533
6.8553
6.8563
6.8573
6.8593
6.8602
6.8623
6.8633
6.8653
6.8663
6.8683
6.8693
6.8703
6.8724
6.8734
6.8753
6.8767
6.8783
6.8795
6.8814
6.8824
6.8833
6.8853
6.8863
6.8883
6.8892
6.8912
6.8923
6.8943
6.8952
6.8963
6.8982
6.8993
6.9013
6.9023
6.9043
6.9053
6.9073
6.9083
6.9093
6.9113
6.9123
6.9143
6.9153
6.9173
6.9183
6.9203
6.9213
6.9223
6.9243
6.9253
6.9273
6.9282
6.9304
6.9313
6.9333
6.9343
6.9354
6.9373
6.9384
6.9404
6.9413
6.9433
6.9443
6.9462
6.9473
6.9483
6.9503
6.9512
6.9533
6.9543
6.9563
6.9573
6.9583
6.9603
6.9613
6.9633
6.9644
6.9663
6.9673
6.9692
6.9703
6.9713
6.9733
6.9743
6.9763
6.9773
6.9792
6.9803
6.9823
6.9833
6.9843
6.9863
6.9872
6.9893
6.9903
6.9923
6.9933
6.9953
6.9963
6.9973
6.9993
7.0003
7.0023
7.0033
7.0053
7.0063
7.0083
7.0093
7.0103
7.0123
7.0133
7.0153
7.0163
7.0183
7.0193
7.0213
7.0223
7.0233
7.0253
7.0264
7.0284
7.0293
7.0313
7.0323
7.0334
7.0354
7.0364
7.0384
7.0394
7.0414
7.0424
7.0443
7.0453
7.0463
7.0483
7.0492
7.0512
7.0523
7.0543
7.0553
7.0573
7.0583
7.0593
7.0613
7.0623
7.0645
7.0653
7.0673
7.0682
7.0703
7.0713
7.0723
7.0743
7.0752
7.0773
7.0782
7.0803
7.0813
7.0833
7.0842
7.0853
7.0873
7.0883
7.0903
7.0912
7.0933
7.0943
7.0963
7.0975
7.0984
7.1003
7.1013
7.1033
7.1043
7.1063
7.1073
7.1083
7.1103
7.1113
7.1133
7.1143
7.1163
7.1173
7.1193
7.1203
7.1213
7.1234
7.1244
7.1264
7.1274
7.1293
7.1303
7.1323
7.1333
7.1343
7.1363
7.1373
7.1393
7.1403
7.1423
7.1433
7.1452
7.1462
7.1473
7.1492
7.1503
7.1523
7.1533
7.1552
7.1563
7.1583
7.1593
7.1603
7.1624
7.1633
7.1654
7.1663
7.1684
7.1693
7.1713
7.1724
7.1734
7.1754
7.1763
7.1784
7.1793
7.1813
7.1823
7.1843
7.1853
7.1863
7.1883
7.1893
7.1913
7.1923
7.1944
7.1954
7.1964
7.1983
7.1994
7.2014
7.2024
7.2044
7.2054
7.2073
7.2084
7.2094
7.2113
7.2124
7.2143
7.2153
7.2173
7.2183
7.2204
7.2214
7.2224
7.2243
7.2253
7.2273
7.2283
7.2303
7.2312
7.2323
7.2343
7.2353
7.2373
7.2383
7.2403
7.2413
7.2433
7.2443
7.2453
7.2473
7.2483
7.2503
7.2513
7.2535
7.2544
7.2564
7.2574
7.2584
7.2603
7.2614
7.2634
7.2644
7.2663
7.2673
7.2693
7.2703
7.2713
7.2733
7.2742
7.2763
7.2773
7.2793
7.2803
7.2812
7.2833
7.2843
7.2863
7.2873
7.2893
7.2903
7.2923
7.2932
7.2943
7.2963
7.2973
7.2994
7.3003
7.3023
7.3033
7.3053
7.3063
7.3073
7.3093
7.3103
7.3123
7.3133
7.3153
7.3163
7.3184
7.3194
7.3204
7.3223
7.3234
7.3253
7.3263
7.3283
7.3293
7.3313
7.3323
7.3333
7.3352
7.3363
7.3383
7.3392
7.3413
7.3423
7.3443
7.3453
7.3463
7.3483
7.3493
7.3513
7.3523
7.3543
7.3553
7.3573
7.3582
7.3593
7.3613
7.3623
7.3644
7.3654
7.3673
7.3684
7.3703
7.3713
7.3723
7.3743
7.3753
7.3773
7.3783
7.3803
7.3813
7.3834
7.3844
7.3853
7.3874
7.3884
7.3904
7.3914
7.3935
7.3944
7.3964
7.3973
7.3984
7.4004
7.4014
7.4034
7.4043
7.4063
7.4073
7.4083
7.4103
7.4113
7.4134
7.4144
7.4164
7.4173
7.4194
7.4203
7.4213
7.4233
7.4244
7.4264
7.4274
7.4294
7.4304
7.4324
7.4333
7.4343
7.4363
7.4374
7.4393
7.4406
7.4423
7.4433
7.4453
7.4463
7.4473
7.4494
7.4504
7.4524
7.4533
7.4553
7.4566
7.4574
7.4593
7.4603
7.4624
7.4633
7.4653
7.4663
7.4683
7.4693
7.4704
7.4723
7.4734
7.4754
7.4764
7.4784
7.4794
7.4814
7.4824
7.4834
7.4853
7.4863
7.4883
7.4893
7.4913
7.4923
7.4943
7.4953
7.4963
7.4983
7.4993
7.5014
7.5024
7.5044
7.5054
7.5064
7.5084
7.5094
7.5114
7.5123
7.5143
7.5153
7.5173
7.5183
7.5193
7.5212
7.5223
7.5244
7.5254
7.5273
7.5283
7.5303
7.5313
7.5323
7.5344
7.5354
7.5374
7.5384
7.5403
7.5414
7.5433
7.5443
7.5453
7.5473
7.5483
7.5503
7.5513
7.5533
7.5543
7.5564
7.5574
7.5584
7.5603
7.5613
7.5633
7.5644
7.5664
7.5674
7.5684
7.5704
7.5713
7.5733
7.5743
7.5763
7.5773
7.5793
7.5803
7.5813
7.5833
7.5843
7.5864
7.5874
7.5893
7.5904
7.5923
7.5933
7.5943
7.5964
7.5974
7.5994
7.6004
7.6024
7.6034
7.6053
7.6063
7.6073
7.6093
7.6103
7.6123
7.6133
7.6153
7.6163
7.6184
7.6194
7.6203
7.6223
7.6233
7.6254
7.6264
7.6283
7.6293
7.6313
7.6323
7.6333
7.6352
7.6363
7.6383
7.6393
7.6413
7.6423
7.6442
7.6452
7.6463
7.6483
7.6493
7.6512
7.6525
7.6544
7.6554
7.6564
7.6584
7.6594
7.6614
7.6623
7.6644
7.6654
7.6674
7.6684
7.6693
7.6713
7.6724
7.6744
7.6757
7.6774
7.6784
7.6803
7.6813
7.6823
7.6842
7.6853
7.6873
7.6883
7.6905
7.6914
7.6933
7.6943
7.6953
7.6973
7.6983
7.7003
7.7013
7.7033
7.7043
7.7063
7.7072
7.7082
7.7103
7.7114
7.7134
7.7144
7.7164
7.7173
7.7193
7.7204
7.7213
7.7234
7.7243
7.7263
7.7273
7.7293
7.7303
7.7312
7.7333
7.7343
7.7363
7.7373
7.7394
7.7404
7.7423
7.7434
7.7443
7.7464
7.7474
7.7493
7.7504
7.7524
7.7534
7.7553
7.7563
7.7573
7.7593
7.7603
7.7623
7.7633
7.7654
7.7664
7.7684
7.7695
7.7704
7.7724
7.7734
7.7753
7.7763
7.7783
7.7793
7.7803
7.7823
7.7833
7.7853
7.7863
7.7883
7.7893
7.7912
7.7923
7.7933
7.7953
7.7963
7.7983
7.7993
7.8013
7.8023
7.8043
7.8053
7.8063
7.8083
7.8094
7.8113
7.8123
7.8143
7.8153
7.8174
7.8184
7.8193
7.8213
7.8223
7.8244
7.8253
7.8273
7.8283
7.8303
7.8313
7.8324
7.8343
7.8354
7.8373
7.8383
7.8404
7.8414
7.8424
7.8444
7.8453
7.8473
7.8483
7.8503
7.8513
7.8533
7.8543
7.8553
7.8573
7.8583
7.8602
7.8613
7.8633
7.8644
7.8664
7.8674
7.8684
7.8704
7.8714
7.8734
7.8744
7.8764
7.8774
7.8784
7.8804
7.8814
7.8834
7.8843
7.8863
7.8873
7.8893
7.8903
7.8913
7.8933
7.8943
7.8963
7.8973
7.8992
7.9004
7.9014
7.9033
7.9043
7.9063
7.9073
7.9094
7.9105
7.9124
7.9134
7.9143
7.9163
7.9173
7.9194
7.9204
7.9224
7.9234
7.9254
7.9264
7.9273
7.9293
7.9303
7.9323
7.9333
7.9353
7.9363
7.9383
7.9393
7.9405
7.9424
7.9433
7.9453
7.9463
7.9483
7.9493
7.9514
7.9524
7.9533
7.9553
7.9564
7.9584
7.9593
7.9614
7.9624
7.9644
7.9654
7.9663
7.9683
7.9693
7.9714
7.9724
7.9744
7.9753
7.9763
7.9783
7.9793
7.9813
7.9823
7.9843
7.9853
7.9873
7.9883
7.9892
7.9913
7.9923
7.9943
7.9953
7.9973
7.9983
8.0003
8.0014
8.0024
8.0044
8.0054
8.0074
8.0083
8.0103
8.0113
8.0133
8.0143
8.0153
8.0174
8.0183
8.0203
8.0213
8.0233
8.0243
8.0263
8.0274
8.0283
8.0303
8.0313
8.0333
8.0343
8.0363
8.0373
8.0392
8.0403
8.0413
8.0433
8.0443
8.0462
8.0473
8.0493
8.0503
8.0513
8.0533
8.0543
8.0563
8.0573
8.0593
8.0602
8.0623
8.0633
8.0644
8.0664
8.0674
8.0694
8.0704
8.0724
8.0733
8.0753
8.0763
8.0774
8.0794
8.0804
8.0824
8.0834
8.0854
8.0864
8.0884
8.0894
8.0904
8.0923
8.0933
8.0954
8.0964
8.0985
8.0994
8.1004
8.1023
8.1034
8.1053
8.1065
8.1084
8.1094
8.1114
8.1124
8.1143
8.1153
8.1163
8.1183
8.1193
8.1213
8.1224
8.1244
8.1253
8.1263
8.1283
8.1294
8.1314
8.1324
8.1344
8.1354
8.1374
8.1384
8.1394
8.1413
8.1423
8.1443
8.1453
8.1473
8.1483
8.1503
8.1513
8.1523
8.1543
8.1553
8.1573
8.1583
8.1603
8.1613
8.1633
8.1644
8.1654
8.1674
8.1683
8.1703
8.1713
8.1733
8.1743
8.1753
8.1773
8.1783
8.1803
8.1813
8.1833
8.1843
8.1863
8.1873
8.1883
8.1903
8.1913
8.1933
8.1943
8.1963
8.1973
8.1993
8.2003
8.2013
8.2034
8.2043
8.2063
8.2073
8.2093
8.2104
8.2124
8.2133
8.2143
8.2163
8.2173
8.2193
8.2204
8.2224
8.2234
8.2253
8.2264
8.2274
8.2294
8.2304
8.2324
8.2333
8.2354
8.2364
8.2384
8.2395
8.2404
8.2424
8.2434
8.2454
8.2464
8.2484
8.2494
8.2514
8.2523
8.2533
8.2553
8.2563
8.2583
8.2593
8.2613
8.2623
8.2633
8.2654
8.2664
8.2683
8.2693
8.2713
8.2723
8.2743
8.2753
8.2763
8.2783
8.2792
8.2813
8.2823
8.2843
8.2853
8.2874
8.2884
8.2893
8.2914
8.2924
8.2944
8.2954
8.2974
8.2983
8.2993
8.3013
8.3023
8.3043
8.3053
8.3074
8.3084
8.3104
8.3113
8.3123
8.3143
8.3153
8.3174
8.3184
8.3204
8.3214
8.3233
8.3243
8.3253
8.3273
8.3282
8.3303
8.3313
8.3334
8.3343
8.3363
8.3373
8.3383
8.3403
8.3413
8.3433
8.3443
8.3463
8.3473
8.3483
8.3503
8.3513
8.3533
8.3543
8.3563
8.3573
8.3593
8.3602
8.3612
8.3633
8.3645
8.3664
8.3673
8.3693
8.3703
8.3723
8.3733
8.3743
8.3763
8.3773
8.3794
8.3805
8.3824
8.3834
8.3853
8.3863
8.3873
8.3893
8.3903
8.3923
8.3933
8.3953
8.3963
8.3983
8.3994
8.4003
8.4024
8.4033
8.4053
8.4063
8.4083
8.4093
8.4103
8.4123
8.4133
8.4153
8.4163
8.4183
8.4193
8.4212
8.4223
8.4233
8.4253
8.4263
8.4283
8.4293
8.4312
8.4323
8.4343
8.4353
8.4363
8.4383
8.4393
8.4412
8.4423
8.4443
8.4453
8.4473
8.4482
8.4493
8.4512
8.4523
8.4543
8.4553
8.4573
8.4583
8.4593
8.4613
8.4623
8.4644
8.4654
8.4673
8.4683
8.4703
8.4713
8.4724
8.4744
8.4753
8.4773
8.4783
8.4803
8.4813
8.4833
8.4843
8.4853
8.4874
8.4884
8.4904
8.4913
8.4933
8.4943
8.4963
8.4973
8.4983
8.5003
8.5015
8.5033
8.5043
8.5063
8.5073
8.5093
8.5102
8.5113
8.5133
8.5143
8.5163
8.5173
8.5193
8.5203
8.5223
8.5233
8.5243
8.5263
8.5273
8.5293
8.5303
8.5323
8.5333
8.5353
8.5363
8.5373
8.5393
8.5403
8.5423
8.5433
8.5452
8.5463
8.5482
8.5493
8.5503
8.5523
8.5533
8.5553
8.5563
8.5583
8.5593
8.5603
8.5623
8.5633
8.5654
8.5664
8.5685
8.5694
8.5714
8.5724
8.5733
8.5753
8.5763
8.5783
8.5793
8.5813
8.5823
8.5843
8.5853
8.5863
8.5883
8.5893
8.5914
8.5924
8.5944
8.5953
8.5973
8.5983
8.5993
8.6013
8.6023
8.6042
8.6053
8.6073
8.6083
8.6092
8.6113
8.6123
8.6143
8.6153
8.6173
8.6183
8.6203
8.6213
8.6223
8.6243
8.6252
8.6273
8.6283
8.6304
8.6314
8.6334
8.6343
8.6353
8.6373
8.6383
8.6403
8.6412
8.6433
8.6443
8.6463
8.6473
8.6482
8.6503
8.6513
8.6534
8.6544
8.6564
8.6574
8.6584
8.6603
8.6613
8.6633
8.6644
8.6664
8.6674
8.6694
8.6703
8.6714
8.6734
8.6744
8.6764
8.6774
8.6794
8.6803
8.6823
8.6833
8.6843
8.6863
8.6873
8.6893
8.6903
8.6923
8.6933
8.6953
8.6963
8.6973
8.6993
8.7003
8.7024
8.7033
8.7053
8.7063
8.7083
8.7095
8.7104
8.7124
8.7134
8.7153
8.7164
8.7184
8.7194
8.7213
8.7223
8.7234
8.7253
8.7263
8.7283
8.7293
8.7313
8.7323
8.7333
8.7353
8.7363
8.7383
8.7393
8.7413
8.7423
8.7443
8.7453
8.7463
8.7483
8.7493
8.7514
8.7524
8.7544
8.7553
8.7573
8.7583
8.7593
8.7613
8.7624
8.7645
8.7654
8.7674
8.7684
8.7703
8.7713
8.7723
8.7743
8.7752
8.7773
8.7783
8.7803
8.7813
8.7833
8.7843
8.7853
8.7874
8.7884
8.7904
8.7913
8.7933
8.7943
8.7953
8.7973
8.7983
8.8003
8.8013
8.8036
8.8044
8.8064
8.8074
8.8084
8.8103
8.8113
8.8133
8.8143
8.8163
8.8174
8.8193
8.8203
8.8213
8.8234
8.8243
8.8263
8.8273
8.8293
8.8303
8.8323
8.8333
8.8343
8.8363
8.8373
8.8393
8.8404
8.8424
8.8434
8.8454
8.8464
8.8474
8.8494
8.8506
8.8524
8.8533
8.8553
8.8563
8.8584
8.8594
8.8604
8.8624
8.8633
8.8653
8.8663
8.8684
8.8693
8.8703
8.8723
8.8734
8.8753
8.8763
8.8783
8.8793
8.8813
8.8824
8.8833
8.8853
8.8863
8.8884
8.8894
8.8914
8.8924
8.8943
8.8953
8.8963
8.8983
8.8993
8.9013
8.9024
8.9043
8.9053
8.9073
8.9083
8.9093
8.9113
8.9123
8.9143
8.9153
8.9173
8.9185
8.9203
8.9213
8.9223
8.9244
8.9254
8.9274
8.9284
8.9304
8.9314
8.9334
8.9344
8.9353
8.9374
8.9383
8.9403
8.9413
8.9433
8.9443
8.9453
8.9473
8.9483
8.9503
8.9513
8.9533
8.9543
8.9563
8.9574
8.9583
8.9603
8.9614
8.9633
8.9644
8.9663
8.9673
8.9693
8.9703
8.9713
8.9733
8.9743
8.9763
8.9773
8.9793
8.9803
8.9823
8.9834
8.9843
8.9864
8.9874
8.9893
8.9903
8.9924
8.9934
8.9953
8.9965
8.9974
8.9993
9.0003
9.0023
9.0034
9.0053
9.0065
9.0084
9.0094
9.0104
9.0124
9.0134
9.0153
9.0163
9.0183
9.0193
9.0214
9.0224
9.0233
9.0253
9.0263
9.0283
9.0293
9.0313
9.0323
9.0333
9.0354
9.0364
9.0385
9.0393
9.0413
9.0424
9.0443
9.0453
9.0463
9.0483
9.0493
9.0513
9.0523
9.0543
9.0554
9.0574
9.0584
9.0594
9.0613
9.0623
9.0643
9.0653
9.0673
9.0683
9.0703
9.0713
9.0723
9.0743
9.0753
9.0773
9.0783
9.0803
9.0813
9.0833
9.0843
9.0854
9.0874
9.0884
9.0904
9.0913
9.0933
9.0943
9.0963
9.0973
9.0983
9.1003
9.1012
9.1033
9.1043
9.1063
9.1073
9.1093
9.1103
9.1113
9.1133
9.1142
9.1163
9.1173
9.1193
9.1203
9.1212
9.1233
9.1243
9.1264
9.1274
9.1294
9.1304
9.1325
9.1334
9.1343
9.1363
9.1373
9.1393
9.1403
9.1423
9.1433
9.1453
9.1463
9.1473
9.1493
9.1502
9.1523
9.1533
9.1553
9.1563
9.1583
9.1593
9.1603
9.1623
9.1633
9.1654
9.1664
9.1684
9.1693
9.1713
9.1723
9.1733
9.1753
9.1763
9.1783
9.1793
9.1814
9.1824
9.1833
9.1853
9.1863
9.1883
9.1893
9.1914
9.1924
9.1943
9.1953
9.1963
9.1983
9.1993
9.2013
9.2023
9.2043
9.2053
9.2073
9.2084
9.2094
9.2114
9.2124
9.2143
9.2153
9.2174
9.2184
9.2203
9.2213
9.2224
9.2244
9.2253
9.2273
9.2283
9.2303
9.2313
9.2333
9.2343
9.2353
9.2373
9.2383
9.2403
9.2413
9.2433
9.2444
9.2454
9.2474
9.2484
9.2504
9.2514
9.2534
9.2543
9.2564
9.2574
9.2584
9.2604
9.2614
9.2633
9.2644
9.2664
9.2675
9.2694
9.2704
9.2713
9.2735
9.2743
9.2763
9.2773
9.2794
9.2804
9.2824
9.2835
9.2843
9.2864
9.2874
9.2894
9.2904
9.2924
9.2934
9.2944
9.2965
9.2973
9.2993
9.3003
9.3023
9.3033
9.3053
9.3063
9.3073
9.3093
9.3103
9.3123
9.3133
9.3153
9.3163
9.3183
9.3193
9.3203
9.3223
9.3233
9.3253
9.3263
9.3283
9.3293
9.3313
9.3323
9.3332
9.3355
9.3364
9.3384
9.3393
9.3413
9.3424
9.3444
9.3454
9.3464
9.3484
9.3494
9.3514
9.3524
9.3544
9.3553
9.3563
9.3583
9.3593
9.3613
9.3623
9.3644
9.3654
9.3675
9.3684
9.3694
9.3713
9.3723
9.3743
9.3754
9.3774
9.3784
9.3804
9.3814
9.3824
9.3844
9.3853
9.3873
9.3883
9.3903
9.3913
9.3933
9.3943
9.3953
9.3973
9.3983
9.4003
9.4013
9.4033
9.4043
9.4053
9.4075
9.4083
9.4104
9.4114
9.4133
9.4143
9.4163
9.4173
9.4185
9.4204
9.4214
9.4234
9.4243
9.4263
9.4273
9.4293
9.4304
9.4314
9.4334
9.4344
9.4365
9.4374
9.4394
9.4404
9.4424
9.4434
9.4443
9.4463
9.4473
9.4493
9.4503
9.4524
9.4534
9.4553
9.4564
9.4574
9.4594
9.4604
9.4624
9.4634
9.4654
9.4664
9.4684
9.4693
9.4703
9.4723
9.4733
9.4753
9.4763
9.4783
9.4793
9.4803
9.4823
9.4833
9.4853
9.4863
9.4883
9.4893
9.4913
9.4923
9.4933
9.4953
9.4963
9.4983
9.4993
9.5015
9.5024
9.5043
9.5053
9.5064
9.5083
9.5094
9.5113
9.5123
9.5143
9.5154
9.5173
9.5183
9.5193
9.5214
9.5224
9.5243
9.5253
9.5273
9.5283
9.5293
9.5313
9.5323
9.5343
9.5354
9.5373
9.5383
9.5404
9.5413
9.5423
9.5443
9.5453
9.5473
9.5483
9.5505
9.5513
9.5533
9.5543
9.5554
9.5573
9.5583
9.5604
9.5616
9.5633
9.5644
9.5654
9.5673
9.5683
9.5704
9.5714
9.5733
9.5743
9.5763
9.5773
9.5783
9.5803
9.5813
9.5833
9.5843
9.5864
9.5874
9.5893
9.5904
9.5914
9.5934
9.5943
9.5963
9.5973
9.5993
9.6003
9.6023
9.6033
9.6043
9.6063
9.6073
9.6093
9.6103
9.6123
9.6133
9.6153
9.6163
9.6173
9.6194
9.6204
9.6224
9.6235
9.6253
9.6263
9.6283
9.6293
9.6303
9.6323
9.6333
9.6353
9.6365
9.6384
9.6394
9.6404
9.6424
9.6435
9.6454
9.6463
9.6483
9.6493
9.6513
9.6525
9.6535
9.6553
9.6563
9.6583
9.6593
9.6613
9.6623
9.6643
9.6653
9.6663
9.6683
9.6693
9.6713
9.6723
9.6744
9.6754
9.6774
9.6784
9.6793
9.6814
9.6824
9.6843
9.6853
9.6873
9.6883
9.6893
9.6913
9.6923
9.6943
9.6953
9.6973
9.6983
9.7003
9.7015
9.7026
9.7044
9.7053
9.7073
9.7084
9.7104
9.7114
9.7133
9.7143
9.7153
9.7174
9.7184
9.7204
9.7214
9.7234
9.7243
9.7263
9.7273
9.7283
9.7303
9.7313
9.7333
9.7343
9.7363
9.7373
9.7383
9.7403
9.7413
9.7433
9.7443
9.7463
9.7474
9.7493
9.7503
9.7513
9.7534
9.7543
9.7563
9.7573
9.7593
9.7603
9.7623
9.7633
9.7644
9.7664
9.7674
9.7693
9.7703
9.7723
9.7734
9.7753
9.7765
9.7775
9.7794
9.7803
9.7823
9.7833
9.7854
9.7864
9.7874
9.7893
9.7904
9.7924
9.7933
9.7954
9.7967
9.7983
9.7993
9.8014
9.8024
9.8033
9.8053
9.8063
9.8083
9.8093
9.8113
9.8123
9.8133
9.8153
9.8163
9.8183
9.8193
9.8213
9.8223
9.8243
9.8253
9.8263
9.8283
9.8293
9.8312
9.8323
9.8343
9.8355
9.8374
9.8383
9.8393
9.8414
9.8423
9.8444
9.8454
9.8474
9.8484
9.8494
9.8514
9.8523
9.8544
9.8554
9.8573
9.8583
9.8603
9.8613
9.8623
9.8643
9.8654
9.8674
9.8684
9.8703
9.8713
9.8734
9.8743
9.8753
9.8773
9.8783
9.8803
9.8813
9.8833
9.8843
9.8864
9.8873
9.8883
9.8903
9.8913
9.8933
9.8943
9.8963
9.8973
9.8993
9.9003
9.9013
9.9033
9.9043
9.9063
9.9074
9.9093
9.9103
9.9123
9.9133
9.9143
9.9163
9.9173
9.9193
9.9203
9.9223
9.9233
9.9253
9.9263
9.9273
9.9293
9.9303
9.9323
9.9333
9.9353
9.9363
9.9384
9.9394
9.9404
9.9424
9.9435
9.9454
9.9464
9.9484
9.9494
9.9504
9.9524
9.9536
9.9553
9.9563
9.9583
9.9593
9.9613
9.9623
9.9633
9.9654
9.9664
9.9684
9.9694
9.9714
9.9724
9.9743
9.9753
9.9763
9.9783
9.9793
9.9813
9.9823
9.9846
9.9853
9.9873
9.9883
9.9893
9.9913
9.9923
9.9944
9.9953
9.9974
9.9983
10
