0.0013069
0.002645
0.0033058
0.005259
0.0066452
0.0087543
0.010751
0.012919
0.016671
0.017467
0.01992
0.020434
0.022052
0.022495
0.023955
0.024092
0.025007
0.025262
0.026412
0.028159
0.027655
0.025512
0.028598
0.028632
0.028484
0.028255
0.028276
0.026735
0.026444
0.024022
0.024274
0.023239
0.023926
0.023076
0.023202
0.023773
0.024064
0.024319
0.024568
0.024652
0.025469
0.024701
0.02523
0.024223
0.024623
0.024791
0.025474
0.025177
0.025569
0.026788
0.026245
0.025596
0.025084
0.027092
0.027107
0.027585
0.026235
0.027612
0.027562
0.028527
0.027834
0.028662
0.028404
0.028993
0.029998
0.030866
0.030484
0.030272
0.030035
0.030476
0.03059
0.031335
0.030627
0.031418
0.032514
0.031939
0.032038
0.032328
0.032634
0.032406
0.033304
0.033457
0.033441
0.034089
0.033684
0.034618
0.035069
0.034807
0.034195
0.034649
0.034408
0.035356
0.036216
0.035456
0.035706
0.035154
0.035801
0.034627
0.035553
0.035356
0.036121
0.035562
0.036594
0.03662
0.037322
0.037511
0.037947
0.037697
0.038655
0.038759
0.040811
0.040856
0.041671
0.042807
0.043577
0.045275
0.048032
0.049296
0.051982
0.052801
0.055569
0.055367
0.056565
0.056215
0.056932
0.057027
0.057993
0.057663
0.058737
0.058902
0.059552
0.05867
0.059601
0.059683
0.059613
0.058437
0.057052
0.057625
0.056541
0.05699
0.055718
0.054956
0.053675
0.055377
0.055733
0.056903
0.056812
0.057046
0.058962
0.058336
0.06025
0.059219
0.060913
0.05966
0.062242
0.061463
0.063471
0.06338
0.063862
0.063532
0.064732
0.063916
0.064823
0.06429
0.063808
0.063371
0.064257
0.064884
0.064745
0.064605
0.065191
0.064748
0.065832
0.06477
0.0656
0.065361
0.067281
0.066749
0.066534
0.067462
0.066952
0.066522
0.06721
0.066084
0.066597
0.066399
0.066538
0.066129
0.065284
0.064876
0.06419
0.064922
0.065151
0.064807
0.064906
0.064217
0.064945
0.064546
0.065058
0.065334
0.066114
0.065834
0.06587
0.066153
0.066761
0.06711
0.067593
0.067295
0.067993
0.068971
0.069927
0.070724
0.070297
0.07085
0.071801
0.072723
0.07331
0.074812
0.075227
0.076184
0.077714
0.077757
0.080066
0.080899
0.082575
0.083131
0.086104
0.087003
0.089736
0.091627
0.093516
0.095656
0.095503
0.096209
0.096327
0.096867
0.097023
0.097955
0.09785
0.097899
0.097787
0.097975
0.097703
0.097372
0.096778
0.09666
0.097543
0.096409
0.095338
0.093526
0.0934
0.091732
0.091299
0.090592
0.090465
0.091869
0.091778
0.092624
0.092524
0.093179
0.092428
0.092096
0.091877
0.092919
0.093132
0.093317
0.093484
0.093376
0.093365
0.093768
0.09439
0.094661
0.094965
0.094802
0.095893
0.096935
0.096884
0.097191
0.09662
0.0969
0.098353
0.09841
0.098946
0.098618
0.099601
0.10049
0.10136
0.10154
0.10091
0.10099
0.10129
0.10283
0.1036
0.10351
0.1034
0.10302
0.10327
0.10383
0.10376
0.10389
0.10299
0.10239
0.10294
0.10253
0.10273
0.10242
0.10231
0.10151
0.10262
0.10212
0.10228
0.10214
0.10262
0.10255
0.10344
0.1028
0.1034
0.10292
0.10246
0.10268
0.10242
0.1036
0.1038
0.10349
0.10398
0.10442
0.10512
0.10628
0.10626
0.10724
0.10869
0.10963
0.11082
0.11205
0.11404
0.11451
0.11732
0.11804
0.12033
0.12266
0.12448
0.12665
0.12674
0.12891
0.12767
0.13148
0.13072
0.13176
0.13039
0.13217
0.13175
0.1339
0.13217
0.13334
0.13146
0.13221
0.13071
0.13125
0.13016
0.12851
0.12919
0.12861
0.12955
0.12831
0.12864
0.12829
0.12908
0.12901
0.13069
0.13002
0.13037
0.13008
0.13106
0.13215
0.13206
0.1324
0.13213
0.13282
0.13335
0.13347
0.13378
0.13413
0.13418
0.13493
0.13436
0.13461
0.1347
0.13468
0.13462
0.13388
0.13513
0.13507
0.13479
0.13474
0.13472
0.13477
0.13506
0.1352
0.13385
0.1345
0.1347
0.13451
0.13486
0.13453
0.13316
0.13416
0.1352
0.13594
0.13492
0.13547
0.13534
0.13491
0.1355
0.13522
0.13479
0.13513
0.13497
0.13545
0.13518
0.13569
0.13574
0.13572
0.13545
0.13608
0.13588
0.13817
0.13784
0.13923
0.13878
0.14057
0.14024
0.14092
0.14101
0.14113
0.1422
0.14296
0.14356
0.14451
0.14471
0.14571
0.1442
0.14661
0.14862
0.14874
0.14949
0.15203
0.15236
0.15564
0.15572
0.15835
0.1602
0.16245
0.16273
0.16331
0.1636
0.16438
0.16431
0.16439
0.16511
0.16628
0.1667
0.16594
0.16655
0.16545
0.16475
0.16313
0.1636
0.16295
0.16202
0.16104
0.16014
0.15948
0.15882
0.15821
0.15852
0.15834
0.1602
0.15898
0.16039
0.1603
0.16108
0.16124
0.16195
0.16235
0.16312
0.16296
0.16405
0.16311
0.16508
0.16515
0.16589
0.16418
0.16689
0.16626
0.16787
0.16704
0.1689
0.16725
0.16913
0.16889
0.16879
0.16798
0.16747
0.16606
0.16473
0.16368
0.16162
0.15923
0.15511
0.15478
0.15234
0.15301
0.15058
0.15095
0.14934
0.14985
0.1487
0.14831
0.1464
0.14439
0.14527
0.14792
0.14425
0.14397
0.14398
0.14356
0.14375
0.14513
0.14668
0.14758
0.14716
0.14795
0.14638
0.14788
0.14802
0.14747
0.14634
0.14666
0.14664
0.14704
0.14659
0.14753
0.14698
0.14908
0.14886
0.14912
0.14897
0.15084
0.15108
0.14999
0.15142
0.15324
0.15482
0.15481
0.15597
0.15603
0.15944
0.1604
0.16281
0.16276
0.16563
0.1684
0.17017
0.17117
0.17013
0.17018
0.17028
0.17186
0.17354
0.17351
0.17299
0.17217
0.17324
0.1731
0.17152
0.17216
0.17116
0.16977
0.16924
0.16855
0.16792
0.16559
0.16412
0.16311
0.16382
0.16439
0.16385
0.16405
0.16545
0.16487
0.16634
0.16468
0.16489
0.16481
0.16431
0.1654
0.16494
0.16715
0.16589
0.16663
0.16552
0.16602
0.16501
0.16672
0.16518
0.16536
0.16439
0.16628
0.16488
0.16512
0.16403
0.16389
0.16344
0.16249
0.1618
0.16054
0.15828
0.15673
0.15396
0.15384
0.15229
0.15235
0.152
0.15177
0.15091
0.15201
0.15123
0.15187
0.14948
0.15032
0.15017
0.15218
0.15095
0.15084
0.15048
0.15199
0.15416
0.15413
0.15551
0.15466
0.15542
0.15649
0.1591
0.15819
0.15742
0.15616
0.15558
0.15664
0.15439
0.15591
0.15306
0.15488
0.15295
0.15579
0.15296
0.1544
0.153
0.15302
0.15247
0.15425
0.15396
0.15556
0.15494
0.15565
0.15686
0.15933
0.16014
0.15962
0.16167
0.16307
0.16355
0.16681
0.16806
0.16845
0.16856
0.16956
0.16787
0.16897
0.17054
0.1697
0.17033
0.1706
0.17028
0.17147
0.17396
0.17264
0.17193
0.17111
0.17302
0.17284
0.17322
0.17026
0.1701
0.16908
0.17095
0.17062
0.17068
0.17072
0.17141
0.17298
0.17235
0.17259
0.17321
0.17345
0.17305
0.17481
0.17377
0.17475
0.17393
0.17355
0.17299
0.17383
0.1738
0.17339
0.17341
0.17245
0.17193
0.17035
0.17005
0.1688
0.16792
0.1679
0.16572
0.16505
0.16414
0.1634
0.16053
0.15922
0.15658
0.15555
0.15378
0.15144
0.15066
0.15012
0.1496
0.14909
0.1485
0.14842
0.14801
0.14824
0.14705
0.14747
0.14643
0.14807
0.14793
0.14847
0.14717
0.14761
0.14867
0.15052
0.15097
0.1523
0.15317
0.15378
0.15299
0.15235
0.15271
0.15264
0.15347
0.15243
0.15312
0.15456
0.15529
0.15473
0.15433
0.15496
0.15593
0.15674
0.15709
0.15578
0.15718
0.1573
0.15834
0.15991
0.15927
0.16021
0.16202
0.16361
0.16656
0.16768
0.16936
0.17021
0.17292
0.1746
0.17421
0.17232
0.17287
0.17226
0.17548
0.17444
0.17489
0.1722
0.17309
0.17313
0.17284
0.17232
0.17267
0.17192
0.17101
0.1699
0.16971
0.1691
0.16663
0.1672
0.16511
0.16674
0.16621
0.1678
0.16622
0.167
0.16789
0.16856
0.167
0.16829
0.16731
0.1681
0.16871
0.16874
0.16968
0.16893
0.17037
0.16803
0.16872
0.16875
0.16877
0.16852
0.16822
0.16772
0.16801
0.16751
0.16662
0.1657
0.16453
0.1635
0.16306
0.1629
0.16001
0.15926
0.1589
0.15699
0.15649
0.15255
0.15372
0.15158
0.1543
0.15055
0.15199
0.14995
0.15144
0.15003
0.15184
0.14922
0.15079
0.14914
0.15141
0.1508
0.15302
0.1518
0.15315
0.1535
0.15315
0.1541
0.15354
0.15459
0.15481
0.15444
0.15372
0.15504
0.15183
0.15482
0.15263
0.1539
0.1519
0.15227
0.15193
0.15308
0.15281
0.15278
0.15258
0.15289
0.15336
0.15326
0.15458
0.15413
0.15644
0.15719
0.15916
0.16133
0.16273
0.16497
0.16521
0.1692
0.17146
0.17276
0.1726
0.17338
0.17312
0.17527
0.17673
0.17601
0.17594
0.17674
0.17713
0.17714
0.17946
0.17777
0.17701
0.17546
0.17686
0.17528
0.17508
0.17487
0.17368
0.1729
0.1738
0.17276
0.17279
0.1722
0.17203
0.17281
0.17334
0.17335
0.17437
0.1735
0.17332
0.17209
0.1728
0.17243
0.17272
0.1706
0.17058
0.17078
0.17189
0.1714
0.17039
0.16943
0.16979
0.16928
0.16899
0.16773
0.16903
0.16571
0.16442
0.16284
0.16333
0.16023
0.16016
0.1563
0.15611
0.15369
0.15242
0.14992
0.14946
0.14866
0.14925
0.14837
0.14876
0.14809
0.14685
0.14575
0.14569
0.14593
0.14571
0.1464
0.14748
0.14928
0.1496
0.14938
0.15165
0.15259
0.15337
0.15422
0.15625
0.15696
0.15707
0.15714
0.15578
0.15813
0.15643
0.15819
0.15638
0.15625
0.15498
0.15627
0.15648
0.15677
0.15659
0.15657
0.15613
0.15756
0.15809
0.15987
0.15844
0.15884
0.15928
0.16109
0.16095
0.16258
0.16256
0.16455
0.1668
0.16779
0.16995
0.1709
0.17206
0.171
0.17181
0.17249
0.17338
0.17335
0.17285
0.17229
0.1724
0.17196
0.17177
0.17115
0.17109
0.17056
0.17006
0.16933
0.16717
0.16617
0.16639
0.16483
0.16461
0.16451
0.16497
0.16469
0.1647
0.16624
0.16732
0.16809
0.1686
0.1683
0.16862
0.16958
0.17122
0.16985
0.16982
0.16889
0.16933
0.17034
0.16912
0.16783
0.16801
0.16856
0.1681
0.1674
0.16565
0.16602
0.1652
0.16439
0.16346
0.16209
0.16056
0.16
0.15877
0.15602
0.15454
0.15328
0.1516
0.14966
0.14749
0.14562
0.14489
0.14504
0.14603
0.14479
0.14221
0.14274
0.14397
0.14626
0.14529
0.14407
0.1445
0.14599
0.14696
0.14944
0.14827
0.15044
0.15164
0.15204
0.15316
0.15636
0.156
0.15394
0.15434
0.15479
0.15433
0.15792
0.15467
0.15753
0.1591
0.16015
0.16448
0.16799
0.16732
0.1708
0.17504
0.17222
0.17788
0.1819
0.181
0.18208
0.18868
0.18863
0.18918
0.19158
0.19476
0.19316
0.19394
0.19369
0.1923
0.19208
0.19122
0.19133
0.19018
0.18404
0.18561
0.18579
0.18055
0.17533
0.17598
0.17969
0.18254
0.17274
0.16617
0.1718
0.17572
0.17224
0.16591
0.16388
0.16543
0.16749
0.1635
0.1632
0.16129
0.16263
0.16367
0.16349
0.16166
0.16498
0.16407
0.16306
0.16319
0.16486
0.17022
0.16988
0.17032
0.16716
0.17368
0.17044
0.1705
0.16755
0.16808
0.1716
0.17168
0.16816
0.17313
0.17586
0.17453
0.18
0.18286
0.18451
0.18991
0.19303
0.19021
0.19391
0.19502
0.19269
0.19267
0.19084
0.18715
0.18818
0.18682
0.18975
0.18961
0.19246
0.1953
0.20015
0.20089
0.20374
0.20812
0.21072
0.2079
0.21281
0.22066
0.22458
0.22076
0.22116
0.2232
0.23377
0.24155
0.25357
0.26196
0.28022
0.2957
0.308
0.31581
0.32043
0.32275
0.31908
0.31281
0.3093
0.31695
0.31854
0.32591
0.33035
0.33774
0.34053
0.34403
0.3449
0.34263
0.34171
0.33696
0.33245
0.33017
0.33081
0.33785
0.3465
0.35398
0.35874
0.35856
0.35933
0.35561
0.35535
0.34732
0.34328
0.34115
0.34458
0.35738
0.37486
0.39933
0.42019
0.448
0.46459
0.48089
0.48204
0.48983
0.48039
0.48955
0.48022
0.49037
0.49001
0.49623
0.492
0.49496
0.50013
0.50987
0.51122
0.51283
0.51583
0.51951
0.52501
0.52947
0.53016
0.53726
0.53882
0.54409
0.5421
0.54687
0.548
0.55387
0.55607
0.56218
0.56342
0.56503
0.56823
0.56708
0.57639
0.57337
0.58116
0.57485
0.57976
0.58684
0.59672
0.60693
0.61603
0.62768
0.63671
0.64349
0.64953
0.64702
0.65402
0.6549
0.66686
0.67197
0.67827
0.68268
0.6894
0.69413
0.69854
0.70028
0.70053
0.70477
0.70992
0.71239
0.71806
0.72615
0.73122
0.74165
0.74937
0.75232
0.76167
0.76432
0.76364
0.77362
0.7742
0.77797
0.78602
0.78497
0.78885
0.79803
0.79688
0.80018
0.79999
0.79728
0.80286
0.80719
0.81389
0.82609
0.83944
0.84565
0.85166
0.84663
0.84363
0.85362
0.86415
0.86494
0.86555
0.86878
0.87427
0.87718
0.88135
0.8829
0.88524
0.89511
0.89778
0.89648
0.90197
0.90922
0.91173
0.91801
0.92347
0.92488
0.92762
0.93603
0.94452
0.94379
0.94116
0.94884
0.9618
0.95782
0.95933
0.96967
0.97199
0.96798
0.97185
0.97926
0.99196
0.98926
0.99323
1.0011
1.0106
1.0136
1.0157
1.0324
1.0406
1.0433
1.0427
1.0639
1.076
1.0822
1.0832
1.0964
1.1117
1.1223
1.1251
1.1329
1.1461
1.1539
1.1563
1.1564
1.1655
1.178
1.1831
1.1794
1.1826
1.1942
1.2028
1.2118
1.213
1.2186
1.2317
1.2459
1.2562
1.2632
1.2644
1.2683
1.2815
1.2964
1.3049
1.3026
1.3007
1.301
1.3065
1.3179
1.3335
1.3478
1.3539
1.3567
1.362
1.3742
1.3966
1.4135
1.4177
1.4113
1.4152
1.4269
1.442
1.4509
1.464
1.4697
1.4803
1.4885
1.4995
1.5115
1.5214
1.5311
1.5397
1.5463
1.5498
1.552
1.556
1.5585
1.5644
1.5748
1.5873
1.5982
1.6072
1.6131
1.6198
1.6248
1.6329
1.6374
1.6453
1.6552
1.665
1.6738
1.6838
1.6956
1.7087
1.7165
1.7255
1.7342
1.7441
1.7552
1.7626
1.7697
1.7771
1.7861
1.7929
1.8078
1.8176
1.8299
1.8447
1.8588
1.8726
1.8845
1.8971
1.9054
1.9141
1.9183
1.9283
1.9347
1.9426
1.9527
1.9595
1.9778
1.9901
2.0097
2.0275
2.0457
2.0585
2.0679
2.0769
2.0805
2.0888
2.0924
2.0983
2.1065
2.1161
2.1249
2.1378
2.1528
2.1676
2.1815
2.1909
2.1935
2.1964
2.1985
2.201
2.2052
2.2108
2.219
2.2322
2.247
2.2631
2.2824
2.2993
2.3138
2.3235
2.3299
2.335
2.3407
2.3433
2.3488
2.3561
2.3687
2.3849
2.4045
2.4218
2.4402
2.4537
2.4637
2.4701
2.4746
2.4752
2.4747
2.4824
2.4898
2.5011
2.5183
2.5377
2.5546
2.5726
2.5851
2.5959
2.599
2.6022
2.6023
2.6042
2.6135
2.6246
2.6392
2.6568
2.6813
2.7035
2.7272
2.7443
2.7574
2.7646
2.7658
2.7697
2.7732
2.7793
2.7873
2.8027
2.8178
2.8383
2.8536
2.8692
2.8828
2.8915
2.8973
2.8939
2.8952
2.8973
2.9086
2.9204
2.942
2.9638
2.9916
3.0123
3.0318
3.044
3.0522
3.056
3.0618
3.0673
3.0748
3.0907
3.1095
3.1315
3.1606
3.1906
3.215
3.2355
3.2461
3.2506
3.2559
3.2558
3.2579
3.2699
3.2814
3.2985
3.3211
3.3447
3.3641
3.388
3.3946
3.3978
3.4013
3.3981
3.3957
3.4033
3.4153
3.4314
3.4548
3.4819
3.5067
3.5244
3.5386
3.5447
3.5514
3.554
3.5588
3.5746
3.5908
3.6125
3.6383
3.6647
3.6837
3.6964
3.7042
3.7216
3.734
3.7354
3.7411
3.757
3.7792
3.7969
3.816
3.8311
3.8534
3.8688
3.8838
3.8914
3.8962
3.9045
3.9135
3.9198
3.9314
3.948
3.9693
3.9919
4.0091
4.0281
4.0392
4.052
4.0494
4.057
4.063
4.0731
4.0923
4.1131
4.1363
4.1617
4.1736
4.1851
4.192
4.1956
4.1994
4.2069
4.2124
4.2184
4.2363
4.2514
4.2685
4.2906
4.3056
4.3185
4.3287
4.337
4.3419
4.3452
4.3545
4.3659
4.3844
4.4032
4.4252
4.439
4.4488
4.4571
4.4664
4.4729
4.4797
4.4927
4.5105
4.529
4.5486
4.5666
4.5838
4.5955
4.5988
4.5925
4.5853
4.5826
4.5869
4.594
4.6129
4.6372
4.6654
4.6847
4.695
4.7078
4.7142
4.7227
4.723
4.728
4.7339
4.7476
4.7692
4.794
4.8212
4.8461
4.8631
4.8737
4.8772
4.8793
4.8826
4.8913
4.9051
4.9212
4.9453
4.9692
5.001
5.0222
5.0377
5.0416
5.0387
5.0339
5.0241
5.021
5.011
5.0165
5.021
5.0391
5.0522
5.0746
5.0756
5.0934
5.0939
5.1063
5.1173
5.1411
5.1555
5.1725
5.179
5.1944
5.2072
5.2148
5.2211
5.2221
5.2297
5.2393
5.2548
5.2754
5.2915
5.3118
5.3252
5.3382
5.3404
5.3484
5.3495
5.358
5.3679
5.3845
5.409
5.4229
5.4446
5.4519
5.4712
5.4772
5.4789
5.4737
5.4704
5.4699
5.4739
5.4871
5.5006
5.5097
5.5266
5.5301
5.5404
5.5401
5.5412
5.5469
5.5512
5.5628
5.5779
5.6019
5.6203
5.636
5.6503
5.6558
5.6678
5.6724
5.6779
5.6865
5.6994
5.7194
5.7412
5.7568
5.7731
5.793
5.7945
5.8084
5.8149
5.8175
5.8335
5.8494
5.8663
5.8878
5.9076
5.925
5.9439
5.9512
5.9587
5.9603
5.9558
5.9569
5.9696
5.9877
6.0151
6.036
6.0436
6.0499
6.0623
6.0704
6.0739
6.0799
6.0903
6.1097
6.1267
6.1459
6.1527
6.1702
6.187
6.1888
6.1886
6.1958
6.2034
6.21
6.2308
6.2471
6.2616
6.2744
6.2948
6.3129
6.3081
6.3059
6.3157
6.331
6.3336
6.3551
6.3799
6.4025
6.419
6.4246
6.4431
6.4439
6.4469
6.4453
6.4581
6.4717
6.4746
6.4891
6.5131
6.5368
6.5323
6.5334
6.5363
6.5444
6.5439
6.5386
6.5442
6.5626
6.5801
6.5892
6.6004
6.615
6.6217
6.6234
6.6182
6.621
6.6328
6.6457
6.6563
6.6669
6.6785
6.6871
6.6993
6.6926
6.6904
6.6832
6.6851
6.6979
6.7124
6.7211
6.7249
6.7405
6.7604
6.7825
6.7865
6.7931
6.7917
6.792
6.7946
6.8112
6.8356
6.8576
6.8735
6.869
6.8681
6.8743
6.8918
6.9029
6.9052
6.9062
6.9194
6.9329
6.9494
6.9622
6.9738
6.9704
6.9665
6.9648
6.9664
6.9694
6.9818
6.9994
7.0196
7.0377
7.0523
7.0689
7.0662
7.0639
7.0609
7.0672
7.0736
7.0905
7.1059
7.1219
7.1383
7.1511
7.1574
7.1531
7.1572
7.1549
7.1591
7.1589
7.1728
7.1896
7.2075
7.2229
7.2259
7.2313
7.2322
7.2367
7.2371
7.2441
7.2476
7.2618
7.2735
7.2784
7.2847
7.2888
7.2889
7.2814
7.2816
7.2847
7.2938
7.3069
7.3191
7.3357
7.3455
7.3616
7.3551
7.3497
7.3401
7.3316
7.3305
7.3276
7.3405
7.3527
7.3793
7.3888
7.4034
7.4041
7.4062
7.409
7.4066
7.4099
7.4059
7.4166
7.4184
7.4305
7.4421
7.4553
7.4582
7.4578
7.4619
7.4644
7.4719
7.4773
7.4848
7.4899
7.4921
7.4946
7.4912
7.4892
7.4915
7.4996
7.5054
7.5202
7.5379
7.5582
7.5746
7.5799
7.5845
7.5823
7.5799
7.5775
7.5822
7.5919
7.6087
7.633
7.6531
7.6692
7.6819
7.6921
7.6813
7.6731
7.6644
7.6613
7.6612
7.6734
7.6932
7.7181
7.7423
7.7561
7.7622
7.7585
7.7573
7.7466
7.7365
7.7296
7.7314
7.7363
7.7451
7.7588
7.774
7.7838
7.7864
7.7913
7.7935
7.7956
7.8001
7.7991
7.8111
7.8137
7.824
7.8253
7.8305
7.8417
7.8504
7.8628
7.8651
7.8793
7.8773
7.8819
7.8707
7.8739
7.8626
7.8616
7.8615
7.866
7.8773
7.8883
7.9056
7.9077
7.9142
7.9091
7.8983
7.8748
7.8605
7.8495
7.8517
7.859
7.8764
7.9004
7.92
7.9333
7.9321
7.9263
7.9132
7.8953
7.8826
7.8738
7.882
7.8963
7.9162
7.9342
7.9526
7.9605
7.9578
7.9422
7.9255
7.913
7.8994
7.9023
7.907
7.9278
7.94
7.9586
7.9613
7.9605
7.9521
7.9389
7.9319
7.9262
7.933
7.9347
7.9488
7.9558
7.9731
7.9745
7.9777
7.9765
7.9759
7.9792
7.9785
7.9877
7.9944
8.0072
8.0129
8.0235
8.025
8.0307
8.0385
8.0409
8.0481
8.0535
8.0602
8.0574
8.0579
8.0546
8.058
8.0543
8.0601
8.0702
8.0783
8.0901
8.0901
8.0925
8.0896
8.0911
8.0869
8.0798
8.0843
8.0856
8.094
8.0979
8.1125
8.1218
8.1303
8.1267
8.1276
8.1147
8.1087
8.1035
8.1058
8.1154
8.1259
8.1426
8.1538
8.1638
8.1584
8.15
8.1342
8.1279
8.1253
8.1269
8.1353
8.1449
8.1576
8.1636
8.172
8.1689
8.1601
8.1435
8.1265
8.1196
8.1191
8.1282
8.1377
8.1539
8.1577
8.1657
8.1579
8.1438
8.1303
8.1236
8.1209
8.1156
8.1314
8.1392
8.1591
8.1663
8.1781
8.1708
8.1629
8.1483
8.1342
8.1327
8.1333
8.147
8.1513
8.1649
8.1693
8.1722
8.1609
8.1528
8.1435
8.1322
8.1247
8.1278
8.1425
8.1538
8.1672
8.1667
8.1685
8.1595
8.1487
8.1407
8.136
8.1375
8.1366
8.1487
8.1607
8.1773
8.1817
8.1789
8.1729
8.1665
8.1653
8.158
8.1699
8.1775
8.192
8.1981
8.2125
8.2195
8.2187
8.2182
8.2077
8.2024
8.1966
8.2053
8.2041
8.2138
8.2234
8.2309
8.229
8.2306
8.2292
8.2207
8.2127
8.2118
8.2197
8.2266
8.2368
8.2358
8.2426
8.2444
8.2439
8.2445
8.2429
8.2401
8.2379
8.2448
8.2468
8.2568
8.2552
8.2549
8.2543
8.2553
8.2567
8.2531
8.2574
8.2528
8.2593
8.2568
8.2617
8.2593
8.2562
8.2548
8.2529
8.2588
8.2534
8.2532
8.2495
8.2512
8.2499
8.2456
8.2398
8.2356
8.2372
8.2383
8.2389
8.2409
8.243
8.2425
8.2423
8.2392
8.2369
8.2305
8.2277
8.2298
8.2368
8.242
8.2446
8.2439
8.2408
8.2438
8.2332
8.2267
8.2198
8.2229
8.2238
8.2276
8.2368
8.2348
8.2374
8.2302
8.2351
8.2235
8.214
8.2118
8.2172
8.2247
8.2294
8.241
8.2406
8.2448
8.2376
8.2352
8.2234
8.2235
8.2309
8.2372
8.2494
8.2603
8.271
8.267
8.2709
8.2606
8.2532
8.2433
8.241
8.2477
8.256
8.2653
8.2748
8.2838
8.2885
8.283
8.2696
8.2534
8.2466
8.2493
8.2477
8.258
8.2665
8.2823
8.2858
8.2833
8.2754
8.2621
8.2505
8.2412
8.2502
8.2521
8.2634
8.2756
8.2922
8.2944
8.2869
8.2776
8.2628
8.2629
8.2529
8.2621
8.2651
8.2855
8.297
8.3032
8.3052
8.2999
8.289
8.2702
8.2646
8.2567
8.2712
8.2784
8.2972
8.3045
8.3107
8.303
8.2867
8.2687
8.2491
8.2457
8.2426
8.2556
8.2622
8.2711
8.2758
8.2822
8.2718
8.253
8.2385
8.2258
8.222
8.2255
8.2446
8.2588
8.2718
8.276
8.274
8.2615
8.2474
8.2339
8.2243
8.2215
8.2306
8.2426
8.2519
8.2618
8.2674
8.2592
8.2461
8.2318
8.2202
8.2109
8.2114
8.2258
8.2423
8.2529
8.2592
8.2553
8.2494
8.234
8.2149
8.2025
8.2049
8.214
8.2268
8.2429
8.2559
8.267
8.257
8.2471
8.2312
8.2267
8.2185
8.2209
8.2329
8.252
8.2682
8.2742
8.283
8.2689
8.2602
8.2424
8.2385
8.2294
8.2374
8.2517
8.2663
8.2822
8.2788
8.2833
8.2687
8.2611
8.2374
8.2348
8.2333
8.2485
8.261
8.2685
8.283
8.2813
8.2792
8.261
8.2563
8.2454
8.2466
8.248
8.2678
8.2839
8.2947
8.3028
8.296
8.2926
8.2772
8.2688
8.2585
8.2603
8.2672
8.2814
8.2934
8.3002
8.3038
8.2957
8.2817
8.2634
8.254
8.2451
8.2458
8.2544
8.2647
8.2749
8.2742
8.2717
8.2627
8.2482
8.2369
8.2306
8.2281
8.2279
8.2428
8.2571
8.2662
8.2637
8.2626
8.2509
8.24
8.2255
8.2197
8.2205
8.2358
8.2468
8.2518
8.2547
8.2553
8.2558
8.2344
8.23
8.2223
8.223
8.2227
8.2344
8.2504
8.2562
8.2558
8.2581
8.2508
8.2413
8.2284
8.2228
8.2264
8.2376
8.2512
8.2568
8.2693
8.2714
8.2796
8.261
8.2591
8.2473
8.2535
8.2593
8.2777
8.2958
8.3004
8.308
8.3113
8.3075
8.2937
8.2931
8.2888
8.2916
8.2983
8.316
8.3295
8.3328
8.3384
8.3386
8.3302
8.3196
8.309
8.3045
8.3174
8.3292
8.3385
8.3438
8.3497
8.3608
8.3489
8.3411
8.3322
8.3351
8.3351
8.3425
8.36
8.37
8.3769
8.3831
8.39
8.3784
8.3789
8.3641
8.3706
8.3725
8.3908
8.3995
8.4081
8.418
8.4226
8.4166
8.4021
8.4035
8.3949
8.4024
8.4028
8.4204
8.4268
8.4248
8.4281
8.4189
8.4146
8.3983
8.394
8.3853
8.3925
8.3923
8.404
8.4075
8.4064
8.4079
8.3936
8.3917
8.3793
8.3785
8.3772
8.3901
8.3961
8.4049
8.407
8.4105
8.4079
8.3953
8.392
8.3797
8.3865
8.3812
8.3941
8.3993
8.4048
8.408
8.4102
8.4052
8.3919
8.387
8.3787
8.391
8.3908
8.4057
8.4071
8.4135
8.4224
8.412
8.4084
8.3981
8.3979
8.3948
8.4034
8.4124
8.4296
8.4316
8.439
8.4398
8.4353
8.4312
8.4201
8.422
8.4237
8.4371
8.4423
8.4555
8.46
8.4617
8.4549
8.4514
8.4492
8.4436
8.4496
8.4525
8.4657
8.473
8.4788
8.4838
8.4828
8.4799
8.4662
8.458
8.4555
8.4631
8.4622
8.4737
8.4768
8.4834
8.4899
8.482
8.4792
8.4711
8.4734
8.4736
8.4834
8.4903
8.5025
8.5059
8.5159
8.5134
8.5101
8.5028
8.4973
8.4972
8.4985
8.5074
8.5122
8.5188
8.5266
8.5282
8.521
8.5177
8.5097
8.5053
8.507
8.5089
8.513
8.5199
8.5215
8.5234
8.5165
8.5109
8.5033
8.4959
8.4912
8.4948
8.4956
8.4989
8.5034
8.5048
8.5058
8.4995
8.4981
8.4883
8.4918
8.492
8.4944
8.4966
8.5021
8.5042
8.5103
8.5042
8.5022
8.496
8.4894
8.4854
8.4877
8.4985
8.4996
8.5015
8.5132
8.515
8.5083
8.5004
8.4936
8.4925
8.4931
8.4975
8.5036
8.5163
8.5234
8.5286
8.5251
8.5273
8.5191
8.5171
8.5157
8.5289
8.5347
8.5422
8.5442
8.5518
8.5533
8.5468
8.5454
8.5398
8.5419
8.539
8.5447
8.5523
8.5604
8.5646
8.5685
8.5674
8.5642
8.558
8.5506
8.5548
8.5554
8.5604
8.5594
8.5672
8.5809
8.579
8.5775
8.5716
8.5717
8.5669
8.5708
8.5763
8.5834
8.5861
8.5956
8.601
8.6016
8.6012
8.5943
8.5972
8.5975
8.6058
8.6018
8.6114
8.6196
8.6317
8.6262
8.6239
8.6217
8.6141
8.6139
8.612
8.6233
8.6196
8.623
8.6241
8.6238
8.6199
8.6114
8.6043
8.6019
8.6052
8.5998
8.6057
8.6055
8.6118
8.6136
8.6099
8.6067
8.6049
8.6009
8.5964
8.6002
8.6005
8.6057
8.6074
8.621
8.6165
8.6184
8.6145
8.6097
8.6072
8.6041
8.6106
8.6058
8.6141
8.6217
8.6351
8.6254
8.6282
8.6214
8.6197
8.6195
8.6198
8.625
8.6226
8.6336
8.6424
8.6444
8.6389
8.6376
8.6328
8.6329
8.636
8.6417
8.649
8.6559
8.6717
8.6761
8.6794
8.6734
8.6704
8.6662
8.6695
8.6712
8.6765
8.6887
8.6949
8.7049
8.6979
8.7031
8.6961
8.6987
8.6982
8.7064
8.7107
8.7111
8.7148
8.7217
8.7252
8.7188
8.7211
8.7065
8.7104
8.7064
8.7139
8.7147
8.7216
8.7292
8.7417
8.7469
8.7402
8.7419
8.7383
8.7476
8.7443
8.748
8.7486
8.7578
8.7757
8.78
8.7834
8.7785
8.7796
8.7713
8.7758
8.7751
8.7869
8.7858
8.7942
8.8037
8.8014
8.8
8.7908
8.7935
8.7885
8.79
8.783
8.7912
8.791
8.8001
8.7912
8.7903
8.7876
8.7781
8.7789
8.775
8.7853
8.7757
8.7814
8.7878
8.7987
8.7955
8.7903
8.7884
8.7845
8.7889
8.782
8.7913
8.7874
8.7974
8.8049
8.8073
8.8069
8.8026
8.7992
8.7976
8.8022
8.8001
8.8012
8.8029
8.8169
8.8191
8.8183
8.812
8.81
8.803
8.8041
8.8058
8.8063
8.8142
8.8141
8.8249
8.8229
8.8254
8.8198
8.8214
8.8299
8.8335
8.8394
8.8405
8.8506
8.8629
8.8685
8.8608
8.8665
8.8624
8.863
8.8599
8.8642
8.8758
8.8719
8.8779
8.8852
8.893
8.8852
8.8859
8.8818
8.8867
8.8821
8.8806
8.8819
8.8844
8.8948
8.8912
8.8918
8.8851
8.89
8.8799
8.888
8.8933
8.9
8.8972
8.9013
8.9158
8.908
8.9087
8.9033
8.9093
8.9041
8.9051
8.9081
8.9113
8.9101
8.9143
8.9147
8.9101
8.915
8.9035
8.9069
8.9051
8.917
8.9056
8.9017
8.8999
8.9048
8.8971
8.8929
8.8942
8.8815
8.882
8.8701
8.8835
8.8757
8.8702
8.8699
8.8677
8.8672
8.8612
8.8605
8.857
8.8565
8.8523
8.8511
8.8439
8.8481
8.8461
8.838
8.8405
8.8398
8.8354
8.8268
8.8351
8.8327
8.8288
8.8216
8.8329
8.8283
8.8257
8.8234
8.8188
8.821
8.8104
8.8198
8.812
8.8117
8.8081
8.8094
8.8002
8.8023
8.797
8.7982
8.7952
8.8039
8.8026
8.7952
8.7953
8.8011
8.8034
8.7958
8.8031
8.8002
8.8017
8.7984
8.8023
8.81
8.8027
8.8097
8.8037
8.811
8.8058
8.8075
8.8049
8.8109
8.8175
8.811
8.8086
8.8124
8.8216
8.8079
8.8104
8.808
8.81
8.7965
8.8021
8.8056
8.8065
8.8042
8.8109
8.8161
8.8146
8.8197
8.8072
8.8162
8.8095
8.818
8.8106
8.8139
8.8162
8.8191
8.8179
8.817
8.8212
8.8118
8.8144
8.816
8.825
8.8214
8.8202
8.828
8.8259
8.8262
8.8214
8.8243
8.8161
8.8146
8.808
8.8119
8.8043
8.8057
8.8003
8.7967
8.799
8.7918
8.7902
8.7854
8.7939
8.7833
8.782
8.7795
8.7871
8.7769
8.7753
8.7731
8.7743
8.7739
8.7679
8.7775
8.7719
8.7726
8.7726
8.7764
8.773
8.7761
8.7676
8.7698
8.7709
8.769
8.7673
8.7636
8.7664
8.7637
8.7573
8.7554
8.7563
8.7541
8.7483
8.7493
8.7508
8.7491
8.7438
8.7508
8.749
8.751
8.7434
8.748
8.7451
8.7499
8.7514
8.7553
8.7584
8.7584
8.7627
8.7544
8.7658
8.7593
8.7655
8.7608
8.77
8.7645
8.7642
8.7646
8.7682
8.7738
8.768
8.7731
8.7686
8.7699
8.763
8.7697
8.7656
8.768
8.7697
8.7694
8.7699
8.7689
8.7672
8.7659
8.7704
8.7711
8.7735
8.7742
8.7762
8.7803
8.7731
8.7774
8.7725
8.7788
8.768
8.7739
8.7692
8.7719
8.7679
8.7721
8.7724
8.771
8.7751
8.7736
8.7789
8.7735
8.7806
8.7693
8.7728
8.7694
8.7722
8.7667
8.7684
8.7612
8.7582
8.7543
8.7482
8.7482
8.745
8.7449
8.7438
8.7419
8.7365
8.7366
8.7385
8.7336
8.7334
8.727
8.7285
8.7252
8.7255
8.7222
8.7237
8.722
8.7233
8.7184
8.7191
8.7217
8.7209
8.7211
8.7149
8.7144
8.7059
8.7125
8.703
8.7087
8.6992
8.7019
8.6968
8.696
8.6946
8.6914
8.6939
8.6876
8.691
8.6873
8.6871
8.683
8.6871
8.6805
8.68
8.6788
8.6806
8.6825
8.6816
8.6862
8.6878
8.6956
8.6933
8.6982
8.6999
8.7012
8.7008
8.6997
8.7053
8.7041
8.7087
8.7024
8.7106
8.7041
8.7018
8.7014
8.702
8.7004
8.6982
8.698
8.6979
8.7014
8.6951
8.6972
8.6942
8.6992
8.6903
8.6885
8.6894
8.6897
8.6852
8.6847
8.6907
8.6882
8.6896
8.6828
8.6826
8.6719
8.6732
8.6695
8.6773
8.6785
8.6719
8.6707
8.6697
8.6719
8.6684
8.6619
8.6567
8.66
8.6588
8.6615
8.6595
8.6603
8.6525
8.6458
8.6469
8.644
8.634
8.6267
8.6317
8.6308
8.6291
8.6214
8.6252
8.6168
8.6082
8.6098
8.6046
8.6077
8.5984
8.6021
8.6025
8.6011
8.5949
8.5876
8.5861
8.5891
8.5866
8.5834
8.5856
8.5845
8.5901
8.5842
8.5879
8.5823
8.5804
8.5754
8.5742
8.5581
8.5547
8.5528
8.5516
8.5519
8.5445
8.5476
8.5409
8.5367
8.5351
8.526
8.518
8.5178
8.5205
8.524
8.523
8.5195
8.5181
8.5173
8.5202
8.5199
8.5143
8.5177
8.5217
8.5249
8.5271
8.5253
8.5285
8.5231
8.5237
8.5277
8.5189
8.5216
8.5241
8.5292
8.5328
8.5315
8.533
8.5256
8.5198
8.5192
8.516
8.5094
8.5062
8.5118
8.5149
8.517
8.5116
8.5124
8.5086
8.5077
8.5037
8.4893
8.4931
8.4938
8.4974
8.4999
8.4989
8.4995
8.4882
8.4896
8.4946
8.4862
8.4782
8.4859
8.4919
8.4977
8.4949
8.4979
8.4918
8.4855
8.4855
8.4887
8.4818
8.4825
8.4886
8.4914
8.4967
8.4823
8.4816
8.4656
8.4664
8.4622
8.4483
8.4481
8.4513
8.4549
8.4555
8.4595
8.4576
8.4513
8.4387
8.4483
8.4432
8.4312
8.43
8.4355
8.4416
8.4421
8.4416
8.4378
8.4349
8.4395
8.4469
8.4329
8.44
8.4414
8.4468
8.4485
8.4438
8.4425
8.4245
8.4264
8.4286
8.4157
8.4083
8.4144
8.4131
8.4174
8.4176
8.4191
8.4059
8.4018
8.4073
8.403
8.395
8.3994
8.4105
8.4091
8.4177
8.4166
8.4166
8.4054
8.413
8.4214
8.4108
8.4155
8.4214
8.4314
8.4299
8.4355
8.4308
8.4245
8.4161
8.4254
8.4189
8.4171
8.4252
8.4249
8.4352
8.4327
8.441
8.4227
8.4207
8.4258
8.4273
8.4135
8.4167
8.4289
8.4324
8.4325
8.4321
8.4332
8.416
8.4212
8.4238
8.4212
8.4106
8.4218
8.4285
8.4339
8.4346
8.428
8.4258
8.4189
8.4298
8.4173
8.4168
8.4212
8.4316
8.438
8.4429
8.441
8.4302
8.4238
8.4299
8.4319
8.4205
8.4251
8.4254
8.4375
8.4305
8.4379
8.422
8.4137
8.4088
8.4063
8.4043
8.3966
8.4085
8.4086
8.4164
8.4129
8.4109
8.3966
8.3855
8.3888
8.3867
8.3795
8.3809
8.3898
8.395
8.4016
8.3998
8.3992
8.387
8.3871
8.3842
8.3776
8.3728
8.3772
8.3806
8.3796
8.3893
8.3735
8.3698
8.3659
8.375
8.3637
8.3573
8.3627
8.3745
8.3741
8.3751
8.3751
8.3633
8.3552
8.351
8.3505
8.3436
8.3524
8.3597
8.3752
8.3818
8.3866
8.3795
8.3743
8.3718
8.3628
8.3637
8.3635
8.3765
8.3854
8.3919
8.4006
8.3938
8.3802
8.3707
8.3705
8.37
8.3649
8.3706
8.3859
8.3884
8.3937
8.3842
8.3785
8.3706
8.3659
8.3649
8.3629
8.3661
8.3721
8.3848
8.3908
8.3992
8.3858
8.3777
8.3744
8.369
8.3657
8.3654
8.3704
8.3883
8.3889
8.4009
8.3898
8.3811
8.3703
8.3628
8.3659
8.3568
8.3626
8.3715
8.3755
8.3814
8.3759
8.3692
8.3543
8.3434
8.3352
8.3297
8.3331
8.3409
8.3529
8.3579
8.3616
8.3544
8.34
8.33
8.3242
8.3237
8.3235
8.3264
8.3364
8.3395
8.3487
8.3386
8.3299
8.3221
8.3102
8.3072
8.3056
8.3057
8.3189
8.3184
8.3212
8.32
8.3082
8.2918
8.2777
8.2758
8.269
8.2674
8.2707
8.2829
8.2903
8.292
8.2859
8.2769
8.2626
8.2568
8.2526
8.2515
8.2524
8.2626
8.2752
8.2806
8.2803
8.2651
8.2595
8.2497
8.2494
8.2506
8.2526
8.2691
8.2757
8.2828
8.2837
8.2829
8.2732
8.2647
8.2608
8.2631
8.2691
8.277
8.2907
8.303
8.3103
8.3001
8.2938
8.2894
8.2827
8.2756
8.2787
8.2823
8.2947
8.3025
8.312
8.31
8.2982
8.2923
8.2849
8.284
8.2806
8.2822
8.2968
8.3102
8.3159
8.3181
8.3158
8.313
8.3004
8.2956
8.2986
8.2972
8.3015
8.3112
8.326
8.3343
8.3268
8.314
8.3072
8.2964
8.2948
8.2949
8.2937
8.309
8.3079
8.3164
8.3083
8.2988
8.2815
8.2682
8.2601
8.2589
8.264
8.2728
8.2849
8.2916
8.2957
8.2829
8.2814
8.2718
8.2648
8.2624
8.266
8.2712
8.2834
8.2955
8.3041
8.2988
8.2874
8.2841
8.278
8.2731
8.2699
8.2712
8.2875
8.292
8.2993
8.301
8.2937
8.2793
8.2676
8.2592
8.2572
8.2588
8.2647
8.2769
8.2884
8.2915
8.2837
8.2742
8.2659
8.2577
8.2521
8.2543
8.2554
8.2725
8.2793
8.2924
8.294
8.2819
8.2734
8.2701
8.2668
8.2619
8.2634
8.28
8.2924
8.2996
8.3029
8.2983
8.2941
8.2823
8.2767
8.2751
8.2762
8.2847
8.2908
8.3093
8.3119
8.3105
8.2937
8.285
8.2773
8.2705
8.2753
8.275
8.2929
8.2952
8.3083
8.3084
8.2965
8.2827
8.2755
8.2716
8.2697
8.2738
8.2894
8.2976
8.311
8.3156
8.3075
8.3025
8.293
8.2881
8.284
8.2853
8.2899
8.2994
8.3129
8.3181
8.3206
8.3053
8.3032
8.2956
8.288
8.2862
8.2813
8.2941
8.2977
8.3031
8.3056
8.297
8.2881
8.2756
8.2709
8.2679
8.2639
8.2774
8.2877
8.3002
8.3028
8.2977
8.2868
8.2799
8.2725
8.2679
8.2722
8.2756
8.2863
8.2952
8.3014
8.3044
8.2908
8.2865
8.2847
8.2782
8.2762
8.2798
8.2904
8.2993
8.306
8.3085
8.2938
8.286
8.2755
8.2725
8.269
8.2657
8.2744
8.2808
8.2899
8.296
8.2922
8.2862
8.274
8.2718
8.267
8.2669
8.2661
8.2802
8.2901
8.295
8.2981
8.2895
8.2859
8.2785
8.2815
8.2791
8.2839
8.2952
8.305
8.3146
8.3212
8.3104
8.2997
8.2974
8.2932
8.2872
8.2853
8.2944
8.3049
8.3178
8.3214
8.3258
8.313
8.3062
8.305
8.302
8.2972
8.2882
8.3038
8.3109
8.3185
8.3206
8.3084
8.3088
8.3011
8.3015
8.2991
8.2962
8.3131
8.3164
8.3259
8.3394
8.3271
8.3227
8.3168
8.3302
8.3173
8.3152
8.3171
8.3284
8.3388
8.3374
8.3441
8.3334
8.3293
8.3286
8.3224
8.3159
8.3128
8.321
8.3278
8.3296
8.3348
8.3199
8.3109
8.3043
8.2981
8.2931
8.2883
8.307
8.3103
8.3139
8.3236
8.3145
8.3071
8.2882
8.2958
8.2846
8.283
8.286
8.3011
8.3095
8.3106
8.3096
8.3043
8.2954
8.2949
8.2896
8.2854
8.2837
8.2851
8.2988
8.2971
8.3085
8.2901
8.2935
8.2966
8.3016
8.2927
8.2853
8.3014
8.3046
8.3144
8.3146
8.3197
8.3086
8.3069
8.314
8.3077
8.3005
8.3031
8.3139
8.3211
8.3356
8.3339
8.3353
8.3216
8.3282
8.3184
8.3173
8.3157
8.3297
8.3391
8.343
8.3522
8.3434
8.343
8.3338
8.3403
8.3287
8.3331
8.3374
8.3482
8.3571
8.3607
8.3607
8.3466
8.3427
8.3464
8.3408
8.3383
8.3459
8.3547
8.3656
8.3687
8.3793
8.3661
8.3604
8.37
8.3669
8.3614
8.3542
8.3756
8.3741
8.3851
8.3831
8.3906
8.3815
8.38
8.3862
8.3777
8.3786
8.383
8.392
8.3888
8.3957
8.3864
8.3788
8.3634
8.372
8.3613
8.3579
8.366
8.3734
8.3777
8.3778
8.3889
8.3736
8.3673
8.3622
8.37
8.3585
8.3609
8.3684
8.3756
8.3831
8.377
8.3866
8.3729
8.3699
8.3635
8.3571
8.3506
8.3548
8.3616
8.3641
8.3695
8.3715
8.3582
8.3432
8.3434
8.3388
8.334
8.3366
8.3494
8.3466
8.3565
8.3561
8.3576
8.3447
8.3473
8.355
8.3504
8.3617
8.3611
8.3745
8.3798
8.3833
8.3929
8.381
8.3816
8.3891
8.394
8.3948
8.4022
8.413
8.416
8.4178
8.4257
8.4122
8.4104
8.4076
8.4194
8.4137
8.4213
8.4296
8.4323
8.4414
8.4358
8.4414
8.42
8.4259
8.4307
8.4246
8.4295
8.4356
8.4469
8.448
8.4484
8.4595
8.4543
8.4506
8.4505
8.4532
8.4531
8.4578
8.4666
8.4713
8.4791
8.4852
8.4757
8.4768
8.4642
8.4691
8.4629
8.4709
8.4784
8.4835
8.4897
8.4909
8.494
8.4818
8.477
8.4766
8.474
8.4687
8.4705
8.4718
8.4732
8.473
8.4759
8.4754
8.4674
8.4575
8.4563
8.4534
8.4559
8.4576
8.4577
8.4625
8.459
8.4563
8.4446
8.4449
8.4505
8.4382
8.4426
8.4466
8.4539
8.452
8.4574
8.4616
8.45
8.4446
8.4497
8.4488
8.4373
8.4399
8.4418
8.4447
8.4425
8.4417
8.4385
8.4311
8.4243
8.4254
8.4215
8.4261
8.4289
8.4363
8.4401
8.4447
8.4408
8.4308
8.4286
8.4362
8.4338
8.4348
8.4426
8.4536
8.457
8.4601
8.4668
8.4693
8.4645
8.4678
8.4715
8.4729
8.4767
8.4805
8.4843
8.4852
8.4886
8.4805
8.4772
8.4784
8.4844
8.4753
8.4794
8.4858
8.4878
8.4884
8.492
8.4932
8.4844
8.4804
8.4885
8.4877
8.4849
8.4876
8.4914
8.5016
8.4962
8.503
8.4994
8.4984
8.4947
8.5007
8.5007
8.5071
8.513
8.5167
8.5185
8.5257
8.5213
8.5179
8.51
8.5157
8.5104
8.5104
8.5162
8.5165
8.5229
8.5159
8.5222
8.5119
8.5043
8.5071
8.501
8.4968
8.4957
8.498
8.5022
8.4984
8.5041
8.4953
8.4942
8.488
8.4912
8.4857
8.4918
8.4992
8.4963
8.4987
8.5029
8.5012
8.4978
8.4907
8.5047
8.5088
8.5089
8.5154
8.5144
8.5242
8.5124
8.517
8.5078
8.502
8.5084
8.5151
8.5099
8.5116
8.5149
8.5153
8.5109
8.5185
8.5137
8.5083
8.5061
8.5108
8.5016
8.5041
8.5105
8.5114
8.5142
8.5128
8.5175
8.5118
8.5083
8.5127
8.5101
8.5081
8.509
8.5132
8.5218
8.5242
8.5297
8.5293
8.5306
8.5229
8.5231
8.5171
8.5236
8.5273
8.5298
8.5308
8.5348
8.534
8.5236
8.5188
8.5217
8.5177
8.5172
8.5229
8.5221
8.5262
8.5248
8.5273
8.5216
8.5173
8.5215
8.5201
8.5082
8.5113
8.5169
8.5195
8.5234
8.5254
8.5299
8.5243
8.5293
8.5315
8.5264
8.5277
8.5302
8.5309
8.5327
8.5366
8.5384
8.5283
8.5208
8.5198
8.5174
8.5131
8.5175
8.522
8.5222
8.5184
8.5124
8.5088
8.5001
8.4954
8.4925
8.4838
8.4863
8.4865
8.4872
8.4884
8.4897
8.4899
8.4772
8.4765
8.4745
8.465
8.4604
8.4644
8.4667
8.4681
8.4695
8.4644
8.4583
8.4459
8.4493
8.445
8.4368
8.4383
8.4383
8.4451
8.443
8.4384
8.4379
8.4284
8.4276
8.4258
8.4184
8.4207
8.4191
8.4241
8.4219
8.4318
8.4282
8.4189
8.4192
8.4147
8.409
8.3958
8.4047
8.4093
8.4167
8.4207
8.4164
8.4187
8.4104
8.4056
8.3994
8.3879
8.4006
8.4044
8.4079
8.411
8.4105
8.4143
8.4003
8.4031
8.4029
8.3955
8.3973
8.4011
8.4036
8.4012
8.406
8.4126
8.4005
8.3983
8.3975
8.4011
8.3963
8.4003
8.4054
8.4076
8.4111
8.4064
8.4074
8.3996
8.395
8.3934
8.3845
8.3953
8.3957
8.3986
8.4045
8.41
8.4126
8.4011
8.4024
8.3947
8.379
8.3695
8.3741
8.3801
8.3748
8.3768
8.3787
8.3734
8.3591
8.3545
8.3467
8.3354
8.3347
8.335
8.3421
8.342
8.336
8.3252
8.3189
8.3122
8.3088
8.3029
8.3116
8.3146
8.3132
8.3134
8.3156
8.3134
8.2966
8.2958
8.2951
8.2907
8.28
8.2937
8.2974
8.3033
8.3013
8.2971
8.2982
8.2828
8.2834
8.2771
8.2683
8.2711
8.269
8.2742
8.2736
8.2716
8.2681
8.2567
8.2584
8.2494
8.2319
8.2349
8.2366
8.243
8.2363
8.2479
8.2472
8.2386
8.236
8.2346
8.2314
8.2217
8.2316
8.2348
8.2429
8.2449
8.249
8.2481
8.2407
8.2381
8.2341
8.2302
8.2361
8.2451
8.2492
8.2502
8.2516
8.2517
8.2378
8.2376
8.2313
8.2271
8.2246
8.2351
8.2389
8.2395
8.2497
8.244
8.242
8.2248
8.2306
8.2288
8.2236
8.2335
8.2387
8.2516
8.2467
8.2518
8.2445
8.2304
8.2337
8.2376
8.2365
8.2406
8.2454
8.2532
8.255
8.2607
8.2604
8.2474
8.2442
8.2349
8.2344
8.2243
8.2296
8.2267
8.2329
8.2364
8.2306
8.226
8.2034
8.2069
8.1971
8.1852
8.1832
8.1921
8.1886
8.1853
8.1818
8.1813
8.1618
8.1538
8.1487
8.1413
8.1379
8.1432
8.1482
8.1486
8.1518
8.1479
8.1416
8.1307
8.1305
8.1238
8.1152
8.1252
8.1229
8.1333
8.128
8.1359
8.1196
8.1082
8.1086
8.1044
8.1002
8.101
8.114
8.1128
8.1175
8.1109
8.1123
8.0951
8.0921
8.0827
8.0888
8.0905
8.0973
8.1033
8.107
8.1097
8.107
8.1067
8.0879
8.086
8.0796
8.0836
8.0866
8.0956
8.0987
8.1014
8.1119
8.0963
8.0926
8.077
8.0824
8.0799
8.0845
8.0894
8.0924
8.0942
8.0934
8.0884
8.0798
8.069
8.0607
8.0627
8.0545
8.0691
8.0724
8.0822
8.0737
8.0769
8.0662
8.0494
8.0464
8.0447
8.0453
8.0392
8.0541
8.0564
8.0707
8.0685
8.0681
8.0545
8.0455
8.0446
8.0412
8.0404
8.0493
8.0602
8.0597
8.0652
8.0597
8.0479
8.0366
8.0321
8.0313
8.0258
8.0315
8.0402
8.0406
8.0341
8.0372
8.0224
8.0123
7.9939
8.001
7.99
7.9927
7.9948
8.0019
8.006
8.0025
7.9961
7.9754
7.9749
7.9631
7.9593
7.9495
7.9638
7.9695
7.9712
7.9723
7.9721
7.9535
7.9386
7.9351
7.933
7.923
7.9189
7.9291
7.9318
7.9341
7.9256
7.9194
7.9094
7.9023
7.8999
7.8978
7.8972
7.9028
7.9126
7.9173
7.9222
7.9148
7.9022
7.8978
7.8893
7.8918
7.8939
7.9071
7.9181
7.9304
7.9367
7.9354
7.927
7.9126
7.9083
7.9062
7.9082
7.92
7.9263
7.9327
7.9393
7.9379
7.9323
7.9123
7.9045
7.8993
7.9002
7.8948
7.9015
7.9054
7.9098
7.9122
7.9073
7.8952
7.8782
7.8707
7.867
7.8654
7.865
7.8674
7.8792
7.8864
7.8785
7.8743
7.867
7.8612
7.8524
7.8525
7.8554
7.8703
7.8756
7.8825
7.8845
7.8769
7.8641
7.8522
7.8518
7.852
7.8504
7.8628
7.8715
7.8798
7.8796
7.8746
7.8695
7.8475
7.8404
7.8298
7.8337
7.8403
7.8461
7.8572
7.8564
7.8531
7.8306
7.8194
7.8075
7.7935
7.7999
7.8033
7.8143
7.8154
7.8218
7.8264
7.8156
7.8004
7.783
7.7795
7.7786
7.78
7.781
7.7835
7.7901
7.7956
7.7894
7.7798
7.7596
7.7529
7.7411
7.7399
7.7354
7.7404
7.7489
7.7516
7.7501
7.732
7.7193
7.6984
7.6938
7.6909
7.6995
7.7035
7.7204
7.7258
7.7324
7.7195
7.7156
7.7001
7.6993
7.706
7.7147
7.7288
7.741
7.7479
7.7475
7.7431
7.7363
7.7332
7.7226
7.7226
7.7279
7.7365
7.7528
7.757
7.7715
7.7606
7.7536
7.7402
7.7247
7.7199
7.7255
7.7327
7.7376
7.7529
7.7624
7.7658
7.752
7.7442
7.7298
7.7303
7.7244
7.7342
7.7334
7.7439
7.7533
7.7585
7.7584
7.7448
7.7413
7.7275
7.7327
7.7383
7.7416
7.7517
7.7635
7.7706
7.7659
7.7582
7.7481
7.7372
7.7266
7.7359
7.7386
7.7527
7.7586
7.7708
7.7651
7.7553
7.7447
7.7337
7.7269
7.7231
7.7377
7.7404
7.7519
7.75
7.7546
7.7468
7.742
7.7263
7.7143
7.7127
7.7185
7.7226
7.734
7.75
7.7517
7.7534
7.7386
7.7306
7.7126
7.7095
7.711
7.7168
7.7284
7.734
7.7462
7.7416
7.7385
7.7267
7.72
7.7072
7.7025
7.7102
7.7123
7.723
7.7268
7.7363
7.7325
7.7238
7.7057
7.693
7.6846
7.6923
7.6953
7.7054
7.7164
7.7243
7.7273
7.7224
7.7126
7.6958
7.6897
7.6863
7.6931
7.6928
7.7088
7.7134
7.7215
7.7139
7.7126
7.699
7.6903
7.6805
7.6765
7.6795
7.686
7.6918
7.6903
7.6984
7.6876
7.6814
7.6667
7.6676
7.66
7.6514
7.6575
7.6669
7.6705
7.6647
7.6679
7.662
7.6536
7.6434
7.6446
7.642
7.6363
7.6425
7.6475
7.6573
7.6539
7.6574
7.6473
7.6424
7.6344
7.6351
7.6324
7.6342
7.6345
7.6362
7.6411
7.6397
7.6397
7.6282
7.6313
7.6195
7.619
7.6151
7.6175
7.6153
7.612
7.6124
7.6094
7.6103
7.6048
7.6106
7.6062
7.6057
7.6001
7.5956
7.5904
7.5878
7.5876
7.5892
7.5888
7.5912
7.5961
7.5936
7.598
7.5934
7.5893
7.5784
7.5799
7.5717
7.5743
7.5755
7.5897
7.5921
7.5967
7.5953
7.59
7.5804
7.5645
7.5541
7.5459
7.546
7.5534
7.555
7.5633
7.5649
7.5651
7.5522
7.5452
7.5279
7.513
7.4984
7.5016
7.5067
7.5179
7.5229
7.5355
7.535
7.5292
7.5156
7.4991
7.4856
7.472
7.4764
7.4805
7.4909
7.4999
7.5012
7.5022
7.5042
7.4951
7.483
7.4676
7.4644
7.4657
7.4605
7.4665
7.4649
7.4706
7.4649
7.4678
7.4596
7.452
7.4391
7.4338
7.4294
7.4281
7.4245
7.4235
7.4272
7.4209
7.4199
7.4133
7.4235
7.4177
7.417
7.4058
7.4073
7.3967
7.3865
7.3768
7.3734
7.3702
7.3705
7.3782
7.3849
7.3876
7.3858
7.374
7.3586
7.3435
7.3262
7.3097
7.2974
7.2939
7.304
7.3145
7.3211
7.3284
7.3237
7.3149
7.2983
7.2762
7.2491
7.2445
7.2311
7.2348
7.2402
7.2514
7.2543
7.2567
7.2548
7.2474
7.2381
7.2128
7.2043
7.194
7.1985
7.1831
7.1929
7.1875
7.1909
7.1911
7.192
7.1873
7.1783
7.185
7.1664
7.1606
7.1463
7.1461
7.1382
7.1366
7.129
7.1271
7.1326
7.1359
7.1449
7.1438
7.144
7.1258
7.1028
7.0786
7.0683
7.0586
7.0408
7.0448
7.0486
7.0598
7.0628
7.0749
7.0659
7.0591
7.0468
7.0227
7.0051
6.9935
6.9999
6.9985
6.9977
6.9993
7.0034
7.0021
6.9935
6.9879
6.9676
6.9625
6.9605
6.9458
6.941
6.9389
6.9376
6.9287
6.9212
6.913
6.9081
6.9008
6.9043
6.9046
6.897
6.8958
6.8917
6.8791
6.8613
6.852
6.8433
6.8409
6.8337
6.8345
6.8337
6.841
6.8417
6.8391
6.8229
6.8105
6.7935
6.7745
6.7646
6.7568
6.7527
6.754
6.7552
6.7502
6.7437
6.7309
6.719
6.7016
6.6841
6.6818
6.6749
6.6741
6.6622
6.6597
6.6369
6.6316
6.6233
6.6122
6.6022
6.5965
6.6017
6.6001
6.5958
6.5877
6.5803
6.569
6.5634
6.5457
6.5394
6.5259
6.5316
6.5328
6.532
6.532
6.5244
6.5218
6.5183
6.5048
6.4839
6.4743
6.4703
6.4734
6.4675
6.4737
6.4583
6.451
6.4387
6.4319
6.4168
6.4039
6.4032
6.3997
6.3986
6.3839
6.3814
6.373
6.3676
6.3478
6.3316
6.3142
6.311
6.3073
6.3077
6.3044
6.2979
6.294
6.2799
6.2756
6.2583
6.2506
6.2368
6.2381
6.232
6.2277
6.2301
6.2158
6.2044
6.1933
6.1873
6.1718
6.1559
6.1486
6.1534
6.153
6.1525
6.1457
6.1378
6.1318
6.1215
6.1105
6.092
6.0844
6.0784
6.0828
6.0796
6.0836
6.084
6.0772
6.0766
6.062
6.0522
6.036
6.042
6.036
6.0391
6.0335
6.0302
6.008
5.9973
5.9829
5.9708
5.9597
5.9501
5.943
5.9379
5.9414
5.9285
5.9152
5.8951
5.8795
5.8694
5.8564
5.8444
5.8291
5.8243
5.8232
5.8164
5.8005
5.7818
5.7699
5.7617
5.7435
5.7405
5.7315
5.7258
5.7284
5.7325
5.7215
5.7032
5.6919
5.6722
5.6582
5.6477
5.6493
5.6467
5.6394
5.6325
5.6364
5.6324
5.6265
5.6147
5.5976
5.5858
5.5797
5.5744
5.5597
5.5536
5.5448
5.5331
5.5247
5.5142
5.4962
5.4758
5.4691
5.4687
5.4661
5.4616
5.4586
5.4463
5.4401
5.4252
5.4122
5.3847
5.3725
5.3611
5.3561
5.3572
5.3467
5.3328
5.3128
5.3092
5.3027
5.2936
5.2761
5.2693
5.2567
5.2598
5.2556
5.2492
5.2334
5.2171
5.197
5.1849
5.1742
5.1575
5.1504
5.1458
5.1441
5.1458
5.1437
5.1333
5.1094
5.0994
5.0872
5.0819
5.0734
5.0578
5.0477
5.0423
5.0422
5.0308
5.0267
5.0079
4.9911
4.9762
4.9742
4.9698
4.9716
4.9697
4.9616
4.9521
4.9398
4.9327
4.9175
4.8963
4.8723
4.8686
4.8601
4.8569
4.8538
4.8524
4.8399
4.8361
4.816
4.8067
4.7963
4.7867
4.7698
4.7671
4.7626
4.7636
4.7612
4.7455
4.7323
4.72
4.7042
4.6894
4.6868
4.6798
4.6785
4.6722
4.6675
4.6763
4.6715
4.6588
4.641
4.6301
4.6074
4.6019
4.5918
4.5913
4.5883
4.5785
4.5744
4.5678
4.5574
4.5414
4.5266
4.5077
4.5039
4.4969
4.4922
4.4939
4.4866
4.4812
4.4708
4.4578
4.4408
4.4267
4.4052
4.3947
4.382
4.3761
4.3728
4.3699
4.3659
4.3527
4.3397
4.3207
4.3063
4.2856
4.2786
4.2629
4.2552
4.2512
4.2452
4.2408
4.232
4.2188
4.1998
4.179
4.163
4.1485
4.1393
4.1335
4.1285
4.1173
4.1104
4.1065
4.0941
4.0795
4.0623
4.0498
4.0313
4.0185
4.0122
4.0144
4.0076
4.0027
3.9929
3.9917
3.9755
3.9657
3.9515
3.9433
3.9233
3.914
3.9035
3.9048
3.9032
3.9034
3.9013
3.8948
3.8858
3.8685
3.8559
3.8435
3.8256
3.8152
3.8004
3.8002
3.7902
3.7901
3.7901
3.786
3.7651
3.7506
3.7336
3.7236
3.712
3.7003
3.6925
3.6857
3.6824
3.676
3.6801
3.6785
3.6684
3.6524
3.6316
3.6225
3.6046
3.5986
3.5939
3.5988
3.5953
3.5934
3.5881
3.5904
3.5847
3.5718
3.5583
3.5436
3.5263
3.5153
3.5117
3.5058
3.5142
3.5079
3.5042
3.4951
3.493
3.4796
3.4726
3.4534
3.4387
3.4169
3.4087
3.402
3.4092
3.4167
3.4137
3.4122
3.4103
3.4028
3.3928
3.3815
3.3649
3.3555
3.3351
3.3262
3.3166
3.3238
3.3258
3.3304
3.3269
3.3248
3.3154
3.3021
3.2858
3.2718
3.2615
3.2458
3.2406
3.2295
3.2388
3.242
3.2479
3.2392
3.2417
3.226
3.2114
3.1911
3.173
3.1605
3.1506
3.1475
3.1318
3.145
3.1412
3.1427
3.1393
3.1332
3.123
3.1103
3.0905
3.0699
3.0644
3.0451
3.045
3.0397
3.0493
3.0524
3.0582
3.0496
3.039
3.0433
3.028
3.0222
2.9967
2.9859
2.9655
2.9609
2.9533
2.9512
2.9577
2.9577
2.9567
2.9405
2.939
2.9262
2.9221
2.9055
2.8936
2.8822
2.8679
2.8643
2.8592
2.8597
2.8649
2.8691
2.8627
2.8539
2.848
2.8391
2.8361
2.8245
2.8178
2.8151
2.8041
2.8023
2.7972
2.796
2.799
2.8024
2.7977
2.7917
2.7795
2.7723
2.7666
2.7544
2.7403
2.7315
2.7198
2.7209
2.7125
2.7124
2.7099
2.7124
2.7093
2.7002
2.6896
2.6824
2.6761
2.6652
2.6589
2.6502
2.6483
2.6463
2.6396
2.6365
2.6272
2.6282
2.6235
2.6248
2.6172
2.6075
2.6002
2.5898
2.5854
2.5781
2.5727
2.5681
2.5649
2.5624
2.5582
2.5522
2.5489
2.5429
2.5408
2.5313
2.5232
2.5139
2.508
2.4997
2.4916
2.4838
2.4775
2.4749
2.4715
2.4653
2.4522
2.4514
2.4452
2.4489
2.4395
2.4345
2.425
2.4224
2.417
2.4114
2.405
2.4021
2.4034
2.3978
2.3929
2.3825
2.3841
2.383
2.3837
2.3712
2.3661
2.3581
2.3568
2.3526
2.3467
2.3418
2.3326
2.3272
2.3195
2.3144
2.3125
2.3059
2.3057
2.3003
2.3029
2.299
2.2972
2.2912
2.2865
2.2888
2.2876
2.2797
2.2757
2.2717
2.2727
2.2683
2.2632
2.2626
2.2607
2.2599
2.2566
2.2554
2.2539
2.2489
2.2402
2.2301
2.2295
2.2206
2.2149
2.209
2.2106
2.203
2.1984
2.1918
2.1885
2.1831
2.1826
2.184
2.176
2.1732
2.1647
2.1655
2.1613
2.1553
2.1416
2.1392
2.1358
2.1357
2.1317
2.1253
2.12
2.1201
2.1261
2.1208
2.1132
2.1081
2.112
2.1167
2.1088
2.0988
2.0923
2.0876
2.0881
2.0836
2.0772
2.0646
2.0652
2.062
2.0617
2.0567
2.0523
2.0424
2.0322
2.0303
2.0314
2.0274
2.0152
2.0041
2.0001
1.9972
1.996
1.9904
1.9807
1.9806
1.9827
1.9836
1.9789
1.9776
1.9697
1.9641
1.9617
1.9643
1.9586
1.9487
1.9387
1.9372
1.9348
1.9317
1.9219
1.9168
1.9148
1.923
1.9211
1.9222
1.9129
1.9057
1.8995
1.904
1.9017
1.893
1.8773
1.8702
1.8682
1.8649
1.8644
1.8563
1.8526
1.8506
1.8529
1.855
1.8587
1.8501
1.8459
1.8487
1.8516
1.8473
1.8418
1.8341
1.8254
1.824
1.8239
1.8246
1.8194
1.812
1.8073
1.8139
1.8146
1.8122
1.8088
1.8051
1.7944
1.7967
1.7944
1.791
1.78
1.7746
1.7622
1.7599
1.7595
1.7586
1.7572
1.7513
1.7465
1.7507
1.7548
1.7498
1.7481
1.7462
1.7414
1.7389
1.7376
1.7318
1.7298
1.7252
1.7146
1.7094
1.7118
1.7066
1.7043
1.6986
1.6967
1.6999
1.6991
1.6916
1.693
1.6872
1.679
1.6742
1.6699
1.6665
1.6691
1.6552
1.65
1.6469
1.6496
1.6446
1.6503
1.6409
1.6439
1.6335
1.6321
1.6332
1.6358
1.6263
1.6238
1.6188
1.6154
1.6154
1.6098
1.6074
1.604
1.5971
1.5978
1.6013
1.6003
1.6007
1.5968
1.5947
1.5935
1.5921
1.587
1.5919
1.5835
1.5841
1.5763
1.5793
1.5728
1.572
1.5673
1.5627
1.5557
1.5529
1.56
1.5517
1.555
1.5499
1.5483
1.5431
1.5471
1.5446
1.5458
1.542
1.5414
1.54
1.5395
1.5434
1.542
1.5418
1.5365
1.5361
1.5305
1.5311
1.5259
1.5247
1.5147
1.5136
1.507
1.5083
1.508
1.5078
1.5092
1.502
1.5002
1.4913
1.4936
1.4861
1.4887
1.4818
1.4789
1.4711
1.4702
1.4683
1.4682
1.4682
1.4655
1.4641
1.4631
1.465
1.4681
1.4684
1.4679
1.4651
1.4562
1.4558
1.4609
1.4611
1.4585
1.4548
1.4499
1.4421
1.4455
1.4419
1.4439
1.4414
1.4328
1.4279
1.4247
1.4256
1.4255
1.4261
1.4197
1.4173
1.4066
1.4089
1.4048
1.4091
1.4047
1.4009
1.3905
1.3862
1.3831
1.381
1.387
1.3786
1.3787
1.37
1.3656
1.3631
1.3673
1.3672
1.3654
1.3627
1.356
1.3572
1.3552
1.359
1.3534
1.3539
1.3476
1.3427
1.3409
1.3394
1.3373
1.3366
1.3346
1.3291
1.3287
1.3225
1.3215
1.3235
1.3259
1.3239
1.3217
1.3178
1.3134
1.3158
1.3153
1.3129
1.3112
1.3048
1.3
1.3014
1.3012
1.3014
1.302
1.2971
1.2945
1.2938
1.2908
1.2929
1.2933
1.2992
1.2976
1.2983
1.2936
1.2936
1.2972
1.2933
1.2948
1.2915
1.2865
1.2843
1.2808
1.2749
1.2774
1.2737
1.2727
1.2716
1.2673
1.2616
1.2601
1.2589
1.2601
1.2617
1.258
1.257
1.2557
1.2515
1.2528
1.2535
1.2495
1.254
1.2494
1.2488
1.2463
1.2438
1.2466
1.2474
1.244
1.2412
1.2372
1.2329
1.235
1.2334
1.235
1.235
1.2365
1.2316
1.2304
1.2227
1.2212
1.2214
1.2131
1.2138
1.2038
1.2044
1.1953
1.1943
1.1935
1.1976
1.1943
1.1925
1.1903
1.1826
1.1875
1.1851
1.1869
1.1862
1.1828
1.1854
1.1859
1.1809
1.1844
1.1816
1.1859
1.1834
1.1821
1.1785
1.1762
1.1766
1.1713
1.1713
1.1643
1.1666
1.1618
1.1584
1.1558
1.1554
1.1594
1.1556
1.1555
1.1517
1.1504
1.1507
1.1485
1.1508
1.1531
1.1523
1.1492
1.1489
1.15
1.1493
1.1468
1.1473
1.1475
1.1506
1.1501
1.1477
1.1481
1.1484
1.1477
1.1463
1.146
1.146
1.1434
1.1387
1.1347
1.136
1.1344
1.1333
1.1328
1.1296
1.1293
1.1254
1.1236
1.1203
1.1202
1.1194
1.1163
1.1167
1.1158
1.1122
1.1112
1.1132
1.1121
1.1096
1.1058
1.104
1.1037
1.1022
1.1017
1.1003
1.1005
1.0985
1.0943
1.0915
1.0905
1.0908
1.0872
1.0887
1.0849
1.0876
1.0807
1.0789
1.0789
1.0786
1.0746
1.0724
1.0697
1.0655
1.0639
1.0594
1.0578
1.0538
1.0533
1.05
1.0488
1.0434
1.041
1.0405
1.037
1.0345
1.0314
1.0326
1.0306
1.0286
1.0246
1.0242
1.0182
1.0178
1.0129
1.0151
1.0145
1.0132
1.0153
1.015
1.0154
1.0111
1.0128
1.0076
1.0077
1.0086
1.0086
1.0102
1.0089
1.0065
1.002
1.0007
0.99918
1.0007
0.99542
0.99491
0.99158
0.98929
0.98874
0.9893
0.98766
0.98467
0.98222
0.98129
0.97977
0.9769
0.97386
0.9743
0.97335
0.97212
0.97061
0.97344
0.97324
0.97573
0.97437
0.97556
0.97524
0.97224
0.97159
0.97176
0.97136
0.97073
0.96877
0.96689
0.96704
0.96609
0.96339
0.95973
0.95784
0.95603
0.95392
0.94999
0.95105
0.94525
0.94561
0.94295
0.94316
0.93979
0.93773
0.93488
0.93502
0.93085
0.93252
0.92775
0.93026
0.92581
0.92449
0.92305
0.92455
0.92239
0.92787
0.92525
0.92877
0.92448
0.92766
0.92591
0.92646
0.92411
0.92447
0.92485
0.92393
0.92093
0.91634
0.91503
0.91248
0.90975
0.90783
0.90381
0.9
0.8982
0.8961
0.89331
0.88842
0.88455
0.88304
0.87777
0.87418
0.87278
0.87043
0.86923
0.86885
0.87051
0.86901
0.86831
0.87146
0.86716
0.87032
0.86587
0.86893
0.86772
0.8698
0.8654
0.86728
0.86636
0.86338
0.86168
0.86172
0.85797
0.85657
0.85663
0.85593
0.85492
0.85373
0.85
0.84699
0.84524
0.84582
0.84049
0.83719
0.83666
0.8351
0.83587
0.83458
0.8363
0.8354
0.83671
0.8369
0.83789
0.839
0.8443
0.84618
0.84636
0.84492
0.84863
0.84845
0.84916
0.84544
0.84679
0.84274
0.84605
0.84283
0.84512
0.84069
0.84236
0.84097
0.84401
0.84211
0.84117
0.83801
0.83245
0.83317
0.82886
0.82403
0.8222
0.82029
0.81605
0.81574
0.81743
0.81876
0.81894
0.81619
0.81307
0.81157
0.81291
0.81756
0.81378
0.81256
0.80795
0.81232
0.81096
0.81521
0.81145
0.8132
0.8127
0.81178
0.81352
0.80653
0.81027
0.80464
0.80567
0.79888
0.80531
0.80073
0.80291
0.79616
0.79156
0.78839
0.78703
0.77886
0.77364
0.77069
0.76946
0.77038
0.77141
0.77537
0.77699
0.77828
0.7772
0.77631
0.77276
0.78085
0.77958
0.77833
0.77512
0.77607
0.78256
0.78018
0.78322
0.78011
0.78693
0.78406
0.78704
0.78247
0.78498
0.78472
0.78152
0.77718
0.77676
0.77515
0.76928
0.76473
0.75564
0.75873
0.75389
0.75411
0.74927
0.75639
0.75272
0.75511
0.75578
0.76505
0.77182
0.76971
0.77033
0.76768
0.77985
0.77947
0.78245
0.77922
0.78704
0.78802
0.79324
0.79371
0.79594
0.79936
0.79568
0.79719
0.79314
0.80018
0.79414
0.79389
0.79049
0.79546
0.79495
0.7952
0.79379
0.78787
0.78789
0.77886
0.77809
0.77944
0.77782
0.77354
0.7744
0.77761
0.78267
0.79234
0.79821
0.81024
0.81438
0.81686
0.81593
0.81876
0.82093
0.82144
0.82363
0.82459
0.82647
0.82351
0.82262
0.82368
0.82462
0.82669
0.82324
0.82541
0.8231
0.82296
0.81734
0.81912
0.81706
0.81481
0.8165
0.81387
0.81427
0.81012
0.8081
0.80664
0.80551
0.80067
0.80053
0.80069
0.80228
0.8116
0.81805
0.83401
0.83971
0.8485
0.85485
0.86005
0.85777
0.85556
0.8579
0.85548
0.85901
0.85868
0.86021
0.86237
0.86142
0.86297
0.8646
0.86608
0.86603
0.86642
0.86708
0.8662
0.86164
0.85958
0.86199
0.85848
0.85765
0.85662
0.85353
0.85288
0.84946
0.85142
0.84616
0.84264
0.83991
0.84563
0.85402
0.86548
0.8827
0.89908
0.91746
0.93151
0.94277
0.94643
0.95121
0.95537
0.95803
0.95578
0.95981
0.96224
0.96828
0.97079
0.97389
0.97933
0.97887
0.98153
0.9819
0.98577
0.98298
0.98234
0.97633
0.97546
0.97455
0.97486
0.97655
0.97105
0.96786
0.96376
0.9627
0.95764
0.95349
0.95179
0.95425
0.95902
0.97238
0.98344
1.0038
1.0235
1.0464
1.0641
1.0792
1.0949
1.1021
1.104
1.1031
1.1045
1.1056
1.1064
1.108
1.1099
1.1169
1.124
1.1334
1.1337
1.1328
1.1325
1.1275
1.1202
1.1174
1.117
1.116
1.1166
1.1197
1.1236
1.1222
1.1191
1.112
1.1077
1.1052
1.1023
1.0962
1.0949
1.1037
1.115
1.1308
1.1516
1.1798
1.2077
1.2303
1.2539
1.2721
1.2835
1.2893
1.2869
1.2844
1.283
1.2844
1.2865
1.2957
1.3077
1.3186
1.3286
1.3379
1.3372
1.3289
1.32
1.3126
1.3072
1.3017
1.3035
1.308
1.3151
1.3218
1.3233
1.3248
1.3248
1.3255
1.3232
1.3202
1.3172
1.3139
1.318
1.3284
1.3439
1.3653
1.388
1.4191
1.4498
1.481
1.5093
1.5306
1.5437
1.5478
1.5429
1.5354
1.5291
1.53
1.5409
1.5597
1.5782
1.5934
1.6089
1.6186
1.6153
1.602
1.5871
1.5729
1.5579
1.5531
1.5562
1.5602
1.5706
1.5765
1.5833
1.5888
1.5853
1.582
1.5785
1.5754
1.5641
1.5596
1.562
1.5697
1.5859
1.6067
1.6354
1.6668
1.704
1.7403
1.7718
1.7963
1.8178
1.8247
1.8193
1.8154
1.8054
1.8037
1.8109
1.8268
1.8481
1.8729
1.8915
1.907
1.9083
1.8978
1.8765
1.8563
1.8347
1.8207
1.8154
1.8158
1.8223
1.8321
1.8428
1.8501
1.8529
1.8505
1.8449
1.8389
1.8298
1.8214
1.8186
1.8249
1.8385
1.8614
1.8885
1.9192
1.9554
1.9948
2.0353
2.076
2.1059
2.1226
2.129
2.1216
2.1156
2.1048
2.1062
2.1211
2.1411
2.1687
2.1943
2.2187
2.2325
2.233
2.221
2.1989
2.1681
2.1452
2.1295
2.125
2.1237
2.1284
2.1385
2.1529
2.164
2.1674
2.1687
2.1693
2.165
2.153
2.1453
2.1448
2.1511
2.1669
2.1886
2.2168
2.2504
2.2892
2.3318
2.3749
2.4207
2.4592
2.4807
2.4891
2.487
2.4763
2.4655
2.4605
2.4701
2.4884
2.5147
2.5477
2.575
2.5916
2.5961
2.5879
2.5673
2.5384
2.5039
2.4817
2.4713
2.4646
2.4657
2.4735
2.4887
2.5019
2.516
2.5187
2.522
2.5159
2.508
2.4961
2.491
2.4965
2.5093
2.5264
2.5506
2.5825
2.6165
2.6568
2.7011
2.7462
2.7935
2.8322
2.8504
2.8537
2.8453
2.8275
2.8157
2.8147
2.8252
2.8478
2.8826
2.9169
2.9457
2.9599
2.9621
2.9545
2.9331
2.898
2.861
2.8336
2.8167
2.8093
2.8086
2.8172
2.8305
2.8525
2.8709
2.8798
2.8809
2.8761
2.8628
2.8432
2.834
2.8335
2.8465
2.8668
2.8944
2.9237
2.9608
3.0011
3.0503
3.0971
3.1452
3.1868
3.2165
3.2299
3.2279
3.2141
3.1977
3.1965
3.2096
3.2318
3.2676
3.3086
3.3413
3.3588
3.3671
3.3627
3.3485
3.3214
3.283
3.2484
3.2265
3.2134
3.2057
3.2047
3.2089
3.2203
3.2374
3.2503
3.2566
3.2489
3.2408
3.2212
3.2071
3.2038
3.2131
3.231
3.2539
3.2816
3.3209
3.3652
3.4128
3.4608
3.5101
3.5623
3.606
3.6333
3.6448
3.644
3.6305
3.619
3.6201
3.6415
3.6736
3.7171
3.7552
3.7819
3.7993
3.804
3.7905
3.7658
3.73
3.6865
3.6408
3.608
3.5876
3.5799
3.5768
3.5774
3.5897
3.6116
3.6283
3.6295
3.6173
3.5953
3.5807
3.5684
3.571
3.5811
3.6014
3.6284
3.659
3.7016
3.753
3.8044
3.8536
3.9052
3.9556
4.0077
4.0406
4.0595
4.0673
4.054
4.0418
4.0457
4.0659
4.0971
4.1366
4.1694
4.1912
4.1962
4.1877
4.1726
4.1495
4.1107
4.0677
4.0266
3.993
3.9679
3.9501
3.9406
3.9425
3.9552
3.9731
3.9922
4.0005
3.9968
3.986
3.9686
3.9626
3.9713
3.981
4.001
4.0291
4.0597
4.1031
4.1556
4.208
4.2614
4.3111
4.3627
4.4159
4.4656
4.4957
4.5016
4.4901
4.4671
4.4493
4.4509
4.4667
4.4966
4.5344
4.5642
4.5833
4.5914
4.5854
4.5647
4.5351
4.4945
4.4528
4.4158
4.3781
4.3513
4.3332
4.3261
4.329
4.3418
4.3618
4.3793
4.3845
4.3749
4.3617
4.3498
4.3482
4.3593
4.3782
4.4038
4.4359
4.4752
4.5262
4.5776
4.6237
4.6653
4.7016
4.7346
4.7673
4.8024
4.8225
4.8276
4.819
4.8126
4.8033
4.8141
4.8401
4.8795
4.914
4.9381
4.9523
4.9539
4.9445
4.9255
4.892
4.8503
4.8104
4.7722
4.7343
4.7037
4.684
4.6732
4.6728
4.6803
4.6994
4.7116
4.7143
4.7116
4.7011
4.6946
4.6939
4.7034
4.7146
4.7304
4.7499
4.7728
4.7981
4.8265
4.8581
4.893
4.9313
4.9743
5.0245
5.0731
5.1182
5.1439
5.1524
5.1502
5.1494
5.1523
5.1655
5.1922
5.2259
5.2514
5.2661
5.2757
5.2779
5.2662
5.2407
5.202
5.1606
5.1178
5.077
5.0388
5.0129
4.9977
4.9924
4.9956
5.0047
5.0171
5.0193
5.0103
4.9912
4.9661
4.9439
4.9241
4.9128
4.9107
4.9213
4.9422
4.975
5.0164
5.067
5.1207
5.1729
5.2239
5.2716
5.313
5.3494
5.3754
5.3872
5.3833
5.3866
5.3923
5.4033
5.4295
5.4667
5.4951
5.5113
5.5158
5.5108
5.4954
5.4758
5.451
5.4197
5.3822
5.3446
5.3084
5.274
5.2471
5.2246
5.2052
5.1905
5.1775
5.1515
5.12
5.088
5.0546
5.0221
5.0036
5.003
5.0196
5.0495
5.0879
5.1315
5.1738
5.2103
5.2425
5.2754
5.3086
5.3444
5.3829
5.4317
5.4856
5.5345
5.5683
5.5857
5.5918
5.5931
5.5875
5.5819
5.5875
5.6001
5.6078
5.6146
5.618
5.6156
5.6062
5.5939
5.5736
5.5413
5.4953
5.4396
5.378
5.3133
5.2573
5.2082
5.1678
5.1343
5.1054
5.0851
5.08
5.0839
5.0877
5.1018
5.1166
5.1273
5.1353
5.1443
5.154
5.1709
5.196
5.2369
5.2909
5.3546
5.4184
5.481
5.532
5.5709
5.5978
5.6084
5.6009
5.5895
5.5809
5.5773
5.5804
5.5857
5.5922
5.6076
5.6187
5.6208
5.6114
5.5904
5.5594
5.5194
5.4704
5.4131
5.3523
5.2877
5.2237
5.1698
5.1367
5.1244
5.129
5.1393
5.1463
5.1434
5.1298
5.1095
5.0794
5.0567
5.0468
5.0516
5.072
5.109
5.1591
5.2167
5.2716
5.3157
5.3554
5.388
5.4142
5.4318
5.4445
5.4551
5.4637
5.4665
5.4672
5.4731
5.4836
5.4908
5.4926
5.4853
5.4702
5.4502
5.4235
5.3903
5.3499
5.3062
5.2614
5.2125
5.1699
5.1416
5.1262
5.1209
5.1212
5.1282
5.1318
5.1214
5.1022
5.0744
5.0395
5.01
4.9929
4.9836
4.9904
5.009
5.0398
5.079
5.1126
5.14
5.1637
5.1813
5.1949
5.201
5.2043
5.2079
5.2207
5.2347
5.2541
5.2714
5.285
5.2888
5.2847
5.272
5.2555
5.2323
5.2011
5.1662
5.1246
5.0812
5.0346
4.99
4.9545
4.9355
4.9276
4.9395
4.9582
4.9767
4.9799
4.9736
4.9487
4.9166
4.8802
4.8549
4.8368
4.8369
4.8445
4.8669
4.8999
4.9348
4.9588
4.9716
4.9774
4.9781
4.9703
4.9538
4.9335
4.9176
4.9078
4.9068
4.9135
4.9245
4.9389
4.9416
4.9395
4.9264
4.904
4.8763
4.8421
4.8005
4.7563
4.7088
4.6585
4.607
4.5607
4.5312
4.5171
4.5185
4.5319
4.5492
4.5487
4.5397
4.5171
4.4819
4.4403
4.4136
4.3932
4.3865
4.3917
4.4109
4.4412
4.4815
4.5165
4.543
4.5559
4.5662
4.5652
4.5592
4.5417
4.5209
4.5005
4.4932
4.4977
4.5075
4.5245
4.5313
4.5326
4.5232
4.5056
4.4776
4.4447
4.4005
4.3568
4.3063
4.255
4.2016
4.1498
4.1043
4.0746
4.0598
4.063
4.0758
4.0856
4.0833
4.0637
4.0342
3.9954
3.956
3.9303
3.9167
3.914
3.9255
3.9497
3.986
4.0276
4.0649
4.0924
4.1135
4.1279
4.1288
4.1249
4.1094
4.0899
4.0762
4.0734
4.0809
4.0993
4.1107
4.1172
4.1116
4.1027
4.0826
4.0545
4.0155
3.9736
3.922
3.87
3.818
3.7655
3.7118
3.6588
3.6249
3.6046
3.5996
3.6141
3.6216
3.6178
3.5983
3.566
3.5206
3.4814
3.4506
3.4354
3.4335
3.4432
3.4664
3.5024
3.5413
3.5807
3.6149
3.6379
3.6547
3.6628
3.6614
3.6496
3.6297
3.6096
3.6015
3.6063
3.6175
3.6318
3.6417
3.6342
3.6239
3.6031
3.5758
3.5403
3.4966
3.4448
3.3926
3.3419
3.2895
3.2364
3.1839
3.1333
3.0993
3.0893
3.0915
3.1015
3.1022
3.0885
3.0619
3.022
2.9771
2.9486
2.9248
2.9141
2.919
2.9394
2.9653
3.005
3.0414
3.0794
3.1149
3.1421
3.1567
3.1639
3.1605
3.1488
3.128
3.1165
3.1108
3.1191
3.1346
3.1459
3.1457
3.1377
3.1207
3.0942
3.0597
3.0207
2.9725
2.9208
2.8714
2.8198
2.7685
2.7189
2.6675
2.6167
2.5828
2.5677
2.5677
2.5718
2.5779
2.5647
2.5381
2.4979
2.46
2.4296
2.4147
2.4084
2.4121
2.4315
2.4653
2.5021
2.541
2.5802
2.6164
2.6482
2.6691
2.6777
2.6748
2.6658
2.6465
2.6346
2.633
2.6358
2.6475
2.6545
2.6539
2.6429
2.625
2.5971
2.5607
2.5175
2.4699
2.4175
2.3665
2.316
2.2634
2.2114
2.1609
2.1101
2.0644
2.0381
2.0278
2.0285
2.0261
2.0173
1.995
1.9625
1.9282
1.9022
1.886
1.8803
1.8805
1.8961
1.922
1.9574
1.995
2.0344
2.0706
2.1089
2.1367
2.1514
2.1599
2.1579
2.1461
2.1349
2.1332
2.1329
2.1392
2.1473
2.1461
2.1373
2.1233
2.0979
2.0637
2.0223
1.9772
1.9274
1.8769
1.8253
1.7726
1.7207
1.6698
1.6173
1.5673
1.5285
1.5055
1.5016
1.4972
1.4972
1.4923
1.4767
1.4471
1.4227
1.4052
1.3964
1.3963
1.407
1.4229
1.4459
1.4809
1.5197
1.5581
1.5966
1.6355
1.6645
1.6852
1.6916
1.6902
1.6844
1.684
1.6862
1.6863
1.69
1.6931
1.69
1.6754
1.6528
1.6261
1.5928
1.5536
1.5084
1.4605
1.4107
1.3575
1.3073
1.253
1.2054
1.158
1.1169
1.0803
1.0625
1.0563
1.056
1.0542
1.0542
1.0486
1.0372
1.0171
1.0058
0.9991
0.99969
1.0049
1.0217
1.0399
1.0645
1.0933
1.1315
1.1692
1.2085
1.2422
1.2687
1.2838
1.2847
1.2857
1.2888
1.2889
1.2856
1.2862
1.2834
1.2797
1.2644
1.2418
1.2157
1.1852
1.1488
1.1124
1.0737
1.0278
0.98409
0.93854
0.89393
0.85192
0.81209
0.77449
0.74801
0.72978
0.72337
0.72398
0.72541
0.72205
0.71971
0.7186
0.71466
0.70806
0.70392
0.69878
0.70263
0.70931
0.71826
0.73041
0.75028
0.77015
0.79385
0.81522
0.83959
0.8629
0.88035
0.88326
0.88637
0.88439
0.88623
0.88546
0.8864
0.88399
0.88896
0.88313
0.86816
0.85141
0.83095
0.80533
0.77812
0.74631
0.7148
0.68562
0.65162
0.61636
0.58877
0.55835
0.53264
0.51089
0.49444
0.49034
0.49207
0.49374
0.4932
0.4986
0.49447
0.49604
0.49558
0.49189
0.48883
0.49098
0.48794
0.49112
0.4912
0.49339
0.49815
0.50383
0.50627
0.51611
0.52346
0.52301
0.52288
0.52309
0.51982
0.5186
0.52026
0.51922
0.52248
0.52281
0.52361
0.52677
0.52667
0.51869
0.5074
0.49003
0.47212
0.4557
0.43379
0.41372
0.39607
0.37645
0.35994
0.34422
0.33043
0.32324
0.3208
0.31895
0.32163
0.32169
0.31821
0.31926
0.31611
0.31474
0.31392
0.31062
0.30824
0.30559
0.29979
0.2972
0.29749
0.28737
0.28372
0.2758
0.26639
0.26014
0.26085
0.25355
0.25486
0.24926
0.24877
0.24597
0.24612
0.24274
0.24701
0.24501
0.24406
0.24911
0.25126
0.2499
0.25278
0.25504
0.25557
0.25643
0.25478
0.25593
0.25754
0.25727
0.25785
0.26059
0.25896
0.26201
0.2631
0.26336
0.26507
0.26677
0.26664
0.26973
0.26986
0.27091
0.27384
0.27011
0.2722
0.27148
0.27113
0.26752
0.27144
0.26427
0.2667
0.26558
0.26783
0.26627
0.2651
0.26274
0.26644
0.26272
0.26356
0.26243
0.26094
0.25866
0.26173
0.2567
0.25841
0.25739
0.25652
0.2551
0.25825
0.25641
0.25918
0.25757
0.259
0.26016
0.258
0.25898
0.26048
0.25974
0.25976
0.26233
0.26123
0.26467
0.26505
0.26686
0.26959
0.26936
0.27087
0.27407
0.27501
0.27512
0.27723
0.27499
0.27674
0.27807
0.27666
0.27749
0.27645
0.27471
0.27449
0.2717
0.27185
0.26846
0.26348
0.26313
0.26225
0.2569
0.25304
0.25119
0.24473
0.24547
0.23955
0.23707
0.2327
0.23032
0.22862
0.22983
0.22816
0.23016
0.2274
0.22628
0.22704
0.22738
0.22414
0.22863
0.22863
0.22885
0.2298
0.23113
0.23286
0.23438
0.23504
0.2387
0.23926
0.24074
0.24326
0.24501
0.24448
0.24725
0.24507
0.24679
0.24754
0.245
0.246
0.24333
0.24345
0.24281
0.24191
0.23922
0.24271
0.23917
0.23971
0.23503
0.23389
0.23133
0.23316
0.23063
0.23196
0.22717
0.22819
0.22517
0.22731
0.2282
0.22962
0.22875
0.23246
0.23223
0.23406
0.23747
0.2377
0.24103
0.24394
0.24414
0.24558
0.24792
0.24736
0.24922
0.24811
0.24964
0.24903
0.24798
0.2487
0.25085
0.24729
0.25044
0.24877
0.24925
0.24696
0.24659
0.24323
0.2447
0.24243
0.24325
0.24111
0.24152
0.24111
0.23992
0.23855
0.2404
0.23638
0.23772
0.2376
0.2368
0.23739
0.23914
0.23842
0.23842
0.24028
0.24173
0.24138
0.24027
0.24205
0.23975
0.23956
0.24054
0.23756
0.23736
0.23764
0.23541
0.2345
0.23523
0.23246
0.23066
0.22994
0.22753
0.22462
0.22184
0.22353
0.22097
0.21937
0.22022
0.21783
0.2157
0.21682
0.2131
0.21363
0.21358
0.21033
0.20967
0.21025
0.21042
0.21131
0.21067
0.21235
0.2124
0.21272
0.21545
0.21608
0.21467
0.21821
0.21765
0.21772
0.21749
0.21975
0.21929
0.22144
0.21941
0.21957
0.21899
0.22143
0.22152
0.2215
0.22182
0.22236
0.22229
0.2213
0.21853
0.21995
0.22237
0.21895
0.21844
0.21698
0.21841
0.21763
0.22033
0.21735
0.21852
0.21877
0.22174
0.22108
0.22561
0.22552
0.22458
0.22662
0.22567
0.22404
0.22856
0.22825
0.22889
0.23008
0.22975
0.23046
0.23153
0.23116
0.23154
0.23107
0.22979
0.23105
0.23067
0.23102
0.2291
0.22731
0.22913
0.22651
0.22694
0.22759
0.22786
0.22833
0.22981
0.22892
0.22787
0.22736
0.22812
0.2257
0.22469
0.22495
0.22403
0.22223
0.22215
0.21765
0.21911
0.22019
0.21878
0.21756
0.21692
0.21738
0.21768
0.21671
0.21556
0.21508
0.21664
0.2138
0.21314
0.21189
0.2105
0.20699
0.20666
0.20425
0.20443
0.20599
0.20433
0.20574
0.20518
0.20517
0.20773
0.20566
0.20758
0.20556
0.20818
0.20662
0.20679
0.20552
0.20753
0.2038
0.20698
0.20507
0.20449
0.20483
0.20602
0.20075
0.20136
0.19873
0.2007
0.1989
0.19795
0.19417
0.19513
0.19612
0.19424
0.19161
0.19235
0.19045
0.19227
0.18925
0.18804
0.19132
0.19178
0.1903
0.19206
0.19252
0.19147
0.19607
0.19454
0.19508
0.1981
0.20092
0.20142
0.20363
0.20448
0.20499
0.20968
0.20999
0.21036
0.21334
0.2131
0.21344
0.2156
0.21339
0.21339
0.21548
0.21292
0.21356
0.212
0.21252
0.20971
0.21098
0.20814
0.20825
0.20846
0.207
0.20402
0.20596
0.20494
0.20071
0.20185
0.19915
0.19945
0.20089
0.20089
0.19932
0.20063
0.20038
0.19958
0.19936
0.20017
0.20041
0.20066
0.1988
0.19976
0.20044
0.19914
0.19633
0.19699
0.19332
0.1963
0.19628
0.1933
0.19375
0.19657
0.1912
0.19279
0.1905
0.19043
0.19067
0.19004
0.18725
0.18516
0.18714
0.18163
0.18402
0.18245
0.18219
0.18383
0.18461
0.18088
0.18535
0.18249
0.18321
0.18379
0.18407
0.1847
0.18501
0.18344
0.18365
0.18814
0.18634
0.1848
0.18674
0.18797
0.18646
0.18866
0.18371
0.184
0.18363
0.18077
0.17895
0.17972
0.17901
0.17899
0.17711
0.17509
0.17631
0.17504
0.17412
0.17515
0.17472
0.173
0.17421
0.17366
0.17372
0.17566
0.1739
0.17478
0.17937
0.17739
0.17997
0.1813
0.18209
0.18447
0.18781
0.18751
0.18967
0.19217
0.19317
0.19747
0.19691
0.19873
0.20146
0.20062
0.19997
0.20239
0.20411
0.20304
0.20458
0.20151
0.20246
0.20367
0.20115
0.20161
0.20298
0.19763
0.19913
0.19774
0.19498
0.19396
0.19372
0.1929
0.19354
0.19324
0.1904
0.19252
0.19251
0.19154
0.1918
0.19091
0.19134
0.19232
0.19001
0.19323
0.19317
0.19031
0.19156
0.19175
0.189
0.19207
0.18989
0.18909
0.19001
0.19146
0.18861
0.19098
0.18893
0.18874
0.18812
0.18663
0.18584
0.18562
0.18035
0.1804
0.18017
0.17912
0.17961
0.17888
0.17774
0.18111
0.17825
0.17926
0.18172
0.18123
0.18128
0.18222
0.18131
0.18333
0.18018
0.17998
0.18136
0.18201
0.17943
0.18186
0.1818
0.18006
0.18233
0.17956
0.17986
0.17969
0.17646
0.1772
0.17582
0.17405
0.17303
0.17272
0.17191
0.17282
0.1703
0.16954
0.16981
0.16844
0.16813
0.17072
0.16801
0.16952
0.16935
0.16953
0.17096
0.17201
0.17114
0.17343
0.17316
0.1753
0.17805
0.17782
0.18103
0.18333
0.18335
0.19018
0.18899
0.19348
0.19396
0.19455
0.19402
0.19833
0.19521
0.19796
0.19795
0.19758
0.19617
0.19925
0.19688
0.19839
0.19672
0.19627
0.19705
0.19305
0.19251
0.1901
0.18844
0.18608
0.18732
0.18523
0.18762
0.18456
0.18469
0.18512
0.18275
0.18344
0.183
0.18203
0.17995
0.18189
0.17733
0.18084
0.17783
0.17954
0.17844
0.17999
0.17718
0.17851
0.17553
0.17656
0.17544
0.17579
0.17646
0.17405
0.17426
0.17205
0.1714
0.17151
0.17071
0.16761
0.1679
0.16611
0.16483
0.16475
0.16442
0.16382
0.16537
0.16318
0.16502
0.16559
0.16661
0.16749
0.16747
0.16692
0.16939
0.16742
0.17059
0.16845
0.17071
0.17306
0.17355
0.17222
0.1743
0.17358
0.17267
0.17232
0.1707
0.16988
0.16893
0.16667
0.16897
0.16776
0.16609
0.1659
0.16317
0.1635
0.16233
0.1606
0.16074
0.1588
0.15917
0.15887
0.15734
0.15758
0.15896
0.15743
0.15943
0.1591
0.15906
0.16114
0.161
0.16148
0.16282
0.1647
0.16623
0.16928
0.16946
0.17457
0.17447
0.17582
0.17743
0.17744
0.17914
0.17984
0.18016
0.18325
0.18069
0.18287
0.18481
0.18374
0.18441
0.18586
0.18382
0.18435
0.18416
0.18415
0.1835
0.18215
0.17901
0.18087
0.1774
0.17838
0.17577
0.17743
0.17436
0.17559
0.17371
0.17555
0.17424
0.17639
0.17385
0.17288
0.17217
0.17123
0.17089
0.17031
0.16881
0.16938
0.16695
0.16617
0.16652
0.16578
0.16429
0.16431
0.16225
0.16134
0.16046
0.15925
0.15825
0.15633
0.15425
0.1524
0.14981
0.15195
0.14957
0.15004
0.15037
0.14858
0.14911
0.149
0.14863
0.14968
0.1486
0.15041
0.15016
0.14967
0.15027
0.15187
0.15262
0.15305
0.15271
0.15477
0.15608
0.1554
0.15846
0.15786
0.15747
0.15791
0.15715
0.15458
0.15559
0.15623
0.15566
0.15518
0.15312
0.15365
0.15245
0.15163
0.15173
0.14965
0.1507
0.14814
0.14903
0.14722
0.14775
0.14713
0.14527
0.14382
0.14624
0.1441
0.14663
0.14583
0.14714
0.14909
0.15033
0.15143
0.1542
0.15654
0.15761
0.15904
0.16026
0.16118
0.16103
0.16248
0.16275
0.16049
0.16413
0.16357
0.16531
0.16484
0.16544
0.16511
0.16676
0.1648
0.16795
0.16759
0.16703
0.16699
0.16675
0.16586
0.16678
0.16612
0.16627
0.16551
0.16681
0.1668
0.1663
0.16922
0.16792
0.16926
0.16969
0.16754
0.16808
0.16837
0.16866
0.16841
0.16681
0.16543
0.16422
0.16231
0.16243
0.16331
0.16127
0.16093
0.16041
0.15966
0.15814
0.15697
0.15477
0.15121
0.15051
0.14764
0.14679
0.14539
0.14406
0.14294
0.14313
0.14095
0.14113
0.14093
0.13953
0.14041
0.13864
0.142
0.14066
0.14357
0.14183
0.14308
0.14369
0.14544
0.14518
0.14946
0.1483
0.15044
0.15233
0.15161
0.15136
0.15473
0.15404
0.15454
0.15398
0.15537
0.15425
0.1556
0.15389
0.15464
0.15343
0.15521
0.15291
0.15469
0.15233
0.15262
0.15398
0.15265
0.15455
0.15506
0.15361
0.1546
0.1535
0.15377
0.15334
0.15396
0.15372
0.15326
0.15455
0.15495
0.15568
0.15848
0.15734
0.15942
0.15975
0.1616
0.16253
0.16285
0.16284
0.16363
0.16409
0.16623
0.1664
0.1649
0.16425
0.16398
0.16552
0.16579
0.16594
0.16488
0.16501
0.16618
0.1643
0.16203
0.16307
0.16011
0.16142
0.16212
0.16237
0.16317
0.1639
0.16395
0.16267
0.16527
0.16579
0.16656
0.16502
0.16487
0.16519
0.16641
0.16479
0.16621
0.16524
0.16533
0.1654
0.16534
0.16475
0.16437
0.16259
0.16112
0.16204
0.16134
0.15996
0.15871
0.15601
0.15434
0.15364
0.15022
0.14795
0.14567
0.14431
0.1433
0.1424
0.14149
0.14092
0.14152
0.1378
0.14006
0.13855
0.14003
0.13793
0.13898
0.1373
0.14034
0.1385
0.14247
0.13978
0.14236
0.14208
0.14385
0.14251
0.14268
0.14374
0.14307
0.14362
0.14392
0.14345
0.14361
0.14309
0.1431
0.14309
0.14374
0.14339
0.14195
0.14297
0.14326
0.14278
0.14278
0.14344
0.14332
0.14336
0.14466
0.14421
0.14439
0.1439
0.14617
0.14608
0.14637
0.14694
0.14778
0.14844
0.15048
0.15167
0.1547
0.15537
0.15739
0.1577
0.15965
0.15921
0.15905
0.16024
0.15921
0.15867
0.15983
0.15924
0.15987
0.15917
0.15963
0.1606
0.16181
0.1604
0.16044
0.16016
0.15989
0.15853
0.15911
0.15806
0.1571
0.15719
0.15619
0.15653
0.15657
0.15767
0.15682
0.15735
0.15872
0.15771
0.15789
0.15964
0.1586
0.1593
0.15933
0.1587
0.15668
0.15797
0.15732
0.15631
0.15601
0.15498
0.15509
0.15453
0.15483
0.15471
0.15474
0.15361
0.15171
0.15072
0.14848
0.14841
0.14359
0.14368
0.14084
0.14276
0.14002
0.14099
0.13787
0.1391
0.13896
0.1399
0.13748
0.13913
0.13641
0.13835
0.13801
0.13858
0.13814
0.1389
0.13965
0.13965
0.14202
0.1432
0.14502
0.14419
0.14491
0.14368
0.14533
0.14287
0.14456
0.14373
0.14459
0.14347
0.14467
0.14461
0.14349
0.14447
0.14249
0.14343
0.14432
0.14486
0.14428
0.14585
0.14509
0.14486
0.14633
0.14749
0.14656
0.14736
0.14897
0.14796
0.15026
0.1502
0.15032
0.15174
0.15284
0.15419
0.15478
0.15723
0.15977
0.16045
0.1608
0.16101
0.16227
0.16296
0.16325
0.16188
0.16267
0.16286
0.16243
0.16175
0.16301
0.16236
0.16391
0.16304
0.16111
0.16087
0.16149
0.1609
0.15965
0.15931
0.15905
0.15842
0.1597
0.15926
0.16138
0.16042
0.1604
0.15938
0.16026
0.1609
0.16117
0.16125
0.1614
0.16063
0.16248
0.16063
0.1612
0.16009
0.15988
0.15858
0.15929
0.15794
0.15895
0.15802
0.15635
0.15384
0.15437
0.15354
0.15155
0.15107
0.14798
0.14895
0.14539
0.14545
0.14331
0.14362
0.14291
0.14199
0.14204
0.14154
0.14086
0.1427
0.14209
0.14217
0.14196
0.14194
0.14081
0.14203
0.14227
0.14236
0.1427
0.14339
0.1444
0.14624
0.14567
0.14689
0.14585
0.14825
0.14602
0.14879
0.14656
0.14792
0.14682
0.14748
0.14634
0.14695
0.14555
0.14545
0.14606
0.14555
0.14613
0.14648
0.14543
0.14638
0.14621
0.1468
0.14599
0.14942
0.14695
0.14921
0.14867
0.14993
0.14986
0.15197
0.15164
0.15471
0.15495
0.15865
0.15839
0.16032
0.16153
0.164
0.16321
0.16512
0.16459
0.1664
0.16605
0.1666
0.16523
0.16727
0.16736
0.16784
0.16815
0.16721
0.16804
0.16955
0.16749
0.16763
0.16593
0.16532
0.16326
0.16364
0.16175
0.16265
0.16415
0.1626
0.16275
0.16324
0.16303
0.16465
0.16365
0.16379
0.16489
0.16356
0.1639
0.16356
0.16512
0.16343
0.16455
0.16323
0.16398
0.16424
0.16408
0.16242
0.16318
0.16166
0.16086
0.15996
0.15775
0.15556
0.15479
0.15367
0.15094
0.14987
0.14855
0.14664
0.14728
0.14594
0.14449
0.14477
0.14529
0.14352
0.1446
0.14223
0.14264
0.1423
0.14204
0.14129
0.1428
0.1432
0.14355
0.14495
0.14571
0.14513
0.147
0.14653
0.14748
0.14756
0.14757
0.1476
0.14729
0.1475
0.14575
0.14469
0.14417
0.1442
0.14523
0.14428
0.1449
0.14372
0.14499
0.14359
0.14544
0.14628
0.14698
0.14685
0.14564
0.14595
0.1458
0.14764
0.14727
0.14683
0.14808
0.14871
0.15109
0.15004
0.15304
0.1517
0.15514
0.15459
0.15699
0.15763
0.16104
0.16226
0.16324
0.16373
0.16447
0.16355
0.163
0.16206
0.16271
0.1629
0.16457
0.16274
0.16365
0.16232
0.16144
0.16045
0.16076
0.159
0.15944
0.15939
0.1567
0.15561
0.15557
0.15449
0.15472
0.15477
0.15396
0.15593
0.15495
0.1558
0.15504
0.15762
0.15491
0.15716
0.15571
0.15494
0.15581
0.15567
0.15355
0.15418
0.15357
0.15317
0.15253
0.15383
0.1521
0.15287
0.15102
0.15074
0.14886
0.1481
0.14667
0.14533
0.14279
0.14189
0.1401
0.13942
0.13932
0.13911
0.13826
0.13696
0.13476
0.13554
0.13643
0.13796
0.13684
0.13762
0.13588
0.13604
0.13623
0.13562
0.13508
0.13674
0.13777
0.13859
0.13886
0.13847
0.13854
0.13842
0.13681
0.13706
0.1352
0.13477
0.13345
0.13362
0.13262
0.13372
0.13506
0.13308
0.13343
0.13349
0.13324
0.13518
0.13442
0.13436
0.13453
0.13565
0.1364
0.13666
0.13728
0.13652
0.13667
0.13729
0.13796
0.1396
0.14041
0.14312
0.14368
0.14643
0.14791
0.15143
0.15232
0.15511
0.15742
0.15777
0.15909
0.15934
0.16003
0.16086
0.1615
0.16223
0.16147
0.16352
0.16072
0.16257
0.16053
0.16206
0.16174
0.16256
0.16043
0.16002
0.159
0.158
0.15595
0.15613
0.15329
0.15435
0.15383
0.15537
0.15428
0.15594
0.15388
0.15545
0.15398
0.15451
0.15515
0.15539
0.1547
0.15497
0.15444
0.15431
0.15391
0.15387
0.15306
0.15237
0.15184
0.15064
0.15222
0.15046
0.14917
0.14823
0.14624
0.14622
0.14286
0.14277
0.13921
0.1386
0.13635
0.13799
0.13552
0.13729
0.13677
0.13695
0.13638
0.13739
0.13746
0.13798
0.13745
0.13869
0.1372
0.13878
0.13841
0.1395
0.14006
0.1412
0.14243
0.14169
0.14369
0.14303
0.14422
0.14425
0.14302
0.14309
0.14146
0.1437
0.14084
0.14331
0.14209
0.14192
0.14154
0.14083
0.13947
0.13975
0.14013
0.13952
0.14086
0.14117
0.13996
0.14185
0.13995
0.14134
0.14053
0.14127
0.13931
0.14177
0.14204
0.14297
0.14426
0.14436
0.14606
0.14907
0.14909
0.15062
0.15364
0.15634
0.15784
0.15943
0.1592
0.15982
0.16222
0.16212
0.16265
0.16298
0.1625
0.16165
0.16326
0.16377
0.16341
0.16573
0.16332
0.16243
0.1629
0.16167
0.1606
0.1587
0.15838
0.1583
0.15907
0.15902
0.1584
0.16044
0.15826
0.16049
0.15933
0.16116
0.16014
0.1608
0.15913
0.15923
0.15922
0.1583
0.15856
0.15907
0.15759
0.1573
0.15589
0.15414
0.15455
0.15423
0.1532
0.15182
0.15161
0.1486
0.14851
0.14528
0.14455
0.14114
0.13956
0.13776
0.13779
0.13678
0.13512
0.13539
0.13448
0.13534
0.13466
0.13408
0.1351
0.13506
0.13541
0.13496
0.13602
0.13542
0.13759
0.13734
0.13741
0.1373
0.13944
0.14051
0.14209
0.14195
0.14196
0.14117
0.14097
0.14043
0.1412
0.14257
0.14196
0.14145
0.14127
0.13951
0.14166
0.14075
0.13994
0.13986
0.14148
0.14122
0.14264
0.14193
0.14058
0.14228
0.14051
0.14096
0.14133
0.14338
0.14183
0.14277
0.14185
0.1422
0.14372
0.14319
0.14477
0.14538
0.1473
0.14926
0.14991
0.15144
0.1528
0.15377
0.15363
0.15277
0.15267
0.15325
0.15513
0.15463
0.15553
0.15537
0.15606
0.15681
0.15596
0.15743
0.15575
0.15613
0.15552
0.15478
0.15467
0.15261
0.1529
0.15079
0.15167
0.15114
0.15296
0.15246
0.15313
0.1531
0.1536
0.1541
0.15499
0.15488
0.15492
0.15472
0.15647
0.15543
0.15597
0.15617
0.15582
0.15487
0.15546
0.15412
0.15371
0.15356
0.15243
0.15195
0.15087
0.1487
0.1469
0.14524
0.14201
0.14108
0.13789
0.13706
0.13616
0.13545
0.13435
0.13312
0.13222
0.1307
0.13005
0.12971
0.12845
0.1289
0.12848
0.12784
0.12848
0.12712
0.1282
0.12808
0.12961
0.12883
0.1317
0.1304
0.13308
0.13101
0.13196
0.13073
0.13148
0.13062
0.13154
0.13065
0.13086
0.1305
0.13123
0.13169
0.13185
0.13223
0.13201
0.13282
0.13291
0.13316
0.13428
0.1341
0.13564
0.13488
0.13547
0.13608
0.1373
0.13686
0.13905
0.13892
0.14002
0.14032
0.14179
0.14349
0.14428
0.14526
0.14688
0.14869
0.15163
0.15306
0.15461
0.15427
0.15405
0.15549
0.15632
0.15659
0.15712
0.15732
0.1561
0.15658
0.15633
0.15621
0.15545
0.15534
0.15368
0.15334
0.15268
0.15301
0.1508
0.1491
0.14704
0.14684
0.14626
0.14755
0.14702
0.14649
0.14713
0.14812
0.14745
0.1483
