0.018446
0.028254
0.046534
0.08022
0.11986
0.15803
0.18813
0.21576
0.25136
0.29932
0.35823
0.41713
0.46384
0.50798
0.56486
0.6337
0.69477
0.74163
0.77227
0.80003
0.8403
0.88882
0.93519
0.95962
0.9787
1.0049
1.0348
1.0591
1.064
1.0482
1.0257
1.0084
0.9982
0.98359
0.95373
0.91768
0.8896
0.86615
0.84453
0.81876
0.7788
0.7321
0.68748
0.65324
0.62439
0.58758
0.54053
0.48735
0.44016
0.40835
0.38238
0.351
0.30594
0.26081
0.22762
0.20676
0.18912
0.16317
0.13125
0.10508
0.098735
0.10541
0.10528
0.095726
0.084719
0.084737
0.10101
0.12456
0.14577
0.15928
0.17375
0.20481
0.24793
0.29034
0.32662
0.35659
0.38988
0.4366
0.49505
0.55247
0.59501
0.62782
0.66903
0.72068
0.77525
0.82106
0.85105
0.87525
0.9092
0.95438
0.99669
1.018
1.0236
1.0315
1.0531
1.0772
1.0915
1.0874
1.0722
1.0604
1.058
1.0577
1.0424
1.0136
0.98396
0.959
0.93674
0.91286
0.87678
0.82677
0.77543
0.73025
0.69215
0.65462
0.60682
0.55095
0.49219
0.44327
0.4075
0.37026
0.32439
0.27905
0.24524
0.22498
0.21715
0.20845
0.18807
0.16492
0.14918
0.1494
0.15194
0.15039
0.15024
0.15422
0.17752
0.21266
0.24691
0.27029
0.28383
0.30271
0.33565
0.36751
0.39891
0.42387
0.44662
0.47941
0.52974
0.58308
0.62733
0.66219
0.69762
0.74526
0.80038
0.85086
0.8852
0.90591
0.93413
0.97691
1.0219
1.0568
1.0687
1.075
1.0927
1.1205
1.1437
1.1495
1.1397
1.1277
1.1243
1.1259
1.1217
1.1017
1.0724
1.0488
1.0318
1.0125
0.98645
0.94657
0.89975
0.85555
0.81986
0.78863
0.74955
0.70014
0.64862
0.60353
0.57033
0.54163
0.50608
0.45849
0.40931
0.37436
0.3523
0.33306
0.30407
0.27274
0.24861
0.24069
0.24444
0.24384
0.23497
0.22484
0.22766
0.24708
0.27034
0.28919
0.30219
0.31991
0.35192
0.39531
0.43926
0.47406
0.50193
0.53483
0.58053
0.63276
0.6834
0.72156
0.75049
0.78795
0.83944
0.89234
0.9325
0.95283
0.96946
0.99637
1.0341
1.0696
1.0853
1.0841
1.0882
1.1127
1.1447
1.1673
1.1716
1.1669
1.1671
1.178
1.1858
1.1736
1.1462
1.1206
1.1078
1.0994
1.0891
1.0701
1.0357
0.99463
0.9579
0.92193
0.88258
0.83183
0.77249
0.71246
0.66153
0.62695
0.59263
0.54809
0.49422
0.44799
0.41957
0.39983
0.37733
0.34751
0.31391
0.29279
0.29309
0.29893
0.29373
0.28107
0.27528
0.28314
0.30579
0.33248
0.35248
0.36592
0.38767
0.42883
0.47577
0.51557
0.54773
0.57766
0.61618
0.66804
0.72563
0.77443
0.81044
0.84496
0.89206
0.94861
1.0013
1.042
1.0647
1.0884
1.1283
1.173
1.2081
1.223
1.2278
1.2421
1.265
1.2885
1.2979
1.2872
1.2745
1.2711
1.2746
1.2694
1.2517
1.2236
1.1973
1.1791
1.1629
1.1394
1.1011
1.0522
1.0081
0.97012
0.94029
0.90697
0.86063
0.80868
0.7583
0.71949
0.69012
0.65526
0.60883
0.55669
0.51391
0.48647
0.46555
0.43838
0.40427
0.37297
0.35371
0.34909
0.34224
0.32511
0.30349
0.29137
0.30229
0.32339
0.34841
0.36957
0.38899
0.42227
0.47122
0.52649
0.57245
0.60122
0.63474
0.6787
0.73671
0.80272
0.861
0.90419
0.95006
1.0087
1.0724
1.1265
1.1515
1.1662
1.1882
1.2191
1.2534
1.28
1.2877
1.2928
1.3106
1.3362
1.3529
1.3545
1.3431
1.3313
1.3289
1.3344
1.3326
1.3105
1.2791
1.2539
1.231
1.2072
1.1798
1.1408
1.0943
1.0513
1.019
0.98794
0.94708
0.89803
0.8484
0.80162
0.76608
0.73797
0.70291
0.65444
0.60825
0.58024
0.56219
0.54467
0.51771
0.48552
0.45942
0.45147
0.45792
0.45977
0.44695
0.43463
0.43738
0.4569
0.48373
0.50498
0.51715
0.52568
0.55041
0.59109
0.63076
0.66357
0.6905
0.72239
0.76604
0.82122
0.87861
0.9179
0.94692
0.98063
1.0282
1.0803
1.1246
1.1513
1.1695
1.2005
1.2473
1.2946
1.3234
1.3308
1.3333
1.3456
1.3696
1.3875
1.3888
1.3751
1.3625
1.3612
1.3606
1.3506
1.3198
1.2849
1.2508
1.2214
1.1965
1.167
1.1264
1.0874
1.051
1.0251
1.0031
0.97402
0.93228
0.87807
0.82704
0.79089
0.76291
0.73233
0.69463
0.65987
0.63897
0.63046
0.62227
0.59598
0.55548
0.52276
0.50254
0.5002
0.49644
0.48124
0.46762
0.46699
0.48574
0.50989
0.52845
0.54042
0.553
0.58069
0.62254
0.66552
0.70237
0.7287
0.76056
0.80576
0.86197
0.91605
0.95617
0.98456
1.0169
1.0657
1.1215
1.1692
1.1988
1.2189
1.2315
1.2665
1.2938
1.291
1.2579
1.2228
1.2104
1.2115
1.1976
1.1525
1.0827
1.0151
0.97185
0.93799
0.87941
0.78785
0.69651
0.6281
0.58193
0.53642
0.47313
0.38684
0.2938
0.22725
0.17672
0.1213
0.052053
-0.021484
-0.077842
-0.11348
-0.12858
-0.13996
-0.16973
-0.20744
-0.2253
-0.2219
-0.21679
-0.213
-0.22015
-0.23234
-0.22314
-0.18733
-0.1379
-0.1037
-0.085903
-0.058475
-0.010166
0.058638
0.12921
0.17912
0.21407
0.25407
0.32441
0.4098
0.48137
0.53542
0.57643
0.62693
0.69886
0.77736
0.83209
0.85969
0.88914
0.93784
1.0067
1.074
1.1165
1.1365
1.1434
1.1613
1.1877
1.2005
1.1894
1.1591
1.1325
1.1296
1.1343
1.1217
1.0772
1.0133
0.95814
0.92157
0.88335
0.82048
0.73304
0.64785
0.58652
0.54485
0.49734
0.4309
0.35143
0.28379
0.23742
0.19791
0.14836
0.088097
0.024456
-0.026043
-0.060958
-0.084991
-0.11229
-0.14734
-0.17714
-0.19418
-0.20272
-0.20206
-0.20158
-0.20718
-0.21063
-0.19231
-0.15112
-0.1005
-0.058894
-0.029034
0.0066603
0.058278
0.1327
0.2075
0.26324
0.31273
0.37196
0.44382
0.52082
0.58908
0.64102
0.68128
0.73465
0.80487
0.87706
0.93225
0.97576
1.0138
1.0489
1.0918
1.127
1.1438
1.1426
1.1378
1.1492
1.1692
1.1785
1.1778
1.1557
1.1286
1.1162
1.1078
1.082
1.0359
0.97951
0.92911
0.89006
0.84715
0.78947
0.71972
0.6538
0.60696
0.56305
0.50684
0.44044
0.3691
0.3079
0.25374
0.19909
0.14017
0.081218
0.026581
-0.020578
-0.062806
-0.10144
-0.1348
-0.16625
-0.19504
-0.21721
-0.22965
-0.23
-0.21802
-0.2045
-0.18686
-0.16416
-0.13225
-0.096551
-0.061098
-0.028089
0.0093924
0.058917
0.12223
0.18985
0.24899
0.30777
0.37383
0.44063
0.50278
0.55928
0.60836
0.66124
0.7149
0.77323
0.82902
0.87809
0.93014
0.97666
1.0206
1.0639
1.1017
1.1341
1.158
1.1681
1.1731
1.1777
1.1816
1.1771
1.1604
1.139
1.1181
1.0986
1.075
1.0405
0.99695
0.95297
0.90964
0.8632
0.81166
0.75915
0.71226
0.66766
0.62154
0.56802
0.51248
0.46517
0.42302
0.37332
0.31142
0.25022
0.19545
0.14848
0.10573
0.055865
0.0048537
-0.030146
-0.044736
-0.055329
-0.075532
-0.10462
-0.12332
-0.13049
-0.13027
-0.12655
-0.11748
-0.10161
-0.068531
-0.025146
0.021165
0.068842
0.12082
0.17604
0.22798
0.28211
0.3409
0.40199
0.46295
0.52472
0.5889
0.65155
0.71441
0.77659
0.83066
0.87581
0.92539
0.98131
1.0293
1.0628
1.0929
1.1232
1.1493
1.1712
1.1821
1.1751
1.1608
1.1536
1.1509
1.1392
1.1091
1.0755
1.0486
1.0268
1.0081
0.98129
0.94212
0.89721
0.85301
0.80947
0.75911
0.71029
0.6588
0.60694
0.55871
0.51852
0.48659
0.45153
0.39946
0.3388
0.27565
0.22777
0.19099
0.14502
0.091194
0.035472
0.0047849
-0.0070914
-0.017071
-0.038974
-0.066618
-0.084039
-0.081019
-0.062144
-0.040576
-0.030323
-0.018709
0.0029091
0.039812
0.086421
0.12781
0.16485
0.20317
0.24941
0.30837
0.37391
0.43966
0.49651
0.55272
0.61647
0.68822
0.76086
0.81801
0.86942
0.91937
0.98205
1.0529
1.1164
1.1607
1.1844
1.2122
1.2465
1.276
1.2906
1.2806
1.2599
1.247
1.2475
1.2531
1.2314
1.1918
1.1525
1.1171
1.0845
1.049
0.99209
0.9218
0.86004
0.81597
0.79147
0.75683
0.70193
0.64293
0.59241
0.55113
0.52213
0.48005
0.41143
0.34149
0.28971
0.25921
0.23637
0.20149
0.1513
0.095104
0.059694
0.055014
0.055515
0.036911
0.010159
-0.008067
-0.0084016
0.010867
0.030679
0.037286
0.034173
0.043956
0.081186
0.12891
0.16706
0.19489
0.21786
0.25507
0.32067
0.39756
0.4649
0.51526
0.56578
0.62644
0.70104
0.77039
0.82682
0.86552
0.90411
0.9617
1.0364
1.1063
1.1501
1.1712
1.1917
1.2218
1.2563
1.2777
1.2661
1.2411
1.2323
1.243
1.2544
1.2429
1.2042
1.1618
1.133
1.1262
1.1145
1.0778
1.0161
0.9603
0.92697
0.90849
0.88153
0.82434
0.74785
0.6804
0.64046
0.61778
0.58646
0.52954
0.45939
0.40159
0.36792
0.35067
0.32397
0.2755
0.22459
0.19283
0.19538
0.19984
0.19381
0.17651
0.15776
0.15524
0.17891
0.20208
0.21078
0.20111
0.19984
0.22326
0.27124
0.32842
0.37335
0.39903
0.42535
0.47558
0.53747
0.59034
0.62441
0.64971
0.68999
0.75932
0.84329
0.91296
0.95984
0.99342
1.0436
1.1135
1.1779
1.218
1.2302
1.2391
1.2676
1.3125
1.3419
1.3428
1.3175
1.3023
1.3083
1.3244
1.3273
1.2915
1.235
1.1962
1.1857
1.1791
1.1486
1.0883
1.0207
0.96976
0.94625
0.92143
0.86332
0.78028
0.70766
0.66397
0.64842
0.62864
0.58613
0.52269
0.46663
0.44108
0.43167
0.4058
0.3575
0.30043
0.26137
0.255
0.26848
0.27016
0.25018
0.22852
0.21845
0.23141
0.25152
0.25757
0.24538
0.23622
0.25097
0.29559
0.34591
0.38879
0.41365
0.43586
0.48585
0.56155
0.63136
0.67736
0.71253
0.75789
0.82946
0.91604
0.9895
1.034
1.0598
1.1008
1.1698
1.2375
1.2873
1.3052
1.3139
1.3423
1.3923
1.4417
1.4587
1.4409
1.4232
1.4255
1.4509
1.4697
1.4531
1.4068
1.3699
1.363
1.365
1.3446
1.2865
1.2069
1.1414
1.102
1.0777
1.0399
0.97688
0.90667
0.85298
0.82246
0.79441
0.73986
0.66172
0.58292
0.52649
0.49658
0.47234
0.4261
0.36819
0.32762
0.31793
0.31463
0.30095
0.26389
0.21639
0.18887
0.18939
0.20289
0.19712
0.17955
0.17076
0.18905
0.23597
0.29202
0.33603
0.36483
0.40005
0.46738
0.54519
0.62715
0.68921
0.74303
0.81004
0.91079
1.032
1.1391
1.2208
1.2931
1.3812
1.4877
1.5867
1.6644
1.7195
1.7652
1.8259
1.9105
1.9817
2.0149
2.0094
1.9861
1.9774
1.98
1.9708
1.9286
1.858
1.7915
1.7327
1.678
1.6088
1.5029
1.359
1.2305
1.1277
1.0446
0.95162
0.82971
0.68395
0.54203
0.41776
0.32908
0.24634
0.12396
-0.0035595
-0.092018
-0.17098
-0.24115
-0.29243
-0.34094
-0.38848
-0.40595
-0.33541
-0.25922
-0.20057
-0.09494
0.051782
0.18995
0.38374
0.64776
0.88499
1.0995
1.3712
1.6505
1.8909
2.1506
2.3995
2.5852
2.7442
2.9458
3.1091
3.23
3.3213
3.3667
3.3894
3.4139
3.4279
3.4152
3.3513
3.2425
3.132
2.987
2.7974
2.5762
2.3201
2.0328
1.7319
1.4448
1.1498
0.86516
0.59184
0.34541
0.12657
-0.068835
-0.23219
-0.35322
-0.40078
-0.38402
-0.29318
-0.13596
0.083981
0.36835
0.71762
1.1301
1.5817
2.0253
2.4597
2.8684
3.2692
3.6396
3.9702
4.2128
4.3547
4.4253
4.4808
4.5401
4.567
4.5292
4.4214
4.2508
4.0396
3.7911
3.4839
3.1397
2.7706
2.4202
2.0907
1.7949
1.5318
1.2761
1.0342
0.82282
0.67167
0.53271
0.43682
0.40773
0.42723
0.52582
0.74265
1.0211
1.3629
1.7272
2.1152
2.5217
2.9346
3.334
3.7109
4.0461
4.3622
4.6572
4.9284
5.1636
5.3474
5.4931
5.6046
5.6968
5.7953
5.8555
5.875
5.8628
5.8332
5.764
5.6997
5.5951
5.4614
5.2884
5.0816
4.8846
4.6214
4.3501
3.9989
3.6683
3.3361
3.0366
2.753
2.4769
2.2293
1.9985
1.8183
1.6902
1.619
1.6232
1.694
1.8342
2.0443
2.3169
2.6156
2.9244
3.2349
3.5343
3.8006
4.0248
4.2109
4.3666
4.5028
4.6331
4.7571
4.8545
4.9586
5.0498
5.125
5.2233
5.3172
5.4087
5.4922
5.5445
5.5715
5.5971
5.6078
5.6017
5.5678
5.4662
5.3417
5.1909
5.0332
4.8962
4.7489
4.5923
4.4672
4.363
4.3112
4.2945
4.3308
4.4068
4.5289
4.6714
4.8257
4.9663
5.0811
5.1669
5.2147
5.2532
5.2777
5.2633
5.2479
5.2265
5.204
5.2013
5.2009
5.1844
5.1638
5.1513
5.1655
5.1613
5.166
5.1414
5.0721
4.9983
4.9653
4.9013
4.7342
4.5636
4.4319
4.3064
4.1664
4.0547
3.9758
3.9488
4.0062
4.1376
4.304
4.4762
4.6454
4.806
4.9669
5.1151
5.2173
5.2733
5.3358
5.3859
5.4377
5.4955
5.6018
5.7224
5.8263
5.9381
6.0602
6.2033
6.3243
6.3947
6.4188
6.4384
6.4509
6.4004
6.3035
6.2114
6.1134
6.0051
5.8973
5.7982
5.7291
5.6855
5.6435
5.6011
5.5544
5.5005
5.4338
5.3689
5.2896
5.1787
5.0414
4.9187
4.8285
4.7876
4.8054
4.8842
5.0549
5.2987
5.5658
5.8133
6.0259
6.2207
6.3914
6.4917
6.4899
6.4327
6.3679
6.3543
6.3505
6.3369
6.2969
6.259
6.2492
6.3056
6.3494
6.3451
6.282
6.1848
6.0666
5.9284
5.7485
5.5257
5.3159
5.1754
5.0868
5.0306
4.9933
4.97
4.9941
5.0353
5.0581
5.0769
5.1038
5.1311
5.147
5.1543
5.1753
5.2602
5.4292
5.6517
5.8925
6.1708
6.5027
6.8464
7.1178
7.2985
7.4061
7.4755
7.5169
7.5294
7.5309
7.5148
7.5181
7.5576
7.6094
7.6504
7.6651
7.6356
7.5607
7.4531
7.3024
7.1272
6.9031
6.6643
6.4499
6.2617
6.1504
6.0632
6.0079
5.9715
5.9539
5.9273
5.8758
5.7716
5.6063
5.4274
5.2634
5.1559
5.1055
5.1021
5.1874
5.3746
5.6289
5.9004
6.1304
6.2774
6.337
6.3467
6.3351
6.3018
6.262
6.2366
6.2477
6.3292
6.5079
6.7582
7.0074
7.1618
7.2209
7.2471
7.2162
7.1241
6.972
6.7995
6.6513
6.5506
6.5356
6.6368
6.8155
6.9988
7.1361
7.2095
7.2291
7.1742
7.062
6.886
6.7123
6.5808
6.5219
6.5711
6.7291
6.9466
7.1609
7.3275
7.4003
7.3828
7.2895
7.1386
6.9554
6.7777
6.6407
6.5713
6.5755
6.6562
6.8191
6.9621
7.0025
6.9703
6.869
6.6917
6.464
6.2211
5.9983
5.8248
5.7169
5.7097
5.8531
6.0746
6.2375
6.265
6.1946
6.0922
5.9514
5.7661
5.5793
5.427
5.3603
5.4226
5.6581
6.007
6.3673
6.6014
6.713
6.7238
6.7046
6.6353
6.5254
6.416
6.3534
6.3931
6.531
6.7986
7.0978
7.3196
7.3923
7.4166
7.3728
7.2495
7.0676
6.8775
6.7646
6.7368
6.7763
6.843
6.9716
7.078
7.0842
7.0267
6.8921
6.665
6.4079
6.1581
6.0047
5.9171
5.8995
5.9747
6.1252
6.2755
6.3376
6.2968
6.1677
5.9829
5.786
5.6168
5.5
5.4641
5.5203
5.6664
5.8715
6.0634
6.172
6.1668
6.0757
5.9398
5.7823
5.6554
5.6073
5.6331
5.716
5.8452
6.0099
6.1494
6.2074
6.1902
6.1123
5.9802
5.8306
5.7492
5.7627
5.8444
5.99
6.1731
6.3461
6.4919
6.5563
6.556
6.5226
6.4524
6.3444
6.2923
6.3142
6.3904
6.5003
6.6463
6.7783
6.7766
6.6688
6.5337
6.2925
5.9805
5.702
5.5043
5.3322
5.2225
5.2238
5.1978
5.1071
4.9753
4.7988
4.5589
4.3232
4.1146
3.9408
3.8708
3.8849
3.991
4.1392
4.2572
4.3212
4.3547
4.353
4.3519
4.3748
4.4524
4.6078
4.8623
5.219
5.64
6.0712
6.419
6.6483
6.7965
6.896
6.9499
6.9642
6.9735
6.9751
6.9671
6.9833
6.9537
6.7792
6.4344
5.9777
5.4236
4.8166
4.2284
3.688
3.2218
2.825
2.5329
2.3096
2.1199
1.9401
1.7735
1.5768
1.357
1.1915
1.143
1.2299
1.4595
1.7936
2.2305
2.7056
3.1136
3.471
3.7704
4.0283
4.2381
4.4541
4.7379
5.0863
5.5008
5.9225
6.3063
6.564
6.6352
6.5613
6.3781
6.0745
5.7486
5.4034
5.1082
4.8528
4.6352
4.398
4.0843
3.6682
3.2223
2.7488
2.2835
1.8732
1.5398
1.3392
1.2382
1.225
1.2278
1.1484
1.0048
0.82631
0.62915
0.42229
0.2942
0.23824
0.30973
0.47205
0.76493
1.1033
1.3646
1.5941
1.7659
1.9511
2.0956
2.2635
2.492
2.7957
3.1829
3.6087
4.0418
4.3674
4.5303
4.5502
4.4166
4.1707
3.8715
3.5894
3.3394
3.1053
2.9556
2.8197
2.625
2.3353
2.0255
1.6974
1.3313
1.0202
0.78832
0.65507
0.62628
0.67556
0.7591
0.7812
0.68101
0.53846
0.3615
0.13751
-0.03361
-0.12131
-0.11825
-0.0072075
0.21224
0.45978
0.67874
0.80414
0.89774
0.96943
0.9762
1.0013
1.0889
1.2296
1.4513
1.7099
1.9194
1.9562
1.8154
1.5805
1.2874
0.9587
0.64983
0.42168
0.31172
0.33196
0.44995
0.55371
0.59114
0.49178
0.3547
0.17834
-0.049324
-0.2416
-0.3509
-0.35023
-0.26921
-0.11773
0.0501
0.084675
0.013275
-0.078674
-0.19762
-0.36155
-0.43077
-0.33658
-0.12682
0.13529
0.47272
0.81634
1.0255
1.0498
0.96387
0.77568
0.49449
0.25328
0.088934
0.023409
0.0069807
0.049377
0.08631
0.072944
0.0059204
-0.15439
-0.33329
-0.53926
-0.65568
-0.70729
-0.71652
-0.65185
-0.55641
-0.52515
-0.63983
-0.80231
-0.96244
-1.1505
-1.3253
-1.3873
-1.2887
-1.0562
-0.73301
-0.42059
-0.19017
-0.087975
-0.07131
-0.11398
-0.27333
-0.39657
-0.44338
-0.37006
-0.19481
0.053407
0.27971
0.40533
0.44059
0.43129
0.3741
0.22973
0.071915
-0.07241
-0.16873
-0.27247
-0.39768
-0.57038
-0.83757
-1.1684
-1.5349
-1.8871
-2.2006
-2.3726
-2.3806
-2.2973
-2.1917
-2.0287
-1.9166
-1.9288
-2.0006
-2.1245
-2.3667
-2.5774
-2.65
-2.5842
-2.4159
-2.1019
-1.7349
-1.4124
-1.1935
-1.0761
-1.0411
-1.0923
-1.1101
-1.073
-0.9406
-0.75747
-0.52771
-0.29863
-0.16545
-0.18351
-0.2767
-0.39995
-0.54822
-0.64067
-0.68618
-0.69969
-0.73041
-0.75138
-0.85949
-1.1361
-1.5423
-1.9402
-2.2915
-2.5965
-2.7626
-2.7963
-2.7172
-2.5504
-2.375
-2.3139
-2.4229
-2.5931
-2.81
-3.0365
-3.22
-3.2653
-3.1653
-2.9074
-2.563
-2.1946
-1.9144
-1.7953
-1.7507
-1.818
-1.9299
-2.0385
-2.0691
-1.9839
-1.809
-1.5482
-1.3024
-1.1369
-1.0791
-1.0571
-1.1274
-1.2302
-1.3157
-1.4179
-1.5181
-1.5783
-1.6305
-1.7387
-1.9065
-2.0823
-2.2364
-2.3904
-2.4791
-2.4702
-2.3968
-2.2537
-2.1142
-2.0878
-2.2315
-2.5193
-2.7842
-2.9946
-3.1676
-3.2212
-3.0834
-2.8153
-2.4417
-2.0623
-1.7899
-1.7454
-1.9202
-2.1943
-2.5286
-2.8006
-2.9092
-2.8589
-2.6487
-2.302
-1.9286
-1.6665
-1.5662
-1.6155
-1.7989
-2.1633
-2.5356
-2.8035
-2.903
-2.8359
-2.6471
-2.4243
-2.2786
-2.2315
-2.2216
-2.2891
-2.4422
-2.6001
-2.7266
-2.84
-2.8305
-2.6964
-2.5892
-2.5615
-2.5397
-2.499
-2.4325
-2.3787
-2.2811
-2.1576
-2.018
-1.9574
-1.9765
-2.0581
-2.181
-2.2557
-2.3206
-2.3347
-2.2388
-2.0284
-1.7726
-1.5478
-1.4017
-1.4794
-1.8165
-2.2723
-2.6144
-2.9043
-3.0516
-3.0731
-2.9505
-2.6851
-2.3733
-2.125
-2.0701
-2.1943
-2.566
-2.9868
-3.3666
-3.5335
-3.5275
-3.3364
-3.0027
-2.5791
-2.1916
-2.011
-2.0291
-2.167
-2.3779
-2.6666
-2.8338
-2.7911
-2.5824
-2.2298
-1.8149
-1.464
-1.2672
-1.2427
-1.3236
-1.5085
-1.7868
-2.047
-2.1764
-2.1265
-1.9464
-1.7296
-1.5905
-1.5878
-1.6195
-1.7588
-1.9732
-2.2146
-2.4565
-2.6536
-2.7277
-2.6855
-2.6201
-2.6217
-2.6662
-2.6881
-2.769
-2.8695
-2.9554
-2.9849
-2.939
-2.8706
-2.7785
-2.6997
-2.6841
-2.664
-2.602
-2.5549
-2.4895
-2.381
-2.2534
-2.0932
-1.9653
-1.9324
-2.0084
-2.0688
-2.1357
-2.1763
-2.1703
-2.0666
-1.9067
-1.7297
-1.5815
-1.5723
-1.7047
-1.9691
-2.1959
-2.3824
-2.5319
-2.5435
-2.4422
-2.253
-2.0478
-1.8882
-1.8775
-2.0869
-2.375
-2.6098
-2.8138
-2.8948
-2.8577
-2.68
-2.3799
-2.0539
-1.827
-1.7647
-1.9272
-2.1985
-2.4313
-2.5977
-2.6258
-2.4951
-2.2216
-1.8642
-1.5276
-1.327
-1.3482
-1.519
-1.8228
-2.145
-2.3784
-2.4325
-2.311
-2.0694
-1.7486
-1.4636
-1.3331
-1.4141
-1.6225
-1.929
-2.2726
-2.4846
-2.4827
-2.3154
-2.0364
-1.687
-1.4241
-1.3621
-1.4613
-1.6293
-1.8969
-2.1626
-2.2738
-2.2052
-1.9511
-1.5762
-1.1998
-0.95041
-0.90047
-1.0223
-1.2121
-1.4879
-1.7488
-1.8706
-1.7915
-1.5627
-1.253
-0.99569
-0.87737
-0.8888
-1.0531
-1.3025
-1.6415
-1.952
-2.1207
-2.1013
-1.9124
-1.6723
-1.5029
-1.466
-1.5346
-1.6702
-1.899
-2.1419
-2.3184
-2.3601
-2.2354
-1.949
-1.695
-1.5672
-1.503
-1.4756
-1.5366
-1.6772
-1.7918
-1.8644
-1.8047
-1.5978
-1.3296
-1.1174
-1.0194
-0.98686
-0.97617
-1.0732
-1.1847
-1.2523
-1.3147
-1.315
-1.1977
-1.056
-1.023
-1.007
-1.0419
-1.084
-1.2045
-1.3168
-1.4162
-1.4754
-1.4981
-1.4797
-1.4323
-1.4635
-1.513
-1.5418
-1.5939
-1.6556
-1.6683
-1.6244
-1.609
-1.5637
-1.5071
-1.4744
-1.4724
-1.4543
-1.4334
-1.4088
-1.3492
-1.2682
-1.1282
-1.012
-0.95698
-0.9306
-0.95219
-1.0171
-1.027
-1.024
-0.97632
-0.87945
-0.75303
-0.6405
-0.58447
-0.63716
-0.77403
-0.85585
-0.94843
-1.0136
-1.0319
-0.96398
-0.86053
-0.71174
-0.60734
-0.62355
-0.73739
-0.92757
-1.0383
-1.1156
-1.1555
-1.119
-0.96649
-0.76535
-0.57418
-0.43948
-0.47013
-0.65169
-0.83979
-0.93065
-1.0145
-1.0186
-0.88135
-0.6705
-0.41324
-0.21998
-0.14523
-0.26902
-0.56608
-0.79797
-0.91254
-0.99923
-0.957
-0.78711
-0.56025
-0.31983
-0.17634
-0.23712
-0.51247
-0.81678
-1.0949
-1.2295
-1.2967
-1.2242
-1.0093
-0.73638
-0.5047
-0.40751
-0.48022
-0.77143
-1.06
-1.2771
-1.4052
-1.3735
-1.178
-0.85849
-0.5391
-0.32301
-0.27944
-0.44608
-0.75977
-1.0526
-1.2153
-1.2612
-1.1745
-0.8806
-0.50749
-0.19694
-0.022024
-0.069799
-0.39092
-0.74301
-1.0294
-1.1907
-1.167
-1.0198
-0.69091
-0.34525
-0.077685
-0.042896
-0.23096
-0.59719
-0.98654
-1.2762
-1.3826
-1.299
-1.0533
-0.68024
-0.32485
-0.087903
-0.11352
-0.33716
-0.65896
-0.98352
-1.2
-1.2059
-1.0279
-0.70524
-0.2764
0.075103
0.19032
0.10057
-0.1479
-0.48366
-0.77104
-0.8828
-0.81068
-0.56955
-0.18296
0.24619
0.5097
0.49901
0.31376
-0.010937
-0.3854
-0.66854
-0.70455
-0.56669
-0.26514
0.14528
0.4714
0.61449
0.48471
0.15018
-0.24994
-0.63233
-0.84306
-0.8005
-0.56727
-0.23688
0.17405
0.42708
0.39573
0.17197
-0.20303
-0.59667
-0.91195
-1.0163
-0.89654
-0.60003
-0.23077
0.12099
0.27053
0.14355
-0.1106
-0.48276
-0.86705
-1.0945
-1.0444
-0.83881
-0.50553
-0.11731
0.16045
0.17663
0.024439
-0.2832
-0.68483
-1.0274
-1.1867
-1.0647
-0.77438
-0.39803
-0.037854
0.15534
0.056259
-0.20909
-0.54119
-0.94088
-1.1969
-1.2174
-0.9736
-0.61203
-0.19634
0.088339
0.14545
0.0068824
-0.29065
-0.66182
-0.99305
-1.1448
-1.0091
-0.69861
-0.31363
0.072054
0.2528
0.19577
-0.0049928
-0.36409
-0.76148
-1.0475
-1.0906
-0.89947
-0.57248
-0.23191
0.0057225
0.08058
-0.085523
-0.36119
-0.73793
-1.101
-1.2931
-1.1864
-0.91672
-0.58752
-0.26611
-0.124
-0.16992
-0.35458
-0.65162
-1.0322
-1.2926
-1.3452
-1.1385
-0.78431
-0.42333
-0.12249
-0.056361
-0.18467
-0.41973
-0.73446
-1.0349
-1.199
-1.1019
-0.78849
-0.40717
-0.062919
0.10102
0.083577
-0.11939
-0.40058
-0.72962
-1.029
-1.1049
-0.94232
-0.63959
-0.31525
-0.10577
-0.097018
-0.25176
-0.5248
-0.90215
-1.2684
-1.4983
-1.5311
-1.3401
-1.0669
-0.86808
-0.80276
-0.89799
-1.1246
-1.4583
-1.7973
-2.113
-2.207
-2.0753
-1.7951
-1.5131
-1.3191
-1.2865
-1.3869
-1.5686
-1.8469
-2.11
-2.2459
-2.1633
-1.9095
-1.5344
-1.2722
-1.1165
-1.1324
-1.2988
-1.5558
-1.8386
-2.0698
-2.1222
-1.9691
-1.6515
-1.338
-1.2065
-1.1918
-1.3071
-1.5564
-1.8656
-2.1943
-2.4036
-2.4225
-2.2329
-1.9658
-1.7774
-1.7158
-1.8125
-1.9886
-2.2932
-2.6195
-2.8848
-2.9872
-2.9378
-2.6658
-2.452
-2.3519
-2.3391
-2.4395
-2.6592
-2.9274
-3.2131
-3.3886
-3.3539
-3.1407
-2.8534
-2.6641
-2.5859
-2.6033
-2.735
-2.9594
-3.2398
-3.4312
-3.5123
-3.3795
-3.0952
-2.8638
-2.7741
-2.7458
-2.8401
-3.0426
-3.2733
-3.5335
-3.6513
-3.6043
-3.3492
-3.0461
-2.8506
-2.8172
-2.8261
-2.9476
-3.1743
-3.4145
-3.592
-3.6091
-3.4601
-3.1627
-2.9226
-2.814
-2.8234
-2.9053
-3.0986
-3.343
-3.5807
-3.725
-3.7089
-3.4949
-3.2475
-3.1765
-3.1379
-3.2079
-3.3727
-3.606
-3.8979
-4.1281
-4.2407
-4.1737
-3.9787
-3.8164
-3.7825
-3.821
-3.9367
-4.154
-4.4253
-4.6462
-4.7776
-4.7785
-4.5639
-4.3593
-4.2693
-4.2377
-4.2725
-4.416
-4.6287
-4.8618
-5.0164
-5.0305
-4.887
-4.6209
-4.405
-4.3491
-4.3325
-4.3857
-4.5656
-4.7992
-4.9887
-5.1028
-5.0645
-4.8392
-4.6403
-4.5752
-4.5645
-4.6268
-4.7735
-4.9724
-5.2342
-5.4284
-5.4975
-5.412
-5.1993
-5.0584
-5.0688
-5.092
-5.2082
-5.4218
-5.6693
-5.8648
-6.0238
-6.0151
-5.8589
-5.7082
-5.6107
-5.6162
-5.649
-5.767
-5.9419
-6.1266
-6.2229
-6.2485
-6.125
-5.8962
-5.7633
-5.7089
-5.6841
-5.7514
-5.9175
-6.0977
-6.2474
-6.3282
-6.2577
-6.0276
-5.8234
-5.7641
-5.7515
-5.7472
-5.8709
-6.0346
-6.2087
-6.3264
-6.3299
-6.1767
-5.9532
-5.8171
-5.7842
-5.7819
-5.847
-5.9942
-6.1958
-6.3389
-6.4077
-6.3403
-6.1274
-5.9679
-5.9362
-5.952
-5.9856
-6.1007
-6.267
-6.4395
-6.5719
-6.6033
-6.505
-6.3582
-6.2671
-6.2827
-6.3033
-6.3803
-6.555
-6.7653
-6.9109
-7.0242
-7.0191
-6.8573
-6.7674
-6.7672
-6.7474
-6.7772
-6.8983
-7.0355
-7.2018
-7.3269
-7.3335
-7.234
-7.077
-6.9584
-6.9501
-6.9464
-7.0111
-7.146
-7.2872
-7.3605
-7.4009
-7.302
-7.0829
-7.0077
-6.9603
-6.9501
-6.959
-7.0444
-7.1635
-7.2803
-7.3293
-7.2885
-7.1554
-6.9528
-6.878
-6.9016
-6.9028
-6.9637
-7.092
-7.2444
-7.3616
-7.4431
-7.3976
-7.2576
-7.2013
-7.1931
-7.2051
-7.2546
-7.3536
-7.5067
-7.6593
-7.7641
-7.806
-7.7434
-7.6171
-7.5712
-7.5891
-7.5906
-7.6603
-7.7702
-7.8615
-7.9708
-8.0161
-7.9219
-7.7818
-7.7231
-7.68
-7.6738
-7.6881
-7.7569
-7.8584
-7.9277
-7.9555
-7.9215
-7.7751
-7.6294
-7.6099
-7.5617
-7.5492
-7.5941
-7.7205
-7.8101
-7.872
-7.8673
-7.7483
-7.5951
-7.5008
-7.5223
-7.5179
-7.5586
-7.6394
-7.7843
-7.8961
-7.9704
-7.9539
-7.858
-7.8109
-7.8258
-7.8788
-7.9122
-8.0142
-8.1469
-8.286
-8.4091
-8.4698
-8.4207
-8.3655
-8.3414
-8.3635
-8.3844
-8.4381
-8.5535
-8.6819
-8.7951
-8.8619
-8.8544
-8.782
-8.7451
-8.7274
-8.7124
-8.7242
-8.7933
-8.9114
-8.9981
-9.0727
-9.0668
-8.9587
-8.8694
-8.8361
-8.82
-8.8188
-8.8428
-8.9382
-9.0434
-9.1085
-9.1654
-9.1321
-9.0284
-8.966
-9.0053
-9.0161
-9.0288
-9.1004
-9.1959
-9.3053
-9.3992
-9.4235
-9.3437
-9.3092
-9.3012
-9.3352
-9.3741
-9.4465
-9.5554
-9.6881
-9.8007
-9.8843
-9.8902
-9.808
-9.7799
-9.7656
-9.7982
-9.8431
-9.9144
-9.9929
-10.074
-10.17
-10.18
-10.151
-10.09
-10.065
-10.052
-10.063
-10.099
-10.199
-10.279
-10.342
-10.403
-10.367
-10.268
-10.252
-10.248
-10.226
-10.263
-10.319
-10.412
-10.513
-10.585
-10.58
-10.554
-10.497
-10.487
-10.556
-10.56
-10.611
-10.728
-10.844
-10.955
-11.023
-10.98
-10.945
-10.973
-10.973
-10.991
-11.059
-11.138
-11.279
-11.422
-11.53
-11.585
-11.569
-11.54
-11.584
-11.607
-11.636
-11.707
-11.843
-11.926
-12.026
-12.093
-12.054
-12.085
-12.083
-12.099
-12.103
-12.159
-12.232
-12.345
-12.411
-12.471
-12.468
-12.4
-12.385
-12.401
-12.423
-12.431
-12.483
-12.534
-12.599
-12.654
-12.667
-12.627
-12.596
-12.575
-12.624
-12.646
-12.696
-12.788
-12.891
-12.95
-13.016
-13.014
-12.938
-12.971
-12.964
-12.98
-13.018
-13.05
-13.126
-13.193
-13.286
-13.314
-13.322
-13.258
-13.231
-13.272
-13.283
-13.317
-13.404
-13.44
-13.444
-13.505
-13.444
-13.383
-13.35
-13.363
-13.35
-13.38
-13.389
-13.443
-13.478
-13.5
-13.52
-13.458
-13.407
-13.372
-13.412
-13.432
-13.462
-13.527
-13.565
-13.631
-13.656
-13.594
-13.566
-13.535
-13.541
-13.554
-13.595
-13.656
-13.747
-13.767
-13.806
-13.794
-13.665
-13.618
-13.647
-13.621
-13.64
-13.644
-13.693
-13.707
-13.737
-13.73
-13.679
-13.65
-13.567
-13.618
-13.61
-13.642
-13.705
-13.779
-13.779
-13.805
-13.772
-13.697
-13.689
-13.707
-13.705
-13.749
-13.787
-13.842
-13.913
-13.944
-13.943
-13.9
-13.845
-13.832
-13.838
-13.853
-13.878
-13.969
-13.982
-14.009
-14.022
-13.947
-13.891
-13.854
-13.858
-13.851
-13.886
-13.906
-14
-14.021
-14.051
-14.064
-13.99
-13.911
-13.943
-13.953
-13.965
-13.987
-14.031
-14.057
-14.085
-14.094
-14.043
-14.024
-13.95
-13.982
-13.982
-14.01
-14.048
-14.104
-14.107
-14.121
-14.108
-13.999
-13.966
-13.954
-13.946
-13.953
-13.953
-13.974
-13.963
-13.958
-13.922
-13.849
-13.804
-13.761
-13.759
-13.75
-13.733
-13.779
-13.779
-13.75
-13.764
-13.707
-13.596
-13.567
-13.574
-13.545
-13.55
-13.549
-13.585
-13.564
-13.561
-13.534
-13.47
-13.411
-13.405
-13.425
-13.397
-13.383
-13.398
-13.37
-13.334
-13.305
-13.193
-13.108
-13.058
-13.032
-13.015
-13.024
-13.03
-13.048
-13.02
-12.999
-12.983
-12.891
-12.85
-12.874
-12.853
-12.845
-12.841
-12.883
-12.873
-12.887
-12.855
-12.807
-12.8
-12.773
-12.799
-12.802
-12.819
-12.838
-12.893
-12.876
-12.884
-12.856
-12.783
-12.765
-12.787
-12.774
-12.777
-12.808
-12.818
-12.815
-12.81
-12.803
-12.775
-12.767
-12.776
-12.834
-12.847
-12.842
-12.888
-12.894
-12.909
-12.935
-12.92
-12.891
-12.882
-12.898
-12.91
-12.926
-12.928
-12.947
-12.936
-12.942
-12.958
-12.939
-12.895
-12.937
-12.921
-12.918
-12.901
-12.901
-12.879
-12.867
-12.865
-12.822
-12.823
-12.77
-12.79
-12.784
-12.772
-12.744
-12.728
-12.687
-12.66
-12.648
-12.595
-12.566
-12.574
-12.583
-12.567
-12.569
-12.569
-12.545
-12.522
-12.523
-12.511
-12.516
-12.567
-12.568
-12.592
-12.592
-12.61
-12.608
-12.611
-12.631
-12.661
-12.66
-12.636
-12.655
-12.664
-12.676
-12.696
-12.726
-12.739
-12.772
-12.822
-12.849
-12.845
-12.87
-12.886
-12.892
-12.908
-12.906
-12.906
-12.897
-12.925
-12.964
-12.983
-13.02
-13.047
-13.052
-13.044
-13.044
-13.021
-13.023
-13.024
-13.025
-13.064
-13.064
-13.069
-13.071
-13.059
-13.047
-13.05
-13.018
-13.007
-13.065
-13.102
-13.118
-13.203
-13.227
-13.259
-13.261
-13.245
-13.253
-13.299
-13.37
-13.498
-13.62
-13.64
-13.728
-13.777
-13.797
-13.8
-13.817
-13.846
-13.93
-14.042
-14.16
-14.239
-14.249
-14.301
-14.32
-14.334
-14.308
-14.313
-14.315
-14.4
-14.514
-14.531
-14.594
-14.604
-14.625
-14.605
-14.572
-14.515
-14.503
-14.541
-14.62
-14.703
-14.755
-14.787
-14.828
-14.832
-14.819
-14.797
-14.768
-14.813
-14.919
-15.033
-15.084
-15.193
-15.273
-15.309
-15.33
-15.285
-15.303
-15.325
-15.433
-15.623
-15.766
-15.873
-15.946
-15.995
-16.013
-15.982
-15.94
-15.95
-16.001
-16.116
-16.262
-16.361
-16.385
-16.428
-16.43
-16.415
-16.336
-16.303
-16.281
-16.336
-16.506
-16.591
-16.67
-16.703
-16.719
-16.684
-16.624
-16.542
-16.508
-16.534
-16.653
-16.809
-16.946
-16.998
-17.02
-16.995
-16.972
-16.885
-16.846
-16.856
-16.92
-17.075
-17.14
-17.228
-17.265
-17.255
-17.222
-17.13
-17.061
-17.012
-17.067
-17.19
-17.341
-17.443
-17.499
-17.537
-17.496
-17.404
-17.295
-17.239
-17.232
-17.372
-17.533
-17.653
-17.713
-17.701
-17.668
-17.61
-17.445
-17.344
-17.316
-17.341
-17.547
-17.674
-17.731
-17.747
-17.737
-17.65
-17.535
-17.367
-17.251
-17.229
-17.3
-17.428
-17.562
-17.553
-17.512
-17.417
-17.266
-17.057
-16.922
-16.845
-16.859
-17.038
-17.109
-17.178
-17.168
-17.118
-17.001
-16.836
-16.697
-16.639
-16.653
-16.804
-16.995
-17.101
-17.151
-17.145
-17.078
-16.984
-16.858
-16.81
-16.877
-17.058
-17.301
-17.505
-17.577
-17.581
-17.531
-17.424
-17.253
-17.155
-17.152
-17.269
-17.54
-17.754
-17.86
-17.874
-17.838
-17.748
-17.592
-17.439
-17.389
-17.384
-17.549
-17.746
-17.907
-17.969
-17.925
-17.843
-17.695
-17.503
-17.393
-17.423
-17.501
-17.743
-17.952
-18.009
-18
-17.928
-17.767
-17.553
-17.407
-17.337
-17.422
-17.642
-17.863
-18.026
-18.097
-18.04
-17.95
-17.758
-17.559
-17.489
-17.49
-17.712
-17.982
-18.209
-18.285
-18.274
-18.199
-18.038
-17.813
-17.653
-17.676
-17.805
-18.087
-18.4
-18.509
-18.496
-18.448
-18.28
-18.068
-17.859
-17.775
-17.828
-18.087
-18.355
-18.517
-18.578
-18.465
-18.349
-18.104
-17.861
-17.72
-17.706
-17.883
-18.132
-18.353
-18.409
-18.362
-18.261
-18.046
-17.767
-17.557
-17.486
-17.588
-17.811
-18.123
-18.259
-18.293
-18.214
-18.038
-17.818
-17.566
-17.498
-17.6
-17.876
-18.241
-18.487
-18.601
-18.552
-18.438
-18.197
-17.959
-17.813
-17.859
-18.089
-18.41
-18.74
-18.899
-18.879
-18.801
-18.613
-18.348
-18.108
-18.075
-18.195
-18.485
-18.865
-19.019
-19.082
-18.97
-18.808
-18.517
-18.24
-18.09
-18.163
-18.403
-18.753
-19.041
-19.128
-19.072
-18.944
-18.692
-18.415
-18.222
-18.209
-18.437
-18.719
-19.043
-19.201
-19.218
-19.106
-18.886
-18.615
-18.379
-18.349
-18.485
-18.775
-19.156
-19.433
-19.524
-19.466
-19.286
-19.04
-18.776
-18.644
-18.781
-19.067
-19.509
-19.863
-20.033
-20.011
-19.876
-19.629
-19.346
-19.134
-19.133
-19.399
-19.746
-20.158
-20.393
-20.45
-20.355
-20.14
-19.837
-19.565
-19.451
-19.586
-19.859
-20.256
-20.558
-20.655
-20.573
-20.358
-20.067
-19.74
-19.563
-19.601
-19.805
-20.187
-20.482
-20.62
-20.602
-20.406
-20.111
-19.772
-19.497
-19.389
-19.561
-19.85
-20.158
-20.407
-20.441
-20.331
-20.078
-19.708
-19.378
-19.224
-19.316
-19.593
-20.013
-20.324
-20.447
-20.405
-20.191
-19.902
-19.614
-19.388
-19.431
-19.661
-20.076
-20.468
-20.703
-20.756
-20.599
-20.348
-20.031
-19.825
-19.745
-19.941
-20.312
-20.677
-21.01
-21.098
-20.999
-20.791
-20.479
-20.209
-20.074
-20.146
-20.402
-20.778
-21.105
-21.225
-21.232
-21.016
-20.69
-20.311
-20.002
-19.926
-20.096
-20.434
-20.716
-20.918
-20.938
-20.776
-20.461
-20.085
-19.742
-19.542
-19.649
-19.941
-20.3
-20.607
-20.714
-20.619
-20.421
-20.093
-19.782
-19.607
-19.69
-19.952
-20.385
-20.771
-20.962
-21.011
-20.847
-20.581
-20.268
-20.024
-19.981
-20.2
-20.574
-20.941
-21.25
-21.33
-21.205
-20.948
-20.612
-20.318
-20.155
-20.239
-20.485
-20.823
-21.096
-21.185
-21.092
-20.838
-20.47
-20.092
-19.792
-19.726
-19.878
-20.236
-20.517
-20.672
-20.68
-20.499
-20.169
-19.781
-19.439
-19.277
-19.406
-19.695
-20.014
-20.258
-20.342
-20.189
-19.944
-19.573
-19.259
-19.068
-19.116
-19.36
-19.704
-19.994
-20.095
-20.091
-19.89
-19.6
-19.288
-19.045
-19.023
-19.207
-19.566
-19.878
-20.107
-20.14
-20.01
-19.731
-19.391
-19.146
-19.026
-19.152
-19.44
-19.772
-20.06
-20.176
-20.08
-19.87
-19.538
-19.242
-19.053
-19.089
-19.27
-19.613
-19.899
-20.024
-19.999
-19.781
-19.434
-19.075
-18.753
-18.631
-18.783
-19.046
-19.302
-19.477
-19.504
-19.327
-19.021
-18.621
-18.274
-18.076
-18.084
-18.338
-18.613
-18.849
-18.954
-18.864
-18.659
-18.318
-18.004
-17.782
-17.815
-17.994
-18.355
-18.695
-18.88
-18.919
-18.763
-18.482
-18.141
-17.892
-17.812
-17.939
-18.256
-18.591
-18.811
-18.89
-18.766
-18.539
-18.162
-17.843
-17.643
-17.649
-17.858
-18.147
-18.374
-18.42
-18.315
-18.058
-17.669
-17.29
-16.948
-16.846
-16.985
-17.23
-17.514
-17.633
-17.647
-17.467
-17.159
-16.797
-16.473
-16.312
-16.397
-16.691
-16.98
-17.228
-17.324
-17.228
-17.036
-16.706
-16.425
-16.301
-16.378
-16.619
-16.989
-17.306
-17.467
-17.47
-17.323
-17.053
-16.798
-16.594
-16.598
-16.81
-17.149
-17.553
-17.75
-17.833
-17.734
-17.518
-17.214
-16.974
-16.87
-16.981
-17.286
-17.635
-17.926
-18.047
-17.966
-17.801
-17.512
-17.255
-17.089
-17.149
-17.386
-17.727
-18.022
-18.134
-18.132
-17.955
-17.688
-17.4
-17.17
-17.087
-17.241
-17.508
-17.843
-18.042
-18.082
-17.959
-17.74
-17.393
-17.109
-16.943
-16.986
-17.249
-17.539
-17.78
-17.861
-17.756
-17.585
-17.288
-17.02
-16.81
-16.814
-17.02
-17.34
-17.656
-17.781
-17.807
-17.666
-17.44
-17.169
-16.936
-16.897
-17.025
-17.316
-17.7
-17.924
-18.022
-17.912
-17.756
-17.483
-17.252
-17.155
-17.229
-17.506
-17.818
-18.098
-18.202
-18.136
-18.019
-17.745
-17.513
-17.376
-17.39
-17.595
-17.878
-18.194
-18.342
-18.383
-18.262
-18.029
-17.776
-17.496
-17.462
-17.574
-17.823
-18.173
-18.346
-18.456
-18.352
-18.182
-17.901
-17.669
-17.507
-17.582
-17.848
-18.151
-18.427
-18.552
-18.488
-18.395
-18.149
-17.9
-17.756
-17.747
-17.958
-18.27
-18.624
-18.759
-18.807
-18.712
-18.551
-18.355
-18.142
-18.13
-18.278
-18.557
-18.918
-19.138
-19.245
-19.199
-19.079
-18.839
-18.638
-18.537
-18.619
-18.87
-19.168
-19.44
-19.622
-19.614
-19.558
-19.364
-19.148
-18.988
-19.01
-19.186
-19.481
-19.775
-19.934
-20.006
-19.94
-19.794
-19.571
-19.425
-19.389
-19.522
-19.791
-20.098
-20.331
-20.424
-20.385
-20.283
-20.06
-19.837
-19.713
-19.746
-19.974
-20.239
-20.533
-20.65
-20.64
-20.556
-20.385
-20.199
-19.99
-19.996
-20.14
-20.435
-20.705
-20.872
-20.905
-20.85
-20.73
-20.518
-20.36
-20.325
-20.436
-20.692
-20.985
-21.189
-21.355
-21.364
-21.312
-21.162
-20.989
-20.91
-21.023
-21.214
-21.463
-21.768
-21.899
-21.949
-21.881
-21.759
-21.573
-21.473
-21.47
-21.616
-21.878
-22.094
-22.285
-22.302
-22.266
-22.153
-21.958
-21.784
-21.73
-21.793
-21.99
-22.224
-22.389
-22.489
-22.488
-22.394
-22.241
-22.06
-21.931
-21.963
-22.11
-22.355
-22.609
-22.767
-22.776
-22.725
-22.627
-22.431
-22.38
-22.39
-22.527
-22.77
-22.993
-23.213
-23.242
-23.258
-23.188
-23.081
-22.99
-22.958
-23.098
-23.305
-23.584
-23.816
-23.954
-24.075
-24.035
-23.972
-23.855
-23.839
-23.966
-24.185
-24.5
-24.781
-25.021
-25.084
-25.132
-25.126
-25.008
-24.96
-24.968
-25.131
-25.357
-25.58
-25.805
-25.88
-25.935
-25.882
-25.776
-25.668
-25.632
-25.707
-25.823
-26.025
-26.209
-26.259
-26.304
-26.236
-26.138
-25.941
-25.834
-25.837
-25.893
-26.048
-26.187
-26.301
-26.308
-26.285
-26.163
-26.003
-25.845
-25.767
-25.823
-25.982
-26.196
-26.319
-26.353
-26.404
-26.361
-26.254
-26.134
-26.114
-26.151
-26.3
-26.571
-26.742
-26.885
-26.933
-26.909
-26.859
-26.74
-26.663
-26.675
-26.806
-26.932
-27.116
-27.286
-27.307
-27.309
-27.243
-27.153
-27.054
-27.039
-27.088
-27.237
-27.401
-27.531
-27.621
-27.645
-27.605
-27.536
-27.407
-27.36
-27.393
-27.449
-27.611
-27.786
-27.915
-27.963
-27.971
-27.915
-27.841
-27.739
-27.699
-27.752
-27.855
-28.042
-28.171
-28.151
-28.163
-28.104
-27.986
-27.864
-27.805
-27.8
-27.878
-28.081
-28.204
-28.27
-28.281
-28.235
-28.174
-28.068
-27.972
-27.974
-28.013
-28.154
-28.328
-28.435
-28.459
-28.446
-28.392
-28.281
-28.203
-28.15
-28.166
-28.296
-28.421
-28.56
-28.577
-28.606
-28.55
-28.474
-28.348
-28.256
-28.27
-28.278
-28.407
-28.528
-28.585
-28.617
-28.559
-28.477
-28.326
-28.198
-28.126
-28.119
-28.201
-28.264
-28.397
-28.338
-28.303
-28.24
-28.084
-27.941
-27.829
-27.768
-27.792
-27.918
-27.981
-27.975
-27.968
-27.896
-27.804
-27.625
-27.484
-27.409
-27.367
-27.433
-27.567
-27.628
-27.644
-27.581
-27.495
-27.371
-27.238
-27.169
-27.115
-27.193
-27.287
-27.42
-27.419
-27.398
-27.329
-27.233
-27.131
-27.068
-27.106
-27.143
-27.296
-27.439
-27.503
-27.559
-27.537
-27.485
-27.37
-27.292
-27.305
-27.381
-27.546
-27.679
-27.833
-27.847
-27.85
-27.832
-27.731
-27.632
-27.582
-27.562
-27.634
-27.812
-27.881
-27.87
-27.858
-27.801
-27.704
-27.526
-27.378
-27.262
-27.219
-27.278
-27.339
-27.364
-27.339
-27.256
-27.141
-26.993
-26.789
-26.648
-26.554
-26.524
-26.591
-26.686
-26.652
-26.593
-26.496
-26.382
-26.213
-26.09
-25.996
-25.971
-26.066
-26.115
-26.137
-26.108
-26.061
-25.96
-25.827
-25.704
-25.625
-25.603
-25.642
-25.745
-25.826
-25.801
-25.759
-25.662
-25.505
-25.332
-25.207
-25.113
-25.115
-25.178
-25.22
-25.23
-25.198
-25.119
-25.002
-24.811
-24.641
-24.506
-24.437
-24.521
-24.579
-24.629
-24.61
-24.566
-24.458
-24.34
-24.162
-24.081
-24.054
-24.083
-24.204
-24.307
-24.298
-24.282
-24.227
-24.121
-23.98
-23.899
-23.826
-23.868
-24.013
-24.054
-24.097
-24.047
-23.984
-23.885
-23.734
-23.597
-23.5
-23.464
-23.488
-23.581
-23.609
-23.533
-23.466
-23.324
-23.183
-22.945
-22.784
-22.67
-22.614
-22.67
-22.673
-22.593
-22.496
-22.375
-22.223
-21.955
-21.806
-21.658
-21.566
-21.641
-21.66
-21.705
-21.635
-21.569
-21.433
-21.258
-21.11
-21.017
-21.034
-21.069
-21.196
-21.323
-21.301
-21.295
-21.2
-21.068
-20.925
-20.847
-20.798
-20.864
-20.999
-21.075
-21.103
-21.071
-20.99
-20.888
-20.655
-20.529
-20.433
-20.382
-20.486
-20.541
-20.571
-20.496
-20.421
-20.279
-20.089
-19.854
-19.69
-19.633
-19.618
-19.653
-19.719
-19.641
-19.561
-19.439
-19.249
-18.995
-18.849
-18.718
-18.669
-18.758
-18.806
-18.806
-18.736
-18.604
-18.423
-18.151
-17.933
-17.79
-17.716
-17.7
-17.773
-17.797
-17.739
-17.635
-17.447
-17.215
-16.925
-16.752
-16.61
-16.594
-16.678
-16.746
-16.717
-16.618
-16.512
-16.328
-16.073
-15.925
-15.815
-15.829
-16
-16.125
-16.211
-16.197
-16.152
-16.023
-15.843
-15.683
-15.619
-15.676
-15.803
-15.976
-16.084
-16.088
-16.064
-15.95
-15.785
-15.569
-15.446
-15.356
-15.379
-15.488
-15.577
-15.543
-15.433
-15.276
-15.025
-14.674
-14.39
-14.183
-14.097
-14.101
-14.162
-14.172
-14.058
-13.931
-13.711
-13.395
-13.076
-12.872
-12.757
-12.771
-12.891
-12.952
-12.976
-12.878
-12.733
-12.533
-12.252
-12.107
-12.048
-12.134
-12.318
-12.553
-12.666
-12.669
-12.614
-12.435
-12.231
-12.078
-12.029
-12.116
-12.314
-12.506
-12.648
-12.647
-12.6
-12.451
-12.242
-11.983
-11.877
-11.83
-11.899
-12.075
-12.173
-12.203
-12.095
-11.954
-11.684
-11.353
-11.094
-10.962
-10.978
-11.074
-11.232
-11.261
-11.17
-11.005
-10.727
-10.355
-10.012
-9.8096
-9.744
-9.8139
-9.9109
-9.9726
-9.9159
-9.7575
-9.5342
-9.1922
-8.8161
-8.6009
-8.4907
-8.5504
-8.6786
-8.8576
-8.896
-8.8082
-8.6425
-8.3777
-8.0903
-7.8633
-7.825
-7.9125
-8.1401
-8.3569
-8.5223
-8.538
-8.4715
-8.2793
-8.0123
-7.8179
-7.7704
-7.8722
-8.1213
-8.4197
-8.65
-8.7955
-8.7736
-8.6488
-8.3973
-8.1802
-8.0438
-8.1163
-8.3117
-8.5644
-8.8656
-8.9792
-9.0408
-8.9359
-8.7226
-8.4222
-8.1853
-8.1231
-8.1699
-8.4054
-8.6566
-8.7581
-8.7831
-8.6534
-8.3948
-8.026
-7.648
-7.4149
-7.3465
-7.4661
-7.6176
-7.8143
-7.8331
-7.713
-7.4942
-7.1187
-6.7338
-6.4136
-6.2939
-6.3476
-6.5634
-6.7211
-6.8202
-6.788
-6.5853
-6.3234
-5.9724
-5.6919
-5.5862
-5.6494
-5.8345
-6.1441
-6.3411
-6.3889
-6.3117
-6.092
-5.7718
-5.4828
-5.2916
-5.3497
-5.6083
-5.9229
-6.238
-6.371
-6.3635
-6.224
-5.9778
-5.6712
-5.4737
-5.4376
-5.6157
-5.9359
-6.2804
-6.4478
-6.475
-6.3779
-6.1331
-5.7941
-5.4714
-5.3121
-5.3654
-5.5961
-5.9271
-6.141
-6.1925
-6.1016
-5.8743
-5.535
-5.2
-4.9846
-4.9628
-5.1538
-5.4541
-5.7049
-5.8428
-5.7926
-5.6224
-5.324
-5.0107
-4.7845
-4.738
-4.9398
-5.2059
-5.5468
-5.7524
-5.7882
-5.7079
-5.4619
-5.1351
-4.8623
-4.7804
-4.8805
-5.1717
-5.5199
-5.7752
-5.9311
-5.8439
-5.6481
-5.3454
-5.0167
-4.8673
-4.9459
-5.203
-5.5688
-5.9196
-6.1222
-6.1407
-5.9945
-5.6963
-5.3778
-5.1333
-5.1454
-5.3575
-5.7173
-6.1096
-6.4129
-6.4652
-6.3401
-6.09
-5.7129
-5.3542
-5.1743
-5.2084
-5.4676
-5.8112
-6.0433
-6.122
-5.9867
-5.6828
-5.2126
-4.7628
-4.4346
-4.3417
-4.4544
-4.7087
-4.969
-5.0632
-5.0019
-4.754
-4.3138
-3.8572
-3.46
-3.3126
-3.4127
-3.6665
-3.9553
-4.1481
-4.2418
-4.053
-3.8317
-3.4558
-3.1298
-2.9894
-3.073
-3.4035
-3.8258
-4.2312
-4.408
-4.4223
-4.2783
-3.9666
-3.6783
-3.5168
-3.6262
-3.9178
-4.3468
-4.7753
-5.0642
-5.1358
-4.9717
-4.6888
-4.3455
-4.0554
-4.005
-4.2046
-4.5582
-4.9762
-5.2562
-5.3404
-5.1371
-4.8129
-4.332
-3.9524
-3.679
-3.7028
-3.9777
-4.3219
-4.6426
-4.7712
-4.7284
-4.4651
-4.0192
-3.5651
-3.2475
-3.1547
-3.3655
-3.731
-4.0861
-4.321
-4.3609
-4.1641
-3.8345
-3.4316
-3.1064
-3.0154
-3.2082
-3.5443
-3.9862
-4.3204
-4.4489
-4.4076
-4.1419
-3.7866
-3.4523
-3.2558
-3.3833
-3.7075
-4.186
-4.5844
-4.8107
-4.7881
-4.5699
-4.175
-3.7861
-3.5313
-3.4745
-3.7195
-4.1026
-4.4618
-4.7292
-4.7506
-4.485
-4.0991
-3.6087
-3.2347
-3.0728
-3.1894
-3.4871
-3.8885
-4.1954
-4.2156
-4.121
-3.7458
-3.2718
-2.8426
-2.566
-2.5592
-2.8116
-3.2311
-3.6111
-3.7971
-3.7579
-3.4958
-3.0794
-2.6692
-2.3752
-2.3191
-2.5809
-3.017
-3.4388
-3.7629
-3.8424
-3.677
-3.3851
-2.9986
-2.675
-2.5427
-2.7635
-3.0939
-3.5534
-3.9301
-4.0619
-4.0169
-3.7558
-3.3728
-2.9823
-2.7324
-2.7245
-3.0099
-3.38
-3.7543
-3.9721
-3.9633
-3.7113
-3.3351
-2.9118
-2.5719
-2.4308
-2.5653
-2.8821
-3.2609
-3.5386
-3.59
-3.4838
-3.1875
-2.8
-2.4535
-2.2173
-2.2475
-2.5258
-2.9334
-3.3111
-3.4985
-3.5171
-3.3578
-3.0342
-2.6957
-2.4425
-2.3719
-2.5506
-2.8843
-3.2806
-3.5984
-3.7176
-3.6128
-3.4485
-3.1363
-2.8471
-2.6815
-2.73
-2.9989
-3.3727
-3.7087
-3.8646
-3.8666
-3.7569
-3.5669
-3.2902
-3.0616
-3
-3.0752
-3.3317
-3.7127
-3.9639
-4.043
-3.9857
-3.8549
-3.6131
-3.3556
-3.2145
-3.2071
-3.292
-3.5065
-3.7695
-3.881
-3.8519
-3.8199
-3.7191
-3.5179
-3.3487
-3.297
-3.2912
-3.359
-3.4944
-3.6115
-3.6577
-3.6262
-3.5612
-3.4904
-3.4143
-3.3735
-3.3795
-3.3532
-3.3578
-3.3892
-3.4132
-3.3632
-3.3803
-3.3366
-3.3316
-3.3684
-3.4421
-3.5116
-3.5002
-3.4049
-3.2788
-3.1963
-3.1864
-3.2073
-3.2527
-3.3806
-3.6215
-3.7683
-3.8682
-3.8462
-3.593
-3.2805
-3.0741
-2.9934
-2.9946
-3.0757
-3.3512
-3.6413
-3.8344
-3.8639
-3.7188
-3.4055
-3.0016
-2.6723
-2.5635
-2.6136
-2.8023
-3.1131
-3.4423
-3.6863
-3.7291
-3.5423
-3.1676
-2.7917
-2.4324
-2.2982
-2.4217
-2.6792
-3.0087
-3.2999
-3.5282
-3.5375
-3.3736
-3.0469
-2.7072
-2.3451
-2.1008
-2.1207
-2.4006
-2.705
-2.964
-3.1217
-3.1217
-2.9731
-2.6645
-2.3283
-2.0398
-1.8296
-1.7572
-1.8671
-2.1098
-2.3131
-2.351
-2.3053
-2.2491
-2.1328
-1.9784
-1.8547
-1.9029
-1.9312
-1.904
-1.9092
-1.9553
-1.9905
-1.9498
-1.9432
-1.9435
-2.0189
-2.1904
-2.3185
-2.4435
-2.4593
-2.2507
-1.9277
-1.6973
-1.6509
-1.5893
-1.6457
-1.7816
-2.0595
-2.3232
-2.4308
-2.3706
-2.102
-1.6512
-1.0965
-0.70229
-0.60555
-0.66543
-0.89417
-1.1656
-1.4221
-1.5934
-1.5645
-1.3201
-0.94127
-0.50713
-0.019732
0.34609
0.39105
0.13189
-0.15522
-0.3677
-0.55956
-0.64229
-0.55662
-0.45596
-0.19474
0.0041049
0.17438
0.32539
0.38743
0.27292
0.047954
-0.010016
0.0081312
0.01073
-0.030207
-0.09565
-0.26273
-0.40746
-0.56267
-0.61894
-0.46301
-0.19448
-0.046734
-0.0028312
0.068563
0.061327
-0.061943
-0.40678
-0.83023
-1.2151
-1.398
-1.3345
-1.037
-0.59973
-0.14205
0.10845
0.064944
-0.062682
-0.352
-0.71611
-1.0573
-1.3205
-1.4036
-1.2475
-0.94948
-0.5819
-0.2273
0.011032
0.04473
-0.14249
-0.42073
-0.59221
-0.63472
-0.64536
-0.64176
-0.6168
-0.59293
-0.48316
-0.41184
-0.40774
-0.41878
-0.41075
-0.29431
-0.17348
-0.050418
0.035274
0.060532
-0.018421
-0.25394
-0.60989
-0.91582
-1.0201
-0.9643
-0.7841
-0.52212
-0.20696
0.092784
0.2225
0.10121
-0.16888
-0.51584
-0.8448
-1.0941
-1.1665
-1.078
-0.82704
-0.55075
-0.37013
-0.26083
-0.2214
-0.24567
-0.36273
-0.53594
-0.61029
-0.56693
-0.4108
-0.31109
-0.24651
-0.23117
-0.21754
-0.27051
-0.36804
-0.42883
-0.3352
-0.068704
0.24363
0.4674
0.59046
0.65327
0.61949
0.46896
0.12569
-0.14067
-0.25393
-0.17254
0.02016
0.22451
0.46502
0.68391
0.82641
0.74797
0.47549
0.2042
0.080694
0.056815
0.068687
0.054235
0.10869
0.17446
0.23206
0.15479
-0.093839
-0.3267
-0.41453
-0.3384
-0.19076
-0.067878
0.067994
0.23239
0.28485
0.1146
-0.31495
-0.70862
-0.98483
-1.099
-1.0677
-0.92552
-0.73355
-0.46677
-0.19662
-0.14406
-0.3269
-0.61909
-0.84583
-0.96024
-1.0002
-1.0419
-0.96214
-0.8472
-0.68417
-0.64941
-0.75603
-0.96871
-1.1021
-1.0726
-0.96878
-0.79988
-0.60653
-0.31784
-0.030404
0.063781
-0.072766
-0.38137
-0.65502
-0.82685
-0.86599
-0.86172
-0.78521
-0.5752
-0.25667
0.022678
0.097161
-0.010956
-0.18254
-0.30324
-0.33303
-0.36088
-0.40315
-0.36373
-0.32759
-0.21872
-0.28277
-0.52263
-0.87034
-1.0818
-1.1513
-1.1071
-0.93634
-0.75409
-0.508
-0.26399
-0.14698
-0.29285
-0.66465
-1.0914
-1.419
-1.5961
-1.6041
-1.5274
-1.4042
-1.2
-0.96256
-0.80483
-0.88152
-1.0476
-1.1997
-1.2199
-1.12
-1.0375
-0.95261
-0.92832
-0.89844
-0.90435
-1.077
-1.3836
-1.6989
-1.8844
-1.8092
-1.5677
-1.2132
-0.9353
-0.6852
-0.54726
-0.53757
-0.7384
-1.0559
-1.3895
-1.6453
-1.6749
-1.6031
-1.5184
-1.4307
-1.38
-1.3614
-1.4046
-1.5085
-1.6132
-1.6567
-1.5514
-1.3225
-1.0291
-0.85249
-0.87648
-0.99027
-1.2736
-1.6189
-1.9457
-2.2163
-2.3487
-2.2861
-2.0187
-1.7043
-1.4655
-1.3328
-1.3516
-1.5081
-1.6731
-1.8481
-1.99
-2.0103
-1.9217
-1.8409
-1.7272
-1.6936
-1.8308
-2.0805
-2.3267
-2.4896
-2.5302
-2.3928
-2.1874
-1.8511
-1.5446
-1.3175
-1.2323
-1.3303
-1.5646
-1.8596
-2.136
-2.2598
-2.2465
-2.146
-1.9838
-1.8335
-1.7103
-1.6631
-1.7534
-1.8712
-1.9702
-1.9883
-1.8634
-1.6522
-1.4273
-1.27
-1.2173
-1.2396
-1.4163
-1.7066
-2.0103
-2.3302
-2.5116
-2.4305
-2.2008
-1.9525
-1.7316
-1.5791
-1.4864
-1.4949
-1.5724
-1.7065
-1.8516
-1.9017
-1.8188
-1.6291
-1.4545
-1.3792
-1.4
-1.4986
-1.6527
-1.7707
-1.8717
-1.9243
-1.8201
-1.5916
-1.2617
-0.8914
-0.62726
-0.49809
-0.51439
-0.68746
-0.87803
-1.0542
-1.2253
-1.2876
-1.2155
-1.1418
-1.0412
-0.91877
-0.85948
-0.97617
-1.195
-1.4157
-1.605
-1.6814
-1.5852
-1.3832
-1.192
-1.054
-0.93159
-0.86444
-0.96411
-1.2036
-1.4978
-1.8057
-2.0493
-2.0901
-1.9329
-1.7422
-1.5861
-1.4389
-1.3401
-1.2674
-1.2623
-1.2785
-1.3528
-1.4232
-1.3635
-1.1814
-0.94456
-0.69554
-0.56811
-0.55369
-0.62237
-0.77127
-0.94563
-1.1482
-1.3431
-1.4619
-1.4004
-1.2403
-0.96528
-0.6738
-0.44139
-0.31532
-0.39067
-0.5409
-0.70543
-0.92723
-1.1353
-1.2573
-1.286
-1.2945
-1.2738
-1.245
-1.2584
-1.3984
-1.6546
-1.9231
-2.1608
-2.3398
-2.353
-2.1589
-1.9192
-1.6908
-1.5264
-1.3718
-1.2538
-1.2401
-1.3852
-1.6111
-1.8971
-2.1697
-2.256
-2.1639
-2.0333
-1.8951
-1.806
-1.7029
-1.6098
-1.5297
-1.4683
-1.4602
-1.5649
-1.712
-1.7186
-1.5488
-1.3277
-1.1303
-1.048
-1.0586
-1.1415
-1.3521
-1.5809
-1.7838
-2.0732
-2.4179
-2.6373
-2.6463
-2.5221
-2.3115
-2.04
-1.8364
-1.7666
-1.83
-1.9346
-2.0149
-2.1581
-2.3912
-2.6139
-2.694
-2.7011
-2.6533
-2.56
-2.448
-2.391
-2.4229
-2.6203
-2.7936
-2.9424
-3.1
-3.1895
-3.1095
-2.9321
-2.7819
-2.5396
-2.2624
-1.9521
-1.7612
-1.7623
-1.9292
-2.1693
-2.4899
-2.8444
-3.0549
-3.063
-3.0688
-3.0386
-2.974
-2.8644
-2.6687
-2.4657
-2.4158
-2.4672
-2.5925
-2.8081
-2.9797
-2.965
-2.7729
-2.6259
-2.5542
-2.4717
-2.393
-2.3378
-2.3468
-2.5022
-2.7323
-3.0562
-3.4878
-3.8571
-3.9532
-3.8248
-3.663
-3.4501
-3.1958
-2.888
-2.6333
-2.4114
-2.3601
-2.3834
-2.5216
-2.8178
-3.1155
-3.2244
-3.155
-3.1315
-3.061
-2.969
-2.8232
-2.6966
-2.6306
-2.6813
-2.7876
-2.924
-3.1089
-3.2471
-3.2125
-2.9978
-2.8149
-2.5904
-2.3306
-2.0438
-1.7742
-1.6211
-1.6445
-1.8284
-2.0822
-2.4352
-2.7824
-3.0471
-3.1548
-3.1592
-3.1741
-3.1544
-3.0558
-2.8355
-2.5965
-2.3838
-2.3623
-2.4533
-2.5792
-2.6869
-2.7607
-2.7953
-2.7684
-2.706
-2.651
-2.5923
-2.5225
-2.4275
-2.3385
-2.3281
-2.4836
-2.7068
-2.8895
-3.0144
-3.1274
-3.1639
-3.0429
-2.7805
-2.5352
-2.3088
-2.0835
-1.8144
-1.548
-1.3356
-1.2751
-1.335
-1.4329
-1.5661
-1.7608
-1.9733
-2.0899
-2.1208
-2.1189
-2.17
-2.2214
-2.2224
-2.1601
-2.0799
-2.0615
-2.0704
-2.0804
-2.0747
-2.1043
-2.1466
-2.1333
-2.0081
-1.8214
-1.6982
-1.677
-1.6727
-1.5779
-1.5237
-1.5191
-1.6072
-1.7266
-1.8312
-1.9589
-2.1283
-2.3234
-2.3885
-2.2701
-2.1099
-1.9792
-1.8492
-1.6538
-1.3676
-1.0967
-0.88835
-0.76839
-0.66012
-0.58888
-0.6422
-0.81599
-1.0565
-1.2159
-1.288
-1.3729
-1.5199
-1.6528
-1.71
-1.6729
-1.6983
-1.7253
-1.7945
-1.8264
-1.8029
-1.7881
-1.8434
-1.9169
-1.8905
-1.7586
-1.6008
-1.5195
-1.4863
-1.3912
-1.2563
-1.1838
-1.1453
-1.2129
-1.2676
-1.2892
-1.3362
-1.4992
-1.7577
-1.9655
-2.0527
-2.0686
-2.0769
-2.0871
-1.9879
-1.777
-1.5097
-1.2919
-1.1228
-0.97343
-0.78828
-0.61189
-0.58112
-0.7276
-0.94614
-1.1158
-1.2126
-1.3208
-1.5066
-1.6657
-1.7404
-1.7319
-1.7061
-1.7092
-1.7868
-1.8133
-1.7511
-1.672
-1.6605
-1.7211
-1.7379
-1.6966
-1.6055
-1.5402
-1.4937
-1.4204
-1.2596
-1.0789
-0.93228
-0.86238
-0.85474
-0.84498
-0.83733
-0.8565
-0.98146
-1.2058
-1.4637
-1.6467
-1.7852
-1.9018
-2.0136
-2.0366
-1.9542
-1.7551
-1.4987
-1.2812
-1.0837
-0.86121
-0.61229
-0.41436
-0.30896
-0.34803
-0.48433
-0.65014
-0.79046
-0.93281
-1.0878
-1.2516
-1.3701
-1.4257
-1.398
-1.3713
-1.393
-1.4169
-1.4176
-1.406
-1.3923
-1.435
-1.5496
-1.6496
-1.6821
-1.6347
-1.5798
-1.5337
-1.4901
-1.3693
-1.187
-1.0107
-0.8964
-0.8381
-0.8169
-0.80117
-0.80282
-0.87337
-1.0582
-1.293
-1.5323
-1.7192
-1.881
-2.0237
-2.1324
-2.1555
-2.0608
-1.8888
-1.6944
-1.4628
-1.2511
-1.0155
-0.75784
-0.52565
-0.39846
-0.38054
-0.41652
-0.49734
-0.60708
-0.77111
-0.9577
-1.1389
-1.2908
-1.3989
-1.4985
-1.5685
-1.6179
-1.6901
-1.7083
-1.7249
-1.7488
-1.7722
-1.7998
-1.8252
-1.8322
-1.8193
-1.7841
-1.7298
-1.6666
-1.59
-1.4901
-1.3688
-1.2235
-1.1003
-0.99679
-0.9138
-0.86187
-0.78521
-0.78396
-0.86426
-1.0392
-1.2212
-1.4027
-1.5661
-1.7617
-1.9811
-2.1538
-2.2369
-2.2117
-2.1254
-2.0116
-1.8834
-1.7054
-1.4672
-1.2053
-0.97765
-0.84549
-0.81616
-0.82933
-0.85881
-0.90047
-1.0027
-1.2022
-1.4717
-1.6973
-1.8883
-2.0149
-2.1391
-2.2711
-2.4216
-2.5025
-2.5357
-2.5208
-2.4665
-2.4222
-2.405
-2.3485
-2.235
-2.0763
-1.9098
-1.7777
-1.7047
-1.6609
-1.5973
-1.5062
-1.409
-1.346
-1.3254
-1.3216
-1.3107
-1.295
-1.2887
-1.3286
-1.4005
-1.538
-1.6763
-1.8123
-1.9464
-2.0878
-2.2585
-2.4538
-2.6165
-2.7079
-2.7239
-2.6723
-2.5913
-2.5053
-2.3861
-2.2123
-1.9854
-1.7617
-1.5758
-1.4487
-1.363
-1.3196
-1.2855
-1.304
-1.4105
-1.5856
-1.8567
-2.0846
-2.2998
-2.463
-2.6406
-2.8244
-3.0259
-3.1699
-3.2155
-3.1665
-3.0617
-2.9339
-2.7777
-2.6072
-2.4014
-2.1831
-1.9818
-1.8281
-1.7377
-1.7298
-1.7595
-1.7733
-1.7759
-1.8025
-1.8616
-1.9823
-2.1049
-2.1707
-2.1995
-2.1826
-2.1962
-2.2244
-2.3338
-2.441
-2.5684
-2.649
-2.7273
-2.8025
-2.9189
-3.0307
-3.0858
-3.0506
-2.9459
-2.8251
-2.7297
-2.6726
-2.5888
-2.4063
-2.1595
-1.9117
-1.7178
-1.6232
-1.6274
-1.6509
-1.6598
-1.6443
-1.7127
-1.8398
-2.099
-2.3764
-2.636
-2.8106
-2.9789
-3.1708
-3.3838
-3.5628
-3.638
-3.5535
-3.3658
-3.1422
-2.9097
-2.7168
-2.5513
-2.344
-2.1023
-1.8479
-1.6265
-1.5038
-1.4872
-1.5467
-1.6107
-1.6608
-1.7516
-1.9155
-2.146
-2.3996
-2.6127
-2.7371
-2.7688
-2.8107
-2.8772
-2.981
-3.079
-3.1286
-3.0848
-2.9892
-2.8617
-2.7662
-2.7187
-2.6939
-2.6523
-2.5683
-2.482
-2.423
-2.3904
-2.3633
-2.3238
-2.2466
-2.1297
-2.0215
-1.9538
-1.9375
-1.9312
-1.9425
-1.959
-1.9746
-2.0278
-2.0897
-2.2201
-2.3989
-2.6191
-2.8594
-3.1083
-3.3089
-3.459
-3.5607
-3.6105
-3.6224
-3.5662
-3.4375
-3.2457
-3.0202
-2.7841
-2.5359
-2.2845
-2.0433
-1.8288
-1.6561
-1.5245
-1.4493
-1.4438
-1.5366
-1.7154
-1.9344
-2.1731
-2.3955
-2.6333
-2.8786
-3.1423
-3.3979
-3.6331
-3.7939
-3.8656
-3.8684
-3.8302
-3.7205
-3.5914
-3.4205
-3.2021
-2.9755
-2.7161
-2.4694
-2.245
-2.0778
-1.9664
-1.9003
-1.8593
-1.8389
-1.8532
-1.9016
-2.0054
-2.1533
-2.2897
-2.3629
-2.4183
-2.4605
-2.5174
-2.5793
-2.6646
-2.7755
-2.872
-2.9661
-3.0369
-3.1131
-3.1822
-3.2898
-3.4018
-3.4953
-3.5133
-3.4642
-3.3962
-3.3282
-3.2746
-3.2158
-3.1102
-2.9415
-2.7283
-2.5148
-2.3364
-2.1892
-2.1048
-2.0403
-1.9959
-1.9407
-1.9098
-1.9032
-1.9664
-2.1232
-2.3218
-2.575
-2.8058
-3.054
-3.3169
-3.5921
-3.8522
-4.0713
-4.2353
-4.3051
-4.2671
-4.134
-3.9491
-3.737
-3.5131
-3.2809
-3.0192
-2.7369
-2.4561
-2.2184
-2.0328
-1.9118
-1.883
-1.9321
-2.0426
-2.1958
-2.3777
-2.5559
-2.7777
-3.0384
-3.3078
-3.5539
-3.7493
-3.8951
-4.0062
-4.1025
-4.1845
-4.2358
-4.2447
-4.1918
-4.088
-3.9142
-3.692
-3.4377
-3.2338
-3.0515
-2.8938
-2.7471
-2.6047
-2.4904
-2.4209
-2.395
-2.4021
-2.4397
-2.4954
-2.5641
-2.6378
-2.6973
-2.7474
-2.8027
-2.8601
-2.9226
-3.0077
-3.0808
-3.1429
-3.2145
-3.3236
-3.4684
-3.6242
-3.7976
-3.9591
-4.0977
-4.1886
-4.2447
-4.2635
-4.2366
-4.1928
-4.14
-4.0545
-3.9053
-3.6875
-3.4201
-3.1437
-2.8909
-2.6772
-2.4589
-2.2826
-2.1318
-2.0295
-1.9868
-1.9709
-1.9795
-2.0297
-2.1542
-2.3369
-2.5649
-2.8223
-3.1372
-3.4547
-3.8043
-4.1493
-4.4891
-4.7856
-4.9805
-5.0716
-5.0781
-5.0128
-4.8602
-4.6411
-4.3801
-4.0958
-3.8058
-3.5053
-3.1727
-2.8512
-2.5682
-2.3332
-2.1515
-2.0482
-2.0139
-2.0463
-2.1624
-2.3494
-2.5758
-2.8223
-3.068
-3.325
-3.5778
-3.8033
-4.0013
-4.1827
-4.3459
-4.5042
-4.6475
-4.7571
-4.8245
-4.7993
-4.7441
-4.6291
-4.4797
-4.2841
-4.0585
-3.8109
-3.606
-3.4491
-3.3151
-3.1878
-3.0744
-2.9981
-2.9657
-2.9693
-2.9811
-2.9843
-2.9943
-3.0456
-3.1228
-3.2036
-3.2752
-3.35
-3.4068
-3.4644
-3.5217
-3.5891
-3.6464
-3.7194
-3.8203
-3.9758
-4.1467
-4.3357
-4.4865
-4.6065
-4.7129
-4.8113
-4.8856
-4.9206
-4.8863
-4.8123
-4.7095
-4.5802
-4.412
-4.173
-3.9034
-3.6428
-3.398
-3.1874
-2.9741
-2.7684
-2.5796
-2.4628
-2.3943
-2.358
-2.3438
-2.3796
-2.4599
-2.5962
-2.8033
-3.0792
-3.3906
-3.7195
-4.0936
-4.4963
-4.8855
-5.2456
-5.5308
-5.7104
-5.8192
-5.8609
-5.853
-5.7521
-5.544
-5.2667
-4.9377
-4.6241
-4.2685
-3.8986
-3.4884
-3.0927
-2.758
-2.495
-2.3079
-2.1669
-2.0928
-2.1094
-2.2435
-2.4441
-2.6992
-2.9631
-3.2464
-3.5465
-3.8552
-4.1514
-4.4351
-4.7001
-4.9355
-5.1337
-5.3184
-5.4724
-5.5884
-5.6282
-5.601
-5.4927
-5.3579
-5.1824
-4.9757
-4.6922
-4.3995
-4.1098
-3.8627
-3.6493
-3.4557
-3.2763
-3.1186
-3.0219
-2.9941
-3.0062
-3.0438
-3.094
-3.1678
-3.2837
-3.3994
-3.5158
-3.6073
-3.6894
-3.7557
-3.8443
-3.9197
-4.0312
-4.1215
-4.2096
-4.3067
-4.4214
-4.5192
-4.6166
-4.7131
-4.7907
-4.8453
-4.8801
-4.9171
-4.9488
-4.9454
-4.8931
-4.7926
-4.6649
-4.5232
-4.3687
-4.182
-3.971
-3.7308
-3.4977
-3.2777
-3.0699
-2.9188
-2.7586
-2.6815
-2.5942
-2.5475
-2.493
-2.5025
-2.5084
-2.5517
-2.6491
-2.7994
-3.0126
-3.2987
-3.6204
-3.9764
-4.3514
-4.7367
-5.0842
-5.382
-5.6243
-5.7936
-5.8784
-5.8942
-5.8358
-5.6766
-5.4349
-5.1092
-4.7415
-4.3586
-3.9418
-3.5345
-3.0923
-2.6828
-2.2676
-1.933
-1.626
-1.4116
-1.278
-1.2373
-1.2748
-1.3855
-1.5648
-1.813
-2.1155
-2.4554
-2.8159
-3.1817
-3.5852
-3.9985
-4.3939
-4.7657
-5.126
-5.3972
-5.5958
-5.7318
-5.7807
-5.7589
-5.6279
-5.482
-5.2522
-4.9934
-4.6336
-4.2161
-3.7483
-3.2787
-2.8356
-2.4344
-2.0759
-1.7541
-1.5074
-1.3559
-1.3124
-1.3314
-1.4112
-1.5335
-1.6966
-1.8756
-2.1022
-2.3369
-2.5753
-2.7966
-3.003
-3.2203
-3.4139
-3.5817
-3.7783
-3.9705
-4.13
-4.267
-4.3901
-4.4659
-4.5024
-4.4657
-4.3748
-4.2592
-4.1575
-4.064
-3.9552
-3.8059
-3.618
-3.4186
-3.2251
-3.0361
-2.8344
-2.6246
-2.4311
-2.2652
-2.1511
-2.0697
-1.9982
-1.9238
-1.862
-1.8011
-1.7423
-1.7144
-1.6937
-1.7161
-1.7365
-1.798
-1.8645
-1.9441
-2.0614
-2.2069
-2.3458
-2.5361
-2.7601
-3.0048
-3.2795
-3.5587
-3.8445
-4.084
-4.2937
-4.4692
-4.5938
-4.6595
-4.6478
-4.5519
-4.3801
-4.153
-3.8774
-3.5444
-3.1515
-2.7172
-2.2661
-1.8697
-1.5233
-1.2203
-0.93031
-0.67741
-0.46793
-0.30044
-0.16272
-0.097652
-0.080657
-0.14073
-0.27624
-0.48458
-0.76864
-1.1149
-1.5235
-1.9683
-2.4229
-2.8708
-3.3284
-3.7694
-4.1875
-4.5619
-4.865
-5.0521
-5.1506
-5.1865
-5.1417
-4.9813
-4.6968
-4.3312
-3.8802
-3.4006
-2.8956
-2.3538
-1.7901
-1.2082
-0.64495
-0.11888
0.30831
0.64573
0.88572
1.0203
1.0472
0.9938
0.86812
0.67628
0.42666
0.118
-0.23371
-0.62909
-1.069
-1.534
-2.005
-2.4662
-2.9027
-3.2758
-3.581
-3.8324
-4.0167
-4.1608
-4.2564
-4.2786
-4.2169
-4.0712
-3.885
-3.6341
-3.3036
-2.8656
-2.3553
-1.8121
-1.2764
-0.77593
-0.30916
0.1119
0.48515
0.79163
1.0088
1.1285
1.1698
1.1542
1.0581
0.89968
0.72978
0.54711
0.35373
0.13889
-0.085593
-0.31161
-0.54291
-0.76029
-0.98278
-1.2458
-1.4922
-1.6981
-1.862
-2.0047
-2.1259
-2.2118
-2.2722
-2.3132
-2.3355
-2.2892
-2.2179
-2.1223
-2.0149
-1.9005
-1.7525
-1.5698
-1.3353
-1.0787
-0.82186
-0.5753
-0.33527
-0.090369
0.16116
0.40741
0.62356
0.78673
0.92032
1.0352
1.1402
1.2529
1.3498
1.432
1.4796
1.4893
1.4611
1.39
1.285
1.1376
0.97829
0.82393
0.66229
0.49624
0.31178
0.093616
-0.15048
-0.42749
-0.74404
-1.1091
-1.4604
-1.7392
-1.96
-2.1088
-2.2078
-2.2278
-2.1469
-1.9542
-1.6869
-1.3737
-1.0101
-0.59153
-0.1222
0.38984
0.90914
1.4007
1.8814
2.2968
2.6584
2.9676
3.223
3.484
3.7035
3.8968
4.0265
4.1003
4.0736
3.9253
3.6774
3.3552
2.9697
2.5099
2.0186
1.5209
1.0384
0.57651
0.12635
-0.32575
-0.77117
-1.1864
-1.5713
-1.8618
-2.0402
-2.1063
-2.0595
-1.8901
-1.5678
-1.1301
-0.62519
-0.082473
0.51426
1.1364
1.7778
2.4095
3.0363
3.635
4.2145
4.7582
5.203
5.5392
5.7621
5.8964
5.9607
5.9463
5.8321
5.6041
5.2633
4.8531
4.385
3.8587
3.2906
2.7029
2.1314
1.6257
1.1739
0.76515
0.39753
0.090092
-0.12604
-0.26658
-0.37531
-0.46802
-0.45923
-0.36328
-0.1873
0.094715
0.44266
0.89676
1.4344
2.0422
2.6992
3.3571
4.0209
4.6154
5.1321
5.5847
5.9557
6.2398
6.4427
6.5151
6.4791
6.3822
6.2619
6.1001
5.8785
5.6115
5.3247
5.0172
4.6742
4.2726
3.8397
3.4259
3.0763
2.7955
2.57
2.3805
2.2352
2.1313
2.0685
2.048
2.068
2.092
2.1063
2.1443
2.2921
2.5093
2.8048
3.123
3.4497
3.8307
4.2241
4.6235
4.9829
5.2821
5.537
5.7585
5.9617
6.1295
6.2327
6.2708
6.2839
6.2831
6.2709
6.2492
6.2211
6.1858
6.1648
6.1854
6.1929
6.153
6.0134
5.8252
5.6316
5.4649
5.311
5.1992
5.1222
5.072
5.0315
5.0426
5.0781
5.085
5.0777
5.0097
4.8755
4.7085
4.5792
4.4909
4.4049
4.344
4.3609
4.4873
4.6502
4.8148
4.9908
5.192
5.4336
5.7021
5.976
6.247
6.5141
6.7857
7.0809
7.3827
7.6615
7.8979
8.125
8.3275
8.5247
8.7014
8.8511
8.9288
8.916
8.8182
8.7025
8.5583
8.3892
8.2297
8.0305
7.8072
7.5551
7.2844
7.0013
6.6731
6.2921
5.8895
5.4734
5.0542
4.6653
4.3449
4.1146
3.9697
3.9516
4.1128
4.3844
4.7399
5.1667
5.6756
6.2265
6.7719
7.3007
7.8377
8.351
8.8433
9.316
9.779
10.246
10.682
11.07
11.415
11.702
11.943
12.102
12.153
12.057
11.812
11.438
11.009
10.526
10.027
9.5074
8.9718
8.4463
7.9345
7.4374
6.9579
6.4929
6.0519
5.6497
5.3073
5.0159
4.8141
4.7672
4.8422
5.0469
5.3536
5.8212
6.3534
6.9639
7.6287
8.3355
9.0435
9.753
10.442
11.082
11.667
12.228
12.722
13.178
13.615
13.939
14.148
14.255
14.266
14.184
13.999
13.694
13.214
12.599
11.919
11.229
10.551
9.8851
9.2514
8.6702
8.1762
7.8038
7.5171
7.2953
7.1257
7.0117
6.9109
6.8468
6.8007
6.7718
6.8719
7.0839
7.421
7.8855
8.4943
9.1934
9.9385
10.688
11.461
12.201
12.881
13.473
13.972
14.362
14.645
14.862
15.034
15.14
15.146
15.043
14.854
14.613
14.31
13.937
13.498
12.99
12.41
11.808
11.262
10.763
10.341
9.9997
9.7311
9.5283
9.3827
9.292
9.2962
9.3498
9.4207
9.5199
9.6349
9.7687
9.9114
10.044
10.281
10.627
11.018
11.499
12.086
12.684
13.243
13.783
14.296
14.729
15.058
15.257
15.319
15.297
15.226
15.118
15.002
14.868
14.724
14.55
14.394
14.255
14.098
13.932
13.739
13.516
13.233
12.917
12.63
12.393
12.236
12.157
12.13
12.161
12.257
12.404
12.586
12.765
12.922
13.065
13.187
13.285
13.343
13.349
13.369
13.443
13.579
13.802
14.089
14.317
14.498
14.673
14.811
14.903
14.925
14.897
14.828
14.726
14.629
14.586
14.608
14.687
14.846
15.031
15.193
15.327
15.431
15.522
15.608
15.614
15.544
15.436
15.359
15.338
15.353
15.409
15.481
15.574
15.675
15.776
15.863
15.936
15.949
15.885
15.763
15.589
15.368
15.053
14.674
14.327
14.017
13.788
13.703
13.712
13.751
13.821
13.905
13.999
14.138
14.311
14.499
14.714
14.948
15.169
15.434
15.742
16.106
16.527
16.927
17.311
17.673
18.023
18.368
18.642
18.78
18.798
18.735
18.655
18.595
18.553
18.524
18.496
18.419
18.295
18.121
17.907
17.63
17.262
16.803
16.275
15.713
15.128
14.52
13.957
13.486
13.116
12.903
12.86
13.013
13.263
13.61
13.998
14.387
14.772
15.162
15.565
15.996
16.461
16.955
17.469
18.035
18.64
19.253
19.808
20.277
20.665
20.992
21.242
21.384
21.439
21.417
21.263
21.021
20.754
20.44
20.093
19.684
19.214
18.68
18.116
17.542
16.962
16.381
15.799
15.219
14.642
14.083
13.536
13.076
12.779
12.606
12.601
12.738
13.033
13.463
13.968
14.539
15.151
15.79
16.459
17.139
17.802
18.458
19.085
19.673
20.216
20.736
21.237
21.717
22.13
22.469
22.736
22.877
22.875
22.743
22.475
22.077
21.527
20.875
20.198
19.515
18.836
18.168
17.504
16.863
16.254
15.694
15.172
14.678
14.266
13.92
13.612
13.326
13.055
12.845
12.732
12.769
12.984
13.368
13.9
14.572
15.33
16.108
16.868
17.592
18.27
18.901
19.497
20.057
20.587
21.097
21.604
22.1
22.527
22.847
23.049
23.131
23.081
22.849
22.447
21.946
21.363
20.706
19.969
19.217
18.478
17.785
17.143
16.563
16.025
15.554
15.159
14.826
14.534
14.268
14.025
13.812
13.638
13.509
13.476
13.55
13.71
13.974
14.329
14.742
15.204
15.726
16.294
16.889
17.51
18.112
18.686
19.251
19.816
20.37
20.82
21.188
21.471
21.674
21.795
21.795
21.712
21.53
21.257
20.9
20.463
19.974
19.449
18.907
18.38
17.847
17.31
16.812
16.372
15.981
15.627
15.305
15.034
14.799
14.61
14.489
14.464
14.502
14.578
14.668
14.766
14.86
14.961
15.071
15.215
15.391
15.609
15.875
16.169
16.518
16.934
17.395
17.808
18.155
18.465
18.725
18.878
18.928
18.934
18.918
18.854
18.749
18.615
18.446
18.265
18.081
17.88
17.663
17.433
17.163
16.887
16.606
16.331
16.08
15.829
15.596
15.412
15.277
15.217
15.257
15.321
15.386
15.46
15.508
15.544
15.544
15.527
15.525
15.516
15.51
15.52
15.54
15.575
15.647
15.747
15.818
15.85
15.858
15.828
15.711
15.583
15.451
15.313
15.163
15.027
14.93
14.862
14.831
14.83
14.835
14.861
14.873
14.875
14.881
14.878
14.869
14.861
14.836
14.803
14.79
14.831
14.961
15.133
15.303
15.472
15.595
15.685
15.728
15.738
15.717
15.687
15.628
15.585
15.527
15.476
15.421
15.395
15.35
15.221
15.022
14.735
14.382
13.933
13.5
13.073
12.655
12.259
11.909
11.646
11.459
11.334
11.278
11.273
11.305
11.36
11.42
11.535
11.669
11.825
12.007
12.213
12.433
12.668
12.977
13.332
13.699
14.049
14.352
14.603
14.798
14.965
15.085
15.168
15.2
15.214
15.193
15.162
15.14
15.119
15.104
15.106
15.01
14.822
14.57
14.204
13.683
13.113
12.512
11.893
11.241
10.647
10.132
9.7076
9.3556
9.0746
8.8765
8.75
8.6511
8.5766
8.548
8.5694
8.6456
8.7785
8.9829
9.2317
9.5318
9.9078
10.37
10.899
11.419
11.919
12.342
12.694
12.993
13.231
13.416
13.551
13.625
13.678
13.734
13.791
13.832
13.889
13.955
14.014
13.957
13.786
13.539
13.176
12.68
12.145
11.564
10.956
10.345
9.7764
9.2583
8.8043
8.4215
8.0844
7.7984
7.5656
7.3427
7.1324
6.9476
6.8277
6.7618
6.7665
6.8525
6.9815
7.1718
7.455
7.8334
8.2762
8.7431
9.1767
9.5502
9.8534
10.127
10.37
10.565
10.719
10.839
10.939
11.027
11.122
11.223
11.333
11.451
11.581
11.622
11.571
11.427
11.167
10.778
10.36
9.9149
9.4385
9.0018
8.6209
8.29
7.9971
7.7369
7.5247
7.3492
7.19
7.0197
6.825
6.605
6.4106
6.2658
6.1608
6.0981
6.0645
6.055
6.1414
6.3205
6.5564
6.7879
6.99
7.1644
7.2904
7.3821
7.447
7.5033
7.5447
7.5782
7.6125
7.6619
7.7369
7.8438
7.9926
8.1685
8.3815
8.601
8.7366
8.8078
8.7884
8.6325
8.4004
8.154
7.8834
7.6267
7.4109
7.2259
7.0573
6.9064
6.7792
6.6698
6.5683
6.4332
6.2695
6.0641
5.8162
5.5933
5.391
5.2071
5.046
4.8929
4.8173
4.8525
4.9459
5.0992
5.2477
5.3511
5.417
5.4511
5.4429
5.412
5.3636
5.3134
5.2624
5.2253
5.2205
5.2537
5.3257
5.451
5.6259
5.8498
6.0609
6.2216
6.3179
6.309
6.218
6.0378
5.8408
5.6262
5.4445
5.3013
5.1771
5.0665
4.9695
4.8861
4.8143
4.7295
4.6332
4.5033
4.3269
4.1024
3.8876
3.7045
3.5424
3.4043
3.3115
3.2796
3.3223
3.4202
3.5864
3.7498
3.8792
3.975
4.0398
4.0959
4.1169
4.1248
4.1144
4.0926
4.068
4.0455
4.0525
4.096
4.1834
4.3144
4.4875
4.6836
4.826
4.9283
4.94
4.8399
4.6424
4.3728
4.0972
3.8241
3.5954
3.3965
3.2114
3.0389
2.8999
2.7742
2.6461
2.5061
2.3642
2.1982
2.0128
1.8136
1.6622
1.5502
1.4754
1.4301
1.4348
1.4911
1.6088
1.7888
2.0133
2.2398
2.4334
2.6023
2.7561
2.8944
3.0153
3.1322
3.2493
3.3652
3.494
3.6363
3.7944
3.9684
4.1609
4.389
4.6404
4.8609
5.0178
5.0864
5.05
4.9153
4.7
4.3859
3.9949
3.5838
3.1824
2.7888
2.4117
2.0452
1.69
1.3432
0.99597
0.65538
0.31791
-0.01584
-0.35375
-0.6645
-0.91259
-1.1063
-1.2259
-1.26
-1.2101
-1.1022
-0.9222
-0.68042
-0.35845
-0.0060229
0.35831
0.7106
1.057
1.3951
1.7274
2.0548
2.3794
2.7059
3.0213
3.338
3.6496
3.95
4.2525
4.5595
4.8311
5.0665
5.2477
5.3247
5.2979
5.1789
4.9667
4.6614
4.2757
3.8209
3.3078
2.7983
2.2784
1.7551
1.2252
0.70531
0.19636
-0.29893
-0.78067
-1.2315
-1.6793
-2.0932
-2.4614
-2.7469
-2.9539
-3.0693
-3.0903
-3.0137
-2.8464
-2.6061
-2.3142
-1.9613
-1.5673
-1.1458
-0.70906
-0.26439
0.17211
0.60656
1.0235
1.4385
1.8538
2.2662
2.6603
3.0465
3.4166
3.7565
4.0677
4.3348
4.549
4.713
4.8106
4.8295
4.7621
4.6266
4.4287
4.1564
3.8146
3.4235
2.9879
2.5173
2.012
1.4866
0.97574
0.46004
-0.049667
-0.55602
-1.0339
-1.4894
-1.9027
-2.2432
-2.5248
-2.7535
-2.9193
-3.015
-3.0357
-2.9879
-2.8743
-2.695
-2.4758
-2.2305
-1.9378
-1.6197
-1.2939
-0.94025
-0.5792
-0.21402
0.15938
0.54318
0.90892
1.2572
1.5917
1.933
2.2593
2.543
2.8029
3.0433
3.2663
3.4613
3.6328
3.7676
3.8362
3.8483
3.7992
3.702
3.5599
3.3668
3.1185
2.8263
2.5109
2.1675
1.7907
1.3978
0.99764
0.59436
0.19504
-0.18302
-0.536
-0.86038
-1.1614
-1.4142
-1.6196
-1.7879
-1.9067
-1.9683
-1.9836
-1.9546
-1.8811
-1.8043
-1.6945
-1.5608
-1.4046
-1.2255
-1.0306
-0.80901
-0.58312
-0.34596
-0.098933
0.16392
0.40807
0.67091
0.94135
1.2249
1.5096
1.7908
2.0634
2.3255
2.5795
2.8109
3.0196
3.1748
3.2737
3.3271
3.3295
3.2842
3.1749
3.0183
2.8217
2.5833
2.3149
2.0317
1.7294
1.4018
1.0629
0.72647
0.40132
0.096969
-0.18381
-0.42923
-0.64584
-0.83294
-0.97226
-1.0689
-1.1297
-1.1543
-1.1477
-1.1252
-1.0942
-1.0399
-0.97607
-0.88453
-0.77849
-0.64704
-0.51134
-0.36348
-0.19408
-0.021736
0.15429
0.33025
0.51757
0.69901
0.89672
1.1084
1.3243
1.529
1.7219
1.9169
2.066
2.1749
2.2456
2.279
2.274
2.232
2.1532
2.0465
1.9089
1.736
1.5523
1.3648
1.1739
0.97456
0.78239
0.59284
0.40791
0.23621
0.090092
-0.0393
-0.13895
-0.1978
-0.22317
-0.22913
-0.2086
-0.15801
-0.081801
-0.0047851
0.065306
0.14074
0.21095
0.29769
0.38767
0.46805
0.5436
0.62373
0.68317
0.73519
0.78388
0.82529
0.85013
0.87543
0.89898
0.9212
0.9355
0.93678
0.91635
0.88282
0.84531
0.79831
0.729
0.65293
0.55939
0.46603
0.38198
0.3045
0.23094
0.1612
0.10551
0.080151
0.067187
0.07162
0.098581
0.13184
0.18297
0.25987
0.3629
0.4753
0.59727
0.73465
0.87936
1.0161
1.1547
1.3013
1.4339
1.547
1.6363
1.7145
1.7796
1.8139
1.8209
1.8095
1.7728
1.7115
1.625
1.5145
1.3813
1.2158
1.0273
0.82935
0.62018
0.41942
0.21781
0.019838
-0.1713
-0.35213
-0.51017
-0.64493
-0.75514
-0.83578
-0.88427
-0.90151
-0.88312
-0.83118
-0.74751
-0.62705
-0.46664
-0.27876
-0.072302
0.14815
0.39086
0.63787
0.87044
1.0922
1.3074
1.5098
1.6985
1.8729
2.0274
2.1439
2.2183
2.2575
2.2589
2.2203
2.146
2.0415
1.9188
1.7754
1.5989
1.3955
1.1799
0.95083
0.71044
0.46435
0.23726
0.026535
-0.17411
-0.35778
-0.51462
-0.64118
-0.74914
-0.82421
-0.86087
-0.85625
-0.80733
-0.71669
-0.60142
-0.46025
-0.31588
-0.1652
0.015054
0.18835
0.36293
0.5488
0.74417
0.9409
1.1366
1.3173
1.4958
1.6581
1.8041
1.923
2.0041
2.0605
2.0825
2.0614
2.0063
1.9296
1.83
1.7028
1.5523
1.3846
1.1909
0.97986
0.76741
0.55719
0.34402
0.12417
-0.079014
-0.25522
-0.4037
-0.53051
-0.6344
-0.70685
-0.7474
-0.75855
-0.73849
-0.68127
-0.58458
-0.46252
-0.32418
-0.1723
-0.011361
0.17507
0.34644
0.51698
0.69282
0.86791
1.0257
1.1738
1.3213
1.4374
1.5502
1.6451
1.7333
1.819
1.8936
1.9614
1.9988
2.0014
1.9693
1.9112
1.837
1.7479
1.6258
1.4765
1.3177
1.1648
1.0047
0.83422
0.65288
0.47734
0.29352
0.11791
-0.034523
-0.16802
-0.2895
-0.40077
-0.48899
-0.54946
-0.58733
-0.59705
-0.57843
-0.54153
-0.48732
-0.41567
-0.31933
-0.20308
-0.075839
0.055475
0.18741
0.32279
0.47451
0.61632
0.74652
0.86871
0.97785
1.0799
1.17
1.2483
1.3122
1.3612
1.3937
1.4094
1.4148
1.4136
1.4002
1.373
1.3322
1.2869
1.2362
1.1726
1.1021
1.0244
0.94885
0.88299
0.83051
0.78726
0.74177
0.69192
0.65463
0.6281
0.60125
0.57026
0.54423
0.52391
0.50856
0.49696
0.49383
0.49094
0.48356
0.47539
0.46583
0.4623
0.45949
0.45496
0.44115
0.41954
0.39113
0.35812
0.32138
0.29237
0.26482
0.23324
0.19294
0.15778
0.13245
0.10918
0.095114
0.084075
0.080579
0.10123
0.12655
0.15834
0.20451
0.26276
0.332
0.40503
0.4907
0.58768
0.6891
0.79192
0.89269
0.99652
1.0977
1.1949
1.3085
1.4188
1.5229
1.6152
1.6933
1.7572
1.8008
1.8193
1.8267
1.8147
1.7889
1.7505
1.7013
1.6293
1.5421
1.4374
1.315
1.1781
1.0277
0.86347
0.69182
0.51778
0.3432
0.17477
0.015926
-0.13577
-0.27357
-0.39712
-0.50831
-0.59864
-0.67205
-0.72568
-0.75945
-0.77376
-0.76171
-0.72607
-0.66919
-0.59901
-0.51492
-0.41582
-0.29845
-0.17322
-0.044524
0.097765
0.25133
0.40214
0.56125
0.7177
0.86875
1.023
1.1678
1.3068
1.4372
1.5651
1.6807
1.7754
1.8494
1.8949
1.9239
1.9437
1.9479
1.9468
1.9211
1.8803
1.8346
1.7711
1.6926
1.5938
1.4756
1.3591
1.2308
1.0997
0.96473
0.82658
0.68805
0.54472
0.409
0.28545
0.16497
0.048224
-0.065529
-0.16697
-0.2595
-0.34268
-0.41893
-0.4887
-0.5432
-0.58178
-0.60329
-0.61192
-0.60916
-0.59782
-0.57605
-0.54263
-0.4865
-0.41071
-0.32742
-0.2377
-0.13392
-0.01966
0.10402
0.23663
0.37368
0.51552
0.66578
0.80879
0.94749
1.0827
1.2178
1.3507
1.4674
1.5776
1.685
1.7858
1.88
1.9588
2.0098
2.0444
2.0572
2.0541
2.0318
1.9989
1.9506
1.889
1.8093
1.7179
1.6172
1.5026
1.3719
1.2324
1.0739
0.90358
0.73253
0.5637
0.40049
0.23452
0.061953
-0.094906
-0.23722
-0.36478
-0.48137
-0.58977
-0.67379
-0.73931
-0.78509
-0.8108
-0.81127
-0.79377
-0.76483
-0.71747
-0.65195
-0.56688
-0.47424
-0.37534
-0.26093
-0.14406
-0.014506
0.12358
0.26689
0.41023
0.54755
0.68491
0.82566
0.96459
1.11
1.2516
1.3737
1.4835
1.5781
1.664
1.7333
1.7886
1.8305
1.866
1.89
1.9009
1.9028
1.8892
1.8563
1.8084
1.7427
1.6707
1.5905
1.5038
1.4164
1.324
1.2253
1.1226
1.0191
0.91741
0.81112
0.70422
0.59485
0.49552
0.39856
0.29951
0.19162
0.083451
-0.010284
-0.09196
-0.17377
-0.24699
-0.31455
-0.3708
-0.42093
-0.4671
-0.49668
-0.51223
-0.51331
-0.50138
-0.47873
-0.43782
-0.38633
-0.32031
-0.23657
-0.15138
-0.0577
0.042792
0.15624
0.27904
0.41274
0.5593
0.70665
0.86344
1.0244
1.1887
1.3471
1.4915
1.6334
1.7662
1.8867
1.992
2.0804
2.1587
2.229
2.2794
2.3147
2.3217
2.3088
2.2776
2.2227
2.1435
2.0435
1.9144
1.7675
1.6094
1.44
1.2626
1.0777
0.88438
0.69411
0.50176
0.30643
0.10991
-0.074655
-0.2375
-0.38831
-0.5284
-0.64525
-0.74217
-0.81303
-0.8725
-0.91782
-0.93703
-0.93071
-0.90201
-0.85655
-0.78948
-0.70158
-0.6
-0.48254
-0.35213
-0.20997
-0.057491
0.10929
0.28059
0.45333
0.6331
0.80622
0.97585
1.1297
1.2696
1.3959
1.5108
1.6223
1.7252
1.8127
1.8878
1.9421
1.9793
2.0002
1.996
1.9648
1.9195
1.8616
1.7946
1.727
1.6528
1.5707
1.4839
1.3883
1.2911
1.1854
1.0802
0.97779
0.87717
0.78375
0.68951
0.60082
0.51314
0.42284
0.33366
0.25153
0.17535
0.098899
0.030354
-0.024639
-0.072297
-0.11981
-0.16504
-0.20348
-0.22535
-0.24478
-0.26181
-0.27042
-0.26389
-0.25035
-0.23736
-0.22089
-0.2044
-0.1745
-0.1375
-0.090893
-0.032421
0.036847
0.12436
0.22221
0.32364
0.42554
0.52338
0.6281
0.73896
0.85351
0.96925
1.0836
1.2038
1.3328
1.455
1.5703
1.6717
1.76
1.8388
1.9048
1.9486
1.9781
1.9886
1.9835
1.9672
1.9294
1.8724
1.7967
1.7109
1.6183
1.5072
1.386
1.2548
1.1133
0.96852
0.81479
0.66192
0.51262
0.36816
0.22565
0.081389
-0.047225
-0.16548
-0.27714
-0.37757
-0.46031
-0.53439
-0.59734
-0.6401
-0.66127
-0.66148
-0.64736
-0.61332
-0.55776
-0.48686
-0.39646
-0.30292
-0.20183
-0.091068
0.018147
0.13823
0.26794
0.40604
0.54723
0.68335
0.82234
0.95778
1.092
1.2098
1.3108
1.3995
1.4797
1.5422
1.5926
1.6393
1.675
1.7012
1.7125
1.7103
1.6975
1.6784
1.6579
1.6248
1.5755
1.5214
1.4537
1.3839
1.3091
1.2297
1.1469
1.0589
0.9778
0.89338
0.79963
0.70703
0.62035
0.54356
0.46281
0.38251
0.31175
0.24881
0.19411
0.1402
0.084152
0.031226
-0.014945
-0.056236
-0.089931
-0.12376
-0.15738
-0.18119
-0.18984
-0.18372
-0.17002
-0.15263
-0.12296
-0.087962
-0.047702
-0.0027071
0.052026
0.12143
0.18746
0.25942
0.33667
0.43055
0.54075
0.65272
0.75891
0.86162
0.96039
1.0545
1.1415
1.2259
1.3072
1.38
1.4388
1.4946
1.5408
1.5766
1.5977
1.6088
1.6085
1.5948
1.5775
1.5426
1.4993
1.451
1.3906
1.3212
1.2377
1.1513
1.0616
0.962
0.86385
0.76938
0.67118
0.56607
0.46122
0.36781
0.2737
0.18387
0.10007
0.027191
-0.02732
-0.069819
-0.099626
-0.12685
-0.14754
-0.15413
-0.15168
-0.15009
-0.14377
-0.12212
-0.08786
-0.039116
0.007079
0.059597
0.12019
0.18611
0.26028
0.3319
0.39358
0.45325
0.51674
0.58723
0.65108
0.71132
0.776
0.84412
0.91645
0.98368
1.0443
1.0999
1.1491
1.1949
1.2348
1.2651
1.2925
1.3192
1.3373
1.3529
1.357
1.3508
1.3374
1.3242
1.3137
1.2909
1.2618
1.2291
1.1954
1.1577
1.1077
1.0567
1.0017
0.94937
0.89529
0.83099
0.7599
0.68666
0.61606
0.53748
0.45814
0.3852
0.31515
0.26017
0.21478
0.17282
0.13672
0.093079
0.054073
0.026597
0.0043999
-0.0090074
-0.017023
-0.0093328
0.016307
0.050746
0.095517
0.14055
0.18955
0.25102
0.31415
0.38296
0.45333
0.52028
0.59071
0.66349
0.74331
0.82132
0.88906
0.95291
1.0106
1.073
1.1292
1.1756
1.2112
1.2397
1.2639
1.2798
1.2878
1.2874
1.275
1.2566
1.2335
1.2041
1.1676
1.1232
1.0768
1.0271
0.96823
0.90837
0.83987
0.77276
0.7138
0.66095
0.60825
0.55446
0.51629
0.48761
0.45548
0.42597
0.39389
0.35995
0.33098
0.3035
0.28756
0.2724
0.26848
0.27121
0.28155
0.29868
0.30404
0.30488
0.30028
0.29927
0.3012
0.29839
0.30145
0.31851
0.34109
0.36491
0.38256
0.40395
0.43605
0.46896
0.498
0.52003
0.54568
0.5829
0.62003
0.65484
0.68392
0.71388
0.74377
0.77092
0.80111
0.82744
0.85391
0.88115
0.90981
0.94105
0.96275
0.97931
0.98992
0.99907
1.0107
1.0198
1.0209
1.0116
0.9927
0.9733
0.94279
0.90829
0.87082
0.83193
0.79522
0.75755
0.71672
0.67461
0.62903
0.57841
0.52767
0.47588
0.42584
0.38102
0.34056
0.3075
0.28416
0.26517
0.24794
0.23454
0.22913
0.23394
0.2344
0.23549
0.23955
0.24574
0.26095
0.28085
0.30641
0.33169
0.36044
0.39759
0.43441
0.46898
0.49773
0.52784
0.5684
0.60868
0.64653
0.67651
0.70313
0.72956
0.75279
0.76677
0.77282
0.7768
0.77936
0.78129
0.78218
0.77416
0.7546
0.73733
0.7122
0.6896
0.66673
0.64857
0.63556
0.62271
0.61916
0.60667
0.58489
0.56526
0.54747
0.53521
0.51671
0.50014
0.48864
0.48766
0.49574
0.49615
0.49772
0.49613
0.49679
0.49639
0.49478
0.48928
0.47845
0.46987
0.4677
0.46874
0.47319
0.47475
0.47103
0.47301
0.47912
0.48666
0.48835
0.48687
0.48728
0.48785
0.48954
0.48603
0.48159
0.48105
0.48526
0.4888
0.48044
0.47611
0.48067
0.49266
0.50515
0.51308
0.52113
0.52646
0.53628
0.55087
0.56367
0.5761
0.58397
0.59066
0.59642
0.59806
0.5994
0.59067
0.58566
0.58503
0.592
0.59367
0.59574
0.59577
0.58696
0.57377
0.55842
0.53838
0.51749
0.49703
0.48265
0.48149
0.47813
0.47474
0.47279
0.4671
0.46022
0.45008
0.44078
0.42948
0.42074
0.41531
0.41003
0.40806
0.40721
0.40935
0.41142
0.41627
0.42179
0.42685
0.43327
0.44391
0.46121
0.47739
0.48994
0.49833
0.50747
0.52392
0.54174
0.55259
0.55276
0.5476
0.55081
0.5531
0.55105
0.53604
0.51824
0.50601
0.49207
0.4745
0.45116
0.43247
0.41522
0.40161
0.38927
0.37248
0.35677
0.33901
0.3171
0.29786
0.2774
0.25982
0.24792
0.24195
0.24442
0.2421
0.24023
0.23834
0.23637
0.23751
0.23716
0.23276
0.22348
0.22614
0.23972
0.25997
0.27882
0.29298
0.31127
0.33569
0.36404
0.38929
0.40736
0.42838
0.44671
0.46676
0.48535
0.50414
0.51885
0.52947
0.54054
0.54955
0.55235
0.55638
0.5586
0.56674
0.5764
0.57851
0.57276
0.57014
0.57625
0.57983
0.57605
0.56396
0.54097
0.52327
0.50543
0.48478
0.45375
0.4194
0.38765
0.36155
0.34725
0.3302
0.31121
0.28534
0.25816
0.23035
0.19809
0.16725
0.1362
0.11168
0.095771
0.089722
0.085291
0.08223
0.086668
0.085667
0.083346
0.074663
0.065814
0.062801
0.067375
0.075603
0.081455
0.088798
0.097018
0.1087
0.12921
0.15252
0.17362
0.19516
0.21909
0.24803
0.27787
0.30628
0.33393
0.36108
0.39215
0.42172
0.45289
0.4802
0.50524
0.52401
0.53595
0.5512
0.56303
0.57212
0.57379
0.57055
0.56815
0.5667
0.56814
0.56026
0.54772
0.53751
0.53089
0.52287
0.50178
0.47418
0.43923
0.40568
0.36473
0.32217
0.28566
0.25392
0.22962
0.20662
0.17196
0.13261
0.08869
0.047262
0.0056673
-0.031955
-0.067798
-0.099528
-0.12386
-0.13782
-0.14578
-0.15466
-0.16198
-0.15904
-0.14928
-0.13848
-0.12513
-0.10955
-0.093304
-0.066807
-0.034545
-0.0072066
0.015729
0.045052
0.085313
0.13381
0.17404
0.21193
0.24726
0.28489
0.32827
0.37236
0.41363
0.451
0.4957
0.53877
0.58129
0.61232
0.62938
0.64415
0.65129
0.66469
0.67205
0.66912
0.66347
0.66834
0.68123
0.68129
0.67021
0.64081
0.61506
0.59081
0.56446
0.53283
0.49174
0.45195
0.42091
0.39581
0.36309
0.32021
0.27489
0.23264
0.19316
0.1489
0.097247
0.039507
-0.011823
-0.054777
-0.093567
-0.1345
-0.17957
-0.21347
-0.24106
-0.26602
-0.28224
-0.30193
-0.31614
-0.31483
-0.30655
-0.29418
-0.28756
-0.27245
-0.2545
-0.22662
-0.18844
-0.15092
-0.11189
-0.073482
-0.025066
0.02773
0.080874
0.12873
0.17358
0.22179
0.27241
0.32959
0.38432
0.44267
0.49479
0.54763
0.60043
0.64382
0.67894
0.70696
0.72558
0.73763
0.74775
0.75823
0.7619
0.76322
0.7623
0.75388
0.74452
0.7297
0.699
0.65701
0.60368
0.55572
0.50645
0.44961
0.38893
0.33042
0.27522
0.21667
0.15775
0.098133
0.046153
-0.0051499
-0.054681
-0.10583
-0.1581
-0.20272
-0.24191
-0.27532
-0.30872
-0.3365
-0.36018
-0.3783
-0.38832
-0.38828
-0.38668
-0.38141
-0.37179
-0.3568
-0.32901
-0.29869
-0.26428
-0.22277
-0.18045
-0.13303
-0.089775
-0.048278
-0.0072688
0.034537
0.09031
0.14723
0.19959
0.25669
0.3183
0.38777
0.45182
0.50634
0.54977
0.58701
0.62057
0.65444
0.69183
0.72798
0.76612
0.79623
0.82286
0.85173
0.86775
0.86608
0.84998
0.83134
0.81451
0.79319
0.76049
0.71073
0.66159
0.61188
0.56155
0.49808
0.42263
0.34763
0.2802
0.21785
0.14482
0.065385
-0.015395
-0.08506
-0.1465
-0.20829
-0.27203
-0.33619
-0.38898
-0.43417
-0.46422
-0.50019
-0.5392
-0.56984
-0.58647
-0.5919
-0.59127
-0.59052
-0.58657
-0.57001
-0.53231
-0.48551
-0.43882
-0.38974
-0.32908
-0.26046
-0.18708
-0.1243
-0.069074
-0.0081383
0.058663
0.13475
0.21493
0.29034
0.36226
0.43934
0.52114
0.5931
0.63901
0.67437
0.70523
0.74376
0.78037
0.81251
0.83658
0.85442
0.87146
0.8873
0.89689
0.88957
0.87807
0.86356
0.84753
0.82502
0.79285
0.75374
0.70441
0.65436
0.60344
0.5491
0.48326
0.4167
0.34724
0.27984
0.2141
0.14009
0.058717
-0.020728
-0.085516
-0.14252
-0.19781
-0.25644
-0.31727
-0.37896
-0.43804
-0.48986
-0.53811
-0.5812
-0.60595
-0.61914
-0.62118
-0.61721
-0.60418
-0.58777
-0.56382
-0.53366
-0.49858
-0.45538
-0.41066
-0.35279
-0.28413
-0.20007
-0.11401
-0.029704
0.056878
0.14764
0.24027
0.33379
0.41723
0.49525
0.57352
0.6482
0.71704
0.77574
0.82712
0.87611
0.92169
0.95802
0.98673
1.0082
1.0215
1.0264
1.0155
1.002
0.98919
0.96996
0.93633
0.89245
0.84403
0.79228
0.73734
0.67422
0.60228
0.52958
0.46078
0.38909
0.30911
0.21991
0.13431
0.049766
-0.028492
-0.10302
-0.17331
-0.23646
-0.29096
-0.33176
-0.37117
-0.41477
-0.45859
-0.49923
-0.53064
-0.55247
-0.56322
-0.57074
-0.57022
-0.56036
-0.53008
-0.49902
-0.46989
-0.44167
-0.41162
-0.37121
-0.32413
-0.27346
-0.22351
-0.17046
-0.10281
-0.0201
0.060458
0.13843
0.21817
0.30356
0.39322
0.48168
0.56466
0.64151
0.71511
0.7935
0.87436
0.9456
1.0027
1.0497
1.0932
1.1354
1.1757
1.2024
1.2187
1.2285
1.2339
1.2373
1.2261
1.199
1.161
1.1222
1.0806
1.0215
0.94978
0.86242
0.77334
0.68693
0.60034
0.51054
0.41568
0.31812
0.23073
0.14506
0.049222
-0.050399
-0.15289
-0.23862
-0.30693
-0.36644
-0.4237
-0.47495
-0.50909
-0.52686
-0.5322
-0.5364
-0.54213
-0.54084
-0.52621
-0.49406
-0.45447
-0.41696
-0.38025
-0.32873
-0.26683
-0.19789
-0.12761
-0.060237
0.011319
0.092094
0.18584
0.27949
0.36336
0.44137
0.52282
0.60956
0.70067
0.77536
0.83821
0.90123
0.97017
1.041
1.0991
1.1391
1.1699
1.1989
1.2298
1.2484
1.2484
1.2404
1.2305
1.2262
1.2255
1.2147
1.1878
1.1517
1.1111
1.0679
1.0166
0.95253
0.88047
0.8055
0.73428
0.6695
0.60015
0.52024
0.43656
0.35399
0.27062
0.18476
0.088828
-0.0054127
-0.094269
-0.16911
-0.2367
-0.30288
-0.36676
-0.41899
-0.45218
-0.47801
-0.49787
