-0.035276
-0.071609
-0.10364
-0.13437
-0.15474
-0.17419
-0.18615
-0.19372
-0.19404
-0.19327
-0.18569
-0.16908
-0.1583
-0.15029
-0.14195
-0.12885
-0.11277
-0.087594
-0.055012
-0.025775
0.0089881
0.039079
0.071039
0.099944
0.12361
0.15171
0.18351
0.21841
0.25039
0.2755
0.29903
0.33219
0.36355
0.39311
0.41882
0.43805
0.46249
0.48404
0.50349
0.51748
0.52876
0.54325
0.55877
0.56037
0.55318
0.54202
0.52969
0.51944
0.50311
0.47904
0.45157
0.42332
0.39518
0.36177
0.32377
0.28706
0.24846
0.20311
0.1546
0.099559
0.045179
-0.004046
-0.048449
-0.090556
-0.13474
-0.17796
-0.22326
-0.26893
-0.30799
-0.34295
-0.37358
-0.39524
-0.41442
-0.43289
-0.44341
-0.44982
-0.44537
-0.44405
-0.44314
-0.439
-0.42913
-0.41302
-0.38765
-0.35792
-0.32909
-0.29832
-0.26727
-0.23203
-0.19968
-0.16654
-0.12787
-0.086872
-0.045088
-0.0061243
0.026625
0.059137
0.098097
0.13711
0.17315
0.20098
0.22314
0.24339
0.25935
0.27311
0.2845
0.29582
0.31122
0.3185
0.31131
0.29717
0.28332
0.27078
0.26067
0.24116
0.21409
0.18293
0.15174
0.12069
0.082278
0.045745
0.0096932
-0.02807
-0.069001
-0.11429
-0.16215
-0.20669
-0.24475
-0.27964
-0.31297
-0.35266
-0.38863
-0.42769
-0.46686
-0.49984
-0.52978
-0.55972
-0.58078
-0.5974
-0.61557
-0.62706
-0.62918
-0.62825
-0.62869
-0.63126
-0.62543
-0.61948
-0.60337
-0.57977
-0.55015
-0.52293
-0.4936
-0.46317
-0.42988
-0.39771
-0.36533
-0.32797
-0.2862
-0.24398
-0.20679
-0.17484
-0.13704
-0.096889
-0.054997
-0.01621
0.015456
0.042291
0.068255
0.089444
0.10738
0.11543
0.12755
0.14246
0.14782
0.14252
0.13234
0.12295
0.11187
0.098218
0.07517
0.04464
0.011322
-0.020373
-0.051045
-0.091955
-0.12922
-0.16872
-0.20911
-0.25018
-0.29628
-0.34728
-0.39591
-0.43663
-0.47309
-0.5105
-0.55151
-0.58577
-0.6201
-0.65854
-0.68702
-0.71644
-0.74303
-0.76313
-0.77668
-0.792
-0.80144
-0.80251
-0.80006
-0.79747
-0.79423
-0.78209
-0.77116
-0.75102
-0.72491
-0.69886
-0.67204
-0.64322
-0.60746
-0.57088
-0.53797
-0.50391
-0.46797
-0.43217
-0.39291
-0.35877
-0.32891
-0.29265
-0.25433
-0.21824
-0.18448
-0.15527
-0.13031
-0.10662
-0.087198
-0.072056
-0.069831
-0.059775
-0.045355
-0.041524
-0.045729
-0.056041
-0.067897
-0.078746
-0.093654
-0.11547
-0.14332
-0.17368
-0.20404
-0.23699
-0.27747
-0.31189
-0.34861
-0.38574
-0.42424
-0.46978
-0.5205
-0.57081
-0.61517
-0.65402
-0.69239
-0.73179
-0.76663
-0.80015
-0.8402
-0.87159
-0.90368
-0.93003
-0.95183
-0.96767
-0.98468
-0.99438
-0.99657
-0.99453
-0.99219
-0.98913
-0.9785
-0.96722
-0.94739
-0.92031
-0.89431
-0.86536
-0.83676
-0.80123
-0.76635
-0.73405
-0.69969
-0.66044
-0.62021
-0.57722
-0.53996
-0.50782
-0.47187
-0.43465
-0.39902
-0.36604
-0.33646
-0.31144
-0.28766
-0.26755
-0.25048
-0.24501
-0.23379
-0.22046
-0.22256
-0.2332
-0.24786
-0.26156
-0.27063
-0.28493
-0.30793
-0.33806
-0.37344
-0.40925
-0.44551
-0.48884
-0.52675
-0.5656
-0.60627
-0.64845
-0.69587
-0.74775
-0.7966
-0.83817
-0.87754
-0.91764
-0.96078
-1.0023
-1.0389
-1.076
-1.101
-1.1277
-1.1474
-1.1647
-1.1745
-1.1846
-1.186
-1.1754
-1.1613
-1.1491
-1.1354
-1.1131
-1.0908
-1.0585
-1.0193
-0.98372
-0.94579
-0.91394
-0.87928
-0.8427
-0.80561
-0.7663
-0.72306
-0.68184
-0.64031
-0.60737
-0.57993
-0.54513
-0.50886
-0.47551
-0.44454
-0.41955
-0.39941
-0.3803
-0.36327
-0.34979
-0.34624
-0.33668
-0.32421
-0.32475
-0.33149
-0.34026
-0.34748
-0.35126
-0.36072
-0.38124
-0.41129
-0.44393
-0.47522
-0.50536
-0.54178
-0.57218
-0.60578
-0.64223
-0.67913
-0.72351
-0.77354
-0.82202
-0.86482
-0.90539
-0.94662
-0.9913
-1.0333
-1.071
-1.1079
-1.1347
-1.1648
-1.1913
-1.2176
-1.2381
-1.257
-1.2666
-1.2657
-1.2603
-1.2561
-1.2501
-1.2354
-1.2197
-1.1974
-1.1699
-1.1433
-1.1164
-1.0901
-1.0561
-1.0196
-0.98472
-0.94754
-0.90734
-0.86885
-0.83124
-0.80223
-0.7773
-0.74271
-0.70451
-0.6675
-0.63266
-0.60383
-0.57952
-0.55499
-0.53421
-0.51877
-0.51726
-0.51032
-0.49738
-0.49322
-0.49459
-0.49965
-0.50531
-0.51124
-0.52278
-0.54411
-0.57451
-0.60806
-0.63905
-0.66749
-0.70375
-0.73525
-0.76957
-0.80533
-0.84203
-0.88585
-0.93601
-0.98739
-1.033
-1.074
-1.1133
-1.153
-1.1862
-1.2166
-1.2531
-1.2831
-1.3156
-1.3456
-1.3709
-1.3892
-1.4063
-1.4152
-1.4142
-1.4113
-1.4086
-1.4039
-1.3891
-1.3754
-1.3525
-1.3266
-1.2998
-1.2739
-1.243
-1.2055
-1.1654
-1.1279
-1.0914
-1.0537
-1.0145
-0.97304
-0.9373
-0.90504
-0.86673
-0.82933
-0.79346
-0.76145
-0.73528
-0.71017
-0.68284
-0.65978
-0.64286
-0.64043
-0.63546
-0.62559
-0.62368
-0.63039
-0.63996
-0.61139
-0.58343
-0.56334
-0.55491
-0.56502
-0.57972
-0.59861
-0.61853
-0.65648
-0.69437
-0.73914
-0.7918
-0.83711
-0.88465
-0.93757
-0.99489
-1.0507
-1.1123
-1.1796
-1.2486
-1.3144
-1.3778
-1.4448
-1.5024
-1.5532
-1.6082
-1.6592
-1.7089
-1.7559
-1.7908
-1.8187
-1.8525
-1.8827
-1.9104
-1.9238
-1.9288
-1.9329
-1.9311
-1.9249
-1.9149
-1.8979
-1.8813
-1.8606
-1.8279
-1.7875
-1.7373
-1.6834
-1.631
-1.5777
-1.52
-1.4553
-1.3878
-1.3221
-1.2545
-1.1889
-1.1269
-1.0618
-0.99353
-0.92541
-0.85774
-0.79197
-0.72693
-0.67376
-0.63641
-0.60323
-0.57117
-0.53627
-0.49972
-0.47908
-0.46972
-0.47046
-0.48048
-0.49405
-0.51611
-0.54596
-0.57827
-0.62119
-0.66115
-0.70293
-0.75397
-0.80992
-0.86822
-0.9324
-0.99749
-1.0662
-1.1341
-1.2032
-1.2755
-1.3395
-1.4011
-1.4648
-1.5217
-1.5771
-1.6309
-1.6717
-1.711
-1.7471
-1.7836
-1.8151
-1.8337
-1.8416
-1.8427
-1.8316
-1.8174
-1.8021
-1.785
-1.7714
-1.7441
-1.7048
-1.6595
-1.6101
-1.5593
-1.5065
-1.4483
-1.3901
-1.3288
-1.2616
-1.1985
-1.129
-1.0663
-1.0114
-0.94898
-0.88529
-0.81939
-0.75748
-0.70371
-0.653
-0.60724
-0.57581
-0.54486
-0.52012
-0.49247
-0.46355
-0.44825
-0.44321
-0.43966
-0.44647
-0.45682
-0.47207
-0.50106
-0.53802
-0.57803
-0.61892
-0.6577
-0.71173
-0.76482
-0.82361
-0.88482
-0.9551
-1.0238
-1.094
-1.1677
-1.2431
-1.3114
-1.3784
-1.4507
-1.5156
-1.5769
-1.6305
-1.672
-1.7158
-1.7541
-1.7963
-1.8321
-1.8564
-1.8674
-1.8686
-1.8529
-1.8278
-1.7975
-1.7639
-1.7372
-1.6969
-1.6425
-1.5875
-1.5345
-1.4759
-1.4158
-1.3502
-1.281
-1.2075
-1.1315
-1.0584
-0.97964
-0.90923
-0.84344
-0.77816
-0.71614
-0.65182
-0.59109
-0.53938
-0.48943
-0.44225
-0.41048
-0.38239
-0.36548
-0.35065
-0.32662
-0.31722
-0.31482
-0.31698
-0.32304
-0.33359
-0.34415
-0.3689
-0.39868
-0.43816
-0.47915
-0.52007
-0.57613
-0.6317
-0.69134
-0.74961
-0.80646
-0.86436
-0.9281
-0.99812
-1.0664
-1.1352
-1.1954
-1.263
-1.3252
-1.3876
-1.4385
-1.4831
-1.5288
-1.5696
-1.6064
-1.6452
-1.6787
-1.6983
-1.7152
-1.7145
-1.7004
-1.6742
-1.656
-1.6424
-1.6136
-1.5775
-1.5373
-1.4935
-1.4465
-1.3945
-1.3334
-1.2721
-1.2117
-1.1418
-1.0675
-0.98724
-0.91811
-0.85567
-0.79536
-0.73261
-0.66565
-0.59782
-0.53964
-0.47986
-0.42074
-0.3729
-0.33669
-0.31404
-0.2932
-0.26441
-0.24264
-0.2292
-0.2293
-0.23661
-0.24843
-0.25895
-0.28632
-0.31986
-0.3603
-0.40338
-0.44737
-0.50333
-0.56382
-0.62798
-0.69096
-0.75049
-0.81226
-0.8806
-0.95199
-1.0281
-1.1
-1.1673
-1.2355
-1.3031
-1.3634
-1.4131
-1.4573
-1.4971
-1.5333
-1.5651
-1.5968
-1.6267
-1.6459
-1.6592
-1.6584
-1.6449
-1.6159
-1.5943
-1.5731
-1.5398
-1.4952
-1.4506
-1.4073
-1.3616
-1.3082
-1.244
-1.176
-1.1075
-1.0356
-0.95615
-0.8736
-0.80118
-0.73847
-0.68373
-0.62337
-0.5577
-0.48744
-0.4225
-0.36426
-0.30412
-0.24953
-0.20705
-0.17747
-0.15797
-0.13619
-0.12055
-0.10902
-0.11119
-0.11705
-0.12968
-0.14114
-0.16699
-0.21119
-0.26039
-0.3105
-0.36506
-0.42763
-0.49667
-0.57112
-0.645
-0.70913
-0.77661
-0.84096
-0.91059
-0.98709
-1.0686
-1.1458
-1.2211
-1.2917
-1.3516
-1.3994
-1.4403
-1.4816
-1.5197
-1.5467
-1.5789
-1.6081
-1.6313
-1.6456
-1.6505
-1.6397
-1.609
-1.5863
-1.5607
-1.5279
-1.4872
-1.4454
-1.4088
-1.372
-1.322
-1.2587
-1.1899
-1.1237
-1.0578
-0.98568
-0.90607
-0.83599
-0.76728
-0.70458
-0.64569
-0.58243
-0.51291
-0.4482
-0.39562
-0.3355
-0.27112
-0.22126
-0.18459
-0.16058
-0.14135
-0.12773
-0.11529
-0.11277
-0.1131
-0.11879
-0.12362
-0.1377
-0.17229
-0.21039
-0.25501
-0.30467
-0.3629
-0.42603
-0.49642
-0.56499
-0.62292
-0.67665
-0.73293
-0.80279
-0.87363
-0.9441
-1.0201
-1.0871
-1.1545
-1.2163
-1.2624
-1.2992
-1.344
-1.3843
-1.4155
-1.4456
-1.4745
-1.5017
-1.521
-1.5362
-1.5308
-1.5012
-1.4738
-1.4553
-1.4277
-1.3948
-1.3587
-1.3254
-1.2915
-1.2457
-1.1861
-1.1176
-1.0523
-0.99106
-0.92367
-0.84387
-0.76947
-0.69885
-0.63914
-0.5842
-0.52185
-0.45358
-0.38589
-0.32475
-0.26349
-0.19904
-0.1434
-0.11057
-0.091016
-0.068784
-0.050925
-0.025522
-0.012235
-0.0107
-0.019595
-0.028907
-0.046626
-0.079154
-0.11483
-0.15399
-0.20052
-0.25926
-0.32
-0.39594
-0.46946
-0.53479
-0.59279
-0.65528
-0.73212
-0.81219
-0.89431
-0.9757
-1.0515
-1.1244
-1.1941
-1.2491
-1.2985
-1.3537
-1.398
-1.4375
-1.4637
-1.4898
-1.5148
-1.5417
-1.5576
-1.5585
-1.5308
-1.499
-1.471
-1.4281
-1.3796
-1.3273
-1.2775
-1.2336
-1.1831
-1.1151
-1.0321
-0.94986
-0.87993
-0.81359
-0.72989
-0.64717
-0.56859
-0.50179
-0.44511
-0.37955
-0.31336
-0.24719
-0.18823
-0.13542
-0.08096
-0.021632
0.0086482
0.028404
0.040909
0.046144
0.059687
0.07013
0.064822
0.052069
0.037969
0.017876
-0.0095643
-0.045007
-0.076838
-0.11382
-0.16288
-0.21268
-0.27435
-0.33674
-0.39572
-0.44682
-0.50177
-0.56026
-0.62994
-0.69996
-0.76493
-0.83727
-0.90237
-0.96944
-1.0206
-1.0676
-1.1139
-1.1626
-1.2049
-1.2401
-1.2674
-1.2978
-1.3281
-1.3443
-1.3568
-1.3497
-1.3323
-1.3214
-1.3008
-1.2694
-1.2258
-1.1805
-1.1342
-1.0866
-1.0271
-0.95831
-0.88285
-0.81561
-0.74578
-0.65818
-0.57225
-0.48682
-0.40538
-0.33583
-0.2653
-0.19236
-0.1238
-0.059882
0.0012274
0.063327
0.13012
0.1776
0.2171
0.25403
0.27359
0.28569
0.29133
0.29158
0.28768
0.27426
0.25024
0.21864
0.17663
0.13196
0.077762
0.016863
-0.052626
-0.13062
-0.20717
-0.27404
-0.3451
-0.42058
-0.50651
-0.59134
-0.66198
-0.7286
-0.81483
-0.89171
-0.96114
-1.018
-1.0649
-1.1085
-1.1459
-1.1829
-1.217
-1.2337
-1.2281
-1.2198
-1.207
-1.1801
-1.1295
-1.0731
-1.0163
-0.95631
-0.88252
-0.80139
-0.69783
-0.58343
-0.4687
-0.34602
-0.24362
-0.13727
-0.034111
0.047534
0.13232
0.23097
0.29336
0.33486
0.39138
0.43372
0.45567
0.4632
0.46417
0.41462
0.32776
0.25083
0.15718
0.034531
-0.073271
-0.18601
-0.33464
-0.4684
-0.60736
-0.76947
-0.89967
-1.0084
-1.1263
-1.2352
-1.2912
-1.3361
-1.3661
-1.3474
-1.3007
-1.2558
-1.1929
-1.0874
-0.97398
-0.84172
-0.67189
-0.47414
-0.27953
-0.093812
0.097215
0.26802
0.41892
0.5646
0.67829
0.76468
0.81472
0.82403
0.78799
0.69343
0.55451
0.36907
0.12961
-0.14244
-0.45336
-0.80248
-1.1784
-1.5419
-1.887
-2.2194
-2.527
-2.8091
-3.0362
-3.1979
-3.2962
-3.3282
-3.2972
-3.1947
-3.0265
-2.7953
-2.504
-2.1599
-1.7842
-1.3806
-0.98622
-0.61891
-0.28197
0.022359
0.30302
0.54679
0.74747
0.90305
1.0173
1.0624
1.0195
0.89327
0.69682
0.4412
0.12642
-0.24103
-0.66166
-1.1198
-1.5791
-2.0121
-2.408
-2.7523
-3.0321
-3.2432
-3.3565
-3.3665
-3.3167
-3.2004
-3.0292
-2.8098
-2.5397
-2.224
-1.8832
-1.565
-1.2719
-1.0198
-0.81298
-0.64671
-0.51994
-0.43787
-0.40718
-0.44992
-0.56518
-0.73327
-0.95263
-1.187
-1.4495
-1.7164
-1.959
-2.1673
-2.3695
-2.5615
-2.7338
-2.8784
-2.9782
-3.0417
-3.066
-3.0781
-3.0701
-3.0415
-3.0122
-2.9714
-2.9122
-2.8202
-2.6863
-2.5429
-2.4093
-2.273
-2.123
-1.9455
-1.7594
-1.5243
-1.2693
-1.0297
-0.81423
-0.62577
-0.47108
-0.34097
-0.24963
-0.21538
-0.23269
-0.33854
-0.52211
-0.74351
-1.0087
-1.3028
-1.617
-1.9521
-2.271
-2.5821
-2.8618
-3.0729
-3.2129
-3.294
-3.3194
-3.3152
-3.2824
-3.2061
-3.0937
-2.9156
-2.706
-2.5156
-2.3585
-2.2151
-2.1024
-1.9894
-1.8589
-1.7508
-1.6669
-1.6161
-1.5884
-1.5792
-1.5667
-1.5825
-1.5976
-1.6358
-1.6915
-1.7808
-1.8998
-2.0311
-2.154
-2.3316
-2.5297
-2.751
-2.9805
-3.2004
-3.3714
-3.4983
-3.5892
-3.6331
-3.6359
-3.5873
-3.4918
-3.3573
-3.1776
-2.9398
-2.7048
-2.4777
-2.2241
-1.9404
-1.7162
-1.5166
-1.3257
-1.1884
-1.0802
-0.95293
-0.8698
-0.82496
-0.80938
-0.8366
-0.89731
-0.95709
-1.0275
-1.151
-1.304
-1.4736
-1.6828
-1.9133
-2.146
-2.377
-2.6247
-2.8716
-3.089
-3.2921
-3.4708
-3.5652
-3.5952
-3.6189
-3.5978
-3.5251
-3.4138
-3.2816
-3.1222
-2.9195
-2.7747
-2.631
-2.4817
-2.3302
-2.1911
-2.1018
-2.0252
-1.9371
-1.8975
-1.8533
-1.816
-1.7961
-1.8025
-1.8388
-1.8665
-1.9057
-1.9689
-2.0664
-2.1743
-2.3083
-2.4427
-2.5664
-2.6909
-2.8142
-2.9484
-3.0583
-3.1084
-3.1187
-3.0998
-3.0674
-3.0078
-2.8973
-2.7459
-2.5892
-2.4207
-2.266
-2.1277
-1.9957
-1.8665
-1.7448
-1.6268
-1.5469
-1.4925
-1.4248
-1.3936
-1.3968
-1.4431
-1.5188
-1.5838
-1.6627
-1.7444
-1.858
-1.9903
-2.1514
-2.3037
-2.4529
-2.6053
-2.7678
-2.9248
-3.0792
-3.2042
-3.2891
-3.3422
-3.3931
-3.4289
-3.4299
-3.374
-3.3029
-3.2599
-3.227
-3.1755
-3.0883
-2.9771
-2.8644
-2.7834
-2.7196
-2.6288
-2.5249
-2.432
-2.3798
-2.3459
-2.306
-2.2809
-2.262
-2.269
-2.3173
-2.3735
-2.4133
-2.4408
-2.4904
-2.5709
-2.6498
-2.6895
-2.7063
-2.6851
-2.682
-2.6986
-2.7011
-2.6844
-2.6343
-2.5836
-2.5263
-2.4758
-2.4067
-2.3297
-2.2506
-2.1965
-2.1539
-2.089
-2.02
-1.9561
-1.9395
-1.9777
-2.039
-2.096
-2.1439
-2.2069
-2.278
-2.381
-2.4893
-2.5735
-2.6815
-2.8213
-2.9688
-3.1085
-3.2083
-3.2842
-3.3656
-3.4594
-3.5493
-3.6079
-3.6409
-3.6715
-3.7046
-3.6858
-3.6418
-3.5661
-3.4676
-3.3873
-3.3093
-3.2237
-3.1047
-2.9911
-2.9126
-2.8616
-2.8203
-2.7497
-2.6883
-2.6746
-2.7006
-2.7431
-2.741
-2.6933
-2.6786
-2.7022
-2.7755
-2.8465
-2.8868
-2.9524
-3.0281
-3.0861
-3.1352
-3.1813
-3.2011
-3.2084
-3.2207
-3.2053
-3.1372
-3.0781
-3.0738
-3.0419
-2.9652
-2.8674
-2.7972
-2.7664
-2.7576
-2.7549
-2.7076
-2.6779
-2.6643
-2.6971
-2.7675
-2.8038
-2.7854
-2.7878
-2.8508
-2.9339
-3.034
-3.127
-3.2538
-3.408
-3.5567
-3.6994
-3.8172
-3.9746
-4.1096
-4.1854
-4.2316
-4.2649
-4.299
-4.3481
-4.4022
-4.4078
-4.3723
-4.3082
-4.2507
-4.2498
-4.2514
-4.2277
-4.1348
-4.0216
-3.942
-3.8233
-3.7001
-3.5948
-3.5542
-3.4868
-3.3969
-3.2991
-3.2295
-3.2381
-3.2935
-3.3319
-3.3403
-3.3245
-3.3394
-3.3606
-3.3944
-3.4484
-3.5129
-3.5234
-3.5536
-3.5794
-3.5721
-3.5852
-3.6587
-3.7443
-3.8169
-3.8229
-3.8311
-3.8947
-3.9684
-4.0813
-4.1487
-4.1583
-4.1221
-4.1527
-4.1885
-4.2176
-4.2984
-4.3759
-4.4652
-4.5492
-4.5548
-4.5846
-4.6705
-4.7614
-4.8766
-4.9515
-4.9461
-4.8976
-4.8889
-4.8759
-4.8138
-4.7501
-4.7089
-4.6505
-4.5462
-4.3962
-4.2619
-4.1299
-4.0445
-3.9837
-3.8311
-3.6289
-3.4344
-3.2735
-3.1122
-3.0025
-2.9471
-2.9332
-2.9736
-3.0379
-3.0354
-3.1008
-3.2401
-3.4517
-3.6937
-3.9385
-4.1579
-4.3353
-4.5695
-4.8105
-5.0186
-5.2325
-5.5131
-5.764
-5.9859
-6.0934
-6.1383
-6.1744
-6.2051
-6.1802
-6.084
-5.8749
-5.5731
-5.2444
-4.8865
-4.4846
-4.0693
-3.7503
-3.4796
-3.1992
-2.921
-2.6009
-2.379
-2.2475
-2.1889
-2.1864
-2.2457
-2.362
-2.5303
-2.7234
-2.9597
-3.2548
-3.6256
-4.0687
-4.4878
-4.8872
-5.2245
-5.5226
-5.7686
-5.9573
-6.074
-6.1527
-6.2495
-6.2529
-6.1415
-5.8819
-5.5721
-5.2391
-4.8822
-4.523
-4.088
-3.6914
-3.3151
-2.9899
-2.6226
-2.2524
-1.9842
-1.8442
-1.8659
-1.9232
-2.0541
-2.2428
-2.4914
-2.8069
-3.1429
-3.5468
-3.935
-4.3651
-4.7517
-5.0495
-5.2381
-5.3612
-5.4939
-5.5648
-5.5601
-5.4601
-5.3473
-5.2414
-5.1101
-4.9296
-4.6893
-4.5023
-4.3501
-4.1835
-3.9893
-3.7658
-3.562
-3.3823
-3.2373
-3.0755
-2.9187
-2.8636
-2.8613
-2.8896
-2.9023
-2.9659
-3.0879
-3.2582
-3.3735
-3.4164
-3.4673
-3.56
-3.7374
-3.8682
-4.0398
-4.2698
-4.5158
-4.7484
-4.9366
-5.1023
-5.2775
-5.4783
-5.6379
-5.6974
-5.6111
-5.4147
-5.1997
-4.8972
-4.5563
-4.2029
-3.8641
-3.6054
-3.3853
-3.1867
-3.0342
-2.948
-2.929
-2.9363
-2.9489
-2.9742
-3.0706
-3.1897
-3.364
-3.5273
-3.6717
-3.8161
-4.0039
-4.1983
-4.4041
-4.6322
-4.8824
-5.1137
-5.2668
-5.2856
-5.2817
-5.2873
-5.2721
-5.2101
-5.1098
-5.0301
-4.9709
-4.8978
-4.7899
-4.6442
-4.4792
-4.3208
-4.1546
-3.9118
-3.6651
-3.4275
-3.213
-3.0167
-2.8228
-2.6411
-2.5786
-2.6398
-2.7693
-2.9461
-3.2067
-3.4831
-3.7689
-4.0217
-4.2602
-4.4166
-4.5592
-4.721
-4.8037
-4.852
-4.9645
-5.088
-5.1778
-5.2201
-5.204
-5.1901
-5.2184
-5.2656
-5.2115
-5.1206
-4.9747
-4.7699
-4.5312
-4.2493
-3.9301
-3.6634
-3.4464
-3.2784
-3.1307
-3.0291
-3.0341
-3.1264
-3.1734
-3.2244
-3.2852
-3.3836
-3.53
-3.6756
-3.8505
-3.9934
-4.1913
-4.3732
-4.5538
-4.7106
-4.836
-4.9791
-5.1519
-5.2158
-5.2706
-5.2879
-5.2682
-5.2218
-5.1075
-4.9651
-4.8696
-4.7854
-4.6733
-4.544
-4.4075
-4.297
-4.2098
-4.0712
-3.8678
-3.6472
-3.4665
-3.377
-3.3063
-3.2467
-3.2136
-3.2504
-3.3526
-3.4762
-3.5924
-3.7513
-3.9331
-4.1284
-4.2885
-4.422
-4.5456
-4.6586
-4.7378
-4.762
-4.7619
-4.7711
-4.8091
-4.8267
-4.8138
-4.8215
-4.8295
-4.8527
-4.8234
-4.7064
-4.535
-4.3813
-4.2488
-4.0955
-3.9298
-3.7731
-3.6662
-3.6182
-3.5909
-3.5538
-3.5226
-3.5085
-3.5509
-3.6465
-3.7256
-3.7902
-3.85
-3.9277
-3.9918
-4.0516
-4.0974
-4.158
-4.2413
-4.35
-4.4726
-4.5961
-4.6976
-4.7765
-4.8126
-4.7919
-4.76
-4.6998
-4.587
-4.4606
-4.3448
-4.2699
-4.2072
-4.1285
-4.0215
-3.9602
-3.9136
-3.8874
-3.826
-3.7365
-3.6779
-3.677
-3.7289
-3.7479
-3.7708
-3.7984
-3.8481
-3.9245
-3.9994
-4.0506
-4.1294
-4.2624
-4.3975
-4.5191
-4.567
-4.5577
-4.5456
-4.5223
-4.4721
-4.4433
-4.4213
-4.4018
-4.3745
-4.3565
-4.3199
-4.2592
-4.1814
-4.0693
-3.9621
-3.8826
-3.8099
-3.7347
-3.6671
-3.6156
-3.6216
-3.6487
-3.643
-3.6658
-3.6995
-3.7565
-3.846
-3.9159
-3.9694
-4.0298
-4.1291
-4.2249
-4.2656
-4.2594
-4.2191
-4.248
-4.2968
-4.3179
-4.2916
-4.2573
-4.2858
-4.3514
-4.353
-4.2829
-4.1627
-4.0541
-3.9677
-3.844
-3.7139
-3.6224
-3.5688
-3.536
-3.5055
-3.5005
-3.4894
-3.4871
-3.5153
-3.5273
-3.5039
-3.5377
-3.632
-3.7276
-3.7997
-3.8556
-3.9024
-3.9427
-4.0096
-4.0523
-4.0997
-4.138
-4.1351
-4.1506
-4.2075
-4.2281
-4.2151
-4.1643
-4.049
-3.948
-3.8662
-3.7973
-3.7392
-3.6658
-3.6039
-3.5136
-3.4484
-3.3963
-3.3262
-3.2793
-3.247
-3.201
-3.1427
-3.1168
-3.1572
-3.2499
-3.3392
-3.3505
-3.3647
-3.3882
-3.4576
-3.531
-3.5432
-3.6043
-3.705
-3.7969
-3.7877
-3.8053
-3.8471
-3.8918
-3.9248
-3.8721
-3.7735
-3.7224
-3.7252
-3.738
-3.6886
-3.5816
-3.4707
-3.3837
-3.2812
-3.1885
-3.1154
-3.0892
-3.12
-3.1341
-3.094
-3.0646
-3.081
-3.161
-3.1892
-3.128
-3.0612
-2.9882
-2.9781
-3.0392
-3.1256
-3.2066
-3.3308
-3.458
-3.5069
-3.5398
-3.5582
-3.5785
-3.6345
-3.6355
-3.5912
-3.5493
-3.4743
-3.4121
-3.4129
-3.4321
-3.392
-3.3648
-3.3305
-3.2704
-3.249
-3.2416
-3.2203
-3.224
-3.1761
-3.0933
-3.0053
-2.8786
-2.78
-2.7965
-2.8726
-2.9478
-3.0308
-3.0943
-3.1356
-3.1856
-3.2354
-3.2397
-3.275
-3.2705
-3.2574
-3.1949
-3.1192
-3.0793
-3.1299
-3.2454
-3.2926
-3.3154
-3.3568
-3.3718
-3.3111
-3.2148
-3.1014
-3.074
-3.0945
-3.0873
-2.976
-2.8689
-2.8013
-2.7869
-2.8236
-2.823
-2.8321
-2.9194
-3.0333
-3.0344
-2.9621
-2.8843
-2.8407
-2.9158
-2.9307
-2.8668
-2.8293
-2.8487
-2.9149
-2.9724
-3.024
-3.1264
-3.2697
-3.376
-3.367
-3.23
-3.1051
-3.0008
-2.9252
-2.8609
-2.8006
-2.7894
-2.8423
-2.8823
-2.8225
-2.7828
-2.781
-2.8569
-2.8897
-2.8616
-2.8257
-2.7811
-2.7945
-2.7161
-2.6401
-2.5892
-2.6398
-2.7634
-2.8338
-2.8791
-2.9301
-3.0231
-3.0825
-3.1074
-3.0928
-3.0626
-3.0869
-3.0528
-2.9564
-2.8114
-2.7101
-2.6942
-2.7546
-2.8317
-2.8731
-2.9445
-2.9954
-3.0076
-2.9292
-2.8035
-2.6932
-2.6087
-2.5848
-2.5159
-2.4722
-2.4632
-2.4803
-2.5302
-2.6245
-2.751
-2.8545
-2.9625
-3.0421
-3.0505
-3.0661
-3.0671
-3.055
-3.0065
-2.9628
-2.9239
-2.9224
-2.9559
-2.9906
-3.0677
-3.1133
-3.1742
-3.2129
-3.1882
-3.1229
-3.0707
-3.0215
-2.9137
-2.8005
-2.6727
-2.5562
-2.4982
-2.505
-2.573
-2.6528
-2.7601
-2.8224
-2.8344
-2.8413
-2.8114
-2.7264
-2.6502
-2.5921
-2.5857
-2.5978
-2.6237
-2.6521
-2.7396
-2.8255
-2.9133
-2.9538
-2.9895
-3.0432
-3.1251
-3.1629
-3.1049
-3.026
-2.9689
-2.8982
-2.7929
-2.7015
-2.7057
-2.7703
-2.854
-2.8889
-2.9301
-2.9655
-2.9666
-2.9318
-2.8665
-2.7574
-2.7022
-2.6494
-2.5949
-2.5233
-2.5347
-2.5762
-2.685
-2.7992
-2.8673
-2.9367
-3.0593
-3.1457
-3.1283
-3.0765
-3.0207
-2.9861
-2.9584
-2.8768
-2.8273
-2.8756
-2.973
-3.0519
-3.0565
-3.0385
-3.0431
-3.0645
-3.0644
-3.0137
-2.9855
-3.0064
-3.015
-2.9696
-2.8597
-2.789
-2.7885
-2.8458
-2.8956
-2.9246
-3.0036
-3.1376
-3.2104
-3.2107
-3.1444
-3.0903
-3.0562
-2.9945
-2.8928
-2.8808
-2.939
-3.0661
-3.1747
-3.1961
-3.1881
-3.2216
-3.2611
-3.1914
-3.124
-3.0742
-3.095
-3.1149
-3.0642
-2.9455
-2.9314
-2.9628
-3.0178
-3.0216
-2.9789
-2.9931
-3.0988
-3.16
-3.1281
-3.0985
-3.1231
-3.1508
-3.1286
-3.0501
-2.9863
-3.0386
-3.1268
-3.1773
-3.1629
-3.1838
-3.2557
-3.3148
-3.2955
-3.2131
-3.168
-3.195
-3.1929
-3.1182
-3.0527
-3.0458
-3.1106
-3.1584
-3.1624
-3.1144
-3.1357
-3.2328
-3.2418
-3.1717
-3.0945
-3.0661
-3.0824
-3.0544
-2.9596
-2.9337
-3.0036
-3.1048
-3.128
-3.0902
-3.0884
-3.1363
-3.2126
-3.1953
-3.1475
-3.167
-3.2426
-3.2916
-3.3044
-3.2479
-3.2424
-3.2849
-3.2902
-3.253
-3.2261
-3.2768
-3.3485
-3.4085
-3.3647
-3.3038
-3.2813
-3.2382
-3.1444
-3.065
-3.0062
-3.0437
-3.1078
-3.1209
-3.0787
-3.0727
-3.1214
-3.1166
-3.0599
-2.9928
-2.969
-3.0337
-3.0383
-3.0026
-3.0332
-3.0952
-3.188
-3.2039
-3.1441
-3.0941
-3.1198
-3.1832
-3.2074
-3.2123
-3.2536
-3.3224
-3.3898
-3.3703
-3.2706
-3.2313
-3.2259
-3.2259
-3.1857
-3.1576
-3.1839
-3.2574
-3.2661
-3.2061
-3.1361
-3.1075
-3.0887
-3.0302
-2.9792
-2.9573
-3.0465
-3.1627
-3.2183
-3.1914
-3.1756
-3.2132
-3.2092
-3.1424
-3.0707
-3.0797
-3.1819
-3.2485
-3.2457
-3.2719
-3.3033
-3.3597
-3.3614
-3.3116
-3.2752
-3.2924
-3.3519
-3.405
-3.4025
-3.4107
-3.4311
-3.448
-3.4219
-3.3237
-3.2703
-3.2681
-3.2752
-3.2472
-3.2373
-3.2871
-3.3398
-3.3655
-3.3275
-3.2804
-3.259
-3.2438
-3.1863
-3.1577
-3.1795
-3.2713
-3.3563
-3.3852
-3.3373
-3.2933
-3.3267
-3.3001
-3.2217
-3.1673
-3.1685
-3.2357
-3.279
-3.2454
-3.2286
-3.2457
-3.2843
-3.2666
-3.229
-3.1959
-3.2048
-3.284
-3.319
-3.3107
-3.3085
-3.3229
-3.3413
-3.3293
-3.2646
-3.2257
-3.244
-3.2846
-3.2713
-3.2797
-3.3395
-3.3804
-3.4054
-3.3611
-3.3072
-3.2798
-3.2531
-3.1768
-3.1479
-3.1655
-3.2357
-3.306
-3.3244
-3.2623
-3.204
-3.2378
-3.2016
-3.1201
-3.0796
-3.0856
-3.1433
-3.1714
-3.1018
-3.0577
-3.0762
-3.1281
-3.1409
-3.1188
-3.0978
-3.1117
-3.2032
-3.2136
-3.1986
-3.2095
-3.2393
-3.2613
-3.25
-3.1934
-3.1606
-3.1974
-3.2481
-3.2543
-3.2693
-3.3207
-3.351
-3.3664
-3.3031
-3.2316
-3.1954
-3.1756
-3.0949
-3.0547
-3.0676
-3.1345
-3.1914
-3.2026
-3.1235
-3.0608
-3.0952
-3.0676
-2.9937
-2.9565
-2.9609
-3.0254
-3.0567
-2.9852
-2.9426
-2.9625
-3.0197
-3.04
-3.0173
-2.9896
-3.0132
-3.1039
-3.1276
-3.1091
-3.1102
-3.1463
-3.1665
-3.1453
-3.0948
-3.0657
-3.097
-3.1327
-3.1248
-3.1305
-3.1701
-3.2041
-3.1965
-3.1201
-3.0363
-3.0007
-2.9825
-2.8982
-2.8461
-2.8605
-2.9492
-3.003
-2.9984
-2.9212
-2.8575
-2.8897
-2.8702
-2.7785
-2.7256
-2.7251
-2.7887
-2.8272
-2.766
-2.7348
-2.7655
-2.822
-2.8285
-2.7915
-2.7463
-2.758
-2.8424
-2.852
-2.811
-2.7987
-2.8204
-2.8372
-2.797
-2.7062
-2.6864
-2.736
-2.7809
-2.7726
-2.7662
-2.8026
-2.8284
-2.8307
-2.7683
-2.6798
-2.6488
-2.6447
-2.5647
-2.5199
-2.5288
-2.6332
-2.7261
-2.7488
-2.6813
-2.6231
-2.654
-2.6282
-2.5345
-2.4675
-2.4595
-2.5185
-2.5635
-2.5071
-2.4711
-2.4977
-2.545
-2.5475
-2.5198
-2.4785
-2.4967
-2.5816
-2.5961
-2.5661
-2.5602
-2.5833
-2.5684
-2.5062
-2.417
-2.397
-2.45
-2.505
-2.4997
-2.5133
-2.5603
-2.6034
-2.6112
-2.54
-2.4577
-2.4367
-2.4439
-2.3701
-2.3057
-2.3149
-2.4256
-2.526
-2.5531
-2.4784
-2.4245
-2.4302
-2.3814
-2.2776
-2.1986
-2.1927
-2.2278
-2.261
-2.1985
-2.1489
-2.1713
-2.2176
-2.2107
-2.1818
-2.1435
-2.18
-2.2706
-2.2831
-2.2602
-2.2723
-2.3124
-2.3059
-2.2463
-2.1464
-2.1287
-2.1995
-2.2743
-2.2721
-2.2769
-2.3224
-2.371
-2.3927
-2.3056
-2.2143
-2.1874
-2.1899
-2.1251
-2.0638
-2.0754
-2.1894
-2.304
-2.3303
-2.241
-2.1785
-2.1895
-2.1516
-2.0706
-1.9861
-1.9741
-2.0185
-2.0669
-2.0195
-1.9949
-2.0431
-2.102
-2.1138
-2.0804
-2.0368
-2.08
-2.1845
-2.2046
-2.1919
-2.2024
-2.2332
-2.2236
-2.1584
-2.0662
-2.0519
-2.1347
-2.2096
-2.2013
-2.1818
-2.2051
-2.2515
-2.2557
-2.1398
-2.0309
-2.0102
-2.0295
-1.9879
-1.9386
-1.9533
-2.0605
-2.192
-2.2286
-2.1581
-2.1085
-2.131
-2.1117
-2.0397
-1.9705
-1.9591
-2.0112
-2.0621
-2.0262
-1.9994
-2.0411
-2.0975
-2.0985
-2.052
-2.0097
-2.0538
-2.1261
-2.1199
-2.0671
-2.0581
-2.0868
-2.0605
-1.9614
-1.8608
-1.8411
-1.9216
-1.9973
-1.9927
-1.9537
-1.9807
-2.0458
-2.0401
-1.9285
-1.8226
-1.8095
-1.855
-1.835
-1.7726
-1.7678
-1.8526
-1.9589
-1.9651
-1.8972
-1.8535
-1.8953
-1.916
-1.8351
-1.7489
-1.7348
-1.7811
-1.8135
-1.7878
-1.7515
-1.7777
-1.8391
-1.8351
-1.7558
-1.717
-1.7542
-1.844
-1.8689
-1.7916
-1.7538
-1.7991
-1.7855
-1.713
-1.6468
-1.6563
-1.7457
-1.8322
-1.8452
-1.7848
-1.8235
-1.9117
-1.9229
-1.8561
-1.7687
-1.7716
-1.8329
-1.8214
-1.745
-1.7199
-1.7969
-1.8876
-1.8966
-1.8397
-1.7816
-1.8288
-1.8601
-1.7723
-1.6773
-1.6501
-1.6788
-1.7142
-1.6651
-1.5811
-1.5881
-1.666
-1.6878
-1.6247
-1.5985
-1.6227
-1.7077
-1.7173
-1.6162
-1.5975
-1.6542
-1.6615
-1.628
-1.5662
-1.5717
-1.6568
-1.7552
-1.7755
-1.7098
-1.7454
-1.8293
-1.8467
-1.785
-1.7023
-1.7247
-1.7984
-1.7792
-1.705
-1.6622
-1.701
-1.7648
-1.7557
-1.6849
-1.6189
-1.6435
-1.6645
-1.5778
-1.4703
-1.4144
-1.4312
-1.4747
-1.4051
-1.325
-1.3573
-1.4735
-1.5155
-1.4714
-1.4407
-1.4654
-1.5471
-1.5486
-1.4635
-1.454
-1.5269
-1.5722
-1.5688
-1.5082
-1.5038
-1.5772
-1.6816
-1.6859
-1.6062
-1.6248
-1.7078
-1.7476
-1.6998
-1.6203
-1.641
-1.7225
-1.7062
-1.6391
-1.5835
-1.6136
-1.6844
-1.7052
-1.6526
-1.6074
-1.6484
-1.6827
-1.6264
-1.52
-1.4572
-1.4712
-1.5153
-1.4786
-1.4264
-1.4758
-1.6058
-1.6604
-1.6286
-1.5925
-1.6078
-1.6847
-1.6751
-1.6081
-1.5923
-1.6757
-1.7354
-1.739
-1.6883
-1.6779
-1.7532
-1.8426
-1.8295
-1.7714
-1.8093
-1.9239
-1.9981
-1.9642
-1.9016
-1.9172
-2.0015
-1.9949
-1.9112
-1.8223
-1.8734
-2.0049
-2.0661
-2.0516
-2.0362
-2.0723
-2.1192
-2.0375
-1.8922
-1.8295
-1.8469
-1.9096
-1.9189
-1.8899
-1.9179
-2.0463
-2.0937
-2.0023
-1.9702
-1.9832
-2.1159
-2.1634
-2.1043
-2.0582
-2.0667
-2.0856
-2.0665
-1.988
-1.9481
-2.0295
-2.1814
-2.2787
-2.252
-2.2355
-2.3227
-2.3973
-2.4105
-2.3243
-2.2927
-2.3559
-2.361
-2.2854
-2.1837
-2.1861
-2.3233
-2.455
-2.5134
-2.4754
-2.4396
-2.4592
-2.4204
-2.3478
-2.2451
-2.1787
-2.1902
-2.1682
-2.0931
-2.1057
-2.1158
-2.2232
-2.3234
-2.3324
-2.2802
-2.278
-2.3059
-2.3621
-2.3948
-2.4125
-2.3987
-2.359
-2.2956
-2.29
-2.2896
-2.3643
-2.47
-2.4774
-2.5521
-2.6209
-2.6319
-2.6461
-2.6424
-2.614
-2.56
-2.496
-2.4142
-2.3644
-2.399
-2.4401
-2.442
-2.4526
-2.498
-2.5703
-2.5634
-2.4663
-2.3729
-2.3627
-2.3726
-2.3414
-2.2669
-2.2078
-2.2075
-2.2809
-2.3031
-2.2542
-2.2179
-2.261
-2.3553
-2.4174
-2.3823
-2.3386
-2.3656
-2.3913
-2.3707
-2.2893
-2.2483
-2.2739
-2.3329
-2.3866
-2.3804
-2.3978
-2.4805
-2.545
-2.578
-2.5163
-2.4512
-2.4225
-2.3755
-2.3251
-2.3013
-2.3446
-2.3989
-2.42
-2.4203
-2.4193
-2.4562
-2.4914
-2.4357
-2.3217
-2.2553
-2.2366
-2.2338
-2.1788
-2.1311
-2.1449
-2.2207
-2.2852
-2.2882
-2.2945
-2.3159
-2.3792
-2.4348
-2.4149
-2.3784
-2.3874
-2.366
-2.2948
-2.1929
-2.1267
-2.1274
-2.2049
-2.2618
-2.2982
-2.401
-2.505
-2.5577
-2.5441
-2.5152
-2.5001
-2.4855
-2.4188
-2.3211
-2.2239
-2.2068
-2.2375
-2.267
-2.268
-2.2633
-2.3166
-2.3958
-2.4148
-2.3637
-2.3221
-2.3258
-2.3275
-2.264
-2.1929
-2.1767
-2.1752
-2.1196
-2.0741
-2.0513
-2.0592
-2.1007
-2.1363
-2.1682
-2.1895
-2.2537
-2.3008
-2.269
-2.1796
-2.11
-2.1346
-2.2084
-2.1942
-2.1508
-2.191
-2.2177
-2.2062
-2.1759
-2.1503
-2.1329
-2.1416
-2.1566
-2.1441
-2.1137
-2.1716
-2.2547
-2.3277
-2.3147
-2.3229
-2.3835
-2.368
-2.2782
-2.1813
-2.0892
-2.0354
-2.031
-1.9786
-1.8897
-1.8367
-1.897
-1.936
-1.9438
-1.9831
-2.0408
-2.1017
-2.1543
-2.1521
-2.1287
-2.1243
-2.098
-1.9837
-1.7766
-1.6481
-1.6473
-1.7244
-1.7311
-1.7423
-1.8106
-1.8707
-1.9589
-2.017
-1.9954
-2.0102
-2.0492
-2.0181
-1.9461
-1.9017
-1.8617
-1.8486
-1.841
-1.7491
-1.6314
-1.6358
-1.6664
-1.635
-1.5994
-1.6232
-1.6581
-1.7089
-1.725
-1.6948
-1.6925
-1.732
-1.7401
-1.7373
-1.7183
-1.69
-1.7266
-1.738
-1.6882
-1.601
-1.5638
-1.5511
-1.4707
-1.3753
-1.3548
-1.3951
-1.5161
-1.5994
-1.6574
-1.745
-1.8418
-1.866
-1.8346
-1.767
-1.6865
-1.6362
-1.5421
-1.3819
-1.2793
-1.2396
-1.2136
-1.1814
-1.1423
-1.1261
-1.2097
-1.3346
-1.4004
-1.4431
-1.5024
-1.5924
-1.6506
-1.6148
-1.5178
-1.4614
-1.4091
-1.3593
-1.3118
-1.2356
-1.2021
-1.2731
-1.3085
-1.2635
-1.2579
-1.2868
-1.3382
-1.3558
-1.3479
-1.358
-1.4548
-1.5665
-1.635
-1.6152
-1.5885
-1.5823
-1.5189
-1.4182
-1.3154
-1.2486
-1.1948
-1.1488
-1.043
-0.9653
-0.99799
-1.0908
-1.1526
-1.1871
-1.2081
-1.2875
-1.4145
-1.5051
-1.5671
-1.6259
-1.651
-1.6146
-1.4815
-1.323
-1.212
-1.1503
-1.1273
-1.0501
-0.93123
-0.94208
-1.0044
-1.0677
-1.1047
-1.1221
-1.1675
-1.2539
-1.2628
-1.271
-1.3168
-1.4195
-1.4777
-1.5007
-1.437
-1.3771
-1.3843
-1.3751
-1.2774
-1.1828
-1.1115
-1.0298
-1.0437
-1.0316
-1.0197
-1.0684
-1.1593
-1.2245
-1.2818
-1.2831
-1.3771
-1.5555
-1.6499
-1.649
-1.6535
-1.6183
-1.5373
-1.4449
-1.2976
-1.1834
-1.1085
-1.0281
-0.92539
-0.85916
-0.84912
-0.91833
-0.99625
-0.9834
-0.9753
-1.0201
-1.1532
-1.2115
-1.2226
-1.301
-1.3712
-1.4348
-1.4121
-1.3222
-1.2449
-1.2454
-1.2318
-1.1283
-0.97805
-0.91178
-0.91223
-0.91556
-0.91683
-0.8796
-0.9111
-1.0026
-1.0682
-1.1026
-1.1138
-1.2444
-1.4243
-1.5128
-1.5078
-1.4629
-1.3854
-1.3102
-1.1878
-1.0461
-0.92504
-0.82952
-0.75049
-0.65466
-0.51142
-0.44214
-0.46439
-0.46956
-0.47948
-0.49131
-0.51844
-0.59972
-0.67718
-0.76117
-0.85185
-0.94782
-1.0587
-1.0977
-1.0462
-0.97573
-0.93636
-0.94091
-0.91675
-0.84015
-0.74707
-0.68486
-0.61181
-0.49001
-0.36911
-0.33947
-0.38915
-0.46067
-0.49377
-0.50885
-0.61069
-0.74935
-0.87527
-0.93827
-0.95723
-0.98003
-0.95907
-0.88048
-0.73716
-0.62126
-0.56176
-0.49869
-0.39909
-0.25452
-0.11066
-0.01419
0.06985
0.14593
0.21898
0.19184
0.091368
-0.01713
-0.053374
-0.053334
-0.11997
-0.26014
-0.36112
-0.4268
-0.44423
-0.51425
-0.58149
-0.53617
-0.43349
-0.3284
-0.27379
-0.21437
-0.085424
0.10361
0.25095
0.29824
0.34137
0.33568
0.40832
0.3911
0.28885
0.17775
0.075904
0.021498
-0.074127
-0.18762
-0.28866
-0.29407
-0.22209
-0.13267
-0.061982
-0.030899
0.054415
0.15624
0.24707
0.30949
0.44053
0.58924
0.75268
0.82667
0.82577
0.79444
0.81869
0.84522
0.8218
0.73761
0.60678
0.53302
0.42298
0.29202
0.11016
-0.02811
-0.065859
-0.043719
-0.025522
0.066468
0.096269
0.26583
0.46545
0.59165
0.65228
0.72033
0.89086
1.0885
1.1919
1.1597
1.0906
1.0188
0.94867
0.91102
0.84448
0.79197
0.776
0.68818
0.59099
0.46338
0.36266
0.37081
0.4824
0.57254
0.6091
0.65339
0.69232
0.7823
0.90714
1.0065
1.1318
1.2874
1.4818
1.5775
1.5156
1.3835
1.2642
1.2076
1.1658
1.0925
0.98996
0.85815
0.70618
0.5764
0.46573
0.38798
0.38434
0.49612
0.6332
0.77438
0.84792
0.85616
0.87683
0.98309
1.1477
1.3319
1.4827
1.6107
1.6399
1.6107
1.5389
1.4277
1.3439
1.3059
1.2944
1.2025
1.0438
0.83697
0.64661
0.51773
0.48269
0.53123
0.59679
0.67153
0.75429
0.83914
0.90473
0.97975
1.0609
1.1668
1.3333
1.5023
1.6393
1.6861
1.6671
1.6219
1.5869
1.5746
1.5558
1.536
1.4831
1.3662
1.2108
1.002
0.79477
0.6475
0.60087
0.60238
0.69091
0.72912
0.782
0.82389
0.89478
1.0185
1.1932
1.3927
1.6065
1.7635
1.8954
1.9307
1.8521
1.7563
1.6682
1.5837
1.5277
1.4776
1.3927
1.238
1.0521
0.8579
0.7241
0.66759
0.67238
0.70019
0.7725
0.81374
0.82492
0.82375
0.85394
0.90648
1.0087
1.197
1.4046
1.5692
1.6357
1.6351
1.6152
1.5684
1.5563
1.5947
1.5992
1.57
1.4549
1.2957
1.0877
0.81599
0.58441
0.46467
0.39512
0.37497
0.37788
0.38084
0.36949
0.35101
0.42211
0.57395
0.752
0.99325
1.2559
1.4902
1.6119
1.6827
1.702
1.6436
1.5688
1.5447
1.4865
1.3862
1.2811
1.1317
0.91478
0.6733
0.51201
0.4085
0.34928
0.36881
0.38858
0.34295
0.31917
0.30731
0.31186
0.35902
0.45778
0.57331
0.67061
0.81389
0.98434
1.1177
1.1781
1.2276
1.2863
1.3355
1.4152
1.4704
1.4194
1.3507
1.2324
1.062
0.8775
0.71228
0.50605
0.324
0.18202
0.049078
-0.076591
-0.13141
-0.13102
-0.088855
0.0081396
0.16235
0.32046
0.52332
0.77209
1.014
1.2293
1.4067
1.5426
1.6472
1.7102
1.6968
1.6211
1.5071
1.3677
1.1849
1.0167
0.86424
0.68373
0.51079
0.38014
0.24313
0.16334
0.14547
0.16023
0.20925
0.31064
0.39493
0.4852
0.56816
0.63741
0.73023
0.83699
0.93632
1.0826
1.2296
1.3484
1.4482
1.5397
1.567
1.6014
1.6355
1.6354
1.6074
1.5508
1.4436
1.3082
1.1348
0.94469
0.74762
0.53805
0.35352
0.21352
0.11398
0.032957
0.047659
0.10462
0.17869
0.33037
0.52688
0.74709
1.0073
1.2756
1.5397
1.7867
2.0051
2.2051
2.3109
2.3276
2.2734
2.1381
1.9894
1.8325
1.6396
1.4156
1.1901
0.92939
0.69614
0.53329
0.40406
0.30193
0.27507
0.27125
0.3107
0.40065
0.53101
0.70406
0.87735
1.0067
1.1422
1.2637
1.404
1.5567
1.7073
1.8313
1.8962
1.903
1.9115
1.9086
1.9131
1.9155
1.8734
1.8044
1.7054
1.5518
1.4026
1.2506
1.1122
0.92318
0.751
0.60277
0.47535
0.39037
0.35779
0.32161
0.34667
0.3912
0.41794
0.55867
0.76715
1.0358
1.3287
1.6137
1.8887
2.1564
2.3302
2.5003
2.6268
2.7071
2.7007
2.6426
2.4751
2.2357
2.0104
1.7324
1.432
1.1148
0.75538
0.43825
0.22169
0.043075
-0.041584
-0.033146
-0.033831
0.031216
0.15958
0.36898
0.58971
0.8125
1.1153
1.3838
1.6467
1.8655
2.0371
2.1572
2.2592
2.3253
2.3077
2.2186
2.1484
2.0349
1.8866
1.7785
1.6373
1.4757
1.2932
1.0991
0.9011
0.71306
0.61591
0.54807
0.50926
0.46819
0.40977
0.34331
0.32306
0.33692
0.40953
0.52908
0.63247
0.74867
0.91126
1.0713
1.2727
1.4956
1.6988
1.9199
2.1209
2.2431
2.3399
2.4114
2.4595
2.4612
2.3948
2.2626
2.058
1.7922
1.4752
1.1501
0.86142
0.60817
0.39228
0.17671
-0.0018284
-0.14675
-0.2374
-0.22708
-0.12084
0.062825
0.31208
0.59114
0.89695
1.2613
1.6481
2.045
2.4148
2.7148
2.96
3.1142
3.1832
3.1852
3.1369
3.0143
2.8471
2.6276
2.3529
2.023
1.6517
1.2886
0.98233
0.70663
0.50437
0.35168
0.24901
0.1883
0.18243
0.24951
0.37406
0.54979
0.76602
0.98178
1.2181
1.4393
1.6445
1.8769
2.1192
2.3808
2.5822
2.7245
2.8293
2.8885
2.903
2.9302
2.9604
2.9414
2.9021
2.8227
2.7045
2.5405
2.3397
2.146
1.9406
1.7523
1.563
1.3539
1.1321
0.9109
0.72133
0.59837
0.53653
0.51373
0.5354
0.56426
0.66519
0.77691
0.95519
1.2124
1.5497
1.9196
2.2961
2.6362
2.9364
3.2054
3.446
3.6696
3.8385
3.9528
3.9798
3.9111
3.7218
3.4433
3.0936
2.72
2.3183
1.9329
1.5319
1.1105
0.72927
0.35387
0.066305
-0.10563
-0.15369
-0.095753
0.030486
0.22765
0.47171
0.76325
1.0969
1.4927
1.9498
2.4414
2.8905
3.2558
3.5268
3.6974
3.8093
3.8664
3.896
3.8863
3.7967
3.6426
3.4253
3.1035
2.7437
2.344
1.9819
1.6678
1.3843
1.1276
0.8686
0.62029
0.41697
0.28275
0.25363
0.3225
0.45463
0.59604
0.74563
0.89877
1.0324
1.1966
1.394
1.6404
1.969
2.2808
2.5119
2.6661
2.7429
2.8043
2.8689
2.9914
3.1435
3.2651
3.3318
3.3462
3.2722
3.1162
2.9388
2.7622
2.5809
2.3871
2.1425
1.8373
1.4454
1.0444
0.67855
0.38192
0.16091
0.005752
-0.088624
-0.15827
-0.21206
-0.23665
-0.19993
-0.083895
0.17289
0.55974
1.0041
1.4436
1.8369
2.186
2.4898
2.7655
3.0847
3.4023
3.709
3.9633
4.085
4.0403
3.887
3.603
3.3086
2.9658
2.609
2.19
1.7142
1.1801
0.60254
0.019466
-0.47609
-0.86494
-1.0816
-1.1589
-1.1664
-1.0984
-0.98566
-0.81834
-0.57727
-0.2399
0.24051
0.79675
1.3945
1.9659
2.4432
2.7863
3.038
3.2293
3.4037
3.558
3.6799
3.7447
3.7161
3.5428
3.2416
2.878
2.4893
2.1319
1.8028
1.4944
1.1686
0.78301
0.34241
-0.073549
-0.42463
-0.67747
-0.80164
-0.8037
-0.71171
-0.59283
-0.48815
-0.38677
-0.25858
-0.066481
0.18595
0.50683
0.88867
1.242
1.5231
1.7598
1.9311
2.0263
2.1045
2.2302
2.383
2.5347
2.6673
2.7554
2.7395
2.6411
2.5242
2.3979
2.284
2.1712
2.0318
1.826
1.5226
1.1528
0.74483
0.33862
-0.020006
-0.33976
-0.6084
-0.83172
-1.0174
-1.1689
-1.2916
-1.3577
-1.3774
-1.3154
-1.1535
-0.89091
-0.54703
-0.21399
0.12072
0.48386
0.86728
1.2524
1.643
2.0121
2.3543
2.6775
2.93
3.1228
3.2244
3.2107
3.1116
2.9279
2.6653
2.3254
1.8792
1.3367
0.77431
0.18118
-0.4391
-1.0641
-1.6503
-2.1833
-2.6212
-2.97
-3.1965
-3.284
-3.2721
-3.1398
-2.9043
-2.6055
-2.2117
-1.7313
-1.2051
-0.6611
-0.10635
0.45146
1.0047
1.4942
1.8749
2.1678
2.366
2.4625
2.475
2.3991
2.2683
2.0499
1.7379
1.3346
0.85061
0.30147
-0.29071
-0.9199
-1.5236
-2.0585
-2.5367
-2.989
-3.3771
-3.6875
-3.9191
-4.0664
-4.1027
-4.0073
-3.793
-3.5237
-3.2068
-2.878
-2.5013
-2.082
-1.6648
-1.2888
-0.94212
-0.6449
-0.38365
-0.13029
0.047255
0.15043
0.17849
0.14957
0.071684
-0.048514
-0.20542
-0.40068
-0.61362
-0.83427
-1.0708
-1.339
-1.6375
-1.9581
-2.2718
-2.5602
-2.8243
-3.0758
-3.3292
-3.5857
-3.7824
-3.926
-4.0709
-4.188
-4.239
-4.2327
-4.2135
-4.1754
-4.0892
-3.9674
-3.7969
-3.6219
-3.4623
-3.3167
-3.1534
-2.9666
-2.7348
-2.4907
-2.2437
-2.0136
-1.813
-1.6308
-1.4693
-1.3442
-1.2224
-1.1279
-1.0838
-1.0992
-1.1997
-1.3793
-1.6452
-1.9734
-2.3319
-2.7351
-3.1832
-3.664
-4.1891
-4.7004
-5.1664
-5.5802
-5.9629
-6.3131
-6.5467
-6.7166
-6.794
-6.7972
-6.6938
-6.4694
-6.1323
-5.7641
-5.3634
-4.9304
-4.4463
-3.9064
-3.3467
-2.8184
-2.334
-1.8925
-1.5072
-1.1984
-1.0017
-0.89666
-0.83774
-0.91083
-1.0731
-1.3704
-1.7974
-2.3182
-2.9172
-3.5444
-4.1961
-4.8764
-5.5795
-6.2832
-6.9578
-7.5226
-7.9787
-8.3261
-8.539
-8.6448
-8.6339
-8.5183
-8.3043
-7.9728
-7.5507
-7.0128
-6.3934
-5.7674
-5.1364
-4.5296
-3.9595
-3.4127
-2.9283
-2.5393
-2.2476
-2.0486
-1.9507
-1.9475
-2.0747
-2.3123
-2.5756
-2.9238
-3.3679
-3.9083
-4.5088
-5.152
-5.7898
-6.3913
-6.963
-7.4887
-7.9699
-8.4099
-8.8071
-9.0938
-9.2512
-9.287
-9.2168
-9.0389
-8.7784
-8.4646
-8.1139
-7.7318
-7.3223
-6.8858
-6.4298
-6.0158
-5.6304
-5.3034
-5.0346
-4.7898
-4.5969
-4.4939
-4.4811
-4.5482
-4.6823
-4.8687
-5.0981
-5.3459
-5.5981
-5.86
-6.1391
-6.4427
-6.7753
-7.1285
-7.4922
-7.8075
-8.0654
-8.2886
-8.4854
-8.6563
-8.8268
-9.0052
-9.1205
-9.182
-9.2053
-9.1955
-9.1631
-9.1139
-9.0408
-8.9753
-8.9156
-8.8251
-8.7098
-8.5769
-8.4778
-8.4195
-8.3504
-8.2755
-8.169
-8.0347
-7.9413
-7.8594
-7.7747
-7.6954
-7.618
-7.5454
-7.4878
-7.3911
-7.294
-7.2171
-7.1903
-7.1969
-7.2648
-7.4187
-7.5873
-7.7823
-8.0255
-8.3093
-8.6378
-9.037
-9.4641
-9.8626
-10.243
-10.605
-10.944
-11.248
-11.5
-11.732
-11.924
-12.044
-12.094
-12.054
-11.903
-11.726
-11.513
-11.25
-10.928
-10.534
-10.099
-9.6642
-9.2345
-8.8062
-8.3848
-7.9823
-7.6232
-7.3108
-7.044
-6.8258
-6.699
-6.6882
-6.793
-7.0211
-7.3491
-7.806
-8.3073
-8.8736
-9.4911
-10.18
-10.895
-11.627
-12.321
-12.973
-13.55
-14.012
-14.358
-14.599
-14.738
-14.787
-14.741
-14.588
-14.304
-13.926
-13.452
-12.901
-12.306
-11.65
-10.942
-10.236
-9.5659
-8.9488
-8.3866
-7.8905
-7.4806
-7.2107
-7.0359
-6.9601
-6.995
-7.1407
-7.4095
-7.7931
-8.2718
-8.8391
-9.4922
-10.238
-11.053
-11.865
-12.655
-13.404
-14.072
-14.67
-15.187
-15.634
-15.965
-16.159
-16.215
-16.157
-15.973
-15.668
-15.269
-14.767
-14.169
-13.509
-12.768
-12.007
-11.262
-10.571
-9.9672
-9.4542
-9.0399
-8.7065
-8.4703
-8.3214
-8.2879
-8.3515
-8.5072
-8.7416
-9.0689
-9.5169
-10.042
-10.602
-11.173
-11.747
-12.307
-12.842
-13.391
-13.924
-14.404
-14.841
-15.201
-15.438
-15.573
-15.6
-15.525
-15.353
-15.101
-14.759
-14.334
-13.851
-13.335
-12.803
-12.305
-11.854
-11.432
-11.04
-10.71
-10.444
-10.232
-10.134
-10.131
-10.172
-10.29
-10.493
-10.737
-10.994
-11.28
-11.574
-11.854
-12.125
-12.373
-12.61
-12.836
-13.064
-13.29
-13.45
-13.546
-13.563
-13.49
-13.36
-13.2
-12.989
-12.729
-12.438
-12.097
-11.733
-11.397
-11.097
-10.835
-10.643
-10.52
-10.439
-10.413
-10.448
-10.548
-10.716
-10.955
-11.235
-11.548
-11.875
-12.19
-12.489
-12.785
-13.082
-13.329
-13.506
-13.646
-13.735
-13.77
-13.767
-13.725
-13.603
-13.379
-13.106
-12.771
-12.374
-11.954
-11.513
-11.028
-10.557
-10.096
-9.635
-9.1974
-8.8487
-8.6013
-8.4259
-8.3686
-8.4212
-8.5443
-8.7394
-9.0267
-9.3959
-9.8241
-10.309
-10.845
-11.36
-11.886
-12.407
-12.901
-13.354
-13.775
-14.117
-14.365
-14.558
-14.663
-14.66
-14.588
-14.454
-14.225
-13.883
-13.459
-12.966
-12.383
-11.728
-11.086
-10.433
-9.7523
-9.0888
-8.4859
-7.9214
-7.447
-7.0818
-6.8354
-6.7084
-6.7033
-6.7862
-6.9329
-7.1704
-7.5502
-8.0147
-8.5299
-9.1014
-9.7002
-10.293
-10.907
-11.528
-12.108
-12.62
-13.079
-13.48
-13.799
-14.03
-14.184
-14.238
-14.207
-14.086
-13.846
-13.484
-13.038
-12.498
-11.888
-11.268
-10.65
-9.978
-9.2832
-8.6421
-8.0478
-7.4898
-7.0039
-6.6649
-6.4394
-6.2646
-6.1858
-6.1891
-6.273
-6.4764
-6.7846
-7.1261
-7.522
-7.9657
-8.4401
-8.9417
-9.4482
-9.9496
-10.413
-10.837
-11.24
-11.604
-11.888
-12.116
-12.303
-12.412
-12.418
-12.323
-12.146
-11.871
-11.538
-11.166
-10.765
-10.333
-9.8563
-9.3366
-8.8476
-8.3929
-7.9629
-7.5647
-7.252
-7.0649
-6.9174
-6.7831
-6.7295
-6.7669
-6.8683
-7.0038
-7.1793
-7.3786
-7.6001
-7.8353
-8.1283
-8.4174
-8.6738
-8.9274
-9.1717
-9.3877
-9.576
-9.7251
-9.8431
-9.9162
-9.9397
-9.925
-9.8197
-9.6363
-9.4197
-9.183
-8.9123
-8.6369
-8.3733
-8.0767
-7.7384
-7.44
-7.1887
-6.9757
-6.7979
-6.6719
-6.6467
-6.6505
-6.7024
-6.7802
-6.8978
-7.0862
-7.3199
-7.5334
-7.7439
-7.9683
-8.1961
-8.4109
-8.6343
-8.8289
-8.9545
-9.0327
-9.0879
-9.1034
-9.0462
-8.9445
-8.875
-8.7398
-8.5385
-8.283
-7.9821
-7.6218
-7.225
-6.8629
-6.5203
-6.1649
-5.8217
-5.4956
-5.155
-4.8737
-4.6924
-4.6055
-4.5791
-4.6007
-4.7297
-4.907
-5.1104
-5.3885
-5.7209
-6.1002
-6.4962
-6.9028
-7.3067
-7.6766
-8.0355
-8.4083
-8.7419
-8.9956
-9.1748
-9.3085
-9.3538
-9.3394
-9.2572
-9.1021
-8.9279
-8.7085
-8.4178
-8.0235
-7.5629
-7.0571
-6.5132
-5.9534
-5.4194
-4.9104
-4.3984
-3.8913
-3.4109
-3.0179
-2.7112
-2.4946
-2.3831
-2.3627
-2.4039
-2.5244
-2.7284
-2.9941
-3.3348
-3.7702
-4.282
-4.7771
-5.2736
-5.7958
-6.3038
-6.7957
-7.2847
-7.73
-8.0908
-8.3767
-8.6052
-8.7589
-8.8142
-8.8112
-8.7695
-8.6485
-8.4298
-8.1314
-7.7508
-7.2646
-6.7112
-6.1742
-5.6294
-5.0511
-4.4753
-3.9106
-3.3349
-2.7604
-2.29
-1.9103
-1.5992
-1.3746
-1.2556
-1.1995
-1.2131
-1.3022
-1.4897
-1.7489
-2.0879
-2.4967
-2.9208
-3.3387
-3.7761
-4.2411
-4.7244
-5.1986
-5.6066
-5.9915
-6.322
-6.5841
-6.7821
-6.9437
-7.0215
-7.0671
-7.0809
-7.0179
-6.8418
-6.5898
-6.2754
-5.8647
-5.4247
-4.9901
-4.5393
-4.062
-3.5716
-3.0713
-2.5963
-2.1588
-1.8042
-1.5208
-1.2983
-1.1301
-1.0458
-1.0198
-1.0395
-1.1157
-1.2583
-1.4605
-1.7268
-1.9913
-2.293
-2.6045
-2.9072
-3.2448
-3.5945
-3.8988
-4.1547
-4.3826
-4.5767
-4.7174
-4.7941
-4.8474
-4.8875
-4.8865
-4.834
-4.7324
-4.5878
-4.363
-4.0965
-3.7855
-3.4654
-3.1238
-2.7932
-2.4542
-2.0908
-1.7286
-1.439
-1.2095
-1.0055
-0.86726
-0.79858
-0.7849
-0.80723
-0.87653
-0.9803
-1.1107
-1.2976
-1.5322
-1.8008
-2.0682
-2.327
-2.5894
-2.8484
-3.065
-3.2497
-3.3991
-3.5025
-3.5668
-3.6164
-3.6172
-3.583
-3.5277
-3.4344
-3.2933
-3.1103
-2.8965
-2.6699
-2.4152
-2.1326
-1.7941
-1.4435
-1.1014
-0.7516
-0.40631
-0.11948
0.1151
0.321
0.49261
0.58816
0.61561
0.58877
0.49203
0.32338
0.1311
-0.070619
-0.31245
-0.60457
-0.90728
-1.2407
-1.6019
-1.952
-2.2578
-2.5169
-2.7404
-2.9171
-3.0492
-3.1545
-3.2225
-3.2482
-3.2322
-3.1817
-3.1104
-2.9884
-2.7951
-2.5566
-2.2833
-1.9616
-1.6242
-1.2878
-0.93972
-0.55913
-0.15964
0.20578
0.55347
0.87717
1.1389
1.3363
1.4836
1.5916
1.6408
1.6485
1.6001
1.5052
1.3557
1.1324
0.87553
0.62957
0.36327
0.042303
-0.28631
-0.59782
-0.93688
-1.2798
-1.5519
-1.7869
-2.0311
-2.2474
-2.3965
-2.5146
-2.6273
-2.6905
-2.6886
-2.66
-2.6085
-2.527
-2.4062
-2.2474
-2.0501
-1.816
-1.5622
-1.2966
-1.0543
-0.83769
-0.61099
-0.37447
-0.15238
0.066387
0.27178
0.43546
0.5514
0.65199
0.74981
0.81796
0.86662
0.90073
0.8935
0.85196
0.7742
0.6887
0.6136
0.54762
0.46095
0.35246
0.22996
0.089462
-0.087673
-0.24116
-0.35217
-0.48276
-0.64439
-0.77218
-0.91288
-1.0911
-1.2414
-1.3403
-1.4418
-1.573
-1.6772
-1.7746
-1.8672
-1.9343
-1.9629
-1.9735
-1.9601
-1.9401
-1.9216
-1.8941
-1.8212
-1.7135
-1.5959
-1.4436
-1.2637
-1.0901
-0.91653
-0.69803
-0.45937
-0.21988
0.029319
0.27874
0.48955
0.69344
0.88325
1.0557
1.219
1.3778
1.5029
1.575
1.5971
1.5786
1.4999
1.3989
1.3059
1.1683
0.97182
0.73678
0.47743
0.17221
-0.14167
-0.44469
-0.75763
-1.0892
-1.3951
-1.6868
-1.9962
-2.2662
-2.4768
-2.65
-2.7994
-2.8809
-2.9146
-2.9264
-2.8929
-2.7744
-2.6143
-2.4209
-2.1719
-1.8825
-1.5748
-1.2487
-0.88488
-0.50167
-0.12612
0.24615
0.59129
0.9188
1.2285
1.4958
1.7141
1.9166
2.0927
2.1852
2.198
2.1922
2.126
1.9682
1.7864
1.6051
1.365
1.0608
0.7402
0.40671
0.046048
-0.3235
-0.65727
-0.99274
-1.3285
-1.635
-1.9164
-2.185
-2.3898
-2.5373
-2.6574
-2.712
-2.695
-2.653
-2.5986
-2.4741
-2.2884
-2.0862
-1.8641
-1.5919
-1.2791
-0.98784
-0.70096
-0.38683
-0.058147
0.22772
0.49211
0.74599
0.96459
1.1328
1.2634
1.3682
1.4442
1.4731
1.4549
1.4067
1.3287
1.2055
1.0305
0.84735
0.6822
0.48574
0.24597
0.029347
-0.17405
-0.3988
-0.62283
-0.80586
-0.9678
-1.1334
-1.2898
-1.3911
-1.4703
-1.5248
-1.5349
-1.51
-1.4587
-1.3936
-1.3136
-1.2279
-1.1251
-1.0053
-0.85547
-0.71657
-0.57981
-0.42685
-0.29465
-0.1903
-0.079165
0.044452
0.13252
0.20468
0.28226
0.33918
0.34784
0.34125
0.33892
0.32765
0.29153
0.25075
0.20925
0.14626
0.068601
-0.0066686
-0.088797
-0.17646
-0.24495
-0.30458
-0.36739
-0.42458
-0.46461
-0.51688
-0.56805
-0.59314
-0.60743
-0.62693
-0.63956
-0.62304
-0.60572
-0.59925
-0.57379
-0.52821
-0.49979
-0.47852
-0.42978
-0.37214
-0.33833
-0.2968
-0.24927
-0.22012
-0.21001
-0.18691
-0.14528
-0.12477
-0.11914
-0.081318
-0.040728
-0.029759
-0.022611
-0.023632
-0.036273
-0.067744
-0.079268
-0.092011
-0.11842
-0.13252
-0.13725
-0.17117
-0.21539
-0.25021
-0.28669
-0.34664
-0.39073
-0.4117
-0.44782
-0.51003
-0.55116
-0.57033
-0.61302
-0.66232
-0.67167
-0.68664
-0.72684
-0.75064
-0.74925
-0.75637
-0.75815
-0.72967
-0.69176
-0.64688
-0.60804
-0.55391
-0.49757
-0.45179
-0.39147
-0.31859
-0.24967
-0.18319
-0.094092
-0.0019507
0.065108
0.12518
0.2067
0.27029
0.30881
0.34228
0.38991
0.40774
0.39264
0.38415
0.37342
0.33239
0.27788
0.22506
0.15615
0.061044
-0.03896
-0.14402
-0.26468
-0.3796
-0.47486
-0.5676
-0.67778
-0.78076
-0.87678
-0.97807
-1.0747
-1.1401
-1.1888
-1.237
-1.2719
-1.2714
-1.2801
-1.2798
-1.2543
-1.1856
-1.122
-1.0492
-0.95152
-0.83511
-0.72886
-0.61988
-0.48985
-0.34287
-0.22471
-0.11493
0.018297
0.1507
0.25721
0.35632
0.46997
0.55981
0.61927
0.68131
0.72331
0.72789
0.71606
0.7082
0.68048
0.61616
0.54972
0.46722
0.35402
0.22574
0.10853
-0.014054
-0.1657
-0.31548
-0.45457
-0.60391
-0.77149
-0.92329
-1.054
-1.1825
-1.3099
-1.4137
-1.4987
-1.5923
-1.6819
-1.7337
-1.7622
-1.7814
-1.7713
-1.7313
-1.6772
-1.6108
-1.5256
-1.4201
-1.3039
-1.1906
-1.0612
-0.90525
-0.75424
-0.60107
-0.42471
-0.24117
-0.084955
0.064542
0.22463
0.36971
0.48427
0.59694
0.71238
0.7963
0.84221
0.88427
0.91099
0.90386
0.87378
0.83519
0.76662
0.66169
0.54418
0.41057
0.25388
0.083785
-0.085028
-0.2582
-0.44478
-0.63085
-0.81582
-1.0012
-1.2033
-1.3836
-1.5503
-1.7122
-1.8625
-1.9772
-2.0532
-2.1267
-2.177
-2.201
-2.2022
-2.1924
-2.1473
-2.0681
-1.9655
-1.8438
-1.7072
-1.5525
-1.3801
-1.2087
-1.0337
-0.84535
-0.64629
-0.45969
-0.27278
-0.08542
0.092334
0.25467
0.4038
0.54415
0.65621
0.73053
0.77545
0.8223
0.8415
0.82223
0.78809
0.7306
0.64401
0.53155
0.41004
0.28027
0.13315
-0.031635
-0.20329
-0.37855
-0.57137
-0.76106
-0.93568
-1.1063
-1.2788
-1.4351
-1.5797
-1.7227
-1.8522
-1.9565
-2.0408
-2.1023
-2.1566
-2.1871
-2.1911
-2.1734
-2.1412
-2.0744
-1.9898
-1.9167
-1.8375
-1.7315
-1.6094
-1.4976
-1.3659
-1.2031
-1.0457
-0.9149
-0.77485
-0.61627
-0.48414
-0.38006
-0.26042
-0.13677
-0.04843
0.032978
0.12272
0.20046
0.24375
0.26274
0.27816
0.2725
0.24299
0.20442
0.1686
0.11609
0.037098
-0.040125
-0.13053
-0.23602
-0.3586
-0.47439
-0.59366
-0.72869
-0.87128
-1.0113
-1.1462
-1.2902
-1.4321
-1.5606
-1.6738
-1.7833
-1.8866
-1.9744
-2.052
-2.1269
-2.1842
-2.214
-2.2233
-2.2275
-2.2131
-2.1728
-2.1103
-2.041
-1.9538
-1.8601
-1.7533
-1.6372
-1.5069
-1.3581
-1.1975
-1.055
-0.9089
-0.75242
-0.61075
-0.47978
-0.34992
-0.22801
-0.12054
-0.03134
0.041926
0.10978
0.16565
0.18887
0.19554
0.18498
0.15758
0.092838
0.020243
-0.052345
-0.14038
-0.25515
-0.37372
-0.48676
-0.62279
-0.78054
-0.92855
-1.06
-1.2074
-1.3631
-1.4895
-1.6068
-1.7321
-1.8518
-1.9442
-2.0177
-2.0828
-2.1336
-2.1631
-2.1766
-2.1911
-2.1888
-2.1563
-2.1097
-2.0611
-1.9912
-1.9014
-1.7992
-1.6962
-1.5803
-1.4611
-1.3573
-1.2607
-1.147
-1.0221
-0.90771
-0.79835
-0.69567
-0.59615
-0.52542
-0.47496
-0.43201
-0.39172
-0.36683
-0.35489
-0.34559
-0.3443
-0.36223
-0.39986
-0.44131
-0.48513
-0.53624
-0.60297
-0.67794
-0.75013
-0.82879
-0.91655
-0.9988
-1.0723
-1.1578
-1.2422
-1.3168
-1.377
-1.4456
-1.5061
-1.5555
-1.6047
-1.6483
-1.6877
-1.7079
-1.7202
-1.7242
-1.7225
-1.7181
-1.7192
-1.7123
-1.7029
-1.6866
-1.652
-1.6105
-1.5717
-1.5257
-1.4722
-1.4364
-1.4083
-1.3616
-1.2957
-1.2448
-1.2083
-1.1574
-1.103
-1.0701
-1.0412
-1.0007
-0.95721
-0.91649
-0.89648
-0.87311
-0.84787
-0.84401
-0.8518
-0.84267
-0.82876
-0.8294
-0.84544
-0.84514
-0.84495
-0.86653
-0.89965
-0.92894
-0.97008
-1.0161
-1.0632
-1.0916
-1.1161
-1.1733
-1.2281
-1.266
-1.3139
-1.3696
-1.4189
-1.4467
-1.4736
-1.5097
-1.5452
-1.58
-1.6145
-1.6365
-1.6492
-1.6428
-1.6225
-1.6065
-1.6022
-1.5872
-1.561
-1.5412
-1.5139
-1.4757
-1.4285
-1.3898
-1.344
-1.2972
-1.2396
-1.1873
-1.1496
-1.122
-1.0874
-1.0549
-1.0315
-1.0121
-0.98679
-0.96538
-0.96997
-0.98547
-0.99126
-1.0001
-1.0254
-1.0447
-1.0673
-1.0985
-1.1539
-1.1975
-1.2256
-1.2476
-1.277
-1.2996
-1.3279
-1.363
-1.3956
-1.4279
-1.4358
-1.4356
-1.4446
-1.4461
-1.4324
-1.4154
-1.4068
-1.3975
-1.372
-1.3456
-1.3234
-1.2983
-1.2626
-1.2184
-1.1766
-1.1485
-1.112
-1.0722
-1.051
-1.0383
-1.0157
-0.98571
-0.97649
-0.97304
-0.96589
