0.00033889
0.00096533
0.0012253
0.002169
0.0026957
0.0029106
0.0038598
0.004938
0.0051481
0.0060158
0.0065728
0.0075963
0.00809
0.0089927
0.0097096
0.010513
0.011004
0.011834
0.012435
0.012568
0.012961
0.012817
0.012689
0.012171
0.010779
0.010456
0.0095074
0.0085978
0.008078
0.006918
0.005896
0.0053846
0.0042106
0.0030292
0.002217
0.00087855
-0.0012062
-0.0026872
-0.004123
-0.0052898
-0.0071672
-0.0080548
-0.0091333
-0.010641
-0.011712
-0.012496
-0.013362
-0.01398
-0.014009
-0.014572
-0.01464
-0.013642
-0.012661
-0.01173
-0.01092
-0.0096351
-0.0086315
-0.0074519
-0.006405
-0.0053969
-0.004238
-0.002897
-0.0018215
-0.00097554
-0.00024044
0.00089016
0.0015561
0.0028134
0.0034464
0.0038095
0.0037971
0.0050164
0.0053622
0.0056649
0.005926
0.0062791
0.0065204
0.0068883
0.0067577
0.0071015
0.0071023
0.0077684
0.0078343
0.0083827
0.0084012
0.0088938
0.0090264
0.0091699
0.0095254
0.0098219
0.010018
0.0099486
0.010005
0.009826
0.0095536
0.0096207
0.0091919
0.0090167
0.0088565
0.0087672
0.0082539
0.0081547
0.008102
0.0077871
0.0072288
0.0076224
0.0077137
0.00744
0.0071234
0.0067416
0.0061831
0.0058656
0.0054106
0.0050408
0.0045264
0.0042849
0.0041497
0.0035063
0.0033474
0.0034631
0.0032161
0.0030757
0.0029179
0.0030204
0.0028452
0.0032826
0.0033325
0.0036804
0.0037855
0.0035735
0.0033897
0.0040526
0.0042086
0.0045555
0.004892
0.0055158
0.0056795
0.0065032
0.0063447
0.007099
0.007477
0.007914
0.0082228
0.0085031
0.0088847
0.009089
0.0095118
0.010146
0.010175
0.010626
0.010464
0.010916
0.010727
0.011153
0.011224
0.011682
0.011719
0.01186
0.011652
0.011729
0.011968
0.011842
0.011603
0.0116
0.011461
0.010778
0.010151
0.010175
0.0098825
0.0092833
0.0092807
0.0095131
0.0092007
0.0091239
0.0088533
0.0084401
0.0082081
0.0079461
0.0075707
0.0075135
0.0070883
0.0069696
0.0063891
0.0055981
0.0053745
0.0052832
0.0051866
0.0050788
0.0050512
0.004985
0.0050961
0.0052132
0.0055615
0.0055738
0.0057546
0.0058054
0.006327
0.0062678
0.0064403
0.0064805
0.0069458
0.0072111
0.0075806
0.0074448
0.007886
0.0083655
0.0086225
0.0090801
0.0094103
0.0097691
0.0099201
0.01023
0.010673
0.010674
0.01119
0.011193
0.011202
0.011075
0.011117
0.011142
0.011329
0.011525
0.011603
0.011527
0.011483
0.011855
0.011687
0.011467
0.011525
0.011269
0.010943
0.010222
0.0098341
0.0092158
0.0087041
0.0083846
0.0082381
0.0077689
0.0075185
0.0072409
0.0068617
0.0064587
0.0062313
0.0057041
0.0055992
0.0053015
0.0052026
0.0048663
0.0042442
0.0040522
0.0039594
0.0038266
0.0040254
0.0041271
0.0042288
0.0043585
0.004747
0.0050546
0.0052049
0.0054178
0.0057828
0.0060295
0.0063533
0.0066515
0.0067027
0.0070068
0.0075205
0.0074955
0.0076196
0.0077967
0.0083832
0.0085974
0.0091847
0.009501
0.010014
0.0101
0.0105
0.010749
0.010795
0.011224
0.011352
0.01129
0.011271
0.011157
0.011376
0.011243
0.011507
0.011432
0.011432
0.01136
0.011681
0.011674
0.011601
0.011627
0.011069
0.011177
0.010637
0.010183
0.0095733
0.0089153
0.0087618
0.0085826
0.0079652
0.0077134
0.0075026
0.0071249
0.0067555
0.0065926
0.0062404
0.006083
0.0058377
0.0057464
0.005333
0.0048469
0.0045728
0.0044421
0.0042073
0.0044005
0.0044925
0.0046007
0.0047326
0.0051709
0.0053654
0.00575
0.0059814
0.0065738
0.0068164
0.0075637
0.0079056
0.0082899
0.0088469
0.0096596
0.0099483
0.010498
0.0112
0.012298
0.012892
0.013918
0.014653
0.015533
0.016116
0.017089
0.017799
0.018305
0.019159
0.01984
0.020121
0.020628
0.02075
0.021133
0.021303
0.021663
0.021695
0.021649
0.020939
0.020973
0.020634
0.019945
0.019489
0.018611
0.017578
0.01605
0.01468
0.01299
0.011239
0.010093
0.0089256
0.0074328
0.0063292
0.0050175
0.0035127
0.0020371
0.00061308
-0.0008137
-0.0018639
-0.0029764
-0.0034773
-0.0038448
-0.0039835
-0.0035966
-0.0032701
-0.0028175
-0.0017522
-0.00096301
1.0935e-005
0.0010276
0.0022232
0.0034286
0.0049048
0.0061536
0.0076597
0.0091237
0.010682
0.011815
0.012896
0.014127
0.015388
0.016292
0.017037
0.0178
0.018666
0.018979
0.01983
0.02025
0.020596
0.020674
0.020933
0.021223
0.021237
0.021752
0.02197
0.022053
0.022085
0.022102
0.022138
0.022193
0.022335
0.022367
0.022412
0.022544
0.022861
0.022998
0.022835
0.022975
0.022824
0.022553
0.021872
0.021505
0.020857
0.02037
0.0201
0.020091
0.019733
0.019704
0.01956
0.019225
0.018846
0.018506
0.018018
0.017872
0.017549
0.017509
0.01701
0.01633
0.016095
0.015935
0.015743
0.015703
0.015592
0.015443
0.015486
0.015607
0.015888
0.015988
0.016188
0.0163
0.016676
0.016786
0.016835
0.017004
0.017503
0.017738
0.01832
0.018177
0.018842
0.019347
0.019832
0.020264
0.020759
0.021211
0.021335
0.021494
0.021952
0.021893
0.022376
0.022306
0.022735
0.022665
0.02298
0.023015
0.023481
0.023423
0.023506
0.023332
0.023468
0.023814
0.023933
0.023805
0.023881
0.023843
0.023111
0.022635
0.022558
0.022167
0.02163
0.021594
0.021827
0.021641
0.0215
0.021322
0.02045
0.019592
0.019024
0.017645
0.016946
0.01643
0.01532
0.013579
0.012767
0.011919
0.011265
0.010144
0.0095517
0.0085758
0.0075812
0.0071084
0.0065997
0.0060569
0.0053805
0.0053827
0.0047726
0.0057622
0.0057906
0.0065223
0.008054
0.008887
0.010023
0.011704
0.012094
0.013917
0.015231
0.016156
0.01768
0.019163
0.02029
0.021605
0.024095
0.025937
0.027347
0.028646
0.030531
0.031888
0.03281
0.03482
0.036046
0.037254
0.037899
0.038616
0.038324
0.038733
0.038975
0.037456
0.036191
0.035167
0.03431
0.03268
0.03131
0.030041
0.028366
0.02647
0.025556
0.024295
0.022907
0.021718
0.020654
0.01888
0.017869
0.016025
0.014938
0.013901
0.013651
0.012315
0.011381
0.010988
0.01095
0.010446
0.010098
0.0098396
0.0099972
0.0094402
0.0097829
0.0093384
0.0094507
0.0089545
0.008398
0.0081453
0.0082855
0.0088725
0.0088269
0.0088623
0.0089284
0.0097969
0.010098
0.010611
0.011209
0.011587
0.012318
0.012997
0.013194
0.013623
0.014031
0.014766
0.014771
0.015577
0.016089
0.016306
0.016218
0.01687
0.0175
0.018172
0.018643
0.018968
0.019272
0.019478
0.019512
0.01967
0.019581
0.019999
0.019901
0.019705
0.020016
0.019476
0.019119
0.018661
0.018706
0.017851
0.017692
0.017119
0.016301
0.015989
0.015938
0.014681
0.014019
0.013412
0.012432
0.011626
0.011429
0.010645
0.010648
0.0094667
0.0093616
0.0086905
0.0082353
0.0077826
0.0074018
0.0071629
0.0069639
0.0064946
0.0061555
0.0058961
0.0064609
0.0060409
0.0068455
0.0070076
0.007361
0.0068308
0.0078931
0.0082844
0.0088649
0.0094812
0.0096451
0.010475
0.011094
0.011743
0.012485
0.013816
0.015085
0.015838
0.016985
0.018205
0.019066
0.019345
0.020246
0.021
0.021143
0.022334
0.023063
0.024026
0.024946
0.025647
0.026365
0.027076
0.027783
0.028703
0.02924
0.028676
0.028496
0.02807
0.027246
0.026065
0.024358
0.023857
0.022543
0.021108
0.019795
0.01853
0.016502
0.01512
0.0136
0.012144
0.010581
0.0080566
0.0057784
0.0038604
0.0010798
-0.0013915
-0.0033149
-0.0051725
-0.0059473
-0.0064516
-0.0062206
-0.0059767
-0.0055638
-0.0047569
-0.0039374
-0.0029132
-0.0014833
-0.0001162
0.0013439
0.0025664
0.0036291
0.0049112
0.0066218
0.0080999
0.0094934
0.010607
0.012551
0.014035
0.015346
0.016627
0.017925
0.019175
0.020122
0.021231
0.021904
0.022915
0.023094
0.02363
0.023807
0.024175
0.024448
0.025107
0.025504
0.026126
0.026275
0.026653
0.026746
0.026969
0.027366
0.027567
0.027489
0.026923
0.02617
0.02592
0.025453
0.024831
0.024368
0.024194
0.02372
0.023294
0.022681
0.021979
0.021374
0.020732
0.020295
0.019733
0.01898
0.018864
0.017982
0.017375
0.016907
0.016514
0.015846
0.015465
0.014937
0.014641
0.014697
0.014568
0.014894
0.014535
0.014151
0.013916
0.014572
0.014628
0.014713
0.015136
0.015408
0.015857
0.016533
0.016783
0.017002
0.017247
0.017583
0.017869
0.018493
0.018663
0.01924
0.020398
0.021312
0.022385
0.022677
0.023256
0.024073
0.024453
0.025017
0.025707
0.026412
0.026656
0.0272
0.027248
0.027272
0.027497
0.027651
0.027899
0.028073
0.028303
0.028589
0.028081
0.027758
0.027315
0.027158
0.026761
0.026555
0.025939
0.025026
0.024021
0.023381
0.02221
0.021343
0.020724
0.019601
0.018748
0.01842
0.017938
0.017117
0.015535
0.015079
0.013781
0.012902
0.011735
0.011236
0.010253
0.0097918
0.0093609
0.0078557
0.0072981
0.0071481
0.0066753
0.0069466
0.0070277
0.0070401
0.0064243
0.0073558
0.007736
0.0084183
0.0088624
0.0094621
0.010482
0.011082
0.012279
0.013499
0.015461
0.017088
0.019228
0.02145
0.022866
0.02442
0.025931
0.02715
0.028669
0.029656
0.031291
0.03246
0.034044
0.035126
0.036352
0.036868
0.037425
0.037208
0.036727
0.036405
0.035139
0.034014
0.033017
0.031605
0.029831
0.027844
0.026618
0.024988
0.02313
0.021319
0.019498
0.017527
0.01594
0.014566
0.013094
0.011773
0.010681
0.0097104
0.0086052
0.0069023
0.0060171
0.0046725
0.0037526
0.0033933
0.0031714
0.0029442
0.0028116
0.0031214
0.0028879
0.0028497
0.0029491
0.0030933
0.0034506
0.0036224
0.0038517
0.0039398
0.0046137
0.0050548
0.005559
0.0052625
0.0058413
0.0065968
0.0069214
0.0074707
0.0081393
0.0092485
0.0097802
0.010928
0.012027
0.012277
0.012778
0.01293
0.013268
0.013154
0.013825
0.014069
0.014909
0.01527
0.015634
0.015801
0.01589
0.016388
0.01679
0.016529
0.016601
0.016697
0.015936
0.015897
0.016038
0.015645
0.014642
0.01453
0.014462
0.01393
0.013436
0.012654
0.011817
0.011389
0.010641
0.0097154
0.0089417
0.0082124
0.0083541
0.0071821
0.0067822
0.0063324
0.0057397
0.0050763
0.0046604
0.0044272
0.0041946
0.0039758
0.00435
0.003925
0.0037137
0.002921
0.0032226
0.0031131
0.0036213
0.0035029
0.0038994
0.0038682
0.0051566
0.005487
0.0057091
0.0061248
0.0066861
0.0070572
0.0077368
0.008596
0.0096956
0.010073
0.011357
0.012337
0.013399
0.013549
0.014639
0.014901
0.015726
0.016925
0.017165
0.0176
0.018261
0.018598
0.019173
0.019391
0.020375
0.021206
0.021337
0.021359
0.021459
0.021357
0.021024
0.021177
0.02072
0.020569
0.019325
0.019309
0.018531
0.017593
0.015827
0.014972
0.013482
0.012307
0.010689
0.0093887
0.0077509
0.0069232
0.0043562
0.0018609
-0.0015378
-0.0045004
-0.007455
-0.010633
-0.01261
-0.014745
-0.016622
-0.018106
-0.019021
-0.020053
-0.020898
-0.020833
-0.020782
-0.019995
-0.019371
-0.018357
-0.017327
-0.01541
-0.013329
-0.012165
-0.010174
-0.0083574
-0.0063735
-0.0048368
-0.0027376
-0.00080432
0.0010091
0.0029905
0.0057002
0.0069873
0.0080348
0.0098531
0.011199
0.011671
0.012533
0.013158
0.014319
0.01492
0.016298
0.017195
0.017789
0.018453
0.018763
0.018544
0.018507
0.018964
0.019422
0.019054
0.019269
0.018799
0.018326
0.018495
0.018485
0.019311
0.018912
0.018735
0.018482
0.017864
0.018414
0.017861
0.017056
0.017257
0.016821
0.016785
0.016202
0.016485
0.01637
0.015257
0.014906
0.015071
0.015276
0.015696
0.016392
0.01619
0.015782
0.015719
0.015237
0.016089
0.016532
0.018191
0.019369
0.021004
0.021961
0.023554
0.024842
0.025769
0.027829
0.029202
0.029929
0.030451
0.032595
0.034272
0.035548
0.033443
0.031013
0.030784
0.03104
0.029476
0.030343
0.0307
0.028499
0.029864
0.029912
0.027853
0.025328
0.025011
0.024024
0.021625
0.021633
0.019546
0.017358
0.016233
0.014818
0.012491
0.010149
0.0075577
0.0050967
0.0031174
0.00053596
-0.0021291
-0.0044345
-0.0075322
-0.0106
-0.013428
-0.014498
-0.018272
-0.020861
-0.019303
-0.02282
-0.025421
-0.02898
-0.032352
-0.036109
-0.039838
-0.043675
-0.047598
-0.051656
-0.055815
-0.059696
-0.063769
-0.067476
-0.071228
-0.075128
-0.078128
-0.081852
-0.085253
-0.08872
-0.091963
-0.09516
-0.097855
-0.10076
-0.10307
-0.10534
-0.10767
-0.10892
-0.11051
-0.11189
-0.11292
-0.11348
-0.1138
-0.11533
-0.11628
-0.11699
-0.11814
-0.11936
-0.12052
-0.12193
-0.12368
-0.12558
-0.12801
-0.12945
-0.13136
-0.13325
-0.13488
-0.13692
-0.13919
-0.14163
-0.14488
-0.1483
-0.15225
-0.15627
-0.1605
-0.16451
-0.16893
-0.17271
-0.17653
-0.1798
-0.18294
-0.18565
-0.18823
-0.19098
-0.19422
-0.19725
-0.20035
-0.20371
-0.20741
-0.21064
-0.21406
-0.21743
-0.22104
-0.22452
-0.2283
-0.23234
-0.23521
-0.23537
-0.23966
-0.244
-0.24564
-0.24964
-0.25334
-0.25736
-0.26123
-0.26495
-0.26844
-0.27165
-0.27455
-0.27708
-0.27921
-0.28134
-0.28314
-0.28426
-0.28546
-0.28702
-0.2883
-0.28951
-0.29119
-0.29318
-0.29486
-0.2968
-0.29869
-0.3005
-0.30275
-0.30425
-0.30672
-0.30933
-0.31191
-0.31462
-0.31691
-0.31704
-0.31872
-0.32103
-0.32323
-0.32657
-0.32693
-0.32824
-0.33165
-0.3316
-0.33321
-0.33278
-0.33211
-0.32997
-0.3315
-0.33283
-0.33572
-0.33941
-0.34243
-0.34445
-0.34726
-0.34929
-0.35182
-0.35371
-0.35551
-0.35759
-0.35933
-0.36134
-0.36317
-0.36587
-0.36682
-0.36649
-0.36766
-0.36515
-0.36312
-0.36263
-0.35713
-0.35182
-0.35367
-0.34991
-0.34663
-0.35272
-0.35307
-0.35395
-0.35694
-0.3595
-0.35766
-0.35981
-0.35462
-0.35615
-0.36191
-0.35997
-0.36022
-0.36022
-0.35715
-0.3599
-0.35846
-0.35896
-0.36079
-0.36451
-0.36593
-0.36629
-0.37025
-0.37171
-0.37482
-0.37908
-0.37682
-0.37516
-0.37347
-0.3696
-0.3673
-0.36236
-0.35433
-0.34707
-0.34849
-0.34359
-0.33831
-0.33817
-0.34049
-0.3385
-0.33427
-0.33925
-0.33704
-0.33697
-0.33959
-0.34294
-0.34198
-0.34358
-0.347
-0.34388
-0.3437
-0.34853
-0.34877
-0.34302
-0.34498
-0.35142
-0.3511
-0.35161
-0.35882
-0.36067
-0.3603
-0.3632
-0.3676
-0.36517
-0.36228
-0.36121
-0.36043
-0.35225
-0.35035
-0.3507
-0.34628
-0.33737
-0.33801
-0.3387
-0.33624
-0.33422
-0.33613
-0.33803
-0.33519
-0.33818
-0.34141
-0.34175
-0.33956
-0.33604
-0.33559
-0.33715
-0.33309
-0.33266
-0.33122
-0.33013
-0.32994
-0.3299
-0.33036
-0.33072
-0.33
-0.33145
-0.33411
-0.3343
-0.33299
-0.33026
-0.32954
-0.32962
-0.32207
-0.31635
-0.31511
-0.31001
-0.30684
-0.30358
-0.30089
-0.30279
-0.30358
-0.30478
-0.30637
-0.30976
-0.31205
-0.3121
-0.31258
-0.31371
-0.31707
-0.31578
-0.31366
-0.31503
-0.31295
-0.3145
-0.31625
-0.31656
-0.31737
-0.3186
-0.32093
-0.32352
-0.32474
-0.32717
-0.3259
-0.32224
-0.31847
-0.31508
-0.31407
-0.30753
-0.3034
-0.29646
-0.29276
-0.2907
-0.29194
-0.29148
-0.29195
-0.2942
-0.29592
-0.29651
-0.29726
-0.29905
-0.29936
-0.29968
-0.29591
-0.29234
-0.29176
-0.29162
-0.29268
-0.29752
-0.29943
-0.30092
-0.30133
-0.30325
-0.30554
-0.30832
-0.31242
-0.31166
-0.31018
-0.30559
-0.3004
-0.29673
-0.2946
-0.29153
-0.29165
-0.29122
-0.28734
-0.28567
-0.28304
-0.28584
-0.28702
-0.28648
-0.28917
-0.28651
-0.28511
-0.28072
-0.27897
-0.27818
-0.27723
-0.27897
-0.28221
-0.28543
-0.28502
-0.28398
-0.28383
-0.29124
-0.29463
-0.29791
-0.30134
-0.29908
-0.2994
-0.29506
-0.29332
-0.29257
-0.2921
-0.28997
-0.29163
-0.29613
-0.29781
-0.29756
-0.29401
-0.28877
-0.29129
-0.29724
-0.29944
-0.29579
-0.29228
-0.28824
-0.28584
-0.28404
-0.27982
-0.27787
-0.27279
-0.27057
-0.27538
-0.27708
-0.28025
-0.28227
-0.27928
-0.27349
-0.27418
-0.27839
-0.28036
-0.27718
-0.27203
-0.27172
-0.27426
-0.27531
-0.27654
-0.276
-0.26959
-0.2706
-0.28055
-0.28379
-0.28585
-0.28688
-0.28549
-0.28562
-0.2815
-0.28277
-0.2851
-0.283
-0.27715
-0.27189
-0.27193
-0.28082
-0.28693
-0.29395
-0.29785
-0.296
-0.29166
-0.29166
-0.29727
-0.30338
-0.30119
-0.2979
-0.29739
-0.30025
-0.30362
-0.30791
-0.31199
-0.31286
-0.30541
-0.30555
-0.31075
-0.31595
-0.32216
-0.32265
-0.31785
-0.31197
-0.30813
-0.30873
-0.30946
-0.31253
-0.31273
-0.30842
-0.29892
-0.30113
-0.3082
-0.3088
-0.31312
-0.31679
-0.31116
-0.30914
-0.30567
-0.30594
-0.30797
-0.30923
-0.30762
-0.30017
-0.28818
-0.29243
-0.303
-0.30774
-0.31627
-0.32056
-0.31826
-0.31372
-0.30709
-0.30671
-0.31279
-0.31333
-0.30915
-0.30063
-0.28784
-0.28346
-0.29297
-0.29964
-0.30363
-0.30796
-0.30629
-0.29677
-0.28746
-0.28139
-0.2867
-0.29133
-0.28895
-0.28053
-0.2664
-0.25473
-0.25786
-0.26448
-0.26866
-0.27777
-0.28037
-0.27438
-0.26256
-0.2536
-0.2494
-0.25658
-0.25995
-0.25247
-0.24015
-0.22477
-0.21414
-0.21667
-0.21959
-0.222
-0.22952
-0.23317
-0.22685
-0.21149
-0.20518
-0.19868
-0.20466
-0.2089
-0.20176
-0.18991
-0.1725
-0.15838
-0.15787
-0.16073
-0.16224
-0.17062
-0.17531
-0.17157
-0.15858
-0.14731
-0.13761
-0.14056
-0.14757
-0.14617
-0.13849
-0.12265
-0.10597
-0.096783
-0.10139
-0.10363
-0.1084
-0.11626
-0.11474
-0.10791
-0.098917
-0.085337
-0.077754
-0.08006
-0.084478
-0.084166
-0.080382
-0.06674
-0.046932
-0.043302
-0.049209
-0.049664
-0.052354
-0.050517
-0.050812
-0.041986
-0.032551
-0.020216
-0.0080075
-0.004478
-0.0084765
-0.017112
-0.02075
-0.013782
0.0024835
0.0084219
0.0082143
0.0085341
0.0060884
0.0029102
0.0053884
0.014107
0.023279
0.034601
0.045593
0.04844
0.045827
0.038999
0.031091
0.027331
0.036512
0.046368
0.051959
0.054714
0.058567
0.052775
0.052231
0.055883
0.06758
0.077481
0.085988
0.094493
0.095683
0.093139
0.089704
0.079635
0.076517
0.080977
0.093302
0.103
0.1138
0.11598
0.11113
0.10866
0.11356
0.11877
0.12734
0.13852
0.14461
0.14108
0.13773
0.13354
0.13322
0.13242
0.14056
0.14755
0.15763
0.17264
0.18466
0.1816
0.17552
0.16386
0.15738
0.15902
0.16562
0.17239
0.17263
0.17239
0.17614
0.16835
0.16696
0.17249
0.17877
0.18046
0.1878
0.19506
0.19557
0.19288
0.18654
0.17761
0.17225
0.17326
0.18308
0.18958
0.20145
0.20969
0.21026
0.20791
0.20805
0.20952
0.20826
0.21448
0.22115
0.21762
0.21123
0.20316
0.19603
0.18313
0.18797
0.18923
0.19355
0.21016
0.22104
0.22625
0.22681
0.22213
0.20828
0.20102
0.18884
0.1879
0.19818
0.1993
0.20826
0.20819
0.2031
0.20124
0.19976
0.20768
0.21352
0.22062
0.22881
0.23046
0.22885
0.22213
0.2163
0.21374
0.2113
0.21353
0.22224
0.22568
0.23458
0.24017
0.23179
0.2146
0.20794
0.19086
0.17859
0.17467
0.17615
0.17615
0.17249
0.17963
0.17421
0.16759
0.16664
0.17126
0.17717
0.18086
0.19112
0.18772
0.18512
0.18127
0.16975
0.15386
0.14728
0.15549
0.15844
0.16913
0.18375
0.19649
0.20607
0.20653
0.20307
0.19235
0.18011
0.17239
0.1701
0.16273
0.16265
0.16549
0.16253
0.15237
0.14763
0.14743
0.14831
0.15321
0.15908
0.17041
0.16743
0.16883
0.16495
0.15472
0.14345
0.13229
0.13309
0.1378
0.14386
0.15127
0.16054
0.17006
0.16892
0.16183
0.15555
0.14642
0.14
0.13873
0.14249
0.14485
0.14731
0.14593
0.14462
0.14048
0.13064
0.1255
0.13086
0.12821
0.13221
0.13047
0.12667
0.12369
0.11479
0.10695
0.10018
0.10184
0.10291
0.11032
0.11751
0.12821
0.14161
0.14287
0.13452
0.12946
0.11689
0.10931
0.10527
0.10365
0.10715
0.11382
0.11969
0.12372
0.12446
0.1237
0.11936
0.12096
0.11778
0.11649
0.12123
0.11647
0.11355
0.10382
0.093445
0.084149
0.082433
0.082008
0.086749
0.095587
0.10688
0.11505
0.12318
0.12352
0.11961
0.1131
0.098939
0.086592
0.081682
0.081803
0.088065
0.10019
0.10873
0.11496
0.1174
0.11637
0.11886
0.12034
0.12023
0.12059
0.12089
0.1201
0.11436
0.10874
0.10371
0.096568
0.094551
0.095581
0.094399
0.099529
0.10054
0.1102
0.11521
0.11372
0.11407
0.10373
0.093604
0.080082
0.073278
0.072827
0.077758
0.084723
0.097487
0.10753
0.11372
0.1111
0.10726
0.10763
0.10395
0.10355
0.10607
0.10232
0.10323
0.10076
0.09822
0.098431
0.094181
0.089772
0.092817
0.10234
0.10759
0.11385
0.11506
0.11187
0.11538
0.11979
0.11531
0.10561
0.10031
0.0978
0.10124
0.10664
0.11026
0.11824
0.12032
0.119
0.12208
0.11967
0.11561
0.11157
0.10837
0.10377
0.10885
0.12118
0.13131
0.13429
0.13374
0.13194
0.13417
0.13284
0.12816
0.12493
0.11886
0.12198
0.12883
0.13033
0.13089
0.12756
0.12382
0.12173
0.11706
0.12297
0.12973
0.13287
0.1328
0.12899
0.12815
0.13315
0.13361
0.13109
0.12764
0.1252
0.12452
0.13052
0.14482
0.15828
0.16519
0.16551
0.16267
0.16002
0.1542
0.15061
0.14858
0.14683
0.14023
0.14381
0.15385
0.16496
0.17218
0.17188
0.16485
0.16033
0.15606
0.15533
0.15826
0.1621
0.16563
0.15955
0.14689
0.14631
0.15014
0.14998
0.15482
0.16084
0.16313
0.16568
0.17001
0.17348
0.1756
0.17409
0.16682
0.15142
0.13063
0.12863
0.13959
0.1488
0.16271
0.17501
0.17981
0.18392
0.17675
0.17132
0.17014
0.15888
0.14628
0.13293
0.11721
0.11181
0.1235
0.13239
0.14218
0.14803
0.14369
0.13155
0.12799
0.12158
0.12784
0.13798
0.13591
0.13015
0.11716
0.10387
0.10394
0.10896
0.11527
0.12642
0.13488
0.13844
0.13375
0.13516
0.13563
0.14521
0.1481
0.13576
0.11722
0.095688
0.080958
0.088111
0.0995
0.11215
0.13122
0.14431
0.14926
0.13639
0.12477
0.11292
0.11222
0.11293
0.10428
0.092856
0.07901
0.070663
0.07642
0.086019
0.089728
0.098381
0.10481
0.10734
0.098401
0.092544
0.086817
0.093484
0.1057
0.10389
0.093497
0.075683
0.057705
0.049931
0.05701
0.064377
0.077486
0.091693
0.09947
0.095813
0.087955
0.073571
0.060085
0.054546
0.049935
0.044141
0.042979
0.036342
0.025584
0.033764
0.050669
0.063226
0.069903
0.068039
0.063179
0.04875
0.036003
0.022189
0.010533
0.010841
0.020817
0.035832
0.04646
0.043512
0.028543
0.023695
0.028378
0.030107
0.034323
0.040852
0.041026
0.036446
0.025995
0.011153
-0.00218
-0.0066303
-0.002716
0.0053916
0.018877
0.032233
0.030188
0.029786
0.030147
0.028934
0.027318
0.031237
0.025975
0.011897
-0.0031587
-0.0090217
-0.012794
-0.010092
0.00043047
0.015821
0.033107
0.049637
0.051845
0.043363
0.023135
0.0070485
-0.0079847
-0.011766
-0.004432
0.004028
0.00566
0.0058039
0.0014554
-0.0088033
-0.013928
-0.0083672
-0.0040629
-0.0010193
0.0025847
0.0065294
0.0028213
-0.0043448
-0.015357
-0.030243
-0.04248
-0.03651
-0.030208
-0.015907
-0.0011556
0.005618
0.0079653
0.010828
0.010091
0.012045
0.007626
0.0074543
0.00054682
-0.012919
-0.020027
-0.022325
-0.021278
-0.019755
-0.0081906
0.0090694
0.022699
0.029806
0.032693
0.023789
0.0059295
-0.0070505
-0.022599
-0.02908
-0.023319
-0.011714
-0.0056938
0.00049683
0.0039928
-0.0026074
-0.0096851
-0.011578
-0.012221
-0.0047834
-0.0032408
0.0055484
0.00018559
-0.0072102
-0.016552
-0.029895
-0.039279
-0.047608
-0.044175
-0.031292
-0.013145
0.0018435
0.015219
0.017453
0.015321
0.011229
-0.0033546
-0.012365
-0.017481
-0.012281
-0.012629
-0.013227
-0.0098798
-0.0043953
0.0006275
0.0063284
0.0099497
0.016361
0.016988
0.014333
0.0059882
-0.0033809
-0.015977
-0.018839
-0.020833
-0.02595
-0.018052
-0.004256
0.0052836
0.016143
0.021384
0.017946
0.017524
0.014859
0.01493
0.010795
0.013862
0.020311
0.019783
0.020744
0.0089799
0.0058294
0.0038068
0.0079745
0.014504
0.029686
0.041302
0.053586
0.062173
0.05575
0.043483
0.027755
0.020091
0.0069558
0.0020302
0.0093411
0.025611
0.044169
0.061692
0.066203
0.068053
0.061159
0.050146
0.038669
0.03032
0.027701
0.037625
0.048572
0.051199
0.053484
0.055581
0.050401
0.050864
0.050088
0.047865
0.056093
0.064363
0.072853
0.070954
0.06903
0.059621
0.051369
0.043354
0.029074
0.029572
0.04115
0.053186
0.066473
0.081661
0.085039
0.08738
0.087611
0.080048
0.071822
0.067648
0.070399
0.071862
0.074516
0.072654
0.077278
0.079938
0.087062
0.085153
0.091034
0.096418
0.096853
0.097495
0.090698
0.086167
0.082866
0.083804
0.080794
0.079599
0.083345
0.093411
0.098791
0.10647
0.10458
0.10558
0.10482
0.10056
0.092325
0.088676
0.086685
0.087155
0.091694
0.091124
0.083793
0.087424
0.088826
0.085153
0.090598
0.089225
0.095097
0.10478
0.10993
0.1063
0.10256
0.096966
0.089291
0.08229
0.07955
0.078938
0.090769
0.10494
0.11027
0.12292
0.12942
0.1265
0.11953
0.1091
0.094022
0.090166
0.092523
0.097099
0.10843
0.11525
0.12096
0.12521
0.12108
0.10887
0.099522
0.097054
0.095626
0.09318
0.098775
0.10092
0.098605
0.099711
0.08792
0.081045
0.077401
0.076313
0.078206
0.084312
0.089957
0.10114
0.11253
0.11675
0.10871
0.098888
0.092536
0.080214
0.074219
0.071234
0.077426
0.088936
0.10649
0.11322
0.11901
0.11769
0.11274
0.10609
0.098009
0.088887
0.089481
0.10127
0.10897
0.11539
0.11745
0.11876
0.11263
0.1049
0.092746
0.084524
0.081676
0.084843
0.085988
0.090446
0.089915
0.084286
0.080253
0.068861
0.055377
0.051118
0.053095
0.056841
0.067602
0.076407
0.085835
0.09033
0.089304
0.079681
0.06999
0.061521
0.055793
0.052284
0.056926
0.060912
0.071592
0.086623
0.087298
0.088063
0.083982
0.078942
0.071844
0.064956
0.058851
0.062802
0.069496
0.074588
0.076153
0.077447
0.073224
0.066536
0.060616
0.049742
0.044539
0.044128
0.048645
0.051469
0.052596
0.049123
0.044296
0.036337
0.025183
0.011783
0.011314
0.015134
0.020682
0.03522
0.044095
0.05045
0.054135
0.051501
0.04271
0.035433
0.025896
0.024727
0.025301
0.029829
0.031893
0.040614
0.05145
0.048954
0.049511
0.045945
0.041577
0.037083
0.031582
0.026933
0.031474
0.035487
0.03953
0.040425
0.04363
0.039623
0.036191
0.032989
0.024611
0.022251
0.025179
0.030865
0.03416
0.033412
0.028957
0.024617
0.016066
0.0051379
-0.007367
-0.0047628
0.0014295
0.0086637
0.023102
0.032227
0.03766
0.041478
0.037721
0.02888
0.022541
0.015198
0.01759
0.020689
0.026605
0.02893
0.036379
0.045042
0.041785
0.041972
0.038782
0.034674
0.031145
0.024581
0.020548
0.02519
0.028701
0.032407
0.033541
0.035641
0.031739
0.028855
0.025834
0.019704
0.01869
0.022283
0.028582
0.032703
0.032444
0.028588
0.023971
0.015002
0.0044956
-0.0063908
-0.0042059
0.0029576
0.011886
0.025334
0.035622
0.041811
0.045846
0.04151
0.03231
0.025551
0.018107
0.021967
0.025881
0.031832
0.037097
0.044389
0.051924
0.050184
0.047685
0.044575
0.042679
0.039426
0.034319
0.031536
0.036308
0.042027
0.047564
0.049758
0.053162
0.051066
0.048398
0.046468
0.04099
0.040265
0.045673
0.054666
0.059853
0.060887
0.057643
0.054084
0.043741
0.032951
0.022243
0.024878
0.033745
0.043749
0.058915
0.069761
0.076993
0.081727
0.076976
0.066942
0.060224
0.055038
0.055762
0.058961
0.067013
0.073114
0.08406
0.093777
0.089987
0.08623
0.081206
0.077925
0.07362
0.069845
0.066766
0.070931
0.079806
0.0845
0.085876
0.08965
0.08753
0.083378
0.082281
0.075866
0.073621
0.078588
0.08875
0.094427
0.097809
0.097384
0.091506
0.083435
0.071558
0.060573
0.062502
0.072491
0.082764
0.098984
0.11385
0.12279
0.12661
0.12022
0.10638
0.096223
0.091869
0.090012
0.095002
0.10229
0.11128
0.1242
0.13631
0.1344
0.1282
0.12297
0.11838
0.11257
0.10858
0.10724
0.11043
0.123
0.12759
0.12928
0.12898
0.12433
0.11532
0.11257
0.10569
0.10287
0.10859
0.11801
0.12426
0.12483
0.12408
0.11472
0.10615
0.092043
0.080214
0.081021
0.090758
0.098622
0.11778
0.13181
0.14047
0.14444
0.13657
0.12096
0.10725
0.10351
0.098767
0.10298
0.1086
0.11993
0.13524
0.14878
0.14317
0.13957
0.1331
0.12622
0.11986
0.11564
0.11662
0.12053
0.1349
0.14004
0.14075
0.13683
0.13075
0.12173
0.12149
0.11028
0.1092
0.11722
0.12634
0.13206
0.12915
0.12843
0.11693
0.10922
0.097383
0.088181
0.089489
0.099927
0.10601
0.12491
0.133
0.13912
0.14389
0.13573
0.1208
0.10462
0.10144
0.094429
0.097952
0.10354
0.11571
0.13079
0.14406
0.13612
0.13283
0.1251
0.11735
0.1115
0.10738
0.11119
0.11369
0.12856
0.13136
0.12791
0.1216
0.11534
0.10716
0.1073
0.097955
0.099604
0.10662
0.1135
0.11567
0.10624
0.10299
0.090247
0.084896
0.076243
0.069629
0.069933
0.08
0.08464
0.098846
0.10346
0.10903
0.11301
0.10498
0.090865
0.074777
0.070776
0.063736
0.064074
0.067922
0.077639
0.088009
0.098971
0.093252
0.089121
0.078711
0.072456
0.068794
0.065821
0.069812
0.072745
0.082405
0.080638
0.073075
0.065803
0.063444
0.058551
0.061694
0.060712
0.064633
0.069016
0.075355
0.073237
0.065265
0.060172
0.05144
0.04874
0.043343
0.037895
0.038687
0.050732
0.05726
0.06173
0.065328
0.072487
0.073596
0.070677
0.057531
0.045516
0.043009
0.038579
0.039097
0.042645
0.048467
0.054108
0.060528
0.059574
0.05292
0.047605
0.049303
0.048616
0.048669
0.047489
0.045349
0.048734
0.04633
0.039057
0.035419
0.038203
0.037497
0.04194
0.04854
0.047419
0.048877
0.055968
0.051564
0.044356
0.039681
0.033842
0.033124
0.028953
0.024988
0.025261
0.0385
0.045548
0.043602
0.049518
0.053897
0.0514
0.052994
0.044108
0.036375
0.037814
0.035835
0.035104
0.035075
0.036068
0.03805
0.044743
0.048995
0.044871
0.047498
0.053883
0.052269
0.048802
0.045424
0.037215
0.036647
0.035933
0.030802
0.029598
0.036589
0.040144
0.046275
0.053043
0.048599
0.049967
0.054329
0.049763
0.04062
0.037762
0.03617
0.035624
0.033293
0.031643
0.030695
0.040953
0.044342
0.037189
0.040662
0.040478
0.039828
0.045278
0.040829
0.035481
0.039037
0.039552
0.035717
0.030326
0.028064
0.029825
0.040242
0.04916
0.052714
0.063801
0.070457
0.069069
0.065898
0.059224
0.04999
0.048944
0.052449
0.052655
0.056094
0.065028
0.069794
0.077244
0.082694
0.077818
0.080755
0.084757
0.079545
0.073301
0.070021
0.070856
0.073193
0.07469
0.074062
0.071476
0.077785
0.074529
0.068436
0.068527
0.066515
0.070762
0.078788
0.076292
0.071698
0.069623
0.061579
0.050198
0.043272
0.041536
0.049035
0.065929
0.07858
0.0944
0.10397
0.10798
0.10509
0.095079
0.084635
0.078275
0.084339
0.089327
0.090076
0.096469
0.10654
0.11001
0.11075
0.10276
0.093788
0.086749
0.091768
0.094638
0.10106
0.10298
0.10454
0.09582
0.086024
0.077058
0.075986
0.084526
0.091514
0.097413
0.10568
0.10802
0.11358
0.11485
0.10374
0.094265
0.089724
0.081325
0.085575
0.083822
0.076276
0.076499
0.091989
0.10917
0.11773
0.13502
0.13656
0.13164
0.12624
0.11395
0.10534
0.10834
0.11662
0.11678
0.12078
0.11433
0.10698
0.11215
0.1195
0.12183
0.13472
0.13625
0.13039
0.13273
0.12141
0.11749
0.12407
0.12273
0.11968
0.10178
0.096922
0.1077
0.11235
0.12169
0.12817
0.13643
0.13476
0.12983
0.12322
0.12114
0.11386
0.098644
0.088506
0.088
0.093333
0.10388
0.11342
0.12409
0.12512
0.13056
0.13519
0.13508
0.12887
0.12219
0.12231
0.11861
0.1167
0.11318
0.11596
0.10763
0.098842
0.10169
0.10081
0.10794
0.1163
0.12166
0.12683
0.12703
0.12628
0.11605
0.10572
0.09415
0.081292
0.07973
0.086026
0.085827
0.085311
0.096162
0.10453
0.11421
0.11464
0.10934
0.10316
0.095663
0.084691
0.079919
0.07803
0.079936
0.088285
0.096213
0.099613
0.095591
0.096223
0.096199
0.098185
0.098743
0.10153
0.10598
0.10801
0.10785
0.10473
0.10616
0.09997
0.092975
0.091406
0.08649
0.088462
0.095118
0.09872
0.10113
0.099734
0.096887
0.093577
0.089963
0.078618
0.072577
0.075323
0.07939
0.081847
0.087655
0.094347
0.101
0.10513
0.099291
0.089025
0.080539
0.072324
0.064297
0.057707
0.061533
0.067132
0.074083
0.084173
0.089584
0.091728
0.094186
0.088276
0.08484
0.082804
0.079132
0.079624
0.080674
0.075152
0.070027
0.067037
0.061286
0.058878
0.057637
0.061835
0.071682
0.085474
0.091842
0.090374
0.090319
0.085339
0.076478
0.066064
0.053292
0.041574
0.040105
0.043481
0.049322
0.056216
0.067187
0.077537
0.086197
0.080898
0.072888
0.069429
0.063551
0.056951
0.051004
0.05581
0.058581
0.062179
0.067269
0.066028
0.064111
0.064182
0.064238
0.065209
0.067867
0.068679
0.080185
0.08226
0.079784
0.077619
0.077671
0.066825
0.060657
0.061086
0.059176
0.063846
0.074802
0.07767
0.073536
0.073581
0.067473
0.06197
0.051656
0.046593
0.035953
0.038696
0.041878
0.054746
0.058529
0.065454
0.071319
0.073497
0.066461
0.053497
0.047835
0.035893
0.035634
0.030695
0.035225
0.031868
0.04382
0.045053
0.042625
0.045381
0.04402
0.048478
0.050578
0.061791
0.061577
0.065987
0.064267
0.046611
0.039024
0.033804
0.022418
0.021848
0.024059
0.024551
0.034517
0.048315
0.054976
0.052298
0.052703
0.043542
0.037511
0.029332
0.019807
0.013502
0.024306
0.0283
0.02662
0.035354
0.041058
0.042618
0.041812
0.033445
0.021967
0.021684
0.020177
0.022868
0.030118
0.034041
0.03526
0.044347
0.047738
0.043816
0.044361
0.048792
0.058613
0.064688
0.072023
0.066489
0.068055
0.060739
0.045253
0.041748
0.033388
0.02615
0.036292
0.038754
0.039129
0.053729
0.061315
0.071105
0.072861
0.073625
0.064
0.056685
0.047493
0.037132
0.034839
0.041184
0.045474
0.051009
0.053489
0.057571
0.056472
0.052855
0.050785
0.042598
0.039953
0.047096
0.04697
0.049481
0.051017
0.046527
0.03997
0.036476
0.03565
0.037099
0.045839
0.047871
0.052799
0.056946
0.047818
0.050056
0.041559
0.027552
0.020876
0.015399
0.021736
0.024294
0.026287
0.037639
0.040804
0.052045
0.055875
0.049819
0.045814
0.040192
0.026341
0.018327
0.016359
0.015712
0.019849
0.030546
0.031986
0.032392
0.035551
0.042831
0.039685
0.035997
0.042947
0.049499
0.056693
0.066312
0.060753
0.059281
0.061375
0.053556
0.050072
0.04205
0.041498
0.049439
0.048185
0.055688
0.054503
0.044556
0.04126
0.039629
0.03811
0.020867
0.0087236
0.021719
0.024742
0.028503
0.037583
0.045784
0.050446
0.040737
0.036461
0.038239
0.025484
0.021593
0.021497
0.018484
0.018903
0.020303
0.034278
0.0295
0.019173
0.020057
0.026869
0.036085
0.039561
0.049869
0.061687
0.066136
0.06373
0.050752
0.045251
0.043232
0.031654
0.030112
0.027935
0.03139
0.036334
0.040283
0.050059
0.041766
0.033339
0.028302
0.023367
0.018993
0.0089426
0.0077645
0.016603
0.024845
0.041925
0.05193
0.056489
0.052822
0.051119
0.046632
0.039601
0.03323
0.027434
0.03195
0.029293
0.020047
0.018635
0.015315
0.012106
0.010542
0.0075611
0.0090819
0.017642
0.027394
0.035467
0.039515
0.033866
0.034554
0.03477
0.030928
0.025222
0.010395
0.014721
0.021867
0.026468
0.032984
0.036337
0.045037
0.036235
0.028987
0.022176
0.011881
0.0074369
-0.0013998
-0.00030489
0.0077271
0.017221
0.028216
0.034092
0.034725
0.037223
0.03644
0.028857
0.03275
0.038558
0.041092
0.045651
0.037902
0.02931
0.025282
0.019168
0.0052571
0.0038335
0.002732
0.01088
0.021512
0.023919
0.022855
0.021459
0.017299
0.013167
0.0065715
-0.0055049
-0.0032349
0.013591
0.026551
0.036128
0.027001
0.029467
0.030075
0.029357
0.029522
0.029109
0.032806
0.034587
0.023638
0.013558
0.0027115
-0.0027865
-0.0057656
-0.002832
0.0017634
0.0074807
0.016634
0.020008
0.021841
0.032308
0.025823
0.026102
0.02566
0.027688
0.026555
0.019992
0.015595
-0.002349
-0.0033929
0.00034177
0.004461
0.012126
0.018019
0.016323
0.0077834
0.0037184
-0.0018085
0.0025143
0.007638
0.00072332
-0.0082012
-0.012875
-0.017754
-0.0061899
0.0075772
0.012051
0.015369
0.019365
0.013798
0.0087327
0.0044145
0.011621
0.016298
0.0026375
-0.0028211
-0.0092427
-0.010108
-0.012226
-0.0044793
-0.0054484
-0.005389
-0.0087583
-0.009607
0.00050455
0.0093104
0.013634
0.012607
0.0075203
0.0096234
0.0098342
0.014851
0.013251
0.0060894
0.0084827
0.0079748
0.014307
0.01572
0.019014
0.015739
0.014566
0.0090417
0.01136
0.014602
0.0054918
0.0043586
0.0003432
-0.003297
-0.0022981
-0.003686
-0.0047877
-0.0024084
0.0038653
0.0082779
0.013537
0.020024
0.024395
0.023255
0.022809
0.031482
0.028731
0.029847
0.026007
0.020139
0.017067
0.013754
0.011119
0.010984
0.0097728
0.009139
0.0098381
0.0078391
0.010319
0.012475
0.021429
0.025313
0.027008
0.028246
0.02615
0.027969
0.026898
0.029474
0.031098
0.029764
0.02786
0.029052
0.030906
0.029627
0.031702
0.033717
0.033381
0.033492
0.03046
0.027756
0.025648
0.021402
0.014711
0.017331
0.013638
0.014569
0.013794
0.015485
0.018465
0.019994
0.015976
0.023476
0.025335
0.031936
0.037229
0.035867
0.030697
0.032957
0.028316
0.023827
0.022152
0.018972
0.013355
0.012795
0.0069995
0.0059566
0.0017281
-0.00014934
0.0011091
0.0045622
0.0029745
0.0037183
0.0033987
0.0048237
0.0079011
0.0052751
0.0048847
0.0041357
0.0051168
0.0011484
-0.0042587
-0.0037354
-0.0024445
-0.0049749
-0.0043946
-0.0023318
-0.0012232
0.0028929
0.0020063
0.00083769
-0.0024968
-0.0047064
-0.011158
-0.017313
-0.022924
-0.020171
-0.023043
-0.025637
-0.026959
-0.024687
-0.019718
-0.023145
-0.02187
-0.020044
-0.013493
-0.011072
-0.0046435
-0.00044424
0.0021571
-7.4663e-005
0.00021099
-0.0017051
-0.0097769
-0.011439
-0.015199
-0.02081
-0.029364
-0.030028
-0.030279
-0.037153
-0.03524
-0.03457
-0.035071
-0.031972
-0.028565
-0.029552
-0.028366
-0.027919
-0.024223
-0.028543
-0.022752
-0.017484
-0.018201
-0.022834
-0.015853
-0.013976
-0.014583
-0.013742
-0.009358
-0.0069676
-0.0075876
-0.0018968
-0.003419
-0.0023046
-0.00673
-0.0065633
-0.0096797
-0.012462
-0.013769
-0.018305
-0.015623
-0.016564
-0.017194
-0.023082
-0.021449
-0.019126
-0.018193
-0.0076417
-0.0093895
-0.002804
-0.0013348
0.0017234
0.0048945
0.006874
0.0064659
0.0028238
0.0029001
0.0027545
0.0012289
0.0025258
-0.00066772
-0.0064399
-0.014787
-0.017954
-0.021345
-0.024982
-0.018594
-0.019676
-0.019243
-0.015707
-0.015999
-0.012462
-0.0097604
-0.0093021
-0.0071165
-0.0065591
-0.010431
-0.0085599
-0.0073424
-0.0070382
-0.011267
-0.0098916
-0.0077757
-0.0077059
-0.0079101
-0.0079459
-0.0081498
-0.005795
-0.0087857
-0.0069163
-0.0011408
-0.008545
-0.0079312
-0.012235
-0.019954
-0.020766
-0.019344
-0.021913
-0.020938
-0.022444
-0.025534
-0.027884
-0.021081
-0.022184
-0.018925
-0.014287
-0.011033
-0.0076
-0.0054643
0.0017704
0.0074168
0.0046631
0.0097706
0.011898
0.0072688
0.008937
0.011324
0.0057748
0.0059732
-3.6821e-005
-0.0079945
-0.0099528
-0.009321
-0.014611
-0.015884
-0.018753
-0.022052
-0.015601
-0.01373
-0.011614
-0.0031812
-0.0044153
0.00083319
0.006018
0.0031035
0.0070035
0.0035162
0.010253
0.01076
0.0085687
0.015599
0.011413
0.010953
0.011052
0.0088623
0.00678
0.011259
0.010287
0.0063838
0.007919
0.005422
0.00030081
0.0020602
0.00068796
-0.0036536
-0.012741
-0.0083731
-0.0041773
-0.0098315
-0.010772
-0.014338
-0.019839
-0.019182
-0.01945
-0.025465
-0.023156
-0.020061
-0.0093001
-0.0068053
-0.0041899
0.0079395
0.0064472
0.011053
0.014776
0.015012
0.010184
-0.00044776
0.0023434
0.0026435
-0.0092308
-0.01375
-0.017861
-0.022985
-0.026897
-0.027986
-0.019524
-0.022603
-0.031702
-0.023757
-0.023599
-0.024262
-0.014699
-0.011757
-0.0077196
-0.012706
-0.00078788
0.0099518
0.011848
0.012142
0.0083894
0.010522
0.0060152
-0.0033365
-0.0074509
-0.0094579
-0.0064014
-0.01171
-0.015826
-0.017883
-0.017673
-0.021215
-0.025868
-0.025414
-0.023503
-0.031225
-0.024809
-0.020295
-0.019072
-0.02101
-0.025321
-0.024123
-0.026601
-0.024839
-0.030733
-0.036921
-0.038655
-0.036537
-0.025811
-0.024012
-0.024912
-0.023779
-0.018583
-0.010455
-0.012798
-0.0097871
-0.0023099
-0.0045402
-0.0033477
-0.0088562
-0.01167
-0.012103
-0.014642
-0.019268
-0.023948
-0.030277
-0.036031
-0.034558
-0.042374
-0.050705
-0.055143
-0.053929
-0.043269
-0.041962
-0.045749
-0.042817
-0.039456
-0.031882
-0.031117
-0.019918
-0.015076
-0.0095473
-0.0047722
-0.0060508
-0.00061801
-0.00013441
-0.0017867
-0.0064499
-0.010369
-0.014793
-0.016711
-0.022897
-0.028051
-0.027929
-0.035427
-0.041022
-0.042681
-0.048894
-0.048876
-0.049533
-0.051419
-0.057518
-0.048278
-0.045245
-0.040519
-0.037099
-0.035194
-0.028904
-0.028483
-0.026341
-0.021574
-0.022382
-0.024292
-0.018059
-0.020123
-0.028656
-0.033071
-0.035436
-0.02769
-0.034063
-0.040114
-0.044193
-0.049846
-0.045988
-0.048183
-0.054648
-0.057263
-0.059415
-0.060346
-0.063631
-0.065272
-0.065198
-0.06861
-0.067642
-0.06926
-0.06705
-0.06894
-0.075035
-0.07697
-0.075634
-0.059631
-0.054634
-0.052577
-0.04965
-0.045088
-0.036937
-0.029978
-0.027454
-0.024751
-0.022409
-0.018721
-0.018656
-0.017604
-0.019306
-0.023701
-0.025632
-0.032979
-0.037726
-0.041215
-0.044988
-0.053874
-0.066073
-0.074324
-0.080112
-0.075262
-0.077474
-0.08112
-0.080437
-0.079244
-0.076387
-0.072181
-0.067042
-0.062522
-0.050903
-0.045171
-0.036602
-0.03103
-0.024938
-0.019608
-0.01727
-0.015627
-0.015899
-0.01774
-0.021664
-0.025003
-0.024984
-0.031023
-0.040317
-0.048971
-0.054118
-0.05793
-0.067724
-0.069823
-0.074831
-0.07753
-0.078933
-0.080593
-0.081685
-0.081133
-0.079827
-0.077923
-0.072463
-0.068855
-0.064815
-0.059144
-0.057236
-0.051539
-0.051737
-0.049144
-0.046277
-0.041665
-0.039883
-0.038762
-0.036318
-0.037829
-0.035732
-0.039042
-0.039231
-0.041515
-0.044803
-0.046648
-0.048619
-0.052516
-0.054593
-0.05579
-0.060846
-0.062591
-0.068208
-0.070651
-0.076801
-0.082575
-0.087805
-0.091341
-0.094799
-0.099448
-0.098723
-0.098764
-0.095782
-0.094404
-0.094547
-0.089827
-0.085624
-0.080288
-0.072522
-0.064333
-0.058762
-0.052994
-0.047177
-0.045365
-0.04091
-0.037081
-0.034606
-0.035286
-0.035211
-0.041094
-0.045379
-0.051636
-0.057672
-0.065854
-0.074564
-0.07776
-0.078895
-0.088572
-0.093379
-0.10237
-0.11032
-0.11192
-0.10859
-0.10825
-0.10462
-0.10165
-0.095954
-0.091416
-0.083735
-0.080625
-0.069878
-0.061734
-0.050556
-0.044604
-0.035268
-0.031701
-0.02485
-0.020644
-0.019952
-0.020637
-0.023051
-0.026072
-0.029647
-0.036199
-0.045794
-0.051347
-0.05178
-0.055194
-0.063836
-0.066361
-0.07003
-0.076557
-0.083412
-0.089326
-0.090959
-0.091769
-0.092984
-0.09199
-0.086711
-0.083278
-0.079206
-0.076519
-0.071879
-0.066815
-0.062332
-0.057039
-0.047419
-0.039943
-0.034627
-0.027087
-0.025223
-0.018689
-0.018538
-0.019202
-0.021537
-0.022213
-0.025191
-0.025999
-0.028855
-0.034106
-0.039403
-0.043313
-0.045079
-0.049761
-0.053957
-0.054671
-0.059453
-0.063899
-0.069458
-0.073543
-0.077779
-0.080913
-0.083302
-0.084813
-0.086802
-0.088346
-0.088949
-0.087087
-0.081808
-0.078492
-0.07399
-0.066921
-0.056317
-0.049844
-0.046097
-0.039121
-0.031486
-0.025665
-0.022228
-0.014263
-0.012295
-0.010847
-0.011955
-0.012304
-0.016595
-0.019652
-0.026028
-0.033324
-0.038674
-0.045059
-0.052618
-0.062234
-0.07049
-0.078487
-0.083638
-0.095087
-0.0988
-0.10367
-0.10764
-0.10881
-0.10767
-0.10432
-0.099876
-0.093883
-0.087825
-0.081228
-0.074991
-0.06538
-0.053421
-0.041584
-0.032501
-0.021485
-0.012034
-0.0030279
0.00030271
0.0025363
0.004446
0.0029066
-0.0019534
-0.0080481
-0.015737
-0.0235
-0.030218
-0.041687
-0.051353
-0.060064
-0.068057
-0.074918
-0.082903
-0.091436
-0.098647
-0.1055
-0.10925
-0.10897
-0.10915
-0.10725
-0.10437
-0.099778
-0.092608
-0.083395
-0.075278
-0.06693
-0.057353
-0.052505
-0.043044
-0.035724
-0.027439
-0.017212
-0.01163
-0.0032499
0.00083495
0.0025037
0.0026244
0.0027059
-0.0011382
-0.0072588
-0.012428
-0.016903
-0.025991
-0.03554
-0.0412
-0.047848
-0.054248
-0.060335
-0.065758
-0.072595
-0.07898
-0.083964
-0.087201
-0.091085
-0.093048
-0.093059
-0.093256
-0.092082
-0.09124
-0.089025
-0.085619
-0.082809
-0.077936
-0.072937
-0.06703
-0.068469
-0.064999
-0.061095
-0.054707
-0.048669
-0.043716
-0.037024
-0.032219
-0.028986
-0.028849
-0.030548
-0.03438
-0.037117
-0.040822
-0.045119
-0.047538
-0.051925
-0.055633
-0.061989
-0.0684
-0.074755
-0.083165
-0.09157
-0.10092
-0.10825
-0.11377
-0.12068
-0.12138
-0.12562
-0.12472
-0.12372
-0.12006
-0.11653
-0.11173
-0.10504
-0.098933
-0.091549
-0.083049
-0.070367
-0.061366
-0.052648
-0.04074
-0.029144
-0.019113
-0.010441
-0.0036577
0.00062031
0.0026049
0.0018185
0.00039546
-0.0052445
-0.013497
-0.020222
-0.029973
-0.039885
-0.05009
-0.063562
-0.07206
-0.086035
-0.096917
-0.1134
-0.12382
-0.13463
-0.14365
-0.14915
-0.15284
-0.15444
-0.1517
-0.1477
-0.13946
-0.13158
-0.1214
-0.11211
-0.099147
-0.087436
-0.07557
-0.06293
-0.049929
-0.036736
-0.024108
-0.01278
-0.0030823
0.0035955
0.0073268
0.0085071
0.0081567
0.0030946
-0.0041914
-0.011311
-0.025406
-0.036942
-0.048858
-0.062373
-0.072657
-0.084107
-0.095439
-0.10728
-0.11836
-0.12677
-0.13264
-0.13704
-0.14088
-0.14256
-0.14346
-0.14085
-0.13711
-0.13076
-0.123
-0.11443
-0.10273
-0.091116
-0.080221
-0.068366
-0.059595
-0.050186
-0.041439
-0.033177
-0.024748
-0.020183
-0.017229
-0.012361
-0.011083
-0.013166
-0.01692
-0.022329
-0.03041
-0.039709
-0.048777
-0.060277
-0.070401
-0.07991
-0.087682
-0.094679
-0.10198
-0.10804
-0.11311
-0.11845
-0.12329
-0.12659
-0.12877
-0.13127
-0.13226
-0.13294
-0.13048
-0.12724
-0.12275
-0.11775
-0.11217
-0.10527
-0.097712
-0.093121
-0.087584
-0.081107
-0.073709
-0.068975
-0.062696
-0.05533
-0.050904
-0.04599
-0.041309
-0.039893
-0.036445
-0.03566
-0.035713
-0.037811
-0.041784
-0.045361
-0.050649
-0.054722
-0.057652
-0.062692
-0.067401
-0.073251
-0.079733
-0.087374
-0.094927
-0.10086
-0.10821
-0.1141
-0.11908
-0.12346
-0.12807
-0.13151
-0.13339
-0.13897
-0.1378
-0.13955
-0.13856
-0.13518
-0.13108
-0.12663
-0.12028
-0.11253
-0.10399
-0.096767
-0.087655
-0.079688
-0.070724
-0.062038
-0.056123
-0.049515
-0.0452
-0.0442
-0.045062
-0.047891
-0.049824
-0.055056
-0.058786
-0.063734
-0.070855
-0.079445
-0.088
-0.09816
-0.10887
-0.11982
-0.13042
-0.13988
-0.15271
-0.15976
-0.16696
-0.17297
-0.17736
-0.18121
-0.18333
-0.18324
-0.18054
-0.17564
-0.1679
-0.1568
-0.14698
-0.13623
-0.12657
-0.11389
-0.10221
-0.090066
-0.076193
-0.063903
-0.054063
-0.048001
-0.043373
-0.040772
-0.041594
-0.04448
-0.048264
-0.054536
-0.061207
-0.070301
-0.080883
-0.092184
-0.1041
-0.11765
-0.12564
-0.13664
-0.14756
-0.16165
-0.17118
-0.18298
-0.19109
-0.19557
-0.19732
-0.19702
-0.19447
-0.18892
-0.1827
-0.17588
-0.16647
-0.15737
-0.14832
-0.13752
-0.12449
-0.1112
-0.099473
-0.088416
-0.078109
-0.066925
-0.058243
-0.051276
-0.044939
-0.042221
-0.043954
-0.04758
-0.05293
-0.05956
-0.067884
-0.07609
-0.084952
-0.097167
-0.10974
-0.12259
-0.1319
-0.14254
-0.1518
-0.15689
-0.16461
-0.17084
-0.1748
-0.17615
-0.17569
-0.17232
-0.16715
-0.16265
-0.15757
-0.15271
-0.14569
-0.13764
-0.12869
-0.11939
-0.10881
-0.099573
-0.093388
-0.086112
-0.078646
-0.073956
-0.070719
-0.067849
-0.067648
-0.068035
-0.070211
-0.071251
-0.074116
-0.076711
-0.082075
-0.086977
-0.09641
-0.10443
-0.11316
-0.12126
-0.12432
-0.12803
-0.13327
-0.13574
-0.1354
-0.13655
-0.13651
-0.13426
-0.13288
-0.13207
-0.12825
-0.12566
-0.12156
-0.11703
-0.11013
-0.10453
-0.1017
-0.097429
-0.094604
-0.092733
-0.091755
-0.090266
-0.090136
-0.091612
-0.094026
-0.098578
-0.1016
-0.10575
-0.11447
-0.1194
-0.12471
-0.13053
-0.1366
-0.14042
-0.14428
-0.14639
-0.14781
-0.14752
-0.14742
-0.14605
-0.14228
-0.13762
-0.13434
-0.1313
-0.12656
-0.12113
-0.11563
-0.11049
-0.10715
-0.099281
-0.09509
-0.090293
-0.085103
-0.081832
-0.080604
-0.081143
-0.082214
-0.082546
-0.084483
-0.087427
-0.089344
-0.093387
-0.10115
-0.10722
-0.11455
-0.12126
-0.1245
-0.13143
-0.13778
-0.14392
-0.14733
-0.15065
-0.15056
-0.14853
-0.14828
-0.14397
-0.13848
-0.13298
-0.12589
-0.11993
-0.11515
-0.10945
-0.10177
-0.095626
-0.089088
-0.08041
-0.07564
-0.070594
-0.06647
-0.061553
-0.059719
-0.060974
-0.061156
-0.062434
-0.064974
-0.070014
-0.075936
-0.082757
-0.087402
-0.094246
-0.10276
-0.11036
-0.11773
-0.12933
-0.13717
-0.14412
-0.14938
-0.15238
-0.15497
-0.15435
-0.15088
-0.14823
-0.14274
-0.13576
-0.13045
-0.12314
-0.11506
-0.10802
-0.099803
-0.091592
-0.084704
-0.076336
-0.065523
-0.057291
-0.050821
-0.045664
-0.041074
-0.039551
-0.040371
-0.040743
-0.042428
-0.048734
-0.054383
-0.059555
-0.067945
-0.073208
-0.083283
-0.092952
-0.10245
-0.11461
-0.12533
-0.13554
-0.14523
-0.15165
-0.15674
-0.16096
-0.15923
-0.15718
-0.1559
-0.15153
-0.14383
-0.13709
-0.13245
-0.12631
-0.1168
-0.10834
-0.098841
-0.08813
-0.077213
-0.068123
-0.05853
-0.049901
-0.044523
-0.040068
-0.036478
-0.035069
-0.033896
-0.034556
-0.036868
-0.042162
-0.047569
-0.051037
-0.055374
-0.059934
-0.066872
-0.076664
-0.086717
-0.096802
-0.10501
-0.1116
-0.11797
-0.12235
-0.12227
-0.12337
-0.1193
-0.11642
-0.11168
-0.10485
-0.10078
-0.094937
-0.088761
-0.081731
-0.073074
-0.064864
-0.057617
-0.050057
-0.041163
-0.034301
-0.028363
-0.022651
-0.019369
-0.019149
-0.018621
-0.020465
-0.022815
-0.027064
-0.032186
-0.038737
-0.045545
-0.052083
-0.060312
-0.069771
-0.077148
-0.084184
-0.093486
-0.10265
-0.1099
-0.11425
-0.11873
-0.12154
-0.12041
-0.11883
-0.11646
-0.11032
-0.10346
-0.097495
-0.090213
-0.08135
-0.071647
-0.063695
-0.055095
-0.045535
-0.036364
-0.025937
-0.017854
-0.010981
-0.0061055
-0.0018732
0.00075299
0.0018497
0.00070952
-0.0023574
-0.0072663
-0.012944
-0.021642
-0.028956
-0.036766
-0.045289
-0.053226
-0.062227
-0.071865
-0.082253
-0.092417
-0.10233
-0.11187
-0.1178
-0.12144
-0.12352
-0.12419
-0.12156
-0.1149
-0.10706
-0.096887
-0.086456
-0.076003
-0.066714
-0.057853
-0.048694
-0.038975
-0.02904
-0.018888
-0.009193
-0.0018089
0.005442
0.012181
0.018725
0.021932
0.022788
0.021398
0.018955
0.014764
0.0082313
-0.00054181
-0.011018
-0.021271
-0.031788
-0.042126
-0.052556
-0.065374
-0.07633
-0.087783
-0.098453
-0.10707
-0.11472
-0.11912
-0.12396
-0.12369
-0.1205
-0.1164
-0.11003
-0.10236
-0.091576
-0.080714
-0.069625
-0.058844
-0.047838
-0.037649
-0.027323
-0.017556
-0.0062751
0.0040786
0.013099
0.020566
0.027293
0.032306
0.037338
0.037484
0.035348
0.031999
0.026938
0.019252
0.0099676
0.00052286
-0.0088332
-0.020132
-0.031844
-0.04188
-0.05347
-0.064386
-0.075231
-0.084154
-0.092573
-0.10027
-0.10397
-0.10664
-0.10714
-0.10375
-0.09847
-0.091937
-0.085647
-0.077457
-0.066835
-0.058066
-0.048318
-0.037205
-0.026745
-0.015694
-0.0048625
0.0062436
0.015954
0.024288
0.030967
0.036711
0.040206
0.042108
0.042828
0.041365
0.038317
0.033112
0.02808
0.021342
0.01296
0.0034192
-0.0066003
-0.017171
-0.029089
-0.039851
-0.050392
-0.060658
-0.068554
-0.076636
-0.084469
-0.089226
-0.092017
-0.0942
-0.092756
-0.088127
-0.081916
-0.075892
-0.067342
-0.061496
-0.054869
-0.044605
-0.035951
-0.027582
-0.017875
-0.007743
0.00057778
0.0080189
0.015995
0.021845
0.02618
0.029916
0.032196
0.033567
0.033909
0.032566
0.032014
0.027345
0.021429
0.014934
0.0071191
0.0017291
-0.0059158
-0.011895
-0.01912
-0.026652
-0.034359
-0.042206
-0.048264
-0.052727
-0.05549
-0.05559
-0.053817
-0.051311
-0.046993
-0.042077
-0.036449
-0.031196
-0.024941
-0.01775
-0.010714
-0.0050257
0.0038089
0.0096726
0.014472
0.021604
0.028627
0.033981
0.040259
0.043374
0.045624
0.046504
0.045092
0.043361
0.040269
0.037123
0.032632
0.028132
0.024421
0.017958
0.01212
0.0054377
-0.002081
-0.0082228
-0.014228
-0.019725
-0.026308
-0.032135
-0.036307
-0.040837
-0.042261
-0.041666
-0.040098
-0.03719
-0.033653
-0.028644
-0.025005
-0.020041
-0.012817
-0.0059355
0.00032042
0.0057188
0.011517
0.016251
0.019347
0.025129
0.030258
0.035676
0.038704
0.040236
0.04088
0.041321
0.040044
0.039384
0.039947
0.036962
0.032138
0.02832
0.02298
0.016886
0.01127
0.0062883
0.00092629
-0.0053262
-0.011341
-0.017432
-0.02123
-0.024724
-0.028091
-0.029064
-0.032239
-0.034445
-0.035183
-0.035134
-0.03263
-0.028675
-0.024339
-0.02008
-0.014967
-0.011563
-0.0075413
-0.0018481
0.0041128
0.0075285
0.012322
0.017621
0.021679
0.025329
0.029876
0.032897
0.03622
0.03743
0.038489
0.037613
0.035902
0.037563
0.036775
0.036136
0.03418
0.031765
0.02943
0.02575
0.022713
0.020323
0.018324
0.014302
0.01133
0.0091759
0.0075154
0.0062995
0.0053501
0.0045421
0.0017041
0.0012109
0.001379
0.001989
0.0027012
0.0053647
0.007562
0.0073398
0.0089981
0.012212
0.014856
0.017467
0.019454
0.021009
0.023433
0.026417
0.026053
0.029545
0.029969
0.029325
0.029902
0.031215
0.033172
0.033204
0.032581
0.032142
0.03147
0.029176
0.026928
0.028864
0.02752
0.023938
0.023137
0.020635
0.019898
0.018498
0.019025
0.018024
0.017447
0.017731
0.018097
0.017908
0.017196
0.016904
0.014656
0.013194
0.013095
0.013218
0.012966
0.011478
0.011244
0.010932
0.0087512
0.010796
0.011248
0.0096902
0.0089859
0.0084279
0.0089255
0.008979
0.0081162
0.006853
0.0068765
0.0075244
0.008947
0.0098514
0.010577
0.01279
0.013083
0.013925
0.018653
0.020014
0.020791
0.023197
0.023739
0.025327
0.027061
0.027648
0.028317
0.028932
0.029049
0.028729
0.028288
0.027001
0.025369
0.023715
0.021815
0.022023
0.020172
0.015454
0.012991
0.0096572
0.006154
0.0034956
0.00044938
-0.0012148
-0.0026836
-0.006282
-0.0069453
-0.0083372
-0.010363
-0.01098
-0.01176
-0.01073
-0.0093291
-0.0093809
-0.0089082
-0.0059946
-0.0031443
-0.0014028
0.0018547
0.0051966
0.0082997
0.0093786
0.010876
0.014612
0.016601
0.017132
0.018748
0.021167
0.023298
0.024006
0.023945
0.023197
0.023063
0.021581
0.021012
0.018881
0.017897
0.016412
0.013327
0.011805
0.010562
0.0070004
0.004322
0.0016773
0.00040193
-0.00079449
-0.003237
-0.0040346
-0.0050238
-0.0054247
-0.0045986
-0.0039107
-0.0032162
-0.0021845
-0.0018663
-0.00048793
0.0019413
0.0022385
0.0046172
0.0051929
0.0087024
0.010167
0.0098577
0.012823
0.01493
0.016158
0.017604
0.017412
0.017955
0.019154
0.019908
0.020454
0.020653
0.019891
0.017644
0.015992
0.015861
0.013972
0.011777
0.0092262
0.0082955
0.0070768
0.0054465
0.0032585
0.0021481
0.0013063
-0.00030822
-0.0011279
-0.0028792
-0.0037486
-0.0035729
-0.004348
-0.0053775
-0.0051355
-0.0050689
-0.0052232
-0.0052758
-0.0042828
-0.0039632
-0.0038829
-0.0021738
-0.0014202
-0.0018178
-0.0025217
-0.0026883
-0.0029527
-0.0031749
-0.0027765
-0.0039201
-0.0032914
-0.0024445
-0.0019897
-0.0026123
-0.002741
-0.0040672
-0.0051119
-0.0045867
-0.0044221
-0.0051995
-0.0035259
-0.0031156
-0.0036925
-0.0037713
-0.0023758
-0.0015313
-0.0015865
-0.0010689
0.00028793
0.00096589
0.0020235
0.0023857
0.0029824
0.0039517
0.0048176
0.0060974
0.0059055
0.0058578
0.0057295
0.0052629
0.0046766
0.005073
0.0039857
0.003258
0.0029041
0.0038499
0.0036519
0.0027289
0.0018069
0.00083953
0.00023381
-0.0012163
-0.0018531
-0.0017729
-0.00063431
-0.00073028
-0.002136
-0.0018251
-0.0012208
-0.00054453
0.00044997
0.0011218
0.0013235
0.0017955
0.0032372
0.0029809
0.0038466
0.0053828
0.0055887
0.0066489
0.0066521
0.0073218
0.0075164
0.0065464
0.0066598
0.0065308
0.0064774
0.0052529
0.0041876
0.0039445
0.0025893
0.00093673
-2.2056e-005
-0.0013148
-0.0029259
-0.0037342
-0.0047202
-0.0063334
-0.0070223
-0.0070942
-0.0075231
-0.0080821
-0.0069302
-0.006422
-0.0061958
-0.0063878
-0.0048888
-0.0038127
-0.0032839
-0.0023757
0.000397
0.0039205
0.0047547
0.0067377
0.0084377
0.0099332
0.010543
0.012182
0.014304
0.014588
0.014591
0.016073
0.014598
0.013742
0.013187
0.014009
0.012948
0.010857
0.0093639
0.008782
0.0064268
0.0043907
0.0026078
0.001721
-0.00037063
-0.0029425
-0.0041079
-0.0053625
-0.0070226
-0.0084766
-0.0089885
-0.0098531
-0.0099695
-0.0089867
-0.0097632
-0.0089816
-0.0079385
-0.0065251
-0.0052799
-0.0028947
-0.00036446
0.0023039
0.0049949
0.0073733
0.010421
0.013086
0.01542
0.018298
0.020963
0.022897
0.025412
0.027075
0.028318
0.029736
0.030807
0.031453
0.031488
0.03165
0.030578
0.029105
0.029323
0.028295
0.027306
0.02609
0.025783
0.023752
0.022657
0.021436
0.019314
0.017325
0.015581
0.014476
0.012415
0.011762
0.010626
0.0094104
0.0088253
0.0065974
0.004472
0.0031636
0.0031634
0.0019905
0.0018212
0.002251
0.0018218
0.00072058
0.00036683
0.0003526
-0.00017287
-1.5909e-005
0.00038182
0.0018079
0.0013807
0.0018747
0.002944
0.0036897
0.0041116
0.0052933
0.007635
0.0072169
0.008523
0.01062
0.011418
0.011487
0.012636
0.013849
0.014531
0.015188
0.0156
0.017478
0.017984
0.017613
0.018135
0.019338
0.018255
0.01758
0.018821
0.018537
0.017132
0.016729
0.016154
0.015931
0.013888
0.013302
0.011988
0.010503
0.0079611
0.0058033
0.0055735
0.0038529
0.0022634
0.00075901
-0.0011811
-0.0033317
-0.0041017
-0.0048982
-0.0059015
-0.0059363
-0.00559
-0.0061208
-0.006431
-0.0057826
-0.0054913
-0.0051193
-0.0052417
-0.0037011
-0.0020552
-0.0017166
-0.0025677
0.00075631
0.0019348
0.0032391
0.0059643
0.0080531
0.009739
0.010406
0.0113
0.012122
0.01436
0.014736
0.014839
0.016359
0.018139
0.017292
0.017493
0.01733
0.015685
0.01468
0.014237
0.013367
0.012239
0.011335
0.0096676
0.0090477
0.007595
0.0054241
0.0040875
0.00013641
-0.0012112
-0.0023989
-0.0039287
-0.0053532
-0.0066191
-0.0080382
-0.0084734
-0.0089261
-0.0099391
-0.010346
-0.010307
-0.010688
-0.010362
-0.009798
-0.010059
-0.0092991
-0.0087227
-0.0075317
-0.0060766
-0.0060297
-0.0053512
-0.0045405
-0.0027245
-0.001022
0.0013153
0.0022559
0.0028123
0.0041291
0.0064254
0.0066336
0.0074607
0.0093031
0.010095
0.0104
0.011597
0.012323
0.012164
0.012214
0.012934
0.013413
0.014097
0.014301
0.014525
0.014153
0.01308
0.01195
0.011752
0.011513
0.0098225
0.0090397
0.008456
0.0078602
0.0061402
0.0037163
0.0027008
-0.0015707
-0.0030188
-0.0048803
-0.0064169
-0.0081093
-0.010101
-0.01126
-0.011357
-0.012764
-0.015356
-0.015356
-0.016647
-0.018889
-0.020025
-0.020567
-0.021999
-0.021946
-0.020719
-0.021437
-0.021494
-0.019683
-0.018545
-0.017513
-0.016597
-0.014609
-0.013108
-0.012524
-0.011274
-0.0094306
-0.0090087
-0.0071723
-0.005493
-0.0049991
-0.0042471
-0.002229
-0.0020396
-0.0017987
-0.00070304
0.00022087
0.0010976
0.0017111
0.0016324
0.0020998
0.0015943
0.00032245
0.00074136
4.2713e-005
-0.001102
-0.0021341
-0.0033457
-0.0045765
-0.0048319
-0.0059679
-0.0063862
-0.0060422
-0.0076511
-0.0082339
-0.0072221
-0.0079977
-0.008379
-0.0080038
-0.0082906
-0.0084081
-0.0090106
-0.009284
-0.0089657
-0.0085094
-0.0080834
-0.0062054
-0.0062013
-0.0055317
-0.0049038
-0.0051924
-0.0040659
-0.002087
-0.00052143
9.1149e-005
0.0011057
0.0019898
0.0023592
0.0021406
0.0039791
0.0057233
0.0047117
0.0049901
0.0071266
0.0063717
0.0059242
0.0068133
0.0076402
0.0075394
0.0074176
0.0069812
0.0066186
0.0067765
0.0069993
0.0067721
0.0064594
0.0058407
0.0058073
0.0043353
0.00338
0.0044308
0.0034919
0.0021124
0.0020415
0.0020429
0.0010413
0.00064698
0.0010905
0.0016308
0.0017163
0.0017435
0.0020641
0.0030526
0.00072906
0.0011906
0.0013263
0.00099954
0.0015486
0.0022668
0.0019288
0.0031408
0.0030093
0.0033096
0.0037865
0.0037392
0.0036873
0.0039724
0.0039533
0.0056687
0.0058799
0.0044929
0.0046471
0.0047247
0.0049957
0.0054788
0.0054821
0.0061717
0.0058474
0.0045734
0.0045139
0.0042416
0.0051625
0.00517
0.0057114
0.0055113
0.0067185
0.0063428
0.0062248
0.0075568
0.0081339
0.0086328
0.010448
0.011008
0.01128
0.013559
0.014305
0.015173
0.016076
0.015752
0.015621
0.01712
0.018638
0.019822
0.020788
0.021586
0.022319
0.020999
0.020795
0.021257
0.02253
0.02129
0.02133
0.021842
0.021844
0.021224
0.020843
0.020292
0.019114
0.018389
0.018197
0.018144
0.018953
0.018621
0.016735
0.016295
0.015824
0.015156
0.015615
0.015985
0.015496
0.014851
0.014159
0.014173
0.013914
0.014595
0.014238
0.013735
