936
936
935
935
935
934
935
936
936
937
937
936
936
936
936
936
936
936
936
937
937
938
939
939
940
939
937
938
938
938
939
939
939
940
938
937
936
936
937
936
936
936
935
935
935
935
934
933
933
933
934
934
934
934
934
935
936
935
935
935
936
935
935
935
936
936
936
936
936
936
936
936
936
936
934
933
934
934
933
932
933
933
933
933
932
931
932
932
931
930
931
931
931
932
933
933
932
933
933
933
933
933
934
934
933
934
934
934
933
934
935
934
934
934
935
934
932
932
932
932
932
933
933
933
933
933
933
932
932
932
932
931
930
931
930
930
931
930
930
931
930
929
928
928
929
928
927
927
928
928
927
928
929
929
930
930
929
929
929
930
929
929
930
930
930
930
929
929
929
929
929
929
928
929
929
929
929
929
929
929
928
927
928
928
928
928
928
928
928
929
927
927
928
928
928
927
927
927
927
927
928
928
928
929
929
929
929
928
929
929
928
927
927
927
927
928
927
926
925
926
926
925
924
924
925
924
925
925
925
926
926
925
924
925
926
924
923
922
922
922
922
922
922
922
923
921
921
921
921
922
921
920
919
920
920
921
921
921
921
922
921
921
921
922
921
919
918
919
920
919
918
917
917
918
918
917
917
918
917
917
915
916
917
917
917
916
918
917
917
917
917
918
918
918
919
919
919
919
918
919
919
920
920
920
920
921
919
918
918
917
918
918
918
918
918
918
918
917
917
917
918
919
919
919
919
919
919
919
919
919
919
918
918
918
919
919
919
919
920
920
920
920
920
920
921
921
921
922
922
921
921
921
921
922
922
921
922
922
921
920
919
920
921
920
919
920
920
920
921
921
921
921
921
921
921
922
922
922
922
922
923
924
923
923
923
924
924
924
924
922
923
924
923
923
923
923
923
923
923
922
923
923
923
923
923
923
923
923
922
923
922
922
922
923
923
923
923
922
923
923
922
922
923
923
923
923
923
924
924
924
924
925
925
925
925
925
925
926
925
924
924
923
923
923
923
924
924
925
924
923
923
923
923
922
922
922
922
922
923
923
923
923
922
921
921
921
920
920
920
920
920
921
920
922
922
922
922
921
921
921
922
923
923
923
923
923
922
922
922
922
922
922
921
922
922
921
920
919
920
919
920
920
920
920
920
921
921
921
921
922
921
921
922
922
923
922
922
923
923
923
923
923
923
924
924
923
923
924
924
923
924
923
924
923
922
922
922
922
922
921
921
921
921
921
920
919
920
920
920
920
920
921
920
920
921
921
920
920
920
919
920
920
919
918
917
918
919
918
918
918
919
919
920
920
920
920
920
919
919
918
919
919
919
919
919
919
919
919
919
919
919
919
919
919
919
920
919
920
920
921
921
920
919
918
919
919
919
918
919
920
920
920
920
920
921
921
921
921
921
921
922
921
921
922
922
921
920
921
922
920
919
918
919
919
919
918
918
918
919
920
920
921
921
920
920
920
920
920
919
919
919
919
920
919
920
921
921
920
919
920
921
920
920
920
920
921
920
919
919
919
919
918
917
918
917
917
918
919
918
919
919
918
919
919
919
918
917
916
916
917
916
914
914
915
915
916
915
916
917
917
916
916
917
918
916
916
916
916
916
916
915
915
915
915
915
914
914
914
914
913
912
912
913
912
912
912
912
912
913
913
914
914
914
914
915
914
915
915
917
917
917
918
918
918
918
919
920
920
920
920
920
921
921
922
922
923
924
924
923
924
925
927
928
929
930
932
934
934
934
936
938
941
943
945
948
950
951
952
955
958
962
964
967
970
974
977
979
981
986
990
992
994
998
1002
1006
1010
1014
1018
1023
1027
1031
1036
1042
1046
1051
1056
1061
1065
1069
1075
1082
1087
1093
1099
1106
1112
1118
1125
1131
1137
1144
1150
1157
1163
1171
1177
1183
1191
1197
1204
1212
1220
1226
1233
1242
1249
1257
1266
1273
1280
1288
1298
1305
1312
1322
1331
1339
1346
1356
1364
1370
1380
1391
1399
1408
1418
1429
1438
1448
1458
1466
1474
1484
1495
1503
1512
1522
1532
1542
1552
1563
1572
1583
1594
1604
1614
1624
1634
1645
1654
1664
1675
1686
1695
1703
1715
1725
1735
1747
1756
1766
1778
1786
1795
1804
1815
1826
1836
1846
1858
1869
1878
1888
1899
1912
1921
1929
1941
1952
1961
1970
1983
1994
2003
2013
2025
2037
2047
2056
2067
2079
2088
2097
2108
2119
2129
2139
2151
2160
2170
2181
2192
2202
2211
2222
2231
2240
2252
2260
2268
2279
2291
2301
2310
2321
2330
2338
2346
2357
2366
2375
2385
2396
2405
2415
2426
2436
2446
2456
2466
2474
2483
2493
2502
2512
2522
2533
2541
2550
2561
2571
2579
2586
2596
2606
2615
2624
2633
2642
2650
2659
2670
2679
2687
2697
2704
2711
2721
2729
2738
2748
2755
2763
2774
2780
2787
2794
2804
2811
2818
2827
2837
2844
2851
2861
2871
2876
2882
2888
2898
2906
2913
2921
2930
2939
2946
2951
2960
2969
2975
2980
2990
2999
3004
3010
3019
3029
3035
3040
3049
3054
3059
3066
3074
3082
3087
3094
3103
3111
3118
3123
3131
3136
3143
3150
3157
3162
3167
3176
3185
3189
3194
3200
3206
3211
3219
3225
3230
3236
3244
3250
3256
3261
3267
3273
3277
3285
3290
3295
3302
3310
3316
3320
3327
3334
3339
3344
3351
3358
3361
3366
3373
3378
3382
3385
3392
3396
3400
3407
3413
3418
3422
3430
3434
3438
3444
3450
3454
3457
3463
3467
3471
3476
3483
3486
3488
3494
3500
3504
3508
3514
3517
3522
3529
3535
3538
3541
3547
3551
3554
3559
3565
3569
3572
3579
3582
3584
3589
3595
3597
3599
3605
3608
3612
3619
3625
3627
3629
3633
3639
3643
3646
3651
3657
3660
3662
3667
3669
3670
3675
3678
3681
3686
3689
3692
3697
3702
3705
3707
3712
3714
3715
3717
3722
3724
3727
3732
3735
3736
3738
3743
3744
3746
3750
3755
3758
3761
3765
3767
3769
3774
3775
3776
3781
3786
3788
3791
3796
3797
3798
3802
3807
3807
3809
3810
3815
3817
3818
3823
3826
3827
3829
3833
3835
3837
3841
3846
3847
3847
3851
3854
3855
3857
3859
3862
3866
3868
3870
3872
3875
3875
3876
3876
3880
3883
3884
3885
3887
3891
3892
3893
3894
3898
3901
3903
3904
3906
3910
3912
3913
3913
3917
3918
3918
3918
3921
3925
3928
3929
3932
3935
3935
3935
3935
3939
3939
3940
3941
3946
3947
3948
3950
3953
3954
3953
3953
3958
3959
3959
3962
3965
3965
3966
3969
3972
3973
3974
3978
3982
3983
3982
3985
3989
3989
3990
3993
3992
3994
3995
3998
3997
3996
3996
3999
4002
4002
4002
4006
4010
4010
4011
4011
4013
4014
4015
4018
4020
4021
4022
4021
4024
4024
4025
4024
4027
4030
4031
4033
4037
4040
4040
4040
4042
4045
4045
4046
4049
4052
4052
4052
4054
4057
4056
4057
4059
4062
4061
4062
4065
4067
4068
4067
4069
4073
4072
4070
4074
4076
4076
4076
4078
4080
4079
4079
4082
4084
4084
4084
4087
4090
4089
4089
4091
4093
4096
4095
4093
4096
4100
4099
4098
4100
4102
4101
4101
4103
4103
4104
4104
4106
4106
4105
4107
4110
4109
4110
4112
4110
4110
4111
4114
4112
4111
4111
4113
4112
4110
4110
4113
4113
4112
4114
4116
4115
4115
4118
4117
4116
4120
4122
4122
4122
4124
4126
4125
4124
4127
4129
4129
4130
4132
4131
4131
4134
4135
4135
4135
4137
4138
4138
4138
4140
4139
4138
4138
4141
4139
4139
4142
4145
4144
4141
4140
4143
4142
4142
4142
4144
4145
4144
4146
4149
4147
4147
4149
4151
4150
4151
4154
4154
4154
4155
4157
4156
4157
4158
4160
4159
4159
4162
4161
4160
4159
4160
4159
4158
4156
4159
4161
4161
4160
4162
4163
4162
4161
4164
4163
4162
4166
4165
4164
4165
4164
4163
4165
4167
4166
4166
4169
4169
4169
4170
4169
4169
4171
4170
4169
4171
4172
4172
4174
4173
4171
4174
4175
4175
4174
4177
4177
4178
4179
4179
4178
4180
4179
4179
4181
4180
4179
4182
4181
4180
4179
4180
4180
4179
4181
4181
4180
4183
4182
4181
4182
4184
4183
4182
4184
4184
4184
4186
4186
4185
4187
4186
4184
4186
4185
4185
4185
4187
4186
4183
4185
4185
4184
4186
4185
4184
4187
4189
4188
4187
4189
4188
4187
4188
4187
4186
4189
4192
4190
4188
4189
4188
4186
4189
4191
4190
4189
4192
4192
4191
4192
4191
4189
4191
4193
4192
4192
4195
4193
4191
4193
4191
4190
4192
4191
4191
4190
4193
4192
4191
4192
4190
4188
4191
4190
4189
4189
4192
4191
4190
4191
4190
4188
4191
4193
4193
4192
4195
4194
4192
4194
4193
4192
4194
4192
4191
4194
4193
4193
4195
4192
4191
4189
4192
4191
4189
4192
4192
4191
4192
4194
4193
4193
4194
4193
4192
4195
4194
4192
4194
4193
4192
4193
4195
4193
4192
4195
4195
4194
4195
4194
4193
4196
4194
4192
4194
4194
4194
4196
4196
4195
4194
4196
4194
4192
4195
4197
4197
4196
4198
4196
4195
4198
4196
4195
4196
4199
4199
4199
4200
4198
4197
4198
4198
4197
4199
4199
4198
4200
4202
4200
4198
4200
4200
4199
4201
4204
4202
4201
4203
4201
4200
4202
4200
4197
4200
4203
4203
4203
4204
4202
4201
4203
4201
4199
4201
4202
4201
4203
4201
4200
4201
4204
4202
4200
4202
4202
4202
4203
4202
4201
4200
4201
4201
4201
4203
4203
4202
4204
4202
4200
4202
4201
4201
4202
4201
4201
4203
4202
4201
4203
4201
4200
4201
4200
4199
4202
4202
4202
4203
4204
4202
4200
4201
4201
4200
4203
4202
4201
4200
4201
4200
4199
4201
4199
4199
4201
4200
4198
4200
4198
4197
4195
4198
4196
4194
4197
4197
4197
4199
4196
4196
4197
4197
4196
4198
4201
4199
4202
4203
4202
4201
4202
4201
4200
4202
4202
4202
4204
4202
4201
4203
4201
4200
4202
4200
4200
4200
4200
4200
4199
4201
4203
4201
4199
4201
4201
4201
4203
4200
4198
4200
4198
4197
4198
4200
4200
4198
4200
4198
4196
4197
4199
4199
4198
4200
4200
4200
4199
4200
4199
4198
4200
4199
4197
4200
4199
4197
4200
4198
4196
4197
4199
4197
4197
4199
4199
4197
4200
4198
4196
4198
4200
4198
4196
4198
4198
4197
4200
4198
4198
4199
4198
4196
4194
4197
4196
4195
4198
4196
4194
4196
4198
4197
4195
4197
4197
4196
4198
4197
4195
4197
4195
4193
4195
4195
4195
4195
4197
4196
4193
4195
4194
4192
4193
4193
4193
4195
4197
4197
4195
4197
4196
4195
4197
4196
4195
4198
4197
4195
4197
4195
4194
4195
4197
4196
4196
4198
4200
4198
4196
4197
4196
4195
4194
4195
4195
4196
4197
4196
4194
4196
4194
4193
4195
4193
4193
4195
4194
4192
4193
4192
4192
4192
4194
4193
4193
4196
4194
4193
4195
4193
4193
4194
4193
4193
4195
4195
4195
4197
4195
4193
4196
4198
4196
4194
4197
4197
4197
4198
4196
4194
4193
4194
4194
4194
4194
4194
4193
4195
4194
4194
4196
4194
4193
4194
4194
4193
4196
4195
4194
4196
4195
4194
4195
4195
4194
4196
4199
4196
4194
4195
4197
4196
4195
4197
4196
4195
4198
4198
4197
4198
4197
4196
4198
4197
4196
4198
4198
4196
4193
4195
4194
4193
4195
4193
4191
4194
4193
4191
4193
4194
4192
4191
4193
4191
4190
4193
4191
4190
4188
4189
4189
4188
4191
4190
4189
4188
4186
4187
4187
4186
4188
4186
4185
4188
4187
4186
4187
4188
4187
4186
4188
4186
4185
4188
4187
4185
4186
4185
4184
4184
4185
4184
4182
4185
4184
4183
4180
4181
4180
4178
4178
4179
4178
4177
4175
4178
4175
4173
4175
4174
4173
4174
4172
4171
4170
4172
4169
4166
4164
4166
4163
4160
4161
4160
4160
4158
4159
4158
4156
4153
4151
4152
4149
4147
4145
4146
4144
4142
4140
4139
4139
4137
4135
4132
4133
4130
4128
4124
4123
4123
4120
4117
4117
4116
4113
4110
4110
4109
4106
4101
4101
4099
4096
4092
4089
4089
4088
4085
4081
4080
4078
4074
4069
4066
4064
4062
4058
4055
4053
4052
4050
4045
4041
4037
4035
4034
4029
4025
4024
4023
4018
4012
4010
4008
4003
3998
3993
3991
3990
3986
3981
3980
3978
3973
3968
3966
3963
3959
3954
3949
3947
3943
3938
3936
3934
3928
3923
3918
3916
3913
3908
3903
3898
3896
3895
3888
3883
3878
3872
3870
3867
3862
3856
3850
3848
3846
3843
3840
3835
3829
3827
3822
3818
3815
3812
3807
3802
3800
3799
3793
3788
3785
3779
3774
3771
3766
3761
3756
3754
3749
3745
3742
3740
3734
3729
3724
3721
3716
3711
3708
3705
3700
3695
3692
3689
3685
3681
3677
3671
3666
3663
3660
3655
3650
3647
3645
3640
3636
3631
3627
3622
3616
3610
3607
3603
3598
3592
3589
3586
3582
3578
3574
3571
3566
3560
3557
3554
3548
3542
3538
3534
3529
3525
3522
3516
3510
3507
3503
3498
3493
3490
3484
3478
3472
3470
3464
3459
3456
3453
3449
3444
3440
3438
3432
3426
3424
3421
3416
3410
3407
3403
3399
3396
3393
3388
3382
3379
3377
3370
3364
3361
3358
3353
3350
3348
3345
3342
3337
3332
3328
3325
3320
3315
3312
3308
3303
3296
3294
3293
3287
3283
3281
3275
3269
3263
3260
3255
3250
3247
3244
3239
3234
3232
3228
3224
3219
3216
3212
3206
3203
3201
3195
3191
3188
3185
3180
3174
3172
3170
3166
3161
3158
3154
3150
3145
3142
3137
3133
3130
3126
3122
3117
3112
3110
3108
3103
3097
3091
3088
3085
3080
3075
3072
3069
3066
3063
3059
3056
3053
3049
3045
3040
3038
3035
3030
3024
3021
3019
3014
3009
3004
3002
2998
2994
2989
2985
2982
2980
2975
2970
2965
2963
2958
2954
2950
2947
2944
2940
2935
2931
2929
2926
2921
2917
2915
2911
2907
2903
2900
2898
2893
2888
2884
2881
2878
2874
2870
2866
2861
2859
2857
2853
2848
2844
2841
2839
2835
2832
2829
2826
2823
2819
2815
2812
2810
2808
2805
2801
2799
2795
2790
2788
2786
2781
2778
2775
2771
2766
2762
2760
2756
2752
2748
2746
2744
2740
2735
2733
2730
2726
2724
2719
2715
2710
2709
2705
2701
2699
2697
2695
2691
2689
2686
2683
2679
2677
2674
2670
2668
2665
2663
2659
2657
2653
2650
2648
2646
2644
2640
2636
2634
2630
2627
2622
2621
2619
2615
2611
2609
2608
2604
2600
2597
2596
2594
2591
2587
2584
2582
2580
2576
2572
2570
2569
2565
2561
2560
2557
2554
2550
2547
2547
2544
2541
2539
2537
2535
2532
2529
2527
2523
2522
2520
2516
2512
2510
2508
2506
2504
2501
2500
2497
2494
2493
2489
2486
2483
2480
2477
2474
2472
2470
2466
2462
2460
2458
2456
2453
2452
2450
2448
2445
2443
2440
2437
2434
2432
2428
2424
2421
2419
2418
2415
2412
2411
2407
2404
2402
2401
2399
2396
2395
2391
2389
2386
2384
2381
2378
2376
2374
2372
2369
2368
2365
2362
2358
2354
2354
2353
2350
2346
2345
2344
2342
2339
2335
2333
2332
2329
2325
2324
2322
2319
2316
2315
2312
2311
2308
2306
2304
2303
2300
2297
2296
2294
2291
2289
2287
2284
2281
2278
2277
2275
2272
2271
2270
2267
2264
2263
2262
2259
2257
2256
2255
2252
2249
2247
2244
2242
2239
2237
2236
2233
2230
2229
2225
2222
2221
2220
2218
2216
2215
2214
2212
2209
2208
2206
2203
2199
2199
2198
2195
2192
2191
2188
2186
2185
2183
2180
2177
2176
2175
2173
2172
2171
2169
2167
2165
2164
2160
2158
2156
2155
2151
2149
2148
2147
2143
2140
2139
2139
2136
2133
2133
2131
2129
2128
2126
2123
2121
2118
2117
2114
2111
2110
2109
2107
2106
2104
2102
2101
2100
2097
2094
2094
2093
2091
2088
2087
2085
2083
2081
2078
2077
2076
2074
2072
2071
2069
2067
2065
2064
2061
2061
2059
2058
2057
2054
2051
2049
2047
2046
2043
2040
2038
2035
2034
2032
2031
2029
2026
2025
2024
2022
2019
2016
2016
2014
2012
2010
2007
2006
2005
2004
2002
2001
1999
1997
1996
1994
1992
1990
1990
1988
1985
1983
1981
1980
1979
1977
1976
1975
1974
1974
1971
1970
1968
1966
1966
1962
1960
1959
1958
1957
1954
1951
1950
1949
1948
1946
1944
1941
1940
1939
1938
1936
1933
1932
1931
1930
1928
1925
1923
1923
1921
1919
1917
1916
1915
1914
1912
1911
1910
1909
1908
1906
1905
1904
1904
1903
1901
1899
1899
1898
1896
1895
1892
1891
1890
1889
1887
1885
1883
1882
1881
1878
1876
1875
1874
1873
1871
1869
1868
1868
1866
1863
1861
1861
1859
1857
1855
1852
1852
1851
1850
1849
1846
1843
1841
1841
1840
1837
1833
1831
1831
1829
1829
1827
1825
1823
1823
1822
1821
1819
1816
1813
1811
1810
1809
1807
1805
1803
1802
1801
1801
1798
1795
1793
1792
1791
1791
1789
1787
1785
1785
1784
1782
1780
1778
1777
1777
1775
1773
1772
1772
1770
1769
1767
1767
1765
1763
1762
1761
1760
1758
1757
1757
1756
1755
1753
1752
1752
1750
1748
1747
1745
1743
1741
1741
1740
1739
1737
1737
1736
1734
1732
1731
1731
1729
1728
1727
1726
1726
1725
1724
1723
1722
1721
1720
1718
1718
1717
1715
1713
1712
1711
1709
1707
1707
1706
1704
1702
1700
1700
1698
1697
1695
1696
1695
1695
1694
1693
1693
1692
1690
1689
1688
1687
1685
1683
1682
1681
1679
1677
1677
1677
1675
1674
1673
1673
1670
1669
1668
1667
1665
1665
1664
1664
1663
1662
1660
1660
1659
1657
1654
1652
1651
1651
1649
1647
1646
1646
1645
1644
1643
1643
1641
1640
1638
1638
1637
1635
1634
1633
1634
1632
1630
1628
1628
1628
1626
1624
1623
1623
1621
1619
1618
1617
1617
1616
1614
1613
1613
1611
1610
1610
1609
1607
1605
1604
1605
1603
1602
1601
1601
1600
1598
1597
1597
1595
1594
1593
1592
1591
1590
1589
1588
1586
1585
1585
1585
1584
1582
1581
1582
1580
1578
1576
1576
1576
1575
1574
1573
1572
1572
1570
1569
1567
1566
1565
1564
1562
1561
1560
1560
1559
1557
1557
1556
1555
1552
1551
1550
1549
1547
1545
1543
1543
1543
1543
1542
1541
1540
1540
1539
1537
1535
1535
1535
1534
1532
1531
1531
1530
1529
1528
1527
1527
1526
1525
1524
1524
1522
1519
1517
1518
1516
1515
1515
1514
1513
1512
1511
1511
1509
1507
1505
1506
1504
1503
1502
1501
1502
1500
1499
1499
1498
1497
1496
1495
1495
1494
1493
1492
1492
1492
1491
1490
1490
1489
1488
1488
1488
1487
1485
1484
1483
1482
1480
1479
1478
1478
1477
1475
1475
1473
1471
1470
1469
1468
1468
1467
1465
1465
1465
1464
1464
1465
1464
1463
1461
1462
1461
1460
1458
1458
1457
1456
1455
1455
1453
1450
1449
1448
1448
1447
1446
1447
1446
1445
1443
1444
1443
1443
1443
1442
1442
1441
1441
1441
1439
1437
1436
1436
1436
1435
1433
1432
1432
1431
1430
1430
1429
1428
1427
1426
1426
1425
1424
1424
1424
1422
1420
1421
1421
1419
1417
1417
1417
1417
1416
1415
1414
1414
1413
1412
1411
1412
1410
1409
1408
1408
1408
1407
1407
1407
1407
1405
1403
1402
1402
1401
1399
1397
1398
1396
1396
1396
1395
1396
1395
1394
1394
1394
1393
1392
1393
1392
1391
1390
1389
1389
1388
1386
1386
1386
1385
1383
1383
1382
1381
1379
1380
1379
1377
1377
1377
1376
1376
1376
1376
1375
1374
1373
1373
1373
1372
1371
1371
1370
1369
1368
1367
1366
1365
1364
1365
1364
1363
1361
1362
1361
1360
1358
1358
1357
1355
1353
1353
1352
1351
1352
1351
1351
1349
1350
1350
1349
1348
1348
1348
1347
1346
1346
1345
1344
1343
1341
1342
1341
1340
1339
1337
1337
1338
1337
1335
1334
1334
1334
1333
1333
1333
1333
1333
1332
1332
1332
1331
1331
1332
1331
1330
1330
1330
1329
1329
1327
1327
1327
1326
1325
1325
1325
1325
1323
1322
1321
1322
1320
1318
1316
1316
1315
1316
1315
1314
1315
1315
1314
1314
1314
1314
1314
1313
1312
1312
1311
1311
1310
1308
1308
1308
1307
1306
1304
1305
1304
1304
1304
1303
1303
1302
1302
1301
1299
1299
1299
1298
1297
1295
1296
1296
1296
1295
1294
1294
1294
1293
1292
1291
1291
1290
1290
1290
1289
1289
1288
1287
1287
1287
1287
1286
1285
1285
1285
1283
1282
1282
1281
1281
1279
1279
1279
1280
1278
1277
1277
1276
1277
1276
1275
1275
1275
1275
1274
1272
1272
1272
1271
1270
1269
1270
1269
1268
1267
1266
1267
1266
1264
1264
1265
1264
1263
1262
1261
1262
1262
1262
1262
1262
1262
1261
1260
1260
1258
1258
1258
1257
1256
1256
1256
1255
1254
1252
1252
1252
1252
1250
1250
1250
1250
1250
1249
1249
1249
1249
1248
1247
1248
1247
1246
1246
1245
1244
1244
1245
1243
1242
1242
1242
1242
1240
1241
1240
1240
1239
1238
1239
1238
1238
1237
1237
1236
1235
1234
1233
1233
1232
1231
1231
1230
1229
1228
1228
1229
1227
1227
1227
1227
1227
1227
1226
1226
1226
1226
1225
1225
1224
1223
1223
1222
1222
1222
1221
1220
1218
1216
1217
1215
1213
1212
1212
1211
1210
1209
1209
1208
1207
1206
1206
1205
1204
1202
1203
1202
1201
1200
1201
1201
1200
1199
1199
1198
1198
1197
1197
1196
1194
1195
1195
1194
1194
1195
1194
1193
1193
1192
1192
1192
1192
1191
1192
1191
1190
1190
1190
1189
1188
1189
1189
1188
1187
1187
1188
1187
1187
1186
1187
1186
1185
1185
1185
1185
1184
1184
1183
1183
1182
1182
1183
1182
1180
1181
1180
1180
1179
1180
1179
1180
1180
1180
1179
1179
1178
1178
1178
1178
1177
1178
1177
1176
1177
1177
1177
1177
1176
1177
1176
1173
1173
1173
1172
1170
1171
1170
1168
1169
1169
1168
1167
1167
1167
1166
1166
1165
1165
1164
1163
1163
1164
1163
1163
1163
1162
1161
1159
1160
1160
1159
1159
1159
1158
1157
1158
1157
1157
1156
1155
1155
1154
1152
1150
1151
1151
1150
1149
1149
1149
1149
1148
1147
1147
1147
1146
1145
1145
1146
1145
1144
1144
1145
1144
1143
1144
1143
1142
1142
1143
1142
1141
1142
1142
1141
1141
1140
1140
1139
1138
1138
1138
1138
1137
1137
1137
1136
1135
1135
1135
1135
1134
1134
1134
1133
1132
1131
1131
1132
1131
1131
1131
1131
1130
1130
1130
1130
1130
1128
1129
1128
1128
1127
1127
1126
1125
1125
1125
1124
1124
1124
1123
1123
1123
1123
1122
1122
1122
1121
1121
1120
1121
1122
1120
1119
1117
1118
1118
1118
1119
1119
1119
1119
1118
1117
1117
1118
1117
1116
1115
1116
1114
1113
1113
1113
1112
1111
1111
1111
1110
1109
1110
1109
1108
1109
1108
1109
1108
1108
1109
1108
1108
1108
1108
1108
1108
1108
1108
1106
1107
1108
1106
1106
1106
1106
1106
1105
1105
1104
1104
1104
1104
1103
1103
1102
1102
1102
1101
1100
1100
1099
1099
1098
1098
1098
1098
1098
1098
1098
1098
1098
1098
1098
1098
1098
1097
1098
1097
1097
1097
1098
1098
1098
1097
1097
1097
1098
1097
1096
1096
1096
1095
1094
1094
1094
1093
1092
1093
1093
1092
1091
1091
1092
1091
1092
1091
1091
1091
1090
1090
1090
1089
1088
1088
1089
1088
1088
1088
1089
1090
1088
1088
1089
1089
1087
1087
1086
1086
1086
1085
1085
1084
1083
1083
1084
1083
1083
1082
1082
1083
1082
1081
1081
1081
1081
1080
1079
1079
1079
1079
1078
1077
1077
1077
1077
1077
1076
1076
1077
1076
1076
1076
1077
1077
1076
1076
1075
1076
1075
1075
1074
1074
1074
1074
1073
1071
1072
1072
1072
1072
1071
1071
1072
1071
1070
1070
1070
1071
1069
1069
1069
1069
1068
1067
1065
1065
1066
1065
1064
1065
1065
1065
1064
1063
1064
1063
1063
1063
1062
1062
1062
1061
1060
1060
1060
1060
1060
1060
1061
1060
