0.0002782,0.005026
0.0006203,0.010305
0.00097109,0.015615
0.0012105,0.021038
0.0014833,0.026789
0.0013981,0.030867
0.0014623,0.034743
0.0014483,0.037815
0.0017999,0.039132
0.0021583,0.038744
0.0022236,0.037262
0.0022303,0.035553
0.0025297,0.032829
0.0023366,0.02914
0.0021421,0.024991
0.0015418,0.021032
0.00099199,0.016243
0.00041151,0.011928
-0.00022216,0.0067591
-0.00086703,0.0013818
-0.0011232,-0.003241
-0.0013941,-0.0077031
-0.0019581,-0.011208
-0.0026843,-0.014101
-0.0031919,-0.015786
-0.0040289,-0.016198
-0.0050699,-0.015018
-0.0059115,-0.012799
-0.0064223,-0.0099353
-0.0071684,-0.0066311
-0.0079637,-0.0021722
-0.0087404,0.0028861
-0.0095014,0.0078837
-0.01008,0.013395
-0.010732,0.018668
-0.011471,0.023726
-0.011823,0.028046
-0.012274,0.031251
-0.01263,0.033303
-0.013043,0.034056
-0.013174,0.034226
-0.013048,0.032784
-0.012695,0.030918
-0.012067,0.028051
-0.011248,0.024526
-0.010096,0.020385
-0.0088878,0.015787
-0.0074446,0.010325
-0.0060165,0.004999
-0.0044911,-0.00084984
-0.0028474,-0.0067345
-0.0012059,-0.011789
0.00040556,-0.016391
0.0021427,-0.019954
0.0040431,-0.022416
0.0062019,-0.024064
0.0080708,-0.023757
0.0098025,-0.023296
0.011602,-0.021603
0.013095,-0.018756
0.014663,-0.015895
0.015969,-0.011703
0.01696,-0.0070484
0.017889,-0.0026313
0.018649,0.0024943
0.019184,0.0068159
0.019562,0.010927
0.019861,0.014133
0.020326,0.016196
0.020892,0.017607
0.021596,0.018385
0.022038,0.018024
0.022674,0.016308
0.023107,0.013557
0.023031,0.010362
0.022843,0.0064437
0.022201,0.0019174
0.021831,-0.002686
0.021008,-0.0080306
0.020485,-0.01334
0.020187,-0.019181
0.019724,-0.024524
0.019078,-0.028766
0.019054,-0.033009
0.018512,-0.035891
0.017855,-0.037834
0.0172,-0.038671
0.016479,-0.037889
0.015441,-0.036412
0.014559,-0.032977
0.013858,-0.028589
0.01327,-0.023973
0.012878,-0.017964
0.012559,-0.011391
0.012102,-0.0043897
0.011434,0.0027599
0.011024,0.0088791
0.01073,0.014686
0.010503,0.020289
0.010551,0.024169
0.010306,0.026376
0.010652,0.027765
0.011184,0.027982
0.01135,0.027283
0.011843,0.025671
0.012998,0.023466
0.013589,0.020847
0.014521,0.017538
0.015438,0.013404
0.015985,0.0088021
0.016511,0.0045434
0.017674,0.001128
0.018662,-0.0017082
0.019813,-0.0042101
0.020984,-0.0055312
0.021938,-0.0063878
0.022944,-0.0060187
0.023943,-0.004736
0.024836,-0.0026644
0.025699,0.00073841
0.026652,0.004914
0.02747,0.0095417
0.027863,0.01541
0.02835,0.022044
0.029254,0.028558
0.029433,0.036308
0.029744,0.043538
0.030026,0.050043
0.029949,0.056004
0.030779,0.061553
0.030883,0.065688
0.031139,0.068482
0.031382,0.070048
0.031403,0.069993
0.031159,0.06869
0.030752,0.067364
0.030144,0.064951
0.029571,0.061621
0.029192,0.058091
0.02837,0.053937
0.027774,0.049432
0.027284,0.044792
0.02671,0.040236
0.026062,0.037079
0.025589,0.034792
0.025138,0.033288
0.024384,0.032668
0.023308,0.033112
0.022359,0.034631
0.021603,0.036686
0.021108,0.039974
0.020639,0.044189
0.02008,0.048863
0.019723,0.054581
0.019116,0.060896
0.018386,0.066637
0.017472,0.072956
0.016834,0.079038
0.016284,0.084466
0.015788,0.089307
0.015392,0.093187
0.015272,0.095632
0.015186,0.09699
0.015102,0.097232
0.014999,0.096118
0.015299,0.094273
0.015462,0.091507
0.015519,0.087723
0.016044,0.083482
0.016201,0.078732
0.017139,0.073407
0.017357,0.068157
0.017492,0.062544
0.018287,0.056894
0.01911,0.0519
0.019661,0.047824
0.020464,0.044316
0.020994,0.041615
0.021464,0.040132
0.021788,0.039708
0.022125,0.040367
0.022393,0.042104
0.022458,0.04477
0.022705,0.047825
0.022929,0.05206
0.023052,0.056639
0.023504,0.061497
0.023462,0.066828
0.02344,0.071678
0.023136,0.0758
0.023138,0.080037
0.023266,0.082955
0.022826,0.084651
0.022511,0.085505
0.022274,0.085713
0.021756,0.084393
0.021077,0.081938
0.020106,0.078955
0.01927,0.075362
0.018244,0.071279
0.017535,0.066212
0.016972,0.060753
0.015896,0.055593
0.015605,0.050499
0.014988,0.044773
0.014225,0.039644
0.013494,0.035801
0.012846,0.032742
0.011983,0.030731
0.011119,0.029946
0.01048,0.030374
0.010058,0.031693
0.0094912,0.034106
0.0095176,0.036992
0.0089786,0.04041
0.0084689,0.045303
0.0078952,0.05027
0.0072318,0.055421
0.0064768,0.061114
0.0061113,0.066211
0.0055362,0.071151
0.0049966,0.074995
0.0047754,0.078101
0.0045282,0.079679
0.0042381,0.080724
0.0041268,0.08072
0.0043293,0.07919
0.0044749,0.076681
0.0046322,0.073873
0.0048003,0.070511
0.0045319,0.066267
0.0046526,0.060908
0.0047219,0.055613
0.0047946,0.050447
0.0051339,0.045335
0.0057573,0.040447
0.0060598,0.03652
0.0066763,0.033488
0.0070555,0.031587
0.0072635,0.030474
0.0075304,0.030872
0.007753,0.032521
0.0078722,0.035123
0.0079965,0.038677
0.0080978,0.042196
0.0081396,0.046964
0.008343,0.052388
0.008304,0.057453
0.0082431,0.063212
0.0080695,0.068777
0.0084297,0.074465
0.0085709,0.079765
0.00838,0.083622
0.0086412,0.086227
0.0088747,0.088171
0.0087843,0.089231
0.0082321,0.088931
0.0076774,0.087501
0.0072224,0.084734
0.0068285,0.081505
0.0057619,0.077454
0.0051053,0.072506
0.004587,0.066606
0.0041754,0.06097
0.0036746,0.055391
0.0032303,0.049558
0.0027982,0.044891
0.0023897,0.041059
0.0017005,0.037649
0.001099,0.035903
0.00026403,0.035194
-0.00034299,0.035643
-0.00047033,0.037504
-0.00070935,0.039582
-0.0010895,0.043012
-0.001451,0.047566
-0.0015848,0.052779
-0.0021068,0.058334
-0.0029142,0.06387
-0.0034356,0.069503
-0.003865,0.07445
-0.0041558,0.079285
-0.0045556,0.083492
-0.0050645,0.087585
-0.0049007,0.090086
-0.0045714,0.091238
-0.0045373,0.091834
-0.0043894,0.091216
-0.0039426,0.088999
-0.0036632,0.08619
-0.0033459,0.082393
-0.0029921,0.077765
-0.002923,0.072787
-0.002473,0.067439
-0.0020473,0.061699
-0.0016278,0.05578
-0.0012912,0.050522
-0.00095477,0.045636
-0.00024446,0.041935
0.00030711,0.039295
0.0012347,0.037117
0.0018195,0.036391
0.002282,0.037193
0.0031319,0.038983
0.0037035,0.041996
0.0039631,0.045914
0.0047157,0.050426
0.0052844,0.055507
0.0057792,0.060981
0.0059238,0.067278
0.0061327,0.073168
0.0074049,0.07835
0.0078088,0.083812
0.0073908,0.088693
0.0073463,0.091867
0.0077265,0.093995
0.0076504,0.096
0.006923,0.096904
0.0063883,0.095646
0.0056868,0.093714
0.005042,0.091579
0.003885,0.088119
0.0029878,0.08336
0.0021843,0.078112
0.0014616,0.072826
0.00060774,0.067904
-0.0001911,0.061603
-0.00080102,0.056126
-0.0012768,0.051393
-0.0019576,0.047501
-0.0024056,0.044876
-0.0028932,0.04224
-0.0028542,0.041382
-0.0026602,0.042302
-0.0025292,0.043932
-0.0021241,0.046287
-0.0014131,0.049787
-0.00084804,0.054275
-0.00022105,0.05959
0.00022654,0.065101
0.00097515,0.07015
0.0019709,0.075455
0.0028296,0.081223
0.003733,0.085918
0.0051012,0.08899
0.0066409,0.092104
0.0081251,0.093758
0.0095747,0.09432
0.010972,0.093596
0.012176,0.091968
0.013275,0.089107
0.014119,0.085614
0.015115,0.081593
0.015779,0.076763
0.016599,0.071382
0.017452,0.065908
0.018236,0.060291
0.019014,0.054836
0.020104,0.049324
0.021238,0.044114
0.022211,0.039917
0.02299,0.0369
0.023698,0.035056
0.024442,0.034785
0.024953,0.035293
0.025681,0.036853
0.0261,0.039697
0.026334,0.043107
0.026661,0.047491
0.02689,0.052452
0.027227,0.057416
0.027174,0.06235
0.02818,0.067967
0.028283,0.073342
0.028229,0.077533
0.028334,0.081062
0.028764,0.084323
0.028947,0.085858
0.028795,0.085679
0.028097,0.084861
0.027723,0.083496
0.027216,0.080758
0.026397,0.077261
0.025668,0.073466
0.024882,0.068662
0.024304,0.063255
0.023719,0.058026
0.023108,0.052332
0.022626,0.046797
0.022016,0.041658
0.021314,0.037222
0.020519,0.033679
0.019727,0.030815
0.019198,0.028987
0.018543,0.028902
0.01802,0.03021
0.017675,0.032427
0.017321,0.035577
0.016951,0.039538
0.016688,0.044291
0.016374,0.049104
0.016189,0.054837
0.016378,0.060764
0.016485,0.065678
0.016495,0.070536
0.016723,0.075212
0.017157,0.078691
0.017553,0.080571
0.018057,0.081659
0.018706,0.083254
0.019381,0.082821
0.020252,0.08061
0.021002,0.07763
0.021839,0.074358
0.022821,0.070431
0.023772,0.06435
0.024555,0.058247
0.025712,0.053057
0.026284,0.046434
0.026974,0.04081
0.027631,0.035988
0.028085,0.030751
0.028564,0.027146
0.029271,0.025065
0.029937,0.024176
0.030508,0.025265
0.031113,0.025749
0.031709,0.028468
0.032161,0.03284
0.032466,0.036219
0.032541,0.04115
0.032491,0.046963
0.033098,0.052467
0.033278,0.058504
0.033157,0.063713
0.033329,0.068572
0.033447,0.072653
0.033697,0.075711
0.033411,0.077528
0.032867,0.078539
0.03226,0.078331
0.031552,0.076819
0.030704,0.074562
0.030146,0.071607
0.029456,0.068013
0.02904,0.063625
0.028588,0.058706
0.02763,0.052988
0.027362,0.047699
0.026824,0.043011
0.025747,0.037174
0.024699,0.032238
0.024042,0.029526
0.023341,0.025876
0.022509,0.023988
0.022002,0.023263
0.021353,0.023617
0.020634,0.025255
0.020561,0.027671
0.019992,0.030997
0.019344,0.035356
0.019074,0.040187
0.018724,0.044847
0.018289,0.050923
0.017869,0.05604
0.017745,0.06078
0.017624,0.064872
0.017589,0.068476
0.017762,0.070953
0.018011,0.072535
0.018379,0.073318
0.019044,0.072738
0.019335,0.070995
0.019448,0.069048
0.019893,0.065862
0.020324,0.061772
0.020835,0.057749
0.020744,0.052791
0.02144,0.047086
0.021822,0.041617
0.021961,0.036429
0.022133,0.031566
0.022361,0.027252
0.022552,0.023885
0.022763,0.021223
0.022836,0.019411
0.022791,0.019034
0.023003,0.019626
0.023412,0.021264
0.023464,0.023838
0.023429,0.027468
0.023388,0.031957
0.023009,0.036564
0.02312,0.041348
0.023546,0.046399
0.022926,0.051709
0.022516,0.056237
0.022393,0.059731
0.021488,0.062475
0.020961,0.06395
0.019995,0.05959
0.019001,0.054368
0.017739,0.047856
0.016793,0.040101
0.015918,0.031882
0.015271,0.02463
0.014845,0.016306
0.014166,0.0084766
0.012701,0.0022401
0.01174,-0.003031
0.011226,-0.0075266
0.010129,-0.011404
0.0087494,-0.013921
0.0083727,-0.014551
0.0082301,-0.013981
0.0080047,-0.013083
0.0077354,-0.0098794
0.0077225,-0.0060006
0.0080291,-0.00089757
0.0080623,0.0057395
0.0076276,0.012763
0.0072155,0.019864
0.0072676,0.027056
0.0073381,0.033709
0.0074273,0.03944
0.0079091,0.044608
0.0085297,0.048071
0.009223,0.049517
0.0096045,0.049207
0.01012,0.048542
0.010857,0.045626
0.011667,0.040756
0.012604,0.035198
0.013383,0.027992
0.013934,0.01981
0.014714,0.011773
0.015662,0.0043815
0.016313,-0.0029008
0.016693,-0.0094869
0.017449,-0.014789
0.017851,-0.019808
0.017849,-0.022547
0.01744,-0.024434
0.016952,-0.024359
0.016574,-0.022521
0.015853,-0.019277
0.01477,-0.014554
0.013542,-0.0077244
0.012399,-0.00012956
0.011121,0.0088948
0.0095367,0.019295
0.0077944,0.029554
0.0061561,0.040084
0.0043465,0.050634
0.0022852,0.059796
0.00056425,0.06859
-0.0013565,0.075159
-0.0032384,0.081375
-0.0046516,0.085714
-0.0063297,0.088629
-0.0082044,0.090021
-0.010223,0.08788
-0.011651,0.084739
-0.012771,0.080854
-0.013924,0.074778
-0.014775,0.068502
-0.015308,0.06182
-0.015874,0.05535
-0.016909,0.04987
-0.017981,0.044136
-0.019223,0.038663
-0.020331,0.034325
-0.021706,0.03304
-0.022678,0.032627
-0.023126,0.033701
-0.023447,0.036599
-0.023235,0.040755
-0.023276,0.04587
-0.022904,0.053279
-0.022578,0.061379
-0.022633,0.071008
-0.022546,0.081363
-0.02239,0.091114
-0.022495,0.10167
-0.022184,0.11166
-0.021804,0.121
-0.021255,0.12856
-0.020484,0.13477
-0.019543,0.13998
-0.018581,0.14156
-0.017666,0.14177
-0.016772,0.14062
-0.015825,0.13616
-0.014841,0.13039
-0.014128,0.12308
-0.0129,0.11433
-0.012008,0.10591
-0.011337,0.097331
-0.010487,0.088068
-0.009914,0.080003
-0.0091281,0.073221
-0.0088492,0.067131
-0.0094506,0.062059
-0.0095037,0.058777
-0.0096029,0.056965
-0.010283,0.056571
-0.010466,0.057107
-0.011275,0.058978
-0.011954,0.062876
-0.012281,0.068228
-0.012811,0.073906
-0.013998,0.079734
-0.014988,0.085799
-0.016178,0.092413
-0.016787,0.098089
-0.017287,0.10351
-0.017604,0.10876
-0.018096,0.1127
-0.018179,0.11502
-0.018516,0.11549
-0.019753,0.11442
-0.020252,0.11206
-0.02023,0.10723
-0.020489,0.10117
-0.021068,0.09426
-0.020615,0.085056
-0.020242,0.074944
-0.019389,0.064944
-0.018714,0.055133
-0.018836,0.044861
-0.018275,0.035363
-0.018182,0.027203
-0.018201,0.019933
-0.017925,0.014763
-0.017185,0.010992
-0.016288,0.0077758
-0.01539,0.0065899
-0.014957,0.0076798
-0.014759,0.010004
-0.014169,0.014071
-0.013723,0.019363
-0.013596,0.025502
-0.013322,0.032544
-0.012621,0.0393
-0.012203,0.046126
-0.011644,0.052088
-0.010744,0.057178
-0.0095346,0.061683
-0.0082703,0.06505
-0.0073793,0.067397
-0.0065197,0.068109
-0.0058724,0.067126
-0.0050702,0.064612
-0.0040493,0.060253
-0.0031163,0.054109
-0.0021357,0.04744
-0.00042644,0.039455
0.0011824,0.030566
0.0023962,0.021273
0.0037151,0.012606
0.0049616,0.0041899
0.005765,-0.0034033
0.0065606,-0.0095992
0.0072301,-0.015071
0.007952,-0.019332
0.0083639,-0.021995
0.008975,-0.022441
0.0094538,-0.020921
0.0091645,-0.018122
0.0095,-0.01411
0.0086113,-0.0083507
0.0086927,-0.0013833
0.0085367,0.0066963
0.0075339,0.015816
0.0068448,0.025267
0.006548,0.034509
0.0062695,0.043608
0.0056957,0.051771
0.0055488,0.05835
0.0058263,0.064046
0.0052551,0.068546
0.0045146,0.070519
0.0037717,0.071137
0.0030984,0.070412
0.0023832,0.067187
0.0017063,0.061846
0.0011156,0.05541
0.0010158,0.04782
0.0005242,0.039537
0.00060875,0.031269
0.0002803,0.022744
-0.00025398,0.01471
-0.00030538,0.0078062
-0.0007438,0.0016126
-0.0014333,-0.0034775
-0.0013052,-0.0064171
-0.00080484,-0.0079257
-0.00019037,-0.008231
0.00041621,-0.0067657
0.0012621,-0.0034562
0.0018588,0.0013453
0.0018396,0.0078825
0.0023285,0.015144
0.0022783,0.023427
0.0027533,0.033157
0.0035356,0.043247
0.004162,0.052673
0.0049426,0.061154
0.0062543,0.06855
0.0075916,0.074785
0.0088143,0.079471
0.0097591,0.082423
0.010911,0.084248
0.011479,0.084955
0.012789,0.083114
0.013565,0.07832
0.01474,0.072618
0.016157,0.066267
0.017778,0.058177
0.01859,0.049515
0.019713,0.040311
0.020853,0.031851
0.021971,0.023732
0.022836,0.016985
0.023726,0.01033
0.024591,0.0051912
0.025145,0.002338
0.025653,0.0011421
0.025948,0.00078163
0.026141,0.0019542
0.026778,0.0052639
0.026917,0.011312
0.027142,0.018056
0.027059,0.026072
0.026637,0.034995
0.026034,0.044034
0.026243,0.052995
0.025622,0.061358
0.025102,0.068784
0.025004,0.07556
0.024697,0.080515
0.023822,0.083925
0.022899,0.085445
0.021974,0.085005
0.021025,0.083436
0.02008,0.079794
0.018945,0.074389
0.018262,0.068286
0.01775,0.06045
0.017069,0.052141
0.015928,0.042889
0.01509,0.033136
0.014492,0.024216
0.013146,0.016091
0.011982,0.0085966
0.010797,0.001725
0.010476,-0.0031778
0.010454,-0.00623
0.010064,-0.0069204
0.0096229,-0.0061463
0.01017,-0.003207
0.010159,0.0019145
0.0097111,0.0084497
0.0091476,0.016163
0.0089501,0.025027
0.0089115,0.034776
0.0089735,0.0439
0.0091515,0.052944
0.0095788,0.061487
0.010191,0.068853
0.011004,0.075231
0.011592,0.079334
0.01181,0.082233
0.012196,0.084378
0.013005,0.083698
0.013763,0.080881
0.014418,0.076459
0.015395,0.070581
0.016629,0.063458
0.017672,0.055501
0.018353,0.047225
0.018778,0.038123
0.019583,0.029372
0.020314,0.019848
0.020367,0.011747
0.020416,0.0049987
0.02051,-0.00064975
0.020815,-0.0053422
0.020523,-0.0074636
0.020092,-0.0085422
0.019846,-0.007701
0.01956,-0.00459
0.019444,0.0004521
0.018716,0.0067746
0.018101,0.014929
0.01762,0.02399
0.016411,0.033089
0.016329,0.042816
0.015518,0.051503
0.014686,0.059138
0.013855,0.066557
0.012823,0.072142
0.011756,0.075587
0.010059,0.077085
0.0088264,0.076946
0.0078553,0.074643
0.0062665,0.07083
0.0049561,0.06597
0.0040227,0.059571
0.0034402,0.050565
0.0025682,0.041622
0.00062339,0.032821
-0.00030086,0.023002
-0.00067044,0.013214
-0.0018194,0.0048113
-0.0032413,-0.002743
-0.0039127,-0.010189
-0.0038385,-0.016346
-0.0039499,-0.019997
-0.0036473,-0.022281
-0.0034989,-0.023287
-0.0025851,-0.022115
-0.0022458,-0.018165
-0.0020634,-0.01271
-0.0019985,-0.0062243
-0.001769,0.0010867
-0.0014451,0.010646
-0.0013629,0.019984
-0.0013901,0.029726
-0.00081399,0.038789
-0.0003424,0.04622
0.00018891,0.054559
0.00027735,0.060795
0.00019234,0.063394
0.00032165,0.066006
6.8992e-005,0.066224
-0.00054025,0.063997
-0.00073384,0.060685
-0.0011551,0.055265
-0.0013781,0.048467
-0.0016574,0.040751
-0.0023253,0.03196
-0.0030423,0.021769
-0.0033094,0.012172
-0.004185,0.0031175
-0.0052847,-0.0053496
-0.006199,-0.012527
-0.0069237,-0.018677
-0.0078413,-0.023149
-0.0087074,-0.025429
-0.0094574,-0.026871
-0.0097034,-0.025956
-0.010329,-0.023003
-0.010812,-0.018896
-0.011571,-0.013027
-0.012521,-0.0052031
-0.012647,0.0037088
-0.012923,0.012935
-0.014122,0.023463
-0.015432,0.034148
-0.016031,0.043465
-0.0169,0.05135
-0.01817,0.057808
-0.019532,0.063237
-0.020464,0.06652
-0.021657,0.068045
-0.022782,0.067478
-0.023497,0.065533
-0.024242,0.06106
-0.024818,0.054988
-0.025822,0.04828
-0.026373,0.040699
-0.027928,0.031545
-0.028728,0.022166
-0.029544,0.013509
-0.030459,0.0049238
-0.03168,-0.0040995
-0.032482,-0.011149
-0.032961,-0.015709
-0.033021,-0.01932
-0.033145,-0.022295
-0.033242,-0.022943
-0.032859,-0.021828
-0.032402,-0.018832
-0.031914,-0.01364
-0.031612,-0.0068695
-0.031191,0.0010607
-0.030651,0.010136
-0.030351,0.019473
-0.030143,0.029199
-0.029507,0.038601
-0.02879,0.047024
-0.02824,0.05531
-0.027591,0.062054
-0.026795,0.066318
-0.025942,0.068835
-0.025444,0.069778
-0.024879,0.068653
-0.024239,0.065123
-0.023488,0.059522
-0.022963,0.05324
-0.02212,0.045453
-0.021984,0.036283
-0.021352,0.02736
-0.020641,0.018031
-0.01984,0.0085284
-0.018975,-0.00012224
-0.018459,-0.0075328
-0.017448,-0.013919
-0.016598,-0.020143
-0.016063,-0.024129
-0.015336,-0.025968
-0.014266,-0.02614
-0.013547,-0.024629
-0.01322,-0.021051
-0.012727,-0.014288
-0.012254,-0.0064156
-0.011619,0.0015578
-0.010344,0.011938
-0.010251,0.022085
-0.0092888,0.03174
-0.0080485,0.042273
-0.0078377,0.051893
-0.00798,0.059258
-0.0087191,0.064838
-0.0096936,0.067852
-0.010328,0.070935
-0.010985,0.07003
-0.011688,0.066844
-0.012001,0.063935
-0.01197,0.058175
-0.01219,0.050648
-0.013272,0.042469
-0.013879,0.033293
-0.014295,0.024053
-0.015103,0.014592
-0.015949,0.0054912
-0.016436,-0.0025158
-0.016336,-0.0096139
-0.016746,-0.015776
-0.016981,-0.020398
-0.016556,-0.022836
-0.01614,-0.024244
-0.016098,-0.024324
-0.015527,-0.022472
-0.015361,-0.01861
-0.015177,-0.013
-0.014176,-0.0054218
-0.01391,0.0026593
-0.013408,0.01096
-0.011971,0.020909
-0.010474,0.030145
-0.0095182,0.03752
-0.0085171,0.046005
-0.0071183,0.052747
-0.0059006,0.056796
-0.0045959,0.059033
-0.0030658,0.060497
-0.0021938,0.059788
-0.00078352,0.056552
0.0010534,0.051926
0.0022043,0.045698
0.0031395,0.038013
0.0043609,0.028495
0.0059005,0.019825
0.0065544,0.010323
0.00734,0.0012517
0.0082673,-0.0073756
0.0087919,-0.015395
0.0091735,-0.022659
0.0094067,-0.028477
0.0093506,-0.032889
0.0095448,-0.035373
0.0098235,-0.036491
0.0095906,-0.03629
0.0090951,-0.033558
0.008472,-0.029905
0.0087694,-0.024479
0.0084587,-0.017346
0.0082929,-0.0090383
0.0080174,0.00018791
0.0079381,0.0095258
0.0077221,0.018466
0.0070283,0.027181
0.0062766,0.034992
0.0056129,0.041974
0.0051625,0.047612
0.0043907,0.051609
0.0034027,0.053034
0.002927,0.052132
0.0025878,0.049119
0.0021402,0.044588
0.0019219,0.039009
0.0013265,0.031681
0.0001551,0.02417
-0.00016508,0.016385
-0.00056455,0.0079385
-0.0011289,0.00022584
-0.00082481,-0.0065072
-0.0010099,-0.011398
-0.0010588,-0.014678
-0.0011333,-0.01703
-0.00077743,-0.017814
-0.00059455,-0.015987
-0.0004809,-0.013586
-0.00012454,-0.010316
-2.0362e-005,-0.0032855
0.0006027,0.0045113
0.0013821,0.013227
0.0019369,0.023306
0.002355,0.03511
0.0036282,0.04707
0.0050288,0.058814
0.0058597,0.069815
0.0067276,0.080576
0.0081777,0.090132
0.0096115,0.097173
0.010853,0.10325
0.011624,0.10852
0.012817,0.11036
0.01422,0.1093
0.015424,0.10682
0.016345,0.10218
0.017338,0.096544
0.018396,0.089855
0.019151,0.082166
0.019962,0.074028
0.020653,0.066445
0.021184,0.059521
0.021939,0.052524
0.022245,0.048107
0.022489,0.045299
0.022696,0.043785
0.022728,0.044387
0.023022,0.047131
0.023199,0.050194
0.022641,0.053922
0.022218,0.060693
0.022461,0.069158
0.022235,0.078005
0.021814,0.087926
0.021461,0.09854
0.02095,0.10907
0.020335,0.11802
0.019168,0.12577
0.017978,0.13321
0.017082,0.13886
0.016048,0.14248
0.015213,0.14487
0.014333,0.14497
0.013714,0.14198
0.013293,0.13702
0.012707,0.13094
0.01219,0.12272
0.011602,0.11358
0.010177,0.10316
0.0094165,0.092515
0.0087743,0.082041
0.0078036,0.071286
0.0073878,0.060006
0.0068062,0.050698
0.0067906,0.044364
0.0065974,0.038492
0.0058953,0.034088
0.0056418,0.032157
0.0054355,0.031786
0.0051164,0.033026
0.004835,0.036224
0.0050894,0.040486
0.0051514,0.046619
0.005341,0.054203
0.0059108,0.062481
0.0064934,0.069666
0.0070164,0.077419
0.0077443,0.083792
0.0084019,0.089895
0.0093328,0.094942
0.010045,0.097455
0.010864,0.09846
0.011368,0.098807
0.012013,0.096369
0.012791,0.091366
0.013512,0.08507
0.013935,0.076825
0.014703,0.0673
0.015351,0.056679
0.015739,0.045904
0.015921,0.034658
0.016257,0.023418
0.016485,0.012754
0.016272,0.0029714
0.016012,-0.0055569
0.01537,-0.01198
0.014702,-0.016822
0.014447,-0.019895
0.013515,-0.02073
0.012959,-0.019804
0.012207,-0.017271
0.011425,-0.013066
0.01129,-0.0073127
0.010574,-1.2932e-005
0.0098013,0.0079955
0.0094464,0.017341
0.008967,0.025818
0.0080774,0.034084
0.0064286,0.041941
0.0054384,0.04894
0.0046733,0.054457
0.0038683,0.058036
0.0031655,0.060364
0.0028484,0.06084
0.0029501,0.05931
0.0023166,0.056269
0.0017557,0.051654
0.00048934,0.045613
-0.00087355,0.038818
-0.0026473,0.030435
-0.0039537,0.021202
-0.0054247,0.012338
-0.0066323,0.0035383
-0.0070768,-0.0046928
-0.0080696,-0.012482
-0.0093097,-0.017922
-0.010138,-0.022609
-0.010966,-0.025771
-0.012454,-0.026516
-0.013599,-0.02474
-0.015081,-0.021216
-0.016115,-0.016582
-0.017268,-0.010071
-0.018281,-0.0017365
-0.019001,0.0073617
-0.019281,0.016929
-0.019568,0.027097
-0.020223,0.037619
-0.020498,0.04866
-0.020309,0.058152
-0.01953,0.065216
-0.019049,0.070727
-0.018541,0.074865
-0.018018,0.077129
-0.017231,0.076984
-0.016659,0.075337
-0.016319,0.07122
-0.015789,0.065026
-0.015225,0.058475
-0.0145,0.051065
-0.013989,0.042316
-0.013675,0.033037
-0.013175,0.02361
-0.012891,0.014045
-0.012694,0.005233
-0.012484,-0.0026581
-0.012692,-0.0091167
-0.012645,-0.013388
-0.012798,-0.015447
-0.013685,-0.016009
-0.014763,-0.014116
-0.01447,-0.009522
-0.015124,-0.0041591
-0.015724,0.0028848
-0.016147,0.011661
-0.016737,0.020814
-0.017677,0.031207
-0.018612,0.041906
-0.020095,0.051926
-0.021565,0.060847
-0.022588,0.068585
-0.023383,0.075305
-0.02443,0.080318
-0.02494,0.08331
-0.025593,0.083688
-0.025958,0.082244
-0.026388,0.079461
-0.027136,0.074217
-0.027909,0.067038
-0.029471,0.059057
-0.030265,0.050232
-0.031437,0.041176
-0.032826,0.031087
-0.033184,0.020833
-0.033479,0.01197
-0.033624,0.0031685
-0.033975,-0.0044704
-0.034,-0.010059
-0.034114,-0.012933
-0.034674,-0.014345
-0.034816,-0.01345
-0.034455,-0.010875
-0.034153,-0.0059545
-0.033913,0.00011511
-0.033149,0.0079253
-0.031963,0.016901
-0.030574,0.027021
-0.028881,0.037278
-0.027779,0.046909
-0.026242,0.055987
-0.024045,0.064695
-0.023245,0.072421
-0.021599,0.077553
-0.019698,0.081369
-0.017759,0.0838
-0.015454,0.084177
-0.013196,0.081557
-0.011227,0.07625
-0.0091397,0.070457
-0.007177,0.063266
-0.0054999,0.054656
-0.0044375,0.045108
-0.0035589,0.035606
-0.0028112,0.026024
-0.002618,0.015747
-0.0026854,0.0056691
-0.002417,-0.0030823
-0.0023262,-0.00969
-0.0018702,-0.014173
-0.0020028,-0.016676
-0.0023026,-0.018088
-0.0022706,-0.016927
-0.0020351,-0.013098
-0.0021843,-0.0074624
-0.002405,-0.00063354
-0.0030947,0.0075167
-0.0036521,0.016833
-0.0044408,0.027192
-0.0056665,0.037593
-0.0070866,0.047669
-0.0083065,0.056546
-0.009428,0.065214
-0.010358,0.072764
-0.011573,0.078315
-0.012104,0.08143
-0.013094,0.082002
-0.014235,0.080566
-0.015374,0.076901
-0.015647,0.072165
-0.016726,0.065202
-0.018365,0.057059
-0.018981,0.047671
-0.019341,0.037949
-0.019931,0.028121
-0.020073,0.017456
-0.020073,0.007534
-0.01962,-0.001138
-0.018995,-0.0082558
-0.018528,-0.014452
-0.018008,-0.018692
-0.01731,-0.020655
-0.016678,-0.020724
-0.015756,-0.019332
-0.014749,-0.01534
-0.013405,-0.0097497
-0.012327,-0.0027004
-0.010843,0.006293
-0.0087599,0.016016
-0.0065909,0.026445
-0.0057768,0.036998
-0.0043185,0.046524
-0.002332,0.054866
-0.00084398,0.062199
0.00016079,0.067055
0.0018376,0.070943
0.0042403,0.073632
0.0061124,0.073005
0.0078306,0.069938
0.0096513,0.065004
0.011189,0.058908
0.012219,0.051352
0.013333,0.042487
0.014566,0.03256
0.015586,0.022756
0.016125,0.01344
0.016603,0.0031751
0.016801,-0.0068687
0.016862,-0.014943
0.016796,-0.021738
0.016562,-0.027243
0.016148,-0.031083
0.015952,-0.032514
0.016083,-0.031941
0.015878,-0.029139
0.015673,-0.024269
0.015287,-0.017967
0.014799,-0.00939
0.01408,-0.00017162
0.013227,0.0099768
0.01251,0.019816
0.011619,0.03015
0.010934,0.039949
0.010576,0.049125
0.010219,0.056503
0.0096069,0.061602
0.0090071,0.065091
0.0083634,0.065877
0.0079112,0.064033
0.0073547,0.060869
0.0074841,0.056412
0.0065714,0.049642
0.00604,0.041903
0.005623,0.033275
0.0054088,0.023984
0.0054735,0.014348
0.0050971,0.0047394
0.0052099,-0.0042895
0.0055307,-0.012804
0.0056478,-0.01964
0.0057221,-0.025844
0.0060872,-0.029809
0.0063197,-0.032585
0.0066097,-0.031942
0.0067655,-0.029755
0.0070948,-0.026115
0.0073642,-0.019613
0.0081921,-0.012106
0.009512,-0.0036469
0.010765,0.005248
0.011789,0.015426
0.012737,0.025777
0.013561,0.036204
0.014568,0.046011
0.014927,0.054093
0.015454,0.060617
0.016539,0.06539
0.017468,0.068072
0.018324,0.068315
0.01913,0.066663
0.020206,0.063254
0.021373,0.058261
0.0222,0.051232
0.022856,0.043297
0.023454,0.034737
0.023879,0.024662
0.024033,0.014224
0.024208,0.0060641
0.024284,-0.0036453
0.024466,-0.012827
0.024492,-0.018924
0.024237,-0.024153
0.023945,-0.028324
0.023404,-0.029544
0.022748,-0.028991
0.022637,-0.025826
0.0221,-0.020515
0.02118,-0.013102
0.020599,-0.0035186
0.019429,0.004631
0.017894,0.014512
0.016187,0.024947
0.014993,0.035739
0.013795,0.04488
0.0125,0.053958
0.011134,0.061113
0.010122,0.066327
0.0092807,0.07012
0.0084806,0.070859
0.0079998,0.069732
0.0068277,0.067432
0.0056099,0.062706
0.0047993,0.055618
0.0040686,0.0481
0.0030108,0.040444
0.002243,0.031998
0.0020095,0.022632
0.0021604,0.01245
0.0021593,0.0038784
0.0021354,-0.0046882
0.0023631,-0.0126
0.0023172,-0.018753
0.0022048,-0.022526
0.0020424,-0.024882
0.0022206,-0.025709
0.0023722,-0.023997
0.002556,-0.020253
0.0031634,-0.015075
0.0040039,-0.0085329
0.0048529,-0.00064762
0.0056867,0.0089039
0.0063274,0.018851
0.0072417,0.028227
0.0080189,0.038131
0.0087355,0.047799
0.0093838,0.055922
0.0097885,0.062576
0.010369,0.067062
0.010454,0.069332
0.011173,0.069176
0.011714,0.066978
0.012268,0.063124
0.012866,0.057605
0.01365,0.050514
0.01396,0.042861
0.01425,0.034231
0.014506,0.025052
0.014542,0.015446
0.014401,0.0062455
0.014265,-0.0027203
0.014215,-0.011075
0.013869,-0.019209
0.013707,-0.023997
0.01309,-0.027168
0.013109,-0.029117
0.013134,-0.029238
0.012655,-0.026856
0.011361,-0.023127
0.011009,-0.017084
0.0098091,-0.0098676
0.0080457,-0.0013559
0.0064993,0.0083554
0.0047182,0.018111
0.0027349,0.027189
0.00081712,0.036985
-0.0012514,0.045894
-0.0035606,0.053178
-0.0054538,0.058045
-0.007209,0.061029
-0.009134,0.061571
-0.01084,0.06059
-0.013269,0.057841
-0.015963,0.052871
-0.017778,0.04593
-0.02034,0.037825
-0.022638,0.028854
-0.023986,0.019162
-0.025125,0.0089944
-0.025388,-0.00092989
-0.025186,-0.010574
-0.025613,-0.019314
-0.025877,-0.026455
-0.026047,-0.032726
-0.026338,-0.03763
-0.026544,-0.040489
-0.026614,-0.041001
-0.026568,-0.039616
-0.026212,-0.036489
-0.025654,-0.031303
-0.024809,-0.023986
-0.023675,-0.01539
-0.023105,-0.0055748
-0.022333,0.0058481
-0.020764,0.017148
-0.019621,0.028101
-0.018859,0.038822
-0.018107,0.049362
-0.017452,0.058362
-0.016999,0.065094
-0.016434,0.070193
-0.015811,0.072461
-0.015109,0.072196
-0.014288,0.069607
-0.01362,0.06533
-0.01338,0.05988
-0.013285,0.053233
-0.013049,0.045671
-0.013012,0.037908
-0.013183,0.029777
-0.013423,0.022534
-0.013656,0.015801
-0.014099,0.010238
-0.014659,0.0061764
-0.015479,0.00399
-0.016629,0.0032635
-0.017319,0.0041975
-0.017956,0.0074921
-0.018821,0.01244
-0.019887,0.018397
-0.020345,0.026096
-0.021479,0.035611
-0.023061,0.045691
-0.024501,0.057262
-0.025722,0.069117
-0.027408,0.08107
-0.028681,0.092519
-0.029835,0.10349
-0.030994,0.11317
-0.032017,0.12198
-0.032535,0.12796
-0.032917,0.13074
-0.03338,0.13193
-0.034011,0.13065
-0.034401,0.1277
-0.034378,0.12232
-0.034308,0.11581
-0.034049,0.10876
-0.03334,0.10071
-0.032236,0.092389
-0.03118,0.084058
-0.030087,0.074545
-0.02869,0.066329
-0.027447,0.061201
-0.026035,0.056681
-0.024098,0.05402
-0.022266,0.053395
-0.020358,0.054102
-0.018653,0.057432
-0.016684,0.061761
-0.014639,0.067477
-0.012929,0.075614
-0.011445,0.084076
-0.010078,0.093457
-0.0083585,0.10311
-0.006833,0.11184
-0.0054282,0.12071
-0.0040846,0.12898
-0.0026189,0.13437
-0.0014609,0.13923
-0.00047571,0.14399
0.00063557,0.14461
0.0014791,0.14345
0.0024458,0.14056
0.0032417,0.13603
0.0041091,0.12943
0.0046632,0.12054
0.0052441,0.11114
0.0056113,0.10093
0.0056643,0.09046
0.0056542,0.07922
0.005579,0.068418
0.0055389,0.057041
0.0053419,0.046842
0.0048723,0.038799
0.0043592,0.033203
0.0037682,0.029432
0.0038417,0.027918
0.0031544,0.02815
0.0025102,0.030289
0.0023669,0.033811
0.0016906,0.038785
0.00058406,0.045294
-0.00052926,0.052913
-0.0016419,0.061261
-0.0024926,0.068281
-0.0034803,0.075392
-0.0047316,0.082304
-0.0053862,0.088219
-0.0059697,0.092109
-0.0070956,0.094877
-0.0077209,0.096863
-0.0079661,0.095416
-0.0088909,0.092029
-0.0098816,0.087572
-0.010493,0.081765
-0.010893,0.072846
-0.011108,0.063172
-0.011328,0.054417
-0.011119,0.045052
-0.010893,0.033888
-0.010158,0.023571
-0.0096139,0.012948
-0.0094677,0.0027049
-0.0085916,-0.0059173
-0.0079505,-0.012704
-0.0074249,-0.016645
-0.0066485,-0.019076
-0.005878,-0.020033
-0.0047238,-0.01801
-0.003227,-0.013874
-0.0017808,-0.0083739
-0.00031978,-0.0022917
0.0010657,0.0055334
0.0025299,0.015017
0.0042918,0.024367
0.0059409,0.033449
0.0075234,0.043799
0.00929,0.052904
0.0108,0.060417
0.012214,0.067497
0.013523,0.07283
0.014702,0.075445
0.016079,0.076084
0.017198,0.075279
0.017967,0.071706
0.018694,0.06646
0.019537,0.06036
0.019889,0.053009
0.020118,0.045183
0.020334,0.036041
0.020323,0.026458
0.020186,0.018097
0.019809,0.0095492
0.019316,0.0010066
0.018763,-0.0051917
0.0184,-0.008982
0.01842,-0.010714
0.017982,-0.010317
0.016908,-0.0085384
0.016744,-0.0045263
0.016201,0.0012453
0.015483,0.008165
0.01459,0.016407
0.013632,0.026009
0.012938,0.035244
0.012443,0.045401
0.011849,0.05572
0.011329,0.065037
0.010854,0.073681
0.010602,0.080902
0.0099031,0.085611
0.009446,0.089224
0.008662,0.09044
0.0071594,0.089542
0.0063963,0.087351
0.0057329,0.083279
0.0054401,0.076799
0.0050413,0.069887
0.0045944,0.061271
0.0048799,0.052233
0.0046391,0.042277
0.0045704,0.032729
0.0043996,0.024216
0.0042384,0.016005
0.0041665,0.0090167
0.0038326,0.0035384
0.0041284,-0.00030218
0.0044304,-0.0024254
0.0048118,-0.0021743
0.0055594,-0.000117
0.0066309,0.0036452
0.0073255,0.0097646
0.008173,0.017195
0.0091707,0.025707
0.010312,0.03534
0.011375,0.045851
0.012446,0.055547
0.013562,0.065732
0.01459,0.075112
0.01581,0.082211
0.016844,0.087504
0.017456,0.091267
0.018339,0.093407
0.019119,0.093141
0.019615,0.090646
0.020397,0.086372
0.020819,0.080893
0.021281,0.07392
0.02168,0.065241
0.021492,0.054956
0.021261,0.044877
0.020869,0.034295
0.020372,0.02412
0.02004,0.014555
0.019525,0.0060137
0.019422,-0.0016972
0.019134,-0.00691
0.018596,-0.0098544
0.018036,-0.010079
0.017282,-0.0088618
0.015954,-0.0058486
0.014683,-0.00095913
0.013304,0.0058076
0.0121,0.014804
0.010739,0.024054
0.0096872,0.033999
0.0088842,0.045408
0.0077743,0.056314
0.0069329,0.065726
0.006378,0.073964
0.0058269,0.081307
0.0052031,0.086754
0.0035296,0.089454
0.00248,0.090234
0.0013738,0.089026
0.00039543,0.085165
-0.00019377,0.079775
-0.00040947,0.073317
-0.00072612,0.065404
-0.0005221,0.056868
-0.00084117,0.047811
-0.0010371,0.037574
-0.001075,0.027563
-0.0012016,0.018176
-0.0012625,0.0091114
-0.0012813,0.0021293
-0.0011457,-0.0036546
-0.0011021,-0.0085907
-0.0008329,-0.010558
-0.00051038,-0.010452
0.00048701,-0.0089018
0.001091,-0.0048322
0.0016509,0.00062205
0.0027462,0.0080142
0.003934,0.016262
0.0045901,0.025464
0.0056591,0.036072
0.0069159,0.046482
0.0078411,0.056046
0.0089276,0.065284
0.009924,0.073569
0.010523,0.079013
0.011154,0.083551
0.011397,0.086753
0.011854,0.086647
0.011881,0.084059
0.011609,0.079568
0.011183,0.073348
0.010528,0.065203
0.0099511,0.055844
0.0085802,0.047077
0.0068372,0.037644
0.0063443,0.027317
0.0047365,0.017253
0.0027199,0.0080519
0.001412,-0.00097517
-7.6425e-005,-0.008822
-0.0017469,-0.013958
-0.0037813,-0.017204
-0.0057086,-0.020288
-0.0074548,-0.020247
-0.0095939,-0.017081
-0.011455,-0.012577
-0.01343,-0.0069392
-0.015469,0.00029296
-0.01666,0.0098875
-0.017551,0.020415
-0.018716,0.02976
-0.019835,0.039536
-0.020477,0.049095
-0.021497,0.057418
-0.022722,0.064502
-0.024157,0.069414
-0.02555,0.072556
-0.026971,0.073163
-0.028192,0.071435
-0.028975,0.06786
-0.029571,0.062842
-0.029948,0.056436
-0.029882,0.048344
-0.029652,0.038761
-0.029713,0.029778
-0.029542,0.019873
-0.029536,0.0092752
-0.029202,-0.0012727
-0.029199,-0.011
-0.028401,-0.018205
-0.027445,-0.024977
-0.026359,-0.029735
-0.026052,-0.032554
-0.02543,-0.033
-0.023834,-0.030944
-0.023145,-0.026987
-0.02281,-0.021474
-0.021912,-0.014617
-0.020667,-0.0059525
-0.019718,0.0036972
-0.019161,0.013799
-0.018244,0.023571
-0.017122,0.034532
-0.016191,0.044389
-0.015525,0.052307
-0.015041,0.058928
-0.014401,0.064198
-0.014101,0.066652
-0.014237,0.066738
-0.013889,0.065241
-0.013708,0.0612
-0.014467,0.055348
-0.015068,0.048268
-0.014693,0.039967
-0.015303,0.031039
-0.016273,0.022114
-0.016728,0.012387
-0.017253,0.0032352
-0.018409,-0.0064907
-0.019897,-0.015194
-0.020336,-0.022198
-0.02086,-0.027522
-0.021707,-0.030898
-0.021731,-0.03246
-0.021554,-0.031556
-0.021876,-0.027933
-0.022965,-0.022611
-0.023691,-0.016501
-0.023859,-0.0086145
-0.02408,0.00085241
-0.024099,0.01127
-0.023934,0.021568
-0.023166,0.031716
-0.022876,0.042002
-0.022188,0.05149
-0.021698,0.059232
-0.021747,0.064914
-0.021574,0.069618
-0.021301,0.07172
-0.021503,0.070959
-0.021241,0.067792
-0.020579,0.063314
-0.020302,0.057015
-0.019748,0.049558
-0.0191,0.040588
-0.018658,0.031296
-0.018456,0.021863
-0.018503,0.012708
-0.018033,0.0042307
-0.017299,-0.0048514
-0.016286,-0.011982
-0.01558,-0.017961
-0.014793,-0.022374
-0.013609,-0.025224
-0.012586,-0.025761
-0.011529,-0.024311
-0.010358,-0.02046
-0.0097851,-0.015211
-0.0088448,-0.0080705
-0.0073778,0.00067955
-0.0060861,0.010134
-0.0053653,0.020407
-0.0041121,0.030662
-0.0027914,0.041172
-0.0018309,0.050094
-0.0011631,0.05894
-0.00023873,0.065343
0.0011501,0.069514
0.0021723,0.072572
0.0030855,0.071798
0.0037374,0.069414
0.0043232,0.065712
0.0045038,0.060452
0.004575,0.052964
0.0045786,0.045147
0.0048437,0.036155
0.0045927,0.026248
0.0050072,0.016857
0.0050678,0.0074081
0.0048338,-0.0020904
0.0046004,-0.010413
0.0050842,-0.017198
0.0049019,-0.022888
0.0041972,-0.026714
0.0040526,-0.029028
0.0036031,-0.028908
0.0026714,-0.026731
0.0015554,-0.022503
0.00070115,-0.016258
0.00014282,-0.0086169
-0.00066133,-0.00030178
-0.0015351,0.0097643
-0.0022445,0.021112
-0.0027463,0.030158
-0.0034235,0.03926
-0.0039919,0.04825
-0.0041592,0.055239
-0.0046468,0.061691
-0.00581,0.065566
-0.0062525,0.066528
-0.0065906,0.064388
-0.0070206,0.060851
-0.0066856,0.05759
-0.0060232,0.051369
-0.0055834,0.044272
-0.0049176,0.036032
-0.0042411,0.027121
-0.0035937,0.018544
-0.0029202,0.0091178
-0.002303,0.00028745
-0.0014952,-0.0084201
-0.00075584,-0.015374
-0.00017036,-0.021557
0.00058724,-0.027491
0.0017115,-0.030528
0.0030573,-0.031743
0.004653,-0.031542
0.0060891,-0.029629
0.0078137,-0.025988
0.0094335,-0.019799
0.01065,-0.012284
0.012045,-0.0041798
0.013466,0.0049352
0.014387,0.015166
0.015467,0.024041
0.0167,0.032162
0.017621,0.040136
0.018925,0.045988
0.020169,0.049447
0.021226,0.052346
0.021981,0.052521
0.022674,0.049872
0.023016,0.045382
0.023407,0.040608
0.023732,0.033238
0.024082,0.024962
0.024203,0.016082
0.023942,0.0066235
0.023948,-0.0029884
0.023675,-0.012531
0.023427,-0.022104
0.023972,-0.030099
0.023242,-0.035936
0.022783,-0.04068
0.022835,-0.043369
0.022254,-0.044217
0.021123,-0.042546
0.020125,-0.038971
0.019401,-0.033567
0.018607,-0.027128
0.017554,-0.018133
0.016797,-0.007922
0.015966,0.0031478
0.01521,0.014281
0.01449,0.026436
0.013568,0.038996
0.013255,0.05017
0.012182,0.060011
0.010279,0.068757
0.009438,0.075696
0.0090753,0.079493
0.0077815,0.079223
0.007035,0.077542
0.0067149,0.074562
0.0067687,0.0693
0.0062432,0.063133
0.0060915,0.056841
0.0062455,0.049011
0.0059368,0.040739
0.0057967,0.032854
0.0061019,0.025823
0.0061602,0.019501
0.0062614,0.014782
0.0064808,0.011048
0.0069283,0.0085989
0.0076124,0.0085337
0.0084155,0.0099472
0.0094121,0.013349
0.010256,0.01852
0.011257,0.025239
0.011977,0.034021
0.012527,0.043916
0.01316,0.054796
0.014075,0.066178
0.014742,0.078091
0.015106,0.090197
0.015695,0.10169
0.016269,0.11196
0.016686,0.12
0.017026,0.12669
0.017328,0.13151
0.017682,0.13359
0.017922,0.13162
0.017708,0.1292
0.017523,0.12387
0.017235,0.11572
0.016946,0.10745
0.016725,0.099237
0.016201,0.090089
0.015911,0.079649
0.015965,0.070302
0.015503,0.061672
0.015215,0.053687
0.014719,0.047276
0.01416,0.04297
0.013301,0.040598
0.012115,0.039861
0.010917,0.040953
0.0095316,0.044588
0.0082447,0.049554
0.006991,0.055316
0.0059857,0.062464
0.0047451,0.071419
0.0036264,0.081366
0.0025927,0.089346
0.0014124,0.097116
0.00061254,0.10565
-0.00018513,0.11221
-0.0013992,0.11755
-0.0024646,0.1219
-0.0032666,0.12463
-0.0039064,0.12355
-0.004826,0.1204
-0.0053412,0.11553
-0.0052628,0.10967
-0.0052465,0.1018
-0.0053679,0.093127
-0.0047858,0.083161
-0.0045952,0.073537
-0.0042782,0.062421
-0.0037915,0.051168
-0.0033636,0.039889
-0.0031456,0.029459
-0.0029766,0.021177
-0.0029034,0.014216
-0.0028269,0.0097076
-0.0027022,0.0061541
-0.0025562,0.004599
-0.0025811,0.0050077
-0.0024336,0.0073399
-0.0025814,0.010702
-0.0028784,0.015825
-0.0030004,0.022128
-0.0032549,0.030003
-0.0037434,0.037803
-0.0039515,0.044591
-0.0045233,0.05173
-0.005751,0.059066
-0.0066709,0.064955
-0.0076523,0.068985
-0.0087525,0.071421
-0.0096529,0.073159
-0.010267,0.071101
-0.010971,0.066663
-0.011446,0.062697
-0.011987,0.056402
-0.012766,0.047455
