0.027159
0.062247
0.10807
0.14766
0.18736
0.2334
0.28182
0.32898
0.37854
0.42592
0.48149
0.53057
0.57815
0.62148
0.66169
0.69637
0.73644
0.77278
0.79936
0.8146
0.83347
0.86432
0.89254
0.91434
0.93212
0.93889
0.95141
0.96504
0.96876
0.96635
0.96053
0.95354
0.94829
0.933
0.90326
0.87163
0.85484
0.8468
0.82656
0.78589
0.75419
0.72911
0.69782
0.65889
0.62137
0.59049
0.56605
0.54037
0.51002
0.47373
0.43855
0.41007
0.38444
0.35563
0.32719
0.30113
0.28224
0.26697
0.25627
0.24574
0.23802
0.23893
0.24867
0.25443
0.26483
0.2805
0.30944
0.33644
0.36558
0.39652
0.43577
0.47266
0.51286
0.54578
0.58508
0.62869
0.67081
0.71067
0.75165
0.78668
0.82311
0.85977
0.89547
0.91393
0.92865
0.94664
0.97479
0.99671
1.0093
1.0114
1.0138
1.0199
1.024
1.0223
1.0124
1.0012
0.99502
0.98406
0.96086
0.92504
0.89365
0.87183
0.85788
0.82564
0.78254
0.74256
0.7136
0.6762
0.63136
0.59438
0.5648
0.5387
0.51448
0.4854
0.44932
0.42023
0.40506
0.38918
0.36654
0.34281
0.32849
0.31957
0.31568
0.31135
0.30725
0.30541
0.31613
0.32705
0.33606
0.3544
0.38031
0.40942
0.44463
0.47275
0.50118
0.53689
0.58206
0.61789
0.65732
0.69842
0.74298
0.78306
0.82643
0.86772
0.90316
0.93891
0.97837
1.0075
1.0282
1.0441
1.0717
1.0972
1.1193
1.1289
1.1314
1.1291
1.1329
1.1329
1.1266
1.1103
1.0954
1.0836
1.0692
1.041
1.0017
0.96885
0.94893
0.92998
0.89308
0.85227
0.82194
0.79192
0.75025
0.7033
0.66849
0.64165
0.61791
0.59492
0.56656
0.53137
0.51003
0.49888
0.48519
0.47137
0.4562
0.44697
0.44318
0.44157
0.43893
0.43547
0.44145
0.4574
0.46924
0.48061
0.49399
0.51511
0.5429
0.57896
0.60776
0.63838
0.67505
0.71545
0.74861
0.78639
0.82884
0.87113
0.9108
0.95056
0.98623
1.0174
1.0516
1.0927
1.1239
1.1438
1.1604
1.1877
1.2157
1.2359
1.2459
1.2498
1.2526
1.2581
1.2593
1.2515
1.2383
1.2267
1.2181
1.2022
1.1707
1.1291
1.0951
1.0785
1.0603
1.0215
0.97711
0.94807
0.91698
0.87407
0.82795
0.79144
0.76056
0.73511
0.70986
0.67831
0.64045
0.61665
0.60281
0.58565
0.57068
0.55666
0.54703
0.54166
0.53621
0.53166
0.52598
0.53186
0.54535
0.55489
0.56548
0.5825
0.60534
0.63472
0.66464
0.68972
0.71916
0.75741
0.79581
0.83072
0.86368
0.90457
0.94454
0.98336
1.0184
1.0499
1.0775
1.1119
1.1482
1.1755
1.1902
1.2027
1.2252
1.251
1.2674
1.275
1.2754
1.2788
1.2814
1.2835
1.2764
1.2634
1.252
1.2436
1.2272
1.1955
1.159
1.1261
1.1113
1.0916
1.0509
1.0069
0.97594
0.94469
0.90406
0.86002
0.82267
0.79003
0.76142
0.7314
0.69261
0.6513
0.62434
0.60673
0.58392
0.55845
0.53416
0.51924
0.50827
0.49849
0.4938
0.4854
0.48862
0.49941
0.51031
0.52385
0.54673
0.5765
0.61779
0.65479
0.68928
0.72732
0.77576
0.82623
0.87713
0.92535
0.98024
1.0331
1.0842
1.1329
1.1803
1.2203
1.2637
1.309
1.3467
1.3719
1.3964
1.4262
1.4542
1.4676
1.474
1.4729
1.4738
1.4754
1.4757
1.4679
1.4591
1.4491
1.4409
1.4261
1.3956
1.3586
1.3303
1.3193
1.3043
1.2708
1.2362
1.2155
1.1934
1.1589
1.1207
1.0929
1.0709
1.0538
1.0372
1.0096
0.97672
0.95782
0.94716
0.92902
0.9067
0.88294
0.8649
0.85256
0.83902
0.82643
0.81013
0.80441
0.80789
0.81026
0.81224
0.82048
0.83075
0.84955
0.8713
0.89169
0.9171
0.95295
0.98799
1.0179
1.0506
1.0909
1.1278
1.1637
1.1984
1.2322
1.2632
1.2999
1.3405
1.3716
1.3923
1.4116
1.4398
1.4676
1.4844
1.4913
1.4931
1.4991
1.5091
1.5144
1.5082
1.4952
1.4855
1.4757
1.461
1.4305
1.3892
1.3544
1.3371
1.3181
1.2789
1.2353
1.2085
1.1802
1.1399
1.094
1.0553
1.0217
0.99551
0.97242
0.94263
0.90531
0.88226
0.86914
0.85337
0.83879
0.82442
0.81431
0.8098
0.8071
0.80406
0.79919
0.80404
0.82019
0.83402
0.84844
0.86745
0.89192
0.91945
0.95117
0.98135
1.0158
1.0567
1.1
1.1335
1.1692
1.2077
1.2504
1.2891
1.3269
1.3585
1.3874
1.4201
1.4589
1.4893
1.5111
1.5263
1.5515
1.5729
1.5874
1.5919
1.5956
1.5989
1.6084
1.6135
1.6105
1.5965
1.5835
1.5752
1.5637
1.5368
1.4994
1.4713
1.4534
1.4355
1.399
1.3585
1.3297
1.3022
1.2641
1.2197
1.1825
1.1268
1.0681
0.99914
0.92857
0.84913
0.77726
0.71721
0.65703
0.59168
0.52252
0.45058
0.3925
0.34106
0.29317
0.24774
0.21357
0.1871
0.16309
0.14974
0.15041
0.15368
0.14695
0.15592
0.16549
0.179
0.20914
0.24043
0.26123
0.29707
0.34336
0.39677
0.44487
0.49212
0.54631
0.60912
0.67649
0.73286
0.77373
0.8169
0.8776
0.9371
0.98791
1.0397
1.0864
1.1264
1.1581
1.1905
1.2186
1.2436
1.2658
1.2883
1.3098
1.3219
1.3226
1.3104
1.2993
1.2951
1.2947
1.2726
1.2408
1.2118
1.1846
1.1398
1.0914
1.0454
1.0033
0.95218
0.90569
0.85042
0.78457
0.71687
0.66801
0.61746
0.56733
0.50766
0.4512
0.40108
0.35603
0.3103
0.26934
0.22947
0.20144
0.17883
0.16873
0.17164
0.17191
0.17188
0.17887
0.19528
0.21921
0.25032
0.28053
0.31239
0.34429
0.3931
0.44599
0.49148
0.54063
0.60253
0.66905
0.73345
0.79088
0.84119
0.89294
0.95184
1.0093
1.0677
1.1264
1.1853
1.2243
1.2576
1.2897
1.3211
1.3484
1.3756
1.3937
1.4011
1.4072
1.4097
1.3997
1.3752
1.3614
1.352
1.3243
1.2791
1.2427
1.2048
1.1587
1.1072
1.0493
0.98937
0.935
0.87566
0.81982
0.75583
0.68782
0.6226
0.56616
0.50144
0.43545
0.36714
0.31578
0.26656
0.21893
0.1727
0.12956
0.094156
0.076515
0.064156
0.055923
0.043416
0.04627
0.054252
0.076793
0.10184
0.1426
0.17989
0.22699
0.27583
0.3324
0.3978
0.4587
0.5253
0.60351
0.68849
0.76035
0.82444
0.88724
0.95758
1.0243
1.0845
1.1485
1.2202
1.2904
1.3434
1.3775
1.4121
1.442
1.4694
1.4924
1.5004
1.4996
1.5042
1.5008
1.4843
1.4611
1.4383
1.4284
1.414
1.3842
1.3483
1.3079
1.2694
1.222
1.1718
1.1231
1.0764
1.0256
0.97891
0.91817
0.84911
0.79781
0.75902
0.70951
0.6541
0.59941
0.55281
0.51223
0.4716
0.4334
0.38812
0.34503
0.317
0.2967
0.27754
0.25639
0.24033
0.24414
0.25823
0.27226
0.29082
0.31768
0.34842
0.38419
0.42699
0.47465
0.51497
0.56397
0.63171
0.70741
0.77158
0.82391
0.87969
0.94405
1.0043
1.0483
1.1067
1.1774
1.2436
1.2889
1.3227
1.3511
1.3833
1.4146
1.4416
1.4502
1.4538
1.4609
1.4613
1.4463
1.4161
1.3921
1.3833
1.3722
1.3383
1.2867
1.2423
1.2048
1.1557
1.0949
1.0368
0.98007
0.92829
0.88338
0.8252
0.74935
0.68539
0.63961
0.59472
0.53652
0.47455
0.42292
0.38312
0.3521
0.32335
0.2852
0.24631
0.22734
0.22069
0.21522
0.20814
0.20454
0.21379
0.2404
0.26692
0.29033
0.32058
0.35666
0.39432
0.43743
0.48517
0.53439
0.58983
0.66239
0.73966
0.80826
0.85947
0.91452
0.98457
1.0453
1.0927
1.1466
1.2179
1.2867
1.3385
1.3743
1.4074
1.4461
1.4891
1.526
1.5406
1.5458
1.5624
1.5798
1.5836
1.5632
1.5375
1.5271
1.5208
1.4978
1.4446
1.3926
1.3525
1.3024
1.2365
1.1667
1.0932
1.0327
0.97809
0.91358
0.82779
0.74142
0.67113
0.60426
0.52891
0.45661
0.38755
0.33345
0.28769
0.25048
0.20362
0.15639
0.12359
0.11108
0.10065
0.084582
0.07831
0.096504
0.12302
0.15409
0.18141
0.21733
0.25445
0.3001
0.3419
0.38653
0.43724
0.4916
0.56399
0.64276
0.71056
0.75627
0.8111
0.87735
0.93087
0.96343
1.0039
1.0662
1.131
1.1768
1.2105
1.2304
1.2571
1.2899
1.3213
1.3282
1.3247
1.3312
1.3473
1.3557
1.3429
1.3205
1.3041
1.3043
1.3028
1.2718
1.2323
1.2024
1.169
1.1189
1.0644
1.011
0.96296
0.9242
0.87867
0.80933
0.73595
0.68091
0.63247
0.57235
0.51707
0.46281
0.41643
0.38068
0.34734
0.30863
0.26239
0.23241
0.2189
0.20495
0.18407
0.16879
0.17282
0.19559
0.2272
0.24697
0.26621
0.29634
0.34058
0.38388
0.42993
0.4789
0.53158
0.59902
0.68308
0.75722
0.80888
0.86519
0.94237
1.01
1.0531
1.0962
1.165
1.2379
1.2991
1.3406
1.3689
1.3922
1.4312
1.4681
1.4805
1.4755
1.4774
1.4807
1.4816
1.4632
1.4257
1.3948
1.3761
1.3651
1.3228
1.2613
1.2082
1.1628
1.1039
1.0331
0.96689
0.90633
0.8529
0.79909
0.73125
0.64996
0.58137
0.52617
0.47124
0.40492
0.3409
0.28548
0.24361
0.20859
0.17114
0.12443
0.087567
0.067834
0.060886
0.040692
0.028956
0.026202
0.044874
0.066011
0.087912
0.1023
0.12897
0.1611
0.20544
0.24335
0.28566
0.33924
0.40914
0.48971
0.56277
0.62014
0.67969
0.76075
0.84297
0.89591
0.94568
1.0108
1.0945
1.1655
1.2213
1.2555
1.2874
1.332
1.384
1.4096
1.4132
1.4157
1.4248
1.4417
1.4444
1.4222
1.3895
1.3721
1.3687
1.3443
1.2857
1.2367
1.194
1.1466
1.085
1.0221
0.95415
0.90195
0.85392
0.79963
0.72459
0.65607
0.59588
0.5411
0.47933
0.42803
0.37975
0.3441
0.32403
0.29444
0.25744
0.22403
0.21036
0.20357
0.18858
0.17424
0.17015
0.18077
0.20138
0.22387
0.23464
0.25379
0.28961
0.33036
0.36319
0.39227
0.43977
0.50051
0.57609
0.65095
0.70543
0.74375
0.80613
0.87757
0.93367
0.97137
1.0187
1.0826
1.1461
1.193
1.2257
1.2473
1.2768
1.3114
1.3349
1.333
1.3284
1.3354
1.3476
1.3448
1.3206
1.2866
1.2674
1.2597
1.2358
1.1884
1.1368
1.095
1.0284
0.96251
0.89472
0.82602
0.76309
0.69631
0.63365
0.56713
0.49925
0.44051
0.36802
0.29996
0.23751
0.18002
0.13469
0.10145
0.067608
0.020916
-0.011717
-0.025866
-0.025381
-0.02547
-0.019517
0.00062098
0.020878
0.066212
0.11201
0.1521
0.19393
0.26484
0.34663
0.4224
0.49648
0.56775
0.6552
0.75757
0.86655
0.94516
0.99806
1.0642
1.1785
1.2819
1.341
1.401
1.4801
1.5244
1.5498
1.5792
1.5712
1.5502
1.539
1.5313
1.4922
1.4362
1.384
1.3204
1.2452
1.1562
1.0717
0.97503
0.87593
0.79868
0.71137
0.60875
0.55132
0.52686
0.46773
0.42495
0.43847
0.44641
0.45349
0.49726
0.57392
0.62191
0.68396
0.81858
0.9417
1.0796
1.2358
1.4043
1.5778
1.7483
1.9002
2.0507
2.1975
2.3266
2.436
2.5051
2.5317
2.5428
2.5119
2.4567
2.3619
2.2277
2.0823
1.8944
1.6769
1.4487
1.1938
0.93515
0.68967
0.45792
0.23442
0.0068647
-0.16211
-0.27788
-0.36575
-0.41431
-0.40876
-0.3273
-0.19324
-0.0067771
0.24214
0.55388
0.93429
1.37
1.8516
2.3216
2.789
3.2651
3.721
4.1448
4.4916
4.7699
4.9634
5.0869
5.1461
5.1306
5.0217
4.8319
4.5683
4.2626
3.9224
3.5409
3.1285
2.7137
2.2964
1.8725
1.4763
1.1343
0.8741
0.67184
0.56194
0.51781
0.56254
0.70945
0.96165
1.2866
1.6887
2.1252
2.5835
3.0316
3.4994
3.9572
4.3828
4.7732
5.0859
5.2971
5.4339
5.4934
5.4935
5.4196
5.2666
5.0383
4.7467
4.4286
4.116
3.7883
3.4537
3.1437
2.8788
2.6678
2.4768
2.3305
2.2328
2.1814
2.1838
2.2147
2.2945
2.3894
2.5343
2.7072
2.8606
3.0356
3.2193
3.4297
3.6555
3.8963
4.1279
4.3576
4.5929
4.834
5.0965
5.3232
5.54
5.7115
5.8189
5.8867
5.8984
5.8408
5.7579
5.6023
5.386
5.0865
4.7421
4.4002
4.0243
3.6441
3.2995
2.9745
2.6763
2.4285
2.2463
2.1552
2.1059
2.1433
2.2582
2.3633
2.5316
2.7395
2.9445
3.2056
3.4714
3.674
3.8523
4.0385
4.1779
4.2937
4.3913
4.4904
4.5256
4.5714
4.5762
4.606
4.6687
4.7102
4.7319
4.7079
4.6142
4.5344
4.4373
4.3648
4.2543
4.0987
3.9146
3.6967
3.5189
3.3825
3.2852
3.2343
3.174
3.1593
3.1974
3.3025
3.487
3.68
3.8835
4.0755
4.2937
4.4677
4.6453
4.8031
4.892
4.8811
4.7775
4.6881
4.5753
4.4788
4.3619
4.2395
4.0856
3.9549
3.8726
3.8011
3.7575
3.714
3.6238
3.4801
3.3826
3.3245
3.2178
3.0783
2.9199
2.7268
2.5636
2.4731
2.466
2.4442
2.4295
2.4709
2.5956
2.7716
3.0295
3.2862
3.4886
3.6208
3.8178
4.009
4.129
4.1535
4.1093
4.0311
3.9252
3.8496
3.7852
3.6954
3.5604
3.4189
3.3442
3.342
3.3434
3.3527
3.3235
3.2853
3.2659
3.2698
3.2574
3.1998
3.095
2.9939
2.9539
2.9556
2.9809
3.0008
3.0432
3.1485
3.2817
3.4685
3.6613
3.7866
3.8999
4.0006
4.0847
4.1442
4.108
3.9997
3.8537
3.7256
3.6031
3.4539
3.2738
3.0879
2.9436
2.826
2.7389
2.6681
2.5428
2.4271
2.3259
2.2371
2.1472
2.0318
1.9119
1.8126
1.7551
1.7748
1.8187
1.8691
1.9404
2.072
2.2939
2.5258
2.7628
2.9365
3.1063
3.2654
3.44
3.5476
3.5673
3.5391
3.5263
3.5414
3.5337
3.491
3.4193
3.3622
3.3356
3.3585
3.3624
3.2934
3.2018
3.1457
3.0854
2.9953
2.8276
2.636
2.4755
2.3883
2.3551
2.3096
2.2814
2.2752
2.351
2.5129
2.6755
2.7961
2.9295
3.0741
3.204
3.3118
3.3377
3.334
3.2964
3.2719
3.2778
3.2322
3.1668
3.0715
3.0409
3.0501
3.0305
2.9783
2.9008
2.808
2.6953
2.5532
2.3542
2.1712
1.9628
1.8027
1.6918
1.5828
1.5138
1.4345
1.4524
1.5515
1.6616
1.736
1.8437
1.986
2.1176
2.2435
2.3123
2.3175
2.3745
2.5109
2.6422
2.7259
2.8083
2.8919
3.0237
3.1788
3.2642
3.2882
3.2622
3.2521
3.2728
3.221
3.1106
2.9654
2.8142
2.684
2.6012
2.5243
2.4295
2.3486
2.3285
2.3458
2.334
2.2803
2.2433
2.2348
2.2019
2.1744
2.1538
2.1064
2.1266
2.1653
2.1862
2.2106
2.2053
2.2757
2.3924
2.4475
2.4037
2.3454
2.3319
2.3699
2.3402
2.2608
2.1433
2.0273
1.9502
1.905
1.8698
1.8311
1.7714
1.7749
1.8001
1.7913
1.7467
1.7128
1.7277
1.7499
1.6734
1.6108
1.6237
1.7064
1.8267
1.903
1.9694
2.0614
2.1935
2.3607
2.4803
2.5592
2.6059
2.6544
2.6624
2.6952
2.6808
2.6077
2.6028
2.6456
2.6316
2.6036
2.5454
2.5414
2.5616
2.5458
2.455
2.3057
2.1454
2.1068
2.0616
1.9117
1.8027
1.732
1.6837
1.6294
1.5126
1.4419
1.4769
1.5172
1.52
1.4387
1.3005
1.2549
1.3267
1.3312
1.2561
1.1805
1.129
1.0907
1.0596
0.99394
1.0038
1.0545
1.105
1.132
1.0736
0.98815
1.0165
1.0845
1.1165
1.1419
1.1353
1.1358
1.1489
1.2082
1.261
1.367
1.4972
1.6237
1.6877
1.6492
1.6444
1.7203
1.7464
1.7502
1.7553
1.6694
1.5506
1.4549
1.3822
1.1992
1.0805
0.98
0.83227
0.63877
0.33599
0.02688
-0.16207
-0.33464
-0.53893
-0.72405
-0.93506
-1.1058
-1.2305
-1.3178
-1.4169
-1.4122
-1.2914
-1.134
-1.0038
-0.93162
-0.85349
-0.67307
-0.35063
-0.075797
0.16442
0.41848
0.67123
0.95645
1.1806
1.2774
1.3562
1.5145
1.6858
1.7196
1.6205
1.3728
1.0605
0.81921
0.51531
0.043604
-0.46481
-0.94454
-1.3528
-1.8294
-2.3299
-2.8424
-3.2435
-3.4939
-3.658
-3.7841
-3.8796
-3.9207
-3.903
-3.7726
-3.5886
-3.3768
-3.0404
-2.6205
-2.2332
-1.8992
-1.541
-1.1329
-0.7304
-0.38879
-0.16187
0.025545
0.2056
0.3205
0.19306
-0.092786
-0.42957
-0.74367
-1.1174
-1.4849
-1.958
-2.4546
-2.9384
-3.3847
-3.8844
-4.3959
-4.7778
-4.9913
-5.1248
-5.1854
-5.2635
-5.2718
-5.1776
-4.9483
-4.7077
-4.3911
-3.9773
-3.5184
-3.1439
-2.8676
-2.6709
-2.486
-2.2433
-2.0187
-1.9214
-1.8859
-1.8645
-1.7904
-1.8251
-1.9045
-2.0417
-2.1647
-2.2216
-2.2751
-2.4022
-2.5612
-2.7122
-2.904
-3.1929
-3.5567
-3.9008
-4.1711
-4.4448
-4.6604
-4.9456
-5.2157
-5.3431
-5.373
-5.4355
-5.492
-5.4619
-5.2867
-5.0394
-4.7729
-4.5203
-4.2646
-3.9639
-3.6109
-3.3729
-3.1637
-2.8875
-2.5668
-2.3442
-2.2825
-2.2688
-2.3503
-2.4568
-2.5549
-2.7878
-3.0634
-3.3112
-3.5049
-3.7919
-4.059
-4.3113
-4.5166
-4.6279
-4.7346
-4.8507
-4.9563
-4.9129
-4.8555
-4.8205
-4.9102
-5.0721
-5.1057
-5.1213
-5.0665
-4.9648
-4.8148
-4.6005
-4.4486
-4.2947
-4.1362
-3.9571
-3.6684
-3.3801
-3.1941
-3.098
-3.0067
-2.9018
-2.8547
-2.9374
-3.0863
-3.305
-3.4852
-3.6336
-3.7754
-3.9939
-4.1061
-4.2249
-4.3921
-4.5848
-4.7072
-4.6704
-4.6289
-4.5565
-4.5001
-4.4288
-4.3196
-4.1788
-4.0863
-4.1336
-4.1178
-4.0778
-3.996
-3.9044
-3.8141
-3.7334
-3.6992
-3.592
-3.5166
-3.4188
-3.2744
-3.1085
-2.9552
-2.9192
-2.8932
-2.8284
-2.7952
-2.8943
-3.1209
-3.4496
-3.7298
-3.9206
-4.0422
-4.2047
-4.3717
-4.457
-4.4697
-4.445
-4.4595
-4.358
-4.2437
-4.0841
-3.9142
-3.7624
-3.5769
-3.467
-3.4236
-3.4442
-3.4622
-3.4326
-3.3763
-3.2995
-3.2647
-3.2323
-3.0843
-2.8743
-2.7219
-2.7213
-2.7781
-2.8091
-2.7811
-2.7902
-2.8677
-2.9994
-3.1827
-3.4057
-3.5852
-3.8384
-4.0163
-4.1268
-4.1855
-4.1662
-4.1227
-4.0028
-3.8927
-3.7642
-3.6935
-3.6205
-3.5395
-3.4682
-3.3878
-3.3348
-3.3086
-3.1499
-2.9699
-2.8382
-2.7909
-2.7648
-2.6601
-2.4913
-2.3481
-2.2776
-2.2755
-2.2572
-2.2737
-2.3131
-2.4708
-2.7381
-2.9487
-3.1256
-3.2541
-3.4111
-3.5291
-3.616
-3.6245
-3.6193
-3.6248
-3.6412
-3.6319
-3.6126
-3.5645
-3.5207
-3.4583
-3.3451
-3.2677
-3.2433
-3.1947
-3.0978
-3.0067
-2.9138
-2.8319
-2.679
-2.4431
-2.24
-2.1332
-2.109
-2.1215
-2.1175
-2.1077
-2.1839
-2.3792
-2.5536
-2.6364
-2.7171
-2.8707
-3.0589
-3.2448
-3.2869
-3.3301
-3.3855
-3.4685
-3.5621
-3.523
-3.4476
-3.3743
-3.392
-3.4354
-3.4357
-3.3901
-3.3931
-3.3863
-3.3405
-3.1907
-3.0115
-2.8517
-2.6599
-2.5054
-2.3768
-2.2615
-2.2111
-2.1234
-2.0721
-2.1011
-2.1357
-2.1614
-2.2314
-2.3471
-2.4744
-2.6546
-2.7627
-2.7752
-2.808
-2.9135
-2.9982
-3.0309
-3.0449
-3.0453
-3.1447
-3.3181
-3.4122
-3.4372
-3.4042
-3.3984
-3.4494
-3.4039
-3.239
-3.0315
-2.8951
-2.7941
-2.7088
-2.6033
-2.4835
-2.4217
-2.4404
-2.4404
-2.4092
-2.3612
-2.3563
-2.4194
-2.4405
-2.447
-2.4585
-2.4792
-2.5372
-2.5484
-2.5367
-2.5621
-2.6048
-2.7588
-2.9153
-3.0206
-3.0871
-3.1478
-3.2134
-3.2531
-3.2166
-3.1389
-3.0335
-2.9035
-2.7803
-2.7009
-2.6973
-2.6983
-2.6565
-2.628
-2.6315
-2.6338
-2.574
-2.4811
-2.4074
-2.3917
-2.3272
-2.2579
-2.2032
-2.2017
-2.2478
-2.2801
-2.2695
-2.2917
-2.3842
-2.5567
-2.724
-2.8128
-2.8589
-2.8971
-2.9206
-2.9489
-2.8659
-2.6979
-2.6404
-2.6756
-2.6853
-2.642
-2.6097
-2.6536
-2.7521
-2.7824
-2.6782
-2.511
-2.3863
-2.4004
-2.3826
-2.2404
-2.1534
-2.16
-2.1986
-2.2335
-2.1548
-2.1515
-2.2841
-2.3801
-2.4234
-2.3847
-2.3466
-2.4318
-2.5833
-2.5983
-2.5501
-2.5159
-2.4925
-2.4519
-2.4542
-2.397
-2.4665
-2.6086
-2.6608
-2.6457
-2.5584
-2.4794
-2.4788
-2.4302
-2.3081
-2.218
-2.1445
-2.0764
-1.9813
-1.955
-1.9377
-2.0244
-2.0907
-2.0687
-2.0287
-1.9744
-1.9412
-1.9972
-2.0297
-2.0568
-2.1498
-2.2066
-2.231
-2.1914
-2.2315
-2.2446
-2.3069
-2.3655
-2.3831
-2.4298
-2.4159
-2.3412
-2.3097
-2.2812
-2.2316
-2.1926
-2.0874
-1.9964
-1.9235
-1.9399
-1.8891
-1.8572
-1.8841
-1.9124
-1.9266
-1.8051
-1.5858
-1.4363
-1.4593
-1.4765
-1.4548
-1.4059
-1.4156
-1.5006
-1.6029
-1.575
-1.48
-1.5141
-1.6638
-1.7613
-1.7521
-1.6259
-1.5375
-1.6584
-1.7767
-1.7365
-1.6445
-1.6417
-1.7244
-1.716
-1.6203
-1.472
-1.4392
-1.5433
-1.5937
-1.5458
-1.4537
-1.3922
-1.3046
-1.2004
-1.0777
-0.97865
-1.0391
-1.1658
-1.1722
-1.0972
-1.0644
-1.1196
-1.168
-1.1383
-1.065
-1.0625
-1.2022
-1.3371
-1.2602
-1.1703
-1.1809
-1.2882
-1.3805
-1.426
-1.3844
-1.3606
-1.388
-1.4122
-1.3119
-1.2044
-1.1927
-1.2473
-1.2779
-1.256
-1.1824
-1.1209
-1.0299
-0.95648
-0.83518
-0.82892
-0.96337
-1.0938
-1.0912
-1.0061
-0.91037
-0.83862
-0.80704
-0.80251
-0.76397
-0.74723
-0.80195
-0.88343
-0.89393
-0.90861
-0.94043
-0.97552
-0.99531
-1.0518
-1.0696
-1.1384
-1.2133
-1.2191
-1.173
-1.132
-1.0837
-1.0763
-1.0203
-1.0064
-0.96296
-0.88515
-0.85871
-0.85902
-0.84452
-0.81843
-0.84309
-0.89964
-0.9486
-0.97698
-0.97283
-0.89959
-0.78193
-0.7332
-0.68606
-0.6887
-0.73918
-0.83919
-0.89212
-0.94389
-0.96689
-0.90362
-0.86962
-0.90313
-0.91523
-0.94087
-0.90988
-0.95833
-0.96021
-0.96987
-0.92123
-0.8303
-0.78903
-0.75247
-0.76114
-0.7638
-0.79458
-0.87093
-0.97241
-0.9535
-0.87277
-0.806
-0.72948
-0.73137
-0.71511
-0.71454
-0.69592
-0.73513
-0.80241
-0.83229
-0.82713
-0.87324
-0.97617
-1.0658
-1.0358
-0.98278
-0.94115
-0.97117
-0.96612
-0.92123
-0.86402
-0.84449
-0.95423
-1.052
-1.0288
-1.0427
-1.1131
-1.1436
-1.1207
-1.0071
-0.94114
-0.93802
-0.99592
-0.99884
-0.8933
-0.85636
-0.833
-0.85774
-0.78622
-0.73546
-0.7724
-0.96057
-1.0749
-1.0936
-1.0922
-1.0893
-1.1363
-1.1088
-1.0284
-0.90461
-0.94007
-1.0808
-1.1728
-1.1905
-1.2586
-1.3782
-1.5133
-1.4661
-1.3111
-1.2131
-1.2358
-1.2806
-1.2898
-1.2521
-1.2295
-1.3067
-1.3353
-1.191
-1.0934
-1.1112
-1.1997
-1.2923
-1.253
-1.2269
-1.2615
-1.367
-1.3376
-1.2076
-1.1072
-1.0749
-1.1528
-1.1825
-1.1461
-1.2111
-1.4395
-1.5748
-1.5687
-1.4865
-1.4584
-1.5444
-1.6089
-1.5809
-1.4826
-1.4937
-1.5542
-1.5799
-1.4774
-1.4326
-1.4641
-1.6229
-1.6752
-1.5715
-1.5197
-1.5533
-1.6371
-1.5916
-1.4775
-1.3889
-1.4332
-1.5058
-1.4959
-1.4125
-1.471
-1.5784
-1.6846
-1.6523
-1.5592
-1.5753
-1.7072
-1.7623
-1.6941
-1.6358
-1.6616
-1.7066
-1.7373
-1.6488
-1.5691
-1.6923
-1.8044
-1.8505
-1.8221
-1.8439
-1.9279
-2.0092
-1.9357
-1.7547
-1.6718
-1.72
-1.7374
-1.7124
-1.6603
-1.6768
-1.8666
-1.9713
-1.8988
-1.7954
-1.8091
-1.8405
-1.8333
-1.7458
-1.6908
-1.8137
-1.9438
-1.9518
-1.8717
-1.815
-1.8338
-1.8962
-1.8884
-1.8007
-1.8023
-1.9562
-2.0492
-1.9661
-1.8631
-1.7801
-1.818
-1.8117
-1.7024
-1.5986
-1.6486
-1.7664
-1.8543
-1.8426
-1.8272
-1.8544
-1.9044
-1.866
-1.6704
-1.5893
-1.6257
-1.7077
-1.707
-1.6955
-1.7311
-1.8764
-1.9615
-1.9188
-1.8375
-1.8598
-1.9315
-1.9803
-1.9901
-1.9659
-2.0383
-2.128
-2.1217
-1.9751
-1.8857
-1.8694
-1.9043
-1.872
-1.8041
-1.7996
-1.9229
-1.9869
-1.8989
-1.7737
-1.6932
-1.6665
-1.653
-1.5772
-1.4976
-1.5816
-1.7185
-1.8117
-1.7846
-1.7613
-1.7926
-1.8651
-1.8441
-1.7293
-1.6733
-1.7578
-1.8175
-1.8312
-1.8329
-1.8248
-1.9202
-1.9675
-1.9122
-1.8164
-1.8216
-1.883
-1.9368
-1.9059
-1.8641
-1.8925
-1.9627
-1.9123
-1.7747
-1.6959
-1.6668
-1.7019
-1.6953
-1.6557
-1.6769
-1.7926
-1.8517
-1.8146
-1.7029
-1.6422
-1.637
-1.6688
-1.6271
-1.5847
-1.7073
-1.8475
-1.9271
-1.9041
-1.872
-1.9081
-1.9815
-1.9482
-1.8795
-1.8641
-1.9489
-1.9846
-1.9763
-1.9425
-1.9062
-1.9853
-2.0077
-1.931
-1.8288
-1.822
-1.8788
-1.9348
-1.8887
-1.8499
-1.8926
-1.9799
-1.9296
-1.8081
-1.7447
-1.7371
-1.7825
-1.7842
-1.7283
-1.7327
-1.8212
-1.8608
-1.8147
-1.6906
-1.6302
-1.6196
-1.6497
-1.5937
-1.5419
-1.6615
-1.7859
-1.8297
-1.7725
-1.6951
-1.703
-1.755
-1.7149
-1.643
-1.6192
-1.693
-1.7088
-1.6741
-1.61
-1.5666
-1.646
-1.6818
-1.604
-1.4972
-1.4774
-1.5462
-1.6132
-1.564
-1.5147
-1.5544
-1.6334
-1.5889
-1.4738
-1.4207
-1.4363
-1.5
-1.5093
-1.4543
-1.4647
-1.559
-1.6048
-1.5552
-1.4098
-1.3282
-1.3062
-1.3236
-1.2617
-1.22
-1.3173
-1.4395
-1.4814
-1.4118
-1.3347
-1.3533
-1.4113
-1.376
-1.3156
-1.3028
-1.3871
-1.431
-1.3925
-1.3294
-1.3162
-1.3909
-1.4336
-1.3633
-1.2728
-1.2874
-1.3927
-1.4747
-1.4432
-1.422
-1.477
-1.5599
-1.5054
-1.3701
-1.3217
-1.3439
-1.4035
-1.3981
-1.3406
-1.3613
-1.4774
-1.5388
-1.4809
-1.3263
-1.2552
-1.2432
-1.2509
-1.1682
-1.1152
-1.2363
-1.3835
-1.4368
-1.3613
-1.2798
-1.309
-1.3956
-1.3928
-1.3248
-1.3202
-1.4357
-1.5036
-1.486
-1.4406
-1.4163
-1.491
-1.5297
-1.4483
-1.3469
-1.368
-1.4654
-1.5349
-1.5209
-1.4826
-1.5236
-1.6182
-1.5639
-1.4177
-1.3779
-1.3928
-1.4434
-1.4246
-1.3676
-1.3743
-1.4913
-1.5619
-1.4821
-1.3484
-1.2638
-1.2456
-1.2468
-1.1824
-1.1509
-1.2783
-1.4502
-1.5034
-1.4263
-1.3405
-1.3382
-1.3797
-1.3581
-1.2659
-1.277
-1.3934
-1.4775
-1.4554
-1.424
-1.412
-1.4712
-1.5
-1.3941
-1.2774
-1.2895
-1.3888
-1.4342
-1.4299
-1.387
-1.4343
-1.5016
-1.4125
-1.2177
-1.1676
-1.1907
-1.2407
-1.2184
-1.1533
-1.1804
-1.3025
-1.3884
-1.2895
-1.1634
-1.0894
-1.1045
-1.1093
-1.027
-0.95813
-1.1129
-1.2984
-1.3538
-1.2717
-1.1663
-1.163
-1.1957
-1.187
-1.0675
-1.0596
-1.1635
-1.2654
-1.2459
-1.1987
-1.1434
-1.2301
-1.2599
-1.135
-0.99665
-1.0064
-1.1423
-1.2106
-1.2311
-1.1922
-1.238
-1.2942
-1.2128
-1.0202
-0.9863
-0.98674
-1.0731
-1.0837
-1.0198
-1.0467
-1.1575
-1.2608
-1.1559
-1.0283
-0.95747
-0.97868
-0.98426
-0.90358
-0.82226
-0.97629
-1.115
-1.1498
-1.0674
-0.95379
-0.97174
-1.0033
-1.001
-0.85196
-0.81539
-0.90898
-1.017
-1.007
-0.96316
-0.89693
-0.9905
-1.0144
-0.89113
-0.76924
-0.79875
-0.98269
-1.0595
-1.0879
-1.028
-1.0514
-1.0911
-1.0219
-0.83398
-0.7879
-0.79758
-0.89878
-0.89525
-0.80232
-0.80451
-0.87733
-0.96784
-0.8338
-0.70453
-0.65751
-0.70938
-0.71462
-0.62499
-0.51912
-0.6451
-0.77379
-0.82346
-0.73734
-0.63028
-0.66967
-0.71576
-0.70459
-0.53606
-0.47983
-0.58648
-0.71365
-0.69294
-0.63184
-0.59385
-0.69767
-0.71891
-0.61195
-0.48952
-0.53613
-0.74469
-0.82926
-0.79697
-0.6866
-0.68066
-0.72849
-0.69294
-0.51033
-0.4553
-0.53142
-0.67328
-0.67275
-0.57479
-0.54677
-0.64855
-0.7488
-0.64536
-0.50208
-0.46071
-0.52535
-0.55692
-0.50339
-0.4058
-0.45783
-0.60632
-0.70539
-0.62429
-0.55195
-0.59693
-0.6915
-0.68951
-0.53173
-0.4777
-0.59531
-0.72053
-0.68041
-0.57346
-0.54834
-0.6204
-0.6869
-0.64658
-0.5268
-0.58114
-0.75136
-0.80801
-0.73369
-0.6086
-0.60631
-0.69937
-0.7135
-0.55006
-0.47841
-0.6066
-0.73121
-0.73011
-0.65403
-0.60726
-0.72366
-0.8448
-0.75894
-0.61907
-0.58529
-0.67644
-0.73294
-0.70111
-0.59986
-0.61568
-0.80577
-0.90114
-0.79312
-0.73833
-0.80502
-0.93795
-0.96087
-0.80449
-0.71936
-0.80448
-0.91289
-0.85323
-0.73077
-0.71981
-0.80462
-0.9461
-0.94193
-0.81161
-0.83412
-1.0086
-1.0539
-0.96123
-0.84754
-0.86494
-0.99431
-1.0634
-0.93654
-0.87332
-1.0136
-1.1386
-1.1668
-1.1
-1.0548
-1.1555
-1.3012
-1.2445
-1.0962
-1.0595
-1.1598
-1.2115
-1.1484
-1.002
-0.9563
-1.1095
-1.1557
-1.0484
-0.99599
-1.0619
-1.1953
-1.2405
-1.111
-0.99845
-1.0307
-1.1151
-1.0609
-0.96728
-0.97591
-1.1089
-1.3161
-1.3366
-1.2283
-1.2562
-1.4058
-1.4604
-1.3868
-1.3124
-1.3519
-1.4928
-1.5676
-1.4449
-1.3877
-1.5025
-1.6136
-1.6554
-1.5852
-1.5124
-1.604
-1.7304
-1.6877
-1.5541
-1.5307
-1.6142
-1.6539
-1.5773
-1.385
-1.3448
-1.4656
-1.5049
-1.4298
-1.3852
-1.4618
-1.6136
-1.643
-1.4634
-1.3053
-1.3411
-1.4427
-1.4404
-1.3869
-1.4048
-1.6175
-1.8113
-1.8148
-1.6929
-1.6684
-1.7938
-1.8942
-1.873
-1.7709
-1.7769
-1.9332
-2.0398
-1.9079
-1.7721
-1.7692
-1.8521
-1.8228
-1.7266
-1.6604
-1.8129
-2.0089
-2.0251
-1.8173
-1.7041
-1.7476
-1.8487
-1.8093
-1.6242
-1.5817
-1.735
-1.8559
-1.8395
-1.731
-1.7145
-1.8647
-1.9813
-1.856
-1.7866
-1.8261
-1.9089
-1.939
-1.8992
-1.8583
-1.9146
-2.1763
-2.236
-2.1173
-2.0472
-2.0981
-2.2683
-2.3634
-2.3236
-2.2674
-2.3724
-2.4241
-2.3298
-2.2041
-2.1231
-2.1498
-2.312
-2.2998
-2.1834
-2.1961
-2.2488
-2.3823
-2.4893
-2.4625
-2.4547
-2.3933
-2.3888
-2.4076
-2.3022
-2.2474
-2.2695
-2.328
-2.3152
-2.2983
-2.2889
-2.3663
-2.4309
-2.4391
-2.4501
-2.4726
-2.4719
-2.4946
-2.546
-2.5925
-2.5191
-2.4392
-2.4319
-2.4972
-2.5429
-2.5486
-2.5665
-2.619
-2.7776
-2.9028
-2.9433
-2.8041
-2.708
-2.7999
-2.8564
-2.808
-2.6745
-2.6415
-2.7594
-2.8724
-2.8695
-2.7618
-2.7755
-2.8891
-2.9484
-2.9227
-2.8714
-2.8478
-2.9119
-3.0107
-2.9553
-2.855
-2.7906
-2.8223
-2.8338
-2.7569
-2.6733
-2.7203
-2.8207
-2.8784
-2.9256
-2.9693
-3.0468
-3.103
-3.0937
-3.0163
-3.0121
-3.0462
-3.0767
-3.0634
-3.0394
-3.0919
-3.1695
-3.201
-3.0766
-3.0008
-3.0891
-3.1893
-3.2247
-3.1939
-3.1631
-3.231
-3.3157
-3.2921
-3.1755
-3.0851
-3.049
-3.0303
-2.9751
-2.8801
-2.818
-2.8832
-2.9712
-3.0146
-3.0444
-3.09
-3.1376
-3.1472
-3.1008
-3.0708
-3.0944
-3.1395
-3.0537
-2.955
-2.9486
-3.0161
-3.0631
-3.0267
-2.9143
-2.9368
-3.1007
-3.2612
-3.3519
-3.3917
-3.4283
-3.5089
-3.5389
-3.4263
-3.2748
-3.2019
-3.2101
-3.1986
-3.1747
-3.14
-3.1551
-3.228
-3.2338
-3.2353
-3.2926
-3.3776
-3.3949
-3.349
-3.2865
-3.3075
-3.3981
-3.4422
-3.3598
-3.2556
-3.1935
-3.1982
-3.2025
-3.1255
-3.0654
-3.1146
-3.2589
-3.3185
-3.3553
-3.4115
-3.5006
-3.5659
-3.5372
-3.4651
-3.4568
-3.5391
-3.5573
-3.5431
-3.4669
-3.4531
-3.5047
-3.5111
-3.342
-3.2108
-3.2286
-3.3312
-3.4356
-3.48
-3.4976
-3.5292
-3.6167
-3.6151
-3.5778
-3.5282
-3.5403
-3.4392
-3.3198
-3.1475
-3.1538
-3.2036
-3.2428
-3.1787
-3.1208
-3.1731
-3.2547
-3.3675
-3.3608
-3.3919
-3.4447
-3.5898
-3.5663
-3.5631
-3.4902
-3.4565
-3.4148
-3.2664
-3.156
-3.113
-3.2539
-3.3221
-3.3384
-3.2917
-3.2776
-3.4321
-3.5235
-3.4701
-3.43
-3.4574
-3.5427
-3.6333
-3.6481
-3.6166
-3.5846
-3.5639
-3.4466
-3.354
-3.299
-3.3156
-3.3205
-3.3144
-3.2246
-3.2475
-3.4469
-3.5869
-3.6158
-3.5619
-3.5465
-3.5977
-3.6885
-3.6728
-3.6627
-3.6994
-3.6892
-3.5842
-3.486
-3.4001
-3.373
-3.3817
-3.2969
-3.2469
-3.3045
-3.5113
-3.6558
-3.7402
-3.7074
-3.6844
-3.8173
-3.8594
-3.7875
-3.7672
-3.7308
-3.6877
-3.6425
-3.5109
-3.4714
-3.4791
-3.5392
-3.4566
-3.3128
-3.2462
-3.327
-3.4509
-3.5322
-3.5261
-3.5659
-3.6693
-3.781
-3.765
-3.6948
-3.6827
-3.6603
-3.5975
-3.4944
-3.3939
-3.41
-3.4311
-3.331
-3.1356
-2.9915
-3.0333
-3.179
-3.2957
-3.3255
-3.414
-3.5963
-3.6896
-3.777
-3.7656
-3.7499
-3.7847
-3.7478
-3.6261
-3.4303
-3.3214
-3.332
-3.2593
-3.173
-3.0342
-2.9976
-3.0656
-3.085
-3.0299
-3.0368
-3.1682
-3.3044
-3.3243
-3.3551
-3.3649
-3.4396
-3.5403
-3.4996
-3.3265
-3.2215
-3.2412
-3.2735
-3.1953
-3.1278
-3.069
-3.0547
-3.0277
-2.8828
-2.8061
-2.8478
-2.9866
-3.1079
-3.0928
-3.1659
-3.3143
-3.421
-3.4647
-3.453
-3.4275
-3.3312
-3.1857
-3.0676
-2.8799
-2.7506
-2.7497
-2.73
-2.5696
-2.3747
-2.3806
-2.5354
-2.5649
-2.5618
-2.6503
-2.7794
-2.9066
-2.9478
-2.9962
-2.9618
-2.959
-3.0039
-2.9555
-2.8134
-2.7474
-2.8098
-2.8523
-2.7521
-2.5431
-2.3852
-2.357
-2.3077
-2.1383
-2.0365
-2.0947
-2.2541
-2.3476
-2.3742
-2.476
-2.5868
-2.72
-2.7694
-2.7463
-2.7218
-2.6976
-2.6472
-2.5469
-2.3767
-2.3517
-2.3669
-2.2883
-2.1119
-1.9647
-1.9446
-2.0157
-2.0238
-2.0298
-2.1277
-2.2728
-2.3794
-2.4098
-2.3662
-2.3344
-2.4052
-2.457
-2.4098
-2.333
-2.2976
-2.3322
-2.2904
-2.1166
-1.9492
-1.868
-1.8416
-1.7191
-1.4648
-1.3376
-1.3643
-1.4948
-1.6005
-1.6606
-1.79
-1.9282
-2.0928
-2.173
-2.1671
-2.1949
-2.239
-2.2888
-2.2333
-2.0976
-2.0278
-1.9646
-1.8711
-1.7226
-1.5347
-1.4368
-1.4812
-1.5251
-1.4625
-1.449
-1.505
-1.6004
-1.6918
-1.6618
-1.5951
-1.6759
-1.7759
-1.8661
-1.8808
-1.8761
-1.9301
-1.9745
-1.8606
-1.6606
-1.4515
-1.3243
-1.2724
-1.2157
-1.1018
-1.0249
-0.9525
-0.95327
-0.90213
-0.86727
-0.97984
-1.2094
-1.4227
-1.5495
-1.5344
-1.6097
-1.7301
-1.8017
-1.7624
-1.7113
-1.7059
-1.7296
-1.6583
-1.4446
-1.2467
-1.2457
-1.1857
-1.0675
-0.91084
-0.78069
-0.76458
-0.76777
-0.74397
-0.58261
-0.58346
-0.7469
-0.93958
-1.0748
-1.0712
-1.0704
-1.1535
-1.2852
-1.2932
-1.2675
-1.2458
-1.2101
-1.1526
-1.0022
-0.72718
-0.60921
-0.63408
-0.60894
-0.52167
-0.32133
-0.13209
-0.094792
-0.13908
-0.25795
-0.32611
-0.32332
-0.52601
-0.76504
-0.90131
-0.90163
-0.96787
-1.0684
-1.2111
-1.2078
-1.0667
-0.97134
-0.90176
-0.83985
-0.6762
-0.44822
-0.27137
-0.20473
-0.26234
-0.22041
-0.054602
0.067997
0.10714
0.0059577
-0.072311
-0.11993
-0.11291
-0.17905
-0.28044
-0.40021
-0.47223
-0.43204
-0.51309
-0.64241
-0.76316
-0.78722
-0.69191
-0.55544
-0.45885
-0.37013
-0.22593
-0.048606
0.092209
0.17944
0.28758
0.39458
0.43005
0.49796
0.43798
0.28815
0.089552
-0.084828
-0.21554
-0.33644
-0.4505
-0.52799
-0.59357
-0.62048
-0.59798
-0.61246
-0.5893
-0.54377
-0.4031
-0.23446
-0.084231
0.014556
0.071903
0.15392
0.2287
0.33489
0.46514
0.56186
0.60802
0.64617
0.69822
0.63556
0.52701
0.39746
0.2811
0.20677
0.1525
0.053163
-0.09248
-0.2494
-0.4018
-0.43185
-0.40571
-0.32839
-0.22736
-0.11901
0.082298
0.3239
0.50519
0.65819
0.76256
0.86285
1.0337
1.1911
1.2138
1.166
1.0415
0.85318
0.70525
0.56884
0.41574
0.30448
0.20535
0.14535
0.1145
0.083108
0.047583
0.061932
0.11814
0.23749
0.39609
0.51081
0.6195
0.65769
0.72988
0.79229
0.9433
1.0962
1.2114
1.2895
1.3811
1.4485
1.4619
1.3996
1.2815
1.1688
1.0644
0.97911
0.85981
0.72308
0.53054
0.34445
0.17129
0.11341
0.11933
0.16921
0.22495
0.32724
0.50304
0.71688
0.92459
1.1024
1.2949
1.4479
1.5894
1.7281
1.8161
1.8118
1.7201
1.6005
1.414
1.2602
1.112
1.0013
0.82949
0.64686
0.51534
0.39384
0.35716
0.34455
0.35616
0.37236
0.44681
0.54394
0.69942
0.80298
0.93299
0.94849
1.0094
1.1139
1.3032
1.407
1.5008
1.5464
1.5734
1.6067
1.6141
1.6277
1.553
1.4644
1.3022
1.1979
1.0386
0.8831
0.7122
0.5341
0.3452
0.159
0.086237
0.070455
0.16207
0.25145
0.36723
0.50112
0.674
0.97204
1.2277
1.5049
1.7026
1.8278
1.9534
2.064
2.1547
2.1317
2.0148
1.8027
1.56
1.39
1.2292
1.0941
0.91676
0.74019
0.59919
0.49387
0.47815
0.47533
0.49136
0.53564
0.60175
0.7404
0.94352
1.1166
1.304
1.4485
1.5355
1.6193
1.7283
1.8711
1.9607
1.9983
1.9896
1.9934
1.9838
1.9676
1.9182
1.8659
1.724
1.5403
1.4463
1.3114
1.2258
1.1171
0.94394
0.73279
0.56554
0.47085
0.48688
0.55122
0.64778
0.72468
0.87035
1.077
1.3478
1.6525
1.9488
2.22
2.3904
2.546
2.7248
2.8136
2.8677
2.8348
2.6621
2.3948
2.1441
1.8759
1.661
1.4323
1.1707
0.92898
0.75531
0.649
0.62511
0.67094
0.71759
0.82137
0.97577
1.106
1.3593
1.5984
1.8489
2.083
2.2582
2.4135
2.4709
2.5831
2.6667
2.6727
2.7153
2.6645
2.5771
2.489
2.3908
2.2737
2.1799
2.0886
1.9519
1.7934
1.6941
1.5512
1.448
1.3836
1.3167
1.1747
1.0406
1.0079
1.0414
1.1148
1.2583
1.4125
1.5842
1.815
2.0696
2.3279
2.5852
2.8661
3.1144
3.2512
3.3853
3.4526
3.4469
3.407
3.3422
3.204
2.9267
2.596
2.3248
2.03
1.7254
1.4593
1.2332
0.99327
0.77444
0.71719
0.80034
0.88245
1.0618
1.335
1.564
1.8229
2.1432
2.5053
2.778
3.0149
3.2473
3.4369
3.533
3.5658
3.5661
3.5509
3.4426
3.2293
2.979
2.747
2.5149
2.2975
2.0566
1.9016
1.7792
1.6353
1.5001
1.4432
1.3416
1.3061
1.3315
1.415
1.5114
1.578
1.6756
1.7983
1.98
2.1919
2.3954
2.5609
2.6901
2.8689
3.0579
3.2255
3.3202
3.4027
3.5252
3.5618
3.5157
3.4722
3.3531
3.2457
3.0804
2.8527
2.5774
2.2876
1.9672
1.6675
1.3717
1.0989
0.93109
0.83978
0.79619
0.75968
0.7541
0.87117
1.1458
1.4545
1.8141
2.1972
2.6258
2.9927
3.3514
3.6831
3.9516
4.1689
4.2549
4.2739
4.2244
4.0829
3.887
3.5999
3.2591
2.9454
2.592
2.224
1.8853
1.5873
1.2918
1.0991
0.99178
0.93992
0.99998
1.1413
1.2318
1.4026
1.5935
1.8497
2.1586
2.4351
2.7534
3.0224
3.2261
3.4479
3.6118
3.7341
3.8418
3.9403
3.9614
3.8941
3.7545
3.6526
3.5464
3.414
3.2784
3.0933
2.9312
2.8095
2.6167
2.4187
2.2176
2.0635
1.9207
1.7789
1.6757
1.5744
1.5028
1.4477
1.4754
1.5979
1.7868
1.9804
2.1319
2.3735
2.6547
2.9583
3.268
3.5949
3.907
4.1993
4.4272
4.5866
4.646
4.662
4.5921
4.4915
4.3201
4.0481
3.7579
3.3746
2.9263
2.459
2.0544
1.7222
1.4225
1.1373
0.86304
0.68985
0.6348
0.63562
0.74529
0.96368
1.2766
1.6875
2.1665
2.6043
3.0621
3.4799
3.9287
4.3487
4.7113
5.016
5.1863
5.2667
5.2343
5.1247
4.914
4.6106
4.297
3.9884
3.63
3.2115
2.7847
2.4002
2.011
1.7096
1.4958
1.3397
1.2529
1.224
1.2384
1.2811
1.3761
1.5058
1.7284
2.0003
2.3004
2.6578
2.942
3.2308
3.4906
3.7522
4.0299
4.2818
4.4993
4.6581
4.7323
4.7398
4.7481
4.6958
4.6273
4.5507
4.461
4.3323
4.1461
3.9131
3.6492
3.3858
3.1091
2.8765
2.6443
2.4387
2.2367
2.0492
1.8506
1.6734
1.569
1.5207
1.5603
1.6888
1.9039
2.1892
2.4509
2.7631
3.1163
3.5128
3.9517
4.4474
4.8835
5.276
5.5757
5.7777
5.9007
5.9483
5.9511
5.8743
5.7343
5.4748
5.1113
4.6767
4.1984
3.7281
3.1902
2.6744
2.2215
1.8396
1.5204
1.2703
1.0263
0.84547
0.79574
0.86792
1.0703
1.4192
1.857
2.3521
2.9022
3.4021
3.914
4.4415
4.9936
5.5014
5.9519
6.2438
6.4114
6.4711
6.4484
6.3649
6.1686
5.9326
5.6113
5.2563
4.8114
4.3073
3.7989
3.3589
2.9175
2.5461
2.2613
2.0614
1.9469
1.8648
1.827
1.8623
1.9503
2.0868
2.3178
2.6005
2.9362
3.291
3.6585
4.0082
4.3438
4.6112
4.9054
5.1856
5.4617
5.7103
5.8283
5.9007
5.9316
5.9223
5.9082
5.8825
5.8078
5.698
5.5748
5.4178
5.2426
5.0145
4.7896
4.5688
4.3296
4.1267
3.9089
3.7014
3.5033
3.3174
3.1574
3.0435
2.9277
2.8752
2.8759
2.9664
3.0878
3.2797
3.5098
3.7767
4.0817
4.42
4.8366
5.2815
5.7239
6.1642
6.5539
6.8922
7.1668
7.4013
7.5941
7.7234
7.7166
7.6094
7.4342
7.215
6.9365
6.5627
6.1185
5.6248
5.1115
4.6188
4.1161
3.6304
3.2492
2.9041
2.6513
2.4958
2.4076
2.4042
2.4878
2.7159
3.0696
3.5469
4.1045
4.7033
5.314
5.914
6.5125
7.087
7.5994
8.0635
8.4621
8.7632
8.9544
9.0217
8.9634
8.8201
8.546
8.1744
7.7331
7.2623
6.7759
6.2674
5.7155
5.1453
4.611
4.1516
3.7769
3.4651
3.2602
3.184
3.2167
3.3073
3.4685
3.6795
3.9681
4.3496
4.8109
5.3115
5.8282
6.3618
6.9113
7.3932
7.8067
8.1321
8.381
8.5817
8.7053
8.7763
8.7706
8.6702
8.5236
8.3251
8.0923
7.7854
7.4506
7.142
6.8533
6.5701
6.2977
6.0401
5.7789
5.5806
5.4391
5.3445
5.2773
5.2069
5.2187
5.2668
5.3374
5.4181
5.5065
5.6243
5.7648
5.9731
6.1774
6.3948
6.6167
6.8859
7.2026
7.4715
7.7154
7.9148
8.1172
8.3198
8.5114
8.6822
8.8325
8.9643
9.0814
9.1523
9.1289
9.1037
9.0499
8.9592
8.8271
8.6415
8.4032
8.1082
7.8065
7.5075
7.2083
6.8929
6.5544
6.2505
5.9763
5.7127
5.4975
5.3173
5.1813
5.1458
5.2234
5.3747
5.6121
5.9451
6.3654
6.8509
7.3509
7.8829
8.4321
8.9561
9.4553
9.9648
10.414
10.807
11.102
11.288
11.375
11.347
11.253
11.079
10.819
10.481
10.048
9.5382
8.9547
8.3192
7.7173
7.1435
6.6338
6.1384
5.699
5.3542
5.1234
4.9828
4.9584
5.0111
5.2082
5.5217
5.9499
6.4697
7.0645
7.7308
8.4542
9.1989
9.8961
10.537
11.131
11.651
12.091
12.459
12.725
12.86
12.84
12.698
12.432
12.055
11.617
11.152
10.629
10.052
9.4643
8.8283
8.1975
7.6252
7.1404
6.7625
6.4587
6.2495
6.1208
6.089
6.1912
6.3957
6.6833
7.0365
7.4574
7.9614
8.5024
9.0591
9.6301
10.199
10.762
11.315
11.779
12.154
12.444
12.641
12.759
12.829
12.802
12.677
12.468
12.163
11.799
11.382
11.007
10.645
10.331
10.032
9.7331
9.4474
9.1616
8.913
8.7325
8.6035
8.5526
8.5546
8.5967
8.6654
8.8008
8.9831
9.1861
9.389
9.5931
9.8151
10.064
10.299
10.52
10.73
10.946
11.186
11.376
11.524
11.65
11.729
11.795
11.849
11.948
12.031
12.093
12.106
12.099
12.066
12.024
12.015
12.029
12.034
12.026
11.984
11.915
11.787
11.632
11.48
11.336
11.188
11.011
10.813
10.61
10.406
10.226
10.067
9.8975
9.7267
9.6555
9.6126
9.6373
9.6846
9.7924
9.9633
10.224
10.548
10.894
11.276
11.681
12.1
12.568
13.038
13.493
13.915
14.269
14.57
14.802
14.954
15.046
15.062
15.049
14.946
14.757
14.473
14.09
13.616
13.118
12.6
12.061
11.481
10.877
10.336
9.851
9.434
9.0395
8.7147
8.5081
8.4396
8.5285
8.7467
9.0567
9.4449
9.9297
10.549
11.228
11.958
12.693
13.429
14.158
14.841
15.492
16.054
16.531
16.907
17.169
17.309
17.306
17.129
16.865
16.522
16.105
15.601
14.99
14.277
13.54
12.733
11.958
11.2
10.486
9.8171
9.2531
8.8286
8.5573
8.3783
8.3079
8.3549
8.5239
8.8473
9.3182
9.9211
10.63
11.392
12.175
12.956
13.742
14.534
15.286
15.988
16.589
17.099
17.496
17.752
17.875
17.901
17.796
17.534
17.108
16.547
15.911
15.223
14.525
13.801
13.06
12.307
11.618
10.986
10.427
9.9441
9.5358
9.2371
9.0597
8.9896
9.0112
9.1308
9.383
9.7549
10.192
10.702
11.28
11.884
12.529
13.191
13.821
14.4
14.921
15.397
15.816
16.157
16.419
16.578
16.592
16.486
16.259
15.965
15.572
15.105
14.588
14.08
13.553
13.037
12.531
12.042
11.584
11.202
10.905
10.671
10.528
10.451
10.421
10.463
10.58
10.732
10.948
11.208
11.508
11.817
12.103
12.426
12.737
13.006
13.271
13.539
13.724
13.833
13.914
13.927
13.847
13.729
13.605
13.441
13.183
12.927
12.681
12.408
12.157
11.933
11.716
11.524
11.335
11.196
11.138
11.145
11.197
11.267
11.369
11.494
11.635
11.803
12.023
12.262
12.432
12.6
12.732
12.841
12.918
12.967
12.996
12.992
12.934
12.8
12.593
12.324
12.041
11.729
11.414
11.13
10.789
10.416
10.128
9.8741
9.6635
9.5232
9.4475
9.3794
9.3323
9.397
9.5552
9.7737
10.024
10.289
10.575
10.907
11.275
11.644
12.023
12.393
12.72
13.018
13.236
13.413
13.494
13.513
13.518
13.47
13.317
13.047
12.72
12.321
11.87
11.368
10.853
10.34
9.8424
9.3598
8.9085
8.4763
8.1143
7.8254
7.586
7.4645
7.4178
7.3694
7.4456
7.6592
7.9058
8.1975
8.5565
8.9702
9.4177
9.9185
10.447
10.954
11.414
11.842
12.251
12.566
12.809
12.996
13.119
13.208
13.226
13.109
12.861
12.545
12.171
11.717
11.178
10.639
10.102
9.5527
9.0162
8.4988
8.0069
7.5456
7.1514
6.8409
6.6179
6.4664
6.3899
6.4089
6.5094
6.6717
6.8728
7.1469
7.5199
7.9327
8.3525
8.7724
9.2203
9.6473
10.042
10.449
10.798
11.078
11.31
11.521
11.685
11.743
11.712
11.563
11.36
11.091
10.726
10.283
9.8057
9.3587
8.9258
8.4773
8.041
7.6233
7.2077
6.826
6.5222
6.2845
6.1281
6.0107
5.9997
6.0284
6.1002
6.2324
6.4035
6.6464
6.9623
7.3186
7.663
7.9935
8.3235
8.642
8.9409
9.1822
9.4012
9.567
9.675
9.7664
9.8504
9.8094
9.6484
9.479
9.2684
8.9685
8.6099
8.2318
7.8672
7.4878
7.1238
6.792
6.479
6.1683
5.8911
5.672
5.5188
5.448
5.451
5.5112
5.609
5.7641
5.9444
6.1341
6.362
6.6426
6.9964
7.3433
7.6463
7.9311
8.1778
8.3936
8.5884
8.742
8.8289
8.8593
8.8328
8.7624
8.6312
8.4327
8.1542
7.8304
7.4637
7.055
6.5751
6.0661
5.6275
5.2251
4.8254
4.4774
4.199
3.9261
3.6807
3.5412
3.5136
3.5561
3.6837
3.8715
4.0828
4.326
4.6175
4.9485
5.3245
5.7674
6.251
6.7226
7.1491
7.5436
7.8919
8.1891
8.4274
8.5952
8.6721
8.6767
8.603
8.4745
8.269
7.9668
7.5963
7.173
6.7063
6.1785
5.5882
4.9716
4.3818
3.834
3.3177
2.8514
2.423
2.0552
1.7497
1.5228
1.3918
1.3802
1.4769
1.6501
1.8755
2.1813
2.5017
2.86
3.29
3.7896
4.3233
4.89
5.441
5.9542
6.4067
6.8147
7.1774
7.4877
7.7064
7.8378
7.8695
7.8377
7.7366
7.5294
7.2245
6.8578
6.4321
5.9279
5.3562
4.7384
4.1041
3.4781
2.8994
2.3468
1.825
1.3477
0.91133
0.5627
0.29837
0.14534
0.074794
0.095005
0.21373
0.38988
0.61973
0.90873
1.2373
1.6166
2.0564
2.5721
3.1081
3.6121
4.0997
4.5628
4.9836
5.3694
5.7037
5.9676
6.1416
6.2441
6.2818
6.2499
6.1109
5.8789
5.5887
5.2346
4.8189
4.3456
3.8108
3.2752
2.7626
2.2592
1.7859
1.3324
0.87974
0.45995
0.131
-0.11114
-0.29806
-0.38774
-0.38905
-0.31012
-0.20326
-0.044264
0.15589
0.40877
0.70334
1.037
1.4237
1.8389
2.2409
2.624
2.9772
3.3095
3.6197
3.8815
4.0398
4.1657
4.2613
4.2866
4.2389
4.126
3.926
3.6548
3.347
3.0133
2.6299
2.1778
1.7316
1.2815
0.86287
0.47102
0.1082
-0.21971
-0.52723
-0.76354
-0.94355
-1.0531
-1.0972
-1.0725
-0.96835
-0.76269
-0.53919
-0.30153
-0.059517
0.21044
0.51831
0.83827
1.1626
1.5206
1.8638
2.1464
2.4061
2.6591
2.8687
3.001
3.0634
3.0731
3.0332
2.9543
2.8314
2.6233
2.3373
1.9791
1.5681
1.1348
0.69306
0.27332
-0.14662
-0.5746
-0.96784
-1.3339
-1.6667
-1.9614
-2.1863
-2.3195
-2.3898
-2.4093
-2.3656
-2.2472
-2.0352
-1.7569
-1.4198
-1.0654
-0.71363
-0.34339
0.043541
0.44408
0.84513
1.239
1.6255
1.9709
2.2749
2.5322
2.734
2.9062
3.0273
3.0733
3.0429
2.9176
2.7153
2.4466
2.1312
1.7853
1.3825
0.90465
0.42914
-0.053773
-0.54268
-1.0118
-1.4551
-1.8814
-2.2949
-2.6573
-2.9536
-3.1821
-3.3002
-3.343
-3.3146
-3.1947
-3.0176
-2.818
-2.5548
-2.1996
-1.7979
-1.368
-0.92761
-0.4948
-0.070147
0.36134
0.77419
1.1737
1.5453
1.8701
2.1264
2.342
2.4964
2.5943
2.6279
2.6208
2.5675
2.3985
2.1681
1.9113
1.6069
1.256
0.90561
0.55205
0.14475
-0.26681
-0.64278
-1.0171
-1.3824
-1.6791
-1.9193
-2.1498
-2.3434
-2.4791
-2.5472
-2.567
-2.5311
-2.4591
-2.3289
-2.1545
-1.973
-1.7728
-1.534
-1.265
-1.0054
-0.75008
-0.45973
-0.1751
0.052654
0.25664
0.50208
0.6956
0.85638
0.98837
1.0852
1.1377
1.155
1.1551
1.1278
1.0935
1.04
0.94852
0.84403
0.73393
0.6137
0.47841
0.37274
0.30427
0.17656
0.036717
-0.072421
-0.18541
-0.30149
-0.38541
-0.4569
-0.54984
-0.63128
-0.70133
-0.7652
-0.81289
-0.85008
-0.89836
-0.94331
-0.95428
-0.99297
-1.0626
-1.1018
-1.137
-1.1704
-1.1956
-1.1911
-1.1779
-1.188
-1.1821
-1.1226
-1.0424
-0.97125
-0.88038
-0.77786
-0.66366
-0.5282
-0.39214
-0.25815
-0.12203
0.018527
0.1758
0.31092
0.44957
0.60087
0.69311
0.7668
0.88398
0.96287
0.98347
0.98888
0.98604
0.92557
0.84446
0.76676
0.65034
0.48036
0.27923
0.074647
-0.11886
-0.32852
-0.54462
-0.77036
-0.9797
-1.16
-1.3655
-1.5691
-1.7064
-1.8267
-1.9288
-1.9977
-2.0194
-2.0102
-1.9817
-1.9261
-1.8234
-1.6799
-1.5155
-1.3341
-1.1404
-0.93593
-0.7143
-0.51153
-0.31163
-0.091408
0.12457
0.31042
0.47142
0.63068
0.75659
0.81005
0.84347
0.90076
0.91814
0.85987
0.7894
0.70524
0.56725
0.38222
0.213
0.048877
-0.16002
-0.38128
-0.5767
-0.77279
-0.95106
-1.1205
-1.2731
-1.3948
-1.4999
-1.5878
-1.6564
-1.6963
-1.6949
-1.6761
-1.6446
-1.5748
-1.484
-1.3733
-1.2382
-1.1188
-0.96863
-0.82457
-0.67564
-0.54031
-0.42487
-0.31001
-0.22384
-0.16807
-0.098797
-0.041237
-0.016289
-0.028302
-0.055953
-0.080728
-0.11902
-0.17681
-0.23186
-0.279
-0.35694
-0.46287
-0.53278
-0.59611
-0.69958
-0.80457
-0.8599
-0.90973
-0.96691
-0.9958
-1.0049
-1.0064
-0.99835
-0.97646
-0.93702
-0.88793
-0.82865
-0.76538
-0.70596
-0.63997
-0.56577
-0.50831
-0.48222
-0.46624
-0.43059
-0.38153
-0.35739
-0.36679
-0.37431
-0.37949
-0.40939
-0.45127
-0.49326
-0.53373
-0.60569
-0.67888
-0.73898
-0.78588
-0.84063
-0.90385
-0.96711
-1.0094
-1.0439
-1.0679
-1.0936
-1.0944
-1.0829
-1.0846
-1.0748
-1.0245
-0.97895
-0.95001
-0.90592
-0.8408
-0.78491
-0.74652
-0.70402
-0.67146
-0.63722
-0.60269
-0.57477
-0.56216
-0.55371
-0.5558
-0.57211
-0.60358
-0.63605
-0.68016
-0.73478
-0.7823
-0.81788
-0.84242
-0.86723
-0.88422
-0.90369
-0.90944
-0.92145
-0.9308
-0.91714
-0.89281
-0.86579
-0.84542
-0.80917
-0.75586
-0.70547
-0.64833
-0.58398
-0.51653
-0.4713
-0.42326
-0.38508
-0.37894
-0.3583
-0.33536
-0.34801
-0.37447
-0.39559
-0.43344
-0.51929
-0.60294
-0.67659
-0.77135
-0.88351
-0.98029
-1.0756
-1.1825
-1.2857
-1.3684
-1.4367
-1.4983
-1.5533
-1.5957
-1.6221
-1.6316
-1.6206
-1.5849
-1.5273
-1.4462
-1.3533
-1.2441
-1.116
-0.98243
-0.85602
-0.71525
-0.55161
-0.40623
-0.26393
-0.11822
0.014755
0.11608
0.19616
0.26276
0.31424
0.34668
0.36581
0.33908
0.29922
0.23811
0.13865
0.022358
-0.083261
-0.22248
-0.40168
-0.57157
-0.71907
-0.90247
-1.0991
-1.2634
-1.4283
-1.6034
-1.7553
-1.8707
-1.9847
-2.0864
-2.1528
-2.198
-2.2206
-2.2203
-2.1839
-2.1304
-2.0549
-1.9553
-1.8387
-1.7222
-1.594
-1.4511
-1.3021
-1.1444
-0.97576
-0.82071
-0.67976
-0.52375
-0.37612
-0.25021
-0.1525
-0.062932
0.014581
0.068112
0.11344
0.14308
0.15306
0.14855
0.12999
0.10019
0.040676
-0.036732
-0.13286
-0.22327
-0.3184
-0.41394
-0.52503
-0.63458
-0.73935
-0.85868
-0.97227
-1.0802
-1.1879
-1.3017
-1.3995
-1.4693
-1.5394
-1.6007
-1.6559
-1.701
-1.7472
-1.7774
-1.7992
-1.81
-1.8059
-1.7924
-1.781
-1.7612
-1.7168
-1.6705
-1.6173
-1.5537
-1.4664
-1.3705
-1.2874
-1.2039
-1.0977
-0.97649
-0.87952
-0.77687
-0.6507
-0.53446
-0.43728
-0.33526
-0.2358
-0.15521
-0.072203
0.0029006
0.069117
0.12445
0.17712
0.20162
0.21136
0.21973
0.21259
0.16753
0.091684
0.021304
-0.048108
-0.16651
-0.29709
-0.43007
-0.55502
-0.70533
-0.85889
-0.99328
-1.138
-1.297
-1.4522
-1.5761
-1.6933
-1.8187
-1.9271
-2.0032
-2.0721
-2.1361
-2.1703
-2.179
-2.1782
-2.1599
-2.1069
-2.0359
-1.9409
-1.8222
-1.701
-1.5683
-1.3995
-1.2358
-1.0693
-0.91159
-0.7469
-0.58507
-0.43961
-0.29238
-0.14736
-0.01809
0.091694
0.20309
0.29309
0.34755
0.37877
0.40125
0.39975
0.39349
0.37797
0.32029
0.24033
0.15491
0.061199
-0.057015
-0.18064
-0.33244
-0.49439
-0.63805
-0.77245
-0.90486
-1.0642
-1.2021
-1.3258
-1.4562
-1.5728
-1.6631
-1.7529
-1.8381
-1.8916
-1.923
-1.9494
-1.9655
-1.9646
-1.9499
-1.9156
-1.8624
-1.7862
-1.7135
-1.6454
-1.5405
-1.4198
-1.3009
-1.1923
-1.0643
-0.93713
-0.82028
-0.69717
-0.5607
-0.44667
-0.35213
-0.25059
-0.14721
-0.065259
0.0048766
0.080367
0.13961
0.17286
0.20646
0.2333
0.22309
0.18183
0.15322
0.11892
0.057281
-0.0072292
-0.067947
-0.15444
-0.25823
-0.33998
-0.42289
-0.52297
-0.6432
-0.75495
-0.83918
-0.92604
-1.0106
-1.1124
-1.1786
-1.2414
-1.318
-1.3804
-1.4187
-1.4585
-1.4945
-1.5023
-1.4992
-1.4837
-1.4584
-1.4153
-1.3729
-1.3141
-1.2417
-1.1697
-1.0997
-1.0166
-0.92124
-0.83694
-0.7618
-0.66744
-0.56741
-0.48394
-0.39631
-0.29824
-0.20818
-0.12649
-0.063967
-0.0092536
0.041331
0.087056
0.11632
0.14106
0.15363
0.15828
0.14853
0.11894
0.076477
0.029199
-0.03078
-0.088253
-0.14743
-0.21293
-0.27442
-0.34408
-0.42479
-0.50124
-0.57182
-0.65444
-0.73289
-0.81629
-0.89131
-0.94411
-1.0021
-1.0717
-1.1198
-1.15
-1.1828
-1.2181
-1.2358
-1.2196
-1.1975
-1.1919
-1.1726
-1.1278
-1.0934
-1.056
-1.0056
-0.93791
-0.87552
-0.82691
-0.7662
-0.70474
-0.6461
-0.58276
-0.51802
-0.4572
-0.38778
-0.31528
-0.25504
-0.21443
-0.17792
-0.13422
-0.088037
-0.073743
-0.056568
-0.04132
-0.048591
-0.068367
-0.073546
-0.087569
-0.12845
-0.17169
-0.2027
-0.24101
-0.28828
-0.33415
-0.37209
-0.42345
-0.4784
-0.51228
-0.54505
-0.58986
-0.63211
-0.66153
-0.69278
-0.72936
-0.77203
-0.8074
-0.8304
-0.84802
-0.87107
-0.85674
-0.83592
-0.82749
-0.83322
-0.82418
-0.79053
-0.75821
-0.74356
-0.70208
-0.66485
-0.64686
-0.62542
-0.58407
-0.55085
-0.52736
-0.50109
-0.46686
-0.43456
-0.41005
-0.37539
-0.36693
-0.36998
-0.35393
-0.32766
-0.31487
-0.3156
-0.31389
-0.31156
-0.32758
-0.34662
-0.36824
-0.39255
-0.43175
-0.45595
-0.4651
-0.48134
-0.50593
-0.53561
-0.56743
-0.59578
-0.61955
-0.64223
-0.64984
-0.6654
-0.68218
-0.6779
-0.67032
-0.67577
-0.6797
-0.67495
-0.67305
-0.66839
-0.65613
-0.63539
-0.60712
-0.58766
-0.57691
-0.55015
-0.52788
-0.50284
-0.48489
-0.47183
-0.45786
-0.43538
-0.4183
-0.4092
-0.40516
-0.39805
-0.3974
-0.39512
-0.38023
-0.3789
-0.38248
-0.39397
-0.41035
-0.4259
-0.4296
-0.43368
-0.44771
-0.46736
-0.48707
-0.50362
-0.51503
-0.53327
