-0.054784,-0.44453
-0.10136,-0.91346
-0.13925,-1.36
-0.17362,-1.772
-0.21196,-2.1391
-0.25075,-2.4502
-0.28704,-2.6834
-0.3259,-2.8244
-0.3557,-2.8821
-0.36734,-2.8725
-0.36178,-2.8093
-0.35461,-2.6811
-0.35361,-2.5169
-0.35303,-2.3035
-0.34143,-2.021
-0.3274,-1.6743
-0.30669,-1.3073
-0.28117,-0.93902
-0.24513,-0.59916
-0.1997,-0.31528
-0.14804,-0.075849
-0.097399,0.11038
-0.046447,0.25631
0.0088959,0.36133
0.066717,0.38384
0.11844,0.3112
0.16862,0.14577
0.22198,-0.10276
0.27851,-0.41874
0.33335,-0.78943
0.38426,-1.207
0.42893,-1.6634
0.46328,-2.136
0.49376,-2.576
0.52301,-2.9782
0.54967,-3.3244
0.57199,-3.614
0.58517,-3.823
0.58929,-3.9627
0.5801,-4.0287
0.55926,-4.0182
0.5354,-3.9331
0.51139,-3.7911
0.48574,-3.6069
0.45582,-3.3603
0.41998,-3.052
0.37711,-2.6976
0.32609,-2.3352
0.27001,-1.9736
0.21246,-1.6453
0.15424,-1.3728
0.096654,-1.1439
0.036897,-0.96478
-0.021317,-0.82367
-0.078828,-0.73722
-0.13396,-0.73434
-0.19146,-0.81425
-0.25064,-0.99932
-0.30723,-1.2725
-0.3597,-1.6028
-0.40646,-1.9864
-0.44666,-2.4167
-0.48172,-2.8877
-0.51744,-3.3576
-0.55542,-3.792
-0.59425,-4.1893
-0.63074,-4.5314
-0.66574,-4.8125
-0.69809,-5.0104
-0.72619,-5.1312
-0.74059,-5.173
-0.74116,-5.1412
-0.73033,-5.0342
-0.7172,-4.8844
-0.71249,-4.6914
-0.70611,-4.4308
-0.6937,-4.1142
-0.67827,-3.752
-0.66572,-3.3893
-0.63962,-3.0278
-0.59105,-2.7132
-0.5268,-2.4468
-0.47073,-2.2202
-0.42076,-2.0482
-0.37285,-1.914
-0.31747,-1.8376
-0.26486,-1.8564
-0.21811,-1.9687
-0.17117,-2.1717
-0.1183,-2.4479
-0.064319,-2.7779
-0.012182,-3.1562
0.043384,-3.581
0.097842,-4.0473
0.14465,-4.5013
0.18289,-4.9176
0.20736,-5.2925
0.21978,-5.6142
0.22913,-5.863
0.23378,-6.0384
0.23423,-6.1512
0.2383,-6.1848
0.23392,-6.1316
0.21033,-6.0062
0.18054,-5.8393
0.15003,-5.6278
0.10761,-5.3481
0.05906,-5.0175
0.0029747,-4.649
-0.062215,-4.2821
-0.13161,-3.927
-0.20445,-3.6144
-0.28241,-3.3442
-0.35617,-3.1226
-0.42044,-2.9457
-0.48581,-2.8125
-0.55467,-2.7526
-0.62198,-2.7915
-0.68459,-2.9326
-0.74622,-3.1656
-0.80929,-3.4602
-0.86853,-3.8087
-0.91786,-4.2018
-0.95617,-4.6392
-0.98489,-5.1074
-1.0111,-5.5532
-1.0326,-5.9697
-1.053,-6.337
-1.0813,-6.6492
-1.1026,-6.8961
-1.1139,-7.0622
-1.1058,-7.1511
-1.086,-7.1627
-1.0585,-7.0958
-1.033,-6.9677
-1.0161,-6.7927
-1.0086,-6.5731
-0.99999,-6.2889
-0.97951,-5.9532
-0.94895,-5.5823
-0.90174,-5.2151
-0.8461,-4.8568
-0.79461,-4.5533
-0.75847,-4.2917
-0.72791,-4.0715
-0.68957,-3.8981
-0.64414,-3.7655
-0.60202,-3.7102
-0.5645,-3.7541
-0.52773,-3.9005
-0.489,-4.1386
-0.45075,-4.4484
-0.40926,-4.8123
-0.36142,-5.2183
-0.3143,-5.6675
-0.27824,-6.1353
-0.26022,-6.5776
-0.25219,-6.9843
-0.24715,-7.3429
-0.23844,-7.643
-0.22944,-7.8867
-0.21716,-8.0481
-0.20882,-8.1195
-0.21097,-8.1177
-0.23048,-8.0421
-0.25613,-7.9116
-0.28596,-7.7435
-0.32348,-7.5274
-0.36506,-7.2474
-0.4143,-6.9109
-0.46228,-6.5473
-0.52103,-6.185
-0.589,-5.8404
-0.65801,-5.5515
-0.72331,-5.3112
-0.79022,-5.1169
-0.85751,-4.9619
-0.92365,-4.8494
-0.98803,-4.8202
-1.0549,-4.8896
-1.127,-5.0591
-1.2008,-5.3156
-1.2715,-5.6369
-1.3307,-6.0097
-1.3811,-6.4234
-1.4207,-6.8785
-1.4514,-7.3403
-1.482,-7.7757
-1.5139,-8.1769
-1.5543,-8.529
-1.5887,-8.8132
-1.6044,-9.0242
-1.6031,-9.1591
-1.5898,-9.2117
-1.5695,-9.1865
-1.5501,-9.0899
-1.536,-8.9501
-1.5289,-8.7698
-1.5111,-8.5303
-1.4814,-8.231
-1.4381,-7.8854
-1.3792,-7.5231
-1.3168,-7.1605
-1.2532,-6.8261
-1.2046,-6.5516
-1.1607,-6.3275
-1.1151,-6.1477
-1.0635,-6.0057
-1.0116,-5.9193
-0.96519,-5.9179
-0.92283,-6.0116
-0.87885,-6.2011
-0.83306,-6.4755
-0.78109,-6.81
-0.73879,-7.1943
-0.6948,-7.6154
-0.65821,-8.0749
-0.64199,-8.5317
-0.64195,-8.9552
-0.6469,-9.3416
-0.65136,-9.6783
-0.6587,-9.9505
-0.66316,-10.14
-0.66731,-10.254
-0.68359,-10.285
-0.71494,-10.236
-0.75245,-10.12
-0.78913,-9.9668
-0.82552,-9.7685
-0.86601,-9.5046
-0.91565,-9.1868
-0.97349,-8.8331
-1.0406,-8.4703
-1.1115,-8.1078
-1.1816,-7.7929
-1.2459,-7.5262
-1.304,-7.305
-1.3576,-7.1289
-1.413,-6.9925
-1.4718,-6.933
-1.5319,-6.9631
-1.5945,-7.0825
-1.6573,-7.2869
-1.7154,-7.5726
-1.7661,-7.9217
-1.8106,-8.3166
-1.8498,-8.7519
-1.885,-9.2278
-1.9161,-9.6783
-1.9483,-10.094
-1.98,-10.46
-2.0057,-10.777
-2.0164,-11.019
-2.0133,-11.186
-2.0024,-11.277
-1.9855,-11.29
-1.9697,-11.222
-1.9613,-11.092
-1.9584,-10.924
-1.9417,-10.701
-1.9156,-10.418
-1.8772,-10.085
-1.8289,-9.7245
-1.7708,-9.3643
-1.7145,-9.0159
-1.6658,-8.7197
-1.6219,-8.4639
-1.5716,-8.2518
-1.5144,-8.0853
-1.4559,-7.9591
-1.4081,-7.9166
-1.3675,-7.9716
-1.3253,-8.1303
-1.2795,-8.382
-1.2314,-8.6946
-1.1816,-9.0526
-1.1273,-9.4602
-1.0863,-9.9123
-1.0732,-10.381
-1.0775,-10.827
-1.0814,-11.242
-1.0821,-11.607
-1.0861,-11.92
-1.0926,-12.151
-1.0985,-12.3
-1.1144,-12.368
-1.1466,-12.359
-1.1863,-12.271
-1.2281,-12.133
-1.2735,-11.959
-1.3239,-11.728
-1.3697,-11.433
-1.4194,-11.087
-1.4789,-10.724
-1.544,-10.365
-1.6091,-10.032
-1.6758,-9.747
-1.7432,-9.5069
-1.8063,-9.311
-1.8631,-9.1555
-1.9152,-9.0457
-1.9713,-9.0207
-2.0331,-9.0964
-2.0951,-9.2738
-2.153,-9.5366
-2.209,-9.8615
-2.2561,-10.239
-2.2964,-10.659
-2.3317,-11.121
-2.3633,-11.577
-2.3967,-12.007
-2.4242,-12.4
-2.452,-12.742
-2.4701,-13.031
-2.4711,-13.247
-2.4609,-13.387
-2.442,-13.44
-2.4221,-13.406
-2.407,-13.301
-2.3948,-13.152
-2.3731,-12.962
-2.3441,-12.714
-2.3041,-12.407
-2.253,-12.062
-2.1929,-11.699
-2.1346,-11.335
-2.0782,-11.017
-2.0242,-10.744
-1.9689,-10.517
-1.9107,-10.335
-1.8512,-10.191
-1.8002,-10.11
-1.7489,-10.118
-1.6985,-10.222
-1.6516,-10.42
-1.6051,-10.703
-1.5545,-11.046
-1.5029,-11.434
-1.4619,-11.86
-1.4434,-12.321
-1.4415,-12.779
-1.4462,-13.21
-1.4579,-13.591
-1.4725,-13.918
-1.4844,-14.197
-1.494,-14.394
-1.5123,-14.506
-1.5434,-14.534
-1.582,-14.489
-1.6293,-14.372
-1.6855,-14.213
-1.7468,-14.012
-1.8004,-13.752
-1.8545,-13.438
-1.9153,-13.08
-1.9804,-12.718
-2.0434,-12.358
-2.1074,-12.046
-2.1723,-11.789
-2.2308,-11.586
-2.2784,-11.429
-2.3268,-11.305
-2.3789,-11.24
-2.4307,-11.255
-2.4839,-11.371
-2.5331,-11.586
-2.5793,-11.885
-2.6211,-12.234
-2.6574,-12.632
-2.6876,-13.073
-2.7119,-13.541
-2.738,-13.986
-2.7619,-14.395
-2.7885,-14.767
-2.8025,-15.08
-2.8065,-15.324
-2.8031,-15.486
-2.7866,-15.566
-2.7618,-15.57
-2.7447,-15.503
-2.7301,-15.37
-2.7146,-15.206
-2.6898,-14.993
-2.6561,-14.72
-2.6138,-14.392
-2.5598,-14.028
-2.5026,-13.666
-2.4454,-13.323
-2.3871,-13.029
-2.3293,-12.789
-2.2708,-12.6
-2.2155,-12.45
-2.1648,-12.341
-2.1132,-12.314
-2.0634,-12.373
-2.0155,-12.523
-1.9736,-12.765
-1.9368,-13.081
-1.9031,-13.445
-1.8755,-13.849
-1.8582,-14.294
-1.8481,-14.758
-1.8383,-15.189
-1.8361,-15.586
-1.8453,-15.935
-1.8637,-16.224
-1.8893,-16.433
-1.924,-16.57
-1.9654,-16.631
-2.0082,-16.604
-2.051,-16.504
-2.0979,-16.361
-2.1538,-16.173
-2.2157,-15.927
-2.2821,-15.625
-2.3537,-15.288
-2.4261,-14.93
-2.4889,-14.568
-2.5447,-14.249
-2.5993,-13.974
-2.6638,-13.745
-2.7331,-13.571
-2.8002,-13.431
-2.8643,-13.34
-2.9247,-13.332
-2.9764,-13.418
-3.0145,-13.615
-3.0413,-13.892
-3.0683,-14.223
-3.1025,-14.61
-3.1384,-15.039
-3.1739,-15.499
-3.2041,-15.952
-3.2248,-16.371
-3.2292,-16.756
-3.2217,-17.089
-3.2173,-17.36
-3.2094,-17.547
-3.1959,-17.657
-3.1789,-17.688
-3.1594,-17.645
-3.1364,-17.53
-3.1113,-17.371
-3.0751,-17.169
-3.0313,-16.898
-2.9834,-16.575
-2.9354,-16.211
-2.8861,-15.851
-2.8292,-15.497
-2.7771,-15.188
-2.7272,-14.928
-2.675,-14.716
-2.6236,-14.538
-2.5749,-14.413
-2.5252,-14.349
-2.4788,-14.382
-2.4433,-14.516
-2.4136,-14.741
-2.3779,-15.045
-2.3461,-15.401
-2.3243,-15.803
-2.3093,-16.248
-2.2957,-16.722
-2.2921,-17.162
-2.3045,-17.571
-2.3239,-17.936
-2.3454,-18.256
-2.3736,-18.507
-2.4093,-18.682
-2.4445,-18.783
-2.4806,-18.795
-2.5211,-18.718
-2.5704,-18.582
-2.63,-18.405
-2.6991,-18.18
-2.7676,-17.897
-2.8262,-17.564
-2.8891,-17.198
-2.9513,-16.838
-3.0105,-16.499
-3.0673,-16.21
-3.1301,-15.966
-3.1954,-15.767
-3.2569,-15.613
-3.3122,-15.502
-3.3684,-15.47
-3.4214,-15.53
-3.4679,-15.688
-3.5102,-15.938
-3.5505,-16.256
-3.5854,-16.622
-3.6178,-17.034
-3.6535,-17.49
-3.6834,-17.955
-3.6988,-18.395
-3.7086,-18.793
-3.714,-19.138
-3.7171,-19.43
-3.7243,-19.651
-3.7222,-19.798
-3.6537,-19.419
-3.5829,-18.938
-3.5193,-18.398
-3.4549,-17.845
-3.3751,-17.293
-3.2875,-16.743
-3.2045,-16.215
-3.121,-15.731
-3.0378,-15.307
-2.967,-14.957
-2.9175,-14.704
-2.8758,-14.566
-2.8274,-14.512
-2.7733,-14.553
-2.723,-14.699
-2.6777,-14.965
-2.6478,-15.333
-2.6328,-15.793
-2.6336,-16.32
-2.6481,-16.875
-2.6762,-17.447
-2.708,-18.017
-2.7419,-18.589
-2.7873,-19.159
-2.8477,-19.647
-2.9116,-20.003
-2.9831,-20.223
-3.0644,-20.31
-3.1528,-20.258
-3.2439,-20.07
-3.3355,-19.762
-3.4329,-19.339
-3.5242,-18.823
-3.611,-18.264
-3.7045,-17.705
-3.8027,-17.157
-3.8918,-16.603
-3.9694,-16.078
-4.0376,-15.578
-4.0904,-15.145
-4.132,-14.793
-4.1724,-14.567
-4.2145,-14.443
-4.2548,-14.412
-4.2877,-14.486
-4.3076,-14.663
-4.311,-14.952
-4.2975,-15.337
-4.2746,-15.819
-4.2535,-16.361
-4.2342,-16.921
-4.2114,-17.489
-4.1827,-18.054
-4.154,-18.622
-4.1187,-19.174
-4.0675,-19.616
-4.006,-19.942
-3.9439,-20.118
-3.8826,-20.154
-3.8256,-20.056
-3.7715,-19.829
-3.7205,-19.481
-3.6646,-19.011
-3.601,-18.461
-3.5279,-17.888
-3.4436,-17.316
-3.3554,-16.745
-3.2719,-16.175
-3.1933,-15.641
-3.1132,-15.151
-3.0453,-14.743
-2.9952,-14.429
-2.9548,-14.239
-2.9092,-14.136
-2.8561,-14.122
-2.8091,-14.223
-2.7725,-14.432
-2.7417,-14.767
-2.7157,-15.189
-2.7049,-15.708
-2.7166,-16.27
-2.7492,-16.853
-2.7867,-17.447
-2.8244,-18.033
-2.867,-18.617
-2.9277,-19.139
-2.9948,-19.543
-3.059,-19.815
-3.1283,-19.944
-3.2125,-19.958
-3.3045,-19.843
-3.3985,-19.595
-3.5012,-19.219
-3.6098,-18.723
-3.7137,-18.163
-3.8131,-17.599
-3.908,-17.034
-3.9898,-16.462
-4.0637,-15.903
-4.1299,-15.374
-4.1927,-14.893
-4.2629,-14.494
-4.3283,-14.221
-4.3743,-14.066
-4.4113,-13.999
-4.4387,-14.019
-4.445,-14.146
-4.4386,-14.398
-4.4228,-14.778
-4.396,-15.249
-4.3667,-15.805
-4.3357,-16.407
-4.2962,-17.033
-4.2552,-17.658
-4.207,-18.282
-4.1446,-18.891
-4.0656,-19.395
-3.9836,-19.768
-3.9049,-20.002
-3.8328,-20.091
-3.7593,-20.065
-3.6822,-19.911
-3.6103,-19.64
-3.5398,-19.24
-3.4658,-18.721
-3.386,-18.149
-3.3137,-17.57
-3.2449,-16.994
-3.1734,-16.415
-3.1017,-15.852
-3.0409,-15.327
-3.0038,-14.876
-2.9772,-14.509
-2.9558,-14.271
-2.9314,-14.145
-2.8964,-14.116
-2.8517,-14.176
-2.8132,-14.336
-2.7947,-14.615
-2.7926,-15.014
-2.8115,-15.507
-2.847,-16.083
-2.8825,-16.681
-2.9061,-17.299
-2.9249,-17.924
-2.9543,-18.54
-2.9959,-19.128
-3.0403,-19.612
-3.0885,-19.962
-3.1459,-20.167
-3.212,-20.22
-3.2876,-20.132
-3.3738,-19.916
-3.4694,-19.577
-3.5686,-19.119
-3.6608,-18.571
-3.7386,-17.991
-3.8076,-17.411
-3.875,-16.832
-3.9472,-16.252
-4.0217,-15.679
-4.1004,-15.153
-4.1772,-14.717
-4.247,-14.392
-4.2999,-14.196
-4.3429,-14.101
-4.3741,-14.091
-4.3883,-14.168
-4.3919,-14.36
-4.3805,-14.69
-4.3701,-15.14
-4.3483,-15.675
-4.3178,-16.277
-4.2844,-16.897
-4.2512,-17.515
-4.2062,-18.13
-4.1433,-18.732
-4.0733,-19.291
-3.9963,-19.744
-3.9043,-20.055
-3.8058,-20.22
-3.7093,-20.239
-3.6234,-20.1
-3.5463,-19.815
-3.4722,-19.411
-3.3992,-18.902
-3.3212,-18.328
-3.2309,-17.743
-3.1414,-17.155
-3.0471,-16.554
-2.9619,-15.96
-2.8945,-15.397
-2.8463,-14.899
-2.8163,-14.485
-2.7978,-14.201
-2.7757,-14.037
-2.7428,-13.966
-2.701,-13.985
-2.6666,-14.104
-2.6484,-14.351
-2.6486,-14.727
-2.6774,-15.217
-2.7287,-15.807
-2.792,-16.45
-2.8376,-17.086
-2.8752,-17.714
-2.9184,-18.336
-2.9696,-18.936
-3.0266,-19.46
-3.0885,-19.871
-3.158,-20.149
-3.2341,-20.278
-3.3137,-20.251
-3.4021,-20.067
-3.4862,-19.745
-3.5768,-19.309
-3.6622,-18.77
-3.7408,-18.181
-3.805,-17.59
-3.8591,-16.982
-3.9127,-16.361
-3.9662,-15.746
-4.0209,-15.19
-4.0747,-14.713
-4.1201,-14.339
-4.1529,-14.095
-4.1742,-13.966
-4.196,-13.926
-4.2182,-13.976
-4.23,-14.143
-4.2275,-14.447
-4.2142,-14.87
-4.1851,-15.39
-4.1473,-15.995
-4.1074,-16.633
-4.0749,-17.281
-4.0399,-17.926
-4.0007,-18.565
-3.9497,-19.162
-3.8858,-19.647
-3.8058,-19.999
-3.7164,-20.215
-3.6354,-20.3
-3.5691,-20.224
-3.5063,-20.016
-3.4374,-19.687
-3.3612,-19.232
-3.273,-18.649
-3.1749,-18.049
-3.0801,-17.447
-2.9928,-16.831
-2.9129,-16.212
-2.8457,-15.622
-2.7934,-15.094
-2.75,-14.642
-2.7163,-14.317
-2.6797,-14.12
-2.634,-14.031
-2.5844,-14.023
-2.5497,-14.112
-2.5248,-14.326
-2.5191,-14.673
-2.5405,-15.141
-2.5924,-15.7
-2.6547,-16.326
-2.7063,-16.96
-2.751,-17.606
-2.804,-18.254
-2.8671,-18.88
-2.9381,-19.446
-3.0166,-19.899
-3.1049,-20.218
-3.2003,-20.373
-3.2981,-20.37
-3.3984,-20.223
-3.5027,-19.946
-3.609,-19.547
-3.7036,-19.035
-3.7782,-18.442
-3.8394,-17.834
-3.8981,-17.217
-3.9592,-16.584
-4.0198,-15.95
-4.0797,-15.363
-4.1344,-14.854
-4.175,-14.443
-4.1974,-14.155
-4.2106,-14
-4.2194,-13.941
-4.219,-13.968
-4.209,-14.1
-4.2014,-14.379
-4.1871,-14.791
-4.159,-15.311
-4.1254,-15.905
-4.0926,-16.549
-4.0601,-17.203
-4.0087,-17.858
-3.9509,-18.508
-3.89,-19.128
-3.8221,-19.671
-3.7451,-20.096
-3.6639,-20.366
-3.5913,-20.484
-3.5244,-20.438
-3.4529,-20.253
-3.3784,-19.934
-3.2985,-19.49
-3.2122,-18.926
-3.1246,-18.329
-3.0362,-17.718
-2.9545,-17.088
-2.8735,-16.452
-2.803,-15.823
-2.7503,-15.243
-2.7124,-14.742
-2.6865,-14.371
-2.6588,-14.134
-2.6271,-14.02
-2.5918,-13.995
-2.5657,-14.049
-2.5444,-14.223
-2.5425,-14.535
-2.5653,-14.977
-2.6125,-15.535
-2.6661,-16.179
-2.7232,-16.839
-2.7843,-17.504
-2.8488,-18.167
-2.9165,-18.806
-2.99,-19.392
-3.0647,-19.883
-3.1488,-20.249
-3.2401,-20.475
-3.331,-20.539
-3.4281,-20.449
-3.5349,-20.212
-3.6411,-19.833
-3.7406,-19.344
-3.8236,-18.758
-3.8912,-18.141
-3.951,-17.51
-4.0048,-16.876
-4.0586,-16.242
-4.1147,-15.614
-4.1675,-15.055
-4.21,-14.594
-4.2412,-14.264
-4.2654,-14.059
-4.2747,-13.978
-4.2697,-13.994
-4.2531,-14.095
-4.2421,-14.327
-4.227,-14.693
-4.1996,-15.189
-4.1658,-15.774
-4.1277,-16.443
-4.0795,-17.122
-4.0212,-17.787
-3.9634,-18.429
-3.9032,-19.04
-3.8321,-19.597
-3.7533,-20.058
-3.6795,-20.391
-3.6051,-20.574
-3.5294,-20.583
-3.4482,-20.419
-3.3614,-20.12
-3.2692,-19.703
-3.174,-19.173
-3.0877,-18.566
-3.0038,-17.946
-2.9253,-17.308
-2.8448,-16.645
-2.7751,-15.992
-2.7158,-15.383
-2.6659,-14.862
-2.63,-14.464
-2.6073,-14.185
-2.5852,-14.028
-2.568,-13.989
-2.5572,-14.023
-2.5566,-14.177
-2.5663,-14.472
-2.5915,-14.905
-2.6358,-15.461
-2.6884,-16.094
-2.7503,-16.775
-2.8264,-17.454
-2.9129,-18.124
-3.0017,-18.777
-3.0906,-19.382
-3.1819,-19.909
-3.2744,-20.313
-3.3647,-20.581
-3.4559,-20.691
-3.5495,-20.621
-3.6406,-20.4
-3.7316,-20.06
-3.8165,-19.603
-3.8911,-19.035
-3.9466,-18.408
-4.0023,-17.775
-4.0568,-17.113
-4.1054,-16.445
-4.1417,-15.797
-4.1647,-15.225
-4.1781,-14.733
-4.1791,-14.365
-4.1725,-14.136
-4.1629,-14.033
-4.1472,-14.026
-4.1214,-14.106
-4.0971,-14.328
-4.0697,-14.688
-4.032,-15.169
-3.9922,-15.76
-3.9534,-16.435
-3.9111,-17.121
-3.8663,-17.808
-3.8043,-18.489
-3.7382,-19.126
-3.6702,-19.699
-3.5957,-20.19
-3.5188,-20.557
-3.4484,-20.774
-3.3917,-20.805
-3.3411,-20.675
-3.2792,-20.404
-3.2023,-19.999
-3.1178,-19.481
-3.0238,-18.882
-2.929,-18.251
-2.8431,-17.599
-2.7813,-16.92
-2.7315,-16.245
-2.6761,-15.61
-2.6172,-15.059
-2.558,-14.621
-2.51,-14.318
-2.4753,-14.13
-2.4548,-14.06
-2.4417,-14.081
-2.4429,-14.208
-2.4538,-14.494
-2.4729,-14.921
-2.4974,-15.473
-2.5328,-16.097
-2.5918,-16.783
-2.6593,-17.477
-2.7341,-18.165
-2.8182,-18.842
-2.9058,-19.481
-2.9952,-20.034
-3.0917,-20.482
-3.1907,-20.784
-3.2861,-20.928
-3.3822,-20.891
-3.4885,-20.698
-3.5914,-20.381
-3.6813,-19.941
-3.7623,-19.379
-3.8363,-18.75
-3.9011,-18.118
-3.9551,-17.455
-4.0035,-16.784
-4.0448,-16.111
-4.076,-15.496
-4.0964,-14.971
-4.1093,-14.576
-4.1082,-14.318
-4.0981,-14.205
-4.0795,-14.193
-4.051,-14.255
-4.0095,-14.428
-3.9674,-14.743
-3.9331,-15.211
-3.8911,-15.808
-3.8353,-16.476
-3.7679,-17.171
-3.701,-17.86
-3.6292,-18.536
-3.5542,-19.181
-3.481,-19.763
-3.4097,-20.273
-3.3335,-20.661
-3.2546,-20.896
-3.1751,-20.955
-3.0915,-20.844
-3.0061,-20.584
-2.9256,-20.202
-2.8481,-19.702
-2.7629,-19.104
-2.68,-18.468
-2.6169,-17.803
-2.5634,-17.118
-2.5113,-16.441
-2.4589,-15.778
-2.402,-15.188
-2.3576,-14.71
-2.3268,-14.366
-2.3147,-14.153
-2.3121,-14.071
-2.3142,-14.068
-2.3281,-14.169
-2.3524,-14.408
-2.3783,-14.785
-2.4048,-15.307
-2.4545,-15.933
-2.5244,-16.621
-2.6011,-17.309
-2.6739,-17.992
-2.7474,-18.658
-2.829,-19.275
-2.9184,-19.821
-3.0095,-20.274
-3.1032,-20.601
-3.1968,-20.771
-3.291,-20.752
-3.3825,-20.568
-3.4659,-20.25
-3.545,-19.816
-3.6199,-19.275
-3.6913,-18.657
-3.7547,-18
-3.8116,-17.317
-3.8575,-16.62
-3.8922,-15.927
-3.9201,-15.295
-3.9389,-14.762
-3.9485,-14.34
-3.9435,-14.045
-3.9336,-13.878
-3.9219,-13.832
-3.9025,-13.873
-3.869,-14.033
-3.8341,-14.345
-3.8006,-14.806
-3.7557,-15.403
-3.699,-16.08
-3.6307,-16.802
-3.5572,-17.51
-3.4878,-18.204
-3.4165,-18.864
-3.3414,-19.463
-3.2643,-19.988
-3.188,-20.408
-3.1158,-20.681
-3.0419,-20.782
-2.9563,-20.696
-2.8594,-20.451
-2.7718,-20.086
-2.6902,-19.612
-2.6046,-19.048
-2.5245,-18.41
-2.4688,-17.744
-2.4187,-17.046
-2.3609,-16.341
-2.2998,-15.665
-2.2433,-15.071
-2.1994,-14.584
-2.1671,-14.221
-2.1552,-13.99
-2.1572,-13.89
-2.1631,-13.883
-2.1779,-13.981
-2.207,-14.218
-2.2421,-14.614
-2.2856,-15.152
-2.3484,-15.807
-2.4257,-16.527
-2.5038,-17.271
-2.5866,-18.001
-2.6812,-18.711
-2.7785,-19.367
-2.8766,-19.942
-2.9743,-20.43
-3.0791,-20.795
-3.1813,-21.012
-3.2849,-21.03
-3.3882,-20.877
-3.4844,-20.585
-3.5664,-20.174
-3.6391,-19.65
-3.7057,-19.049
-3.7657,-18.412
-3.8146,-17.734
-3.8554,-17.034
-3.8859,-16.339
-3.9026,-15.688
-3.9099,-15.119
-3.9066,-14.684
-3.8977,-14.383
-3.881,-14.209
-3.8579,-14.155
-3.8297,-14.18
-3.787,-14.323
-3.7456,-14.611
-3.7021,-15.059
-3.6422,-15.646
-3.5695,-16.326
-3.4906,-17.059
-3.4165,-17.788
-3.3479,-18.505
-3.2767,-19.194
-3.2104,-19.815
-3.1461,-20.364
-3.0863,-20.795
-3.0158,-21.085
-2.9357,-21.211
-2.8507,-21.159
-2.7623,-20.942
-2.6777,-20.584
-2.5979,-20.101
-2.5398,-19.519
-2.4983,-18.865
-2.4638,-18.193
-2.4266,-17.497
-2.3871,-16.79
-2.3365,-16.103
-2.2895,-15.472
-2.2591,-14.956
-2.246,-14.562
-2.2446,-14.304
-2.2544,-14.179
-2.2701,-14.163
-2.283,-14.249
-2.3,-14.457
-2.3218,-14.812
-2.3644,-15.313
-2.421,-15.948
-2.4846,-16.645
-2.552,-17.385
-2.6269,-18.117
-2.7058,-18.831
-2.7917,-19.468
-2.8851,-20.03
-2.9799,-20.526
-3.0741,-20.904
-3.1719,-21.138
-3.2731,-21.201
-3.3634,-21.098
-3.4494,-20.833
-3.5371,-20.425
-3.6285,-19.898
-3.7152,-19.295
-3.7933,-18.639
-3.8635,-17.951
-3.9204,-17.246
-3.9604,-16.544
-3.9876,-15.891
-4.0021,-15.318
-4.0046,-14.872
-3.9978,-14.556
-3.9833,-14.366
-3.9633,-14.288
-3.9343,-14.311
-3.8996,-14.45
-3.8515,-14.719
-3.7954,-15.138
-3.7184,-15.698
-3.6307,-16.375
-3.5353,-17.106
-3.441,-17.841
-3.3475,-18.562
-3.261,-19.256
-3.1808,-19.872
-3.1021,-20.405
-3.0205,-20.837
-2.9341,-21.141
-2.8399,-21.285
-2.7491,-21.271
-2.6654,-21.093
-2.5827,-20.754
-2.5033,-20.284
-2.4371,-19.719
-2.3931,-19.089
-2.3523,-18.406
-2.3181,-17.692
-2.2964,-16.978
-2.277,-16.279
-2.2579,-15.64
-2.2411,-15.132
-2.2355,-14.773
-2.238,-14.534
-2.2516,-14.4
-2.2817,-14.364
-2.3249,-14.418
-2.3685,-14.599
-2.4146,-14.939
-2.4669,-15.441
-2.5255,-16.076
-2.5883,-16.784
-2.6503,-17.529
-2.7086,-18.265
-2.7771,-18.985
-2.8546,-19.644
-2.9307,-20.227
-3.0233,-20.726
-3.1198,-21.104
-3.2153,-21.344
-3.2976,-21.406
-3.3626,-21.287
-3.4208,-21.017
-3.4816,-20.632
-3.5431,-20.118
-3.6057,-19.516
-3.6702,-18.858
-3.7286,-18.168
-3.7792,-17.447
-3.8151,-16.717
-3.8399,-16.04
-3.8601,-15.446
-3.8787,-14.994
-3.8859,-14.681
-3.8847,-14.497
-3.8829,-14.421
-3.8621,-14.434
-3.8251,-14.545
-3.7861,-14.797
-3.7405,-15.212
-3.6823,-15.777
-3.626,-16.447
-3.5663,-17.17
-3.4977,-17.914
-3.4144,-18.643
-3.3311,-19.335
-3.2444,-19.958
-3.1566,-20.495
-3.0667,-20.936
-2.9656,-21.241
-2.85,-21.395
-2.748,-21.384
-2.6619,-21.206
-2.5817,-20.877
-2.4864,-20.414
-2.4028,-19.859
-2.3379,-19.228
-2.2765,-18.55
-2.2161,-17.849
-2.1733,-17.141
-2.1457,-16.448
-2.1173,-15.799
-2.0796,-15.262
-2.0474,-14.852
-2.0361,-14.575
-2.0539,-14.43
-2.1004,-14.403
-2.1679,-14.474
-2.2416,-14.66
-2.3051,-14.992
-2.3644,-15.475
-2.4323,-16.093
-2.5091,-16.793
-2.5949,-17.535
-2.6824,-18.267
-2.7845,-18.968
-2.888,-19.624
-2.996,-20.212
-3.1045,-20.72
-3.215,-21.118
-3.328,-21.359
-3.4236,-21.415
-3.4935,-21.296
-3.5449,-21.029
-3.5991,-20.643
-3.6555,-20.144
-3.708,-19.555
-3.7584,-18.908
-3.8003,-18.215
-3.8239,-17.49
-3.8312,-16.761
-3.8249,-16.087
-3.8138,-15.493
-3.7955,-15.036
-3.7723,-14.713
-3.7489,-14.513
-3.7229,-14.43
-3.6902,-14.457
-3.6428,-14.59
-3.5816,-14.847
-3.5116,-15.266
-3.4363,-15.83
-3.3589,-16.499
-3.2885,-17.225
-3.2264,-17.974
-3.168,-18.722
-3.0962,-19.425
-3.0134,-20.052
-2.9282,-20.587
-2.8391,-21.032
-2.752,-21.344
-2.6702,-21.49
-2.6015,-21.473
-2.5319,-21.307
-2.4565,-20.986
-2.374,-20.526
-2.3081,-19.97
-2.255,-19.335
-2.2141,-18.637
-2.1838,-17.906
-2.1638,-17.168
-2.1477,-16.459
-2.1247,-15.805
-2.0953,-15.27
-2.074,-14.863
-2.0758,-14.588
-2.0966,-14.434
-2.1321,-14.403
-2.1767,-14.475
-2.2356,-14.667
-2.3003,-15.008
-2.3655,-15.499
-2.4331,-16.131
-2.5054,-16.841
-2.5759,-17.594
-2.6469,-18.345
-2.7311,-19.079
-2.8263,-19.736
-2.921,-20.316
-3.0187,-20.823
-3.1205,-21.223
-3.219,-21.474
-3.3075,-21.559
-3.3834,-21.478
-3.4618,-21.23
-3.5382,-20.838
-3.6031,-20.317
-3.6601,-19.715
-3.7114,-19.045
-3.7542,-18.332
-3.7868,-17.601
-3.8124,-16.87
-3.8312,-16.173
-3.8441,-15.564
-3.8445,-15.089
-3.8375,-14.735
-3.8225,-14.528
-3.7977,-14.443
-3.7684,-14.453
-3.7324,-14.582
-3.6803,-14.84
-3.6165,-15.238
-3.5445,-15.775
-3.4621,-16.437
-3.3732,-17.177
-3.2881,-17.939
-3.2098,-18.697
-3.1249,-19.407
-3.0344,-20.035
-2.9434,-20.564
-2.8506,-21.002
-2.747,-21.317
-2.6444,-21.485
-2.5493,-21.506
-2.4558,-21.359
-2.3677,-21.036
-2.2926,-20.578
-2.2298,-20.029
-2.1746,-19.401
-2.1368,-18.703
-2.1148,-17.973
-2.0988,-17.243
-2.0772,-16.53
-2.0583,-15.865
-2.0477,-15.324
-2.0503,-14.926
-2.0747,-14.656
-2.1261,-14.496
-2.1961,-14.45
-2.2712,-14.52
-2.3495,-14.708
-2.4304,-15.04
-2.51,-15.525
-2.5932,-16.144
-2.6826,-16.853
-2.7768,-17.604
-2.8746,-18.356
-2.9722,-19.11
-3.0716,-19.78
-3.1625,-20.358
-3.2414,-20.852
-3.3213,-21.225
-3.405,-21.452
-3.4846,-21.533
-3.5522,-21.461
-3.6184,-21.227
-3.6779,-20.836
-3.7118,-20.323
-3.7269,-19.73
-3.7439,-19.056
-3.7585,-18.337
-3.7696,-17.605
-3.7788,-16.874
-3.7874,-16.184
-3.7871,-15.579
-3.7684,-15.112
-3.7445,-14.773
-3.7129,-14.555
-3.6846,-14.459
-3.6576,-14.478
-3.6354,-14.61
-3.6026,-14.87
-3.5564,-15.297
-3.4916,-15.856
-3.42,-16.524
-3.352,-17.25
-3.2924,-18.021
-3.239,-18.782
-3.1867,-19.508
-3.127,-20.145
-3.0585,-20.696
-2.9815,-21.148
-2.8869,-21.463
-2.79,-21.625
-2.7003,-21.629
-2.6129,-21.463
-2.5347,-21.145
-2.4657,-20.697
-2.4028,-20.146
-2.3486,-19.516
-2.2909,-18.817
-2.242,-18.088
-2.2073,-17.348
-2.1838,-16.626
-2.1619,-15.962
-2.1391,-15.419
-2.1252,-15.007
-2.1333,-14.731
-2.1589,-14.578
-2.1996,-14.532
-2.2673,-14.584
-2.355,-14.766
-2.4458,-15.101
-2.5286,-15.59
-2.6117,-16.208
-2.6986,-16.908
-2.7994,-17.647
-2.9121,-18.388
-3.0264,-19.108
-3.1421,-19.784
-3.2497,-20.379
-3.348,-20.88
-3.4431,-21.266
-3.5451,-21.49
-3.6456,-21.55
-3.7369,-21.459
-3.8167,-21.222
-3.8807,-20.847
-3.9272,-20.336
-3.9574,-19.738
-3.9804,-19.06
-4.0032,-18.332
-4.0216,-17.582
-4.0297,-16.838
-4.0228,-16.134
-4.0018,-15.501
-3.9675,-15.01
-3.9213,-14.646
-3.874,-14.407
-3.8354,-14.29
-3.7944,-14.295
-3.7441,-14.411
-3.6803,-14.65
-3.6044,-15.046
-3.5155,-15.593
-3.4228,-16.261
-3.3367,-16.988
-3.2643,-17.735
-3.195,-18.467
-3.1294,-19.165
-3.0562,-19.784
-2.9742,-20.322
-2.8819,-20.775
-2.7932,-21.11
-2.7104,-21.286
-2.6338,-21.28
-2.5599,-21.099
-2.4949,-20.783
-2.4428,-20.353
-2.3951,-19.818
-2.3463,-19.204
-2.2997,-18.517
-2.2613,-17.788
-2.2363,-17.038
-2.2255,-16.305
-2.2231,-15.642
-2.2299,-15.099
-2.2525,-14.675
-2.2847,-14.389
-2.3165,-14.224
-2.358,-14.162
-2.4177,-14.231
-2.4937,-14.414
-2.5675,-14.737
-2.6402,-15.208
-2.7238,-15.81
-2.8124,-16.522
-2.9022,-17.273
-2.9923,-18.025
-3.0903,-18.764
-3.1869,-19.43
-3.2732,-20.005
-3.3515,-20.51
-3.4293,-20.898
-3.5054,-21.138
-3.5789,-21.22
-3.6517,-21.137
-3.7158,-20.909
-3.7664,-20.535
-3.8013,-20.037
-3.8285,-19.463
-3.8504,-18.807
-3.8706,-18.088
-3.8889,-17.348
-3.9007,-16.615
-3.8995,-15.925
-3.8874,-15.321
-3.868,-14.864
-3.8425,-14.535
-3.8178,-14.326
-3.7923,-14.219
-3.7569,-14.218
-3.7106,-14.339
-3.6534,-14.589
-3.5867,-15
-3.5089,-15.563
-3.4266,-16.247
-3.3487,-16.985
-3.2749,-17.746
-3.2,-18.508
-3.1185,-19.228
-3.033,-19.866
-2.9386,-20.417
-2.8323,-20.868
-2.7311,-21.194
-2.6353,-21.354
-2.5381,-21.345
-2.4508,-21.174
-2.3815,-20.858
-2.3267,-20.409
-2.275,-19.876
-2.2172,-19.263
-2.1662,-18.567
-2.1276,-17.83
-2.1042,-17.087
-2.0902,-16.364
-2.0909,-15.709
-2.1089,-15.174
-2.1394,-14.781
-2.1858,-14.522
-2.2338,-14.369
-2.289,-14.312
-2.3609,-14.373
-2.4426,-14.555
-2.5279,-14.883
-2.625,-15.369
-2.7317,-15.993
-2.8439,-16.706
-2.9539,-17.458
-3.0608,-18.224
-3.1665,-18.975
-3.2653,-19.643
-3.3614,-20.232
-3.462,-20.74
-3.5625,-21.128
-3.6458,-21.362
-3.7161,-21.436
-3.7799,-21.348
-3.833,-21.096
-3.8691,-20.697
-3.8947,-20.174
-3.9149,-19.577
-3.9316,-18.907
-3.9348,-18.183
-3.9254,-17.443
-3.907,-16.704
-3.8785,-16.004
-3.8427,-15.388
-3.7989,-14.924
-3.7581,-14.587
-3.7177,-14.364
-3.6628,-14.247
-3.5965,-14.234
-3.5308,-14.34
-3.4592,-14.572
-3.39,-14.972
-3.3222,-15.526
-3.2574,-16.199
-3.193,-16.92
-3.1261,-17.687
-3.054,-18.446
-2.9743,-19.156
-2.8904,-19.792
-2.8125,-20.346
-2.7404,-20.812
-2.6718,-21.158
-2.5973,-21.335
-2.5301,-21.336
-2.4827,-21.167
-2.443,-20.844
-2.4029,-20.393
-2.3555,-19.851
-2.3077,-19.232
-2.2687,-18.542
-2.2419,-17.814
-2.229,-17.083
-2.2196,-16.367
-2.2249,-15.702
-2.2448,-15.154
-2.269,-14.734
-2.2941,-14.436
-2.3291,-14.255
-2.3791,-14.192
-2.4381,-14.251
-2.5016,-14.441
-2.5754,-14.768
-2.6597,-15.242
-2.7474,-15.85
-2.8418,-16.558
-2.9402,-17.312
-3.0399,-18.065
-3.1363,-18.807
-3.2339,-19.471
-3.3334,-20.055
-3.436,-20.563
-3.5341,-20.966
-3.6272,-21.228
-3.7142,-21.336
-3.7936,-21.28
-3.8618,-21.048
-3.9129,-20.664
-3.9533,-20.154
-3.9838,-19.563
-4.0081,-18.896
-4.0228,-18.197
-4.03,-17.478
-4.0274,-16.754
-4.0178,-16.073
-3.9934,-15.458
-3.9573,-14.969
-3.9148,-14.614
-3.8629,-14.387
-3.7924,-14.282
-3.7065,-14.283
-3.6189,-14.399
-3.5397,-14.645
-3.4616,-15.047
-3.3819,-15.592
-3.2986,-16.249
-3.2127,-16.978
-3.1205,-17.745
-3.0227,-18.494
-2.9293,-19.202
-2.8405,-19.839
-2.7545,-20.399
-2.6705,-20.865
-2.5909,-21.19
-2.5227,-21.367
-2.4618,-21.379
-2.4168,-21.22
-2.3812,-20.914
-2.3512,-20.482
-2.3159,-19.935
-2.2844,-19.303
-2.2625,-18.596
-2.2543,-17.863
-2.2544,-17.13
-2.2671,-16.419
-2.2979,-15.758
-2.3397,-15.204
-2.3804,-14.775
-2.4208,-14.471
-2.4735,-14.303
-2.5429,-14.252
-2.6193,-14.304
-2.6938,-14.474
-2.779,-14.787
-2.8691,-15.253
-2.9591,-15.852
-3.0488,-16.561
-3.1459,-17.311
-3.2387,-18.067
-3.3272,-18.798
-3.4128,-19.473
-3.4933,-20.074
-3.5707,-20.597
-3.6502,-21.017
-3.7287,-21.287
-3.8014,-21.367
-3.8614,-21.275
-3.9157,-21.026
-3.9598,-20.65
-3.9876,-20.171
-4.012,-19.599
-4.026,-18.955
-4.0372,-18.252
-4.0489,-17.517
-4.0451,-16.777
-4.0329,-16.091
-4.0132,-15.468
-3.9889,-14.985
-3.9572,-14.636
-3.9076,-14.403
-3.8475,-14.283
-3.7819,-14.289
-3.7121,-14.4
-3.6464,-14.634
-3.5789,-15.02
-3.5046,-15.552
-3.4302,-16.209
-3.3568,-16.926
-3.2728,-17.669
-3.1721,-18.412
-3.0701,-19.123
-2.975,-19.757
-2.8875,-20.304
-2.8011,-20.769
-2.726,-21.116
-2.6637,-21.3
-2.6096,-21.307
-2.558,-21.156
-2.4987,-20.861
-2.4431,-20.435
-2.3932,-19.903
-2.355,-19.295
-2.3322,-18.626
-2.3227,-17.909
-2.3218,-17.186
-2.3353,-16.478
-2.3689,-15.828
-2.4208,-15.286
-2.4659,-14.876
-2.5068,-14.599
-2.5531,-14.437
-2.6247,-14.385
-2.7059,-14.438
-2.7857,-14.614
-2.8773,-14.928
-2.9843,-15.39
-3.0925,-15.983
-3.1993,-16.677
-3.3084,-17.413
-3.423,-18.159
-3.5387,-18.893
-3.6462,-19.551
-3.7356,-20.126
-3.8098,-20.628
-3.8808,-21.022
-3.9443,-21.272
-4.012,-21.358
-4.0826,-21.281
-4.145,-21.044
-4.1909,-20.666
-4.219,-20.168
-4.2327,-19.591
-4.2274,-18.955
-4.2168,-18.253
-4.1927,-17.52
-4.1637,-16.791
-4.1304,-16.1
-4.0856,-15.497
-4.0402,-15.034
-3.9899,-14.712
-3.9327,-14.508
-3.8597,-14.409
-3.7729,-14.409
-3.68,-14.529
-3.5849,-14.768
-3.5005,-15.162
-3.4242,-15.707
-3.3467,-16.371
-3.2684,-17.099
-3.184,-17.851
-3.0934,-18.588
-2.9953,-19.299
-2.9091,-19.929
-2.8279,-20.475
-2.7482,-20.925
-2.6785,-21.25
-2.6293,-21.412
-2.5916,-21.392
-2.5617,-21.209
-2.5362,-20.896
-2.5096,-20.459
-2.4783,-19.919
-2.4434,-19.287
-2.4233,-18.592
-2.422,-17.861
-2.4419,-17.125
-2.4869,-16.412
-2.5419,-15.752
-2.5912,-15.213
-2.63,-14.794
-2.6729,-14.501
-2.7246,-14.331
-2.7843,-14.278
-2.8546,-14.331
-2.932,-14.508
-3.01,-14.83
-3.0891,-15.314
-3.168,-15.927
-3.2488,-16.627
-3.3254,-17.374
-3.4133,-18.119
-3.506,-18.851
-3.5889,-19.53
-3.6598,-20.135
-3.729,-20.651
-3.7971,-21.05
-3.8512,-21.315
-3.8956,-21.397
-3.9404,-21.317
-3.9837,-21.077
-4.0196,-20.708
-4.0555,-20.215
-4.0873,-19.633
-4.1057,-18.967
-4.106,-18.262
-4.1013,-17.535
-4.0893,-16.805
-4.0708,-16.115
-4.0482,-15.504
-4.0251,-15.016
-3.9846,-14.65
-3.9215,-14.412
-3.8472,-14.299
-3.7652,-14.307
-3.6818,-14.414
-3.6026,-14.651
-3.534,-15.049
-3.4643,-15.588
-3.3814,-16.239
-3.283,-16.956
-3.1772,-17.7
-3.067,-18.426
-2.9535,-19.145
-2.8497,-19.78
-2.7569,-20.334
-2.6639,-20.803
-2.5764,-21.134
-2.5063,-21.299
-2.448,-21.301
-2.395,-21.148
-2.3488,-20.842
-2.318,-20.4
-2.2936,-19.861
-2.2695,-19.232
-2.2533,-18.541
-2.2544,-17.819
-2.2688,-17.09
-2.2972,-16.386
-2.3437,-15.732
-2.4023,-15.19
-2.4744,-14.766
-2.56,-14.469
-2.6541,-14.306
-2.7464,-14.256
-2.8389,-14.304
-2.9293,-14.478
-3.018,-14.799
-3.1033,-15.281
-3.1975,-15.886
-3.3045,-16.577
-3.4079,-17.313
-3.5028,-18.046
-3.5968,-18.766
-3.6833,-19.447
-3.7513,-20.056
-3.809,-20.576
-3.8619,-20.981
-3.9079,-21.24
-3.9379,-21.308
-3.9608,-21.212
-3.9826,-20.977
-4.0003,-20.615
-4.0049,-20.119
-4.0031,-19.537
-3.9896,-18.866
-3.964,-18.155
-3.9372,-17.423
-3.9099,-16.696
-3.8813,-16.018
-3.8479,-15.419
-3.8047,-14.938
-3.7561,-14.569
-3.6911,-14.332
-3.6126,-14.217
-3.5388,-14.218
-3.4713,-14.309
-3.4081,-14.533
-3.3502,-14.916
-3.2867,-15.449
-3.2131,-16.091
-3.1279,-16.785
-3.0363,-17.502
-2.9457,-18.221
-2.8613,-18.925
-2.7873,-19.544
-2.7114,-20.086
-2.6332,-20.539
-2.5578,-20.858
-2.4905,-21.004
-2.4337,-20.983
-2.3919,-20.819
-2.363,-20.521
-2.3416,-20.095
-2.3171,-19.549
-2.2976,-18.918
-2.2839,-18.212
-2.2824,-17.476
-2.301,-16.726
-2.3358,-16.008
-2.3811,-15.347
-2.4351,-14.8
-2.4996,-14.378
-2.5737,-14.083
-2.6506,-13.902
-2.733,-13.829
-2.8212,-13.86
-2.9106,-14.018
-2.9993,-14.331
-3.0882,-14.807
-3.1848,-15.408
-3.2866,-16.086
-3.3915,-16.807
-3.4938,-17.526
-3.5892,-18.243
-3.6691,-18.911
-3.7412,-19.5
-3.8121,-20.009
-3.8711,-20.419
-3.92,-20.677
-3.9652,-20.746
-4.0065,-20.645
-4.0388,-20.41
-4.0641,-20.046
-4.0793,-19.574
-4.0857,-19.015
-4.0767,-18.372
-4.0567,-17.658
-4.0338,-16.92
-4.0112,-16.19
-3.9854,-15.506
-3.9493,-14.899
-3.8945,-14.425
-3.829,-14.067
-3.757,-13.824
-3.6824,-13.688
-3.607,-13.672
-3.5334,-13.767
-3.4619,-13.992
-3.3798,-14.38
-3.2886,-14.927
-3.187,-15.59
-3.0894,-16.304
-2.9926,-17.043
-2.9001,-17.783
-2.8162,-18.498
-2.7325,-19.126
-2.6432,-19.676
-2.5594,-20.137
-2.4911,-20.474
-2.4346,-20.653
-2.3847,-20.672
-2.3501,-20.525
-2.3336,-20.23
-2.321,-19.81
-2.3043,-19.288
-2.2973,-18.682
-2.304,-18.003
-2.3285,-17.28
-2.3678,-16.548
-2.4237,-15.842
-2.4914,-15.198
-2.566,-14.661
-2.6467,-14.262
-2.7337,-13.984
-2.8287,-13.806
-2.9276,-13.727
-3.0272,-13.755
-3.1297,-13.919
-3.2312,-14.232
-3.3373,-14.71
-3.4409,-15.323
-3.5357,-16.028
-3.6258,-16.768
-3.7105,-17.509
-3.782,-18.243
-3.8419,-18.927
-3.9064,-19.523
-3.9683,-20.04
-4.0167,-20.436
-4.0506,-20.689
-4.0763,-20.767
-4.0934,-20.698
-4.0988,-20.479
-4.0933,-20.111
-4.0889,-19.63
-4.084,-19.063
