-0.011107
-0.011995
-0.017941
-0.013097
-0.010347
-0.022161
-0.039262
-0.053615
-0.04523
-0.020179
-0.03415
-0.06529
-0.093176
-0.095057
-0.055201
-0.049846
-0.076284
-0.12467
-0.13393
-0.10654
-0.075881
-0.08928
-0.13481
-0.16371
-0.14384
-0.12313
-0.1085
-0.14743
-0.172
-0.16684
-0.15555
-0.14587
-0.16287
-0.18411
-0.19309
-0.19709
-0.20154
-0.2023
-0.20089
-0.2008
-0.22264
-0.23926
-0.2595
-0.23322
-0.22803
-0.25348
-0.29346
-0.31558
-0.30051
-0.27091
-0.2915
-0.33755
-0.38299
-0.36722
-0.33349
-0.32236
-0.3615
-0.41018
-0.4103
-0.38844
-0.3638
-0.37126
-0.40658
-0.41575
-0.40437
-0.39434
-0.38632
-0.40792
-0.40938
-0.41809
-0.41344
-0.4134
-0.40422
-0.40079
-0.40988
-0.4296
-0.44339
-0.44628
-0.41521
-0.42385
-0.45266
-0.48516
-0.49503
-0.45827
-0.44168
-0.46318
-0.50858
-0.53236
-0.51045
-0.47829
-0.48236
-0.52496
-0.56409
-0.54656
-0.52781
-0.50703
-0.53997
-0.57438
-0.5764
-0.56247
-0.55172
-0.55758
-0.58574
-0.59178
-0.59972
-0.6007
-0.60652
-0.60153
-0.59804
-0.61483
-0.63056
-0.64972
-0.6335
-0.61383
-0.62896
-0.66219
-0.68707
-0.68052
-0.63548
-0.6379
-0.67017
-0.71857
-0.7165
-0.68419
-0.65528
-0.6786
-0.72674
-0.74691
-0.72249
-0.69929
-0.69426
-0.73783
-0.75841
-0.75265
-0.74345
-0.73373
-0.74824
-0.76559
-0.77642
-0.77937
-0.78432
-0.78748
-0.78655
-0.79411
-0.81682
-0.82856
-0.84316
-0.81654
-0.81548
-0.84113
-0.87906
-0.89911
-0.88333
-0.85464
-0.87658
-0.91797
-0.96224
-0.95396
-0.92824
-0.91867
-0.95554
-1.005
-1.0069
-0.98626
-0.96475
-0.97713
-1.0212
-1.0359
-1.0233
-1.0153
-1.0074
-1.0344
-1.042
-1.0505
-1.045
-1.0473
-1.0376
-1.0296
-1.0355
-1.0528
-1.0628
-1.0672
-1.0351
-1.0402
-1.0683
-1.1013
-1.1118
-1.0759
-1.0557
-1.0813
-1.1276
-1.1516
-1.1259
-1.0897
-1.0917
-1.1353
-1.1764
-1.16
-1.14
-1.1196
-1.1482
-1.1856
-1.1944
-1.1816
-1.172
-1.1717
-1.2017
-1.2064
-1.2173
-1.2179
-1.2231
-1.2184
-1.2228
-1.2396
-1.2554
-1.2677
-1.2609
-1.2333
-1.2468
-1.2781
-1.3046
-1.309
-1.273
-1.2665
-1.2895
-1.3366
-1.349
-1.3212
-1.2891
-1.3025
-1.347
-1.3788
-1.3556
-1.3355
-1.3167
-1.3555
-1.3869
-1.3847
-1.3689
-1.3592
-1.3573
-1.3798
-1.3852
-1.3898
-1.3913
-1.3963
-1.3933
-1.3924
-1.4121
-1.4284
-1.4456
-1.429
-1.4132
-1.431
-1.466
-1.4922
-1.4876
-1.4487
-1.4567
-1.4939
-1.5448
-1.5456
-1.5188
-1.4977
-1.5296
-1.5845
-1.6095
-1.5857
-1.5662
-1.5592
-1.6044
-1.6284
-1.6238
-1.6128
-1.6044
-1.6208
-1.6402
-1.6498
-1.6528
-1.6515
-1.6507
-1.646
-1.647
-1.6625
-1.6681
-1.6756
-1.6462
-1.6376
-1.6596
-1.6914
-1.7117
-1.7013
-1.6662
-1.6791
-1.7135
-1.7553
-1.7471
-1.7183
-1.6975
-1.7252
-1.7752
-1.7878
-1.7627
-1.7414
-1.7428
-1.7874
-1.8082
-1.8004
-1.7884
-1.7771
-1.799
-1.8178
-1.826
-1.8247
-1.8284
-1.8283
-1.8295
-1.8345
-1.8561
-1.8646
-1.8785
-1.8495
-1.8449
-1.867
-1.9002
-1.9148
-1.8943
-1.8604
-1.8782
-1.9168
-1.9553
-1.937
-1.9018
-1.8867
-1.9213
-1.968
-1.9719
-1.9485
-1.9251
-1.933
-1.9779
-1.9931
-1.9815
-1.9713
-1.9608
-1.9842
-1.9994
-2.0117
-2.011
-2.0157
-2.0142
-2.0139
-2.0236
-2.0476
-2.0577
-2.0667
-2.0368
-2.041
-2.067
-2.103
-2.1196
-2.0985
-2.072
-2.0943
-2.133
-2.1701
-2.1575
-2.131
-2.1234
-2.1664
-2.2226
-2.2264
-2.21
-2.1926
-2.2091
-2.2547
-2.2692
-2.2583
-2.2505
-2.2441
-2.2729
-2.2847
-2.2952
-2.2927
-2.3004
-2.2986
-2.2979
-2.3023
-2.3207
-2.3248
-2.3285
-2.2932
-2.2935
-2.3137
-2.3418
-2.3516
-2.323
-2.2976
-2.3207
-2.3592
-2.3891
-2.367
-2.3327
-2.3279
-2.3691
-2.4151
-2.4091
-2.3872
-2.3659
-2.3833
-2.4275
-2.4406
-2.4293
-2.421
-2.4157
-2.4429
-2.4542
-2.4664
-2.4657
-2.4709
-2.4693
-2.472
-2.4827
-2.5024
-2.5135
-2.5195
-2.4871
-2.4931
-2.5206
-2.552
-2.5636
-2.5377
-2.5143
-2.5345
-2.5741
-2.6049
-2.5841
-2.5531
-2.5461
-2.5836
-2.6269
-2.6198
-2.596
-2.5745
-2.5922
-2.6342
-2.6443
-2.6295
-2.6203
-2.6144
-2.6441
-2.6527
-2.6611
-2.6575
-2.6644
-2.6609
-2.6617
-2.6732
-2.6938
-2.7028
-2.711
-2.6816
-2.6876
-2.716
-2.7476
-2.7592
-2.7323
-2.7121
-2.7368
-2.7798
-2.8127
-2.7936
-2.7617
-2.7617
-2.8065
-2.8543
-2.8507
-2.8367
-2.823
-2.8488
-2.8966
-2.9103
-2.8997
-2.8932
-2.8905
-2.9204
-2.9302
-2.9421
-2.9408
-2.9485
-2.9483
-2.9526
-2.9638
-2.9826
-2.9884
-2.9914
-2.9561
-2.9579
-2.9788
-3.0024
-2.9995
-2.9718
-2.943
-2.97
-3.0127
-3.0315
-2.9961
-2.9505
-2.9525
-3.0153
-3.0477
-3.0107
-2.9605
-2.9384
-2.9954
-3.045
-3.0308
-2.9684
-2.95
-2.972
-3.032
-3.0269
-2.9886
-2.9568
-2.9847
-3.0025
-3.018
-2.9878
-2.983
-2.9961
-3.017
-2.9981
-2.9843
-2.9878
-3.0096
-3.0179
-2.9862
-2.9601
-2.9835
-3.0224
-3.0307
-2.9928
-2.9384
-2.9542
-2.9984
-3.0178
-2.9727
-2.9259
-2.921
-2.9656
-2.9885
-2.9544
-2.8967
-2.9023
-2.9285
-2.9665
-2.939
-2.8989
-2.8984
-2.9257
-2.9502
-2.9456
-2.9229
-2.9348
-2.9531
-2.9715
-2.9507
-2.9329
-2.956
-2.9804
-3.0008
-2.9825
-2.9639
-2.9882
-3.017
-3.0345
-3.0072
-2.9757
-2.9961
-3.0244
-3.0495
-3.0235
-2.9942
-3.0174
-3.0497
-3.0779
-3.0544
-3.0232
-3.0375
-3.0627
-3.0874
-3.0614
-3.0281
-3.0431
-3.0685
-3.0908
-3.0609
-3.0332
-3.0505
-3.0704
-3.0935
-3.0591
-3.0221
-3.0322
-3.052
-3.0632
-3.0372
-3.0047
-3.0221
-3.0415
-3.0655
-3.031
-3.0126
-3.0169
-3.035
-3.0497
-3.0334
-3.0154
-3.0383
-3.0397
-3.0539
-3.0233
-3.0158
-3.0386
-3.0593
-3.052
-3.0231
-3.0128
-3.0386
-3.0659
-3.0763
-3.0317
-3.017
-3.044
-3.0633
-3.084
-3.0459
-3.0229
-3.0328
-3.0617
-3.0771
-3.0678
-3.0339
-3.0374
-3.0444
-3.0753
-3.0553
-3.0545
-3.0334
-3.0321
-3.0396
-3.0355
-3.0254
-3.0348
-3.0059
-3.0098
-2.9897
-2.9882
-3.0006
-2.9995
-2.9767
-2.9495
-2.9526
-2.9754
-2.9953
-2.9889
-2.9458
-2.9317
-2.9613
-2.9799
-3.0051
-2.961
-2.938
-2.9475
-2.9837
-3.0036
-3.0097
-2.9785
-2.9802
-2.9956
-3.0331
-3.0285
-3.0311
-3.0002
-2.9973
-3.0146
-3.032
-3.0467
-3.0527
-3.0214
-3.0221
-3.0347
-3.0645
-3.0918
-3.086
-3.0547
-3.0433
-3.0669
-3.0957
-3.1172
-3.0948
-3.0567
-3.0524
-3.0826
-3.1067
-3.1194
-3.0807
-3.0534
-3.0574
-3.0813
-3.0958
-3.1008
-3.0552
-3.0282
-3.0346
-3.066
-3.0855
-3.088
-3.045
-3.0246
-3.0428
-3.0771
-3.0924
-3.0794
-3.0361
-3.024
-3.0494
-3.0803
-3.0981
-3.0761
-3.0318
-3.0304
-3.06
-3.0883
-3.1023
-3.0721
-3.0399
-3.0419
-3.0709
-3.0992
-3.1141
-3.0913
-3.0578
-3.0653
-3.0903
-3.1129
-3.1237
-3.0889
-3.0518
-3.0617
-3.0888
-3.1285
-3.1183
-3.0684
-3.037
-3.0512
-3.0964
-3.1219
-3.0916
-3.0322
-2.9943
-3.0094
-3.0323
-3.0401
-2.9934
-2.937
-2.9432
-2.9739
-3.0012
-3.0044
-2.9641
-2.9399
-2.9502
-2.9718
-3.0002
-2.9907
-2.9789
-2.9384
-2.9423
-2.9679
-2.9995
-3.0181
-2.9989
-2.9542
-2.9685
-2.9993
-3.0652
-3.0586
-3.0092
-2.967
-2.9812
-3.0401
-3.0842
-3.0516
-3.002
-2.9697
-3.0291
-3.0815
-3.0953
-3.0656
-3.0144
-3.0307
-3.0749
-3.1066
-3.1045
-3.0654
-3.0491
-3.0607
-3.0739
-3.1049
-3.0943
-3.0937
-3.0636
-3.0557
-3.0678
-3.096
-3.1095
-3.0919
-3.0286
-3.0257
-3.0391
-3.1064
-3.103
-3.0498
-2.9945
-3.006
-3.0733
-3.1254
-3.0824
-3.025
-2.978
-3.0401
-3.1018
-3.1121
-3.0648
-3.0119
-3.0189
-3.0679
-3.0962
-3.0941
-3.0499
-3.0414
-3.054
-3.0693
-3.0958
-3.085
-3.0833
-3.0624
-3.0428
-3.0547
-3.0864
-3.1116
-3.1074
-3.0486
-3.0352
-3.0489
-3.1232
-3.1346
-3.0847
-3.018
-3.0112
-3.0754
-3.1386
-3.0957
-3.0383
-2.981
-3.0239
-3.0857
-3.0945
-3.0347
-2.9704
-2.9679
-3.0137
-3.0333
-3.0226
-2.9708
-2.9645
-2.9747
-2.9837
-2.9974
-2.9855
-2.984
-2.978
-2.9506
-2.9523
-2.9807
-3.0111
-3.0182
-2.9721
-2.9468
-2.9668
-3.0417
-3.0712
-3.0312
-2.9735
-2.9606
-3.0296
-3.0993
-3.0728
-3.0153
-2.9698
-3.0116
-3.0953
-3.1171
-3.0687
-3.0215
-3.0289
-3.0827
-3.1232
-3.1182
-3.0749
-3.0683
-3.0823
-3.0944
-3.1085
-3.1036
-3.1009
-3.1014
-3.0766
-3.0715
-3.0936
-3.1171
-3.1198
-3.0877
-3.0404
-3.0431
-3.1042
-3.1347
-3.0931
-3.0314
-3.0008
-3.0527
-3.1215
-3.1171
-3.0517
-3.0024
-3.0171
-3.0935
-3.1257
-3.0804
-3.0232
-3.0201
-3.0589
-3.1072
-3.0946
-3.0538
-3.045
-3.0671
-3.077
-3.0834
-3.0696
-3.0717
-3.0798
-3.0715
-3.0474
-3.069
-3.0962
-3.1071
-3.0873
-3.0378
-3.0278
-3.0856
-3.1257
-3.1033
-3.0436
-3.0044
-3.0471
-3.1105
-3.1175
-3.0499
-2.998
-3.0013
-3.0695
-3.1023
-3.0596
-2.9973
-2.9944
-3.0048
-3.0487
-3.0299
-2.9911
-2.9725
-2.9907
-2.9956
-3.0003
-2.9818
-2.989
-2.9858
-2.9908
-2.9558
-2.966
-2.9864
-3.0029
-2.995
-2.9642
-2.9425
-3.0036
-3.0427
-3.0511
-3.0099
-2.9726
-2.9943
-3.0554
-3.0801
-3.0358
-2.9855
-2.9867
-3.035
-3.0886
-3.0672
-3.0122
-3.0166
-3.0371
-3.0913
-3.0957
-3.0633
-3.0492
-3.0688
-3.0833
-3.0935
-3.0703
-3.0838
-3.084
-3.1022
-3.0701
-3.0702
-3.0888
-3.1097
-3.1048
-3.0822
-3.0324
-3.0697
-3.0941
-3.1052
-3.0611
-3.0147
-3.0191
-3.0711
-3.0943
-3.0707
-3.0136
-3.0366
-3.117
-3.1723
-3.1715
-3.1328
-3.1381
-3.1894
-3.2728
-3.3263
-3.3237
-3.3352
-3.3814
-3.4388
-3.4916
-3.5129
-3.5461
-3.58
-3.6231
-3.6321
-3.647
-3.7254
-3.8489
-3.9504
-4.029
-4.0704
-4.1833
-4.2881
-4.3993
-4.455
-4.5004
-4.5882
-4.7296
-4.8389
-4.8942
-4.9252
-5.0102
-5.1346
-5.2724
-5.3374
-5.44
-5.6113
-5.8024
-6.0069
-6.1491
-6.266
-6.4058
-6.5717
-6.7208
-6.8721
-7.0102
-7.1728
-7.338
-7.4665
-7.6026
-7.7627
-7.9302
-8.0908
-8.2329
-8.4782
-8.7982
-9.1832
-9.4847
-9.7277
-9.9587
-10.222
-10.531
-10.838
-11.057
-11.299
-11.563
-11.848
-12.131
-12.389
-12.622
-12.834
-13.069
-13.355
-13.634
-13.866
-14.072
-14.304
-14.539
-14.818
-15.213
-15.602
-15.966
-16.269
-16.599
-16.947
-17.297
-17.622
-17.933
-18.268
-18.609
-18.924
-19.258
-19.594
-19.949
-20.357
-20.788
-21.217
-21.671
-22.066
-22.432
-22.803
-23.236
-23.706
-24.125
-24.506
-24.876
-25.282
-25.709
-26.146
-26.583
-26.927
-27.275
-27.691
-28.137
-28.595
-29.047
-29.489
-29.931
-30.371
-30.821
-31.254
-31.693
-32.14
-32.571
-32.999
-33.418
-33.867
-34.324
-34.715
-35.135
-35.562
-35.981
-36.438
-36.869
-37.262
-37.614
-38.032
-38.524
-39.015
-39.457
-39.875
-40.309
-40.766
-41.24
-41.7
-42.117
-42.555
-43.019
-43.491
-43.951
-44.4
-44.837
-45.288
-45.733
-46.185
-46.634
-47.083
-47.537
-47.984
-48.435
-48.885
-49.331
-49.799
-50.243
-50.677
-51.108
-51.564
-52.059
-52.508
-52.932
-53.336
-53.762
-54.237
-54.717
-55.141
-55.531
-55.947
-56.397
-56.873
-57.335
-57.736
-58.132
-58.565
-59.033
-59.466
-59.918
-60.336
-60.772
-61.182
-61.624
-62.051
-62.49
-62.934
-63.357
-63.762
-64.184
-64.62
-65.089
-65.496
-65.897
-66.287
-66.695
-67.12
-67.559
-67.934
-68.324
-68.705
-69.153
-69.57
-69.992
-70.367
-70.738
-71.159
-71.59
-72.01
-72.398
-72.789
-73.208
-73.622
-74.044
-74.457
-74.826
-75.232
-75.6
-75.984
-76.385
-76.776
-77.137
-77.521
-77.882
-78.253
-78.647
-79.065
-79.426
-79.791
-80.151
-80.492
-80.872
-81.289
-81.621
-81.951
-82.293
-82.673
-83.059
-83.418
-83.756
-84.074
-84.416
-84.766
-85.136
-85.488
-85.79
-86.111
-86.478
-86.834
-87.207
-87.526
-87.862
-88.213
-88.582
-88.955
-89.302
-89.664
-90.011
-90.359
-90.715
-91.065
-91.436
-91.786
-92.102
-92.412
-92.738
-93.073
-93.461
-93.771
-94.039
-94.321
-94.638
-94.996
-95.348
-95.659
-95.95
-96.255
-96.597
-96.921
-97.239
-97.51
-97.812
-98.139
-98.462
-98.783
-99.077
-99.356
-99.656
-99.943
-100.23
-100.5
-100.78
-101.07
-101.33
-101.61
-101.88
-102.17
-102.5
-102.79
-103.07
-103.35
-103.64
-103.96
-104.26
-104.54
-104.78
-105.06
-105.37
-105.67
-105.94
-106.18
-106.42
-106.72
-107.02
-107.31
-107.55
-107.79
-108.05
-108.35
-108.64
-108.9
-109.14
-109.41
-109.68
-109.95
-110.22
-110.5
-110.76
-111.02
-111.26
-111.5
-111.75
-112.03
-112.27
-112.5
-112.73
-112.97
-113.25
-113.53
-113.77
-114.01
-114.27
-114.57
-114.88
-115.15
-115.38
-115.59
-115.83
-116.12
-116.39
-116.63
-116.84
-117.08
-117.34
-117.6
-117.85
-118.07
-118.3
-118.57
-118.84
-119.1
-119.35
-119.61
-119.85
-120.07
-120.32
-120.58
-120.84
-121.08
-121.31
-121.49
-121.69
-121.93
-122.2
-122.4
-122.61
-122.82
-123.06
-123.34
-123.61
-123.83
-124.04
-124.27
-124.54
-124.8
-125.02
-125.2
-125.41
-125.64
-125.88
-126.12
-126.32
-126.5
-126.73
-126.96
-127.2
-127.41
-127.64
-127.87
-128.08
-128.29
-128.52
-128.78
-129.04
-129.23
-129.4
-129.59
-129.81
-130.08
-130.31
-130.5
-130.66
-130.86
-131.11
-131.39
-131.61
-131.78
-131.98
-132.23
-132.48
-132.75
-132.96
-133.16
-133.38
-133.61
-133.83
-134.06
-134.26
-134.48
-134.68
-134.88
-135.07
-135.29
-135.51
-135.75
-135.96
-136.16
-136.37
-136.61
-136.83
-137.04
-137.24
-137.44
-137.67
-137.88
-138.06
-138.24
-138.43
-138.68
-138.9
-139.1
-139.29
-139.47
-139.71
-139.98
-140.23
-140.44
-140.63
-140.87
-141.11
-141.35
-141.59
-141.77
-141.95
-142.16
-142.39
-142.6
-142.8
-143.02
-143.25
-143.45
-143.67
-143.91
-144.15
-144.38
-144.59
-144.79
-145
-145.23
-145.49
-145.67
-145.84
-146.02
-146.24
-146.48
-146.71
-146.88
-147.05
-147.25
-147.5
-147.73
-147.9
-148.06
-148.26
-148.48
-148.7
-148.89
-149.05
-149.18
-149.33
-149.5
-149.67
-149.82
-149.96
-150.13
-150.3
-150.46
-150.61
-150.82
-151.05
-151.19
-151.27
-151.36
-151.48
-151.63
-151.76
-151.86
-151.91
-152
-152.13
-152.26
-152.35
-152.42
-152.52
-152.67
-152.81
-152.92
-153.01
-153.13
-153.19
-153.23
-153.28
-153.3
-153.33
-153.35
-153.38
-153.42
-153.48
-153.52
-153.54
-153.56
-153.6
-153.69
-153.79
-153.85
-153.9
-153.94
-154.01
-153.98
-153.84
-153.66
-153.54
-153.47
-153.4
-153.33
-153.24
-153.18
-153.15
-153.08
-153
-152.94
-152.9
-152.85
-152.8
-152.77
-152.75
-152.69
-152.63
-152.59
-152.54
-152.48
-152.44
-152.36
-152.17
-151.98
-151.82
-151.73
-151.62
-151.49
-151.35
-151.24
-151.14
-150.98
-150.83
-150.7
-150.6
-150.47
-150.28
-150
-149.74
-149.5
-149.29
-149.1
-148.91
-148.71
-148.49
-148.26
-148.08
-147.89
-147.67
-147.45
-147.25
-147.02
-146.77
-146.55
-146.35
-146.13
-145.9
-145.65
-145.38
-145.13
-144.88
-144.64
-144.38
-144.15
-143.92
-143.69
-143.42
-143.15
-142.88
-142.63
-142.37
-142.15
-141.87
-141.62
-141.4
-141.17
-140.94
-140.74
-140.55
-140.32
-140.05
-139.78
-139.52
-139.24
-138.97
-138.7
-138.42
-138.14
-137.86
-137.57
-137.3
-137.04
-136.8
-136.54
-136.27
-136.01
-135.76
-135.51
-135.25
-134.99
-134.72
-134.45
-134.17
-133.87
-133.61
-133.35
-133.08
-132.83
-132.6
-132.36
-132.09
-131.85
-131.62
-131.39
-131.15
-130.9
-130.63
-130.37
-130.12
-129.86
-129.61
-129.33
-129.06
-128.83
-128.62
-128.39
-128.14
-127.92
-127.67
-127.45
-127.21
-126.99
-126.75
-126.5
-126.25
-125.98
-125.72
-125.46
-125.21
-124.97
-124.72
-124.5
-124.27
-124.05
-123.83
-123.65
-123.44
-123.23
-122.98
-122.78
-122.54
-122.32
-122.07
-121.83
-121.59
-121.36
-121.14
-120.94
-120.74
-120.53
-120.32
-120.12
-119.9
-119.69
-119.49
-119.26
-119.05
-118.83
-118.6
-118.37
-118.16
-117.93
-117.73
-117.56
-117.34
-117.14
-116.96
-116.77
-116.59
-116.43
-116.25
-116.05
-115.86
-115.67
-115.45
-115.25
-115.06
-114.88
-114.7
-114.52
-114.37
-114.23
-114.07
-113.91
-113.76
-113.61
-113.46
-113.28
-113.09
-112.91
-112.74
-112.55
-112.34
-112.13
-111.95
-111.77
-111.63
-111.46
-111.29
-111.11
-110.96
-110.81
-110.68
-110.53
-110.36
-110.2
-110.01
-109.86
-109.75
-109.6
-109.46
-109.31
-109.17
-109.04
-108.91
-108.79
-108.69
-108.58
-108.45
-108.33
-108.21
-108.07
-107.93
-107.78
-107.65
-107.51
-107.38
-107.28
-107.21
-107.15
-107.07
-106.97
-106.89
-106.79
-106.7
-106.62
-106.5
-106.37
-106.23
-106.07
-105.95
-105.82
-105.68
-105.56
-105.47
-105.38
-105.28
-105.2
-105.12
-105.03
-104.93
-104.82
-104.72
-104.63
-104.51
-104.4
-104.3
-104.18
-104.08
-104
-103.92
-103.84
-103.75
-103.68
-103.59
-103.5
-103.42
-103.34
-103.27
-103.19
-103.09
-103
-102.91
-102.82
-102.74
-102.67
-102.58
-102.5
-102.43
-102.34
-102.23
-102.13
-102.04
-101.96
-101.88
-101.79
-101.7
-101.59
-101.49
-101.41
-101.34
-101.26
-101.18
-101.11
-101.07
-101.03
-100.97
-100.87
-100.78
-100.69
-100.61
-100.52
-100.41
-100.32
-100.22
-100.12
-100.06
-99.996
-99.923
-99.9
-99.887
-99.851
-99.812
-99.789
-99.729
-99.671
-99.615
-99.533
-99.434
-99.343
-99.242
-99.169
-99.114
-99.067
-99.032
-99.001
-98.966
-98.95
-98.922
-98.892
-98.867
-98.834
-98.776
-98.706
-98.638
-98.58
-98.522
-98.466
-98.417
-98.388
-98.336
-98.276
-98.232
-98.22
-98.22
-98.187
-98.13
-98.083
-98.028
-97.967
-97.918
-97.862
-97.8
-97.717
-97.654
-97.617
-97.578
-97.558
-97.517
-97.456
-97.4
-97.358
-97.324
-97.292
-97.246
-97.167
-97.085
-97.021
-96.974
-96.953
-96.932
-96.892
-96.831
-96.761
-96.724
-96.709
-96.678
-96.636
-96.574
-96.503
-96.442
-96.402
-96.351
-96.31
-96.274
-96.226
-96.181
-96.141
-96.127
-96.117
-96.086
-96.048
-95.981
-95.901
-95.838
-95.781
-95.703
-95.601
-95.526
-95.457
-95.384
-95.352
-95.332
-95.29
-95.253
-95.23
-95.198
-95.159
-95.099
-95.049
-94.994
-94.913
-94.854
-94.784
-94.708
-94.643
-94.592
-94.564
-94.517
-94.504
-94.496
-94.484
-94.479
-94.464
-94.442
-94.409
-94.361
-94.305
-94.243
-94.163
-94.103
-94.057
-94.011
-93.979
-93.961
-93.934
-93.909
-93.903
-93.908
-93.896
-93.869
-93.86
-93.851
-93.807
-93.745
-93.695
-93.661
-93.615
-93.561
-93.523
-93.483
-93.454
-93.451
-93.443
-93.42
-93.385
-93.359
-93.343
-93.31
-93.274
-93.225
-93.176
-93.145
-93.102
-93.071
-93.05
-93.011
-92.978
-92.958
-92.936
-92.897
-92.85
-92.831
-92.808
-92.775
-92.724
-92.676
-92.644
-92.622
-92.588
-92.551
-92.504
-92.447
-92.413
-92.39
-92.363
-92.299
-92.235
-92.201
-92.188
-92.176
-92.132
-92.088
-92.048
-92.006
-91.983
-91.976
-91.948
-91.914
-91.902
-91.875
-91.846
-91.795
-91.744
-91.707
-91.665
-91.608
-91.537
-91.496
-91.492
-91.499
-91.485
-91.463
-91.426
-91.387
-91.356
-91.329
-91.3
-91.25
-91.191
-91.131
-91.084
-91.034
-90.997
-90.959
-90.926
-90.918
-90.943
-90.948
-90.958
-90.951
-90.92
-90.879
-90.839
-90.806
-90.785
-90.732
-90.665
-90.606
-90.566
-90.552
-90.556
-90.565
-90.573
-90.586
-90.591
-90.596
-90.6
-90.592
-90.551
-90.522
-90.477
-90.438
-90.391
-90.345
-90.286
-90.27
-90.286
-90.311
-90.324
-90.323
-90.323
-90.331
-90.312
-90.289
-90.257
-90.208
-90.144
-90.084
-90.039
-90.009
-89.978
-89.948
-89.929
-89.925
-89.939
-89.95
-89.962
-89.964
-89.954
-89.935
-89.893
-89.828
-89.769
-89.713
-89.679
-89.638
-89.591
-89.564
-89.555
-89.552
-89.552
-89.552
-89.559
-89.553
-89.543
-89.514
-89.457
-89.384
-89.308
-89.266
-89.223
-89.17
-89.141
-89.133
-89.105
-89.106
-89.122
-89.12
-89.109
-89.096
-89.1
-89.085
-89.034
-88.959
-88.892
-88.847
-88.818
-88.796
-88.751
-88.717
-88.704
-88.696
-88.704
-88.704
-88.704
-88.695
-88.696
-88.67
-88.613
-88.561
-88.522
-88.49
-88.464
-88.436
-88.397
-88.39
-88.403
-88.411
-88.385
-88.368
-88.379
-88.386
-88.376
-88.343
-88.309
-88.279
-88.268
-88.259
-88.243
-88.231
-88.214
-88.216
-88.22
-88.204
-88.2
-88.219
-88.24
-88.241
-88.228
-88.215
-88.2
-88.181
-88.159
-88.153
-88.14
-88.12
-88.106
-88.098
-88.088
-88.083
-88.068
-88.074
-88.072
-88.054
-88.028
-88.002
-87.993
-87.965
-87.94
-87.913
-87.897
-87.89
-87.879
-87.867
-87.846
-87.808
-87.802
-87.785
-87.771
-87.745
-87.7
-87.679
-87.681
-87.686
-87.674
-87.642
-87.607
-87.606
-87.612
-87.589
-87.552
-87.517
-87.511
-87.496
-87.478
-87.459
-87.442
-87.419
-87.405
-87.406
-87.395
-87.379
-87.356
-87.345
-87.321
-87.282
-87.26
-87.251
-87.231
-87.177
-87.114
-87.09
-87.091
-87.095
-87.083
-87.065
-87.049
-87.028
-87.005
-87
-86.98
-86.952
-86.921
-86.896
-86.867
-86.827
-86.789
-86.779
-86.787
-86.8
-86.815
-86.835
-86.84
-86.839
-86.83
-86.815
-86.792
-86.759
-86.743
-86.737
-86.715
-86.674
-86.652
-86.664
-86.698
-86.71
-86.71
-86.727
-86.738
-86.755
-86.747
-86.741
-86.73
-86.728
-86.714
-86.681
-86.634
-86.58
-86.581
-86.613
-86.644
-86.644
-86.632
-86.643
-86.671
-86.682
-86.672
-86.652
-86.63
-86.619
-86.587
-86.539
-86.493
-86.46
-86.447
-86.46
-86.462
-86.468
-86.491
-86.501
-86.512
-86.502
-86.467
-86.442
-86.405
-86.366
-86.326
-86.271
-86.236
-86.236
-86.243
-86.264
-86.281
-86.294
-86.318
-86.339
-86.327
-86.311
-86.287
-86.271
-86.243
-86.193
-86.133
-86.089
-86.065
-86.07
-86.073
-86.074
-86.094
-86.132
-86.155
-86.147
-86.119
-86.094
-86.082
-86.062
-86.018
-85.939
-85.868
-85.834
-85.836
-85.831
-85.826
-85.824
-85.845
-85.871
-85.885
-85.875
-85.855
-85.837
-85.828
-85.779
-85.706
-85.654
-85.645
-85.641
-85.62
-85.609
-85.623
-85.663
-85.708
-85.751
-85.748
-85.73
-85.727
-85.715
-85.674
-85.624
-85.559
-85.519
-85.499
-85.491
-85.486
-85.5
-85.533
-85.585
-85.629
-85.644
-85.635
-85.638
-85.648
-85.663
-85.637
-85.573
-85.521
-85.5
-85.511
-85.51
-85.514
-85.521
-85.539
-85.574
-85.601
-85.595
-85.59
-85.59
-85.576
-85.55
-85.485
-85.426
-85.399
-85.4
-85.398
-85.386
-85.374
-85.397
-85.443
-85.468
-85.466
-85.476
-85.474
-85.467
-85.431
-85.373
-85.317
-85.287
-85.27
-85.259
-85.243
-85.224
-85.235
-85.269
-85.309
-85.325
-85.32
-85.311
-85.278
-85.259
-85.219
-85.157
-85.107
-85.065
-85.029
-85.011
-85.018
-85.043
-85.077
-85.113
-85.126
-85.119
-85.127
-85.121
-85.085
-85.026
-84.972
-84.918
-84.89
-84.873
-84.865
-84.862
-84.849
-84.863
-84.891
-84.917
-84.932
-84.927
-84.923
-84.914
-84.873
-84.83
-84.796
-84.769
-84.739
-84.713
-84.693
-84.703
-84.733
-84.775
-84.796
-84.803
-84.819
-84.847
-84.853
-84.827
-84.774
-84.729
-84.704
-84.692
-84.68
-84.671
-84.682
-84.705
-84.742
-84.772
-84.802
-84.831
-84.867
-84.885
-84.864
-84.82
-84.8
-84.792
-84.777
-84.749
-84.724
-84.725
-84.753
-84.795
-84.814
-84.814
-84.836
-84.858
-84.865
-84.865
-84.82
-84.752
-84.727
-84.698
-84.664
-84.65
-84.653
-84.675
-84.686
-84.701
-84.703
-84.711
-84.759
-84.769
-84.744
-84.7
-84.645
-84.613
-84.605
-84.588
-84.556
-84.534
-84.515
-84.527
-84.557
-84.569
-84.577
-84.592
-84.608
-84.606
-84.573
-84.524
-84.474
-84.447
-84.425
-84.389
-84.358
-84.357
-84.382
-84.398
-84.389
-84.391
-84.41
-84.455
-84.471
-84.433
-84.359
-84.315
-84.301
-84.287
-84.259
-84.216
-84.185
-84.188
-84.211
-84.226
-84.23
-84.24
-84.272
-84.288
-84.285
-84.236
-84.191
-84.173
-84.154
-84.139
-84.115
-84.1
-84.102
-84.124
-84.138
-84.144
-84.159
-84.19
-84.215
-84.206
-84.173
-84.142
-84.133
-84.127
-84.109
-84.082
-84.068
-84.078
-84.097
-84.112
-84.122
-84.152
-84.199
-84.232
-84.238
-84.22
-84.197
-84.189
-84.177
-84.162
-84.144
-84.14
-84.16
-84.183
-84.197
-84.199
-84.199
-84.229
-84.268
-84.283
-84.268
-84.227
-84.189
-84.163
-84.159
-84.152
-84.141
-84.137
-84.136
-84.147
-84.141
-84.139
-84.161
-84.196
-84.213
-84.194
-84.145
-84.112
-84.106
-84.105
-84.08
-84.056
-84.034
-84.042
-84.056
-84.052
-84.037
-84.046
-84.088
-84.104
-84.085
-84.046
-84.013
-84.003
-84.003
-83.957
-83.908
-83.889
-83.905
-83.941
-83.934
-83.911
-83.916
-83.962
-83.981
-83.965
-83.899
-83.844
-83.826
-83.811
-83.794
-83.755
-83.72
-83.72
-83.741
-83.736
-83.708
-83.705
-83.746
-83.781
-83.786
-83.73
-83.683
-83.665
-83.673
-83.667
-83.636
-83.605
-83.604
-83.63
-83.642
-83.63
-83.626
-83.663
-83.706
-83.722
-83.684
-83.659
-83.665
-83.676
-83.665
-83.623
-83.611
-83.615
-83.64
-83.671
-83.666
-83.676
-83.702
-83.73
-83.766
-83.764
-83.733
-83.72
-83.714
-83.704
-83.699
-83.69
-83.695
-83.718
-83.745
-83.743
-83.713
-83.724
-83.745
-83.768
-83.756
-83.721
-83.716
-83.718
-83.715
-83.702
-83.689
-83.684
-83.691
-83.704
-83.69
-83.673
-83.67
-83.694
-83.723
-83.709
-83.664
-83.635
-83.642
-83.658
-83.649
-83.623
-83.601
-83.594
-83.602
-83.591
-83.578
-83.575
-83.583
-83.593
-83.584
-83.563
-83.54
-83.53
-83.528
-83.503
-83.471
-83.449
-83.446
-83.462
-83.457
-83.446
-83.445
-83.464
-83.48
-83.476
-83.452
-83.427
-83.401
-83.391
-83.38
-83.351
-83.34
-83.327
-83.33
-83.32
-83.296
-83.277
-83.291
-83.312
-83.319
-83.305
-83.268
-83.243
-83.241
-83.243
-83.24
-83.23
-83.215
-83.224
-83.232
-83.227
-83.23
-83.25
-83.274
-83.292
-83.272
-83.253
-83.261
-83.268
-83.273
-83.263
-83.241
-83.236
-83.253
-83.27
-83.287
-83.288
-83.303
-83.325
-83.342
-83.346
-83.347
-83.342
-83.339
-83.333
-83.323
-83.319
-83.327
-83.337
-83.354
-83.353
-83.359
-83.351
-83.342
-83.35
-83.347
-83.348
-83.341
-83.324
-83.322
-83.318
-83.313
-83.311
-83.303
-83.306
-83.308
-83.307
-83.299
-83.285
-83.284
-83.3
-83.302
-83.294
-83.272
-83.272
-83.274
-83.272
-83.272
-83.258
-83.248
-83.242
-83.226
-83.222
-83.212
-83.215
-83.224
-83.2
-83.18
-83.173
-83.175
-83.186
-83.191
-83.171
-83.164
-83.144
-83.139
-83.144
-83.136
-83.125
-83.119
-83.113
-83.114
-83.107
-83.096
-83.088
-83.086
-83.075
-83.065
-83.056
-83.049
-83.041
-83.027
-83.007
-83.01
-82.997
-82.982
-82.983
-82.982
-82.973
-82.968
-82.972
-82.979
-82.988
-82.987
-82.996
-82.992
-82.986
-82.98
-82.982
-82.976
-82.97
-82.971
-82.979
-82.987
-82.992
-82.991
-83.001
-83.026
-83.041
-83.049
-83.047
-83.052
-83.054
-83.064
-83.069
-83.081
-83.08
-83.092
-83.112
-83.121
-83.13
-83.136
-83.151
-83.153
-83.157
-83.148
-83.148
-83.159
-83.168
-83.179
-83.167
-83.163
-83.166
-83.169
-83.186
-83.192
-83.187
-83.179
-83.169
-83.162
-83.143
-83.146
-83.174
-83.178
-83.166
-83.152
-83.134
-83.135
-83.15
-83.154
-83.143
-83.124
-83.112
-83.118
-83.112
-83.086
-83.067
-83.072
-83.071
-83.057
-83.027
-83.011
-83.022
-83.023
-83.012
-83.003
-82.994
-83
-83.009
-83.002
-82.983
-82.967
-82.97
-82.971
-82.936
-82.913
-82.892
-82.9
-82.92
-82.908
-82.877
-82.86
-82.859
-82.867
-82.858
-82.847
-82.819
-82.791
-82.783
-82.758
-82.732
-82.726
-82.733
-82.735
-82.721
-82.711
-82.71
-82.72
-82.747
-82.747
-82.739
-82.716
-82.708
-82.711
-82.708
-82.703
-82.688
-82.683
-82.698
-82.704
-82.705
-82.723
-82.744
-82.762
-82.772
-82.774
-82.749
-82.748
-82.773
-82.769
-82.768
-82.75
-82.742
-82.774
-82.798
-82.8
-82.811
-82.827
-82.841
-82.865
-82.881
-82.874
-82.876
-82.888
-82.897
-82.881
-82.854
-82.847
-82.859
-82.882
-82.89
-82.877
-82.883
-82.895
-82.913
-82.917
-82.888
-82.874
-82.875
-82.883
-82.86
-82.825
-82.81
-82.822
-82.837
-82.845
-82.839
-82.826
-82.831
-82.846
-82.848
-82.822
-82.793
-82.792
-82.801
-82.766
-82.729
-82.697
-82.709
-82.727
-82.727
-82.716
-82.707
-82.71
-82.728
-82.742
-82.721
-82.702
-82.698
-82.698
-82.679
-82.644
-82.613
-82.615
-82.631
-82.636
-82.624
-82.611
-82.621
-82.625
-82.627
-82.615
-82.576
-82.564
-82.568
-82.549
-82.521
-82.481
-82.461
-82.483
-82.493
-82.493
-82.483
-82.473
-82.472
-82.462
-82.456
-82.431
-82.424
-82.445
-82.434
-82.408
-82.376
-82.365
-82.401
-82.43
-82.433
-82.435
-82.428
-82.435
-82.449
-82.456
-82.444
-82.45
-82.469
-82.48
-82.458
-82.434
-82.432
-82.466
-82.495
-82.507
-82.508
-82.513
-82.527
-82.543
-82.546
-82.529
-82.536
-82.56
-82.572
-82.543
-82.514
-82.506
-82.529
-82.553
-82.561
-82.56
-82.564
-82.586
-82.594
-82.592
-82.563
-82.556
-82.567
-82.56
-82.514
-82.481
-82.47
-82.501
-82.536
-82.528
-82.504
-82.498
-82.517
-82.532
-82.529
-82.498
-82.492
-82.494
-82.48
-82.431
-82.381
-82.368
-82.403
-82.432
-82.426
-82.399
-82.404
-82.426
-82.439
-82.436
-82.402
-82.391
-82.393
-82.375
-82.344
-82.305
-82.294
-82.32
-82.334
-82.325
-82.306
-82.305
-82.33
-82.337
-82.327
-82.297
-82.26
-82.251
-82.24
-82.21
-82.175
-82.143
-82.152
-82.169
-82.164
-82.161
-82.169
-82.189
-82.193
-82.184
-82.164
-82.136
-82.141
-82.148
-82.129
-82.108
-82.087
-82.102
-82.134
-82.135
-82.138
-82.149
-82.169
-82.182
-82.19
-82.177
-82.156
-82.16
-82.158
-82.151
-82.138
-82.128
-82.145
-82.177
-82.198
-82.209
-82.224
-82.246
-82.268
-82.29
-82.278
-82.256
-82.267
-82.268
-82.266
-82.239
-82.213
-82.224
-82.241
-82.257
-82.264
-82.27
-82.292
-82.316
-82.333
-82.317
-82.289
-82.291
-82.284
-82.268
-82.224
-82.189
-82.196
-82.218
-82.234
-82.241
-82.25
-82.277
-82.302
-82.302
-82.281
-82.244
-82.243
-82.24
-82.223
-82.183
-82.144
-82.135
-82.155
-82.181
-82.19
-82.19
-82.204
-82.222
-82.224
-82.207
-82.174
-82.162
-82.16
-82.137
-82.093
-82.048
-82.025
-82.06
-82.083
-82.092
-82.099
-82.111
-82.129
-82.134
-82.119
-82.079
-82.054
-82.044
-82.015
-81.977
-81.938
-81.916
-81.943
-81.96
-81.967
-81.975
-81.989
-82.015
-82.025
-81.998
-81.958
-81.937
-81.946
-81.938
-81.914
-81.893
-81.875
-81.908
-81.941
-81.967
-81.983
-81.99
-82.026
-82.05
-82.032
-82.01
-81.986
-81.995
-82.007
-81.988
-81.968
-81.947
-81.974
-82.023
-82.052
-82.075
-82.08
-82.108
-82.139
-82.134
-82.124
-82.119
-82.132
-82.148
-82.119
-82.092
-82.08
-82.104
-82.157
-82.184
-82.195
-82.199
-82.213
-82.225
-82.226
-82.195
-82.176
-82.187
-82.194
-82.162
-82.127
-82.103
-82.123
-82.163
-82.185
-82.194
-82.188
-82.201
-82.221
-82.22
-82.182
-82.14
-82.147
-82.155
-82.132
-82.082
-82.04
-82.059
-82.102
-82.131
-82.133
-82.118
-82.138
-82.161
-82.146
-82.112
-82.061
-82.062
-82.07
-82.051
-81.999
-81.936
-81.943
-81.999
-82.04
-82.037
-82.027
-82.045
-82.067
-82.055
-82.015
-81.96
-81.958
-81.959
-81.921
-81.859
-81.812
-81.81
-81.854
-81.88
-81.87
-81.859
-81.877
-81.913
-81.911
-81.88
-81.839
-81.838
-81.838
-81.815
-81.769
-81.731
-81.744
-81.79
-81.835
-81.838
-81.828
-81.855
-81.89
-81.9
-81.887
-81.854
-81.863
-81.871
-81.849
-81.809
-81.778
-81.79
-81.843
-81.889
-81.905
-81.903
-81.929
-81.979
-81.997
-81.984
-81.96
-81.973
-81.989
-81.971
-81.942
-81.915
-81.927
-81.973
-82.003
-82.008
-82.009
-82.032
-82.076
-82.083
-82.054
-82.029
-82.023
-82.022
-82.008
-81.953
-81.923
-81.927
-81.964
-81.994
-81.995
-82.003
-82.03
-82.061
-82.067
-82.039
-82.013
-82.004
-82.006
-82.003
-81.957
-81.921
-81.911
-81.936
-81.961
-81.962
-81.971
-81.989
-82.01
-82.011
-81.974
-81.942
-81.929
-81.928
-81.917
-81.877
-81.836
-81.826
-81.844
-81.879
-81.893
-81.893
-81.909
-81.924
-81.924
-81.889
-81.846
-81.83
-81.828
-81.812
-81.772
-81.727
-81.709
-81.734
-81.769
-81.769
-81.766
-81.78
-81.798
-81.801
-81.77
-81.732
-81.719
-81.716
-81.706
-81.664
-81.621
-81.615
-81.644
-81.69
-81.705
-81.706
-81.727
-81.765
-81.774
-81.762
-81.734
-81.724
-81.724
-81.719
-81.685
-81.64
-81.638
-81.674
-81.723
-81.745
-81.761
-81.793
-81.834
-81.862
-81.849
-81.831
-81.826
-81.834
-81.846
-81.817
-81.767
-81.769
-81.804
-81.855
-81.88
-81.885
-81.901
-81.933
-81.955
-81.937
-81.913
-81.896
-81.888
-81.886
-81.851
-81.803
-81.789
-81.816
-81.86
-81.879
-81.881
-81.894
-81.931
-81.938
-81.913
-81.905
-81.9
-81.886
-81.879
-81.84
-81.788
-81.761
-81.775
-81.813
-81.836
-81.839
-81.849
-81.876
-81.894
-81.879
-81.853
-81.848
-81.838
-81.826
-81.789
-81.737
-81.72
-81.744
-81.776
-81.796
-81.802
-81.809
-81.837
-81.844
-81.827
-81.803
-81.788
-81.772
-81.766
-81.714
-81.654
-81.626
-81.641
-81.668
-81.681
-81.686
-81.696
-81.71
-81.711
-81.694
-81.671
-81.669
-81.649
-81.635
-81.589
-81.537
-81.513
-81.534
-81.577
-81.602
-81.613
-81.634
-81.662
-81.671
-81.665
-81.648
-81.639
-81.624
-81.614
-81.579
-81.539
-81.529
-81.562
-81.616
-81.643
-81.655
-81.685
-81.738
-81.779
-81.777
-81.765
-81.766
-81.757
-81.76
-81.719
-81.687
-81.692
-81.722
-81.772
-81.789
-81.81
-81.846
-81.883
-81.91
-81.888
-81.87
-81.868
-81.852
-81.837
-81.795
-81.749
-81.751
-81.77
-81.797
-81.799
-81.809
-81.841
-81.87
-81.89
-81.872
-81.857
-81.853
-81.845
-81.833
-81.8
-81.753
-81.744
-81.763
-81.792
-81.81
-81.824
-81.849
-81.884
-81.903
-81.876
-81.851
-81.839
-81.815
-81.793
-81.764
-81.719
-81.698
-81.713
-81.741
-81.754
-81.76
-81.786
-81.819
-81.831
-81.802
-81.766
-81.76
-81.741
-81.719
-81.679
-81.636
-81.623
-81.626
-81.645
-81.655
-81.661
-81.699
-81.724
-81.733
-81.691
-81.649
-81.646
-81.625
-81.608
-81.57
-81.523
-81.517
-81.525
-81.55
-81.564
-81.573
-81.615
-81.643
-81.659
-81.625
-81.593
-81.593
-81.583
-81.568
-81.537
-81.492
-81.484
-81.506
-81.54
-81.567
-81.583
-81.622
-81.665
-81.691
-81.674
-81.647
-81.646
-81.64
-81.634
-81.612
-81.567
-81.559
-81.585
-81.628
-81.658
-81.678
-81.715
-81.759
-81.781
-81.756
-81.729
-81.727
-81.719
-81.711
-81.676
-81.626
-81.604
-81.623
-81.662
-81.687
-81.704
-81.731
-81.765
-81.777
-81.741
-81.722
-81.721
-81.715
-81.697
-81.652
-81.609
-81.583
-81.603
-81.64
-81.659
-81.678
-81.706
-81.741
-81.741
-81.705
-81.679
-81.668
-81.655
-81.634
-81.582
-81.53
-81.504
-81.512
-81.55
-81.563
-81.587
-81.619
-81.645
-81.639
-81.605
-81.586
-81.573
-81.544
-81.526
-81.475
-81.432
-81.405
-81.405
-81.441
-81.451
-81.467
-81.489
-81.52
-81.518
-81.482
-81.467
-81.454
-81.425
-81.404
-81.346
-81.295
-81.277
-81.284
-81.335
-81.354
-81.372
-81.404
-81.44
-81.449
-81.416
-81.405
-81.399
-81.386
-81.375
-81.321
-81.283
-81.261
-81.268
-81.328
-81.352
-81.391
-81.418
-81.458
-81.474
-81.452
-81.452
-81.44
-81.424
-81.414
-81.364
-81.334
-81.318
-81.332
-81.398
-81.438
-81.484
-81.53
-81.57
-81.583
-81.564
-81.566
-81.55
-81.53
-81.517
-81.465
-81.441
-81.416
-81.422
-81.47
-81.5
-81.566
-81.605
-81.636
-81.625
-81.582
-81.574
-81.556
-81.529
-81.514
-81.455
-81.427
-81.401
-81.399
-81.448
-81.48
-81.524
-81.556
-81.596
-81.596
-81.562
-81.547
-81.521
-81.489
-81.469
-81.417
-81.392
-81.366
-81.36
-81.387
-81.411
-81.452
-81.48
-81.515
-81.51
-81.481
-81.471
-81.443
-81.409
-81.378
-81.316
-81.294
-81.276
-81.268
-81.289
-81.301
-81.337
-81.368
-81.4
-81.38
-81.35
-81.334
-81.317
-81.28
-81.244
-81.194
-81.157
-81.133
-81.123
-81.147
-81.169
-81.206
-81.231
-81.259
-81.252
-81.246
-81.246
-81.236
-81.21
-81.185
-81.155
-81.13
-81.123
-81.131
-81.16
-81.197
-81.241
-81.281
-81.309
-81.308
-81.302
-81.306
-81.301
-81.288
-81.263
-81.224
-81.204
-81.201
-81.223
-81.244
-81.274
-81.33
-81.37
-81.401
-81.406
-81.407
-81.417
-81.415
-81.408
-81.392
-81.351
-81.327
-81.312
-81.326
-81.351
-81.381
-81.436
-81.469
-81.489
-81.474
-81.472
-81.486
-81.473
-81.449
-81.405
-81.366
-81.35
-81.336
-81.345
-81.361
-81.389
-81.439
-81.47
-81.482
-81.46
-81.458
-81.471
-81.458
-81.426
-81.373
-81.333
-81.313
-81.288
-81.289
-81.287
-81.317
-81.371
-81.402
-81.408
-81.381
-81.373
-81.382
-81.357
-81.318
-81.261
-81.22
-81.203
-81.19
-81.202
-81.2
-81.23
-81.283
-81.317
-81.315
-81.278
-81.27
-81.276
-81.236
-81.193
-81.121
-81.086
-81.065
-81.051
-81.064
-81.062
-81.087
-81.152
-81.193
-81.189
-81.159
-81.156
-81.169
-81.149
-81.114
-81.044
-81.025
-81.014
-81.005
-81.028
-81.039
-81.077
-81.149
-81.204
-81.215
-81.191
-81.2
-81.216
-81.204
-81.175
-81.126
-81.113
-81.098
-81.094
-81.117
-81.139
-81.191
-81.259
-81.333
-81.343
-81.318
-81.326
-81.341
-81.343
-81.319
-81.252
-81.236
-81.24
-81.232
-81.242
-81.254
-81.3
-81.361
-81.42
-81.42
-81.399
-81.403
-81.402
-81.382
-81.339
-81.276
-81.257
-81.253
-81.242
-81.248
-81.251
-81.297
-81.36
-81.405
-81.401
-81.381
-81.389
-81.391
-81.37
-81.329
-81.266
-81.246
-81.246
-81.23
-81.224
-81.222
-81.272
-81.334
-81.367
-81.35
-81.318
-81.327
-81.334
-81.316
-81.265
-81.201
-81.175
-81.177
-81.175
-81.168
-81.157
-81.201
-81.26
-81.298
-81.276
-81.235
-81.242
-81.246
-81.236
-81.163
-81.081
-81.05
-81.056
-81.054
-81.042
-81.026
-81.074
-81.137
-81.162
-81.14
-81.105
-81.123
-81.126
-81.108
-81.034
-80.973
-80.967
-80.983
-80.997
-80.989
-80.99
-81.04
-81.125
-81.153
-81.132
-81.118
-81.144
-81.16
-81.151
-81.083
-81.03
-81.04
-81.059
-81.087
-81.087
-81.095
-81.157
-81.255
-81.283
-81.25
-81.24
-81.266
-81.282
-81.271
-81.19
-81.131
-81.147
-81.168
-81.197
-81.204
-81.221
-81.279
-81.367
-81.393
-81.358
-81.349
-81.36
-81.374
-81.347
-81.262
-81.209
-81.207
-81.221
-81.232
-81.219
-81.231
-81.297
-81.392
-81.411
-81.377
-81.366
-81.372
-81.387
-81.348
-81.267
-81.208
-81.218
-81.243
-81.237
-81.216
-81.229
-81.287
-81.373
-81.376
-81.345
-81.333
-81.352
-81.376
-81.325
-81.246
-81.182
-81.198
-81.221
-81.212
-81.176
-81.185
-81.242
-81.322
-81.325
-81.286
-81.273
-81.291
-81.308
-81.255
-81.16
-81.094
-81.099
-81.118
-81.1
-81.064
-81.071
-81.123
-81.201
-81.191
-81.154
-81.136
-81.155
-81.184
-81.138
-81.05
-80.983
-80.996
-81.023
-81.01
-80.995
-81.003
-81.066
-81.149
-81.15
-81.131
-81.114
-81.132
-81.171
-81.112
-81.032
-80.992
-81.021
-81.071
-81.05
-81.032
-81.049
-81.132
-81.216
-81.226
-81.204
-81.195
-81.215
-81.255
-81.191
-81.112
-81.086
-81.12
-81.177
-81.164
-81.154
-81.175
-81.271
-81.363
-81.361
-81.332
-81.315
-81.333
-81.35
-81.28
-81.194
-81.158
-81.186
-81.244
-81.225
-81.218
-81.233
-81.325
-81.398
-81.384
-81.356
-81.334
-81.345
-81.362
-81.28
-81.188
-81.154
-81.178
-81.232
-81.207
-81.198
-81.218
-81.315
-81.369
-81.333
-81.302
-81.273
-81.274
-81.28
-81.194
-81.1
-81.06
-81.083
-81.13
-81.105
-81.095
-81.111
-81.212
-81.264
-81.241
-81.212
-81.17
-81.179
-81.175
-81.103
-81.009
-80.964
-80.986
-81.015
-80.99
-80.981
-81.004
-81.115
-81.166
-81.144
-81.112
-81.067
-81.063
-81.047
-80.959
-80.87
-80.846
-80.878
-80.892
-80.862
-80.859
-80.891
-80.999
-81.038
-81.03
-81.016
-81.001
-80.997
-80.984
-80.908
-80.832
-80.829
-80.88
-80.901
-80.883
-80.887
-80.916
-81.035
-81.08
-81.077
-81.074
-81.06
-81.075
-81.063
-80.996
-80.925
-80.918
-80.98
-81.02
-81.011
-81.015
-81.046
-81.148
-81.177
-81.173
-81.172
-81.163
-81.184
-81.155
-81.081
-81.004
-80.993
-81.041
-81.051
-81.04
-81.048
-81.085
-81.169
-81.179
-81.161
-81.155
-81.152
-81.174
-81.136
-81.06
-80.983
-80.986
-81.024
-81.032
-81.016
-81.027
-81.059
-81.121
-81.141
-81.124
-81.117
-81.102
-81.097
-81.067
-81.003
-80.93
-80.924
-80.956
-80.96
-80.944
-80.954
-80.986
-81.038
-81.048
-81.027
-81.011
-80.988
-80.982
-80.94
-80.864
-80.812
-80.813
-80.855
-80.854
-80.841
-80.841
-80.88
-80.933
-80.936
-80.917
-80.891
-80.875
-80.878
-80.819
-80.752
-80.702
-80.702
-80.73
-80.722
-80.717
-80.724
-80.77
-80.828
-80.839
-80.83
-80.804
-80.801
-80.8
-80.746
-80.691
-80.65
-80.666
-80.688
-80.684
-80.699
-80.716
-80.771
-80.829
-80.85
-80.851
-80.842
-80.849
-80.845
-80.811
-80.769
-80.746
-80.763
-80.777
-80.774
-80.785
-80.808
-80.87
-80.929
-80.965
-80.972
-80.965
-80.966
-80.958
-80.913
-80.864
-80.858
-80.874
-80.894
-80.879
-80.88
-80.902
-80.968
-81.022
-81.044
-81.035
-81.015
-81.007
-80.988
-80.942
-80.891
-80.885
-80.903
-80.92
-80.903
-80.902
-80.911
-80.978
-81.026
-81.041
-81.026
-80.995
-80.983
-80.96
-80.898
-80.839
-80.829
-80.85
-80.867
-80.854
-80.858
-80.87
-80.927
-80.961
-80.971
-80.967
-80.935
-80.922
-80.889
-80.827
-80.766
-80.748
-80.771
-80.773
-80.765
-80.776
-80.787
-80.844
-80.873
-80.875
-80.856
-80.819
-80.797
-80.764
-80.707
-80.641
-80.637
-80.67
-80.686
-80.673
-80.668
-80.679
-80.741
-80.771
-80.775
-80.763
-80.734
-80.716
-80.691
-80.647
-80.6
-80.599
-80.634
-80.661
-80.67
-80.688
-80.711
-80.769
-80.807
-80.818
-80.808
-80.786
-80.776
-80.749
-80.711
-80.681
-80.683
-80.724
-80.753
-80.767
-80.787
-80.817
-80.883
-80.926
-80.946
-80.935
-80.928
-80.928
-80.891
-80.855
-80.828
-80.841
-80.873
-80.887
-80.895
-80.903
-80.941
-81.003
-81.044
-81.05
-81.021
-81.013
-81.002
-80.966
-80.926
-80.886
-80.894
-80.912
-80.911
-80.918
-80.912
-80.964
-81.029
-81.067
-81.061
-81.025
-81.014
-80.998
-80.967
-80.923
-80.893
-80.895
-80.899
-80.887
-80.891
-80.894
-80.957
-81.012
-81.034
-81.019
-80.986
-80.971
-80.947
-80.909
-80.85
-80.834
-80.845
-80.854
-80.838
-80.827
-80.829
-80.891
-80.938
-80.95
-80.933
-80.889
-80.868
-80.837
-80.784
-80.709
-80.689
-80.716
-80.729
-80.717
-80.71
-80.717
-80.786
-80.829
-80.832
-80.815
-80.772
-80.756
-80.73
-80.681
-80.618
-80.621
-80.661
-80.666
-80.672
-80.674
-80.698
-80.772
-80.811
-80.818
-80.806
-80.781
-80.775
-80.76
-80.712
-80.648
-80.658
-80.704
-80.718
-80.731
-80.738
-80.773
-80.849
-80.896
-80.901
-80.893
-80.886
-80.891
-80.875
-80.83
-80.772
-80.794
-80.839
-80.86
-80.862
-80.858
-80.899
-80.97
-81.015
-81.012
-80.987
-80.971
-80.982
-80.958
-80.898
-80.827
-80.838
-80.875
-80.885
-80.881
-80.877
-80.931
-80.998
-81.028
-81.022
-80.996
-80.988
-80.996
-80.959
-80.898
-80.825
-80.845
-80.881
-80.886
-80.878
-80.866
-80.922
-80.984
-81.013
-80.996
-80.964
-80.957
-80.948
-80.92
-80.858
-80.793
-80.815
-80.837
-80.837
-80.835
-80.817
-80.883
-80.955
-80.977
-80.947
-80.895
-80.889
-80.876
-80.848
-80.783
-80.724
-80.739
-80.76
-80.759
-80.746
-80.724
-80.789
-80.859
-80.881
-80.848
-80.795
-80.783
-80.776
-80.748
-80.675
-80.62
-80.649
-80.686
-80.702
-80.7
-80.693
-80.752
-80.826
-80.852
-80.839
-80.798
-80.8
-80.8
-80.77
-80.699
-80.663
-80.707
-80.74
-80.762
-80.769
-80.779
-80.858
-80.927
-80.946
-80.939
-80.888
-80.899
-80.892
-80.86
-80.804
-80.792
-80.853
-80.877
-80.886
-80.896
-80.913
-80.991
-81.044
-81.06
-81.061
-81.002
-80.994
-80.971
-80.925
-80.854
-80.838
-80.886
-80.918
-80.93
-80.926
-80.938
-81.002
-81.056
-81.08
-81.074
-81.035
-81.036
-81.016
-80.963
-80.879
-80.855
-80.902
-80.937
-80.945
-80.943
-80.962
-81.027
-81.064
-81.066
-81.042
-81.013
-81.017
-80.979
-80.918
-80.843
-80.838
-80.875
-80.895
-80.894
-80.907
-80.94
-81.003
-81.027
-81.006
-80.974
-80.943
-80.944
-80.914
-80.865
-80.787
-80.78
-80.796
-80.808
-80.794
-80.793
-80.81
-80.871
-80.9
-80.884
-80.845
-80.798
-80.787
-80.759
-80.717
-80.666
-80.669
-80.688
-80.698
-80.696
-80.691
-80.728
-80.8
-80.837
-80.828
-80.806
-80.79
-80.784
-80.749
-80.709
-80.677
-80.668
-80.619
-80.573
-80.504
-80.453
-80.447
-80.467
-80.441
-80.372
-80.299
-80.247
-80.189
-80.1
-80.019
-79.95
-79.931
-79.905
-79.876
-79.834
-79.796
-79.729
-79.687
-79.598
-79.484
-79.368
-79.274
-79.177
-79.042
-78.901
-78.791
-78.73
-78.654
-78.571
-78.484
-78.415
-78.372
-78.337
-78.243
-78.13
-77.956
-77.791
-77.631
-77.456
-77.278
-77.133
-77.028
-76.903
-76.778
-76.641
-76.507
-76.419
-76.329
-76.183
-76.017
-75.841
-75.685
-75.507
-75.308
-75.088
-74.894
-74.738
-74.598
-74.454
-74.268
-74.111
-73.995
-73.889
-73.73
-73.535
-73.337
-73.152
-72.957
-72.741
-72.505
-72.308
-72.155
-72.003
-71.846
-71.661
-71.51
-71.375
-71.256
-71.085
-70.879
-70.694
-70.517
-70.314
-70.087
-69.839
-69.633
-69.463
-69.29
-69.112
-68.924
-68.761
-68.639
-68.522
-68.363
-68.154
-67.951
-67.779
-67.601
-67.377
-67.124
-66.901
-66.719
-66.558
-66.379
-66.195
-66.021
-65.893
-65.777
-65.617
-65.423
-65.204
-65.032
-64.873
-64.689
-64.452
-64.209
-64.003
-63.833
-63.675
-63.489
-63.307
-63.157
-63.04
-62.899
-62.738
-62.522
-62.317
-62.13
-61.956
-61.767
-61.544
-61.305
-61.1
-60.946
-60.798
-60.621
-60.432
-60.274
-60.145
-60.005
-59.838
-59.625
-59.394
-59.201
-59.048
-58.869
-58.657
-58.422
-58.217
-58.062
-57.927
-57.772
-57.575
-57.379
-57.22
-57.066
-56.898
-56.711
-56.507
-56.316
-56.143
-55.97
-55.771
-55.554
-55.351
-55.197
-55.06
-54.867
-54.637
-54.42
-54.233
-54.083
-53.914
-53.72
-53.521
-53.322
-53.125
-52.954
-52.786
-52.597
-52.399
-52.203
-52.029
-51.856
-51.635
-51.4
-51.183
-50.983
-50.819
-50.657
-50.483
-50.284
-50.089
-49.911
-49.753
-49.615
-49.422
-49.193
-48.959
-48.762
-48.585
-48.402
-48.191
-47.976
-47.787
-47.641
-47.502
-47.34
-47.155
-46.98
-46.819
-46.685
-46.523
-46.314
-46.087
-45.866
-45.664
-45.479
-45.287
-45.06
-44.847
-44.675
-44.543
-44.412
-44.273
-44.104
-43.938
-43.759
-43.607
-43.472
-43.3
-43.068
-42.826
-42.613
-42.428
-42.255
-42.07
-41.882
-41.702
-41.557
-41.429
-41.295
-41.124
-40.939
-40.757
-40.575
-40.403
-40.227
-40.041
-39.824
-39.601
-39.395
-39.218
-39.062
-38.925
-38.769
-38.594
-38.418
-38.255
-38.113
-37.956
-37.762
-37.549
-37.343
-37.167
-37.022
-36.859
-36.646
-36.422
-36.23
-36.069
-35.93
-35.761
-35.545
-35.313
-35.11
-34.949
-34.795
-34.615
-34.424
-34.232
-34.047
-33.881
-33.735
-33.573
-33.399
-33.194
-32.958
-32.749
-32.581
-32.414
-32.211
-31.966
-31.737
-31.545
-31.398
-31.262
-31.085
-30.883
-30.7
-30.543
-30.409
-30.243
-30.04
-29.813
-29.584
-29.362
-29.175
-29.005
-28.831
-28.626
-28.41
-28.23
-28.081
-27.957
-27.839
-27.69
-27.488
-27.283
-27.097
-26.943
-26.774
-26.562
-26.336
-26.119
-25.921
-25.766
-25.614
-25.444
-25.273
-25.089
-24.924
-24.769
-24.619
-24.453
-24.254
-24.043
-23.824
-23.637
-23.481
-23.343
-23.193
-22.989
-22.789
-22.609
-22.47
-22.341
-22.172
-21.968
-21.733
-21.513
-21.345
-21.189
-21.011
-20.831
-20.66
-20.46
-20.295
-20.169
-20.056
-19.913
-19.747
-19.54
-19.306
-19.094
-18.939
-18.773
-18.581
-18.353
-18.121
-17.939
-17.793
-17.675
-17.523
-17.354
-17.181
-16.997
-16.818
-16.665
-16.507
-16.323
-16.116
-15.888
-15.647
-15.456
-15.309
-15.138
-14.943
-14.726
-14.527
-14.37
-14.235
-14.079
-13.911
-13.701
-13.482
-13.271
-13.097
-12.94
-12.785
-12.597
-12.403
-12.191
-11.999
-11.841
-11.687
-11.517
-11.293
-11.065
-10.843
-10.664
-10.487
-10.306
-10.128
-9.9398
-9.7488
-9.5908
-9.4496
-9.3289
-9.2019
-9.0427
-8.844
-8.6453
-8.4439
-8.2755
-8.1276
-7.9185
-7.7018
-7.4953
-7.2999
-7.1199
-6.9727
-6.8212
-6.6517
-6.5028
-6.3544
-6.1944
-6.0105
-5.8368
-5.6661
-5.4855
-5.2857
-5.0855
-4.916
-4.7344
-4.5682
-4.4013
-4.2174
-4.051
-3.896
-3.7309
-3.5532
-3.3575
-3.162
-2.9724
-2.7858
-2.5746
-2.3841
-2.2126
-2.0658
-1.9234
-1.7665
-1.5962
-1.442
-1.2877
-1.1308
-0.9649
-0.78613
-0.591
-0.41012
-0.20899
-0.0069633
0.19492
0.37531
0.52919
0.68842
0.84817
0.99824
1.1556
1.3022
1.4522
1.6091
1.7878
1.9826
2.1668
2.3603
2.5589
2.7603
2.9403
3.118
3.3103
3.4933
3.6754
3.8346
3.9911
4.1637
4.3225
4.4383
4.5756
4.6838
4.8141
4.9439
5.0835
5.2017
5.3184
5.4436
5.5633
5.6829
5.7855
5.9043
6.0321
6.1874
6.3366
6.4902
6.6391
6.7677
6.8597
6.9583
7.0105
7.0814
7.1697
7.2495
7.323
7.3646
7.4222
7.4918
7.5853
7.6723
7.7621
7.8373
7.9319
8.03
8.1382
8.2154
8.2905
8.3393
8.3602
8.3897
8.4125
8.4399
8.4871
8.5505
8.6018
8.6561
8.6695
8.7059
8.7465
8.7909
8.8034
8.8148
8.834
8.8561
8.8651
8.8769
8.868
8.8685
8.8835
8.9211
8.9595
8.9577
8.9834
9.0106
9.0513
9.0652
9.065
9.0621
9.0668
9.0478
9.04
9.0038
9.0002
9.0187
9.0436
9.0576
9.0488
9.0565
9.0851
9.1159
9.1279
9.0978
9.0978
9.1149
9.1076
9.0962
9.0532
9.0414
9.0658
9.0702
9.0781
9.0485
9.0483
9.0776
9.1124
9.1283
9.0869
9.0716
9.0808
9.0883
9.0612
9.01
8.9825
8.9814
9.005
9.013
9.0019
8.9946
9.0149
9.0637
9.085
9.0693
9.0451
9.0509
9.0788
9.0786
9.0322
8.9627
8.9148
8.9193
8.9308
8.9165
8.881
8.8678
8.8989
8.9309
8.9561
8.9212
8.8996
8.9034
8.9249
8.9276
8.8859
8.827
8.796
8.8133
8.8392
8.8167
8.7844
8.7774
8.8202
8.8462
8.8482
8.8108
8.7799
8.7866
8.8124
8.8067
8.7663
8.7053
8.6735
8.678
8.7115
8.7112
8.6992
8.6967
8.7416
8.7744
8.7868
8.781
8.7767
8.7904
8.8052
8.8127
8.7914
8.734
8.6822
8.6725
8.6916
8.6723
8.6374
8.6133
8.6199
8.6518
8.6694
8.6636
8.6445
8.6437
8.6413
8.6614
8.6693
8.6494
8.597
8.559
8.5643
8.5833
8.5805
8.553
8.5252
8.5118
8.5328
8.5476
8.5445
8.5383
8.518
8.5215
8.5213
8.5252
8.4817
8.4173
8.3655
8.3621
8.3904
8.4079
8.4139
8.3926
8.403
8.4287
8.4686
8.4734
8.4758
8.4792
8.4815
8.5109
8.5015
8.4578
8.3742
8.3345
8.3109
8.3419
8.3585
8.3351
8.2913
8.282
8.2939
8.3079
8.3204
8.3144
8.3288
8.3317
8.3609
8.3866
8.3914
8.334
8.2907
8.2825
8.3079
8.3335
8.325
8.3101
8.2682
8.2499
8.2441
8.2751
8.2824
8.2943
8.2924
8.2883
8.2864
8.2903
8.2845
8.2344
8.1889
8.167
8.1921
8.2213
8.2558
8.2313
8.2007
8.1693
8.1907
8.2468
8.2976
8.3105
8.3024
8.295
8.2842
8.3008
8.2902
8.2515
8.2027
8.1843
8.1803
8.204
8.1971
8.1554
8.0808
8.0462
8.0711
8.1224
8.1566
8.1715
8.1531
8.139
8.1353
8.1436
8.1384
8.1357
8.115
8.0911
8.0914
8.1005
8.096
8.0473
7.986
7.9319
7.9404
7.9722
8.0295
8.0313
7.9945
7.9523
7.9243
7.9289
7.9457
7.9475
7.9394
7.9159
7.8933
7.89
7.9078
7.8937
7.8581
7.8072
7.8262
7.8833
7.9433
7.9773
7.9673
7.9229
7.8877
7.8896
7.9215
7.9457
7.9448
7.9212
7.8753
7.838
7.8318
7.8126
7.7854
7.7579
7.7234
7.7274
7.7585
7.811
7.8215
7.7924
7.7419
7.7226
7.7322
7.7754
7.8244
7.8504
7.8178
7.7719
7.7225
7.7095
7.7069
7.7229
7.7018
7.67
7.6332
7.6459
7.6768
7.6753
7.6622
7.6266
7.5809
7.581
7.6188
7.6884
7.7011
7.6964
7.6426
7.5769
7.5336
7.5674
7.6027
7.6276
7.619
7.5748
7.5422
7.56
7.5951
7.6035
7.5849
7.5742
7.5589
7.5685
7.6069
7.634
7.6274
7.5877
7.5493
7.4903
7.4694
7.4991
7.5152
7.5064
7.4598
7.4149
7.3968
7.4137
7.4463
7.4666
7.4811
7.4488
7.4419
7.453
7.493
7.5019
7.4917
7.4455
7.4064
7.3612
7.3706
7.3688
7.381
7.3437
7.2945
7.2496
7.235
7.2475
7.2483
7.24
7.2204
7.2059
7.2181
7.2426
7.282
7.3034
7.293
7.2718
7.2538
7.2504
7.2639
7.3074
7.2948
7.2803
7.2553
7.2361
7.2147
7.232
7.229
7.228
7.2243
7.2256
7.23
7.2359
7.2594
7.2562
7.2406
7.2099
7.1864
7.1849
7.183
7.1843
7.1915
7.1643
7.1387
7.1043
7.08
7.0701
7.0718
7.0769
7.0883
7.0977
7.094
7.1005
7.1028
7.1143
7.1121
7.118
7.1025
7.1179
7.1034
7.1006
7.1037
7.0987
7.0853
7.06
7.0363
7.0095
6.9909
7.0005
7.0148
7.0201
7.021
7.0092
7.006
6.996
7.0102
7.0321
7.0476
7.0544
7.0524
7.0513
7.0529
7.0575
7.0608
7.0473
7.0041
6.9861
6.9525
6.9582
6.9539
6.9438
6.9298
6.9085
6.9017
6.8904
6.8774
6.8762
6.8662
6.8576
6.8493
6.8405
6.8418
6.8178
6.8029
6.7762
6.7576
6.7505
6.7299
6.7308
6.712
6.7127
6.712
6.7066
6.7093
6.7026
6.6892
6.6815
6.6891
6.6995
6.7107
6.7123
6.7155
6.7069
6.6914
6.6963
6.6765
6.6713
6.6447
6.6247
6.616
6.6004
6.5918
6.5815
6.568
6.5522
6.5351
6.5083
6.5117
6.5124
6.547
6.5513
6.5608
6.5624
6.5639
6.5684
6.5713
6.5765
6.5692
6.5623
6.5539
6.5509
6.5377
6.5099
6.49
6.4598
6.4384
6.4224
6.4037
6.3863
6.3578
6.3445
6.3415
6.3634
6.352
6.3539
6.3259
6.3173
6.3137
6.3289
6.3549
6.3622
6.3571
6.3518
6.347
6.3624
6.3672
6.3546
6.348
6.3345
6.3266
6.3342
6.3196
6.3273
6.3153
6.3099
6.3127
6.2929
6.2896
6.2802
6.2725
6.2679
6.2484
6.2407
6.2415
6.2387
6.2146
6.2019
6.1791
6.1598
6.1522
6.1368
6.1539
6.1446
6.1414
6.1347
6.1188
6.1114
6.0912
6.0832
6.078
6.0831
6.0937
6.1035
6.1061
6.0842
6.084
6.0611
6.0543
6.04
6.0142
6.0192
5.9942
5.9804
5.959
5.9322
5.9261
5.9206
5.9251
5.9123
5.891
5.8664
5.8576
5.8693
5.876
5.903
5.9059
5.9078
5.9003
5.8976
5.9021
5.8973
5.8993
5.9064
5.9122
5.9081
5.9096
5.9047
5.8674
5.862
5.824
5.8107
5.7916
5.7735
5.7689
5.741
5.7203
5.7031
5.682
5.6871
5.6958
5.7063
5.6871
5.6743
5.6439
5.6304
5.6371
5.6424
5.6613
5.6668
5.6716
5.6638
5.6512
5.6358
5.6327
5.6312
5.6314
5.6349
5.6386
5.6255
5.609
5.5886
5.5972
5.607
5.5906
5.6042
5.6036
5.5961
5.593
5.5642
5.5638
5.5554
5.5575
5.5671
5.5731
5.564
5.5345
5.5108
5.4681
5.4687
5.464
5.4678
5.4754
5.4668
5.4477
5.4333
5.4288
5.4313
5.4474
5.4509
5.4718
5.467
5.4754
5.4374
5.4225
5.3911
5.3867
5.3926
5.3836
5.3989
5.3838
5.3553
5.3225
5.2932
5.2646
5.2434
5.2227
5.2306
5.2247
5.2218
5.1978
5.1699
5.1489
5.1279
5.1516
5.1693
5.2034
5.2102
5.2008
5.1781
5.1782
5.1852
5.2089
5.2152
5.2218
5.2322
5.2391
5.231
5.2011
5.1892
5.1483
5.161
5.1705
5.1773
5.1821
5.153
5.1069
5.0746
5.0349
5.008
5.0065
5.0092
5.0302
5.0275
5.0324
5.0117
4.9986
4.9745
4.9666
4.9839
5.0084
5.0242
5.029
4.9975
4.9761
4.9635
4.969
4.9752
4.9803
4.9785
4.9788
4.9708
4.9538
4.9184
4.9003
4.894
4.9048
4.9449
4.9445
4.9606
4.9361
4.8911
4.8582
4.8564
4.8411
4.8468
4.8513
4.8717
4.8789
4.88
4.8537
4.8126
4.7774
4.7615
4.7605
4.7924
4.7955
4.7932
4.7582
4.7065
4.6825
4.6849
4.7012
4.718
4.7221
4.7103
4.7073
4.7068
4.6896
4.6629
4.6573
4.6499
4.649
4.6806
4.6716
4.6492
4.6221
4.5527
4.52
4.4965
4.4812
4.4691
4.4807
4.4905
4.4854
4.4584
4.4183
4.3705
4.3498
4.342
4.353
4.3809
4.4064
4.399
4.413
4.3888
4.3996
4.4213
4.4425
4.4656
4.4792
4.4924
4.5015
4.4971
4.4955
4.4728
4.4733
4.4637
4.4689
4.4882
4.5027
4.4638
4.4409
4.4027
4.3552
4.3379
4.3274
4.2979
4.2953
4.3008
4.313
4.2935
4.277
4.2512
4.2189
4.214
4.2047
4.2087
4.226
4.2457
4.2474
4.2462
4.2317
4.2199
4.2323
4.2407
4.2537
4.2648
4.2578
4.258
4.2432
4.2558
4.2488
4.2504
4.2433
4.2357
4.2248
4.2438
4.2154
4.2161
4.1981
4.173
4.1489
4.1457
4.1252
4.124
4.15
4.1632
4.1733
4.1676
4.1528
4.1287
4.1008
4.095
4.0911
4.096
4.1079
4.0931
4.0916
4.0807
4.0725
4.0663
4.076
4.0588
4.0454
4.0332
4.0487
4.0606
4.0868
4.0757
4.054
4.0268
4.0147
4.0046
3.9977
4.0071
3.9741
3.9664
3.9732
3.9462
3.9261
3.9048
3.8558
3.8403
3.8443
3.8682
3.8682
3.8575
3.833
3.7953
3.7657
3.7654
3.7735
3.77
3.7793
3.7641
3.7611
3.7672
3.7838
3.7769
3.8036
3.7946
3.7851
3.7925
3.8029
3.8346
3.8509
3.8673
3.8605
3.8284
3.8277
3.8287
3.7996
3.814
3.7937
3.7697
3.7761
3.7701
3.7312
3.6933
3.6523
3.6046
3.5947
3.5988
3.595
3.5709
3.5577
3.5392
3.5365
3.5237
3.5367
3.5361
3.524
3.5326
3.5189
3.5373
3.5791
3.603
3.6239
3.6404
3.6377
3.6384
3.6551
3.6724
3.6814
3.6902
3.6995
3.6893
3.6849
3.681
3.6807
3.6515
3.6411
3.6231
3.5862
3.5778
3.5768
3.5362
3.4927
3.4708
3.4269
3.4389
3.4606
3.4684
3.4569
3.4216
3.418
3.4086
3.4159
3.4351
3.4384
3.4184
3.4157
3.4106
3.403
3.4199
3.4439
3.4484
3.4315
3.4212
3.395
3.3843
3.3937
3.3926
3.3897
3.3795
3.3745
3.3622
3.3564
3.3563
3.3572
3.3172
3.3099
3.3132
3.2724
3.2898
3.2951
3.2643
3.2471
3.2297
3.2279
3.2569
3.2751
3.2591
3.2253
3.1941
3.193
3.1975
3.2055
3.2127
3.2008
3.1842
3.168
3.1732
3.16
3.151
3.1646
3.1658
3.1611
3.1625
3.1692
3.1614
3.1776
3.1706
3.1659
3.1748
3.1654
3.1826
3.1782
3.1778
3.1791
3.1553
3.1395
3.1435
3.1262
3.0953
3.0954
3.0741
3.0365
3.0172
2.9947
3.0029
2.9991
3.0065
2.9834
2.9499
2.9265
2.9204
2.9276
2.9346
2.9529
2.9519
2.9384
2.9206
2.9264
2.9376
2.9411
2.9861
2.9973
3.0069
3.0379
3.0425
3.053
3.0622
3.0783
3.0862
3.081
3.0701
3.0614
3.0646
3.0592
3.0695
3.0488
3.0063
2.9899
2.9627
2.9317
2.9111
2.886
2.8336
2.7889
2.786
2.7934
2.7952
2.7759
2.7408
2.6816
2.648
2.6512
2.6554
2.6797
2.6824
2.6898
2.6902
2.6634
2.6836
2.707
2.7113
2.7302
2.7385
2.7216
2.7217
2.7624
2.7828
2.8013
2.8175
2.8041
2.793
2.7804
2.7777
2.77
2.7457
2.7198
2.707
2.686
2.6534
2.6563
2.6438
2.5984
2.5678
2.539
2.5132
2.4911
2.5134
2.552
2.541
2.5266
2.5061
2.4777
2.4837
2.4959
2.522
2.5305
2.5095
2.4989
2.493
2.4978
2.5155
2.5466
2.5451
2.5299
2.5404
2.5333
2.5334
2.5523
2.5508
2.5236
2.5101
2.5142
2.5024
2.4981
2.497
2.4887
2.4884
2.4769
2.474
2.4719
2.4552
2.4545
2.452
2.4332
2.4117
2.3863
2.3707
2.3716
2.4157
2.4629
2.4547
2.4222
2.3846
2.3681
2.3629
2.3828
2.4083
2.4057
2.3922
2.3638
2.3466
2.3579
2.3571
2.3547
2.3477
2.3228
2.3147
2.3389
2.3602
2.3557
2.3661
2.3711
2.3347
2.3376
2.3407
2.3193
2.3175
2.3033
2.2986
2.2905
2.2695
2.2619
2.2778
2.2814
2.2607
2.2315
2.2019
2.1488
2.1162
2.1021
2.1284
2.1682
2.1691
2.1562
2.118
2.0843
2.0958
2.0994
2.0896
2.0753
2.0555
2.05
2.0507
2.0476
2.057
2.063
2.0654
2.0687
2.0899
2.0895
2.0773
2.1101
2.1292
2.1301
2.1671
2.1781
2.1543
2.1698
2.199
2.198
2.1865
2.1741
2.1412
2.1255
2.1292
2.1192
2.1287
2.1163
2.0628
2.0168
1.9799
1.9437
1.9365
1.9539
1.9607
1.9348
1.9011
1.8961
1.8866
1.8813
1.874
1.8805
1.888
1.8787
1.8776
1.8858
1.8815
1.9126
1.953
1.9792
2.0148
2.0176
2.0328
2.0644
2.0866
2.1146
2.1281
2.1006
2.0908
2.1127
2.1244
2.1283
2.1419
2.1525
2.1188
2.0847
2.0641
2.0275
2.0195
1.997
1.9447
1.9153
1.8716
1.8304
1.7979
1.7687
1.7704
1.7813
1.7977
1.783
1.7339
1.7059
1.6906
1.6828
1.7054
1.7112
1.7192
1.724
1.7058
1.7103
1.7526
1.7723
1.7721
1.7709
1.7705
1.7575
1.7604
1.8066
1.8309
1.8383
1.8596
1.8522
1.8208
1.8193
1.8254
1.8293
1.8111
1.7874
1.7733
1.7405
1.7255
1.7213
1.6925
1.6701
1.6337
1.5949
1.5748
1.549
1.532
1.5049
1.5145
1.5763
1.5916
1.5803
1.6059
1.5924
1.5722
1.5984
1.6299
1.617
1.5923
1.5872
1.5854
1.5881
1.6083
1.6353
1.6473
1.6432
1.6256
1.6111
1.6155
1.6193
1.6181
1.6333
1.6299
1.6011
1.6062
1.6264
1.6174
1.6043
1.5871
1.5622
1.5371
1.5477
1.5605
1.5404
1.5337
1.518
1.4937
1.5115
1.5117
1.4886
1.4881
1.4713
1.466
1.5019
1.5466
1.5474
1.5036
1.4684
1.4807
1.4989
1.5085
1.5253
1.5265
1.4869
1.4576
1.4417
1.4671
1.4828
1.4758
1.4711
1.457
1.4318
1.4314
1.4404
1.45
1.4497
1.4293
1.4171
1.4152
1.4235
1.4289
1.4128
1.3982
1.3822
1.3645
1.3858
1.4059
1.3754
1.3552
1.3623
1.3461
1.3523
1.367
1.341
1.2986
1.262
1.2554
1.2658
1.2871
1.2994
1.2759
1.2608
1.2521
1.2341
1.2229
1.2526
1.2565
1.2033
1.1884
1.195
1.1715
1.1596
1.1658
1.1652
1.1583
1.1536
1.1546
1.1533
1.1547
1.1656
1.1533
1.161
1.1941
1.1948
1.1889
1.233
1.2343
1.201
1.2298
1.2683
1.2738
1.2705
1.2486
1.213
1.1679
1.1627
1.1762
1.1769
1.1646
1.1408
1.0974
1.0653
1.0652
1.0487
1.0255
1.0457
1.0394
1.0012
0.98104
0.99082
0.98675
0.97503
0.97229
0.97638
0.97157
0.96312
0.96768
0.9787
0.97027
0.98331
0.98789
1.0039
1.0301
1.0299
1.0343
1.0673
1.0757
1.081
1.1171
1.1568
1.1792
1.1725
1.1184
1.1023
1.1065
1.1
1.1184
1.1422
1.1178
1.06
1.0244
1.0119
0.98812
0.97211
0.95279
0.93642
0.8884
0.8316
0.80326
0.78796
0.77037
0.74777
0.72084
0.70382
0.70719
0.70676
0.68926
0.69565
0.69673
0.68979
0.69394
0.71641
0.74565
0.75776
0.75391
0.7753
0.80799
0.81195
0.84736
0.90895
0.92846
0.9415
0.92675
0.90585
0.89759
0.93298
0.96667
0.96502
0.96985
0.95567
0.92156
0.89685
0.90247
0.89533
0.85109
0.82514
0.8214
0.77939
0.72399
0.71408
0.71026
0.64911
0.6148
0.60212
0.58596
0.55416
0.54022
0.52905
0.52201
0.52794
0.52588
0.52671
0.53059
0.55188
0.57893
0.57301
0.58919
0.62892
0.64137
0.65573
0.71298
0.76105
0.75494
0.7399
0.74187
0.75358
0.77248
0.81219
0.84678
0.85605
0.83972
0.82936
0.82988
0.8314
0.84751
0.85858
0.82177
0.80636
0.79864
0.76558
0.72377
0.74329
0.72566
0.65327
0.61787
0.62107
0.59438
0.55512
0.55085
0.54792
0.52127
0.49446
0.50047
0.52192
0.50772
0.51286
0.53256
0.52296
0.52555
0.56668
0.58956
0.59929
0.63612
0.64669
0.61096
0.57758
0.59291
0.6105
0.61506
0.6304
0.65513
0.65327
0.61881
0.61032
0.62719
0.62347
0.61258
0.61225
0.60022
0.57196
0.56703
0.56518
0.54242
0.53237
0.5285
0.49821
0.46021
0.48477
0.47956
0.44097
0.42363
0.44253
0.43281
0.40008
0.38379
0.40458
0.4203
0.40634
0.4167
0.44048
0.42987
0.42707
0.46393
0.4995
0.52533
0.52689
0.49497
0.46035
0.46482
0.49753
0.52134
0.52289
0.51962
0.51267
0.50295
0.48741
0.49483
0.51165
0.50057
0.46652
0.4591
0.45832
0.44295
0.43286
0.43509
0.42066
0.37942
0.35796
0.33642
0.33424
0.35276
0.35695
0.34187
0.34407
0.35083
0.34481
0.3508
0.35686
0.38933
0.4068
0.38611
0.38041
0.42154
0.43261
0.42513
0.45858
0.50475
0.52131
0.48345
0.46059
0.45657
0.45111
0.46243
0.4824
0.48697
0.47458
0.45657
0.44255
0.4466
0.4523
0.4631
0.46098
0.42011
0.38354
0.3852
0.37807
0.3564
0.35666
0.35385
0.31482
0.2569
0.25027
0.25838
0.25494
0.25147
0.23699
0.22413
0.22409
0.21241
0.21339
0.2429
0.23907
0.23793
0.25164
0.25132
0.26265
0.29337
0.31655
0.32884
0.37155
0.38673
0.34728
0.30159
0.32379
0.35201
0.35535
0.35424
0.36243
0.35981
0.33385
0.32172
0.33665
0.36257
0.33607
0.32129
0.30492
0.28855
0.26602
0.26341
0.26497
0.23835
0.21846
0.21382
0.18633
0.14187
0.16026
0.16305
0.13885
0.12617
0.13657
0.13427
0.12033
0.10532
0.12584
0.14889
0.15597
0.14265
0.14953
0.19325
0.18448
0.20095
0.23835
0.28275
0.28729
0.26976
0.24204
0.21304
0.21471
0.25365
0.27924
0.26623
0.28342
0.28929
0.27328
0.25095
0.2737
0.30225
0.30194
0.26467
0.25362
0.25296
0.22372
0.20194
0.21521
0.23832
0.20728
0.17566
0.16567
0.14873
0.12265
0.13458
0.12783
0.10117
0.086048
0.094505
0.090963
0.077291
0.089472
0.10301
0.099896
0.092865
0.097227
0.12401
0.14193
0.12294
0.14538
0.19349
0.2166
0.16511
0.11892
0.11968
0.11814
0.095973
0.11531
0.14665
0.14069
0.1004
0.086451
0.09846
0.10124
0.1103
0.10315
0.090427
0.062042
0.062348
0.056205
0.047435
0.027213
0.043126
0.039917
0.022424
-0.0011513
0.00070786
0.014608
-0.018069
-0.051401
-0.034313
-0.014852
-0.046978
-0.054596
-0.03711
-0.028444
-0.047766
-0.022291
-0.016994
-0.023613
-0.014505
0.012872
0.021602
0.022922
0.043618
0.072863
0.076156
0.041732
0.010731
0.019273
0.044445
0.0371
0.030556
0.051551
0.062752
0.031168
0.0008692
0.019253
0.044286
0.027467
0.0076834
0.0065312
0.0079088
-0.017153
-0.029471
-0.025705
-0.027173
-0.030207
-0.053812
-0.070748
-0.086659
-0.073819
-0.076614
-0.081095
-0.094271
-0.087291
-0.079399
-0.055857
-0.072204
-0.074736
-0.052984
-0.051962
-0.072084
-0.052367
-0.011217
-0.0068565
-0.01831
-0.0035675
0.015252
0.043251
0.054811
0.06074
0.04114
0.017012
0.03286
0.031279
0.027214
0.030468
0.049199
0.026543
0.0088953
0.0045782
0.0077487
-0.0043118
-0.0056633
-0.030599
-0.044974
-0.048004
-0.051752
-0.081688
-0.093437
-0.091339
-0.10572
-0.14214
-0.15372
-0.15798
-0.17157
-0.19316
-0.19251
-0.20549
-0.21736
-0.19194
-0.18642
-0.20966
-0.21862
-0.18375
-0.17627
-0.18248
-0.16958
-0.14165
-0.12521
-0.11641
-0.12115
-0.090593
-0.051472
-0.045053
-0.070721
-0.055594
-0.021778
-0.037206
-0.066243
-0.060134
-0.040771
-0.051304
-0.069355
-0.060147
-0.060909
-0.09246
-0.10044
-0.095807
-0.11081
-0.14175
-0.13056
-0.12734
-0.14795
-0.19233
-0.20208
-0.18724
-0.18346
-0.21271
-0.22452
-0.21475
-0.21876
-0.27319
-0.28379
-0.2578
-0.22291
-0.27046
-0.27966
-0.2382
-0.21654
-0.25185
-0.23718
-0.20136
-0.19586
-0.20173
-0.16772
-0.15144
-0.15131
-0.1447
-0.099038
-0.074103
-0.073739
-0.073634
-0.049502
-0.038715
-0.046309
-0.062445
-0.055139
-0.038503
-0.043623
-0.081667
-0.083132
-0.056288
-0.070524
-0.10414
-0.11845
-0.10797
-0.12025
-0.14127
-0.15907
-0.16746
-0.19494
-0.20969
-0.21114
-0.22695
-0.25351
-0.23752
-0.24388
-0.2858
-0.32427
-0.29304
-0.28499
-0.29781
-0.31871
-0.31068
-0.30376
-0.29758
-0.29693
-0.29528
-0.29535
-0.2648
-0.26884
-0.27202
-0.26312
-0.21258
-0.21309
-0.21319
-0.21789
-0.20165
-0.19083
-0.17963
-0.18082
-0.19622
-0.20291
-0.17419
-0.17771
-0.20399
-0.22189
-0.19565
-0.20476
-0.22593
-0.24501
-0.22738
-0.22998
-0.26722
-0.30122
-0.29923
-0.3004
-0.31449
-0.33576
-0.35038
-0.36423
-0.3669
-0.38291
-0.3844
-0.39254
-0.41432
-0.42615
-0.41555
-0.40338
-0.42476
-0.42688
-0.39475
-0.37744
-0.41498
-0.41995
-0.35824
-0.32963
-0.36027
-0.37812
-0.33849
-0.31202
-0.31879
-0.32078
-0.29678
-0.2881
-0.30976
-0.31374
-0.29819
-0.28013
-0.27292
-0.2997
-0.31536
-0.31315
-0.30533
-0.30586
-0.30685
-0.31808
-0.3282
-0.34271
-0.32567
-0.31036
-0.33238
-0.3766
-0.3702
-0.35332
-0.37306
-0.39922
-0.38692
-0.36662
-0.39412
-0.4307
-0.41408
-0.39437
-0.40553
-0.42758
-0.43484
-0.43354
-0.42339
-0.42071
-0.43773
-0.44389
-0.4353
-0.41137
-0.41373
-0.41578
-0.40158
-0.39357
-0.39279
-0.40481
-0.4093
-0.42044
-0.40175
-0.4017
-0.41351
-0.44807
-0.44565
-0.42591
-0.44302
-0.48317
-0.4841
-0.47715
-0.48875
-0.51725
-0.51219
-0.50739
-0.51228
-0.54027
-0.53347
-0.54251
-0.54927
-0.54471
-0.52195
-0.53311
-0.5532
-0.55868
-0.51773
-0.51443
-0.54355
-0.54758
-0.51692
-0.5008
-0.51817
-0.54713
-0.5405
-0.51858
-0.51728
-0.53231
-0.51954
-0.49434
-0.46955
-0.51942
-0.53141
-0.50717
-0.4864
-0.51387
-0.50979
-0.49726
-0.5031
-0.53335
-0.52685
-0.50432
-0.52114
-0.55784
-0.54017
-0.52192
-0.53495
-0.5686
-0.56715
-0.54487
-0.54859
-0.58841
-0.59628
-0.58033
-0.55859
-0.57073
-0.58553
-0.58457
-0.56747
-0.56243
-0.57568
-0.57936
-0.56831
-0.52627
-0.53592
-0.54652
-0.54865
-0.53004
-0.52144
-0.52928
-0.53071
-0.52255
-0.52477
-0.51682
-0.50823
-0.52666
-0.54367
-0.5218
-0.51059
-0.51935
-0.54717
-0.53207
-0.53203
-0.53926
-0.56163
-0.5532
-0.56713
-0.56176
-0.5838
-0.58106
-0.58775
-0.59149
-0.58793
-0.58853
-0.61055
-0.62663
-0.61154
-0.59785
-0.59252
-0.6226
-0.64414
-0.64487
-0.63182
-0.63509
-0.65935
-0.67795
-0.65162
-0.64083
-0.6648
-0.68577
-0.66233
-0.61594
-0.64205
-0.69234
-0.68385
-0.64801
-0.6395
-0.68191
-0.68433
-0.66532
-0.65926
-0.68605
-0.66259
-0.65827
-0.65842
-0.67393
-0.65544
-0.65284
-0.66095
-0.67117
-0.65117
-0.6502
-0.65322
-0.66586
-0.68996
-0.67664
-0.67502
-0.68308
-0.71246
-0.70956
-0.68698
-0.68497
-0.72855
-0.73764
-0.71326
-0.69272
-0.71975
-0.74419
-0.73575
-0.71895
-0.72739
-0.7336
-0.7372
-0.73648
-0.73806
-0.72917
-0.72447
-0.74178
-0.75893
-0.72989
-0.71666
-0.7355
-0.75638
-0.73452
-0.70472
-0.72196
-0.74125
-0.72166
-0.71009
-0.70902
-0.71906
-0.7179
-0.70839
-0.70463
-0.68402
-0.68492
-0.69188
-0.69752
-0.6885
-0.68899
-0.6863
-0.70687
-0.70896
-0.71003
-0.70073
-0.70375
-0.70868
-0.74291
-0.73171
-0.72509
-0.71939
-0.76424
-0.77928
-0.7494
-0.74917
-0.78962
-0.82465
-0.79351
-0.75668
-0.77762
-0.82948
-0.8001
-0.78107
-0.76991
-0.80811
-0.80503
-0.80973
-0.79842
-0.79032
-0.79118
-0.82076
-0.81802
-0.81215
-0.81429
-0.82748
-0.83414
-0.82344
-0.83282
-0.8432
-0.84626
-0.83149
-0.84801
-0.85319
-0.85564
-0.85467
-0.88587
-0.88179
-0.86464
-0.84948
-0.87999
-0.89306
-0.89586
-0.8572
-0.86764
-0.88732
-0.89337
-0.89108
-0.8775
-0.89249
-0.89157
-0.91549
-0.92364
-0.91793
-0.89844
-0.91862
-0.92736
-0.9318
-0.88487
-0.8991
-0.9281
-0.93154
-0.89529
-0.89086
-0.90942
-0.92698
-0.91089
-0.89447
-0.88002
-0.89929
-0.93002
-0.92164
-0.90217
-0.88225
-0.91429
-0.92931
-0.91991
-0.8878
-0.91579
-0.92995
-0.93955
-0.91622
-0.93173
-0.94149
-0.93457
-0.91728
-0.93207
-0.9493
-0.9403
-0.92096
-0.93871
-0.96157
-0.92605
-0.89713
-0.90595
-0.95151
-0.94862
-0.90731
-0.90059
-0.93743
-0.94146
-0.93173
-0.90506
-0.91646
-0.91719
-0.93433
-0.92914
-0.90821
-0.90738
-0.92723
-0.93763
-0.93594
-0.91507
-0.93081
-0.96132
-0.95448
-0.93725
-0.92776
-0.95111
-0.96364
-0.96687
-0.9728
-0.95891
-0.96776
-0.98355
-1.0063
-1.0036
-0.9867
-1.0023
-1.0517
-1.0522
-1.0398
-1.0329
-1.0762
-1.0918
-1.0668
-1.0529
-1.0753
-1.0997
-1.0838
-1.0808
-1.1138
-1.115
-1.0767
-1.0877
-1.1085
-1.1322
-1.0747
-1.0662
-1.0883
-1.1201
-1.0865
-1.0553
-1.0498
-1.076
-1.0833
-1.0718
-1.0457
-1.0549
-1.0867
-1.098
-1.0877
-1.0572
-1.0738
-1.1082
-1.1035
-1.0693
-1.0641
-1.1014
-1.1343
-1.1102
-1.0883
-1.1001
-1.1279
-1.1237
-1.1152
-1.1264
-1.1191
-1.1226
-1.1356
-1.1504
-1.1414
-1.1179
-1.1253
-1.1556
-1.1568
-1.1217
-1.1231
-1.1419
-1.1581
-1.1227
-1.1228
-1.1295
-1.1439
-1.1134
-1.1114
-1.1225
-1.1231
-1.0992
-1.1052
-1.1033
-1.1121
-1.0817
-1.0789
-1.099
-1.1187
-1.1175
-1.0942
-1.0903
-1.1043
-1.1297
-1.1316
-1.1038
-1.1009
-1.1286
-1.1693
-1.1566
-1.1211
-1.1232
-1.1826
-1.1877
-1.1691
-1.1335
-1.1763
-1.2079
-1.1858
-1.1357
-1.1423
-1.1817
-1.1926
-1.1613
-1.1568
-1.1636
-1.1747
-1.1745
-1.185
-1.1972
-1.1727
-1.1826
-1.2092
-1.231
-1.2291
-1.2074
-1.2207
-1.2404
-1.2477
-1.2334
-1.2397
-1.2596
-1.2795
-1.2591
-1.2533
-1.2538
-1.282
-1.2843
-1.2829
-1.281
-1.2586
-1.2607
-1.273
-1.284
-1.2858
-1.2637
-1.2557
-1.2582
-1.2649
-1.2966
-1.2929
-1.2714
-1.2558
-1.2807
-1.3153
-1.2921
-1.2617
-1.259
-1.3117
-1.3106
-1.2662
-1.2487
-1.2951
-1.3267
-1.2894
-1.2359
-1.2635
-1.318
-1.3153
-1.2796
-1.2609
-1.284
-1.3065
-1.305
-1.2966
-1.2936
-1.2864
-1.2933
-1.3144
-1.3173
-1.3116
-1.2874
-1.304
-1.3125
-1.3015
-1.2776
-1.2885
-1.2904
-1.2902
-1.273
-1.2745
-1.2774
-1.2747
-1.2735
-1.2722
-1.2689
-1.2492
-1.252
-1.2682
-1.2705
-1.2655
-1.2459
-1.2691
-1.2707
-1.2652
-1.2697
-1.2769
-1.2713
-1.2709
-1.2735
-1.3301
-1.3238
-1.2999
-1.2888
-1.3334
-1.3624
-1.3297
-1.2931
-1.3193
-1.3762
-1.3684
-1.3317
-1.3379
-1.391
-1.4335
-1.3934
-1.3612
-1.3794
-1.4327
-1.441
-1.4382
-1.4151
-1.4266
-1.4337
-1.4573
-1.4537
-1.4452
-1.4264
-1.4482
-1.4596
-1.457
-1.4497
-1.4366
-1.4613
-1.4663
-1.4541
-1.447
-1.4445
-1.4581
-1.4586
-1.4532
-1.4463
-1.4406
-1.4404
-1.4599
-1.4667
-1.4565
-1.4434
-1.4477
-1.4785
-1.4837
-1.4707
-1.465
-1.4899
-1.4844
-1.4793
-1.4714
-1.5075
-1.508
-1.484
-1.4759
-1.5136
-1.5335
-1.5064
-1.4745
-1.4982
-1.5388
-1.5318
-1.4843
-1.4862
-1.5255
-1.5592
-1.5148
-1.4794
-1.499
-1.5418
-1.5343
-1.5103
-1.4797
-1.5094
-1.5229
-1.5251
-1.5135
-1.4869
-1.4897
-1.5031
-1.5169
-1.499
-1.4728
-1.4609
-1.4905
-1.4918
-1.4854
-1.4712
-1.4771
-1.5034
-1.5069
-1.4914
-1.4844
-1.4801
-1.4986
-1.5054
-1.511
-1.5039
-1.4997
-1.5137
-1.5539
-1.5416
-1.5322
-1.5182
-1.5541
-1.5757
-1.5677
-1.548
-1.5658
-1.5948
-1.5868
-1.5613
-1.5582
-1.5938
-1.5917
-1.5659
-1.5584
-1.5925
-1.6191
-1.5943
-1.5692
-1.6019
-1.6428
-1.6393
-1.5996
-1.6018
-1.6454
-1.6682
-1.6411
-1.6191
-1.6298
-1.6701
-1.666
-1.6567
-1.6353
-1.6553
-1.6585
-1.6743
-1.6646
-1.6441
-1.6427
-1.6467
-1.675
-1.6649
-1.6406
-1.624
-1.6404
-1.6711
-1.6734
-1.6484
-1.6399
-1.652
-1.68
-1.6782
-1.6671
-1.6558
-1.6748
-1.6945
-1.7095
-1.684
-1.6643
-1.6805
-1.7212
-1.7174
-1.6933
-1.6626
-1.7036
-1.7299
-1.7231
-1.6917
-1.6756
-1.7207
-1.722
-1.7035
-1.6755
-1.6969
-1.721
-1.7061
-1.6801
-1.6955
-1.7229
-1.7185
-1.6916
-1.6899
-1.7146
-1.7242
-1.6925
-1.6847
-1.6927
-1.7168
-1.6944
-1.6656
-1.6665
-1.6882
-1.6896
-1.6707
-1.66
-1.6668
-1.6741
-1.665
-1.6785
-1.6719
-1.6697
-1.651
-1.6679
-1.6891
-1.6969
-1.671
-1.6691
-1.6839
-1.7181
-1.7235
-1.698
-1.6976
-1.7083
-1.744
-1.7455
-1.7159
-1.7086
-1.7227
-1.7613
-1.759
-1.7319
-1.724
-1.7498
-1.8096
-1.7982
-1.7692
-1.7474
-1.794
-1.8309
-1.8263
-1.7968
-1.792
-1.831
-1.8512
-1.8341
-1.8046
-1.8198
-1.8357
-1.8395
-1.8205
-1.8319
-1.8416
-1.8388
-1.8247
-1.8359
-1.8434
-1.8332
-1.7997
-1.8035
-1.8316
-1.8331
-1.8002
-1.7774
-1.8043
-1.8339
-1.8181
-1.7935
-1.804
-1.8356
-1.8516
-1.8209
-1.8168
-1.8331
-1.86
-1.8426
-1.8405
-1.8425
-1.8708
-1.8564
-1.8418
-1.8454
-1.8597
-1.8924
-1.8566
-1.8435
-1.851
-1.8805
-1.8975
-1.8704
-1.8521
-1.8605
-1.8825
-1.8978
-1.8714
-1.848
-1.8531
-1.8757
-1.8826
-1.8646
-1.8292
-1.8391
-1.8589
-1.8658
-1.8402
-1.7959
-1.8153
-1.819
-1.8299
-1.7984
-1.7919
-1.793
-1.8011
-1.8075
-1.8068
-1.8068
-1.7894
-1.7793
-1.7954
-1.8274
-1.8184
-1.7883
-1.7801
-1.8349
-1.8661
-1.8432
-1.7968
-1.8134
-1.8777
-1.8972
-1.8533
-1.8248
-1.8538
-1.9125
-1.9011
-1.8562
-1.8485
-1.8728
-1.9086
-1.8873
-1.8721
-1.8888
-1.9155
-1.9192
-1.9099
-1.9064
-1.9351
-1.9352
-1.9294
-1.9325
-1.9506
-1.9743
-1.9579
-1.956
-1.9578
-1.9799
-1.9781
-1.9733
-1.9634
-1.9751
-1.9835
-1.978
-1.9771
-1.9758
-1.9794
-1.964
-1.9659
-1.9682
-1.9653
-1.9453
-1.94
-1.9495
-1.9556
-1.9621
-1.9537
-1.9404
-1.9523
-1.9578
-1.9837
-1.9709
-1.954
-1.9543
-1.964
-2.0059
-1.9836
-1.9561
-1.9452
-1.9916
-2.0259
-2.0022
-1.9468
-1.9558
-2.0112
-2.0347
-2.0059
-1.9523
-1.985
-2.0222
-2.0408
-2.0018
-1.9793
-2.0067
-2.0307
-2.038
-2.0126
-2.0108
-2.0197
-2.0151
-2.0108
-2.0123
-2.0201
-1.996
-1.9738
-1.9892
-2.0011
-2.0017
-1.9564
-1.9378
-1.9651
-2.0009
-1.982
-1.9348
-1.9185
-1.9594
-1.9895
-1.9478
-1.9299
-1.9251
-1.9784
-1.9728
-1.9497
-1.9454
-1.9531
-1.9811
-1.9666
-1.9696
-1.9742
-1.9949
-2.0001
-1.9984
-2.0007
-2.0051
-1.9937
-1.9754
-1.9737
-1.9763
-1.9872
-1.9986
-2.0033
-2.0012
-2.0024
-2.0126
-2.0271
-2.0393
-2.026
-2.0223
-2.0485
-2.0679
-2.0818
-2.0534
-2.0546
-2.0733
-2.0829
-2.0872
-2.0624
-2.0708
-2.0731
-2.088
-2.0828
-2.0896
-2.0888
-2.0812
-2.0729
-2.0703
-2.1009
-2.0803
-2.0511
-2.039
-2.0731
-2.111
-2.0893
-2.0409
-2.0352
-2.0878
-2.1231
-2.0946
-2.0353
-2.0545
-2.1061
-2.131
-2.0914
-2.0576
-2.0823
-2.1194
-2.12
-2.0883
-2.0784
-2.0976
-2.1091
-2.107
-2.1031
-2.113
-2.1151
-2.0906
-2.1038
-2.1214
-2.1366
-2.1084
-2.0779
-2.1082
-2.1381
-2.144
-2.0971
-2.0727
-2.1016
-2.1433
-2.1378
-2.0977
-2.072
-2.0974
-2.1245
-2.1045
-2.0764
-2.0568
-2.0735
-2.091
-2.0834
-2.0624
-2.0635
-2.0631
-2.0791
-2.0719
-2.0656
-2.0638
-2.0583
-2.0779
-2.073
-2.0722
-2.0636
-2.073
-2.0768
-2.0826
-2.0754
-2.0817
-2.1053
-2.1081
-2.1024
-2.0876
-2.1165
-2.1257
-2.1243
-2.0964
-2.1007
-2.1336
-2.1348
-2.1318
-2.096
-2.1247
-2.1485
-2.1553
-2.1437
-2.1408
-2.1713
-2.1719
-2.1674
-2.1639
-2.1978
-2.1964
-2.1739
-2.1629
-2.1876
-2.238
-2.2169
-2.1752
-2.1638
-2.209
-2.2551
-2.2158
-2.1631
-2.1745
-2.2274
-2.2566
-2.2039
-2.1514
-2.1687
-2.2155
-2.2279
-2.1892
-2.1576
-2.175
-2.212
-2.2113
-2.196
-2.1841
-2.1949
-2.2026
-2.2022
-2.2142
-2.2244
-2.2112
-2.1893
-2.2015
-2.2295
-2.2436
-2.2185
-2.186
-2.1991
-2.2373
-2.248
-2.2186
-2.1973
-2.2136
-2.2523
-2.2563
-2.2304
-2.2109
-2.2125
-2.2435
-2.2478
-2.233
-2.2195
-2.2072
-2.2301
-2.2446
-2.238
-2.2218
-2.1956
-2.2115
-2.2237
-2.218
-2.1901
-2.1747
-2.1822
-2.1908
-2.1878
-2.1629
-2.1743
-2.1739
-2.1849
-2.1712
-2.1598
-2.183
-2.1751
-2.1736
-2.1528
-2.1748
-2.1977
-2.1943
-2.1752
-2.1662
-2.2002
-2.2178
-2.215
-2.1906
-2.2014
-2.2353
-2.239
-2.2162
-2.2056
-2.2269
-2.2526
-2.238
-2.2176
-2.2297
-2.2582
-2.2591
-2.2322
-2.227
-2.2587
-2.2999
-2.2704
-2.2363
-2.2546
-2.3033
-2.3431
-2.2927
-2.2646
-2.2819
-2.3332
-2.3457
-2.3048
-2.2845
-2.3044
-2.3488
-2.336
-2.3205
-2.3034
-2.3219
-2.3331
-2.311
-2.3179
-2.3065
-2.3039
-2.2856
-2.2826
-2.3055
-2.3146
-2.2912
-2.2601
-2.273
-2.3163
-2.3402
-2.3073
-2.2689
-2.2837
-2.3318
-2.35
-2.3201
-2.2815
-2.2954
-2.3369
-2.3628
-2.3409
-2.306
-2.3062
-2.3303
-2.3586
-2.346
-2.3306
-2.3122
-2.3287
-2.3604
-2.3565
-2.3404
-2.3121
-2.3183
-2.3468
-2.3571
-2.3397
-2.3139
-2.315
-2.3313
-2.3437
-2.3215
-2.3056
-2.3043
-2.303
-2.3082
-2.2951
-2.3001
-2.2916
-2.2632
-2.2658
-2.2744
-2.3028
-2.2934
-2.2611
-2.2491
-2.278
-2.308
-2.2872
-2.2517
-2.2394
-2.2902
-2.3052
-2.2811
-2.2562
-2.2665
-2.3143
-2.3127
-2.2869
-2.2738
-2.3098
-2.3397
-2.3181
-2.2885
-2.2992
-2.3394
-2.3463
-2.3112
-2.2903
-2.3203
-2.3597
-2.3552
-2.3077
-2.3073
-2.3471
-2.3875
-2.374
-2.3465
-2.3565
-2.394
-2.418
-2.3892
-2.3873
-2.3913
-2.4224
-2.4141
-2.3936
-2.4129
-2.4185
-2.431
-2.3969
-2.4037
-2.4227
-2.4442
-2.4182
-2.3799
-2.3927
-2.4143
-2.442
-2.3875
-2.3633
-2.3714
-2.4049
-2.4259
-2.388
-2.3651
-2.3746
-2.4123
-2.4285
-2.4161
-2.3915
-2.3909
-2.4085
-2.4207
-2.4302
-2.4177
-2.3974
-2.4044
-2.4225
-2.4435
-2.4344
-2.4018
-2.401
-2.4128
-2.4433
-2.4423
-2.4212
-2.4016
-2.4082
-2.4395
-2.4417
-2.4297
-2.403
-2.4017
-2.4186
-2.4374
-2.4398
-2.4119
-2.3866
-2.3857
-2.4135
-2.4314
-2.4093
-2.3678
-2.3512
-2.3855
-2.4133
-2.3881
-2.3404
-2.3116
-2.36
-2.3922
-2.3774
-2.3308
-2.3101
-2.3453
-2.3731
-2.3686
-2.3333
-2.3377
-2.352
-2.3704
-2.3582
-2.3494
-2.3767
-2.3806
-2.3806
-2.3736
-2.3982
-2.4232
-2.4207
-2.3814
-2.3831
-2.4183
-2.447
-2.4292
-2.3786
-2.3917
-2.4353
-2.4668
-2.4337
-2.4027
-2.4167
-2.4679
-2.4805
-2.4398
-2.4315
-2.4546
-2.5068
-2.4936
-2.463
-2.4651
-2.4943
-2.5147
-2.4817
-2.4613
-2.4762
-2.5163
-2.5204
-2.4758
-2.4684
-2.4904
-2.5232
-2.5071
-2.4632
-2.4623
-2.4836
-2.5121
-2.4793
-2.4599
-2.4531
-2.4792
-2.4908
-2.466
-2.4714
-2.4656
-2.4883
-2.4742
-2.4676
-2.4785
-2.4925
-2.4888
-2.4637
-2.4761
-2.4911
-2.5181
-2.494
-2.4739
-2.4769
-2.4972
-2.5251
-2.5167
-2.4895
-2.4858
-2.5102
-2.5254
-2.53
-2.5045
-2.4978
-2.505
-2.5375
-2.5678
-2.5533
-2.5259
-2.5163
-2.5343
-2.5594
-2.5557
-2.5157
-2.4906
-2.509
-2.5292
-2.5365
-2.5036
-2.4652
-2.4783
-2.4882
-2.5056
-2.4802
-2.4625
-2.4602
-2.4661
-2.4897
-2.4842
-2.49
-2.4544
-2.4537
-2.4581
-2.4868
-2.506
-2.4739
-2.4514
-2.4502
-2.5156
-2.5462
-2.5272
-2.4757
-2.4671
-2.5249
-2.5613
-2.5393
-2.4803
-2.4739
-2.5246
-2.5582
-2.5384
-2.4983
-2.4935
-2.535
-2.5609
-2.5502
-2.5288
-2.5424
-2.5599
-2.57
-2.5752
-2.5824
-2.607
-2.5978
-2.5719
-2.5724
-2.6065
-2.6335
-2.6145
-2.5646
-2.5764
-2.627
-2.6604
-2.6281
-2.5739
-2.576
-2.6351
-2.6636
-2.6151
-2.5696
-2.5639
-2.6243
-2.6361
-2.5962
-2.5688
-2.5727
-2.6103
-2.6128
-2.5837
-2.5765
-2.6024
-2.6132
-2.6043
-2.5841
-2.6024
-2.6267
-2.6292
-2.5929
-2.5909
-2.6161
-2.641
-2.6393
-2.5927
-2.6073
-2.6312
-2.663
-2.6408
-2.6058
-2.6066
-2.6302
-2.6518
-2.6224
-2.6138
-2.6121
-2.6369
-2.64
-2.6135
-2.6128
-2.617
-2.6318
-2.6226
-2.6011
-2.6081
-2.6136
-2.6222
-2.5922
-2.5781
-2.579
-2.5885
-2.5958
-2.5712
-2.5643
-2.5658
-2.582
-2.5753
-2.5737
-2.5586
-2.5599
-2.5698
-2.5772
-2.5884
-2.5763
-2.5663
-2.5634
-2.5873
-2.598
-2.6133
-2.585
-2.5869
-2.6062
-2.6174
-2.6336
-2.6074
-2.5966
-2.5986
-2.6162
-2.6268
-2.6303
-2.6115
-2.6047
-2.6082
-2.6198
-2.6237
-2.614
-2.5822
-2.5702
-2.5787
-2.6151
-2.6527
-2.6198
-2.5985
-2.5988
-2.6415
-2.6755
-2.6476
-2.6007
-2.5916
-2.6414
-2.6704
-2.6673
-2.6176
-2.6034
-2.6476
-2.6706
-2.6719
-2.6296
-2.6075
-2.6325
-2.6355
-2.6449
-2.6203
-2.6239
-2.6188
-2.6179
-2.6171
-2.6316
-2.6593
-2.6324
-2.608
-2.5925
-2.6439
-2.6837
-2.6636
-2.6077
-2.5941
-2.6552
-2.7109
-2.6892
-2.616
-2.5909
-2.6446
-2.7167
-2.6957
-2.6431
-2.6085
-2.6513
-2.6971
-2.6864
-2.6446
-2.6271
-2.6506
-2.6704
-2.6673
-2.645
-2.6552
-2.6545
-2.6419
-2.6294
-2.6439
-2.6612
-2.6595
-2.608
-2.5857
-2.6187
-2.6504
-2.6479
-2.5771
-2.5412
-2.5842
-2.6344
-2.63
-2.5635
-2.5257
-2.5584
-2.616
-2.6141
-2.561
-2.5394
-2.5535
-2.6143
-2.6048
-2.5718
-2.5666
-2.5747
-2.6094
-2.6047
-2.612
-2.6163
-2.6332
-2.6233
-2.6197
-2.6282
-2.6433
-2.65
-2.6214
-2.5974
-2.6284
-2.6625
-2.6717
-2.647
-2.6143
-2.6515
-2.6794
-2.7007
-2.6681
-2.6505
-2.661
-2.6995
-2.7256
-2.7042
-2.7062
-2.6981
-2.7276
-2.7234
-2.7157
-2.7149
-2.7212
-2.7286
-2.7299
-2.7243
-2.7246
-2.7324
-2.7319
-2.723
-2.7111
-2.7166
-2.722
-2.7199
-2.7011
-2.6941
-2.6993
-2.7062
-2.7105
-2.7047
-2.6991
-2.7018
-2.7081
-2.7158
-2.7161
-2.7097
-2.7051
-2.7083
-2.7239
-2.7319
-2.7321
-2.7202
-2.7146
-2.727
-2.7373
-2.7363
-2.732
-2.7222
-2.7377
-2.7407
-2.7447
-2.7374
-2.7425
-2.7479
-2.7397
-2.7385
-2.7242
-2.7548
-2.7369
-2.7242
-2.7111
-2.7214
-2.7601
-2.7596
-2.7222
-2.6849
-2.6952
-2.734
-2.7446
-2.699
-2.6583
-2.6663
-2.7131
-2.7197
-2.7013
-2.6431
-2.6566
-2.6845
-2.6865
-2.6805
-2.6469
-2.6613
-2.6658
-2.6743
-2.6675
-2.6783
-2.6831
-2.6739
-2.6653
-2.6674
-2.7094
-2.7344
-2.7025
-2.6765
-2.6762
-2.7269
-2.766
-2.7237
-2.6695
-2.6634
-2.7257
-2.7704
-2.7425
-2.6784
-2.6714
-2.7295
-2.7752
-2.7674
-2.7167
-2.6989
-2.7497
-2.7784
-2.7874
-2.7587
-2.756
-2.7787
-2.787
-2.7833
-2.7861
-2.8062
-2.7971
-2.78
-2.7589
-2.7976
-2.8265
-2.8241
-2.7662
-2.7427
-2.7849
-2.8415
-2.8406
-2.7624
-2.7213
-2.7513
-2.8264
-2.8318
-2.7729
-2.7182
-2.7511
-2.8182
-2.8436
-2.791
-2.757
-2.7592
-2.8046
-2.8272
-2.7977
-2.786
-2.7638
-2.7671
-2.7522
-2.7616
-2.7601
-2.7698
-2.7575
-2.726
-2.7393
-2.7743
-2.7955
-2.7652
-2.7105
-2.7234
-2.7761
-2.8061
-2.7822
-2.7066
-2.7057
-2.7569
-2.8078
-2.7795
-2.7182
-2.6976
-2.7239
-2.7765
-2.7586
-2.7187
-2.6924
-2.6936
-2.7298
-2.7145
-2.6984
-2.6886
-2.6824
-2.689
-2.6907
-2.7047
-2.7008
-2.6963
-2.6683
-2.6701
-2.6944
-2.7083
-2.6999
-2.6713
-2.6502
-2.6928
-2.723
-2.7305
-2.7035
-2.6795
-2.7108
-2.7433
-2.7612
-2.7321
-2.7157
-2.6992
-2.733
-2.7123
-2.6953
-2.674
-2.6419
-2.6418
-2.6714
-2.6836
-2.665
-2.6529
-2.6393
-2.6656
-2.6816
-2.6995
-2.6917
-2.6832
-2.6746
-2.6895
-2.6965
-2.7015
-2.6927
-2.6869
-2.686
-2.6925
-2.7012
-2.6961
-2.7058
-2.6878
-2.6949
-2.695
-2.701
-2.7091
-2.6915
-2.6736
-2.6655
-2.6784
-2.6981
-2.6857
-2.6664
-2.6523
-2.6735
-2.6926
-2.6909
-2.6772
-2.6607
-2.681
-2.7008
-2.7002
-2.6851
-2.6748
-2.7051
-2.7077
-2.6967
-2.6842
-2.6822
-2.7266
-2.7135
-2.7004
-2.6769
-2.6957
-2.7357
-2.736
-2.7015
-2.6774
-2.705
-2.7457
-2.7491
-2.7081
-2.6715
-2.7025
-2.7517
-2.7436
-2.724
-2.6733
-2.7012
-2.7199
-2.7146
-2.6893
-2.6745
-2.6814
-2.6847
-2.6726
-2.6501
-2.6671
-2.6783
-2.6676
-2.6343
-2.6247
-2.6494
-2.6955
-2.659
-2.6174
-2.6001
-2.6471
-2.6957
-2.6778
-2.6118
-2.5913
-2.648
-2.7062
-2.7102
-2.643
-2.6151
-2.6562
-2.7118
-2.7178
-2.6838
-2.6485
-2.6682
-2.7061
-2.7022
-2.691
-2.6885
-2.6873
-2.6963
-2.6828
-2.6913
-2.728
-2.7377
-2.7137
-2.6819
-2.6952
-2.7572
-2.7903
-2.7553
-2.696
-2.7042
-2.7686
-2.8226
-2.7958
-2.7153
-2.7134
-2.7576
-2.8305
-2.8123
-2.7514
-2.7189
-2.7539
-2.8119
-2.8184
-2.771
-2.7404
-2.7372
-2.77
-2.773
-2.7608
-2.753
-2.7328
-2.7444
-2.7296
-2.7662
-2.778
-2.7764
-2.7386
-2.7121
-2.7399
-2.7841
-2.7954
-2.754
-2.6966
-2.7168
-2.7791
-2.8137
-2.7831
-2.704
-2.7069
-2.7511
-2.8195
-2.7965
-2.7453
-2.715
-2.7354
-2.7896
-2.8006
-2.7778
-2.7446
-2.7308
-2.7543
-2.7789
-2.7837
-2.7735
-2.7412
-2.746
-2.7709
-2.8161
-2.8204
-2.7966
-2.7475
-2.7252
-2.7641
-2.7888
-2.7764
-2.7405
-2.7003
-2.7241
-2.7707
-2.7803
-2.7535
-2.7204
-2.7002
-2.7343
-2.7598
-2.7636
-2.7397
-2.7152
-2.7182
-2.7623
-2.791
-2.7857
-2.7613
-2.7341
-2.7546
-2.7962
-2.811
-2.7883
-2.7656
-2.7467
-2.7961
-2.8145
-2.8137
-2.7811
-2.7578
-2.7695
-2.7984
-2.8125
-2.7968
-2.7868
-2.7817
-2.7954
-2.8201
-2.8264
-2.8187
-2.8245
-2.7974
-2.8216
-2.8305
-2.8632
-2.8632
-2.839
-2.8222
-2.8333
-2.8702
-2.8835
-2.8611
-2.8214
-2.8233
-2.8721
-2.8923
-2.8664
-2.8363
-2.8108
-2.8599
-2.8702
-2.8625
-2.82
-2.8056
-2.8387
-2.8534
-2.8431
-2.8216
-2.8253
-2.8555
-2.8538
-2.8426
-2.8273
-2.8401
-2.8676
-2.8574
-2.8377
-2.8181
-2.8547
-2.8922
-2.8798
-2.8469
-2.8248
-2.8626
-2.8933
-2.8769
-2.8459
-2.8197
-2.8564
-2.89
-2.8799
-2.8464
-2.8391
-2.8665
-2.8841
-2.8577
-2.8315
-2.8271
-2.8633
-2.8592
-2.8305
-2.8038
-2.8144
-2.8564
-2.8486
