-0.00047034
-0.00057904
-0.00073133
-7.4384e-005
-0.00020478
-0.00010264
7.861e-005
0.00011398
0.00054053
0.00094874
0.0012073
0.0015938
0.0015334
0.0023978
0.0029358
0.0032326
0.0036517
0.0037032
0.00409
0.0042529
0.0048921
0.004996
0.0052487
0.0052928
0.0054832
0.0058879
0.0062586
0.0067779
0.0072297
0.0072106
0.0076406
0.0077697
0.0079799
0.0080391
0.0080412
0.008323
0.0082758
0.008554
0.0086276
0.008316
0.0076015
0.0073856
0.0069736
0.0062586
0.0053817
0.0051033
0.0040979
0.0034578
0.0027091
0.0016152
0.00027618
-0.0010495
-0.0020292
-0.0028559
-0.0029082
-0.0018064
7.1507e-005
0.0017421
0.0035447
0.0056601
0.0078895
0.0086509
0.0087977
0.0083659
0.0078116
0.0073611
0.00707
0.0065046
0.0057359
0.0047392
0.0042768
0.0039246
0.00334
0.0025292
0.0019156
0.0013709
0.0016768
0.0020898
0.001864
0.0020367
0.0022978
0.0028793
0.0033704
0.0039829
0.0043662
0.0048071
0.0050087
0.005422
0.0056611
0.0060494
0.006462
0.0069709
0.0071412
0.0076558
0.0085651
0.008902
0.0093445
0.0093341
0.009481
0.0096173
0.010083
0.010258
0.010297
0.0097865
0.010406
0.010668
0.010938
0.010714
0.010183
0.0096819
0.0097012
0.009786
0.0097565
0.0091075
0.0086506
0.0084831
0.0085418
0.0082577
0.0079212
0.0074925
0.0068614
0.006645
0.0061844
0.0059997
0.0055047
0.0051913
0.0047801
0.0043662
0.0038096
0.0035792
0.0029751
0.0024535
0.0015131
0.0011464
0.00075751
0.00058467
0.00052813
3.9198e-005
-0.00017077
-0.00029034
0.00020623
0.00011244
-0.00025547
-0.00023612
-0.00020412
0.00016131
0.00075113
0.00059483
0.00072406
0.0006617
0.0013567
0.0016282
0.0016671
0.0017212
0.0014779
0.0012635
0.0014009
0.0012763
0.00096443
0.0007622
0.00055056
0.00014957
-0.00022135
0.00027166
0.0016633
0.0038495
0.0055867
0.0082007
0.010755
0.013441
0.015861
0.017392
0.017241
0.017554
0.017748
0.018031
0.017565
0.016689
0.016008
0.015511
0.014882
0.014119
0.013197
0.011866
0.011363
0.010633
0.010202
0.0096763
0.0090352
0.0084308
0.007955
0.0071917
0.0071819
0.0063801
0.006036
0.0055833
0.0048357
0.0046183
0.0042607
0.0038668
0.0035013
0.0027108
0.0025416
0.0023272
0.0022419
0.0022988
0.0017044
0.0017459
0.0015883
0.0022278
0.0020018
0.0016728
0.0016253
0.0015431
0.0022132
0.0027776
0.0030423
0.003304
0.0032741
0.0040453
0.0044886
0.0046332
0.0050393
0.0052317
0.0056667
0.0062336
0.0070032
0.0075259
0.0079628
0.008461
0.0090452
0.0093623
0.0096517
0.010168
0.010767
0.010529
0.01081
0.01089
0.011305
0.011618
0.011799
0.011526
0.011514
0.011767
0.01196
0.011541
0.011018
0.010753
0.010638
0.010656
0.010616
0.010598
0.0096985
0.0095353
0.0090982
0.0086425
0.0080063
0.0075422
0.006884
0.0063718
0.0056015
0.0052347
0.0043625
0.0037273
0.0030254
0.0019823
0.001057
0.00019881
-0.00071613
-0.002035
-0.0037166
-0.0045736
-0.0051886
-0.0052696
-0.0043594
-0.0031317
-0.00074364
0.0010889
0.0037763
0.0062525
0.0078733
0.0087734
0.0091887
0.0097953
0.010319
0.010335
0.010333
0.0099876
0.010276
0.010091
0.0096246
0.0094923
0.0088488
0.0085411
0.0086276
0.0087996
0.0091878
0.0095664
0.01
0.010421
0.010658
0.011254
0.011687
0.0123
0.012089
0.012335
0.012527
0.012943
0.01323
0.01323
0.012992
0.013327
0.013617
0.013863
0.013638
0.013301
0.013042
0.012948
0.013084
0.012971
0.012632
0.01184
0.011767
0.011428
0.011173
0.010715
0.010249
0.0095815
0.0094289
0.0088228
0.0086988
0.0079301
0.0077345
0.0073645
0.006692
0.0065075
0.0062708
0.0060779
0.0058407
0.0052358
0.005258
0.0050301
0.004994
0.0048312
0.0042784
0.0041548
0.0042326
0.0045135
0.004209
0.0039753
0.0037403
0.0037639
0.0041363
0.0046986
0.0046385
0.0046136
0.0044578
0.0050652
0.0053859
0.0055795
0.0060356
0.0063244
0.0066497
0.0072856
0.0076248
0.008017
0.0083233
0.0086726
0.0088259
0.0089397
0.0095312
0.0097771
0.0098909
0.009396
0.009307
0.009148
0.0092678
0.0092595
0.008556
0.0073006
0.0068473
0.006433
0.006252
0.0059925
0.0070911
0.0083244
0.01007
0.012379
0.014951
0.016301
0.017298
0.017806
0.018409
0.018158
0.017402
0.016768
0.01591
0.01529
0.014193
0.013427
0.011992
0.010974
0.0098884
0.0089496
0.0079937
0.0076885
0.0069977
0.0065897
0.0060973
0.0058047
0.0055704
0.0054273
0.005176
0.0047017
0.0043677
0.0045473
0.0048281
0.0045552
0.0042685
0.0042127
0.004377
0.0046712
0.0051436
0.0048533
0.0051335
0.005257
0.005838
0.0062536
0.0066371
0.0069204
0.0071424
0.0073821
0.0078547
0.0080955
0.0085868
0.0089423
0.009352
0.009467
0.010012
0.010757
0.011097
0.011509
0.011543
0.011766
0.012282
0.012918
0.013197
0.013298
0.012783
0.013496
0.013711
0.013535
0.01373
0.013263
0.012674
0.012824
0.012437
0.012136
0.0112
0.011018
0.010557
0.010406
0.010046
0.0095089
0.0088655
0.0082194
0.0078831
0.0074509
0.0067646
0.0061171
0.0057727
0.0054218
0.0051824
0.0048495
0.0046599
0.0039109
0.003523
0.0029369
0.0024506
0.0018924
0.0018422
0.0013612
0.00094921
0.00048721
0.00014382
-0.00038145
-0.00060662
-0.0013022
-0.002062
-0.0030531
-0.0038087
-0.0042527
-0.0045882
-0.0040782
-0.0023353
-0.00072846
0.0020122
0.0051137
0.0076168
0.0099684
0.012395
0.013397
0.014122
0.013977
0.014301
0.014484
0.01435
0.014354
0.013911
0.013315
0.012706
0.012222
0.011641
0.010663
0.009735
0.0096611
0.0093158
0.0094258
0.0091186
0.0092214
0.0090392
0.009202
0.0086382
0.0079284
0.0076153
0.0069607
0.0064197
0.0056085
0.0047742
0.0040972
0.0037286
0.0033724
0.0029755
0.0024805
0.0018706
0.0010499
0.00074686
-0.00016967
-0.00034473
-0.00082917
-0.00039353
-0.00053301
-0.00085422
-0.00039055
0.00016537
0.00011453
0.00063119
0.0005814
0.0012131
0.002164
0.0033222
0.0045594
0.0050831
0.0059885
0.0061419
0.0056282
0.003683
0.0016815
7.7995e-006
-0.0019341
-0.0036095
-0.0037669
-0.00361
-0.0030167
-0.0022624
-0.00086461
-0.00013583
0.00057552
0.0015771
0.0027005
0.0030877
0.0039658
0.0047354
0.005822
0.0066757
0.0075821
0.0075838
0.0074853
0.0084602
0.0087553
0.0088409
0.008158
0.0077615
0.0074395
0.0074857
0.0073522
0.0071693
0.0061908
0.0065428
0.0061667
0.0057135
0.0048221
0.0040183
0.0027269
0.0015881
0.00075248
-0.00020359
-0.0017691
-0.0029647
-0.0039535
-0.0052444
-0.0062549
-0.0068642
-0.006338
-0.0062798
-0.005097
-0.0034346
-0.0015087
0.00052078
0.003125
0.0041788
0.0040301
0.003526
0.0041299
0.0039268
0.0036724
0.0027628
0.0024321
0.0015988
0.001267
0.00089214
0.00037834
-7.4489e-005
-0.00050359
-0.00025427
0.00011606
0.00044554
0.00076859
0.001166
0.0016549
0.0025635
0.0030248
0.0042086
0.0047427
0.0053566
0.0062676
0.0068144
0.0075554
0.0079027
0.0080298
0.0080029
0.0083526
0.009265
0.0093322
0.0097438
0.0096125
0.0095646
0.010063
0.010364
0.01082
0.010634
0.010098
0.010564
0.010617
0.011382
0.011821
0.011882
0.012028
0.012409
0.012886
0.013324
0.013525
0.013321
0.012876
0.011471
0.0092287
0.0073355
0.0046509
0.0014439
-0.00078872
-0.0032233
-0.0049378
-0.0052711
-0.0059686
-0.0067401
-0.0073148
-0.0075511
-0.0067513
-0.0068275
-0.0067886
-0.0065473
-0.0064867
-0.005993
-0.0050074
-0.0051046
-0.004926
-0.0053691
-0.0048285
-0.0044027
-0.0040387
-0.0038139
-0.0034923
-0.0036847
-0.0028469
-0.0019827
-0.0017496
-0.0014702
-0.0012733
-0.0010592
-0.00039326
0.00040499
0.0010152
0.0010929
0.0011697
0.0015798
0.0015658
0.0020104
0.0016749
0.0013978
-9.3069e-005
-0.00011528
-0.00015655
0.0002408
0.0013931
0.0029561
0.004651
0.0071074
0.0096642
0.012502
0.01426
0.014992
0.015125
0.015218
0.015554
0.015411
0.014556
0.013065
0.012754
0.011899
0.010385
0.009102
0.0077999
0.0063256
0.0054084
0.0044512
0.0043768
0.003353
0.0032741
0.002569
0.0023421
0.0018324
0.0018184
0.0012846
0.00029413
-0.00011708
8.7835e-005
7.3811e-005
0.00010231
-0.00021268
-0.00077172
-0.0013577
-0.0017456
-0.0011055
-0.0015866
-0.0013594
-0.0015654
-0.0013606
-0.001093
-0.00050219
-0.00022523
0.0005083
0.00069989
0.0014511
0.0018489
0.0030893
0.0039612
0.0047524
0.0054824
0.0066126
0.0083254
0.010228
0.011331
0.012369
0.012372
0.012309
0.011617
0.0093931
0.0078909
0.0055586
0.0036419
0.0024371
0.0022219
0.0022751
0.0017176
0.0017677
0.0022646
0.0025001
0.0032077
0.0030645
0.0036689
0.0038556
0.0042462
0.0051622
0.0058108
0.0059964
0.0058202
0.0049513
0.0049151
0.0047062
0.0045363
0.0039938
0.0029645
0.002043
0.0015602
0.0019793
0.0014857
0.00053891
-0.00055402
-0.00099628
-0.0012371
-0.0014625
-0.0025761
-0.0035562
-0.0047191
-0.0050206
-0.0057587
-0.0062541
-0.0073852
-0.0086505
-0.0099581
-0.010772
-0.011222
-0.011477
-0.011079
-0.0094388
-0.0073267
-0.0049733
-0.002199
0.00060262
0.0028537
0.0035533
0.004169
0.0044551
0.0050618
0.0056091
0.0054175
0.0052453
0.004846
0.0047329
0.005183
0.0044993
0.0043642
0.0037663
0.0039238
0.0046598
0.0052443
0.0054199
0.0052716
0.0058687
0.0066461
0.0072287
0.0078245
0.007753
0.0074677
0.0076958
0.0084243
0.0090229
0.0086811
0.0087897
0.0090644
0.0084644
0.0088185
0.0087936
0.0084608
0.008199
0.0077535
0.0076797
0.0073432
0.0075239
0.0075142
0.0067946
0.0061346
0.0059413
0.0062824
0.0061735
0.0060335
0.0056136
0.0049814
0.0056498
0.0068473
0.0071075
0.0068416
0.0065707
0.0063508
0.005149
0.0035265
0.0018385
-0.0010433
-0.0037554
-0.0055683
-0.0070996
-0.0078469
-0.0083704
-0.008729
-0.0083158
-0.0084292
-0.0077539
-0.0076373
-0.0069902
-0.0062728
-0.0055889
-0.0048874
-0.00381
-0.0025195
-0.0019007
-0.0019081
-0.0011745
-0.00067823
-6.174e-005
0.00081931
0.00081919
0.001097
0.0013196
0.0022951
0.0031021
0.0030768
0.0031276
0.0037177
0.0039054
0.0043999
0.0042336
0.0041088
0.003728
0.0042702
0.0037148
0.0038029
0.0032527
0.0024261
0.0014219
0.00056623
-0.00032073
-0.00043314
-0.00068254
0.00031178
0.0012967
0.0028967
0.0050474
0.0076023
0.0098796
0.011047
0.01121
0.010939
0.011013
0.010702
0.009554
0.0081542
0.007572
0.00628
0.0061268
0.0045575
0.003375
0.0021636
0.00068437
0.00030233
0.00031188
-0.00054255
-0.00048432
-0.00076487
-0.00022947
-0.00040274
-0.00062672
-0.00073858
-0.00072206
-0.00039776
-0.00019133
-0.00011818
0.00015394
0.00035134
0.0008252
0.0013446
0.0010807
0.0012808
0.0015442
0.0025903
0.002664
0.0031698
0.0034836
0.0042322
0.0050853
0.006164
0.0062069
0.0068253
0.0072826
0.0084107
0.0091642
0.0098025
0.010316
0.011374
0.012475
0.013963
0.015019
0.015876
0.016493
0.016516
0.015027
0.013898
0.011892
0.0092844
0.0071864
0.0048031
0.0030897
0.0025553
0.0026355
0.002152
0.0019414
0.001191
0.0015885
0.0016221
0.0016821
0.0018206
0.0018558
0.0013352
0.0021975
0.0019764
0.001777
0.00057563
0.00034955
-0.00018496
-0.00026736
-0.00080789
-0.0015596
-0.0023231
-0.0026892
-0.0022415
-0.0023423
-0.0032342
-0.0031227
-0.0037016
-0.0041699
-0.0043039
-0.0053354
-0.0058123
-0.0069341
-0.0073997
-0.0085203
-0.0095454
-0.010257
-0.010009
-0.0097274
-0.0077718
-0.0056681
-0.0033761
-0.0012615
0.0013518
0.0032931
0.005461
0.0077387
0.010608
0.012082
0.012546
0.012453
0.012339
0.012232
0.011863
0.011595
0.010232
0.0096324
0.0095997
0.0092135
0.008844
0.0079865
0.0070249
0.0068205
0.0064627
0.006535
0.0074852
0.007803
0.0076345
0.0070273
0.0066285
0.0065901
0.0070507
0.0071645
0.0070299
0.0071661
0.0063161
0.0061942
0.006957
0.0058871
0.0048909
0.0046093
0.0048793
0.0032857
0.0031225
0.0030685
0.001552
-8.5908e-005
0.00075769
-0.0005882
-0.00099927
-0.00086214
-0.00098404
-0.00039179
0.00067692
-9.6068e-005
-3.6623e-005
0.00040186
0.0014802
0.0019645
0.00068392
0.00015134
0.00045942
3.4767e-005
-0.00044112
-0.0014883
-0.00328
-0.0044873
-0.0065573
-0.0070545
-0.0076594
-0.0084349
-0.0082579
-0.0086836
-0.0073319
-0.0059612
-0.0051979
-0.0047417
-0.0035263
-0.0018579
0.00024229
0.0034386
0.0037001
0.0050075
0.0047685
0.0027301
-0.0014853
-0.0018581
-0.00043454
0.00103
0.0032975
0.0059345
0.005772
0.0071016
0.0091321
0.0082963
0.0091746
0.013908
0.015867
0.018609
0.019059
0.018465
0.01675
0.015036
0.011057
0.0034902
-0.0045625
-0.0083639
-0.010451
-0.015043
-0.019866
-0.022074
-0.028074
-0.034759
-0.036226
-0.037887
-0.041217
-0.043399
-0.043808
-0.047637
-0.050919
-0.054425
-0.058367
-0.061493
-0.063935
-0.064973
-0.067757
-0.07345
-0.078629
-0.083141
-0.089356
-0.090858
-0.091198
-0.092924
-0.092464
-0.09446
-0.097181
-0.09827
-0.10016
-0.09912
-0.10028
-0.10296
-0.10618
-0.10675
-0.10909
-0.11223
-0.11812
-0.12399
-0.1309
-0.13779
-0.14484
-0.15118
-0.15849
-0.1665
-0.17544
-0.1854
-0.19504
-0.20249
-0.21281
-0.22325
-0.23077
-0.24151
-0.24998
-0.25735
-0.26676
-0.27632
-0.28542
-0.29388
-0.30079
-0.30769
-0.30931
-0.31552
-0.32119
-0.32696
-0.33369
-0.34152
-0.34925
-0.35741
-0.36593
-0.37446
-0.38284
-0.3884
-0.39461
-0.40032
-0.40735
-0.41441
-0.42097
-0.42736
-0.43479
-0.44183
-0.44818
-0.45516
-0.46198
-0.46866
-0.47657
-0.48428
-0.49206
-0.4994
-0.50761
-0.5156
-0.52218
-0.52939
-0.53732
-0.54416
-0.5518
-0.56009
-0.56842
-0.57647
-0.58487
-0.59321
-0.60137
-0.60964
-0.61796
-0.62643
-0.63373
-0.64177
-0.64896
-0.65619
-0.66329
-0.67023
-0.67699
-0.68258
-0.68907
-0.69551
-0.70174
-0.70886
-0.71522
-0.72169
-0.72811
-0.73499
-0.74221
-0.74925
-0.75658
-0.76414
-0.77142
-0.77981
-0.78792
-0.79589
-0.804
-0.81214
-0.82049
-0.82867
-0.83702
-0.84503
-0.85241
-0.86013
-0.86777
-0.87509
-0.88256
-0.88993
-0.89655
-0.90381
-0.91181
-0.92008
-0.92879
-0.93754
-0.94621
-0.95455
-0.96361
-0.97255
-0.98134
-0.98922
-0.99678
-1.0041
-1.0116
-1.019
-1.0261
-1.0327
-1.0394
-1.0468
-1.0541
-1.0611
-1.0679
-1.0747
-1.0813
-1.0885
-1.0952
-1.1023
-1.1089
-1.1155
-1.1218
-1.128
-1.134
-1.1408
-1.1477
-1.1559
-1.1643
-1.1729
-1.1816
-1.1911
-1.1995
-1.207
-1.2138
-1.221
-1.2286
-1.236
-1.2431
-1.2496
-1.2564
-1.2632
-1.2696
-1.2759
-1.2823
-1.2887
-1.2952
-1.3024
-1.3102
-1.3166
-1.3247
-1.3332
-1.3425
-1.3519
-1.3618
-1.3716
-1.3813
-1.3905
-1.4002
-1.4097
-1.4187
-1.4273
-1.4356
-1.4433
-1.4516
-1.4599
-1.4661
-1.4739
-1.4815
-1.4896
-1.496
-1.5041
-1.5118
-1.5189
-1.525
-1.5311
-1.5374
-1.5433
-1.5486
-1.5507
-1.5517
-1.5555
-1.5616
-1.5674
-1.5697
-1.5723
-1.5768
-1.5835
-1.5902
-1.5972
-1.603
-1.6096
-1.616
-1.6224
-1.6292
-1.6345
-1.6383
-1.6434
-1.6506
-1.6589
-1.6673
-1.6737
-1.6799
-1.6883
-1.6979
-1.7076
-1.7179
-1.7266
-1.735
-1.7425
-1.7491
-1.7542
-1.7598
-1.7651
-1.7687
-1.7688
-1.7704
-1.7727
-1.7769
-1.7839
-1.7887
-1.7909
-1.7926
-1.7956
-1.7982
-1.7993
-1.8002
-1.8011
-1.8037
-1.8048
-1.803
-1.8014
-1.803
-1.8071
-1.8117
-1.8173
-1.8228
-1.8279
-1.8343
-1.8398
-1.8444
-1.8464
-1.8479
-1.8503
-1.8536
-1.8567
-1.8619
-1.8671
-1.8723
-1.8793
-1.8849
-1.8896
-1.8937
-1.8974
-1.8992
-1.8978
-1.8974
-1.8978
-1.8981
-1.8979
-1.8972
-1.8968
-1.8998
-1.9032
-1.9067
-1.9094
-1.9118
-1.9144
-1.9146
-1.9143
-1.9126
-1.9121
-1.912
-1.9099
-1.9075
-1.9082
-1.9122
-1.9168
-1.9198
-1.9235
-1.9266
-1.9293
-1.9303
-1.9294
-1.9272
-1.9251
-1.9238
-1.9236
-1.9241
-1.9268
-1.9323
-1.9387
-1.9441
-1.9473
-1.9502
-1.9512
-1.951
-1.9479
-1.9447
-1.9419
-1.9385
-1.9383
-1.9403
-1.9443
-1.9484
-1.9524
-1.9552
-1.958
-1.96
-1.9598
-1.9582
-1.9555
-1.954
-1.9518
-1.9512
-1.9545
-1.9604
-1.9674
-1.9738
-1.9792
-1.9839
-1.9865
-1.9873
-1.9851
-1.9816
-1.9785
-1.9767
-1.9761
-1.9757
-1.9796
-1.9846
-1.9896
-1.9921
-1.9921
-1.9908
-1.9876
-1.9816
-1.9745
-1.9683
-1.9632
-1.96
-1.9598
-1.9634
-1.9698
-1.9764
-1.9812
-1.9833
-1.9843
-1.9834
-1.9797
-1.9757
-1.9724
-1.9687
-1.9662
-1.9662
-1.9696
-1.9754
-1.9826
-1.9868
-1.9899
-1.9905
-1.9879
-1.9832
-1.9779
-1.9754
-1.9739
-1.9731
-1.9745
-1.9814
-1.9887
-1.9955
-1.9999
-2.0017
-2.0013
-1.9987
-1.9916
-1.9842
-1.9782
-1.9732
-1.971
-1.9714
-1.9744
-1.9797
-1.9856
-1.9864
-1.9861
-1.9849
-1.9806
-1.9728
-1.967
-1.9633
-1.9586
-1.9565
-1.9588
-1.9606
-1.9652
-1.9682
-1.9695
-1.9699
-1.9678
-1.9617
-1.954
-1.9471
-1.9421
-1.9399
-1.9401
-1.9451
-1.9523
-1.9596
-1.9641
-1.967
-1.9701
-1.9695
-1.9653
-1.9627
-1.9597
-1.9591
-1.9604
-1.9629
-1.9674
-1.9736
-1.9787
-1.9808
-1.9827
-1.9803
-1.9765
-1.9709
-1.9664
-1.9617
-1.9629
-1.9662
-1.9707
-1.9775
-1.9838
-1.9853
-1.986
-1.9856
-1.9775
-1.9715
-1.9709
-1.9702
-1.9712
-1.9715
-1.9743
-1.9764
-1.9795
-1.9786
-1.9727
-1.9641
-1.956
-1.9474
-1.9379
-1.9291
-1.9265
-1.9212
-1.9172
-1.9201
-1.9227
-1.9221
-1.9199
-1.9176
-1.9082
-1.8982
-1.8896
-1.8804
-1.8738
-1.8723
-1.8746
-1.8763
-1.8755
-1.8729
-1.8673
-1.8603
-1.8537
-1.8465
-1.8391
-1.8356
-1.8317
-1.8297
-1.8327
-1.8358
-1.8421
-1.8433
-1.8413
-1.8363
-1.8322
-1.8235
-1.8147
-1.8057
-1.7968
-1.7911
-1.7887
-1.7862
-1.785
-1.7798
-1.772
-1.7619
-1.7481
-1.7308
-1.7177
-1.7034
-1.6905
-1.6832
-1.677
-1.6717
-1.6672
-1.6591
-1.6491
-1.637
-1.6224
-1.6078
-1.5959
-1.5913
-1.5851
-1.5817
-1.5826
-1.5825
-1.5823
-1.5807
-1.5774
-1.5703
-1.5612
-1.5511
-1.5447
-1.5391
-1.5346
-1.532
-1.5303
-1.5292
-1.5273
-1.5217
-1.5153
-1.5053
-1.4948
-1.4833
-1.4742
-1.4659
-1.4607
-1.4558
-1.4521
-1.4481
-1.4429
-1.4354
-1.4253
-1.4124
-1.3992
-1.3845
-1.372
-1.3603
-1.3514
-1.345
-1.3403
-1.334
-1.3258
-1.3161
-1.3044
-1.291
-1.2755
-1.2629
-1.2514
-1.2432
-1.2379
-1.2353
-1.2345
-1.2306
-1.2268
-1.2202
-1.2105
-1.1993
-1.1876
-1.1777
-1.1695
-1.1635
-1.1596
-1.1571
-1.1552
-1.1523
-1.1451
-1.1363
-1.1237
-1.112
-1.0991
-1.0885
-1.0785
-1.0725
-1.0698
-1.0673
-1.0659
-1.0607
-1.0532
-1.0429
-1.0305
-1.0168
-1.0043
-0.99387
-0.98515
-0.97878
-0.97535
-0.97213
-0.96618
-0.95934
-0.94977
-0.93803
-0.92511
-0.91204
-0.90116
-0.89198
-0.88448
-0.87991
-0.87752
-0.87526
-0.8708
-0.86338
-0.85349
-0.84244
-0.82744
-0.81381
-0.80191
-0.79178
-0.78542
-0.78248
-0.78018
-0.77605
-0.77219
-0.76482
-0.75575
-0.74407
-0.73249
-0.72305
-0.71562
-0.70995
-0.70604
-0.70537
-0.70351
-0.70121
-0.69503
-0.68671
-0.67577
-0.66411
-0.65313
-0.6443
-0.63763
-0.63402
-0.6327
-0.63144
-0.62851
-0.62543
-0.6191
-0.61076
-0.5992
-0.58687
-0.57467
-0.56405
-0.55421
-0.54594
-0.53978
-0.53306
-0.52655
-0.51626
-0.50417
-0.4907
-0.47584
-0.4617
-0.44929
-0.43936
-0.43239
-0.43092
-0.42724
-0.4218
-0.41691
-0.40856
-0.39735
-0.38382
-0.37045
-0.36021
-0.35221
-0.34534
-0.34212
-0.34191
-0.3438
-0.34525
-0.34151
-0.33328
-0.32297
-0.31458
-0.30592
-0.29814
-0.29055
-0.2869
-0.28558
-0.28425
-0.28247
-0.27862
-0.27059
-0.25913
-0.24788
-0.23869
-0.22948
-0.21969
-0.21199
-0.20757
-0.20667
-0.20615
-0.20003
-0.18958
-0.17662
-0.16176
-0.14537
-0.13144
-0.12177
-0.11557
-0.11361
-0.11296
-0.11256
-0.11274
-0.11357
-0.10878
-0.10273
-0.09352
-0.082816
-0.075014
-0.071342
-0.071673
-0.072962
-0.075264
-0.076992
-0.078417
-0.076122
-0.069587
-0.062642
-0.058039
-0.05591
-0.054559
-0.05097
-0.050768
-0.052775
-0.054501
-0.056021
-0.05261
-0.048457
-0.04336
-0.039129
-0.03436
-0.030482
-0.027851
-0.028152
-0.028451
-0.027596
-0.024697
-0.020725
-0.012947
-0.0049597
0.0049693
0.014126
0.019971
0.020584
0.018293
0.014207
0.0091382
0.0033576
0.00033255
0.00082909
0.0086622
0.018858
0.03003
0.038268
0.043468
0.047405
0.045574
0.041944
0.036595
0.033073
0.035193
0.03628
0.039394
0.044832
0.05403
0.062018
0.066147
0.067274
0.065566
0.063345
0.061394
0.05829
0.05751
0.059324
0.063734
0.068147
0.072355
0.076596
0.08053
0.082145
0.08159
0.079108
0.079769
0.080448
0.084252
0.08756
0.090349
0.089336
0.086562
0.085198
0.08313
0.081627
0.080441
0.079327
0.081381
0.085806
0.093109
0.098092
0.10217
0.10263
0.10237
0.095749
0.089896
0.087284
0.09127
0.096719
0.10628
0.11553
0.12483
0.13318
0.13772
0.1369
0.13199
0.12378
0.11669
0.11188
0.1109
0.11624
0.1252
0.13767
0.14727
0.15279
0.15381
0.15274
0.14484
0.13352
0.12418
0.11735
0.11452
0.11647
0.12276
0.13303
0.14212
0.14611
0.14406
0.13946
0.13049
0.11817
0.10731
0.099093
0.095993
0.097726
0.10201
0.11004
0.11918
0.12639
0.12818
0.12632
0.12251
0.11726
0.10878
0.10443
0.10488
0.10903
0.11342
0.11642
0.12242
0.12743
0.13065
0.13065
0.12891
0.12786
0.12588
0.12301
0.12349
0.12424
0.12356
0.12228
0.12283
0.12501
0.12683
0.12896
0.12601
0.12717
0.12828
0.12814
0.12805
0.12887
0.12793
0.12405
0.119
0.11549
0.11234
0.1131
0.11337
0.118
0.12304
0.1275
0.12641
0.12285
0.1192
0.11263
0.10556
0.10167
0.10497
0.10976
0.11754
0.1253
0.13443
0.14189
0.1443
0.14192
0.13875
0.13191
0.12451
0.11921
0.11981
0.12543
0.13432
0.14542
0.15335
0.15553
0.15437
0.15027
0.14261
0.13348
0.1278
0.12623
0.12874
0.13469
0.14367
0.15409
0.16119
0.16321
0.16087
0.14977
0.13645
0.1258
0.11925
0.11657
0.11869
0.12617
0.13606
0.14588
0.15309
0.1562
0.15352
0.14316
0.1311
0.1233
0.11521
0.11464
0.11726
0.12428
0.13178
0.13799
0.14124
0.13924
0.13132
0.11877
0.10579
0.097577
0.092013
0.092045
0.09818
0.10793
0.11407
0.11969
0.12077
0.11688
0.10841
0.097554
0.087286
0.080875
0.077951
0.080728
0.088269
0.096631
0.10449
0.11074
0.11284
0.11037
0.10567
0.098933
0.094508
0.092571
0.0959
0.10044
0.1087
0.11723
0.12361
0.12655
0.12486
0.12055
0.11686
0.11007
0.10491
0.10417
0.10669
0.10965
0.11258
0.11754
0.11872
0.11637
0.1123
0.10842
0.10331
0.09828
0.094744
0.096193
0.099913
0.10345
0.10801
0.11365
0.11512
0.11362
0.11229
0.11187
0.11109
0.11167
0.11384
0.11903
0.12285
0.12476
0.12902
0.13042
0.12991
0.13016
0.12832
0.13011
0.12979
0.13168
0.13512
0.13951
0.14238
0.14552
0.14571
0.14437
0.14388
0.14323
0.14167
0.14099
0.14128
0.14097
0.13976
0.13899
0.13671
0.13388
0.12999
0.12904
0.12948
0.12778
0.12849
0.12953
0.13108
0.12976
0.12862
0.12598
0.12417
0.11939
0.11685
0.11662
0.1167
0.11836
0.12061
0.12249
0.12281
0.1195
0.11652
0.11433
0.11012
0.10576
0.10472
0.10699
0.10959
0.1126
0.11656
0.11872
0.1179
0.11245
0.10842
0.10307
0.098138
0.097664
0.097563
0.10294
0.10526
0.10886
0.11267
0.11413
0.11063
0.10721
0.10339
0.099283
0.097791
0.099658
0.10508
0.11045
0.11828
0.1245
0.12715
0.12568
0.12146
0.11642
0.10971
0.10459
0.10528
0.10769
0.11417
0.12141
0.12808
0.13099
0.13035
0.12462
0.11582
0.10688
0.099069
0.096819
0.10005
0.10569
0.11407
0.12328
0.1287
0.12965
0.12652
0.12176
0.1148
0.1071
0.1025
0.1035
0.10989
0.11901
0.12926
0.13763
0.14027
0.1377
0.13402
0.12583
0.11817
0.11302
0.11344
0.11923
0.12695
0.13667
0.14728
0.15293
0.15463
0.1493
0.14207
0.13201
0.12424
0.12004
0.12015
0.12548
0.13283
0.14102
0.14508
0.145
0.14012
0.13092
0.11944
0.10972
0.1052
0.10391
0.11034
0.11944
0.12877
0.13743
0.13702
0.13308
0.12453
0.11128
0.1011
0.094801
0.091071
0.092401
0.1009
0.11084
0.12029
0.12437
0.12278
0.11777
0.10655
0.094102
0.086008
0.082831
0.085576
0.094217
0.10543
0.11574
0.12038
0.11947
0.11357
0.10393
0.092076
0.08229
0.076954
0.076545
0.083559
0.096687
0.11149
0.11995
0.12197
0.12051
0.11416
0.10254
0.092289
0.086838
0.088918
0.094195
0.10376
0.11638
0.1273
0.13078
0.12754
0.11921
0.10894
0.09912
0.092264
0.090111
0.093353
0.10322
0.11388
0.12195
0.12679
0.1264
0.11959
0.10851
0.097023
0.092423
0.090365
0.092981
0.10165
0.1159
0.12677
0.13465
0.13722
0.13461
0.12526
0.11376
0.10487
0.10155
0.10189
0.10874
0.12035
0.13067
0.13697
0.14127
0.13982
0.13106
0.11909
0.10874
0.10444
0.10374
0.10973
0.12161
0.13434
0.14328
0.14725
0.14666
0.13838
0.12581
0.11323
0.10524
0.10315
0.10494
0.11268
0.12382
0.13335
0.13811
0.13584
0.13064
0.12008
0.11089
0.10188
0.099589
0.10003
0.10698
0.11758
0.12667
0.13104
0.13208
0.127
0.11575
0.10273
0.094143
0.087137
0.086133
0.090779
0.10026
0.10892
0.11598
0.11806
0.11575
0.10527
0.092613
0.084044
0.077696
0.076841
0.079912
0.089573
0.098047
0.1046
0.10992
0.10789
0.10048
0.088216
0.079459
0.072326
0.070038
0.073812
0.086256
0.099929
0.10987
0.11479
0.11853
0.11327
0.1047
0.096961
0.090368
0.086881
0.089444
0.098479
0.11136
0.12025
0.12642
0.1279
0.1239
0.11491
0.10275
0.09296
0.088599
0.090201
0.0942
0.10418
0.1157
0.12323
0.12618
0.12345
0.1157
0.10546
0.095028
0.089208
0.091258
0.09719
0.10746
0.11937
0.12972
0.13545
0.13583
0.12916
0.1192
0.11251
0.10617
0.10514
0.1098
0.11949
0.13068
0.13766
0.14169
0.14492
0.13863
0.12966
0.12062
0.11288
0.11164
0.1147
0.12266
0.13087
0.13876
0.14474
0.14497
0.13733
0.12564
0.11358
0.10472
0.10078
0.1029
0.10853
0.11654
0.12318
0.12788
0.13281
0.12913
0.12073
0.11118
0.1031
0.097697
0.096453
0.10209
0.11193
0.12024
0.12524
0.12809
0.12672
0.11818
0.10746
0.096695
0.091045
0.087341
0.089938
0.099008
0.10952
0.11599
0.1182
0.11721
0.11195
0.10122
0.090602
0.082998
0.078827
0.081106
0.085802
0.094391
0.10133
0.10658
0.10549
0.10041
0.092621
0.0845
0.075631
0.075592
0.080161
0.087974
0.096731
0.10742
0.11469
0.11657
0.11322
0.10602
0.10002
0.090478
0.085125
0.085205
0.09173
0.10095
0.10983
0.11732
0.12003
0.11642
0.10759
0.098461
0.09
0.084903
0.085057
0.088921
0.096553
0.10522
0.11116
0.11265
0.1127
0.10507
0.098047
0.089975
0.087229
0.088057
0.093887
0.10335
0.11345
0.12101
0.12634
0.12552
0.11976
0.11159
0.10299
0.097537
0.098858
0.10341
0.11174
0.12126
0.13101
0.1367
0.13635
0.1321
0.12546
0.11682
0.11026
0.10839
0.11036
0.1155
0.12127
0.12727
0.13179
0.13196
0.12475
0.11616
0.10638
0.096525
0.091527
0.093096
0.097744
0.10519
0.11303
0.11933
0.1198
0.11664
0.10878
0.10208
0.092502
0.087403
0.087101
0.090366
0.096274
0.10408
0.11059
0.11191
0.10826
0.099627
0.091895
0.082168
0.075291
0.074772
0.07889
0.084318
0.090708
0.098609
0.103
0.10139
0.094099
0.084557
0.075762
0.066152
0.064185
0.068481
0.073472
0.078833
0.084031
0.089625
0.090518
0.085137
0.078443
0.073314
0.067207
0.064428
0.068845
0.076413
0.085399
0.093583
0.098832
0.10086
0.097016
0.089937
0.081038
0.075462
0.072415
0.073705
0.078929
0.087693
0.096348
0.1021
0.10074
0.099735
0.091586
0.083806
0.07471
0.071507
0.072758
0.077523
0.083489
0.092937
0.10102
0.10296
0.10014
0.095664
0.091073
0.083519
0.080136
0.08219
0.089002
0.093896
0.10236
0.11127
0.11424
0.11239
0.10734
0.10139
0.093101
0.086437
0.087033
0.093464
0.10034
0.10665
0.11479
0.11962
0.11982
0.11349
0.10721
0.10143
0.094455
0.090477
0.093224
0.098534
0.1032
0.10732
0.11103
0.11011
0.10394
0.094921
0.086674
0.081133
0.077747
0.080929
0.088727
0.095921
0.10163
0.10769
0.10729
0.10324
0.094978
0.08627
0.079181
0.073559
0.073755
0.077562
0.085678
0.091438
0.096009
0.096157
0.0913
0.084782
0.07547
0.067889
0.062879
0.064134
0.067823
0.072159
0.078273
0.084937
0.088112
0.083438
0.077931
0.071115
0.062144
0.054469
0.053016
0.057687
0.062042
0.069611
0.078075
0.082859
0.081881
0.078109
0.074143
0.067556
0.061477
0.061376
0.065318
0.071265
0.078076
0.085872
0.091623
0.090862
0.085501
0.078659
0.071682
0.066152
0.065205
0.06898
0.075413
0.08093
0.086377
0.090168
0.089762
0.086081
0.078537
0.071113
0.064685
0.061429
0.066096
0.074697
0.081454
0.089981
0.096357
0.097754
0.095345
0.091612
0.084966
0.081275
0.076642
0.077158
0.084005
0.090854
0.09948
0.10686
0.10902
0.10546
0.099899
0.092564
0.085406
0.081961
0.085241
0.090629
0.096901
0.10386
0.11138
0.11433
0.11192
0.10676
0.10064
0.090546
0.082187
0.081772
0.084348
0.088435
0.092598
0.098252
0.10094
0.098566
0.091326
0.086559
0.080489
0.074619
0.071922
0.076325
0.081056
0.087994
0.09557
0.10041
0.097651
0.091309
0.083769
0.075897
0.068579
0.065686
0.06959
0.073459
0.077847
0.083092
0.08747
0.085248
0.081501
0.074627
0.06835
0.059957
0.05718
0.059416
0.06458
0.069049
0.075033
0.080844
0.080745
0.075103
0.069034
0.061238
0.054692
0.049841
0.050558
0.057543
0.064605
0.074683
0.082014
0.086972
0.085294
0.081088
0.074238
0.067906
0.064111
0.066877
0.073565
0.079308
0.086816
0.094034
0.096685
0.09436
0.088453
0.083588
0.076316
0.070224
0.069381
0.073952
0.078086
0.083219
0.089719
0.09167
0.088681
0.082471
0.078944
0.072403
0.06766
0.067094
0.071328
0.077637
0.083705
0.09226
0.097858
0.095682
0.091894
0.085541
0.080074
0.075324
0.076605
0.081892
0.08739
0.092426
0.10026
0.10612
0.1038
0.1
0.094945
0.090757
0.084583
0.084648
0.089533
0.096135
0.10221
0.10936
0.11672
0.11565
0.10993
0.10369
0.096193
0.088439
0.081806
0.083449
0.087662
0.091421
0.096638
0.10201
0.10325
0.097903
0.093123
0.086868
0.080195
0.075238
0.076733
0.082488
0.088177
0.0932
0.098344
0.10073
0.097096
0.090268
0.08333
0.075332
0.068438
0.067339
0.070058
0.073196
0.077177
0.082363
0.08628
0.085087
0.080124
0.075091
0.067796
0.059978
0.058283
0.060012
0.06268
0.067683
0.074335
0.078772
0.074827
0.069466
0.06338
0.055959
0.048061
0.0462
0.051794
0.057432
0.061276
0.069633
0.078099
0.079315
0.076316
0.072359
0.067597
0.061555
0.060743
0.065354
0.071239
0.075939
0.083371
0.090521
0.091696
0.086946
0.081684
0.076098
0.069727
0.064561
0.066683
0.074164
0.077597
0.083144
0.08854
0.09132
0.087045
0.081591
0.075924
0.07035
0.065192
0.066812
0.074373
0.080841
0.087752
0.09325
0.096352
0.096156
0.09115
0.088149
0.083417
0.078674
0.078371
0.083798
0.089575
0.095927
0.10074
0.10508
0.10377
0.099873
0.096936
0.09145
0.086656
0.086993
0.093125
0.099524
0.1043
0.11031
0.11442
0.10992
0.10525
0.099466
0.093005
0.085925
0.082355
0.085271
0.088804
0.092652
0.097763
0.10323
0.099939
0.095477
0.09177
0.088059
0.081559
0.079237
0.082628
0.086383
0.087912
0.09248
0.098502
0.09868
0.09239
0.085452
0.077842
0.071375
0.067018
0.068667
0.075679
0.079175
0.083171
0.090455
0.092971
0.089011
0.082947
0.076547
0.069379
0.061724
0.061575
0.067607
0.072016
0.076445
0.081978
0.084161
0.079832
0.073042
0.066511
0.0612
0.056207
0.054752
0.060553
0.066632
0.074222
0.080599
0.085737
0.085555
0.079913
0.076653
0.071068
0.067454
0.067184
0.071883
0.076053
0.082115
0.087966
0.091871
0.090417
0.087828
0.083665
0.077082
0.070438
0.069246
0.072736
0.077051
0.081667
0.088721
0.093094
0.090246
0.087218
0.083603
0.079348
0.07489
0.075116
0.078978
0.084623
0.088397
0.095157
0.1027
0.10202
0.099218
0.094013
0.089408
0.083627
0.082335
0.085861
0.09257
0.096192
0.10004
0.10665
0.10851
0.10362
0.099142
0.09676
0.091331
0.088342
0.092462
0.10211
0.10567
0.10816
0.11223
0.11385
0.10635
0.099421
0.093972
0.088739
0.081876
0.081435
0.087171
0.092083
0.095822
0.099557
0.10375
0.10103
0.096076
0.09049
0.087559
0.08124
0.077975
0.081311
0.086158
0.090114
0.092234
0.095912
0.091788
0.086881
0.079085
0.072562
0.066694
0.065334
0.067987
0.072095
0.076418
0.081694
0.08528
0.080828
0.077197
0.072683
0.067335
0.059016
0.056483
0.05938
0.061906
0.064725
0.069558
0.073246
0.071351
0.069248
0.067186
0.063421
0.058318
0.057662
0.062464
0.067847
0.071597
0.079121
0.085899
0.087757
0.083705
0.080958
0.078241
0.071297
0.067627
0.070152
0.076969
0.079281
0.08416
0.090504
0.094172
0.088824
0.081847
0.078397
0.071657
0.066067
0.066903
0.07466
0.076129
0.080018
0.08638
0.090451
0.087754
0.082426
0.080975
0.077892
0.075165
0.075334
0.083012
0.087755
0.092306
0.097544
0.10214
0.099717
0.094773
0.092162
0.088363
0.084791
0.085259
0.091393
0.096732
0.10153
0.1066
0.1094
0.10516
0.10169
0.098162
0.096614
0.091871
0.092032
0.094461
0.097619
0.10066
0.10431
0.10569
0.10114
0.095684
0.091889
0.085904
0.080127
0.07837
0.082061
0.086355
0.088972
0.094309
0.10056
0.099364
0.095859
0.094855
0.088766
0.081826
0.076968
0.080508
0.084431
0.086598
0.089892
0.093804
0.092494
0.088247
0.083841
0.079361
0.071208
0.064148
0.06609
0.070472
0.071837
0.076202
0.081139
0.081027
0.077472
0.070223
0.066509
0.060097
0.055146
0.053912
0.056466
0.057554
0.061022
0.067693
0.071563
0.070243
0.067269
0.065737
0.061743
0.060141
0.062487
0.067637
0.071428
0.076137
0.083614
0.088566
0.08628
0.08349
0.08092
0.076372
0.073698
0.073946
0.08008
0.083033
0.085962
0.091106
0.095371
0.091298
0.086976
0.083039
0.079128
0.073942
0.073275
0.077927
0.082059
0.084806
0.090323
0.095542
0.095595
0.090731
0.088432
0.085247
0.079716
0.080387
0.085675
0.091187
0.095069
0.098492
0.10208
0.10231
0.097986
0.095551
0.091979
0.08742
0.085679
0.089749
0.094742
0.098354
0.10309
0.10687
0.10708
0.10483
0.10268
0.10076
0.097301
0.093391
0.093456
0.094846
0.097266
0.099921
0.10258
0.10152
0.099034
0.096116
0.09328
0.087821
0.083302
0.085344
0.087639
0.090253
0.09538
0.10166
0.10262
0.098686
0.096049
0.091985
0.086447
0.081846
0.083528
0.086502
0.086296
0.089643
0.095042
0.095788
0.089558
0.085745
0.081911
0.077128
0.072794
0.073646
0.079093
0.08025
0.080871
0.086836
0.090269
0.087807
0.083483
0.080683
0.074653
0.068245
0.06599
0.069746
0.071579
0.072632
0.077589
0.084014
0.083334
0.080845
0.079869
0.077266
0.072832
0.069608
0.073469
0.07907
0.08213
0.086976
0.092858
0.093537
0.089602
0.086839
0.084032
0.079653
0.077841
0.079511
0.082934
0.085152
0.088906
0.092677
0.092625
0.089297
0.086934
0.082044
0.077167
0.074188
0.075908
0.079102
0.082336
0.085943
0.091572
0.094234
0.091232
0.091659
0.090184
0.085522
0.082886
0.087152
0.090602
0.093153
0.096722
0.1016
0.10205
0.097357
0.096211
0.09542
0.091584
0.088822
0.092324
0.096841
0.098984
0.10176
0.10772
0.11076
0.10737
0.1043
0.10424
0.099804
0.094705
0.094413
0.099378
0.09941
0.097445
0.10033
0.1025
0.0987
0.093376
0.091856
0.089255
0.083488
0.081838
0.08722
0.090524
0.092088
0.095374
0.09933
0.096949
0.091632
0.087473
0.083163
0.077816
0.072654
0.074668
0.077152
0.078667
0.080409
0.082609
0.081562
0.077685
0.073679
0.070361
0.066128
0.06285
0.063715
0.064154
0.066246
0.070616
0.072952
0.071616
0.068029
0.065792
0.061261
0.054367
0.048743
0.049523
0.051469
0.055169
0.060012
0.065573
0.066691
0.064765
0.06596
0.065182
0.061821
0.058101
0.060641
0.064479
0.065203
0.068885
0.075238
0.075355
0.072325
0.069804
0.067076
0.06476
0.06025
0.062103
0.065891
0.065863
0.066526
0.071693
0.074311
0.070962
0.067284
0.065458
0.060711
0.056498
0.057821
0.064558
0.067478
0.068539
0.073274
0.077839
0.077859
0.076565
0.075747
0.074137
0.071713
0.070002
0.07581
0.080122
0.081163
0.083807
0.087574
0.086256
0.083125
0.081004
0.081236
0.078933
0.077745
0.081267
0.085899
0.088723
0.092678
0.09724
0.09647
0.093397
0.090295
0.086857
0.082258
0.079319
0.080206
0.081366
0.083094
0.085399
0.087483
0.087036
0.082446
0.080616
0.078093
0.073542
0.072271
0.075412
0.078566
0.080986
0.082953
0.08611
0.084978
0.079452
0.077742
0.074934
0.069155
0.064157
0.065009
0.066277
0.066491
0.06845
0.072568
0.071412
0.0679
0.067239
0.065203
0.05906
0.052043
0.05213
0.053235
0.054629
0.0559
0.059631
0.060557
0.058266
0.056221
0.053161
0.049219
0.044281
0.045299
0.050827
0.05443
0.057086
0.062878
0.069035
0.070194
0.070121
0.070559
0.06866
0.06535
0.063866
0.070041
0.073432
0.075397
0.078304
0.083628
0.083194
0.080042
0.077042
0.073702
0.068572
0.065109
0.067882
0.070198
0.071657
0.073672
0.077177
0.076427
0.071928
0.068342
0.067243
0.066096
0.064964
0.066697
0.070218
0.073509
0.078064
0.082854
0.083579
0.081404
0.081379
0.080305
0.079353
0.078691
0.080776
0.084648
0.087406
0.091661
0.096445
0.097935
0.095446
0.095568
0.094908
0.093504
0.091786
0.094153
0.098828
0.10052
0.1063
0.11129
0.1088
0.10395
0.10255
0.10062
0.095074
0.090643
0.090396
0.092798
0.09219
0.094046
0.09884
0.097499
0.09333
0.089278
0.089453
0.085227
0.081538
0.082596
0.084628
0.085559
0.0854
0.088232
0.088427
0.085246
0.080744
0.078226
0.073131
0.067116
0.064942
0.067197
0.066881
0.066298
0.069303
0.071217
0.070324
0.068728
0.067498
0.062999
0.057474
0.054306
0.057689
0.059528
0.060374
0.061221
0.06353
0.062901
0.058125
0.054722
0.052254
0.048657
0.046539
0.050046
0.053306
0.058674
0.063642
0.068905
0.071272
0.069901
0.066442
0.066189
0.063067
0.062239
0.064098
0.066457
0.069061
0.07165
0.074114
0.074891
0.073225
0.07173
0.067974
0.064706
0.061929
0.062256
0.06412
0.0648
0.06623
0.068214
0.069012
0.064573
0.064709
0.062205
0.06046
0.058608
0.060749
0.066204
0.067852
0.071792
0.078276
0.07882
0.075027
0.074713
0.076346
0.074335
0.071117
0.071923
0.076285
0.077389
0.079723
0.085998
0.088901
0.086048
0.084004
0.084732
0.08238
0.080094
0.082526
0.087311
0.089408
0.090392
0.093327
0.096467
0.093285
0.088336
0.086295
0.081754
0.076431
0.073024
0.077529
0.080431
0.08005
0.082825
0.086599
0.086406
0.083146
0.081207
0.079013
0.074231
0.0704
0.071992
0.076468
0.078054
0.078518
0.081325
0.079272
0.073932
0.068585
0.063885
0.060312
0.055331
0.053858
0.055439
0.056707
0.058844
0.062262
0.064547
0.061722
0.061098
0.056592
0.04992
0.046709
0.046189
0.047049
0.049166
0.052895
0.055843
0.055692
0.053358
0.052604
0.051789
0.046872
0.04282
0.046649
0.050445
0.054682
0.06061
0.068179
0.071449
0.068143
0.066473
0.066173
0.062994
0.058515
0.060261
0.064191
0.06516
0.066395
0.07224
0.073402
0.070377
0.065443
0.062905
0.058666
0.051049
0.050191
0.054183
0.055745
0.055505
0.060368
0.062465
0.061148
0.057891
0.055788
0.05418
0.049844
0.049039
0.054522
0.059376
0.06285
0.068755
0.074841
0.076304
0.072628
0.071256
0.068164
0.06406
0.061012
0.065271
0.071066
0.073761
0.079355
0.085801
0.086598
0.082133
0.081924
0.079411
0.07593
0.072507
0.075163
0.079297
0.081195
0.08422
0.089046
0.087413
0.082038
0.078755
0.074806
0.071226
0.066349
0.066844
0.068981
0.070578
0.073319
0.079152
0.081495
0.077838
0.075683
0.072767
0.067337
0.063438
0.064819
0.0672
0.067162
0.068175
0.072107
0.073556
0.068295
0.06531
0.06352
0.057636
0.049876
0.049246
0.054458
0.057503
0.059369
0.06342
0.067154
0.063544
0.058996
0.056183
0.05198
0.042194
0.038908
0.042402
0.044375
0.045591
0.051465
0.054643
0.054697
0.051036
0.049555
0.047131
0.042198
0.041452
0.046052
0.050982
0.055292
0.060672
0.066686
0.068504
0.064788
0.063418
0.057749
0.052158
0.048122
0.052379
0.057414
0.059167
0.064396
0.07196
0.072639
0.067728
0.065325
0.061522
0.054356
0.047659
0.050128
0.053574
0.054848
0.058487
0.066593
0.067875
0.062952
0.062357
0.061192
0.057317
0.052301
0.055434
0.060692
0.063262
0.067578
0.075028
0.078244
0.074779
0.073631
0.073223
0.069358
0.064579
0.06821
0.07357
0.075877
0.079133
0.087223
0.090571
0.086869
0.084933
0.085067
0.084295
0.078334
0.079718
0.084234
0.085755
0.088267
0.094566
0.095523
0.088539
0.084802
0.079595
0.075149
0.067962
0.06704
0.071062
0.073164
0.076026
0.084344
0.088534
0.087089
0.08246
0.079556
0.073653
0.066282
0.063458
0.066074
0.067078
0.067517
0.072105
0.0755
0.074225
0.069889
0.069073
0.062136
0.051799
0.046077
0.049025
0.05189
0.053384
0.058575
0.061892
0.060009
0.055195
0.052475
0.046904
0.03918
0.03406
0.034461
0.03614
0.037928
0.043045
0.049653
0.050251
0.047046
0.04572
0.043919
0.038563
0.035477
0.038111
0.042494
0.045218
0.050455
0.057732
0.061088
0.058899
0.057072
0.055569
0.049797
0.045061
0.046396
0.052132
0.054103
0.058065
0.064588
0.067021
0.06451
0.060607
0.056909
0.051658
0.04594
0.044952
0.049576
0.054099
0.060122
0.0676
0.072222
0.069918
0.065874
0.063711
0.060226
0.056284
0.057133
0.062275
0.066669
0.070581
0.077984
0.081077
0.077409
0.073582
0.072291
0.067895
0.063658
0.064892
0.068652
0.071076
0.074396
0.081592
0.088518
0.085544
0.08076
0.079733
0.075812
0.067177
0.062082
0.065276
0.066495
0.067286
0.071168
0.076211
0.071965
0.065234
0.062227
0.058023
0.051621
0.044702
0.049354
0.053023
0.05706
0.062138
0.070534
0.071842
0.0656
0.062861
0.059775
0.053513
0.046085
0.048064
0.051599
0.052699
0.056054
0.060976
0.064538
0.059419
0.054714
0.049653
0.042675
0.035701
0.035223
0.039169
0.041804
0.045455
0.050447
0.053821
0.049733
0.043639
0.035809
0.027631
0.021042
0.018389
0.0206
0.022806
0.028206
0.034041
0.037221
0.036135
0.033988
0.031478
0.025108
0.021042
0.021578
0.027046
0.030924
0.035633
0.045061
0.051368
0.047766
0.043664
0.040998
0.034562
0.029892
0.027431
0.030889
0.032386
0.036616
0.045559
0.05193
0.049526
0.043473
0.040043
0.034933
0.027763
0.026386
0.031462
0.037021
0.040689
0.049749
0.057327
0.057646
0.054974
0.051897
0.048682
0.042789
0.041582
0.047805
0.05591
0.06014
0.066614
0.073019
0.072115
0.067604
0.063327
0.058703
0.05282
0.048622
0.05043
0.056212
0.062897
0.069255
0.076286
0.078043
0.074769
0.071343
0.06568
0.059283
0.052856
0.050607
0.052237
0.055055
0.060457
0.065269
0.068128
0.065562
0.060153
0.055484
0.047474
0.044195
0.043815
0.04703
0.052239
0.061321
0.068148
0.069054
0.066606
0.065409
0.060647
0.050278
0.04341
0.042485
0.044896
0.047239
0.054209
0.059824
0.063052
0.060073
0.056753
0.052423
0.043858
0.038337
0.036414
0.039342
0.041341
0.045401
0.052226
0.058375
0.056112
0.050381
0.046106
0.038866
0.029959
0.024727
0.027632
0.033448
0.038371
0.045806
0.053732
0.056214
0.054472
0.050993
0.044408
0.036637
0.034954
0.037881
0.041804
0.047093
0.054182
0.06213
0.062388
0.059477
0.055127
0.049446
0.041846
0.036314
0.036249
0.040605
0.04368
0.050937
0.056519
0.059648
0.05572
0.050637
0.046616
0.037626
0.035227
0.034655
0.039116
0.044111
0.052918
0.062419
0.068216
0.067125
0.064178
0.05724
0.052057
0.047626
0.048431
0.053885
0.058927
0.066253
0.072457
0.077915
0.074704
0.073086
0.065664
0.058004
0.052708
0.053568
0.057425
0.0635
0.07156
0.077854
0.082715
0.080003
0.076259
0.070585
0.063027
0.054503
0.051075
0.049171
0.052698
0.058597
0.064218
0.068288
0.067847
0.063876
0.057158
0.048813
0.040836
0.038079
0.038796
0.043307
0.048113
0.056627
0.059878
0.06005
0.056845
0.051021
0.045872
0.037974
0.031932
0.030776
0.033708
0.037327
0.044385
0.0504
0.053503
0.051286
0.045597
0.03926
0.031598
0.024803
0.021606
0.022409
0.025551
0.030686
0.034995
0.038099
0.035191
0.029865
0.021147
0.013616
0.0077302
0.0057942
0.008927
0.014087
0.020513
0.027906
0.035364
0.035037
0.031935
0.027263
0.022469
0.016731
0.016102
0.019836
0.025597
0.030486
0.038191
0.043712
0.044001
0.041685
0.035108
0.029889
0.022136
0.020636
0.022753
0.029102
0.034363
0.040514
0.044922
0.046254
0.042722
0.037314
0.028333
0.02128
0.019277
0.021274
0.027342
0.034067
0.042625
0.048254
0.050438
0.046018
0.042382
0.03675
0.031142
0.027908
0.028583
0.033588
0.039579
0.04672
0.053401
0.055533
0.053599
0.049664
0.046765
0.043068
0.040427
0.042095
0.047198
0.053126
0.061609
0.066291
0.068181
0.064782
0.059618
0.052764
0.045284
0.038388
0.037348
0.039026
0.043305
0.049053
0.054639
0.056426
0.053683
0.050842
0.045666
0.040115
0.033879
0.032418
0.033963
0.036665
0.038815
0.044642
0.046907
0.041935
0.037006
0.030952
0.025027
0.016304
0.013907
0.016251
0.019444
0.022196
0.02925
0.035913
0.036555
0.033037
0.027247
0.022904
0.015772
0.01212
0.013918
0.01936
0.022909
0.026559
0.030303
0.030416
0.024928
0.01922
0.01523
0.0088541
0.0069026
0.0087538
0.016917
0.02288
0.028418
0.034548
0.038169
0.035666
0.030696
0.02773
0.022943
0.018436
0.018525
0.023052
0.02756
0.033042
0.038718
0.041767
0.041061
0.03653
0.029541
0.025472
0.022055
0.019353
0.022188
0.02643
0.032911
0.036525
0.03972
0.038327
0.036887
0.031735
0.027718
0.026129
0.027272
0.031844
0.037158
0.045517
0.050297
0.053386
0.050793
0.04906
0.046784
0.042566
0.039339
0.040084
0.043342
0.048687
0.056269
0.061684
0.064682
0.062634
0.06033
0.057035
0.050585
0.047145
0.048715
0.052908
0.057135
0.06097
0.067261
0.070456
0.066759
0.060919
0.056221
0.050639
0.044265
0.041616
0.043096
0.047753
0.050284
0.054409
0.058871
0.057592
0.054617
0.049974
0.045693
0.039269
0.03356
0.03383
0.037188
0.03933
0.041817
0.044524
0.045589
0.041947
0.033374
0.02891
0.023871
0.016939
0.01571
0.018688
0.021567
0.023817
0.027951
0.032752
0.031207
0.025963
0.02071
0.015301
0.0097822
0.0089878
0.013483
0.017465
0.020566
0.025288
0.029665
0.027563
0.027662
0.022613
0.019347
0.015474
0.015494
0.020884
0.025717
0.030237
0.033092
0.039702
0.037236
0.034981
0.031721
0.026843
0.022392
0.022922
0.026376
0.028035
0.031397
0.036066
0.03912
0.037357
0.032431
0.027874
0.021695
0.014967
0.013691
0.015412
0.019395
0.020751
0.025888
0.031367
0.031209
0.028282
0.027361
0.025175
0.020122
0.019543
0.023853
0.029249
0.033788
0.039159
0.044759
0.046422
0.043189
0.038708
0.035404
0.032581
0.029319
0.031797
0.037014
0.041173
0.045316
0.049614
0.052264
0.04972
0.046215
0.04213
0.038718
0.036505
0.037863
0.041402
0.043509
0.045444
0.046882
0.046516
0.042279
0.037159
0.032315
0.026764
0.022068
0.020799
0.024666
0.028032
0.029913
0.036486
0.03857
0.036855
0.03477
0.029219
0.024149
0.019038
0.017982
0.018393
0.021278
0.022252
0.027654
0.029542
0.0275
0.02281
0.016733
0.010756
0.0045143
0.0032862
0.0046495
0.0074966
0.010517
0.016126
0.017743
0.01665
0.012949
0.007812
0.00049076
-0.0076412
-0.011354
-0.010567
-0.0081682
-0.0063682
-0.0027669
0.00084927
0.00233
0.0022033
0.00037049
-0.0040211
-0.0062749
-0.0073433
-0.0065005
-0.0027943
0.0015551
0.0093801
0.014343
0.013691
0.012809
0.009656
0.0047588
0.0014191
-0.00080844
-0.00038477
0.00066666
0.0032723
0.0060876
0.010617
0.010713
0.0059065
0.0029053
-0.0031223
-0.0074172
-0.010031
-0.0089255
-0.0080198
-0.0058583
-0.002887
0.0018074
0.0019275
-0.0007726
-0.0011569
-0.0036571
-0.0072057
-0.007769
-0.0056615
-0.0013714
0.0035808
0.0053684
0.008917
0.011214
0.0096142
0.007652
0.0034434
-0.00095357
-0.0028468
-0.0016124
0.0023827
0.0072388
0.0094305
0.012307
0.015187
0.014225
0.012404
0.010411
0.011528
0.0073972
0.0049499
0.0055051
0.0088964
0.012432
0.011648
0.010864
0.0091186
0.0064676
0.0017446
-0.0037894
-0.0069199
-0.0067016
-0.0062382
-0.0049054
-0.00095271
0.0038565
0.0055862
0.0062417
0.0038441
0.0014578
-0.0056445
-0.0069013
-0.0086894
-0.0087772
-0.01091
-0.0070797
-0.0055975
-0.0039108
-0.0058498
-0.0092203
-0.0094251
-0.016544
-0.02158
-0.024015
-0.023173
-0.024181
-0.023293
-0.022168
-0.019885
-0.019712
-0.019843
-0.022768
-0.026712
-0.031699
-0.035421
-0.03823
-0.038536
-0.035498
-0.033314
-0.029632
-0.028043
-0.022277
-0.022318
-0.022934
-0.025741
-0.026022
-0.027476
-0.027198
-0.021677
-0.017319
-0.013137
-0.012707
-0.011915
-0.012042
-0.013983
-0.016695
-0.015579
-0.016472
-0.017556
-0.016442
-0.013202
-0.011679
-0.012646
-0.011613
-0.011553
-0.013699
-0.017329
-0.015342
-0.015686
-0.015574
-0.015326
-0.011577
-0.0090842
-0.0083371
-0.0080047
-0.0094796
-0.0094327
-0.011064
-0.0099841
-0.008137
-0.0057435
-0.0041458
-0.0028291
-0.0018979
-0.000931
-0.0014652
-0.0018849
-0.0024544
-0.0015887
0.00052944
0.0028103
0.0054184
0.0069137
0.0089812
0.0098825
0.010947
0.011239
0.012037
0.01188
0.010924
0.010995
0.010648
0.00934
0.009041
0.0088807
0.0074322
0.0049316
0.0052479
0.0043557
0.0025804
0.0024646
0.001162
0.00018958
0.0004366
0.0016231
0.0013087
0.0021409
0.0015859
-0.00088977
-0.00055811
-0.0017157
-0.0020457
-0.0040358
-0.0056828
-0.0076324
-0.0088428
-0.0094236
-0.0092927
-0.010181
-0.011002
-0.01209
-0.011073
-0.01256
-0.0131
-0.013765
-0.012533
-0.012801
-0.01378
-0.013308
-0.013449
-0.011321
-0.012715
-0.010896
-0.010962
-0.013957
-0.014545
-0.015883
-0.016842
-0.018174
-0.020028
-0.021082
-0.021655
-0.023528
-0.024351
-0.024516
-0.026402
-0.026552
-0.025507
-0.024644
-0.027544
-0.029642
-0.029635
-0.030645
-0.03252
-0.032301
-0.030864
-0.02902
-0.028774
-0.026383
-0.024773
-0.023472
-0.023932
-0.020867
-0.019144
-0.017485
-0.015814
-0.014989
-0.013037
-0.012686
-0.0095499
-0.0064469
-0.0053705
-0.005011
-0.0014804
0.0025249
0.0045134
0.005746
0.0072287
0.0085997
0.0090718
0.010342
0.012604
0.012257
0.010917
0.011954
0.01162
0.011601
0.011042
0.010544
0.01042
0.0093667
0.0081173
0.0080137
0.011031
0.01466
0.017521
0.018425
0.020658
0.019906
0.017571
0.014935
0.011341
0.010196
0.0063455
0.006118
0.0091428
0.010515
0.010874
0.01257
0.011775
0.0072953
0.0037505
0.00022557
-0.0012924
-0.0034099
-0.0018497
0.0031306
0.006383
0.007016
0.0086619
0.0087543
0.0068799
-0.0018124
-0.0084246
-0.01054
-0.015289
-0.016924
-0.015115
-0.0087829
-0.0055353
-0.0035156
-0.0012754
-0.001561
-0.0074735
-0.015265
-0.019993
-0.02321
-0.026043
-0.025326
-0.018654
-0.012435
-0.0078414
-0.0034593
-0.0018604
-0.0043346
-0.013655
-0.021183
-0.026248
-0.031715
-0.033613
-0.027788
-0.018623
-0.011038
-0.0063464
-0.0035808
-0.0030612
-0.0098609
-0.021189
-0.030527
-0.035363
-0.037896
-0.036387
-0.029232
-0.017968
-0.0089169
-0.0047874
-0.0053267
-0.0090925
-0.017412
-0.029678
-0.040828
-0.043585
-0.042678
-0.039603
-0.030829
-0.019992
-0.010538
-0.00858
-0.010501
-0.01454
-0.022601
-0.033789
-0.040435
-0.040249
-0.036298
-0.030378
-0.019806
-0.0052759
0.0025121
0.0043537
0.002602
-0.0018124
-0.011423
-0.019711
-0.025596
-0.028231
-0.025908
-0.018423
-0.0093285
-0.002689
0.0042873
0.0063677
0.0030077
-0.0051417
-0.01161
-0.014717
-0.019258
-0.023421
-0.019999
-0.014453
-0.010344
-0.0093463
-0.0059279
-0.0040915
-0.0094774
-0.016697
-0.023613
-0.023952
-0.026984
-0.02815
-0.028366
-0.025053
-0.019998
-0.018571
-0.017315
-0.013657
-0.01015
-0.0093758
-0.0093441
-0.0068832
-0.00406
-0.0026538
-0.0068145
-0.010486
-0.013108
-0.01541
-0.021316
-0.024415
-0.019251
-0.01255
-0.0090926
-0.0068982
-0.0036339
-0.0024398
-0.0061459
-0.016789
-0.026586
-0.032314
-0.034828
-0.040076
-0.039473
-0.029929
-0.017665
-0.010148
-0.0039711
-0.0015419
-0.0018317
-0.0080247
-0.026319
-0.041665
-0.04506
-0.043335
-0.041505
-0.035514
-0.020256
-0.004652
0.0041859
0.0033712
0.00054311
-0.0025923
-0.012039
-0.025186
-0.034919
-0.036616
-0.031091
-0.023897
-0.018116
-0.01253
-0.0043392
-0.00048601
-0.0064887
-0.017206
-0.022497
-0.025541
-0.032955
-0.039026
-0.040623
-0.035148
-0.028473
-0.026435
-0.024731
-0.021953
-0.017317
-0.016554
-0.017832
-0.018273
-0.014204
-0.0090509
-0.0085231
-0.012962
-0.014777
-0.012952
-0.01387
-0.01781
-0.020402
-0.016804
-0.0075277
0.0021785
0.0074041
0.012028
0.015659
0.017721
0.013329
0.0019886
-0.008078
-0.011438
-0.0104
-0.0086183
-0.0064053
0.0011543
0.012732
0.019112
0.01886
0.011687
0.0024392
-0.0047885
-0.014773
-0.027059
-0.03723
-0.037572
-0.029371
-0.02145
-0.017106
-0.010214
-0.0022834
0.0033641
0.00087806
-0.004743
-0.0095077
-0.011236
-0.010924
-0.012622
-0.013755
-0.01131
-0.0069341
-0.0052034
-0.0088189
-0.016256
-0.01996
-0.016621
-0.012015
-0.012025
-0.010369
-0.0039704
0.0055574
0.007756
0.00070771
-0.01002
-0.019683
-0.024626
-0.027925
-0.02861
-0.02839
-0.020267
-0.0060557
0.0039108
0.0050982
0.0021814
-0.0017966
-0.0032814
-0.011455
-0.024773
-0.032249
-0.033996
-0.028433
-0.020093
-0.016407
-0.013144
-0.0091161
-0.0023112
-0.0035673
-0.012817
-0.022396
-0.023256
-0.017181
-0.015847
-0.017987
-0.019746
-0.018363
-0.013599
-0.01534
-0.024069
-0.030694
-0.033855
-0.029825
-0.025267
-0.023113
-0.019442
-0.012643
-0.0058757
-0.0032596
-0.014169
-0.025561
-0.03312
-0.035447
-0.037952
-0.039331
-0.037983
-0.029179
-0.015597
-0.0044742
0.0013814
0.00013133
-0.0028773
-0.0064372
-0.0085333
-0.015536
-0.02275
-0.02534
-0.022152
-0.013624
-0.0080449
-0.0079685
-0.0053338
-0.0020851
0.0045843
0.0038019
0.0011587
6.9903e-006
0.00074765
0.0042432
0.0032459
0.0019586
-0.0067124
-0.013152
-0.021717
-0.028613
-0.035671
-0.044393
-0.043457
-0.036957
-0.025837
-0.016896
-0.0092456
-0.0042848
-0.0027408
-0.0070734
-0.017609
-0.027929
-0.036676
-0.040966
-0.040933
-0.036469
-0.034324
-0.028589
-0.020684
-0.015309
-0.015959
-0.017955
-0.021116
-0.025227
-0.025498
-0.024208
-0.021968
-0.021242
-0.020056
-0.019912
-0.021188
-0.0263
-0.032844
-0.039128
-0.039547
-0.035612
-0.030525
-0.025513
-0.016377
-0.0096367
-0.0044189
-0.0079433
-0.015805
-0.026987
-0.036409
-0.043001
-0.04927
-0.049431
-0.043875
-0.035471
-0.027955
-0.023413
-0.022032
-0.021603
-0.021329
-0.026488
-0.031405
-0.033744
-0.03295
-0.030758
-0.028317
-0.027672
-0.025993
-0.027888
-0.03133
-0.034726
-0.041221
-0.048597
-0.049462
-0.046461
-0.038042
-0.026874
-0.022215
-0.017529
-0.015733
-0.015769
-0.019971
-0.029794
-0.040293
-0.043545
-0.044141
-0.041286
-0.035421
-0.029843
-0.024228
-0.021622
-0.020075
-0.018264
-0.023326
-0.028447
-0.031184
-0.028023
-0.023804
-0.022198
-0.016886
-0.014893
-0.01746
-0.021469
-0.023835
-0.028185
-0.034038
-0.037444
-0.033727
-0.026697
-0.01877
-0.0099384
-0.00090812
0.0021919
-0.0023234
-0.0063237
-0.011925
-0.021927
-0.027689
-0.028275
-0.02382
-0.018737
-0.012735
-0.0077804
-0.0065996
-0.010018
-0.013293
-0.016706
-0.02082
-0.02545
-0.0252
-0.022462
-0.01966
-0.016357
-0.013511
-0.01612
-0.024381
-0.032739
-0.040532
-0.050276
-0.05731
-0.060118
-0.059516
-0.059284
-0.052178
-0.043016
-0.038668
-0.038827
-0.039261
-0.041536
-0.048734
-0.050049
-0.048005
-0.048887
-0.049809
-0.045283
-0.038658
-0.037881
-0.039464
-0.041526
-0.046944
-0.053811
-0.060553
-0.060293
-0.058583
-0.055367
-0.049908
-0.04191
-0.03586
-0.032484
-0.032441
-0.038097
-0.044845
-0.052705
-0.060431
-0.063053
-0.06332
-0.063691
-0.062129
-0.055397
-0.053289
-0.051976
-0.053006
-0.05291
-0.057451
-0.061126
-0.061373
-0.057251
-0.051738
-0.046988
-0.041517
-0.035869
-0.033956
-0.037646
-0.041265
-0.048009
-0.055827
-0.062457
-0.062225
-0.059549
-0.054508
-0.047543
-0.037738
-0.030887
-0.026515
-0.028158
-0.028935
-0.032859
-0.039112
-0.043337
-0.043953
-0.043949
-0.043346
-0.040511
-0.036176
-0.035873
-0.038061
-0.04041
-0.043279
-0.048726
-0.052617
-0.054173
-0.052134
-0.049702
-0.045527
-0.0386
-0.031311
-0.026551
-0.027525
-0.029717
-0.032946
-0.03773
-0.044022
-0.046699
-0.046536
-0.046111
-0.044928
-0.041591
-0.035279
-0.028686
-0.027083
-0.02703
-0.026507
-0.028201
-0.034551
-0.038169
-0.037407
-0.036994
-0.037339
-0.034632
-0.029259
-0.026403
-0.027843
-0.031641
-0.037045
-0.043838
-0.050191
-0.057256
-0.059357
-0.055396
-0.051817
-0.04703
-0.040116
-0.029456
-0.024275
-0.022476
-0.022979
-0.026702
-0.032138
-0.040067
-0.043823
-0.047201
-0.049673
-0.048124
-0.047173
-0.043686
-0.037988
-0.035127
-0.034684
-0.034262
-0.035524
-0.040627
-0.04256
-0.041689
-0.03953
-0.034013
-0.028595
-0.023931
-0.020252
-0.015788
-0.016185
-0.023006
-0.028714
-0.035714
-0.048268
-0.058974
-0.064262
-0.063653
-0.063358
-0.061302
-0.054825
-0.044926
-0.035824
-0.031559
-0.030606
-0.027599
-0.028343
-0.036282
-0.043353
-0.044867
-0.042868
-0.040232
-0.040669
-0.038493
-0.031002
-0.026804
-0.028591
-0.033671
-0.03148
-0.032573
-0.040719
-0.046807
-0.045451
-0.043028
-0.040216
-0.039128
-0.033708
-0.021846
-0.012345
-0.011609
-0.01541
-0.016737
-0.020027
-0.031789
-0.043612
-0.052614
-0.054204
-0.055635
-0.059303
-0.056424
-0.045097
-0.032042
-0.025922
-0.024429
-0.021149
-0.017725
-0.018038
-0.02264
-0.028119
-0.025557
-0.022252
-0.023183
-0.021829
-0.018331
-0.010481
-0.0063707
-0.010274
-0.015357
-0.018012
-0.021845
-0.02986
-0.039712
-0.04505
-0.044841
-0.041127
-0.039721
-0.037047
-0.027397
-0.015766
-0.0083637
-0.0088941
-0.010195
-0.010689
-0.013338
-0.019012
-0.030776
-0.037865
-0.038343
-0.0389
-0.039578
-0.040659
-0.037548
-0.032701
-0.027724
-0.02892
-0.031007
-0.030263
-0.029279
-0.029667
-0.035232
-0.036191
-0.031946
-0.025553
-0.017602
-0.017693
-0.012744
-0.0040061
0.00098777
0.0026475
-0.0031528
-0.0072034
-0.010517
-0.017544
-0.026866
-0.038532
-0.042344
-0.042033
-0.040693
-0.038246
-0.0368
-0.02903
-0.018211
-0.012188
-0.011843
-0.010388
-0.0084529
-0.0063815
-0.0068573
-0.014426
-0.018395
-0.019316
-0.017482
-0.019016
-0.025488
-0.025952
-0.021491
-0.016174
-0.013679
-0.017307
-0.019311
-0.019253
-0.018112
-0.02132
-0.027925
-0.030731
-0.027258
-0.022186
-0.019302
-0.02256
-0.021434
-0.014411
-0.0095056
-0.0063692
-0.012342
-0.016091
-0.015989
-0.017313
-0.024703
-0.034487
-0.038796
-0.03585
-0.030551
-0.030771
-0.032186
-0.028666
-0.019773
-0.010065
-0.0044867
-0.0062756
-0.0045871
0.00027231
0.0018084
0.0013742
-0.0077065
-0.012706
-0.013416
-0.014206
-0.0157
-0.019987
-0.02066
-0.015649
-0.0094787
-0.0085769
-0.012441
-0.015271
-0.014655
-0.013396
-0.015509
-0.022209
-0.027369
-0.028824
-0.026012
-0.023951
-0.023082
-0.02263
-0.017431
-0.0073373
-0.00046268
0.0019918
-0.00090999
-0.0017936
0.0015114
-0.0022987
-0.0099475
-0.022054
-0.028079
-0.032052
-0.034588
-0.0361
-0.036849
-0.033813
-0.028562
-0.018633
-0.012369
-0.0079349
-0.0041293
-0.0007442
0.0047769
0.0031038
-0.00080759
-0.0067573
-0.010492
-0.012632
-0.016626
-0.019473
-0.020867
-0.016994
-0.014915
-0.012613
-0.01182
-0.012121
-0.014468
-0.013504
-0.014469
-0.019508
-0.025763
-0.03008
-0.033076
-0.034107
-0.031654
-0.030918
-0.027292
-0.022067
-0.012748
-0.0063878
-0.0021761
-0.00013904
0.0012988
0.0024874
0.0022358
-0.001861
-0.0094457
-0.014431
-0.018949
-0.023812
-0.028495
-0.032668
-0.032525
-0.031071
-0.026689
-0.026158
-0.024146
-0.020236
-0.01779
-0.018179
-0.019422
-0.018456
-0.016821
-0.014161
-0.015488
-0.017349
-0.015888
-0.01371
-0.010948
-0.010596
-0.0085601
-0.0073329
-0.0050398
-0.0059644
-0.0081283
-0.010479
-0.015384
-0.018754
-0.018894
-0.020342
-0.023423
-0.030438
-0.034022
-0.031995
-0.031121
-0.0297
-0.029373
-0.024844
-0.018268
-0.012051
-0.0080019
-0.0048676
-0.0025352
-0.001847
-0.00096599
-0.0016194
-0.0026042
-0.0095121
-0.015751
-0.020096
-0.022796
-0.025946
-0.030755
-0.033021
-0.032236
-0.031574
-0.030516
-0.027674
-0.024127
-0.024095
-0.022443
-0.019103
-0.016411
-0.015369
-0.015879
-0.017132
-0.01698
-0.018939
-0.018608
-0.01485
-0.015509
-0.015663
-0.012844
-0.011394
-0.011567
-0.015227
-0.017376
-0.018928
-0.021808
-0.023377
-0.022937
-0.026022
-0.031715
-0.034427
-0.03522
-0.0346
-0.035507
-0.033164
-0.029262
-0.026401
-0.020985
-0.014093
-0.0079772
-0.0065033
-0.0029184
0.0013226
0.0030645
0.0039535
0.0047722
0.0012795
-0.0041525
-0.0094012
-0.011514
-0.016304
-0.02176
-0.024132
-0.0269
-0.030307
-0.0297
-0.027929
-0.027616
-0.026958
-0.022929
-0.020214
-0.017799
-0.013123
-0.010442
-0.010264
-0.012417
-0.01187
-0.012436
-0.012513
-0.011565
-0.010965
-0.01009
-0.010197
-0.0082828
-0.0066971
-0.0059591
-0.0055531
-0.0053055
-0.0056392
-0.0047473
-0.0023282
-0.0037311
-0.0057828
-0.008249
-0.010241
-0.014459
-0.017144
-0.019065
-0.019146
-0.019829
-0.020158
-0.016978
-0.013036
-0.0090006
-0.0049242
0.00029469
0.0037489
0.0057693
0.0071704
0.0077895
0.0060838
0.0041435
-0.00044999
-0.0043432
-0.0098618
-0.014179
-0.019956
-0.023457
-0.027274
-0.030596
-0.03073
-0.031157
-0.029416
-0.026696
-0.021885
-0.018788
-0.014963
-0.010123
-0.0059642
-0.0016563
0.00068267
0.0040788
0.0046098
0.0051187
0.0039899
0.0035323
0.00043782
-0.0020141
-0.0038068
-0.0061966
-0.0075297
-0.0086631
-0.0099487
-0.012257
-0.014757
-0.018081
-0.020131
-0.02025
-0.019975
-0.019005
-0.018179
-0.019462
-0.020287
-0.020392
-0.02196
-0.022074
-0.019428
-0.017734
-0.014929
-0.011135
-0.0068445
-0.0038177
-0.0017684
0.00022444
0.0034603
0.0050217
0.0075806
0.0098556
0.0079318
0.0063965
0.0044496
-0.0010151
-0.0063574
-0.011575
-0.017209
-0.023411
-0.026628
-0.028743
-0.031225
-0.030724
-0.029048
-0.028051
-0.026577
-0.023972
-0.01893
-0.016364
-0.011309
-0.0067823
-0.0040267
-0.0013591
0.000208
0.0013854
0.0033429
0.0051994
0.0034599
0.00079275
-0.0015116
-0.0039192
-0.0065778
-0.0096454
-0.01061
-0.012647
-0.015402
-0.015286
-0.015054
-0.015471
-0.014086
-0.012393
-0.011932
-0.012595
-0.011859
-0.010821
-0.010204
-0.009835
-0.010504
-0.010393
-0.010144
-0.010506
-0.010256
-0.0095181
-0.008012
-0.0076924
-0.0059624
-0.0061789
-0.0049918
-0.0031855
-0.0035366
-0.0037743
-0.0053564
-0.0058175
-0.0086876
-0.011527
-0.01379
-0.018539
-0.023471
-0.027269
-0.03026
-0.03205
-0.034438
-0.034533
-0.033089
-0.031492
-0.027252
-0.023631
-0.019527
-0.012767
-0.0069751
-0.00096718
0.0053283
0.0082842
0.011081
0.010841
0.010275
0.0079513
0.0041549
-0.00026152
-0.0063754
-0.010277
-0.015102
-0.02056
-0.024154
-0.029211
-0.032828
-0.034115
-0.035539
-0.034844
-0.035646
-0.034603
-0.031406
-0.027687
-0.02378
-0.021228
-0.016311
-0.014521
-0.011656
-0.0078148
-0.0070147
-0.0059097
-0.0052622
-0.0061415
-0.0072048
-0.0085699
-0.0099576
-0.011819
-0.013405
-0.013808
-0.014742
-0.015151
-0.01591
-0.017469
-0.017639
-0.019222
-0.020801
-0.022305
-0.022909
-0.025393
-0.026806
-0.029484
-0.031435
-0.030682
-0.030875
-0.02879
-0.028605
-0.027545
-0.025639
-0.024651
-0.021451
-0.018647
-0.015541
-0.0099867
-0.0066373
-0.0036404
-0.0010847
0.0020756
0.0050038
0.0056447
0.0066155
0.0056461
0.0049351
0.0040719
0.00027249
-0.0035059
-0.0074456
-0.011805
-0.017218
-0.022618
-0.028407
-0.031873
-0.035228
-0.037817
-0.037361
-0.038423
-0.036667
-0.034561
-0.030412
-0.025957
-0.022501
-0.017025
-0.011627
-0.0079143
-0.004266
-0.0023728
0.0010036
0.0025656
0.0034922
0.0028277
0.0019759
0.0012506
-0.0018828
-0.0056054
-0.0078091
-0.0095148
-0.011659
-0.013092
-0.015806
-0.014482
-0.015177
-0.015213
-0.015517
-0.015689
-0.015073
-0.015377
-0.016612
-0.019834
-0.020973
-0.021416
-0.021152
-0.020834
-0.019761
-0.018963
-0.018155
-0.017304
-0.015802
-0.01405
-0.013282
-0.01212
-0.011237
-0.0094629
-0.0077357
-0.0068403
-0.0051855
-0.0029823
-0.00085853
-0.00053016
-0.00091646
-0.00071188
-0.0015846
-0.0036404
-0.0067501
-0.009502
-0.013334
-0.018313
-0.020959
-0.023175
-0.026735
-0.029466
-0.032776
-0.034557
-0.036239
-0.034636
-0.032915
-0.030649
-0.027085
-0.02507
-0.021245
-0.017596
-0.011843
-0.0062949
-0.0016297
0.0033879
0.0082193
0.010968
0.014184
0.015263
0.015916
0.014595
0.01114
0.0065684
0.0020995
-0.0014814
-0.0067857
-0.01267
-0.01743
-0.021435
-0.026339
-0.027787
-0.029955
-0.029602
-0.029582
-0.028261
-0.023112
-0.018393
-0.014911
-0.010419
-0.0068922
-0.0028999
-0.00050332
0.0028723
0.0062867
0.0089569
0.010129
0.010054
0.01086
0.010616
0.0079803
0.0038752
0.0021003
-0.001361
-0.004362
-0.0061094
-0.008027
-0.0098254
-0.012518
-0.012108
-0.012377
-0.012399
-0.013716
-0.013784
-0.015184
-0.015191
-0.014907
-0.014611
-0.012391
-0.011875
-0.0092853
-0.0065896
-0.0056032
-0.004778
-0.0055797
-0.0068989
-0.0090152
-0.0089394
-0.0094686
-0.0088094
-0.0081202
-0.0072317
-0.0044504
-0.0014585
-6.2883e-005
0.0025997
0.0043846
0.0050252
0.0059748
0.0076363
0.0080262
0.0080089
0.0068862
0.0065785
0.0057392
0.001205
-0.0028042
-0.0074794
-0.013813
-0.0187
-0.023621
-0.027977
-0.030217
-0.031426
-0.030168
-0.0307
-0.029904
-0.027568
-0.025156
-0.023111
-0.018035
-0.013873
-0.0085518
-0.0036392
0.0026515
0.0087754
0.01197
0.014588
0.016434
0.017546
0.016125
0.013196
0.0090769
0.0047896
0.0010849
-0.0014625
-0.0043635
-0.0069298
-0.0084732
-0.010603
-0.013982
-0.01756
-0.020804
-0.024001
-0.027552
-0.028917
-0.027343
-0.025691
-0.021921
-0.017886
-0.014205
-0.011646
-0.0091348
-0.0063915
-0.0039152
0.00054018
0.0036286
0.0066505
0.0083592
0.010986
0.011593
0.01015
0.0090668
0.0092188
0.0077422
0.005015
0.0027061
-0.00062334
-0.0027982
-0.0033374
-0.0066345
-0.0084468
-0.0092136
-0.0098405
-0.010877
-0.012512
-0.013901
-0.015429
-0.016765
-0.018061
-0.017462
-0.017129
-0.015375
-0.013931
-0.01427
-0.014099
-0.01263
-0.012866
-0.012887
-0.01194
-0.0091228
-0.0063422
-0.0034487
4.844e-005
0.0019415
0.0039508
0.0059518
0.0056729
0.0053641
0.0060329
0.0054248
0.0041992
0.0053592
0.0047399
0.0052172
0.0068341
0.0068262
0.0058792
0.0058533
0.0039764
0.00068647
-0.0043064
-0.0082071
-0.013552
-0.018903
-0.023421
-0.026042
-0.029459
-0.031095
-0.03267
-0.034758
-0.035616
-0.035033
-0.034314
-0.032104
-0.028414
-0.02388
-0.018576
-0.012083
-0.0053886
0.00080055
0.0071977
0.011777
0.016291
0.019242
0.020904
0.020217
0.019599
0.016746
0.013581
0.010485
0.0078319
0.0042843
0.0002185
-0.0030395
-0.00854
-0.012629
-0.016854
-0.022204
-0.026403
-0.027927
-0.030066
-0.029741
-0.029847
-0.02869
-0.027423
-0.025713
-0.023671
-0.020354
-0.016935
-0.014079
-0.0097962
-0.0039392
0.0010949
0.0061622
0.011511
0.016235
0.019609
0.022239
0.022993
0.024334
0.023223
0.020203
0.016925
0.01244
0.010108
0.0072187
0.0058052
0.0044549
0.0024393
-0.0011777
-0.0035045
-0.0067145
-0.010749
-0.013816
-0.015977
-0.017648
-0.017891
-0.017937
-0.016325
-0.013261
-0.011652
-0.010601
-0.010539
-0.0090563
-0.0086725
-0.0085472
-0.005563
-0.004163
-0.00017131
0.0026614
0.0067055
0.010149
0.012586
0.013957
0.014441
0.014258
0.011924
0.010004
0.007354
0.0053284
0.0045002
0.0055918
0.0071638
0.0088501
0.0095912
0.010029
0.011017
0.0098742
0.0095161
0.0078293
0.0047181
0.0019341
-0.0012464
-0.0033026
-0.0047857
-0.0070731
-0.010106
-0.013324
-0.016767
-0.020547
-0.023743
-0.026092
-0.028467
-0.02966
-0.027806
-0.026791
-0.023148
-0.018214
-0.013533
-0.0085893
-0.0036419
0.002156
0.0075002
0.01228
0.016154
0.020143
0.023222
0.025035
0.027963
0.029182
0.029413
0.028074
0.026152
0.025292
0.023223
0.020142
0.017539
0.013349
0.0089044
0.0041141
-0.0018422
-0.0082834
-0.014743
-0.020952
-0.025433
-0.030398
-0.031442
-0.033639
-0.035159
-0.034288
-0.031237
-0.02756
-0.02361
-0.017961
-0.011636
-0.0050532
0.0031809
0.010706
0.017995
0.024273
0.030614
0.036911
0.041383
0.0442
0.045542
0.044982
0.044286
0.042104
0.038706
0.03315
0.027657
0.022531
0.017834
0.01295
0.00805
0.0028749
-0.003221
-0.0079415
-0.013076
-0.016981
-0.020391
-0.024119
-0.024913
-0.026265
-0.02524
-0.02268
-0.019638
-0.015069
-0.0097931
-0.0049209
-0.00085813
0.0050154
0.011342
0.015495
0.019209
0.022693
0.024722
0.027024
0.029384
0.030381
0.030231
0.031807
0.031176
0.029017
0.027589
0.025544
0.024336
0.022962
0.020536
0.018502
0.016329
0.01465
0.013264
0.011143
0.0086101
0.0068283
0.0048384
0.0028071
-0.00024977
-0.0025558
-0.0045183
-0.0063967
-0.007974
-0.0092086
-0.011295
-0.011721
-0.011374
-0.010972
-0.01111
-0.012019
-0.010815
-0.0088792
-0.0069346
-0.0056851
-0.002396
0.00083234
0.003378
0.0056234
0.00818
0.0091934
0.012312
0.016231
0.019493
0.024497
0.030292
0.034197
0.037201
0.04097
0.044132
0.045199
0.044161
0.042858
0.04086
0.038974
0.03775
0.033869
0.029776
0.02563
0.020756
0.013853
0.006479
6.4189e-005
-0.006807
-0.013084
-0.018434
-0.023258
-0.025914
-0.028302
-0.029669
-0.02862
-0.025778
-0.023452
-0.019103
-0.014236
-0.0086526
-0.0015605
0.0047743
0.011233
0.018051
0.026293
0.033705
0.040421
0.048388
0.055733
0.060448
0.064717
0.066861
0.066692
0.065129
0.063282
0.059344
0.05569
0.052037
0.046225
0.039005
0.033538
0.026715
0.019102
0.012012
0.0044611
-0.0020835
-0.0097647
-0.018081
-0.02466
-0.029096
-0.033942
-0.036745
-0.037799
-0.037478
-0.035999
-0.032636
-0.026303
-0.019034
-0.012067
-0.004644
0.00473
0.014751
0.024456
0.034923
0.044407
0.052049
0.060443
0.065629
0.070038
0.073974
0.073304
0.070452
0.068923
0.065133
0.059288
0.052847
0.045867
0.037795
0.028124
0.019664
0.011392
0.0036495
-0.0038785
-0.011965
-0.017346
-0.022474
-0.027363
-0.03119
-0.034073
-0.037161
-0.039325
-0.03915
-0.038155
-0.036846
-0.034077
-0.028711
-0.022083
-0.013743
-0.0029402
0.0069965
0.014958
0.024042
0.032715
0.040584
0.047248
0.052018
0.055865
0.059632
0.063024
0.064375
0.065767
0.06573
0.06224
0.05705
0.051985
0.045708
0.037908
0.030769
0.025568
0.01925
0.014272
0.011256
0.0062075
0.0017794
-0.0020823
-0.0052172
-0.009198
-0.013793
-0.016701
-0.018707
-0.020055
-0.020055
-0.018483
-0.017235
-0.015566
-0.013341
-0.010445
-0.0075812
-0.0052652
-0.0017772
0.0026869
0.0070625
0.011322
0.016215
0.021862
0.02682
0.031339
0.035859
0.038586
0.040681
0.043768
0.047083
0.049041
0.051338
0.054827
0.056418
0.057054
0.056961
0.054291
0.04924
0.0434
0.038304
0.031674
0.024873
0.020433
0.016375
0.012484
0.010099
0.0083283
0.0036174
-0.00059
-0.0043744
-0.0097593
-0.015048
-0.01857
-0.019773
-0.022008
-0.02271
-0.021932
-0.022152
-0.021051
-0.018621
-0.016125
-0.013782
-0.0086841
-0.0034439
0.0017387
0.0069759
0.015074
0.023596
0.030875
0.038721
0.04493
0.049046
0.055564
0.061231
0.062861
0.064174
0.066166
0.067251
0.066623
0.065271
0.063006
0.057335
0.050828
0.044361
0.035544
0.02659
0.020031
0.01153
0.0031266
-0.0030348
-0.0066703
-0.013919
-0.020579
-0.028277
-0.036796
-0.043766
-0.048369
-0.052466
-0.05586
-0.055021
-0.052203
-0.049058
-0.043031
-0.033879
-0.025777
-0.015795
-0.0066112
0.0020763
0.011879
0.022082
0.03316
0.042674
0.051511
0.062025
0.070308
0.077703
0.08466
0.08797
0.088453
0.088054
0.085379
0.081143
0.074738
0.066687
0.058931
0.04942
0.039064
0.028615
0.01638
0.0048057
-0.0066188
-0.017737
-0.028413
-0.03915
-0.045623
-0.052367
-0.059136
-0.062404
-0.063723
-0.063818
-0.061026
-0.057003
-0.05322
-0.047481
-0.039988
-0.03046
-0.022227
-0.01126
0.00044706
0.010117
0.022201
0.033983
0.043126
0.054129
0.062674
0.070548
0.076194
0.079971
0.084085
0.087372
0.088441
0.088061
0.086012
0.081821
0.075264
0.06703
0.055993
0.042084
0.029004
0.016856
0.0028854
-0.00905
-0.020153
-0.031078
-0.039316
-0.045576
-0.049914
-0.056536
-0.061528
-0.065622
-0.069866
-0.07262
-0.071007
-0.068667
-0.064319
-0.057621
-0.049811
-0.040212
-0.030646
-0.019719
-0.009153
0.00059977
0.010401
0.02022
0.029022
0.038525
0.047053
0.05744
0.064556
0.070403
0.07633
0.078013
0.079026
0.075952
0.071615
0.066203
0.06015
0.053574
0.046208
0.038485
0.030859
0.022633
0.01378
0.0044677
-0.0057681
-0.015947
-0.025843
-0.032742
-0.038541
-0.044624
-0.046911
-0.048697
-0.049822
-0.050068
-0.050474
-0.048625
-0.046691
-0.045385
-0.041542
-0.037493
-0.032213
-0.026391
-0.018489
-0.010625
-0.0029792
0.0061501
0.014182
0.020468
0.027717
0.032309
0.035623
0.039229
0.042271
0.046021
0.047122
0.048431
0.050142
0.051679
0.051639
0.049936
0.049231
0.046687
0.043978
0.04022
0.034918
0.029652
0.02265
0.015043
0.007587
-0.0017064
-0.0085561
-0.014963
-0.021326
-0.025359
-0.028487
-0.029152
-0.031503
-0.033297
-0.03342
-0.035959
-0.036799
-0.036244
-0.035519
-0.03399
-0.032876
-0.030197
-0.028076
-0.025764
-0.022167
-0.018777
-0.013995
-0.0097816
-0.0050202
-5.636e-005
0.0037303
0.0091219
0.013899
0.0178
0.022644
0.02754
0.032741
0.036741
0.040864
0.043484
0.044978
0.045068
0.044005
0.042131
0.03942
0.036937
0.032929
0.028563
0.024357
0.019232
0.014338
0.0091414
0.0034664
-0.00053894
-0.0057554
-0.0099172
-0.01455
-0.019561
-0.022937
-0.027938
-0.034017
-0.039638
-0.04394
-0.048324
-0.052651
-0.054439
-0.055915
-0.05689
-0.055064
-0.05227
-0.048495
-0.043407
-0.035616
-0.028555
-0.021595
-0.012564
-0.004808
0.0037176
0.011866
0.021027
0.030264
0.036733
0.043168
0.048701
0.053941
0.05787
0.061222
0.063764
0.064729
0.06396
0.062342
0.059071
0.055204
0.049737
0.042584
0.035135
0.026634
0.01774
0.009083
0.0010586
-0.0081928
-0.017057
-0.025605
-0.034383
-0.04264
-0.049595
-0.054986
-0.060036
-0.062715
-0.064848
-0.06605
-0.065869
-0.065812
-0.064391
-0.060619
-0.055719
-0.049427
-0.042013
-0.032393
-0.021984
-0.011092
-0.00024765
0.01034
0.01953
0.030405
0.040257
0.04953
0.058494
0.06638
0.072697
0.077881
0.082215
0.084701
0.083733
0.082366
0.077119
0.070301
0.06267
0.052405
0.042582
0.032342
0.02081
0.0094101
-0.0017914
-0.012889
-0.024507
-0.03372
-0.042579
-0.050919
-0.058077
-0.06397
-0.068868
-0.072985
-0.075131
-0.07617
-0.074093
-0.07094
-0.066132
-0.059915
-0.052212
-0.043434
-0.03382
-0.021649
-0.0092212
0.0014445
0.01425
0.02573
0.037359
0.048574
0.05809
0.066938
0.074827
0.081452
0.085316
0.087789
0.088716
0.087206
0.084666
0.079896
0.074069
0.067111
0.05936
0.050189
0.040353
0.029768
0.018919
0.0078497
-0.0032962
-0.012533
-0.021939
-0.030857
-0.037523
-0.042907
-0.047911
-0.051353
-0.051817
-0.052156
-0.049851
-0.045822
-0.041006
-0.034729
-0.028213
-0.02068
-0.013264
-0.0046958
0.0033216
0.010651
0.019289
0.027769
0.036889
0.044805
0.053401
0.061388
0.068133
0.073322
0.07663
0.080232
0.081948
0.08167
0.080497
0.078135
0.072979
0.065687
0.058581
0.051521
0.041718
0.031285
0.022368
0.011829
0.0022141
-0.0054703
-0.012349
-0.01976
-0.025428
-0.029911
-0.033955
-0.036081
-0.035242
-0.032977
-0.030688
-0.026819
-0.022338
-0.016692
-0.010101
-0.0038943
0.003763
0.011677
0.018531
0.0245
0.031401
0.039039
0.045137
0.051526
0.057752
0.063132
0.066194
0.068485
0.070564
0.070762
0.069887
0.067044
0.062744
0.057787
0.051909
0.044148
0.036657
0.029109
0.020494
0.011128
0.0024867
-0.0042946
-0.012627
-0.017928
-0.021616
-0.024203
-0.026662
-0.027494
-0.026257
-0.026765
-0.025705
-0.022865
-0.018827
-0.015576
-0.0095732
-0.0034464
0.0025816
0.009708
0.017604
0.025161
0.031654
0.039096
0.045523
0.051249
0.058583
0.065091
0.07061
0.076078
0.080885
0.082669
0.08348
0.082855
0.080603
0.076524
0.072312
0.066923
0.059336
0.050766
0.041939
0.032449
0.023334
0.013601
0.0044672
-0.0052765
-0.014283
-0.021812
-0.028663
-0.034525
-0.03808
-0.042735
-0.044988
-0.044326
-0.041914
-0.039423
-0.035411
-0.029377
-0.02237
-0.014596
-0.0041587
0.0059152
0.015075
0.02616
0.03621
0.045257
0.053407
0.061072
0.067577
0.070559
0.07646
0.081565
0.086952
0.091519
0.095363
0.097091
0.09693
0.096026
0.092849
0.088232
0.082664
0.075867
0.066123
0.056506
0.045722
0.035581
0.023694
0.012266
0.0014031
-0.010223
-0.020346
-0.028168
-0.036638
-0.043475
-0.048644
-0.0541
-0.055917
-0.056202
-0.055346
-0.053001
-0.048204
-0.040503
-0.032625
-0.025028
-0.014327
-0.0031857
0.0067509
0.018305
0.028335
0.038103
0.046863
0.055709
0.063451
0.069799
0.077451
0.086511
0.093137
0.10022
0.10625
0.10885
0.11097
0.1105
0.10736
0.1021
0.095333
0.087102
0.077223
0.065546
0.054948
0.042401
0.030156
0.018917
0.0062083
-0.0049327
-0.015787
-0.02489
-0.032653
-0.040187
-0.046604
-0.051371
-0.054166
-0.05456
-0.053872
-0.052228
-0.048053
-0.04179
-0.032913
-0.024367
-0.015148
-0.0036728
0.0077121
0.018239
0.030909
0.042362
0.051828
0.059865
0.069706
0.07802
0.084819
0.09203
0.098752
0.10286
0.10603
0.10758
0.10741
0.10628
0.10309
0.098797
0.0917
0.084771
0.076372
0.066836
0.056758
0.047289
0.036322
0.025609
0.013744
0.0032885
-0.0069564
-0.017814
-0.026121
-0.034669
-0.039419
-0.043531
-0.044914
-0.04445
-0.043535
-0.040922
-0.03523
-0.029244
-0.021955
-0.013314
-0.0045596
0.0059407
0.015346
0.025313
0.03454
0.043729
0.052935
0.060666
0.067544
0.07433
0.081423
0.087607
0.091729
0.095016
0.097953
0.097483
0.095996
0.093631
0.090759
0.085113
0.078078
0.071079
0.062286
0.052477
0.043228
0.032233
0.022791
0.012799
0.0032032
-0.0059577
-0.014746
-0.020901
-0.026298
-0.029723
-0.031709
-0.032913
-0.03029
-0.027609
-0.023769
-0.018666
-0.012874
-0.0061816
0.00052724
0.0082446
0.016917
0.025681
0.034728
0.042672
0.049616
0.057621
0.064061
0.069875
0.073262
0.07822
0.082915
0.085995
0.08906
0.090983
0.091386
0.090108
0.087184
0.084026
0.07919
0.073493
0.06709
0.059083
0.051723
0.043198
0.034257
0.024716
0.016194
0.0090623
0.0012257
-0.0055437
-0.01186
-0.016256
-0.020182
-0.024357
-0.025797
-0.02574
-0.02533
-0.024097
-0.021044
-0.016368
-0.011347
-0.0046227
0.0022578
0.010576
0.019813
0.028832
0.038028
0.04766
0.055525
0.063792
0.069137
0.074019
0.077909
0.081433
0.083849
0.085093
0.087599
0.08904
0.089503
0.088465
0.086432
0.083793
0.078591
0.073421
0.067781
0.060271
0.052111
0.04322
0.03535
0.026173
0.01707
0.0082252
0.00034933
-0.0068149
-0.013001
-0.019231
-0.02389
-0.028378
-0.031073
-0.033508
-0.033003
-0.032024
-0.029974
-0.027249
-0.023333
-0.017266
-0.010737
-0.004126
0.0032358
0.011476
0.020401
0.028192
0.036305
0.043894
0.050978
0.057021
0.061152
0.065419
0.069209
0.072902
0.077112
0.081285
0.085164
0.087208
0.088648
0.089607
0.087942
0.083787
0.078292
0.073018
0.065785
0.058296
0.049345
0.040681
0.031731
0.022519
0.013385
0.0051004
-0.0026413
-0.0094972
-0.016773
-0.022859
-0.027262
-0.030927
-0.033992
-0.035833
-0.035544
-0.034698
-0.033197
-0.031127
-0.026287
-0.021649
-0.015879
-0.0089772
-0.0019529
0.005941
0.013404
0.021186
0.028397
0.035771
0.042162
0.047318
0.053419
0.057035
0.061179
0.064193
0.06696
0.068676
0.069494
0.069925
0.069853
0.069324
0.067858
0.06627
0.063477
0.059744
0.056223
0.051287
0.044861
0.037443
0.029636
0.021892
0.013635
0.0064385
-0.00054764
-0.0070165
-0.012342
-0.017153
-0.020122
-0.02313
-0.025438
-0.026763
-0.026857
-0.02714
-0.026423
-0.024887
-0.022882
-0.020265
-0.01765
-0.013845
-0.010008
-0.0055975
-0.00046949
0.0043597
0.0087808
0.012302
0.016708
0.020715
0.023616
0.026257
0.029227
0.032239
0.033842
0.035276
0.035765
0.037083
0.037005
0.036283
0.035641
0.035078
0.034205
0.031292
0.029191
0.026535
0.02338
0.019304
0.015459
0.012293
0.0089286
0.0058984
0.0047653
0.0041136
0.00417
0.00377
0.0040052
0.005125
0.0051273
0.0032732
0.0024807
0.0014417
8.3075e-005
-0.00092243
-0.0013354
-0.0015677
-0.0022303
-0.0016701
-0.0014405
-0.0012849
-0.0011477
-2.5039e-005
0.0011601
0.0019183
0.002947
0.0053135
0.0069883
0.0077254
0.0089285
0.01105
0.011825
0.012106
0.012584
0.013602
0.013327
0.013366
0.013337
0.014303
0.014221
0.013717
0.014475
0.014008
0.014558
0.01469
0.015343
0.015969
0.016015
0.01634
0.016678
0.017542
0.017874
0.018407
0.019176
0.020198
0.02098
0.021016
0.021651
0.022197
0.022311
0.02192
0.022219
0.020086
0.017843
0.015567
0.012955
0.0096274
0.0056254
0.0040107
0.0031412
0.0017865
0.0005803
0.0010786
0.00037603
-0.00027012
-0.00038478
-0.00086208
-0.0010034
-0.0018704
-0.0019537
-0.0027967
-0.0035767
-0.0043265
-0.0052464
-0.0069079
-0.0075537
-0.0081643
-0.0089537
-0.0081386
-0.0079837
-0.0072574
-0.0062637
-0.0043361
-0.0028102
-0.0017789
0.00067204
0.0037659
0.0063489
0.0079673
0.011004
0.014097
0.015927
0.018257
0.019866
0.021609
0.022795
0.023581
0.024077
0.024218
0.023988
0.023478
0.021949
0.021677
0.02235
0.021668
0.022109
0.02349
0.02367
0.023631
0.023847
0.022375
0.020599
0.017273
0.014554
0.011755
0.0084769
0.0052416
0.0022342
-0.0016147
-0.0042055
-0.0065201
-0.0095664
-0.011986
-0.014278
-0.015363
-0.016012
-0.016031
-0.015386
-0.014889
-0.012926
-0.010393
-0.0074764
-0.0057061
-0.0011765
0.0021048
0.0057287
0.0095525
0.013695
0.017843
0.0216
0.025055
0.027827
0.031687
0.034607
0.036778
0.038031
0.040142
0.040909
0.040566
0.040878
0.040527
0.039495
0.038231
0.036268
0.034774
0.032877
0.030543
0.028107
0.025175
0.023181
0.020587
0.016716
0.012164
0.0081988
0.0022122
-0.0032912
-0.0080777
-0.013158
-0.016096
-0.018625
-0.020441
-0.021673
-0.021569
-0.021045
-0.019848
-0.018174
-0.014831
-0.012245
-0.0095106
-0.0055298
-0.0027077
0.0017582
0.0052817
0.0089425
0.012476
0.016011
0.018859
0.022264
0.024744
0.027741
0.029541
0.031153
0.032612
0.033176
0.033164
0.032828
0.031894
0.03057
0.028901
0.026101
0.024161
0.021752
0.01916
0.016179
0.012895
0.010433
0.0071528
0.0034831
0.00018697
-0.0031322
-0.0059487
-0.0082196
-0.010103
-0.010478
-0.010129
-0.0088617
-0.0072841
-0.0048966
-0.0024355
0.00023817
0.002535
0.0051911
0.0069858
0.0079146
0.011149
0.013224
0.015485
0.017054
0.019286
0.02093
0.022627
0.022889
0.023675
0.024091
0.025802
0.026127
0.025804
0.026749
0.026317
0.025943
0.02519
0.02434
0.023663
0.022509
0.020255
0.018951
0.017232
0.015448
0.013088
0.011604
0.010622
0.0086361
0.0068186
0.0054391
0.004243
0.0039525
0.0024307
0.0012358
0.0024013
0.0026043
0.002511
0.0029626
0.0039652
0.0053218
0.0070444
0.0084077
0.01117
0.013452
0.015882
0.017689
0.020026
0.021986
0.021801
0.020738
0.020507
0.018673
0.017225
0.015303
0.013675
0.013682
0.013392
0.012723
0.012821
0.012657
0.012565
0.012309
0.011905
0.012998
0.012572
0.012585
0.012468
0.012495
0.012289
0.011653
0.010719
0.010261
0.0097229
0.0095331
0.0080749
0.0081154
0.0084295
0.0073693
0.0075861
0.0078556
0.0087456
0.0083375
0.0068022
0.0076688
0.0087582
0.0079868
0.0075888
0.0069708
0.0069578
0.0067181
0.0051409
0.004024
0.0038261
0.0029962
0.0012937
-0.00026188
-0.00040894
-0.0012836
-0.0019978
-0.001032
0.00046783
0.0031103
0.0060232
0.0081551
0.010762
0.013835
0.015596
0.017063
0.017722
0.018846
0.018872
0.018244
0.018864
0.019219
0.019497
0.019375
0.018796
0.01935
0.019385
0.0189
0.01875
0.019257
0.020219
0.019705
0.020055
0.021269
0.021647
0.021424
0.020606
0.019996
0.020243
0.018406
0.017897
0.016689
0.016279
0.014786
0.012454
0.011596
0.01139
0.0092267
0.0076999
0.0061181
0.0055693
0.0051708
0.0032448
0.0027386
0.0026849
0.0025314
0.002317
0.0018432
0.0026493
0.0034322
0.0045111
0.0058012
0.0071775
0.0092524
0.011007
0.011718
0.012408
0.011847
0.011622
0.010693
0.0096108
0.0093246
0.0083254
0.0087373
0.010049
0.011182
0.013054
0.014107
0.015445
0.017112
0.01782
0.019766
0.020133
0.021114
0.021802
0.022294
0.022587
0.0224
0.021956
0.021423
0.019645
0.019172
0.018061
0.01621
0.014969
0.013083
0.011876
0.0099319
0.0078638
0.0066114
0.0046213
0.003764
0.0021103
-7.9775e-005
-0.0010739
-0.0023516
-0.003469
-0.004366
-0.0048426
-0.0059509
-0.0063038
-0.0070055
-0.0078693
-0.0088241
-0.0085972
-0.0094457
-0.0092912
-0.0089483
-0.0072857
-0.0044473
-0.0017288
0.0016409
0.004555
0.0077966
0.01162
0.01346
0.01488
0.015835
0.017234
0.018521
0.019081
0.019975
0.020924
0.021171
0.022288
0.021073
0.021902
0.021408
0.020691
0.020277
0.0208
0.021122
0.021191
0.020613
0.021095
0.020753
0.020684
0.02
0.018847
0.018602
0.01709
0.016401
0.016027
0.014737
0.013754
0.012208
0.01073
0.0091442
0.0068188
0.0055056
0.0034697
0.0023273
0.00074323
-0.0011927
-0.0020617
-0.0031158
-0.0044294
-0.0048322
-0.0046444
-0.0043177
-0.00393
-0.0028482
-0.0016493
-0.0011745
0.00099296
0.0019429
0.0030584
0.0026266
0.0023251
0.0022163
0.0010378
0.00094977
-0.00029036
0.00010109
0.0023826
0.0038912
0.0063165
0.0081057
0.010324
0.012947
0.01472
0.016559
0.01816
0.0202
0.021816
0.022254
0.023812
0.02398
0.023602
0.023674
0.022517
0.02214
0.020219
0.018981
0.017571
0.015956
0.014594
0.012757
0.010819
0.0092703
0.0069863
0.0058824
0.0032074
0.0013688
-0.00051232
-0.0027938
-0.0039438
-0.0061807
-0.0078259
-0.0094431
-0.010927
-0.011638
-0.012951
-0.013599
-0.014306
-0.015289
-0.015047
-0.015326
-0.014016
-0.012244
-0.0089807
-0.0051629
-0.0019803
0.0020019
0.0046101
0.0079294
0.010096
0.011188
0.012155
0.013255
0.015114
0.015845
0.016216
0.016752
0.016781
0.017307
0.017033
0.016885
0.017633
0.017032
0.01831
0.017908
0.018192
0.01901
0.018476
0.019095
0.018677
0.018995
0.019373
0.018423
0.018852
0.018888
0.018372
0.017757
0.017107
0.016949
0.015963
0.015265
0.014771
0.013302
0.012814
0.011278
0.010895
0.0093675
0.0079375
0.007394
0.0054552
0.0048828
0.0040557
0.0032412
0.0027446
0.0014122
0.0015055
0.00092403
0.0004751
0.00086475
-0.00011543
-0.0013331
-0.0025583
-0.0043695
-0.0069007
-0.0085824
-0.0096482
-0.011694
-0.011548
-0.011581
-0.0098362
-0.0077181
-0.0066114
-0.0041744
-0.0014724
0.0014887
0.0041952
0.005934
0.0086871
0.010915
0.013482
0.01607
0.018063
0.020088
0.020977
0.022525
0.023211
0.024162
0.024361
0.024073
0.025003
0.023723
0.023736
0.02293
0.021244
0.020872
0.018788
0.017364
0.015486
0.013362
0.01145
0.008634
0.0064982
0.0041051
0.0013613
-0.00098124
-0.0038676
-0.0060305
-0.0086173
-0.010491
-0.013065
-0.014786
-0.015915
-0.016293
-0.014705
-0.013418
-0.010772
-0.007564
-0.0053026
-0.0022136
-0.0001194
0.00089174
0.0027268
0.0041454
0.005511
0.0063871
0.0070741
0.0085403
0.0094024
0.010208
0.010742
0.011809
0.012296
0.012535
0.012581
0.013312
0.014981
0.015292
0.017073
0.016884
0.017913
0.019204
0.018982
0.019399
0.020004
0.019578
0.019895
0.019191
0.01942
0.01919
0.018629
0.018129
0.017496
0.017013
0.016303
0.015503
0.014825
0.014506
0.013657
0.012726
0.012366
0.011595
0.011792
0.011086
0.01076
0.011413
0.010686
0.011287
0.01085
0.01095
0.010377
0.0085197
0.0069351
0.0041816
0.0010592
-0.001578
-0.004306
-0.0065838
-0.0083468
-0.0087221
-0.0087902
-0.0083993
-0.0084899
-0.0083413
-0.007375
-0.0064462
-0.0052744
-0.0047524
-0.003216
-0.0007732
-1.1039e-005
0.0020532
0.0027881
0.0045702
0.0062325
0.0067615
0.0081601
0.0094106
0.010989
0.012006
0.012993
0.013952
0.01541
0.016567
0.017126
0.017926
0.018841
0.018573
0.01815
0.018324
0.018632
0.017787
0.017547
0.016703
0.015731
0.015144
0.012502
0.010604
0.0086535
0.0066142
0.004662
0.0017633
8.7491e-005
-0.0010844
-0.0015751
-0.0013582
-0.000547
0.0007516
0.0012392
0.0025818
0.0033844
0.0036296
0.0032318
0.0028953
0.0024836
0.0020241
0.0022433
0.0011385
0.0013217
0.0013868
0.00080672
0.00098255
0.00031301
0.0006226
0.0007507
0.00051433
0.0019787
0.0028375
0.0038797
0.0045695
0.0058942
0.007318
0.0082495
0.0094012
0.010321
0.011059
0.013036
0.013315
0.014075
0.01534
0.015906
0.015766
0.016141
0.01587
0.016932
0.016673
0.015891
0.016514
0.016379
0.017226
0.017029
0.016805
0.017489
0.01766
0.017295
0.016482
0.016713
0.017556
0.01724
0.017212
0.016768
0.015621
0.013499
0.01077
0.0071489
0.0042326
0.0018295
-0.0012775
-0.003271
-0.0047422
-0.0049675
-0.005679
-0.0055409
-0.0046532
-0.0053725
-0.0051848
-0.0050985
-0.0049758
-0.0035721
-0.0037952
-0.002905
-0.0023578
-0.0015776
-0.0013337
-0.0017007
-0.00056348
-0.00046127
-0.00015618
0.00036508
0.00091447
0.0017752
0.0029025
0.0032758
0.0048133
0.0058913
0.0066117
0.0072039
0.0072004
0.0086651
0.00895
0.0090584
0.0095155
0.0094482
0.01063
0.0097217
0.0089136
0.0091401
0.0083972
0.0082324
0.0072684
0.0060779
0.0057554
0.0048894
0.004208
0.0033482
0.0040804
0.0058628
0.0072407
0.0087284
0.010536
0.012676
0.013785
0.012651
0.012156
0.011756
0.01105
0.0098318
0.0089396
0.0070203
0.0066708
0.0050036
0.0043678
0.0032567
0.0024326
0.0024849
0.00062039
0.0012952
0.0013159
0.0012559
0.0014854
0.0010697
0.002292
0.002021
0.001673
0.0022875
0.0023823
0.0030087
0.0033205
0.0035649
0.0040585
0.004316
0.0045167
0.0053593
0.0055857
0.0064966
0.0068696
0.007134
0.0084656
0.0087222
0.009205
0.0093322
0.010306
0.010939
0.011318
0.012228
0.012304
0.013987
0.015241
0.015519
0.016368
0.017271
0.018026
0.017041
0.015207
0.013874
0.011606
0.0098437
0.0069232
0.0040902
0.0034731
0.003156
0.0025047
0.0019093
0.0015679
0.001393
0.00064148
0.00018159
0.00078485
0.0007304
0.0012654
0.00055648
0.00053534
0.0017471
0.0015885
0.0014911
0.00081662
0.00081572
0.0015481
0.00052678
0.00074345
0.00031491
0.00071743
0.0017298
0.00086069
0.0017942
0.0016822
0.0020351
0.0021925
0.0020613
0.0027293
0.0031776
0.0033611
0.0038054
0.003706
0.0044104
0.0049925
0.0047601
0.0057157
0.0053252
0.0051604
0.004863
0.0037009
0.0033186
0.0019304
0.0019595
0.0023232
0.003943
0.0062315
0.0075245
0.010399
0.012469
0.014825
0.015791
0.015189
0.015456
0.014584
0.014565
0.013711
0.013239
0.012695
0.011786
0.011057
0.010264
0.0091597
0.0076021
0.0070261
0.0062916
0.0064806
0.0060394
0.0063628
0.0059273
0.0065303
0.0074215
0.00689
0.0074921
0.0071744
0.008472
0.0087759
0.008197
0.0086145
0.0079328
0.0087124
0.0085016
0.0082438
0.0086571
0.0082308
0.0086852
0.0079688
0.008304
0.0084475
0.0086446
0.008804
0.0090231
0.0098206
0.010356
0.010537
0.011291
0.01176
0.012714
0.013946
0.014023
0.014684
0.014627
0.013763
0.011861
0.0092015
0.0072548
0.0045218
0.0036373
0.0017372
0.0012449
0.001263
0.00095884
0.0017716
0.0011279
0.0016776
0.0025626
0.0027764
0.0041679
0.0040473
0.0048464
0.0055828
0.0053136
0.005954
0.0053164
0.0054593
0.0053253
0.005142
0.005245
0.004721
0.0050463
0.0050707
0.0047125
0.0048209
0.0043576
0.0040908
0.0044221
0.0042257
0.0050893
0.0045812
0.0050853
0.0051201
0.0049962
0.0055584
0.0049108
0.0055038
0.0047109
0.0048364
0.0046309
0.0037567
0.0039938
0.0027908
0.0022728
0.0012635
0.0012162
0.0012364
0.0018637
0.0037673
0.0063464
0.0081716
0.010803
0.012641
0.014038
0.014604
0.014634
0.014075
0.013221
0.013471
0.013331
0.012809
0.011734
0.010241
0.010163
0.0088755
0.0079295
0.0064573
0.0055447
0.0055521
0.0049995
0.0053589
0.0051712
0.0054397
0.0056118
0.0046967
0.0056405
0.0052486
0.0059691
0.0057705
0.0061412
0.0069717
0.0068175
0.0075603
0.006768
0.0074718
0.0083479
0.0090089
0.0092564
0.0088469
0.0094161
0.0101
0.010217
0.010488
0.011132
0.011806
0.012485
0.012562
0.013458
0.014038
0.014759
0.01565
0.015959
0.017064
0.016658
0.016573
0.01442
0.013038
0.011074
0.0075446
0.0055339
0.003124
0.0016655
0.0010026
0.00049786
0.00094774
0.0004722
0.00057084
0.00020182
0.0010638
0.001725
0.0019215
0.0025371
0.0021371
0.0028021
0.0031031
0.0034336
0.0031652
0.0031427
0.0032718
0.0029553
0.0028816
0.0022763
0.001934
0.0015736
0.0018933
0.0015713
0.001672
0.0012703
0.0016613
0.001359
0.0010656
0.0014062
0.0015028
0.0022088
0.0016677
0.0021613
0.002644
0.0030584
0.0032058
0.0027215
0.003386
0.0030774
0.0027031
0.0013359
0.0011265
0.0012813
0.00088291
0.0015208
0.0024715
0.0052411
0.0072031
0.0097279
0.0127
0.014372
0.016846
0.01716
0.017433
0.01706
0.017128
0.01723
0.016024
0.015095
0.01489
0.013558
0.01212
0.0099833
0.0086915
0.0071665
0.0065471
0.0059021
0.0050265
0.0051551
0.0048187
0.0048094
0.004033
0.0034393
0.0033418
0.0034232
0.0036239
0.0025398
0.0027132
0.0022787
0.0026712
0.0024435
0.0020086
0.0024238
0.0021729
0.0023663
0.002254
0.0022595
0.0027979
0.003048
0.0036635
0.0038085
0.0046213
0.005999
0.0066138
0.0074779
0.0091286
0.010051
0.011367
0.012688
0.013759
0.015075
0.015366
0.014866
0.013314
0.011256
0.0092618
0.0075834
0.0050735
0.0038261
0.0034033
0.0030061
0.0038102
0.003832
0.0048655
0.0047164
0.0051557
0.0060626
0.0064962
0.0069254
0.0067954
0.0075175
0.0080454
0.0081278
0.0082363
0.0073901
0.007242
0.0065797
0.0064464
0.0052925
0.0044915
0.0043749
0.0035753
0.0032777
0.0025847
0.0023567
0.0019577
0.001351
0.00076386
-0.00013707
-0.00010699
-0.00050907
-0.0007687
-0.0014296
-0.0023969
-0.0022179
-0.0029936
-0.0032108
-0.0040166
-0.0047888
-0.0047953
-0.0058115
-0.0065788
-0.0072095
-0.0067212
-0.006627
-0.0060047
-0.0037846
-0.0013183
0.0028141
0.0055093
0.00843
0.011713
0.014396
0.015868
0.015792
0.016817
0.016953
0.017689
0.017291
0.016774
0.016156
0.015597
0.015843
0.015011
0.01444
0.014116
0.013749
0.013872
0.013879
0.014087
0.013881
0.014392
0.014105
0.013337
0.013213
0.012999
0.012576
0.011995
0.011312
0.010999
0.010582
0.0099324
0.0082523
0.0078995
0.0074488
0.0070006
0.0064119
0.0059682
0.0053744
0.0048423
0.0048165
0.0041839
0.0044263
0.0044782
0.0046149
0.0053582
0.0051475
0.0056178
0.0059464
0.0068364
0.0075531
0.0077246
0.0082219
0.0067805
0.0054669
0.0030704
0.0013844
-0.00048443
-0.0028523
-0.0041288
-0.0033713
-0.0028035
-0.0021428
-0.0011657
1.4855e-006
0.00092679
0.0026599
0.0037697
0.005396
0.0063726
0.0073914
0.0086629
0.009455
0.011155
0.011498
0.012191
0.012332
0.012546
0.013154
0.012464
0.0134
0.013505
0.014231
0.014115
0.013788
0.013836
0.013038
0.013436
0.012755
0.012553
0.011326
0.010985
0.010201
0.0087034
0.0080726
0.0066715
0.0063719
0.0051311
0.0042324
0.002354
0.0010691
-0.00028198
-0.0022767
-0.0038624
-0.0056242
-0.0057963
-0.0055557
-0.0043153
-0.0029357
-0.0012403
0.0013406
0.0032797
0.0049724
0.00629
0.0064682
0.0071267
0.0072818
0.0072915
0.0074264
0.0074589
0.0079982
0.0070974
0.0069411
0.0070033
0.0074118
0.0071289
0.0065487
0.0075436
0.0082396
0.010029
0.01025
0.011064
0.011483
0.012388
0.01323
0.013321
0.014229
0.014435
0.015572
0.015627
0.015311
0.015925
0.016501
0.017098
0.017202
0.017342
0.017401
0.017508
0.017906
0.017781
0.017911
0.018238
0.018442
0.017553
0.01739
0.017122
0.016847
0.016994
0.01683
0.017017
0.016998
0.017077
0.016506
0.014783
0.012543
0.0099988
0.0071554
0.0036487
0.0003467
-0.00288
-0.0045156
-0.0046582
-0.00515
-0.0052504
-0.0057059
-0.0054968
-0.0056855
-0.005473
-0.0051034
-0.0047045
-0.0042804
-0.0037366
-0.0020971
-0.0016041
-0.00050905
-0.00043863
0.00066344
0.0013465
0.0017575
0.0024318
0.0028948
0.0043487
0.0048014
0.0059256
0.0066735
0.0082505
0.0092014
0.010197
0.011328
0.011832
0.012816
0.012872
0.013666
0.013772
0.014624
0.015214
0.01501
0.015255
0.015128
0.015646
0.015067
0.013966
0.012859
0.011883
0.010998
0.010247
0.0095133
0.0093862
0.010292
0.011785
0.012711
0.014178
0.015438
0.017171
0.017529
0.016813
0.015811
0.014588
0.014009
0.012739
0.011832
0.0099631
0.0089252
0.0077948
0.0060851
0.0045183
0.0032803
0.0031512
0.0021978
0.0019508
0.0016323
0.0016156
0.001862
0.0017199
0.001724
0.0014289
0.0017896
0.0021759
0.002337
0.002514
0.0033748
0.0042583
0.0050449
0.0055146
0.0060304
0.007148
0.007718
0.0082977
0.0087812
0.010184
0.011726
0.013148
0.013856
0.014945
0.016231
0.017212
0.018649
0.01993
0.021182
0.022583
0.02406
0.025768
0.02649
0.027117
0.026447
0.024728
0.022501
0.019705
0.017196
0.014766
0.013345
0.012304
0.011648
0.011439
0.010592
0.010389
0.0094129
0.0095729
0.0088926
0.0091316
0.0083035
0.007517
0.0073112
0.0066737
0.0068943
0.0059494
0.0051877
0.0042004
0.0033181
0.0022005
0.0011763
0.00062014
-0.00029579
-0.00054005
-0.0012626
-0.0012908
-0.0017653
-0.00197
-0.0017314
-0.0014215
-0.001107
-0.0014388
-0.0017013
-0.0016255
-0.00093142
-0.00012563
0.0005966
0.0010394
0.0015201
0.0021654
0.0021881
0.0024466
0.0023813
0.002616
0.0032598
0.0030787
0.0038132
0.0042844
0.0062031
0.0085882
0.011601
0.014148
0.017029
0.019912
0.02143
0.024118
0.024601
0.025545
0.025916
0.025796
0.025511
0.024482
0.024624
0.02398
0.023413
0.021353
0.020506
0.019149
0.018426
0.017739
0.016897
0.016826
0.015854
0.015085
0.013693
0.012808
0.012065
0.011265
0.010377
0.009659
0.0090444
0.0078484
0.006896
0.0057076
0.0047246
0.0039789
0.003497
0.0025206
0.0015133
0.0012632
0.0016492
0.0016856
0.0017408
0.0016094
0.0019092
0.0022491
0.0029192
0.003336
0.0040651
0.0052617
0.0074395
0.0087108
0.0099233
0.011228
0.011951
0.011827
0.010524
0.0096943
0.0081757
0.0065083
0.0051223
0.0041515
0.0051028
0.0061102
0.0078873
0.0084843
0.0095024
0.010509
0.012121
0.013359
0.014726
0.01567
0.017145
0.01853
0.019621
0.01992
0.01973
0.019735
0.019299
0.019028
0.018455
0.018282
0.017501
0.01711
0.01629
0.015339
0.01477
0.014075
0.013649
0.01222
0.011205
0.0098475
0.0089071
0.007922
0.0068237
0.0059551
0.0053037
0.0042339
0.0031225
0.001313
0.00042592
-0.0010543
-0.0024565
-0.0033097
-0.00485
-0.0060421
-0.0065467
-0.0068022
-0.0072634
-0.0064278
-0.0052363
-0.0029496
-0.0011059
0.0015858
0.0048091
0.0073098
0.009056
0.0098361
0.010834
0.011562
0.012414
0.012259
0.012894
0.012633
0.012857
0.013167
0.013187
0.013497
0.013905
0.014948
0.015372
0.016368
0.017277
0.017686
0.018314
0.018923
0.020014
0.020729
0.021108
0.021515
0.022179
0.022696
0.02284
0.022407
0.021948
0.021731
0.021349
0.020972
0.020747
0.019862
0.019692
0.019377
0.019174
0.018895
0.017983
0.017613
0.016891
0.016038
0.015703
0.015172
0.015229
0.015369
0.014945
0.014992
0.01415
0.013167
0.010129
0.0073016
0.0032157
0.00028465
-0.0022366
-0.005578
-0.0076604
-0.0082672
-0.0076167
-0.0079112
-0.0076029
-0.0076299
-0.0067662
-0.005476
-0.0040335
-0.0027375
-0.0018722
-0.00089441
0.00077938
0.0021389
0.0031619
0.0043016
0.0046327
0.0059023
0.0065084
0.0071875
0.0081018
0.009309
0.010302
0.011345
0.01255
0.013485
0.014974
0.015446
0.016052
0.016645
0.017908
0.01866
0.018899
0.018507
0.018968
0.018996
0.019223
0.019027
0.017847
0.017057
0.016211
0.015675
0.014589
0.012902
0.011619
0.010467
0.0093119
0.0078923
0.0076924
0.0086092
0.0092166
0.010758
0.011507
0.013431
0.014389
0.015302
0.014634
0.013875
0.012839
0.011278
0.01066
0.0089909
0.0078463
0.0062815
0.0055272
0.0042251
0.0027612
0.0019536
0.0017675
0.0015887
0.0011533
0.00082487
0.00093917
0.0014382
0.002135
0.002939
0.0032232
0.004317
0.0044828
0.0055517
0.0060377
0.0068139
0.0077496
0.0083428
0.0094269
0.01004
0.01137
0.012007
0.01361
0.014542
0.015875
0.017068
0.017983
0.019252
0.020199
0.021325
0.022591
0.023854
0.024951
0.026091
0.027241
0.028747
0.029235
0.029424
0.028986
0.026984
0.02455
0.02208
0.019013
0.016099
0.012881
0.011122
0.010449
0.0095472
0.0090397
0.0082542
0.0071779
0.0063703
0.005962
0.0061824
0.0058861
0.0054473
0.0050998
0.0047017
0.0045458
0.0035792
0.0030006
0.0016503
0.00098679
-0.00023974
-0.00061544
-0.0012442
-0.0017937
-0.0014711
-0.0024028
-0.0022621
-0.0026262
-0.0018183
-0.0014403
-0.0012265
-0.0013051
-0.0014493
-0.0010836
-0.00026688
0.0004478
0.00093434
0.00102
0.0017566
0.0025294
0.0028018
0.0031981
0.0034414
0.0041111
0.0038244
0.0045251
0.0045995
0.0050535
0.0053682
0.0060828
0.00734
0.0096318
0.012766
0.015205
0.017956
0.021331
0.023993
0.02649
0.027261
0.027182
0.027005
0.026534
0.026318
0.025727
0.024502
0.022789
0.022064
0.021196
0.020266
0.018627
0.017202
0.016253
0.015568
0.014502
0.01378
0.01287
0.011974
0.011396
0.01025
0.0095931
0.0081822
0.0077673
0.0067437
0.0052383
0.0040968
0.003458
0.0028552
0.0020951
0.0012109
0.00093005
0.0010204
0.00072267
0.0012
0.00079089
0.0010445
0.0013852
0.002453
