0.014585
0.026757
0.036332
0.044294
0.043372
0.033988
0.019643
0.0013284
-0.013609
-0.02902
-0.053975
-0.086411
-0.12635
-0.16266
-0.19548
-0.23236
-0.27664
-0.32632
-0.37818
-0.42578
-0.46932
-0.51987
-0.57413
-0.63054
-0.68191
-0.72836
-0.77245
-0.81855
-0.86086
-0.90388
-0.94324
-0.98107
-1.0171
-1.0514
-1.0784
-1.1024
-1.118
-1.124
-1.1257
-1.1258
-1.132
-1.1343
-1.1287
-1.1163
-1.0969
-1.0732
-1.0539
-1.028
-0.9886
-0.94867
-0.91121
-0.87667
-0.84205
-0.79802
-0.74529
-0.68444
-0.62477
-0.57007
-0.52261
-0.46834
-0.41822
-0.37535
-0.34751
-0.32262
-0.29766
-0.26797
-0.23923
-0.21618
-0.19705
-0.1804
-0.1627
-0.1482
-0.14269
-0.14747
-0.16151
-0.17994
-0.19834
-0.21646
-0.24077
-0.27252
-0.30704
-0.34325
-0.37757
-0.40736
-0.44593
-0.49124
-0.5443
-0.59813
-0.64896
-0.70163
-0.75732
-0.81136
-0.86408
-0.90825
-0.94873
-0.99393
-1.0441
-1.0914
-1.1352
-1.1743
-1.208
-1.2409
-1.2696
-1.2977
-1.3152
-1.3247
-1.3281
-1.3285
-1.3273
-1.3312
-1.3306
-1.3206
-1.302
-1.2794
-1.2548
-1.226
-1.1921
-1.152
-1.1119
-1.0748
-1.044
-1.0068
-0.96211
-0.91329
-0.86805
-0.82522
-0.78533
-0.73909
-0.69176
-0.64425
-0.60598
-0.57405
-0.54476
-0.51434
-0.48751
-0.46103
-0.44003
-0.42162
-0.40681
-0.39266
-0.38277
-0.38
-0.38876
-0.40085
-0.41644
-0.43109
-0.44559
-0.4701
-0.5011
-0.53246
-0.56426
-0.59292
-0.62537
-0.66895
-0.72236
-0.78005
-0.83134
-0.87976
-0.9292
-0.97956
-1.0303
-1.0812
-1.1306
-1.1757
-1.2188
-1.2557
-1.2899
-1.3179
-1.3487
-1.3767
-1.4105
-1.4438
-1.481
-1.5077
-1.5226
-1.524
-1.5276
-1.5289
-1.5316
-1.5252
-1.5081
-1.4816
-1.4577
-1.4341
-1.4083
-1.3758
-1.3373
-1.2989
-1.2662
-1.2328
-1.1952
-1.1477
-1.0946
-1.0462
-1.0018
-0.95836
-0.91233
-0.86317
-0.81904
-0.78444
-0.75468
-0.72555
-0.69374
-0.66262
-0.63408
-0.61182
-0.5955
-0.58109
-0.5714
-0.56493
-0.56967
-0.5835
-0.60003
-0.61615
-0.62996
-0.64169
-0.66513
-0.6946
-0.72934
-0.76024
-0.79207
-0.82827
-0.87527
-0.92701
-0.9795
-1.0237
-1.0637
-1.1083
-1.1572
-1.2063
-1.2525
-1.299
-1.3461
-1.3977
-1.4469
-1.4958
-1.5369
-1.572
-1.6021
-1.6321
-1.6566
-1.6808
-1.7001
-1.708
-1.717
-1.7234
-1.7295
-1.7306
-1.7219
-1.7045
-1.6796
-1.6538
-1.6341
-1.6097
-1.5786
-1.5417
-1.5059
-1.4725
-1.4402
-1.3993
-1.3488
-1.2961
-1.249
-1.2076
-1.1667
-1.1239
-1.0798
-1.0355
-1.0004
-0.97116
-0.94196
-0.90739
-0.87364
-0.84172
-0.81199
-0.78307
-0.75426
-0.7345
-0.72235
-0.71874
-0.73126
-0.75217
-0.77718
-0.80077
-0.81831
-0.8402
-0.87164
-0.90673
-0.93718
-0.96737
-1.0036
-1.0505
-1.1056
-1.1608
-1.2074
-1.2517
-1.3016
-1.3564
-1.41
-1.46
-1.5063
-1.5493
-1.5972
-1.6434
-1.6883
-1.7263
-1.7606
-1.7917
-1.8237
-1.8497
-1.8752
-1.89
-1.8968
-1.9012
-1.9039
-1.9052
-1.9057
-1.8992
-1.8834
-1.8611
-1.8385
-1.8195
-1.7946
-1.764
-1.7266
-1.6898
-1.6551
-1.6227
-1.582
-1.536
-1.4863
-1.4451
-1.4057
-1.3673
-1.3225
-1.2753
-1.2274
-1.1882
-1.1548
-1.123
-1.0865
-1.0557
-1.0293
-1.0103
-0.99463
-0.97985
-0.96433
-0.9541
-0.95239
-0.95979
-0.97033
-0.98537
-0.99698
-1.0083
-1.0304
-1.0641
-1.1004
-1.135
-1.1668
-1.2009
-1.2445
-1.2924
-1.3411
-1.3857
-1.4307
-1.483
-1.5397
-1.597
-1.6486
-1.6968
-1.74
-1.7891
-1.8394
-1.8856
-1.9272
-1.9648
-2.0003
-2.0362
-2.0706
-2.1011
-2.1195
-2.1268
-2.1286
-2.1271
-2.1152
-2.1066
-2.0917
-2.0687
-2.0414
-2.0163
-1.994
-1.9765
-1.9512
-1.9218
-1.8889
-1.8505
-1.8107
-1.7652
-1.7132
-1.6614
-1.6163
-1.5772
-1.5407
-1.4962
-1.4504
-1.4037
-1.3666
-1.3361
-1.3045
-1.2717
-1.2417
-1.2145
-1.1967
-1.1813
-1.1697
-1.1566
-1.1477
-1.1445
-1.1494
-1.1597
-1.1726
-1.1875
-1.2062
-1.2332
-1.2648
-1.2962
-1.3264
-1.3556
-1.385
-1.4285
-1.4779
-1.5293
-1.5756
-1.6198
-1.6657
-1.7192
-1.7733
-1.8268
-1.8688
-1.9081
-1.9516
-1.9972
-2.039
-2.0792
-2.1152
-2.15
-2.1857
-2.2185
-2.2431
-2.2552
-2.2594
-2.2656
-2.2674
-2.2697
-2.2758
-2.2755
-2.2673
-2.2518
-2.2351
-2.2111
-2.1867
-2.1537
-2.1153
-2.075
-2.0422
-2.0105
-1.9779
-1.936
-1.8931
-1.8472
-1.8049
-1.7632
-1.7178
-1.6686
-1.6229
-1.5828
-1.5497
-1.5158
-1.4839
-1.4529
-1.4234
-1.4025
-1.3857
-1.3663
-1.3488
-1.3341
-1.3254
-1.3286
-1.3439
-1.3624
-1.3787
-1.3937
-1.4083
-1.4282
-1.4456
-1.4672
-1.4831
-1.5014
-1.5341
-1.5799
-1.6471
-1.7187
-1.7849
-1.8478
-1.9037
-1.9467
-1.9809
-2.0017
-2.0263
-2.0538
-2.0782
-2.0936
-2.102
-2.1096
-2.1182
-2.1188
-2.1102
-2.0852
-2.0535
-2.0181
-1.9783
-1.9308
-1.8806
-1.8273
-1.7733
-1.7181
-1.6592
-1.5921
-1.5273
-1.4617
-1.3905
-1.3126
-1.2297
-1.1556
-1.0938
-1.036
-0.9794
-0.92651
-0.87437
-0.83069
-0.78243
-0.73734
-0.69709
-0.66149
-0.63519
-0.62312
-0.61046
-0.60473
-0.61057
-0.62461
-0.64188
-0.66203
-0.68077
-0.70882
-0.74577
-0.79471
-0.85576
-0.92399
-0.98482
-1.0523
-1.1167
-1.173
-1.2223
-1.2783
-1.3353
-1.3923
-1.4475
-1.5005
-1.5593
-1.6204
-1.6873
-1.7477
-1.7986
-1.8426
-1.8809
-1.9115
-1.935
-1.9548
-1.9682
-1.9832
-1.9991
-2.0109
-2.0174
-2.0246
-2.0188
-2.0073
-1.9837
-1.9564
-1.9197
-1.8765
-1.8279
-1.7804
-1.7325
-1.6944
-1.6534
-1.6001
-1.5351
-1.472
-1.4076
-1.3431
-1.2789
-1.2088
-1.1384
-1.0699
-1.007
-0.94704
-0.88307
-0.82858
-0.77853
-0.72991
-0.69223
-0.66288
-0.63989
-0.621
-0.60489
-0.59653
-0.59081
-0.59364
-0.60071
-0.60359
-0.61087
-0.63098
-0.66225
-0.70005
-0.7361
-0.77452
-0.81811
-0.87623
-0.94067
-1.0019
-1.0566
-1.11
-1.1697
-1.2324
-1.2916
-1.3483
-1.3985
-1.4558
-1.5184
-1.5833
-1.6411
-1.6886
-1.7258
-1.7665
-1.8034
-1.8359
-1.8612
-1.8746
-1.8883
-1.9057
-1.9189
-1.9293
-1.9316
-1.9194
-1.8968
-1.8695
-1.8425
-1.8126
-1.7741
-1.7274
-1.6794
-1.629
-1.5835
-1.5401
-1.4916
-1.4436
-1.3908
-1.34
-1.2845
-1.2253
-1.1553
-1.0856
-1.0168
-0.96076
-0.91361
-0.87145
-0.82231
-0.77237
-0.72735
-0.69364
-0.66837
-0.64499
-0.61821
-0.59386
-0.58443
-0.58535
-0.59229
-0.59615
-0.59654
-0.60169
-0.61864
-0.64551
-0.68069
-0.71324
-0.74615
-0.78829
-0.84156
-0.90008
-0.9547
-1.0033
-1.0487
-1.1044
-1.1669
-1.229
-1.2858
-1.3363
-1.3867
-1.4501
-1.5144
-1.5769
-1.6218
-1.6526
-1.6796
-1.7078
-1.7337
-1.7571
-1.7647
-1.7715
-1.7785
-1.7951
-1.8118
-1.8278
-1.8275
-1.8144
-1.7943
-1.7776
-1.753
-1.7157
-1.6705
-1.628
-1.5849
-1.5415
-1.5008
-1.4461
-1.3854
-1.3195
-1.259
-1.1983
-1.1435
-1.0814
-1.019
-0.95584
-0.90436
-0.86802
-0.82525
-0.7741
-0.72174
-0.67403
-0.63738
-0.61408
-0.59606
-0.57465
-0.5516
-0.53985
-0.53833
-0.5411
-0.5417
-0.54084
-0.54203
-0.56005
-0.59201
-0.62646
-0.65674
-0.68506
-0.71621
-0.76219
-0.81763
-0.87645
-0.92297
-0.96326
-1.0054
-1.0637
-1.1251
-1.1894
-1.2474
-1.3056
-1.372
-1.4372
-1.4955
-1.5456
-1.5751
-1.5959
-1.6208
-1.6509
-1.6808
-1.7015
-1.7135
-1.7241
-1.7457
-1.7634
-1.7704
-1.7594
-1.736
-1.7123
-1.6972
-1.6793
-1.6533
-1.612
-1.5671
-1.5246
-1.4828
-1.4411
-1.3953
-1.3409
-1.2807
-1.2229
-1.1695
-1.1165
-1.058
-0.99879
-0.93825
-0.88844
-0.8489
-0.81213
-0.77168
-0.72372
-0.6751
-0.63679
-0.61381
-0.5986
-0.5781
-0.55035
-0.52715
-0.51102
-0.50148
-0.48677
-0.47574
-0.47221
-0.48086
-0.50744
-0.54704
-0.58481
-0.61932
-0.65315
-0.69585
-0.74706
-0.80236
-0.85187
-0.89262
-0.9366
-0.99262
-1.0577
-1.1201
-1.1741
-1.222
-1.2669
-1.3235
-1.3821
-1.4312
-1.4674
-1.4985
-1.5253
-1.5666
-1.6089
-1.6389
-1.6452
-1.65
-1.6604
-1.6775
-1.6855
-1.6799
-1.6661
-1.6516
-1.6408
-1.6283
-1.5998
-1.5598
-1.5126
-1.4667
-1.4237
-1.3825
-1.3339
-1.2839
-1.2301
-1.175
-1.1168
-1.0614
-1.0035
-0.94159
-0.87668
-0.82134
-0.78034
-0.74666
-0.71235
-0.68248
-0.64462
-0.61229
-0.5923
-0.57874
-0.5628
-0.53999
-0.51119
-0.49351
-0.48982
-0.48977
-0.49049
-0.49397
-0.51187
-0.54189
-0.57918
-0.61158
-0.63575
-0.65411
-0.68764
-0.73222
-0.78664
-0.83432
-0.87681
-0.92148
-0.9674
-1.0196
-1.0769
-1.1276
-1.1732
-1.2155
-1.2608
-1.3101
-1.356
-1.3974
-1.4297
-1.4611
-1.4968
-1.5341
-1.5609
-1.5788
-1.587
-1.5993
-1.62
-1.6452
-1.6503
-1.6422
-1.6238
-1.6083
-1.5906
-1.5666
-1.5262
-1.482
-1.4345
-1.3967
-1.3622
-1.3279
-1.294
-1.2591
-1.2153
-1.1665
-1.1104
-1.0474
-0.98742
-0.92799
-0.87633
-0.83306
-0.7986
-0.76867
-0.73276
-0.68205
-0.63525
-0.59632
-0.5708
-0.54848
-0.53079
-0.50711
-0.49322
-0.48726
-0.49145
-0.49013
-0.48907
-0.48779
-0.50129
-0.52103
-0.55252
-0.58212
-0.61242
-0.64616
-0.68688
-0.73194
-0.77916
-0.82182
-0.86798
-0.91781
-0.96948
-1.0295
-1.0835
-1.1315
-1.1782
-1.224
-1.2732
-1.3284
-1.3729
-1.4044
-1.4268
-1.4529
-1.4841
-1.522
-1.5521
-1.5819
-1.5999
-1.6227
-1.6476
-1.66
-1.6529
-1.6348
-1.61
-1.5872
-1.5691
-1.5438
-1.5153
-1.4785
-1.4467
-1.4132
-1.3736
-1.3263
-1.2843
-1.2315
-1.1791
-1.1265
-1.075
-1.0184
-0.97272
-0.9252
-0.87847
-0.83601
-0.79897
-0.76311
-0.72377
-0.68556
-0.65812
-0.63405
-0.61729
-0.60075
-0.57966
-0.56324
-0.55951
-0.57007
-0.5785
-0.58354
-0.58407
-0.5927
-0.60482
-0.62405
-0.63628
-0.64743
-0.65759
-0.6795
-0.71025
-0.74996
-0.78631
-0.82335
-0.85904
-0.90194
-0.94281
-0.99168
-1.0419
-1.0975
-1.1512
-1.1962
-1.2482
-1.2901
-1.3203
-1.3548
-1.3882
-1.426
-1.4732
-1.5118
-1.5391
-1.5613
-1.5805
-1.6117
-1.646
-1.6656
-1.6777
-1.6799
-1.6793
-1.6784
-1.6684
-1.6479
-1.6252
-1.5948
-1.5598
-1.5294
-1.4952
-1.4442
-1.3826
-1.3298
-1.2783
-1.2241
-1.1838
-1.1432
-1.0729
-1.0129
-0.95246
-0.88936
-0.82595
-0.7517
-0.67162
-0.59662
-0.52246
-0.45723
-0.38944
-0.32282
-0.27117
-0.22607
-0.18584
-0.15548
-0.13674
-0.13155
-0.12925
-0.13005
-0.15102
-0.17463
-0.20522
-0.24785
-0.30283
-0.37687
-0.45161
-0.53721
-0.63571
-0.76249
-0.89869
-1.0368
-1.1654
-1.2931
-1.4474
-1.5932
-1.7421
-1.9291
-2.1242
-2.2649
-2.3798
-2.5004
-2.6013
-2.6794
-2.7698
-2.8336
-2.8606
-2.88
-2.873
-2.8167
-2.7351
-2.626
-2.518
-2.3771
-2.2282
-2.0794
-1.9157
-1.7465
-1.5728
-1.3609
-1.1042
-0.84797
-0.63284
-0.39614
-0.16674
0.0059606
0.19458
0.42237
0.60153
0.73499
0.87009
0.94389
0.95257
0.9264
0.86273
0.76403
0.63324
0.48266
0.26496
-0.022545
-0.34289
-0.68912
-1.0835
-1.4722
-1.8441
-2.2346
-2.5973
-2.9437
-3.2771
-3.5809
-3.8464
-4.0364
-4.1909
-4.3021
-4.3465
-4.3033
-4.226
-4.1279
-4.0184
-3.8713
-3.7146
-3.5343
-3.3343
-3.1116
-2.8821
-2.6413
-2.3619
-2.0648
-1.7796
-1.5496
-1.3919
-1.2915
-1.226
-1.2285
-1.2874
-1.3875
-1.5833
-1.8409
-2.1272
-2.4737
-2.8356
-3.2308
-3.6457
-4.0859
-4.5501
-4.9818
-5.3769
-5.7157
-5.9848
-6.1773
-6.2972
-6.3265
-6.2681
-6.1246
-5.9449
-5.7483
-5.5227
-5.2996
-5.0673
-4.8211
-4.5818
-4.334
-4.1228
-3.8989
-3.6937
-3.536
-3.411
-3.3984
-3.442
-3.5373
-3.6825
-3.864
-4.0462
-4.2833
-4.5393
-4.7919
-5.0635
-5.3454
-5.6369
-5.9244
-6.2078
-6.468
-6.7247
-6.9727
-7.2298
-7.4626
-7.7017
-7.9489
-8.2025
-8.4392
-8.6779
-8.909
-9.0968
-9.2531
-9.3747
-9.4618
-9.4846
-9.4408
-9.3301
-9.1711
-9.0001
-8.8123
-8.6002
-8.3883
-8.1436
-7.8983
-7.6388
-7.3841
-7.1506
-6.9307
-6.7832
-6.7238
-6.7399
-6.8279
-6.9839
-7.189
-7.4446
-7.7499
-8.0798
-8.4207
-8.77
-9.1087
-9.4402
-9.7498
-10.04
-10.305
-10.532
-10.735
-10.917
-11.079
-11.24
-11.385
-11.52
-11.649
-11.764
-11.86
-11.955
-12.031
-12.046
-11.994
-11.848
-11.664
-11.455
-11.259
-11.041
-10.827
-10.624
-10.391
-10.179
-10.006
-9.8391
-9.7401
-9.6965
-9.7307
-9.8428
-10.012
-10.226
-10.463
-10.738
-11.024
-11.315
-11.614
-11.923
-12.234
-12.543
-12.861
-13.172
-13.5
-13.853
-14.21
-14.573
-14.947
-15.292
-15.63
-15.922
-16.145
-16.306
-16.415
-16.44
-16.364
-16.237
-16.035
-15.756
-15.438
-15.11
-14.761
-14.415
-14.089
-13.817
-13.542
-13.29
-13.079
-12.901
-12.705
-12.507
-12.309
-12.13
-12.001
-11.905
-11.846
-11.832
-11.893
-12.022
-12.221
-12.468
-12.758
-13.115
-13.523
-13.927
-14.28
-14.61
-14.941
-15.264
-15.558
-15.794
-16.003
-16.221
-16.46
-16.7
-16.925
-17.134
-17.317
-17.509
-17.679
-17.811
-17.865
-17.836
-17.73
-17.596
-17.426
-17.222
-16.992
-16.768
-16.581
-16.438
-16.351
-16.295
-16.248
-16.224
-16.223
-16.239
-16.24
-16.214
-16.18
-16.135
-16.09
-16.083
-16.113
-16.195
-16.342
-16.535
-16.737
-16.935
-17.133
-17.318
-17.467
-17.576
-17.632
-17.654
-17.639
-17.587
-17.534
-17.511
-17.526
-17.579
-17.668
-17.768
-17.851
-17.918
-17.954
-17.964
-17.909
-17.791
-17.653
-17.519
-17.396
-17.324
-17.285
-17.295
-17.382
-17.532
-17.711
-17.896
-18.06
-18.186
-18.276
-18.339
-18.362
-18.357
-18.361
-18.387
-18.456
-18.583
-18.765
-18.996
-19.258
-19.488
-19.672
-19.795
-19.864
-19.852
-19.768
-19.633
-19.482
-19.342
-19.257
-19.228
-19.244
-19.285
-19.364
-19.437
-19.478
-19.468
-19.398
-19.266
-19.105
-18.941
-18.807
-18.701
-18.656
-18.694
-18.806
-18.98
-19.188
-19.389
-19.548
-19.654
-19.688
-19.68
-19.647
-19.588
-19.55
-19.563
-19.637
-19.766
-19.928
-20.112
-20.3
-20.446
-20.524
-20.539
-20.475
-20.361
-20.221
-20.061
-19.927
-19.838
-19.802
-19.82
-19.878
-19.946
-19.979
-19.969
-19.876
-19.722
-19.524
-19.34
-19.204
-19.092
-19.058
-19.127
-19.274
-19.475
-19.695
-19.905
-20.081
-20.195
-20.264
-20.31
-20.346
-20.404
-20.49
-20.633
-20.869
-21.176
-21.512
-21.825
-22.094
-22.292
-22.397
-22.414
-22.385
-22.315
-22.228
-22.133
-22.075
-22.084
-22.162
-22.243
-22.314
-22.332
-22.271
-22.124
-21.898
-21.647
-21.398
-21.12
-20.859
-20.677
-20.576
-20.553
-20.584
-20.626
-20.629
-20.58
-20.456
-20.296
-20.138
-20.014
-19.946
-19.917
-19.967
-20.108
-20.345
-20.585
-20.813
-21
-21.118
-21.138
-21.136
-21.15
-21.182
-21.238
-21.355
-21.518
-21.769
-22.037
-22.302
-22.523
-22.676
-22.746
-22.731
-22.683
-22.642
-22.625
-22.621
-22.656
-22.749
-22.905
-23.078
-23.226
-23.326
-23.339
-23.256
-23.138
-23.01
-22.898
-22.796
-22.714
-22.674
-22.69
-22.746
-22.801
-22.798
-22.706
-22.554
-22.333
-22.083
-21.845
-21.699
-21.599
-21.522
-21.52
-21.575
-21.604
-21.592
-21.561
-21.45
-21.3
-21.188
-21.122
-21.109
-21.142
-21.281
-21.47
-21.702
-21.954
-22.176
-22.353
-22.506
-22.638
-22.747
-22.838
-23.011
-23.226
-23.432
-23.723
-24.083
-24.418
-24.697
-24.933
-25.033
-25.01
-24.925
-24.814
-24.711
-24.619
-24.556
-24.476
-24.364
-24.22
-24.014
-23.7
-23.306
-22.855
-22.346
-21.877
-21.47
-21.133
-20.88
-20.704
-20.631
-20.589
-20.556
-20.536
-20.538
-20.498
-20.444
-20.44
-20.516
-20.685
-20.938
-21.258
-21.636
-22.034
-22.412
-22.775
-23.087
-23.31
-23.464
-23.581
-23.704
-23.848
-23.99
-24.1
-24.184
-24.173
-24.06
-23.841
-23.479
-23.021
-22.516
-22.019
-21.559
-21.121
-20.765
-20.47
-20.242
-20.066
-19.918
-19.744
-19.579
-19.436
-19.371
-19.382
-19.457
-19.624
-19.835
-20.108
-20.427
-20.721
-20.976
-21.115
-21.226
-21.274
-21.295
-21.353
-21.377
-21.397
-21.421
-21.44
-21.439
-21.396
-21.256
-21.042
-20.777
-20.451
-20.157
-19.92
-19.755
-19.661
-19.634
-19.618
-19.588
-19.501
-19.366
-19.148
-18.846
-18.526
-18.246
-18.031
-17.88
-17.817
-17.82
-17.853
-17.911
-17.962
-17.994
-18.013
-18.027
-18.056
-18.149
-18.324
-18.549
-18.853
-19.195
-19.55
-19.868
-20.1
-20.23
-20.245
-20.129
-19.968
-19.8
-19.635
-19.475
-19.292
-19.105
-18.867
-18.565
-18.173
-17.72
-17.209
-16.718
-16.303
-15.993
-15.789
-15.666
-15.605
-15.564
-15.497
-15.377
-15.192
-14.962
-14.709
-14.488
-14.338
-14.276
-14.357
-14.561
-14.891
-15.254
-15.598
-15.854
-16.075
-16.221
-16.338
-16.534
-16.792
-17.089
-17.438
-17.756
-18.025
-18.214
-18.248
-18.133
-17.893
-17.592
-17.271
-16.987
-16.756
-16.57
-16.416
-16.268
-16.117
-15.891
-15.585
-15.18
-14.688
-14.158
-13.653
-13.215
-12.873
-12.585
-12.365
-12.222
-12.124
-12.01
-11.903
-11.802
-11.722
-11.721
-11.87
-12.144
-12.495
-12.924
-13.389
-13.845
-14.196
-14.478
-14.663
-14.74
-14.778
-14.873
-15.054
-15.318
-15.635
-15.931
-16.205
-16.439
-16.54
-16.483
-16.275
-15.961
-15.624
-15.299
-14.981
-14.685
-14.447
-14.265
-14.095
-13.874
-13.574
-13.229
-12.881
-12.534
-12.232
-11.989
-11.827
-11.74
-11.69
-11.677
-11.631
-11.529
-11.366
-11.223
-11.137
-11.146
-11.269
-11.506
-11.842
-12.254
-12.677
-13.034
-13.287
-13.4
-13.4
-13.321
-13.223
-13.161
-13.17
-13.276
-13.453
-13.669
-13.878
-14.023
-14.022
-13.912
-13.698
-13.396
-13.065
-12.794
-12.615
-12.498
-12.42
-12.377
-12.347
-12.3
-12.191
-12.046
-11.903
-11.781
-11.714
-11.673
-11.671
-11.699
-11.737
-11.789
-11.796
-11.747
-11.655
-11.575
-11.539
-11.584
-11.715
-11.909
-12.12
-12.341
-12.519
-12.599
-12.514
-12.317
-12.045
-11.773
-11.558
-11.454
-11.476
-11.619
-11.833
-12.052
-12.203
-12.228
-12.095
-11.842
-11.5
-11.148
-10.887
-10.756
-10.769
-10.887
-11.114
-11.398
-11.641
-11.822
-11.907
-11.895
-11.805
-11.72
-11.686
-11.697
-11.776
-11.913
-12.093
-12.298
-12.464
-12.551
-12.581
-12.567
-12.543
-12.527
-12.507
-12.482
-12.441
-12.374
-12.266
-12.124
-11.919
-11.71
-11.512
-11.367
-11.313
-11.318
-11.346
-11.368
-11.361
-11.316
-11.16
-10.928
-10.657
-10.41
-10.223
-10.174
-10.266
-10.49
-10.792
-11.114
-11.388
-11.577
-11.61
-11.526
-11.38
-11.243
-11.204
-11.337
-11.622
-12.024
-12.452
-12.844
-13.164
-13.319
-13.275
-13.057
-12.766
-12.48
-12.276
-12.184
-12.219
-12.358
-12.539
-12.701
-12.763
-12.699
-12.49
-12.119
-11.68
-11.275
-10.982
-10.784
-10.71
-10.767
-10.9
-11.028
-11.08
-11.041
-10.957
-10.819
-10.659
-10.536
-10.486
-10.511
-10.619
-10.807
-11.06
-11.287
-11.437
-11.503
-11.585
-11.697
-11.809
-11.923
-12.03
-12.128
-12.233
-12.339
-12.428
-12.489
-12.501
-12.488
-12.471
-12.492
-12.552
-12.597
-12.614
-12.566
-12.515
-12.388
-12.211
-12.024
-11.852
-11.711
-11.65
-11.679
-11.76
-11.842
-11.922
-11.92
-11.854
-11.674
-11.462
-11.247
-11.116
-11.119
-11.238
-11.443
-11.691
-11.951
-12.152
-12.262
-12.212
-12.047
-11.807
-11.586
-11.473
-11.516
-11.673
-11.903
-12.161
-12.417
-12.581
-12.594
-12.437
-12.145
-11.827
-11.598
-11.497
-11.542
-11.726
-11.976
-12.213
-12.387
-12.445
-12.379
-12.176
-11.87
-11.581
-11.422
-11.42
-11.593
-11.895
-12.239
-12.548
-12.756
-12.803
-12.694
-12.48
-12.213
-11.983
-11.885
-11.928
-12.113
-12.395
-12.682
-12.912
-12.972
-12.898
-12.686
-12.398
-12.109
-11.878
-11.749
-11.754
-11.885
-12.088
-12.27
-12.363
-12.299
-12.11
-11.842
-11.579
-11.354
-11.223
-11.204
-11.321
-11.54
-11.808
-12.04
-12.166
-12.153
-12.028
-11.88
-11.763
-11.709
-11.724
-11.854
-12.079
-12.369
-12.645
-12.852
-12.923
-12.89
-12.767
-12.642
-12.561
-12.523
-12.536
-12.612
-12.72
-12.85
-12.93
-12.924
-12.803
-12.609
-12.408
-12.227
-12.09
-12.006
-11.962
-11.95
-11.972
-11.986
-11.963
-11.869
-11.717
-11.554
-11.432
-11.342
-11.313
-11.34
-11.394
-11.462
-11.542
-11.591
-11.614
-11.604
-11.589
-11.615
-11.67
-11.765
-11.878
-11.986
-12.102
-12.174
-12.23
-12.245
-12.238
-12.211
-12.198
-12.217
-12.272
-12.341
-12.395
-12.424
-12.419
-12.367
-12.275
-12.17
-12.098
-12.047
-12.034
-12.038
-12.054
-12.05
-12.017
-11.977
-11.883
-11.761
-11.627
-11.555
-11.543
-11.6
-11.668
-11.771
-11.861
-11.906
-11.906
-11.832
-11.717
-11.603
-11.522
-11.529
-11.614
-11.732
-11.878
-12.036
-12.144
-12.169
-12.116
-11.989
-11.832
-11.701
-11.64
-11.713
-11.842
-11.982
-12.123
-12.216
-12.261
-12.166
-12.026
-11.844
-11.669
-11.561
-11.597
-11.748
-11.929
-12.104
-12.247
-12.328
-12.294
-12.163
-11.971
-11.783
-11.67
-11.677
-11.815
-12.02
-12.24
-12.43
-12.521
-12.52
-12.386
-12.16
-11.905
-11.712
-11.628
-11.695
-11.87
-12.077
-12.253
-12.341
-12.328
-12.182
-11.913
-11.576
-11.296
-11.151
-11.168
-11.305
-11.518
-11.74
-11.901
-11.952
-11.876
-11.672
-11.384
-11.112
-10.969
-10.994
-11.159
-11.441
-11.75
-12.013
-12.166
-12.177
-12.065
-11.841
-11.57
-11.389
-11.363
-11.517
-11.774
-12.105
-12.395
-12.576
-12.61
-12.475
-12.203
-11.862
-11.574
-11.426
-11.444
-11.603
-11.847
-12.09
-12.228
-12.243
-12.075
-11.775
-11.399
-11.03
-10.823
-10.796
-10.937
-11.195
-11.463
-11.66
-11.748
-11.682
-11.459
-11.159
-10.826
-10.603
-10.58
-10.717
-10.994
-11.345
-11.658
-11.836
-11.851
-11.707
-11.442
-11.126
-10.882
-10.808
-10.918
-11.146
-11.458
-11.771
-11.96
-11.974
-11.819
-11.507
-11.093
-10.746
-10.564
-10.558
-10.699
-10.976
-11.276
-11.489
-11.496
-11.342
-11.054
-10.653
-10.258
-10.021
-9.9997
-10.136
-10.373
-10.674
-10.938
-11.05
-10.976
-10.743
-10.42
-10.08
-9.835
-9.7705
-9.8937
-10.148
-10.472
-10.746
-10.903
-10.891
-10.712
-10.386
-10.027
-9.7368
-9.6059
-9.6496
-9.8514
-10.152
-10.461
-10.648
-10.658
-10.495
-10.187
-9.8168
-9.496
-9.2957
-9.2736
-9.4288
-9.7237
-10.045
-10.278
-10.362
-10.247
-9.9638
-9.6003
-9.2709
-9.0682
-9.0349
-9.1865
-9.4777
-9.8222
-10.112
-10.246
-10.202
-9.9835
-9.6398
-9.284
-9.0331
-8.9659
-9.0425
-9.2656
-9.5636
-9.8584
-9.9988
-9.9725
-9.7654
-9.4184
-9.0376
-8.7391
-8.5671
-8.564
-8.7375
-9.0119
-9.2756
-9.4486
-9.429
-9.2423
-8.9108
-8.5383
-8.2172
-8.0349
-7.9995
-8.1584
-8.4429
-8.7449
-8.9851
-9.0573
-8.9493
-8.6832
-8.3619
-8.0728
-7.8711
-7.8517
-7.9888
-8.2726
-8.5877
-8.8633
-9.0023
-8.9478
-8.6974
-8.3556
-8.0334
-7.807
-7.6955
-7.7827
-8.0132
-8.2966
-8.552
-8.6861
-8.6355
-8.3881
-8.0148
-7.6496
-7.3603
-7.1985
-7.1943
-7.3606
-7.6497
-7.9324
-8.0979
-8.102
-7.9296
-7.6077
-7.24
-6.9476
-6.7775
-6.7583
-6.9112
-7.1885
-7.522
-7.7787
-7.8514
-7.7454
-7.4984
-7.1847
-6.901
-6.7289
-6.6921
-6.8414
-7.1184
-7.4198
-7.6817
-7.7839
-7.6905
-7.4348
-7.1018
-6.8061
-6.5936
-6.4862
-6.5514
-6.7585
-7.0287
-7.2714
-7.3838
-7.317
-7.0702
-6.7334
-6.3982
-6.135
-6.0046
-6.0374
-6.2304
-6.5126
-6.7766
-6.9366
-6.9131
-6.7263
-6.4257
-6.1192
-5.8806
-5.7256
-5.7456
-5.9288
-6.2142
-6.5171
-6.7396
-6.8072
-6.6647
-6.3793
-6.0804
-5.833
-5.675
-5.6356
-5.7818
-6.0402
-6.337
-6.5366
-6.6135
-6.4922
-6.2066
-5.8589
-5.5669
-5.3751
-5.2958
-5.37
-5.595
-5.8723
-6.1011
-6.1927
-6.1019
-5.8693
-5.5544
-5.2586
-5.0403
-4.9632
-5.034
-5.2448
-5.5256
-5.8136
-5.9573
-5.9293
-5.7435
-5.4793
-5.2019
-5.0043
-4.9123
-4.97
-5.1626
-5.4244
-5.7202
-5.9081
-5.927
-5.7474
-5.4595
-5.1591
-4.9073
-4.7528
-4.753
-4.9218
-5.1626
-5.4221
-5.6041
-5.6201
-5.4514
-5.1641
-4.8526
-4.6032
-4.4367
-4.385
-4.5205
-4.7434
-5.0256
-5.2352
-5.3079
-5.2028
-4.9662
-4.6861
-4.4529
-4.2955
-4.2729
-4.3893
-4.6326
-4.9403
-5.1991
-5.3138
-5.2673
-5.0654
-4.793
-4.5298
-4.3629
-4.3068
-4.3822
-4.5834
-4.8625
-5.1137
-5.2399
-5.2002
-4.9991
-4.7277
-4.453
-4.2349
-4.1088
-4.1406
-4.3015
-4.538
-4.7804
-4.9166
-4.8875
-4.6964
-4.4119
-4.128
-3.9077
-3.7985
-3.8045
-3.9679
-4.2048
-4.4854
-4.6798
-4.721
-4.5891
-4.3643
-4.1124
-3.9053
-3.7984
-3.8195
-3.9821
-4.2247
-4.5189
-4.7544
-4.8339
-4.7326
-4.5284
-4.2841
-4.0625
-3.9167
-3.8897
-4.0043
-4.2328
-4.49
-4.7165
-4.7973
-4.6886
-4.4515
-4.1813
-3.9381
-3.7383
-3.6366
-3.6976
-3.8761
-4.09
-4.299
-4.4209
-4.3591
-4.1322
-3.8535
-3.5999
-3.4047
-3.2904
-3.3338
-3.5095
-3.7617
-3.9809
-4.1146
-4.1019
-3.9255
-3.656
-3.3964
-3.2125
-3.1316
-3.1383
-3.3042
-3.5401
-3.7895
-3.9393
-3.9499
-3.7988
-3.5606
-3.2945
-3.0831
-2.971
-2.9789
-3.1042
-3.3163
-3.5695
-3.7495
-3.7908
-3.6605
-3.454
-3.2103
-2.9953
-2.8645
-2.8505
-2.9655
-3.1743
-3.4329
-3.659
-3.7459
-3.6544
-3.4416
-3.2063
-2.9942
-2.844
-2.7941
-2.906
-3.1046
-3.3348
-3.5537
-3.6678
-3.6087
-3.4034
-3.157
-2.9376
-2.7572
-2.6655
-2.7158
-2.8785
-3.093
-3.2833
-3.3879
-3.3246
-3.1011
-2.8314
-2.583
-2.3882
-2.2898
-2.2982
-2.4449
-2.6706
-2.8726
-3.0053
-2.9935
-2.8256
-2.556
-2.3047
-2.1093
-2.0081
-2.0253
-2.1651
-2.4083
-2.6516
-2.8191
-2.8492
-2.7254
-2.5149
-2.2906
-2.1029
-1.9869
-2.0062
-2.1299
-2.3418
-2.5937
-2.7951
-2.8564
-2.7438
-2.5303
-2.2795
-2.0586
-1.9016
-1.856
-1.9411
-2.1033
-2.3239
-2.5155
-2.5826
-2.488
-2.2687
-2.0076
-1.7652
-1.5764
-1.4941
-1.5449
-1.7034
-1.9105
-2.0909
-2.1697
-2.0886
-1.8777
-1.628
-1.4025
-1.2336
-1.1566
-1.1927
-1.3661
-1.5994
-1.8143
-1.9486
-1.9147
-1.7143
-1.4737
-1.2536
-1.0924
-1.018
-1.0671
-1.2323
-1.4779
-1.6807
-1.8511
-1.8799
-1.7205
-1.4786
-1.2447
-1.0635
-0.95403
-0.96651
-1.1062
-1.3199
-1.5439
-1.6988
-1.7128
-1.5774
-1.3527
-1.1216
-0.92917
-0.79683
-0.77961
-0.90334
-1.095
-1.3535
-1.5802
-1.6559
-1.5599
-1.3513
-1.1404
-0.94633
-0.80718
-0.77221
-0.8968
-1.0873
-1.321
-1.5333
-1.645
-1.5737
-1.3808
-1.1603
-0.97129
-0.82725
-0.79435
-0.89621
-1.0882
-1.3039
-1.4971
-1.6006
-1.5271
-1.328
-1.0899
-0.87948
-0.71488
-0.65032
-0.70103
-0.86902
-1.0738
-1.2976
-1.4344
-1.4068
-1.2312
-1.0179
-0.81641
-0.64145
-0.55904
-0.60952
-0.77069
-0.99707
-1.2234
-1.3965
-1.4185
-1.2663
-1.0555
-0.83989
-0.66699
-0.56963
-0.59858
-0.73846
-0.9697
-1.2114
-1.393
-1.421
-1.2841
-1.0675
-0.84251
-0.6446
-0.51117
-0.48811
-0.58944
-0.7515
-0.96021
-1.1312
-1.1806
-1.0513
-0.81808
-0.58453
-0.37641
-0.217
-0.16111
-0.24552
-0.39199
-0.59226
-0.76836
-0.84551
-0.76344
-0.56268
-0.34521
-0.1484
5.2158e-005
0.039297
-0.042201
-0.22836
-0.45197
-0.6675
-0.77315
-0.7182
-0.54628
-0.35255
-0.16711
-0.015935
0.035353
-0.015266
-0.16906
-0.36699
-0.5734
-0.68594
-0.63431
-0.43911
-0.20618
0.01434
0.21098
0.30779
0.28316
0.1623
-0.022463
-0.20199
-0.34725
-0.32611
-0.1427
0.10072
0.33457
0.54192
0.67805
0.6677
0.54501
0.34973
0.14893
-0.020279
-0.053399
0.077912
0.28489
0.46702
0.62701
0.73962
0.75553
0.62993
0.44689
0.23822
0.050518
-0.02044
0.079038
0.27812
0.47615
0.65691
0.79895
0.86228
0.80296
0.65831
0.47211
0.30127
0.23947
0.336
0.54655
0.78394
1.0106
1.1984
1.2763
1.2504
1.1177
0.93626
0.76043
0.67755
0.76806
0.98472
1.2088
1.4055
1.5873
1.6754
1.6372
1.5011
1.3148
1.1291
1.0144
1.0439
1.2257
1.4467
1.6451
1.8126
1.9174
1.8977
1.7722
1.5841
1.4121
1.2659
1.2744
1.4604
1.6935
1.9103
2.097
2.2477
2.2792
2.1868
2.023
1.8731
1.7291
1.7027
1.8652
2.1267
2.3603
2.5456
2.6986
2.7731
2.6883
2.5384
2.3673
2.2199
2.1601
2.2751
2.5123
2.7437
2.9098
3.0688
3.1447
3.0965
2.9523
2.7738
2.637
2.5831
2.6869
2.9312
3.1797
3.3769
3.5479
3.632
3.6278
3.5159
3.3664
3.2448
3.1864
3.2905
3.5362
3.8133
4.0434
4.2384
4.3441
4.3441
4.2389
4.0938
3.9542
3.8708
3.9228
4.1024
4.3156
4.5136
4.7014
4.8116
4.8045
4.6805
4.4779
4.2914
4.1562
4.1494
4.3257
4.5355
4.7159
4.8927
5.0099
5.0146
4.9033
4.716
4.5387
4.3896
4.3671
4.5302
4.7783
5.005
5.1876
5.3325
5.3859
5.3161
5.168
5.0347
4.9337
4.907
5.0442
5.2957
5.5439
5.7384
5.905
5.9951
5.939
5.803
5.6336
5.508
5.459
5.5671
5.7885
6.0268
6.213
6.3624
6.4274
6.3971
6.2515
6.0603
5.9003
5.8194
5.8959
6.1068
6.3412
6.5342
6.6914
6.7627
6.7491
6.6382
6.4887
6.3596
6.3018
6.3683
6.5898
6.8368
7.0501
7.2473
7.3669
7.3965
7.3098
7.1758
7.0564
6.9968
7.0593
7.2795
7.5377
7.747
7.9475
8.0915
8.1071
8.0174
7.8783
7.7317
7.6232
7.6498
7.8511
8.0794
8.2582
8.4117
8.5257
8.5181
8.4092
8.2474
8.1
7.9596
7.9405
8.0856
8.3113
8.5078
8.6588
8.7907
8.8284
8.742
8.5694
8.4336
8.3
8.2329
8.3328
8.5678
8.7874
8.9432
9.097
9.1586
9.1127
8.9581
8.7972
8.6801
8.6334
8.7207
8.9389
9.1671
9.3481
9.4969
9.5646
9.5503
9.4353
9.2911
9.1647
9.1202
9.2164
9.4344
9.6698
9.8724
10.042
10.159
10.191
10.135
10.031
9.9463
9.9113
10.016
10.249
10.492
10.706
10.901
11.04
11.07
11.009
10.902
10.792
10.725
10.784
10.998
11.223
11.41
11.584
11.708
11.704
11.586
11.439
11.289
11.163
11.146
11.301
11.49
11.634
11.764
11.872
11.88
11.755
11.595
11.448
11.318
11.26
11.388
11.586
11.746
11.884
12.013
12.058
11.989
11.862
11.751
11.649
11.63
11.773
12.018
12.237
12.417
12.573
12.643
12.63
12.524
12.444
12.36
12.338
12.433
12.65
12.855
13.016
13.162
13.236
13.21
13.092
12.957
12.842
12.773
12.831
13.017
13.203
13.336
13.456
13.515
13.476
13.364
13.205
13.061
12.956
12.995
13.158
13.341
13.48
13.614
13.718
13.73
13.636
13.511
13.391
13.287
13.323
13.497
13.702
13.88
14.049
14.169
14.212
14.125
14.015
13.907
13.823
13.824
13.964
14.158
14.325
14.483
14.614
14.656
14.594
14.479
14.368
14.283
14.28
14.4
14.584
14.736
14.885
15.019
15.056
15.023
14.925
14.823
14.735
14.714
14.845
15.035
15.194
15.341
15.483
15.538
15.514
15.42
15.323
15.223
15.181
15.276
15.47
15.645
15.809
15.968
16.05
16.011
15.909
15.789
15.658
15.597
15.664
15.834
16.002
16.136
16.285
16.369
16.34
16.252
16.146
16.042
15.973
16.044
16.228
16.403
16.542
16.681
16.786
16.801
16.737
16.659
16.58
16.504
16.527
16.667
16.846
16.993
17.128
17.242
17.284
17.231
17.15
17.044
16.944
16.951
17.069
17.222
17.354
17.487
17.579
17.589
17.533
17.42
17.31
17.202
17.198
17.32
17.478
17.624
17.778
17.896
17.925
17.896
17.825
17.751
17.683
17.702
17.859
18.049
18.207
18.379
18.544
18.621
18.617
18.568
18.508
18.431
18.411
18.546
18.75
18.909
19.057
19.228
19.322
19.313
19.234
19.166
19.073
18.98
19.045
19.227
19.378
19.488
19.618
19.703
19.682
19.577
19.49
19.4
19.326
19.349
19.486
19.632
19.738
19.857
19.947
19.967
19.903
19.803
19.717
19.649
19.681
19.83
20.002
20.139
20.274
20.389
20.42
20.394
20.327
20.247
20.182
20.213
20.341
20.503
20.642
20.765
20.865
20.889
20.858
20.789
20.703
20.609
20.604
20.716
20.858
20.957
21.065
21.159
21.178
21.112
21.03
20.943
20.832
20.766
20.853
20.999
21.088
21.179
21.281
21.329
21.278
21.191
21.128
21.036
20.962
21.045
21.211
21.338
21.44
21.567
21.641
21.62
21.522
21.465
21.399
21.322
21.376
21.553
21.709
21.812
21.928
22.029
22.044
21.958
21.894
21.843
21.786
21.809
21.939
22.09
22.204
22.3
22.376
22.387
22.322
22.234
22.151
22.065
22.07
22.191
22.35
22.453
22.544
22.611
22.63
22.576
22.487
22.405
22.312
22.288
22.379
22.504
22.611
22.7
22.754
22.767
22.706
22.598
22.522
22.421
22.382
22.454
22.563
22.638
22.719
22.802
22.818
22.746
22.641
22.554
22.459
22.412
22.507
22.654
22.735
22.809
22.9
22.959
22.927
22.842
22.784
22.714
22.643
22.716
22.877
22.983
23.057
23.153
23.209
23.185
23.092
23.054
23.001
22.941
22.963
23.102
23.232
23.319
23.41
23.467
23.452
23.351
23.247
23.162
23.102
23.128
23.25
23.383
23.479
23.567
23.64
23.636
23.583
23.513
23.443
23.396
23.432
23.55
23.687
23.787
23.904
23.989
24.006
23.974
23.923
23.87
23.819
23.847
23.961
24.114
24.233
24.354
24.435
24.475
24.452
24.397
24.33
24.247
24.232
24.302
24.425
24.517
24.6
24.655
24.672
24.618
24.515
24.425
24.331
24.282
24.333
24.442
24.518
24.577
24.646
24.674
24.642
24.547
24.462
24.374
24.318
24.401
24.564
24.698
24.814
24.962
25.057
25.063
25.005
24.99
24.971
24.977
25.073
25.258
25.44
25.587
25.755
25.885
25.933
25.902
25.93
25.963
25.992
26.051
26.199
26.371
26.496
26.618
26.683
26.677
26.628
26.575
26.527
26.475
26.479
26.57
26.672
26.751
26.824
26.842
26.78
26.685
26.576
26.467
26.342
26.29
26.356
26.439
26.517
26.573
26.568
26.511
26.416
26.315
26.212
26.112
26.083
26.161
26.276
26.376
26.492
26.575
26.61
26.569
26.515
26.452
26.398
26.417
26.518
26.688
26.82
26.968
27.098
27.191
27.208
27.193
27.174
27.168
27.195
27.307
27.489
27.65
27.819
27.97
28.065
28.088
28.091
28.072
28.043
28.039
28.115
28.28
28.428
28.543
28.658
28.694
28.64
28.567
28.529
28.46
28.396
28.44
28.563
28.682
28.766
28.845
28.88
28.828
28.692
28.614
28.537
28.478
28.483
28.594
28.724
28.805
28.889
28.97
28.997
28.94
28.856
28.806
28.772
28.795
28.906
29.067
29.194
29.306
29.417
29.462
29.46
29.405
29.376
29.349
29.381
29.497
29.654
29.794
29.915
29.989
30.017
30.007
29.976
29.918
29.845
29.836
29.906
30.024
30.136
30.266
30.349
30.344
30.273
30.197
30.109
29.997
29.954
30.019
30.13
30.209
30.282
30.343
30.334
30.232
30.106
29.994
29.867
29.768
29.817
29.936
30.014
30.08
30.161
30.203
30.16
30.045
29.956
29.848
29.765
29.805
29.98
30.133
30.238
30.356
30.443
30.451
30.376
30.302
30.262
30.218
30.244
30.384
30.55
30.673
30.785
30.875
30.877
30.805
30.697
30.588
30.488
30.45
30.525
30.638
30.698
30.745
30.761
30.716
30.59
30.454
30.308
30.139
30.047
30.08
30.187
30.266
30.334
30.379
30.348
30.241
30.12
30.011
29.9
29.863
29.959
30.122
30.271
30.409
30.533
30.603
30.56
30.481
30.416
30.323
30.316
30.446
30.649
30.811
30.959
31.08
31.158
31.131
31.022
30.946
30.832
30.742
30.786
30.923
31.039
31.131
31.225
31.241
31.139
30.983
30.837
30.677
30.516
30.508
30.626
30.736
30.816
30.911
30.939
30.864
30.718
30.583
30.46
30.325
30.307
30.436
30.591
30.692
30.798
30.871
30.879
30.783
30.665
30.591
30.495
30.482
30.61
30.791
30.918
31.039
31.149
31.179
31.112
31
30.902
30.818
30.819
30.933
31.12
31.261
31.4
31.519
31.568
31.527
31.449
31.373
31.271
31.245
31.367
31.577
31.76
31.917
32.072
32.121
32.058
31.959
31.887
31.762
31.696
31.78
31.961
32.126
32.268
32.381
32.439
32.372
32.234
32.122
31.992
31.894
31.931
32.094
32.237
32.33
32.419
32.479
32.415
32.266
32.108
31.981
31.857
31.863
32.023
32.189
32.322
32.458
32.554
32.547
32.439
32.34
32.261
32.165
32.2
32.371
32.595
32.765
32.95
33.105
33.167
33.11
33.039
32.985
32.914
32.915
33.061
33.274
33.437
33.589
33.72
33.756
33.68
33.565
33.448
33.312
33.277
33.392
33.555
33.67
33.776
33.849
33.837
33.72
33.578
33.462
33.287
33.201
33.291
33.452
33.585
33.713
33.801
33.808
33.72
33.585
33.495
33.374
33.324
33.417
33.588
33.768
33.959
34.117
34.221
34.201
34.109
34.025
33.928
33.883
33.977
34.174
34.389
34.587
34.784
34.935
34.957
34.895
34.811
34.714
34.623
34.7
34.912
35.138
35.325
35.48
35.606
35.629
35.56
35.481
35.395
35.326
35.368
35.535
35.753
35.946
36.134
36.262
36.298
36.21
36.12
36.013
35.928
35.943
36.075
36.271
36.435
36.605
36.73
36.753
36.66
36.548
36.407
36.249
36.195
36.317
36.479
36.611
36.733
36.818
36.812
36.677
36.495
36.32
36.12
36.001
36.076
36.239
36.364
36.469
36.563
36.578
36.467
36.287
36.116
35.942
35.847
35.914
36.088
36.246
36.4
36.521
36.57
36.505
36.395
36.277
36.144
36.098
36.19
36.372
36.567
36.768
36.949
37.035
37
36.894
36.774
36.617
36.5
36.547
36.695
36.858
37.013
37.146
37.159
37.082
36.931
36.756
36.536
36.298
36.222
36.281
36.369
36.42
36.486
36.501
36.385
36.156
35.904
35.636
35.377
35.264
35.321
35.428
35.512
35.587
35.661
35.624
35.431
35.197
34.972
34.776
34.708
34.818
35.01
35.171
35.34
35.501
35.552
35.448
35.284
35.132
34.994
34.939
35.069
35.283
35.483
35.681
35.861
35.937
35.863
35.718
35.566
35.413
35.308
35.374
35.548
35.722
35.903
36.048
36.066
35.943
35.746
35.512
35.282
35.106
35.09
35.171
35.285
35.397
35.46
35.427
35.271
35.05
34.775
34.469
34.245
34.175
34.226
34.284
34.367
34.408
34.378
34.235
33.99
33.696
33.38
33.14
33.06
33.125
33.206
33.307
33.414
33.454
33.36
33.18
32.947
32.681
32.482
32.421
32.53
32.71
32.879
33.077
33.227
33.223
33.097
32.901
32.699
32.496
32.406
32.501
32.68
32.874
33.048
33.189
33.205
33.06
32.844
32.566
32.314
32.149
32.147
32.237
32.353
32.442
32.459
32.373
32.174
31.876
31.503
31.143
30.902
30.802
30.809
30.882
30.935
30.925
30.815
30.61
30.306
29.932
29.569
29.326
29.24
29.265
29.35
29.467
29.548
29.523
29.365
29.141
28.859
28.551
28.344
28.307
28.421
28.566
28.734
28.904
29.003
28.945
28.776
28.552
28.281
28.074
28.023
28.121
28.292
28.481
28.658
28.763
28.746
28.588
28.358
28.091
27.851
27.74
27.8
27.933
28.1
28.229
28.301
28.244
28.05
27.799
27.473
27.188
26.989
26.964
27.04
27.161
27.256
27.285
27.21
27.014
26.696
26.341
25.996
25.777
25.707
25.759
25.873
25.98
26.057
26.033
25.913
25.661
25.358
25.062
24.881
24.855
24.992
25.201
25.403
25.569
25.65
25.596
25.435
25.223
24.999
24.861
24.841
24.973
25.201
25.44
25.624
25.722
25.7
25.541
25.282
24.982
24.767
24.666
24.7
24.821
24.981
25.067
25.1
25.025
24.817
24.538
24.181
23.872
23.689
23.671
23.757
23.907
24.016
24.06
24.014
23.827
23.553
23.226
22.947
22.795
22.787
22.899
23.067
23.239
23.342
23.328
23.188
22.946
22.653
22.369
22.197
22.178
22.268
22.398
22.544
22.644
22.623
22.456
22.184
21.87
21.537
21.3
21.211
21.263
21.366
21.473
21.528
21.512
21.375
21.101
20.776
20.436
20.193
20.098
20.188
20.346
20.495
20.596
20.643
20.549
20.328
20.028
19.734
19.523
19.432
19.517
19.683
19.843
19.925
19.961
19.848
19.61
19.292
18.964
18.699
18.527
18.492
18.554
18.627
18.678
18.676
18.554
18.281
17.965
17.616
17.314
17.117
17.075
17.144
17.256
17.331
17.375
17.331
17.152
16.9
16.628
16.369
16.231
16.271
16.435
16.642
16.828
16.959
17.021
16.972
16.803
16.61
16.423
16.322
16.36
16.511
16.679
16.845
16.945
16.944
16.823
16.583
16.289
15.982
15.775
15.67
15.682
15.735
15.784
15.77
15.688
15.479
15.142
14.754
14.392
14.115
13.948
13.929
13.981
14.028
14.029
13.978
13.829
13.582
13.301
13.003
12.779
12.677
12.748
12.898
13.038
13.154
13.235
13.195
13.02
12.821
12.607
12.408
12.321
12.4
12.559
12.716
12.838
12.926
12.905
12.726
12.459
12.207
11.998
11.866
11.863
11.963
12.08
12.127
12.144
12.077
11.893
11.605
11.309
11.065
10.92
10.879
10.938
11.029
11.068
11.072
10.998
10.829
10.586
10.313
10.065
9.9155
9.8733
9.9472
10.076
10.164
10.216
10.184
10.059
9.856
9.5908
9.3498
9.2274
9.2126
9.3043
9.4218
9.5447
9.632
9.6582
9.5688
9.4022
9.193
8.982
8.8787
8.8798
9.0098
9.159
9.311
9.4409
9.5085
9.4744
9.3328
9.1581
8.9761
8.8305
8.82
8.9394
9.0999
9.255
9.3763
9.4684
9.4568
9.2896
9.1009
8.922
8.7334
8.6478
8.7044
8.8282
8.9217
8.9872
9.0313
8.9915
8.8129
8.5647
8.3239
8.0931
7.9481
7.9642
8.0671
8.1382
8.2047
8.2625
8.2158
8.099
7.8924
7.679
7.492
7.3955
7.4442
7.5868
7.7285
7.8384
7.9718
8.0277
7.9841
7.8721
7.739
7.6313
7.6173
7.7223
7.8887
8.0967
8.3047
8.4686
8.5549
8.5301
8.4268
8.2815
8.1403
8.0653
8.0982
8.2377
8.3868
8.5252
8.6451
8.6966
8.6352
8.4841
8.2826
8.0594
7.8858
7.8248
7.8811
7.9859
8.0663
8.1298
8.1531
8.0874
7.9265
7.7363
7.5421
7.361
7.3148
7.412
7.5468
7.676
7.7931
7.8888
7.8943
7.8133
7.6914
7.5767
7.462
7.4608
7.597
7.7778
7.9538
8.1234
8.278
8.3532
8.3282
8.2481
8.1477
8.0558
8.0441
8.1675
8.3391
8.5005
8.6907
8.8326
8.8895
8.8462
8.7154
8.5812
8.4478
8.4001
8.4511
8.5762
8.712
8.8694
8.9883
9.0272
8.9797
8.8505
8.6915
8.5357
8.4688
8.512
8.6306
8.7766
8.9275
9.0353
9.0855
9.0635
8.9766
8.8304
8.6641
8.5751
8.5989
8.6965
8.8237
8.9651
9.0783
9.132
9.1288
9.0559
8.9098
8.7509
8.6296
8.6078
8.6837
8.7943
8.9365
9.0429
9.0746
9.0775
8.9969
8.8569
8.7111
8.6128
8.6123
8.683
8.81
8.9646
9.1197
9.2066
9.2316
9.2165
9.1304
9.0345
8.9802
9.0377
9.1525
9.3104
9.502
9.7133
9.8698
9.9503
9.9937
9.974
9.911
9.8944
9.9606
10.101
10.281
10.478
10.682
10.837
10.928
10.973
10.96
10.901
10.863
10.901
11.021
11.179
11.339
11.506
11.646
11.719
11.742
11.72
11.675
11.593
11.568
11.637
11.764
11.919
12.041
12.161
12.23
12.252
12.214
12.124
12.047
12.029
12.075
12.167
12.303
12.437
12.524
12.572
12.572
12.538
12.423
12.353
12.325
12.365
12.417
12.544
12.666
12.789
12.861
12.889
12.908
12.834
12.778
12.78
12.86
12.954
13.102
13.267
13.42
13.538
13.641
13.711
13.727
13.712
13.748
13.825
13.938
14.102
14.27
14.424
14.514
14.612
14.658
14.665
14.621
14.616
14.627
14.666
14.776
14.886
14.964
14.999
15.015
15.003
14.955
14.883
14.867
14.885
14.899
14.938
15.02
15.088
15.101
15.12
15.151
15.167
15.126
15.158
15.241
15.319
15.383
15.5
15.608
15.688
15.747
15.791
15.847
15.854
15.889
15.963
16.045
16.105
16.184
16.283
16.352
16.382
16.424
16.47
16.476
16.478
16.521
16.589
16.645
16.696
16.766
16.832
16.859
16.887
16.926
16.952
16.976
17.035
17.136
17.22
17.305
17.383
17.466
17.548
17.619
17.677
17.75
17.823
17.923
18.034
18.122
18.194
18.27
18.332
18.367
18.414
18.463
18.512
18.546
18.587
18.616
18.631
18.637
18.641
18.639
18.643
18.634
18.643
18.643
18.655
18.665
18.696
18.716
18.737
18.77
18.813
18.888
18.944
19.033
19.124
19.206
19.313
19.429
19.552
19.66
19.759
19.871
19.994
20.107
20.229
20.375
20.511
20.642
20.766
20.88
20.945
21.001
21.066
21.133
21.183
21.232
21.276
21.337
21.369
21.374
21.379
21.363
21.319
21.304
21.276
21.246
21.224
21.199
21.184
21.139
21.101
21.093
21.086
21.074
21.102
21.154
21.206
21.258
21.322
21.37
21.414
21.458
21.535
21.609
21.68
21.805
21.939
22.071
22.199
22.306
22.358
22.387
22.4
22.436
22.502
22.59
22.705
22.822
22.933
23.011
23.043
23.007
22.92
22.848
22.771
22.752
22.814
22.893
22.974
23.061
23.117
23.1
23.022
22.888
22.766
22.636
22.57
22.625
22.737
22.843
22.959
23.065
23.137
23.059
22.906
22.757
22.616
22.522
22.544
22.71
22.912
23.104
23.282
23.408
23.406
23.276
23.089
22.917
22.785
22.757
22.899
23.123
23.354
23.574
23.737
23.797
23.681
23.468
23.227
23.014
22.892
22.953
23.154
23.398
23.628
23.812
23.895
23.821
23.599
23.305
22.999
22.784
22.725
22.824
23.038
23.278
23.491
23.599
23.551
23.338
23.023
22.665
22.35
22.176
22.164
22.303
22.53
22.784
22.965
23.018
22.918
22.681
22.392
22.132
21.929
21.853
21.917
22.126
22.432
22.703
22.856
22.915
22.852
22.664
22.477
22.372
22.323
22.313
22.433
22.663
22.907
23.09
23.175
23.184
23.079
22.926
22.825
22.779
22.735
22.703
22.694
22.72
22.708
22.67
22.592
22.429
22.255
22.111
22.055
22.009
21.992
21.933
21.811
21.669
21.477
21.262
21.069
20.931
20.858
20.88
20.962
21.062
21.19
21.276
21.227
21.022
20.822
20.625
20.461
20.424
20.568
20.815
21.079
21.351
21.6
21.767
21.747
21.537
21.219
20.938
20.718
20.654
20.753
20.985
21.263
21.56
21.742
21.787
21.678
21.348
20.869
20.432
20.145
19.996
19.961
20.073
20.267
20.428
20.486
20.446
20.303
20.022
19.707
19.395
19.132
18.961
18.925
18.962
19.013
19.068
19.087
19.038
18.907
18.805
18.729
18.664
18.612
18.577
18.574
18.57
18.518
18.443
18.319
18.185
18.094
18.119
18.228
18.376
18.5
18.588
18.607
18.537
18.343
18.064
17.774
17.539
17.421
17.445
17.597
17.842
18.13
18.336
18.401
18.325
18.119
17.811
17.458
17.145
16.978
16.96
17.083
17.277
17.48
17.671
17.763
17.716
17.531
17.265
17.027
16.852
16.744
16.695
16.722
16.808
16.91
16.951
16.903
16.783
16.664
16.567
16.477
16.433
16.446
16.498
16.545
16.485
16.329
16.144
15.926
15.704
15.531
15.478
15.542
15.719
15.934
16.087
16.134
16.094
15.953
15.67
15.269
14.927
14.759
14.742
14.819
14.948
15.128
15.323
15.462
15.444
15.26
14.972
14.707
14.555
14.415
14.285
14.264
14.331
14.433
14.445
14.353
14.211
14.046
13.926
13.848
13.804
13.793
13.872
13.99
14.029
13.936
13.736
13.504
13.29
13.065
12.905
12.907
13.049
13.322
13.594
13.757
13.832
13.776
13.641
13.382
13.022
12.685
12.533
12.554
12.658
12.764
12.896
13.042
13.128
13.082
12.87
12.617
12.387
12.277
12.252
12.212
12.17
12.145
12.153
12.133
11.966
11.757
11.569
11.469
11.489
11.559
11.654
11.76
11.934
12.041
12.017
11.78
11.492
11.266
11.098
11.033
11.033
11.155
11.38
11.67
11.902
11.948
11.8
11.579
11.394
11.225
11.063
10.953
10.976
11.078
11.198
11.233
11.15
10.984
10.789
10.616
10.45
10.328
10.293
10.393
10.558
10.712
10.75
10.686
10.53
10.328
10.077
9.832
9.6771
9.6614
9.7729
9.9855
10.189
10.347
10.41
10.381
10.263
10.086
9.8927
9.7667
9.7808
9.8878
10.002
10.093
10.148
10.125
9.9986
9.7925
9.5147
9.3002
9.188
9.2109
9.3109
9.4628
9.6135
9.7483
9.7767
9.6533
9.3887
9.0399
8.7236
8.5235
8.4209
8.4218
8.5463
8.6946
8.8704
8.9728
8.9809
8.8808
8.7145
8.5597
8.5015
8.5164
8.5647
8.6558
8.7548
8.8402
8.8102
8.6614
8.4482
8.163
7.9161
7.7591
7.7543
7.8362
7.9554
8.1287
8.2711
8.2852
8.1429
7.8914
7.5491
7.1598
6.8319
6.6335
6.5274
6.4988
6.5331
6.6014
6.5961
6.4687
6.2984
6.1007
5.8672
5.7081
5.6774
5.7558
5.8654
5.9828
6.0558
6.0379
5.8879
5.6548
5.3846
5.1114
4.9105
4.8482
4.9138
5.0661
5.2874
5.5258
5.6825
5.7105
5.6569
5.5384
5.3489
5.1564
5.0136
4.9202
4.867
4.8901
4.9343
4.9306
4.8512
4.7075
4.5223
4.3029
4.1516
4.1113
4.1298
4.2009
4.3518
4.5327
4.6507
4.6873
4.6044
4.4175
4.1518
3.8517
3.6295
3.5031
3.4878
3.5603
3.6956
3.8489
3.9978
4.0986
4.1285
4.1202
4.0587
3.9834
3.9697
3.9836
4.0104
4.0673
4.1577
4.1884
4.169
4.0654
3.9368
3.7501
3.5615
3.4588
3.4672
3.5333
3.6336
3.7767
3.9686
4.1504
4.2474
4.2425
4.1321
3.9325
3.7164
3.5709
3.4897
3.4415
3.4247
3.4539
3.4981
3.5494
3.5571
3.5516
3.4938
3.4005
3.337
3.3348
3.4049
3.5259
3.6699
3.801
3.8773
3.8949
3.8481
3.7754
3.6293
3.4119
3.1876
3.0136
2.901
2.8998
3.0096
3.1582
3.3044
3.4201
3.497
3.5461
3.5721
3.529
3.4558
3.3629
3.2655
3.1959
3.1834
3.2121
3.2336
3.2283
3.1875
3.1111
2.9924
2.8591
2.7549
2.6667
2.609
2.6162
2.7079
2.8593
3.0395
3.221
3.3255
3.3119
3.1994
3.0334
2.844
2.6623
2.4665
2.2869
2.1781
2.1062
2.1069
2.1976
2.342
2.4162
2.4233
2.384
2.3156
2.2891
2.2731
2.2668
2.2861
2.3097
2.3185
2.3557
2.4737
2.5935
2.6048
2.5176
2.3527
2.1648
1.9934
1.8801
1.8629
1.8858
1.9448
2.0296
2.2198
2.5017
2.7665
2.9442
3.0042
2.9468
2.8057
2.6381
2.5278
2.4454
2.3499
2.2297
2.1542
2.1744
2.2642
2.3226
2.3532
2.3166
2.2039
2.0564
1.9113
1.8575
1.8937
1.9603
2.0231
2.1263
2.2921
2.4653
2.5458
2.6104
2.5964
2.4499
2.2099
1.9592
1.7052
1.532
1.4257
1.4021
1.4822
1.6837
1.9249
2.1285
2.3053
2.4598
2.5332
2.523
2.4488
2.3674
2.2915
2.1926
2.1647
2.2034
2.3028
2.3894
2.4359
2.4196
2.3582
2.2719
2.1501
1.9888
1.8304
1.701
1.5931
1.5783
1.6516
1.8313
2.0698
2.3113
2.5146
2.6359
2.6579
2.6023
2.4799
2.3077
2.088
1.87
1.6658
1.5382
1.5092
1.5489
1.6445
1.7974
1.9641
2.0853
2.1594
2.203
2.2097
2.2107
2.199
2.1739
2.1813
2.2415
2.3119
2.3658
2.4378
2.5356
2.625
2.6285
2.5315
2.3677
2.1636
1.9648
1.762
1.5948
1.5162
1.4814
1.5399
1.6363
1.7412
1.9136
2.1292
2.3301
2.4418
2.4477
2.4028
2.2866
2.1428
1.9775
1.8235
1.7298
1.6317
1.5488
1.4792
1.4437
1.4956
1.5978
1.6441
1.6509
1.6637
1.684
1.6976
1.69
1.6851
1.7229
1.825
1.9795
2.0992
2.1988
2.3189
2.4703
2.588
2.6077
2.5381
2.4286
2.324
2.1813
1.9912
1.7947
1.6803
1.6665
1.7141
1.7689
1.8179
1.9764
2.2066
2.4382
2.6298
2.7576
2.8543
2.9181
2.895
2.8075
2.683
2.5735
2.53
2.484
2.3683
2.2215
2.1406
2.1426
2.1754
2.1793
2.1291
2.1242
2.1112
2.0758
2.0188
1.9396
1.9374
2.0372
2.188
2.3169
2.4164
2.5467
2.7523
2.9447
3.0339
3.0321
3.0064
2.9805
2.8793
2.7117
2.4763
2.2604
2.1513
2.1205
2.121
2.1271
2.1619
2.3079
2.5094
2.7133
2.8718
2.973
3.0903
3.1666
3.1761
3.1171
3.0088
2.9372
2.9173
2.8934
2.771
2.6305
2.5118
2.4855
2.4613
2.3665
2.251
2.1433
2.0981
2.0206
1.9094
1.7951
1.7178
1.7509
1.8757
2.0149
2.0918
2.1661
2.2994
2.4697
2.5768
2.6225
2.6409
2.6763
2.6943
2.6041
2.3986
2.1492
1.942
1.7893
1.682
1.5524
1.4272
1.3123
1.2727
1.2744
1.2928
1.323
1.4254
1.5934
1.7532
1.8617
1.8976
1.8807
1.8628
1.8645
1.8699
1.833
1.7653
1.6469
1.5217
1.3797
1.2094
1.0526
0.97814
0.96631
0.9637
0.94258
0.88886
0.82429
0.79608
0.79847
0.8444
0.90155
0.99773
1.09
1.18
1.2205
1.2514
1.3228
1.4354
1.5722
1.699
1.7562
1.7507
1.6485
1.4953
1.34
1.1545
0.96802
0.75633
0.5575
0.34404
0.12157
-0.070401
-0.17035
-0.15212
-0.053505
0.10614
0.27952
0.47261
0.63003
0.76538
0.87996
0.97148
1.0503
1.0996
1.1277
1.1259
1.0681
0.95371
0.82464
0.71726
0.62752
0.60319
0.61824
0.625
0.61758
0.58688
0.53428
0.49492
0.46338
0.48985
0.55786
0.59686
0.63543
0.69821
0.74736
0.77407
0.77328
0.80964
0.89307
1.0129
1.1533
1.2834
1.3305
1.2994
1.2179
1.0869
0.939
0.7617
0.57431
0.35711
0.1042
-0.13563
-0.34933
-0.52931
-0.68225
-0.73543
-0.69887
-0.59669
-0.43767
-0.26229
-0.11497
0.027105
0.17105
0.32694
0.45487
0.55076
0.62132
0.61562
0.52845
0.39224
0.21965
0.0044417
-0.20536
-0.3609
-0.49615
-0.62443
-0.72687
-0.83885
-0.95391
-1.0469
-1.0794
-1.1009
-1.083
-1.037
-0.9907
-0.96174
-0.98032
-1.0187
-1.0556
-1.0494
-1.0016
-0.90377
-0.79079
-0.65458
-0.54219
-0.47822
-0.4553
-0.46054
-0.48668
-0.54616
-0.62236
-0.73665
-0.89896
-1.1371
-1.4022
-1.648
-1.8768
-2.0656
-2.2179
-2.3109
-2.3425
-2.3285
-2.2778
-2.2173
-2.1431
-2.0275
-1.8661
-1.6563
-1.4556
-1.2771
-1.1761
-1.1424
-1.19
-1.2748
-1.3875
-1.5285
-1.6964
-1.9098
-2.1561
-2.4217
-2.6705
-2.8804
-3.0442
-3.1562
-3.2523
-3.2815
-3.2658
-3.2048
-3.1465
-3.0937
-3.0945
-3.1149
-3.0915
-3.0229
-2.9076
-2.7985
-2.7313
-2.7299
-2.7542
-2.7583
-2.7442
-2.7025
-2.6686
-2.6552
-2.685
-2.73
-2.7916
-2.9033
-3.0648
-3.2541
-3.469
-3.6928
-3.8653
-4.0153
-4.1539
-4.3059
-4.478
-4.6426
-4.7295
-4.7331
-4.6532
-4.5031
-4.3338
-4.1398
-3.9474
-3.7409
-3.5316
-3.3444
-3.1822
-3.0917
-3.0677
-3.1043
-3.167
-3.2805
-3.4349
-3.6527
-3.9248
-4.2336
-4.5112
-4.7456
-4.9116
-5.0243
-5.0967
-5.16
-5.2122
-5.1863
-5.0917
-4.9484
-4.7964
-4.6506
-4.5363
-4.4499
-4.3473
-4.2646
-4.182
-4.1311
-4.1307
-4.1766
-4.2361
-4.2768
-4.3271
-4.39
-4.4805
-4.6275
-4.7795
-4.8926
-4.9698
-5.0598
-5.1665
-5.2925
-5.4601
-5.6392
-5.7771
-5.8771
-5.9507
-6.0057
-6.0668
-6.1528
-6.2156
-6.2173
-6.1557
-6.0365
-5.8633
-5.6735
-5.4985
-5.3277
-5.1239
-4.9305
-4.7639
-4.6331
-4.5685
-4.5731
-4.6364
-4.728
-4.8576
-5.0552
-5.3119
-5.6264
-5.969
-6.2894
-6.5782
-6.8118
-6.9918
-7.135
-7.2162
-7.26
-7.2391
-7.151
-6.9992
-6.8066
-6.5794
-6.3204
-6.0737
-5.8704
-5.6873
-5.5505
-5.4512
-5.3747
-5.349
-5.3778
-5.4777
-5.6133
-5.7661
-5.9319
-6.1068
-6.2865
-6.4504
-6.6364
-6.8147
-6.9625
-7.0887
-7.1662
-7.2
-7.2168
-7.2212
-7.2266
-7.2314
-7.2225
-7.1951
-7.1472
-7.0819
-7.0129
-6.9474
-6.8724
-6.7917
-6.699
-6.5949
-6.463
-6.3147
-6.1891
-6.0779
-5.9831
-5.8929
-5.8005
-5.7514
-5.7424
-5.8141
-5.9456
-6.1277
-6.3607
-6.5967
-6.84
-7.0627
-7.2606
-7.4626
-7.6664
-7.8539
-7.9754
-8.0124
-7.9871
-7.8864
-7.749
-7.5698
-7.3515
-7.1002
-6.7981
-6.4845
-6.1764
-5.9037
-5.679
-5.523
-5.4207
-5.3894
-5.4141
-5.4808
-5.6118
-5.8023
-6.0556
-6.3528
-6.6764
-6.9904
-7.2704
-7.5221
-7.7407
-7.9044
-8.0291
-8.0907
-8.1016
-8.041
-7.9353
-7.7872
-7.6026
-7.4234
-7.2552
-7.0825
-6.9126
-6.7387
-6.5733
-6.4442
-6.3306
-6.2773
-6.2696
-6.2878
-6.3141
-6.3211
-6.345
-6.3977
-6.493
-6.6132
-6.7533
-6.8916
-7.004
-7.086
-7.1677
-7.2645
-7.3785
-7.5069
-7.6379
-7.7662
-7.8742
-7.9671
-8.0352
-8.0881
-8.1294
-8.1456
-8.1361
-8.0862
-7.994
-7.8672
-7.6974
-7.5108
-7.313
-7.1226
-6.922
-6.709
-6.5017
-6.3123
-6.1506
-6.0488
-6.0093
-6.0504
-6.156
-6.3181
-6.52
-6.7826
-7.0803
-7.4118
-7.7721
-8.1315
-8.4617
-8.7209
-8.9132
-9.0535
-9.1218
-9.1235
-9.0782
-8.9826
-8.8284
-8.6043
-8.3321
-8.0403
-7.7288
-7.3947
-7.0612
-6.7687
-6.5132
-6.2887
-6.1248
-6.0518
-6.0389
-6.1
-6.2145
-6.387
-6.5809
-6.7777
-7.0034
-7.2625
-7.54
-7.8286
-8.1184
-8.4053
-8.6329
-8.7765
-8.8311
-8.8246
-8.7663
-8.6695
-8.5651
-8.4733
-8.3716
-8.229
-8.0845
-7.9376
-7.7894
-7.6515
-7.5114
-7.3763
-7.2298
-7.0951
-6.9768
-6.894
-6.8316
-6.8171
-6.8237
-6.8503
-6.8835
-6.8772
-6.8396
-6.7813
-6.7584
-6.8271
-6.9836
-7.2115
-7.4807
-7.7427
-7.9591
-8.1483
-8.3186
-8.4925
-8.665
-8.8211
-8.9725
-9.1042
-9.187
-9.2246
-9.2306
-9.1968
-9.1246
-8.9958
-8.807
-8.5421
-8.1934
-7.7929
-7.4142
-7.0822
-6.8272
-6.6388
-6.4736
-6.3217
-6.183
-6.0726
-6.0225
-6.0637
-6.2254
-6.4682
-6.7933
-7.1884
-7.6213
-8.0348
-8.4303
-8.7846
-9.1019
-9.3751
-9.6079
-9.7855
-9.8784
-9.8813
-9.7894
-9.6302
-9.4337
-9.2219
-8.9982
-8.7178
-8.3778
-7.9962
-7.5869
-7.1939
-6.85
-6.6011
-6.4458
-6.3743
-6.3756
-6.4344
-6.5133
-6.5956
-6.7021
-6.8319
-7.0312
-7.298
-7.6196
-7.9691
-8.3132
-8.6227
-8.8723
-9.0608
-9.1943
-9.286
-9.3414
-9.3719
-9.3605
-9.2813
-9.1446
-8.9772
-8.8176
-8.6712
-8.5542
-8.4345
-8.2859
-8.1504
-7.9732
-7.7694
-7.5749
-7.4232
-7.3095
-7.2322
-7.1794
-7.1477
-7.1223
-7.0771
-7.0007
-6.9095
-6.8262
-6.8005
-6.8434
-6.9495
-7.1039
-7.2738
-7.4307
-7.5857
-7.7654
-7.9727
-8.2086
-8.4701
-8.7114
-8.9241
-9.1107
-9.2569
-9.3636
-9.4479
-9.5295
-9.5603
-9.5684
-9.5137
-9.4041
-9.2297
-8.983
-8.6425
-8.2648
-7.9077
-7.5963
-7.3047
-7.0285
-6.7469
-6.4571
-6.1757
-5.9547
-5.8035
-5.7573
-5.8106
-5.9692
-6.2283
-6.5706
-6.9637
-7.3829
-7.824
-8.2828
-8.7367
-9.1838
-9.5949
-9.9387
-10.22
-10.42
-10.549
-10.621
-10.623
-10.556
-10.403
-10.158
-9.8277
-9.4407
-9.0043
-8.5424
-8.0409
-7.5524
-7.1321
-6.8117
-6.5637
-6.3578
-6.1493
-5.972
-5.8498
-5.8379
-5.9151
-6.0686
-6.2874
-6.5621
-6.9027
-7.3156
-7.7656
-8.2205
-8.6329
-9.0136
-9.3365
-9.6045
-9.8164
-9.9646
-10.034
-10.039
-9.976
-9.8775
-9.7582
-9.5961
-9.4093
-9.1759
-8.9153
-8.6316
-8.3508
-8.0811
-7.8441
-7.5907
-7.3642
-7.2111
-7.1218
-7.0694
-7.0056
-6.9264
-6.8456
-6.7882
-6.7726
-6.7802
-6.8194
-6.8812
-6.9782
-7.1302
-7.3381
-7.5394
-7.7485
-7.9283
-8.0964
-8.2493
-8.4045
-8.5637
-8.7332
-8.9081
-9.0762
-9.2514
-9.4021
-9.5359
-9.6299
-9.6608
-9.641
-9.5884
-9.5225
-9.436
-9.3285
-9.2018
-9.0741
-8.9023
-8.6832
-8.441
-8.1554
-7.8307
-7.467
-7.1003
-6.758
-6.4521
-6.2005
-5.9838
-5.8311
-5.7609
-5.7776
-5.8821
-6.0686
-6.3163
-6.6396
-7.0139
-7.4277
-7.8633
-8.3156
-8.7739
-9.2404
-9.7044
-10.147
-10.531
-10.836
-11.038
-11.161
-11.176
-11.103
-10.959
-10.757
-10.498
-10.186
-9.8181
-9.4209
-8.9697
-8.4752
-7.9324
-7.3634
-6.8412
-6.3826
-6
-5.6965
-5.4584
-5.3136
-5.2413
-5.2823
-5.4345
-5.6831
-6.009
-6.4225
-6.9163
-7.4693
-8.0619
-8.6978
-9.3133
-9.9058
-10.455
-10.933
-11.329
-11.634
-11.844
-11.967
-11.986
-11.897
-11.694
-11.4
-11.056
-10.678
-10.276
-9.8578
-9.4327
-9.0117
-8.6065
-8.2248
-7.8656
-7.5227
-7.2084
-6.9362
-6.7291
-6.5949
-6.5338
-6.5643
-6.6641
-6.8132
-7.0087
-7.2464
-7.5551
-7.9444
-8.3554
-8.7741
-9.2097
-9.657
-10.102
-10.497
-10.849
-11.141
-11.359
-11.526
-11.649
-11.703
-11.723
-11.713
-11.645
-11.523
-11.349
-11.152
-10.974
-10.814
-10.658
-10.498
-10.346
-10.21
-10.089
-9.9654
-9.8328
-9.6754
-9.4997
-9.2936
-9.1124
-8.9534
-8.8165
-8.7115
-8.6414
-8.5938
-8.5836
-8.6083
-8.6842
-8.7877
-8.8977
-9.0473
-9.2401
-9.4759
-9.7286
-10.006
-10.323
-10.682
-11.061
-11.438
-11.799
-12.139
-12.437
-12.665
-12.825
-12.944
-13.006
-13.055
-13.089
-13.095
-13.071
-12.998
-12.885
-12.723
-12.504
-12.241
-11.899
-11.487
-11.029
-10.531
-10.029
-9.5479
-9.111
-8.7251
-8.3957
-8.1479
-7.979
-7.9226
-7.9664
-8.0733
-8.2659
-8.5547
-8.9389
-9.4245
-9.9504
-10.511
-11.109
-11.735
-12.388
-13.021
-13.616
-14.149
-14.598
-14.943
-15.194
-15.342
-15.383
-15.351
-15.254
-15.069
-14.815
-14.491
-14.081
-13.622
-13.116
-12.56
-11.973
-11.346
-10.716
-10.104
-9.5117
-9.0174
-8.6301
-8.3538
-8.1574
-8.0845
-8.1
-8.2239
-8.4706
-8.7881
-9.1898
-9.6658
-10.225
-10.872
-11.572
-12.25
-12.906
-13.536
-14.129
-14.689
-15.205
-15.627
-15.953
-16.195
-16.315
-16.305
-16.165
-15.886
-15.551
-15.16
-14.712
-14.222
-13.711
-13.212
-12.719
-12.262
-11.843
-11.467
-11.088
-10.72
-10.379
-10.064
-9.7921
-9.6095
-9.5388
-9.5744
-9.702
-9.9312
-10.24
-10.623
-10.998
-11.365
-11.754
-12.154
-12.591
-13.061
-13.483
-13.873
-14.251
-14.603
-14.928
-15.198
-15.392
-15.474
-15.464
-15.389
-15.245
-15.039
-14.774
-14.531
-14.319
-14.122
-13.926
-13.699
-13.468
-13.219
-12.956
-12.738
-12.548
-12.394
-12.252
-12.143
-12.052
-11.937
-11.812
-11.721
-11.643
-11.571
-11.543
-11.553
-11.623
-11.72
-11.848
-11.988
-12.13
-12.302
-12.491
-12.673
-12.815
-12.944
-13.089
-13.264
-13.487
-13.767
-14.087
-14.39
-14.663
-14.895
-15.068
-15.143
-15.149
-15.137
-15.139
-15.16
-15.202
-15.242
-15.242
-15.198
-15.121
-14.979
-14.798
-14.573
-14.28
-13.947
-13.603
-13.226
-12.815
-12.448
-12.109
-11.778
-11.449
-11.141
-10.87
-10.646
-10.475
-10.381
-10.381
-10.49
-10.701
-10.998
-11.342
-11.732
-12.163
-12.623
-13.118
-13.651
-14.219
-14.828
-15.412
-15.929
-16.402
-16.793
-17.065
-17.232
-17.333
-17.368
-17.348
-17.254
-17.088
-16.852
-16.547
-16.193
-15.79
-15.312
-14.776
-14.169
-13.486
-12.747
-12.016
-11.296
-10.655
-10.143
-9.7452
-9.4416
-9.257
-9.1904
-9.2104
-9.3068
-9.4947
-9.7783
-10.177
-10.704
-11.306
-11.95
-12.627
-13.321
-14.041
-14.781
-15.547
-16.28
-16.958
-17.53
-17.988
-18.347
-18.557
-18.606
-18.56
-18.431
-18.208
-17.913
-17.534
-17.024
-16.421
-15.733
-14.991
-14.254
-13.529
-12.834
-12.166
-11.539
-10.965
-10.403
-9.8867
-9.4741
-9.1858
-9.0208
-8.9768
-9.0706
-9.2981
-9.6185
-9.9946
-10.466
-11.003
-11.636
-12.369
-13.114
-13.825
-14.482
-15.111
-15.752
-16.369
-16.956
-17.477
-17.963
-18.391
-18.684
-18.812
-18.746
-18.462
-18.036
-17.538
-16.993
-16.433
-15.856
-15.304
-14.737
-14.152
-13.586
-13.037
-12.524
-12.052
-11.609
-11.22
-10.886
-10.636
-10.438
-10.268
-10.219
-10.29
-10.439
-10.689
-11.031
-11.391
-11.774
-12.181
-12.636
-13.151
-13.705
-14.274
-14.811
-15.304
-15.753
-16.136
-16.451
-16.658
-16.794
-16.883
-16.945
-16.992
-16.964
-16.885
-16.676
-16.345
-15.977
-15.58
-15.162
-14.756
-14.367
-14.005
-13.66
-13.373
-13.153
-12.972
-12.819
-12.671
-12.541
-12.422
-12.286
-12.18
-12.089
-11.996
-11.988
-12.058
-12.205
-12.408
-12.663
-12.919
-13.141
-13.358
-13.562
-13.742
-13.893
-14.026
-14.153
-14.254
-14.325
-14.388
-14.444
-14.504
-14.576
-14.659
-14.779
-14.906
-14.981
-15.015
-14.995
-14.919
-14.827
-14.765
-14.71
-14.657
-14.603
-14.549
-14.476
-14.402
-14.309
-14.238
-14.173
-14.13
-14.112
-14.06
-13.977
-13.821
-13.622
-13.392
-13.173
-13.015
-12.882
-12.746
-12.61
-12.488
-12.355
-12.204
-12.062
-11.92
-11.771
-11.675
-11.632
-11.645
-11.696
-11.792
-11.947
-12.157
-12.434
-12.786
-13.204
-13.698
-14.189
-14.626
-14.967
-15.198
-15.33
-15.445
-15.548
-15.637
-15.706
-15.753
-15.792
-15.826
-15.829
-15.781
-15.68
-15.523
-15.307
-15.024
-14.705
-14.343
-13.941
-13.45
-12.865
-12.333
-11.843
-11.38
-10.947
-10.577
-10.287
-10.018
-9.7882
-9.617
-9.5146
-9.4939
-9.5615
-9.7164
-9.9704
-10.341
-10.804
-11.335
-11.931
-12.551
-13.198
-13.87
-14.568
-15.216
-15.77
-16.214
-16.556
-16.804
-17.003
-17.192
-17.361
-17.464
-17.476
-17.406
-17.245
-17.013
-16.706
-16.311
-15.842
-15.284
-14.672
-14.023
-13.363
-12.664
-11.961
-11.234
-10.566
-9.9865
-9.4724
-9.0462
-8.7385
-8.5673
-8.4884
-8.5081
-8.6419
-8.8942
-9.2332
-9.6633
-10.143
-10.676
-11.24
-11.847
-12.504
-13.202
-13.921
-14.674
-15.449
-16.24
-16.963
-17.592
-18.128
-18.535
-18.79
-18.875
-18.865
-18.772
-18.57
-18.298
-17.927
-17.464
-16.95
-16.367
-15.724
-15.023
-14.259
-13.512
-12.773
-12.055
-11.338
-10.654
-10.015
-9.4563
-9.0208
-8.7059
-8.5501
-8.5523
-8.7145
-9.0098
-9.3865
-9.7931
-10.248
-10.734
-11.243
-11.797
-12.375
-12.969
-13.595
-14.248
-14.958
-15.66
-16.374
-17.103
-17.773
-18.328
-18.754
-19.08
-19.269
-19.318
-19.216
-18.943
-18.569
-18.118
-17.602
-17.024
-16.382
-15.691
-15.007
-14.322
-13.631
-12.942
-12.25
-11.578
-10.96
-10.415
-9.9386
-9.5641
-9.3309
-9.2434
-9.3091
-9.4413
-9.645
-9.9275
-10.284
-10.71
-11.19
-11.736
-12.309
-12.905
-13.51
-14.149
-14.778
-15.392
-16.011
-16.604
-17.128
-17.573
-17.936
-18.223
-18.399
-18.475
-18.438
-18.321
-18.125
-17.847
-17.492
-17.03
-16.469
-15.888
-15.283
-14.655
-14.045
-13.42
-12.788
-12.168
-11.63
-11.154
-10.755
-10.468
-10.296
-10.238
-10.238
-10.308
-10.436
-10.622
-10.885
-11.211
-11.599
-12.04
-12.515
-13.01
-13.52
-14.052
-14.571
-15.082
-15.585
-16.059
-16.431
-16.722
-16.947
-17.079
-17.129
-17.066
-16.934
-16.73
-16.447
-16.104
-15.704
-15.228
-14.699
-14.176
-13.666
-13.157
-12.636
-12.141
-11.637
-11.124
-10.667
-10.293
-10.011
-9.8241
-9.7767
-9.8477
-9.9776
-10.14
-10.362
-10.608
-10.904
-11.263
-11.654
-12.075
-12.535
-13.015
-13.492
-13.995
-14.505
-14.997
-15.481
-15.961
-16.338
-16.592
-16.755
-16.838
-16.839
-16.735
-16.526
-16.244
-15.877
-15.434
-14.923
-14.361
-13.728
-13.086
-12.448
-11.823
-11.206
-10.603
-10.013
-9.4565
-8.9326
-8.5163
-8.2109
-8.0135
-7.9596
-8.0343
-8.2007
-8.4345
-8.726
-9.0614
-9.4514
-9.8835
-10.355
-10.878
-11.426
-12.001
-12.59
-13.176
-13.762
-14.346
-14.929
-15.468
-15.97
-16.38
-16.673
-16.85
-16.96
-16.992
-16.909
-16.725
-16.451
-16.087
-15.632
-15.075
-14.435
-13.741
-13.026
-12.304
-11.588
-10.859
-10.151
-9.4404
-8.7385
-8.0635
-7.4879
-7.0298
-6.6932
-6.5003
-6.4673
-6.5275
-6.6777
-6.9207
-7.235
-7.6151
-8.0785
-8.5813
-9.1369
-9.7423
-10.367
-11.017
-11.67
-12.329
-12.995
-13.662
-14.316
-14.949
-15.49
-15.913
-16.222
-16.444
-16.568
-16.592
-16.55
-16.448
-16.24
-15.934
-15.541
-15.022
-14.423
-13.785
-13.132
-12.446
-11.732
-11.01
-10.266
-9.5113
-8.7525
-8.0285
-7.409
-6.9098
-6.5515
-6.3369
-6.2147
-6.1658
-6.2087
-6.3132
-6.5053
-6.7571
-7.095
-7.5168
-7.9905
-8.5039
-9.0604
-9.6271
-10.226
-10.854
-11.507
-12.158
-12.82
-13.486
-14.051
-14.499
-14.856
-15.138
-15.334
-15.463
-15.493
-15.455
-15.348
-15.142
-14.826
-14.417
-13.95
-13.451
-12.914
-12.357
-11.769
-11.157
-10.513
-9.8468
-9.1691
-8.5153
-7.9534
-7.4613
-7.1285
-6.9339
-6.7907
-6.7141
-6.7155
-6.7482
-6.8493
-7.0037
-7.2396
-7.5318
-7.8569
-8.212
-8.5949
-9.0162
-9.4671
-9.9429
-10.453
-10.987
-11.533
-12.082
-12.546
-12.936
-13.244
-13.467
-13.6
-13.682
-13.717
-13.683
-13.583
-13.416
-13.178
-12.868
-12.505
-12.126
-11.74
-11.324
-10.893
-10.445
-9.9777
-9.487
-8.9656
-8.4555
-8.0271
-7.6869
-7.4862
-7.4123
-7.4127
-7.4549
-7.5415
-7.6698
-7.8361
-8.0225
-8.2473
-8.4938
-8.7645
-9.034
-9.3208
-9.6256
-9.936
-10.267
-10.593
-10.946
-11.306
-11.659
-11.948
-12.139
-12.248
-12.29
-12.262
-12.168
-12.044
-11.892
-11.696
-11.463
-11.203
-10.897
-10.555
-10.191
-9.8387
-9.4884
-9.1315
-8.7873
-8.4485
-8.1186
-7.7797
-7.4345
-7.1602
-6.9646
-6.8738
-6.9138
-7.0793
-7.2778
-7.4929
-7.7284
-7.9828
-8.2592
-8.5431
-8.8301
-9.129
-9.4376
-9.7429
-10.052
-10.357
-10.673
-10.967
-11.236
-11.473
-11.709
-11.936
-12.061
-12.097
-12.056
-11.954
-11.761
-11.492
-11.201
-10.883
-10.555
-10.207
-9.8246
-9.4379
-9.0266
-8.5814
-8.1226
-7.6815
-7.2555
-6.8458
-6.4548
-6.0903
-5.739
-5.401
-5.1462
-5.0194
-5.0075
-5.1211
-5.3476
-5.6492
-5.9727
-6.3062
-6.6635
-7.0527
-7.4499
-7.8403
-8.2259
-8.6325
-9.0356
-9.4185
-9.7912
-10.16
-10.514
-10.816
-11.091
-11.323
-11.541
-11.679
-11.718
-11.691
-11.576
-11.367
-11.071
-10.751
-10.415
-10.044
-9.6367
-9.2184
-8.7966
-8.3509
-7.8806
-7.4078
-6.916
-6.4142
-5.9079
-5.4253
-4.9626
-4.5053
-4.0738
-3.738
-3.504
-3.3777
-3.3642
-3.4541
-3.66
-3.9204
-4.2172
-4.5571
-4.9083
-5.2739
-5.6548
-6.0435
-6.4306
-6.8346
-7.2558
-7.6778
-8.0784
-8.4691
-8.8235
-9.1642
-9.4577
-9.7304
-9.9627
-10.112
-10.197
-10.207
-10.135
-9.9705
-9.7351
-9.4459
-9.148
-8.834
-8.5065
-8.1795
-7.8433
-7.4777
-7.1058
-6.7215
-6.3258
-5.9037
-5.4957
-5.072
-4.6375
-4.2077
-3.8286
-3.5145
-3.2642
-3.0762
-2.9737
-2.9552
-3.0155
-3.1486
-3.3126
-3.4952
-3.6915
-3.9008
-4.1298
-4.3732
-4.6309
-4.9098
-5.2047
-5.5078
-5.8128
-6.1172
-6.4312
-6.7345
-7.0387
-7.3061
-7.5267
-7.692
-7.8113
-7.8835
-7.9077
-7.8853
-7.8246
-7.7258
-7.5894
-7.4403
-7.2631
-7.066
-6.8478
-6.6304
-6.4021
-6.1507
-5.8827
-5.6065
-5.3216
-5.0397
-4.7687
-4.5342
-4.3153
-4.0979
-3.9058
-3.7625
-3.6483
-3.5537
-3.4995
-3.4824
-3.4905
-3.5293
-3.595
-3.6562
-3.7437
-3.8426
-3.9581
-4.0807
-4.2214
-4.3644
-4.5127
-4.6649
-4.8182
-4.9565
-5.0766
-5.1873
-5.2851
-5.3543
-5.3993
-5.4237
-5.4261
-5.4026
-5.3827
-5.3576
-5.3349
-5.3142
-5.2977
-5.2894
-5.2657
-5.2524
-5.2465
-5.2431
-5.2445
-5.2612
-5.288
-5.3121
-5.3307
-5.3535
-5.3805
-5.3992
-5.4156
-5.4395
-5.4561
-5.4639
-5.4679
-5.4641
-5.4432
-5.4286
-5.4135
-5.3967
-5.3789
-5.3601
-5.3368
-5.286
-5.2218
-5.1492
-5.0668
-4.9759
-4.8959
-4.8007
-4.6853
-4.5631
-4.4362
-4.3063
-4.1724
-4.0461
-3.9228
-3.7971
-3.6789
-3.5735
-3.472
-3.4082
-3.3799
-3.3726
-3.3978
-3.4596
-3.5685
-3.7077
-3.8649
-4.0538
-4.2581
-4.4691
-4.6919
-4.9441
-5.1998
-5.4606
-5.716
-5.9706
-6.2169
-6.4421
-6.638
-6.8077
-6.9437
-7.0426
-7.1045
-7.1338
-7.1451
-7.106
-7.0203
-6.9203
-6.7891
-6.6259
-6.4389
-6.2292
-5.9938
-5.7398
-5.4651
-5.1945
-4.9151
-4.6154
-4.3098
-4.0068
-3.7229
-3.4546
-3.1929
-2.9652
-2.7726
-2.5961
-2.4533
-2.3584
-2.3243
-2.333
-2.3859
-2.4933
-2.648
-2.8342
-3.0663
-3.3412
-3.6399
-3.9524
-4.2888
-4.633
-4.9975
-5.3592
-5.7103
-6.0452
-6.3664
-6.6508
-6.9112
-7.1471
-7.3439
-7.4724
-7.5523
-7.5855
-7.5687
-7.5112
-7.4111
-7.2712
-7.0973
-6.8796
-6.6262
-6.3579
-6.0739
-5.7664
-5.4306
-5.097
-4.7727
-4.4518
-4.1373
-3.8508
-3.5749
-3.3216
-3.0944
-2.8957
-2.728
-2.5975
-2.504
-2.454
-2.4634
-2.5321
-2.6394
-2.7793
-2.9703
-3.1913
-3.4347
-3.7101
-4.0053
-4.3178
-4.6309
-4.9403
-5.2474
-5.5406
-5.8153
-6.0722
-6.2958
-6.4931
-6.6574
-6.7754
-6.8519
-6.8857
-6.8834
-6.8378
-6.7492
-6.6226
-6.4724
-6.2879
-6.0833
-5.8602
-5.6256
-5.385
-5.1405
-4.8939
-4.6548
-4.4251
-4.2092
-3.997
-3.8049
-3.6354
-3.4774
-3.3466
-3.2501
-3.2013
-3.1895
-3.2132
-3.2741
-3.3686
-3.4802
-3.6198
-3.7923
-3.9668
-4.1609
-4.3637
-4.5756
-4.7814
-4.9799
-5.1671
-5.3492
-5.5221
-5.6766
-5.7964
-5.9062
-5.9895
-6.0334
-6.0479
-6.0357
-5.9991
-5.9368
-5.8465
-5.7357
-5.6149
-5.4663
-5.3005
-5.1222
-4.9489
-4.7658
-4.5798
-4.4035
-4.2414
-4.0993
-3.9687
-3.8426
-3.74
-3.6593
-3.5887
-3.5471
-3.54
-3.5627
-3.601
-3.6505
-3.7139
-3.7961
-3.8778
-3.9702
-4.0748
-4.1998
-4.3272
-4.4512
-4.5923
-4.7291
-4.8426
-4.9438
-5.0303
-5.1124
-5.1821
-5.2232
-5.246
-5.2668
-5.2742
-5.2777
-5.2692
-5.2598
-5.2337
-5.1804
-5.1176
-5.0487
-4.9765
-4.903
-4.8249
-4.7503
-4.6782
-4.601
-4.5169
-4.445
-4.3927
-4.3348
-4.2765
-4.2311
-4.1907
-4.1572
-4.1119
-4.0713
-4.046
-4.0105
-3.9675
-3.937
-3.9129
-3.8923
-3.8601
-3.8205
-3.7901
-3.7607
-3.7271
-3.7021
-3.697
-3.7007
-3.7005
-3.7152
-3.7445
-3.7758
-3.8044
-3.829
-3.869
-3.9217
-3.9774
-4.035
-4.1058
-4.1843
-4.2611
-4.3226
-4.3859
-4.4482
-4.504
-4.5563
-4.6019
-4.6412
-4.6865
-4.7235
-4.7622
-4.8054
-4.8496
-4.8814
-4.8989
-4.9087
-4.9022
-4.8822
-4.8444
-4.8022
-4.7668
-4.7157
-4.6434
-4.5659
-4.4703
-4.3629
-4.2301
-4.0859
-3.9485
-3.8062
-3.6586
-3.5196
-3.3854
-3.2617
-3.1339
-3.0129
-2.9244
-2.844
-2.7776
-2.7327
-2.708
-2.7032
-2.7004
-2.7176
-2.7536
-2.8018
-2.8499
-2.9095
-2.9918
-3.0929
-3.2015
-3.3249
-3.4528
-3.5796
-3.7034
-3.8323
-3.9694
-4.0978
-4.2207
-4.3384
-4.4492
-4.5622
-4.6631
-4.7567
-4.8396
-4.8974
-4.9491
-4.9928
-5.0164
-5.0234
-5.0059
-4.9693
-4.9059
-4.8308
-4.7472
-4.6505
-4.5453
-4.4245
-4.2963
-4.1674
-4.0202
-3.8613
-3.6977
-3.5341
-3.3824
-3.232
-3.0949
-2.9685
-2.839
-2.71
-2.5901
-2.4806
-2.3853
-2.3115
-2.251
-2.203
-2.1779
-2.1655
-2.1721
-2.195
-2.2219
-2.2573
-2.3059
-2.3716
-2.4557
-2.5468
-2.6491
-2.7574
-2.8747
-3.0084
-3.1672
-3.3324
-3.4885
-3.637
-3.7853
-3.915
-4.0398
-4.1613
-4.2753
-4.39
-4.4877
-4.5835
-4.6807
-4.759
-4.8106
-4.8383
-4.842
-4.8272
-4.7952
-4.7555
-4.706
-4.6459
-4.5639
-4.4541
-4.3344
-4.193
-4.0327
-3.8659
-3.6916
-3.5147
-3.3232
-3.129
-2.9347
-2.7378
-2.5416
-2.3496
-2.1657
-2.0034
-1.8497
-1.7142
-1.5903
-1.4786
-1.3755
-1.307
-1.2709
-1.2628
-1.2792
-1.3306
-1.4047
-1.5075
-1.6209
-1.7598
-1.9137
-2.0891
-2.2747
-2.4697
-2.6858
-2.9022
-3.1059
-3.3043
-3.4988
-3.6908
-3.8735
-4.0527
-4.224
-4.3764
-4.5081
-4.6146
-4.7045
-4.7695
-4.796
-4.8035
-4.7918
-4.7551
-4.7007
-4.6205
-4.5227
-4.4028
-4.261
-4.1064
-3.9423
-3.7709
-3.5822
-3.3874
-3.1895
-2.9856
-2.7883
-2.5924
-2.4097
-2.2399
-2.0714
-1.9273
-1.7945
-1.681
-1.5813
-1.4946
-1.4297
-1.378
-1.3464
-1.3437
-1.3589
-1.3853
-1.4174
-1.4604
-1.512
-1.571
-1.6457
-1.7295
-1.8398
-1.9566
-2.0782
-2.2094
-2.3425
-2.4713
-2.5823
-2.6967
-2.8178
-2.9348
-3.0474
-3.1574
-3.265
-3.3617
-3.4477
-3.5373
-3.6165
-3.6948
-3.7547
-3.8004
-3.8462
-3.8752
-3.8999
-3.911
-3.9138
-3.9166
-3.8959
-3.8689
-3.8373
-3.793
-3.7304
-3.6522
-3.5678
-3.4771
-3.3765
-3.2706
-3.1542
-3.0251
-2.8742
-2.7239
-2.569
-2.4114
-2.2602
-2.097
-1.9347
-1.7717
-1.6132
-1.4745
-1.3401
-1.2208
-1.1123
-1.0146
-0.95136
-0.90981
-0.87844
-0.86662
-0.88028
-0.91436
-0.9644
-1.0427
-1.1351
-1.2492
-1.3716
-1.507
-1.6739
-1.8526
-2.048
-2.2481
-2.4557
-2.6761
-2.8831
-3.0927
-3.2982
-3.4893
-3.6618
-3.8146
-3.9573
-4.0855
-4.1901
-4.2689
-4.3241
-4.3529
-4.3465
-4.328
-4.2793
-4.2122
-4.1202
-3.9933
-3.8458
-3.6757
-3.4913
-3.2997
-3.1008
-2.8987
-2.6849
-2.4654
-2.2524
-2.039
-1.8365
-1.6366
-1.4534
-1.2856
-1.145
-1.0188
-0.9147
-0.82664
-0.74729
-0.69049
-0.65589
-0.6508
-0.67833
-0.71506
-0.78306
-0.87544
-0.98643
-1.1069
-1.2305
-1.3662
-1.5013
-1.6342
-1.7692
-1.9094
-2.0613
-2.2183
-2.3616
-2.4989
-2.6267
-2.7389
-2.8457
-2.9496
-3.0352
-3.1153
-3.1751
-3.2233
-3.2737
-3.3039
-3.3162
-3.3216
-3.3175
-3.3131
-3.2913
-3.2627
-3.2266
-3.1854
-3.1306
-3.0589
-2.9881
-2.9182
-2.8484
-2.7745
-2.6959
-2.609
-2.5159
-2.4228
-2.3227
-2.2262
-2.1264
-2.022
-1.9282
-1.8295
-1.7327
-1.6345
-1.5455
-1.4731
-1.3962
-1.3314
-1.2693
-1.2121
-1.1587
-1.1074
-1.0643
-1.0249
-0.99663
-0.97598
-0.98
-1.0031
-1.0378
-1.076
-1.1243
-1.1989
-1.2777
-1.3616
-1.4564
-1.5564
-1.6687
-1.7843
-1.9018
-2.0365
-2.1692
-2.2995
-2.4293
-2.5632
-2.6921
-2.8104
-2.9124
-3.0135
-3.1062
-3.1843
-3.2424
-3.2978
-3.3432
-3.3666
-3.3651
-3.3439
-3.2985
-3.2473
-3.1819
-3.1034
-3.0212
-2.9199
-2.809
-2.6864
-2.5525
-2.4122
-2.2624
-2.1112
-1.964
-1.8157
-1.6675
-1.5243
-1.3999
-1.2841
-1.1738
-1.0848
-1.0144
-0.96172
-0.92047
-0.87957
-0.84488
-0.83453
-0.83232
-0.84557
-0.87868
-0.92049
-0.98651
-1.0514
-1.1336
-1.2303
-1.3331
-1.4307
-1.532
-1.6359
-1.7404
-1.8444
-1.9574
-2.0715
-2.1883
-2.295
-2.3818
-2.4668
-2.5468
-2.6132
-2.6791
-2.7378
-2.7936
-2.8432
-2.8775
-2.9082
-2.9368
-2.9421
-2.9376
-2.9105
-2.8862
-2.8598
-2.8201
-2.7778
-2.727
-2.6732
-2.6055
-2.5314
-2.4575
-2.3721
-2.2856
-2.2034
-2.124
-2.0519
-1.9815
-1.909
-1.8337
-1.7615
-1.6826
-1.5977
-1.5099
-1.4476
-1.3909
-1.3371
-1.2954
-1.2615
-1.2454
-1.2402
-1.2394
-1.2424
-1.2475
-1.2559
-1.2706
-1.2986
-1.346
-1.3947
-1.4551
-1.5188
-1.5924
-1.6629
-1.7293
-1.7996
-1.8811
-1.9602
-2.0371
-2.1146
-2.198
-2.2847
-2.3598
-2.4231
-2.4787
-2.5304
-2.5837
-2.6245
-2.67
-2.7097
-2.7341
-2.7531
-2.7603
-2.7602
-2.7554
-2.7345
-2.7049
-2.6654
-2.6242
-2.572
-2.5125
-2.4487
-2.3807
-2.3073
-2.2281
-2.1545
-2.1015
-2.0541
-2.0039
-1.9474
-1.8807
-1.82
-1.7648
-1.7131
-1.6742
-1.6365
-1.6035
-1.5692
-1.5405
-1.5283
-1.5159
-1.5124
-1.5134
-1.5159
-1.5211
-1.519
-1.5302
-1.5487
-1.5711
-1.6026
-1.629
-1.6601
-1.6945
-1.7261
-1.77
-1.8217
-1.869
-1.9134
-1.9514
-1.994
-2.042
-2.0872
-2.1355
-2.1832
-2.2342
-2.2822
-2.3232
-2.3582
-2.3894
-2.4329
-2.4617
-2.4847
-2.5045
-2.5223
-2.5371
-2.5515
-2.5716
-2.5799
-2.5764
-2.5664
-2.5469
-2.5314
-2.5042
-2.4584
-2.3971
-2.3391
-2.2825
-2.223
-2.163
-2.1087
-2.0618
-2.0092
-1.9577
-1.9013
-1.8546
-1.8083
-1.7585
-1.7164
-1.6772
-1.6469
-1.6232
-1.6042
-1.5997
-1.5989
-1.6081
-1.6163
-1.6272
-1.6528
-1.6759
-1.7051
-1.7379
-1.7779
-1.825
-1.8683
-1.9186
-1.9714
-2.0254
-2.08
-2.1272
-2.1683
-2.21
-2.2391
-2.2712
-2.3005
-2.3295
-2.3563
-2.3793
-2.3985
-2.4106
-2.4122
-2.3933
-2.3676
-2.3418
-2.3133
-2.2875
-2.2649
-2.2515
-2.2439
-2.2343
-2.2262
-2.2006
-2.1751
-2.136
-2.0986
-2.0668
-2.0408
-2.0239
-2.0122
-2.007
-2.0032
-1.9998
-1.9929
-1.9806
-1.9698
-1.9712
-1.9726
-1.9739
-1.9772
-1.9778
-1.9901
-2.0005
-2.0132
-2.0248
-2.0306
-2.0423
-2.0411
-2.0423
-2.0437
-2.0457
-2.0557
-2.0673
-2.0806
-2.0811
-2.0774
-2.0724
-2.0696
-2.0735
-2.0743
-2.0757
-2.0801
-2.0807
-2.089
-2.0919
-2.0913
-2.0975
-2.1034
-2.115
-2.1345
-2.155
-2.1795
-2.199
-2.2168
-2.2237
-2.2217
-2.2119
-2.2021
-2.2009
-2.1978
-2.2108
-2.2121
-2.2115
-2.2076
-2.1964
-2.1877
-2.1748
-2.1595
-2.1493
-2.134
-2.1257
-2.1085
-2.094
-2.0795
-2.0641
-2.0509
-2.036
-2.0262
-2.0197
-2.0134
-2.0197
-2.0243
-2.0256
-2.0262
-2.0273
-2.0373
-2.0504
-2.064
-2.081
-2.0925
-2.1182
-2.1411
-2.1703
-2.1922
-2.2142
-2.2366
-2.2502
-2.2722
-2.2893
-2.3076
-2.3205
-2.3228
-2.3248
-2.3122
-2.2959
-2.2787
-2.2561
-2.2393
-2.228
-2.2221
-2.2132
-2.203
-2.1885
-2.1599
-2.1244
-2.085
-2.0475
-2.0208
-1.9899
-1.9638
-1.9412
-1.9241
-1.91
-1.8951
-1.8842
-1.8635
-1.8497
-1.8404
-1.8433
-1.8558
-1.8667
-1.8863
-1.9011
-1.917
-1.9395
-1.9586
-1.9901
-2.0136
-2.0494
-2.079
-2.104
-2.1228
-2.1432
-2.1742
-2.2115
-2.2432
-2.2665
-2.2825
-2.2912
-2.3005
-2.3094
-2.324
-2.3332
-2.3439
-2.353
-2.3598
-2.3558
-2.348
-2.3447
-2.3466
-2.3588
-2.3605
-2.3545
-2.3476
-2.3319
-2.321
-2.3024
-2.2784
-2.252
-2.2226
-2.1952
-2.1705
-2.1562
-2.1312
-2.1123
-2.0989
-2.0798
-2.0515
-2.019
-1.9879
-1.9595
-1.9369
-1.9152
-1.8886
-1.8606
-1.8352
-1.8146
-1.7964
-1.7825
-1.7686
-1.7616
-1.759
-1.7636
-1.7639
-1.7691
-1.7799
-1.7988
-1.8187
-1.8436
-1.8831
-1.9208
-1.9579
-1.9878
-2.0288
-2.0777
-2.1224
-2.1702
-2.2134
-2.2679
-2.3189
-2.3694
-2.418
-2.454
-2.4812
-2.4982
-2.5158
-2.5286
-2.5452
-2.567
-2.5874
-2.6154
-2.6277
-2.6304
-2.6204
-2.5968
-2.5761
-2.5487
-2.5111
-2.47
-2.4227
-2.3781
-2.3357
-2.2966
-2.2471
-2.1952
-2.1421
-2.0855
-2.0294
-1.9715
-1.9169
-1.8719
-1.8319
-1.7967
-1.7587
-1.7258
-1.6912
-1.6708
-1.6511
-1.6328
-1.6172
-1.6044
-1.6033
-1.6116
-1.6306
-1.6516
-1.675
-1.7051
-1.7368
-1.7747
-1.8047
-1.8379
-1.8821
-1.9341
-1.9889
-2.042
-2.0897
-2.1375
-2.186
-2.239
-2.2911
-2.3454
-2.4002
-2.4524
-2.5044
-2.5515
-2.5972
-2.6303
-2.6539
-2.6706
-2.6794
-2.6885
-2.6923
-2.7048
-2.7155
-2.7288
-2.7335
-2.725
-2.7137
-2.6881
-2.6645
-2.6318
-2.5933
-2.5478
-2.5031
-2.4541
-2.4028
-2.3563
-2.3102
-2.2577
-2.2052
-2.1457
-2.0813
-2.014
-1.9536
-1.8947
-1.844
-1.7938
-1.7488
-1.7019
-1.6571
-1.6141
-1.5814
-1.5489
-1.5269
-1.5072
-1.5017
-1.5022
-1.5063
-1.5227
-1.5461
-1.5839
-1.6231
-1.6688
-1.711
-1.745
-1.7858
-1.8222
-1.8788
-1.9513
-2.0274
-2.1089
-2.1916
-2.2703
-2.3453
-2.4193
-2.4805
-2.5433
-2.5933
-2.6458
-2.7001
-2.7429
-2.7868
-2.8228
-2.8544
-2.8759
-2.8898
-2.8843
-2.8766
-2.8652
-2.8542
-2.8365
-2.8113
-2.7731
-2.7253
-2.6717
-2.6173
-2.5629
-2.5023
-2.4353
-2.3648
-2.2987
-2.2269
-2.1526
-2.0827
-2.0105
-1.946
-1.8858
-1.8261
-1.7569
-1.6916
-1.6283
-1.5776
-1.5346
-1.4902
-1.4491
-1.4132
-1.3857
-1.3702
-1.3624
-1.3591
-1.3595
-1.3738
-1.3952
-1.4316
-1.4682
-1.515
-1.5751
-1.6361
-1.6847
-1.7267
-1.7732
-1.833
-1.9106
-1.9933
-2.0761
-2.1585
-2.2373
-2.3171
-2.4
-2.4751
-2.5416
-2.6004
-2.6539
-2.7047
-2.7584
-2.8063
-2.8479
-2.8857
-2.9129
-2.9373
-2.9469
-2.9436
-2.935
-2.9146
-2.8949
-2.866
-2.8267
-2.7751
-2.726
-2.6702
-2.6106
-2.5443
-2.4662
-2.3862
-2.296
-2.2072
-2.1146
-2.0273
-1.9455
-1.8737
-1.8039
-1.7302
-1.655
-1.5746
-1.4903
-1.4078
-1.3346
-1.2727
-1.2205
-1.1816
-1.1584
-1.152
-1.159
-1.1679
-1.1789
-1.1905
-1.2065
-1.2291
-1.2636
-1.3152
-1.3707
-1.4403
-1.5108
-1.5934
-1.6767
-1.7537
-1.8289
-1.9003
-1.979
-2.0635
-2.1548
-2.2462
-2.3305
-2.4073
-2.4811
-2.552
-2.6112
-2.669
-2.7186
-2.7638
-2.8037
-2.8402
-2.8717
-2.8934
-2.909
-2.9198
-2.9182
-2.9014
-2.8753
-2.8365
-2.7993
-2.7638
-2.7192
-2.6671
-2.6079
-2.5399
-2.4699
-2.392
-2.3079
-2.2168
-2.125
-2.0383
-1.9626
-1.8846
-1.8094
-1.733
-1.662
-1.5893
-1.5073
-1.4133
-1.3203
-1.2328
-1.1712
-1.1243
-1.0972
-1.0715
-1.055
-1.0452
-1.0422
-1.0472
-1.0518
-1.0684
-1.0935
-1.1358
-1.1881
-1.2472
-1.314
-1.3932
-1.4874
-1.5853
-1.6877
-1.7783
-1.8685
-1.9545
-2.0498
-2.1505
-2.2498
-2.3505
-2.4474
-2.5367
-2.6225
-2.7003
-2.7652
-2.8221
-2.8745
-2.919
-2.9574
-2.9779
-2.991
-2.9991
-3.0047
-3.007
-2.9965
-2.9627
-2.9111
-2.8481
-2.7775
-2.7033
-2.6254
-2.5419
-2.4612
-2.3763
-2.2913
-2.2079
-2.1221
-2.0358
-1.9468
-1.8537
-1.7551
-1.6582
-1.5603
-1.4733
-1.3949
-1.3276
-1.2652
-1.2009
-1.1422
-1.0856
-1.0416
-1.0086
-0.98552
-0.97106
-0.96658
-0.97389
-0.98768
-1.0099
-1.0366
-1.0726
-1.1192
-1.1704
-1.2234
-1.282
-1.3554
-1.4414
-1.5399
-1.6401
-1.7385
-1.829
-1.9136
-1.9996
-2.0863
-2.1789
-2.2777
-2.3776
-2.4701
-2.5493
-2.6229
-2.6891
-2.7515
-2.806
-2.8504
-2.8922
-2.9309
-2.9652
-2.992
-3.0118
-3.0191
-3.0165
-2.9912
-2.944
-2.8791
-2.8057
-2.7385
-2.6761
-2.6115
-2.5374
-2.4545
-2.3583
-2.2611
-2.1623
-2.0554
-1.9488
-1.8351
-1.723
-1.6116
-1.5087
-1.4105
-1.3222
-1.2386
-1.1593
-1.086
-1.0117
-0.94616
-0.88857
-0.84586
-0.82057
-0.80695
-0.80084
-0.80063
-0.81463
-0.84122
-0.88137
-0.9276
-0.97415
-1.0224
-1.0806
-1.1538
-1.2378
-1.3346
-1.4393
-1.5516
-1.6591
-1.76
-1.8609
-1.9507
-2.0435
-2.1364
-2.227
-2.314
-2.3964
-2.4747
-2.5482
-2.6256
-2.6987
-2.7717
-2.8261
-2.8637
-2.8849
-2.9019
-2.9188
-2.9259
-2.9171
-2.8985
-2.8802
-2.8507
-2.81
-2.7509
-2.6853
-2.6186
-2.5491
-2.4751
-2.3886
-2.2964
-2.2044
-2.1167
-2.0204
-1.9154
-1.8018
-1.6816
-1.5735
-1.4675
-1.3721
-1.2782
-1.1912
-1.1088
-1.0302
-0.95809
-0.88872
-0.82209
-0.76179
-0.71543
-0.68322
-0.66783
-0.65872
-0.65809
-0.67634
-0.70801
-0.74997
-0.78556
-0.82219
-0.86702
-0.92567
-1.0049
-1.1046
-1.2161
-1.3291
-1.4521
-1.5713
-1.6894
-1.7918
-1.8802
-1.972
-2.0658
-2.1645
-2.2694
-2.3753
-2.4752
-2.5735
-2.6569
-2.7323
-2.7891
-2.8224
-2.8447
-2.8574
-2.87
-2.8814
-2.8855
-2.8755
-2.8526
-2.8163
-2.7724
-2.7163
-2.6441
-2.5669
-2.4836
-2.3999
-2.3104
-2.2157
-2.1204
-2.0224
-1.9233
-1.8239
-1.7146
-1.5977
-1.4787
-1.3635
-1.2577
-1.1636
-1.0795
-1.0067
-0.93834
-0.86936
-0.8074
-0.74571
-0.68926
-0.63985
-0.60417
-0.57929
-0.56125
-0.55409
-0.56211
-0.57726
-0.60837
-0.64447
-0.69072
-0.75035
-0.81505
-0.88115
-0.95312
-1.0354
-1.1278
-1.2286
-1.3266
-1.4249
-1.5225
-1.6247
-1.7274
-1.8271
-1.9283
-2.0232
-2.1184
-2.2189
-2.3171
-2.4087
-2.4912
-2.5607
-2.6195
-2.6651
-2.696
-2.7191
-2.7326
-2.746
-2.7607
-2.7639
-2.7534
-2.7254
-2.6864
-2.6391
-2.5827
-2.5117
-2.4291
-2.3367
-2.2492
-2.1672
-2.0801
-1.9841
-1.8777
-1.7636
-1.6457
-1.5239
-1.3998
-1.2741
-1.1593
-1.0609
-0.98216
-0.90978
-0.84725
-0.77464
-0.69894
-0.63627
-0.57414
-0.51373
-0.46454
-0.42814
-0.41135
-0.4183
-0.43665
-0.46794
-0.49619
-0.53171
-0.58481
-0.6488
-0.71355
-0.77501
-0.84292
-0.92587
-1.0304
-1.1378
-1.2472
-1.3518
-1.4585
-1.571
-1.6849
-1.7945
-1.8943
-1.9936
-2.0891
-2.1882
-2.2857
-2.3782
-2.4567
-2.5235
-2.578
-2.6216
-2.6536
-2.6776
-2.6925
-2.6971
-2.7007
-2.6997
-2.6879
-2.6541
-2.6055
-2.5534
-2.498
-2.4345
-2.3604
-2.2721
-2.1748
-2.0749
-1.9798
-1.8767
-1.769
-1.6535
-1.5435
-1.4343
-1.3326
-1.2327
-1.1391
-1.0462
-0.95276
-0.86295
-0.77945
-0.70038
-0.62249
-0.55804
-0.50582
-0.46347
-0.4255
-0.39631
-0.3821
-0.37992
-0.39895
-0.42197
-0.44816
-0.47547
-0.51272
-0.55706
-0.61472
-0.67783
-0.75294
-0.83334
-0.92434
-1.0234
-1.1225
-1.2202
-1.32
-1.4282
-1.5363
-1.6438
-1.7465
-1.8469
-1.945
-2.044
-2.1406
-2.2326
-2.318
-2.3895
-2.4502
-2.4954
-2.5309
-2.5579
-2.5846
-2.6035
-2.6174
-2.6246
-2.6288
-2.6188
-2.594
-2.5567
-2.5032
-2.4295
-2.3445
-2.2539
-2.1589
-2.0669
-1.9851
-1.905
-1.8147
-1.7103
-1.6011
-1.4846
-1.365
-1.2488
-1.1355
-1.0361
-0.93836
-0.85256
-0.76892
-0.68745
-0.60566
-0.53371
-0.47166
-0.42175
-0.38098
-0.34902
-0.32689
-0.31041
-0.31038
-0.3213
-0.34389
-0.37894
-0.42165
-0.46153
-0.50921
-0.56384
-0.63458
-0.71522
-0.79686
-0.88688
-0.97898
-1.0794
-1.1869
-1.2997
-1.4029
-1.5079
-1.6105
-1.7155
-1.8143
-1.9107
-1.9951
-2.0769
-2.1548
-2.23
-2.2962
-2.3502
-2.4001
-2.4475
-2.4922
-2.5285
-2.5543
-2.5599
-2.5478
-2.5193
-2.4914
-2.4564
-2.407
-2.3459
-2.2825
-2.2143
-2.1425
-2.0573
-1.9651
-1.8647
-1.7628
-1.6698
-1.5717
-1.4613
-1.3422
-1.2262
-1.1126
-1.0096
-0.91088
-0.81642
-0.7225
-0.63796
-0.56282
-0.49522
-0.43163
-0.37646
-0.32471
-0.28126
-0.25407
-0.24012
-0.23881
-0.23913
