0.211
0.3274
0.2498
0.2498
0.3274
0.2498
0.211
0.1722
0.2498
0.2498
0.211
0.1722
0.2498
0.2886
0.3274
0.2886
0.3274
0.2886
0.2886
0.2886
0.2498
0.2498
0.2886
0.2886
0.2886
0.2886
0.2886
0.2498
0.3274
0.1722
0.1722
0.2886
0.3274
0.2886
0.2886
0.2886
0.2886
0.2498
0.3274
0.3274
0.2886
0.2886
0.3274
0.2886
0.2498
0.2886
0.2886
0.2498
0.2498
0.2498
0.2498
0.2498
0.2498
0.2498
0.3274
0.3274
0.2498
0.2498
0.1722
0.1334
0.211
0.2886
0.2886
0.2886
0.2886
0.2886
0.2886
0.211
0.2886
0.2886
0.2886
0.2886
0.2498
0.3274
0.2886
0.3274
0.2886
0.1334
0.2886
0.2886
0.1334
0.211
0.3274
0.2886
0.3274
0.3274
0.2886
0.2886
0.3274
0.1334
0.2886
0.1334
0.1722
0.211
0.2886
0.1334
0.2886
0.2886
0.2886
0.2498
0.211
0.211
0.1722
0.3274
0.2886
0.2498
0.211
0.3274
0.1334
0.2498
0.211
0.1334
0.3274
0.2498
0.3274
0.2886
0.3274
0.2498
0.0946
0.2498
0.1722
0.1722
0.2498
0.3274
0.2886
0.3274
0.3274
0.2886
0.2498
0.2886
0.3274
0.211
0.211
0.3274
0.3274
0.211
0.3274
0.211
0.1722
0.3274
0.2498
0.2498
0.1722
0.211
0.2498
0.1722
0.2886
0.2886
0.2498
0.3274
0.3274
0.2886
0.3274
0.2498
0.3274
0.3274
0.2886
0.3274
0.2498
0.211
0.2498
0.3274
0.3274
0.2498
0.2498
0.2886
0.2886
0.2498
0.2886
0.2886
0.3274
0.3274
0.2498
0.1722
0.2886
0.3274
0.3274
0.2886
0.1722
0.2886
0.2886
0.3274
0.3274
0.3274
0.3274
0.2886
0.2886
0.2498
0.1722
0.1334
0.1334
0.1334
0.1722
0.211
0.2498
0.2886
0.2498
0.2498
0.2886
0.2886
0.2498
0.211
0.1722
0.2886
0.2498
0.2498
0.211
0.211
0.2498
0.2498
0.1722
0.2498
0.1334
0.2498
0.3274
0.2498
0.1334
0.2498
0.2886
0.2886
0.2886
0.3274
0.3274
0.3274
0.2886
0.3274
0.2886
0.3274
0.2886
0.3274
0.2498
0.2886
0.2498
0.2886
0.2886
0.2886
0.2886
0.211
0.211
0.211
0.2886
0.2498
0.3274
0.2886
0.3274
0.2886
0.2886
0.3662
0.2886
0.3274
0.3274
0.3274
0.3274
0.3274
0.2886
0.3274
0.3274
0.3274
0.2886
0.2498
0.211
0.2498
0.2498
0.1334
0.1722
0.2886
0.3274
0.3274
0.2886
0.2498
0.2886
0.1334
0.1334
0.1334
0.2498
0.1722
0.1334
0.1722
0.2886
0.3274
0.3274
0.2886
0.2886
0.2886
0.2886
0.1722
0.2498
0.2886
0.2886
0.3274
0.2886
0.2886
0.2498
0.1334
0.2498
0.2498
0.2498
0.211
0.1722
0.2886
0.1722
0.211
0.2498
0.1334
0.2886
0.211
0.2886
0.2886
0.211
0.2498
0.2498
0.2498
0.2498
0.1334
0.2498
0.3274
0.1722
0.1722
0.2498
0.2498
0.1722
0.3274
0.3662
0.3274
0.2886
0.2886
0.2886
0.211
0.1722
0.3274
0.2886
0.3274
0.2498
0.2886
0.2886
0.3274
0.3274
0.3274
0.3274
0.3274
0.3274
0.3274
0.2886
0.3274
0.211
0.2886
0.2886
0.2886
0.2886
0.3274
0.2886
0.3274
0.3274
0.3274
0.2886
0.3274
0.1722
0.2498
0.2498
0.1334
0.1334
0.3274
0.1722
0.2886
0.3274
0.211
0.2498
0.2498
0.3274
0.3274
0.2498
0.2886
0.2886
0.2886
0.2886
0.2886
0.2498
0.2886
0.2498
0.2886
0.3274
0.3274
0.1334
0.1722
0.2886
0.211
0.2498
0.3274
0.1722
0.2498
0.2886
0.1722
0.2886
0.1722
0.3274
0.2886
0.0946
0.2886
0.2498
0.2886
0.3274
0.211
0.1334
0.3274
0.1722
0.2886
0.1722
0.2886
0.2886
0.3274
0.2886
0.2886
0.2886
0.2886
0.2886
0.2886
0.3274
0.2886
0.2886
0.2886
0.3274
0.2498
0.2886
0.2886
0.3274
0.3274
0.3274
0.3274
0.3274
0.3274
0.1722
0.2886
0.211
0.2498
0.211
0.1334
0.211
0.2498
0.2886
0.3274
0.2886
0.2886
0.2886
0.1334
0.2886
0.2498
0.2886
0.2886
0.3274
0.2886
0.211
0.1334
0.3274
0.2886
0.3274
0.2498
0.211
0.2498
0.3274
0.211
0.2498
0.3274
0.3274
0.3274
0.2498
0.1334
0.3274
0.2498
0.2498
0.1722
0.1334
0.3274
0.1334
0.1722
0.1722
0.211
0.2498
0.2886
0.2498
0.2886
0.2498
0.2498
0.2886
0.211
0.1722
0.3274
0.3274
0.3274
0.2886
0.1722
0.1334
0.1722
0.211
0.2886
0.2498
0.2886
0.2886
0.2498
0.2498
0.3274
0.2498
0.1722
0.2886
0.2498
0.2886
0.2886
0.3274
0.2886
0.2886
0.3274
0.2886
0.3274
0.211
0.2886
0.1722
0.3274
0.1334
0.211
0.2498
0.2886
0.3274
0.3274
0.3274
0.2886
0.3274
0.2886
0.2886
0.2498
0.3274
0.2886
0.2886
0.2498
0.211
0.3274
0.3274
0.2886
0.1722
0.1722
0.2886
0.2498
0.2498
0.3274
0.211
0.1334
0.2498
0.3274
0.2886
0.2498
0.2886
0.3274
0.3274
0.2498
0.3274
0.2886
0.3274
0.2886
0.2886
0.2886
0.2498
0.2886
0.2886
0.2498
0.3274
0.2886
0.1722
0.3274
0.2498
0.3274
0.3274
0.2498
0.2886
0.2886
0.2498
0.2886
0.1334
0.3274
0.3274
0.3274
0.3274
0.3274
0.2886
0.2886
0.3274
0.3274
0.2886
0.2886
0.3274
0.3274
0.2886
0.2886
0.3274
0.2886
0.3274
0.3274
0.2886
0.3274
0.3274
0.2886
0.2886
0.2886
0.2498
0.2886
0.3274
0.3274
0.2886
0.2886
0.2886
0.2886
0.2886
0.2886
0.2886
0.3274
0.3274
0.3274
0.2886
0.2886
0.2886
0.2886
0.2498
0.2886
0.2886
0.3274
0.2886
0.3274
0.2886
0.2886
0.2886
0.2886
0.2886
0.2498
0.2498
0.3274
0.211
0.211
0.3274
0.3274
0.3274
0.2886
0.3274
0.3274
0.2886
0.3274
0.3274
0.1722
0.2498
0.1334
0.2498
0.3274
0.2498
0.2498
0.3274
0.2886
0.211
0.2498
0.2498
0.3274
0.2498
0.2886
0.2886
0.2498
0.3274
0.2498
0.2886
0.3274
0.2886
0.2886
0.3274
0.2886
0.1334
0.2886
0.1722
0.2886
0.3274
0.3274
0.3274
0.3274
0.3274
0.2498
0.2886
0.3274
0.2886
0.2498
0.3274
0.2886
0.3274
0.2498
0.2886
0.3274
0.211
0.2886
0.2498
0.3274
0.2498
0.2498
0.2498
0.2886
0.2886
0.1334
0.2886
0.3274
0.3274
0.3274
0.2498
0.2498
0.1722
0.2498
0.1722
0.211
0.3274
0.1722
0.3274
0.4438
0.4826
0.405
0.4438
0.4438
0.405
0.4826
0.5602
0.4826
0.4438
0.5602
0.4826
0.7154
0.7542
0.8706
0.7542
0.793
0.8706
0.8318
0.8706
0.9094
0.8706
0.9094
1.0258
0.9482
1.1422
1.181
1.2198
1.3362
1.4526
1.4138
1.4526
1.4914
1.5302
1.6466
1.7242
1.6466
1.957
1.957
2.345
2.3062
2.6554
2.5778
2.6166
2.733
2.8882
2.8494
2.927
2.8882
3.0822
3.0822
3.1598
3.121
3.1598
3.2374
3.4702
3.703
3.7418
4.0522
4.0134
4.285
4.285
4.285
4.3238
4.5178
4.8282
4.9058
5.1774
5.2938
5.6042
5.6818
5.9922
5.9146
6.1086
6.1086
6.225
6.3802
6.1862
6.6518
6.6518
6.9622
7.1174
7.2338
7.5054
7.5054
7.7382
7.6994
7.8934
7.6994
8.0874
7.9322
8.165
7.8934
8.2426
8.0874
8.6306
8.553
8.8634
8.9022
9.1738
9.0574
9.2126
9.4066
9.4842
9.6006
9.6006
9.6394
9.4842
9.8722
10.027
10.454
10.299
10.842
10.648
11.114
10.803
11.114
11.114
11.114
11.308
11.114
11.541
11.541
12.2
12.006
12.355
12.239
12.472
12.355
12.666
12.705
12.782
12.549
12.705
12.705
12.937
12.937
13.481
13.248
13.83
13.403
13.946
13.752
13.946
13.869
14.179
13.907
14.295
13.985
14.567
14.606
14.877
14.839
15.227
14.916
15.382
15.11
15.498
15.304
15.576
15.421
15.847
15.459
16.119
15.847
16.429
16.158
16.585
16.391
16.934
16.507
16.973
16.585
17.089
16.895
16.934
17.128
17.361
17.555
17.904
17.826
17.981
17.865
18.214
17.865
18.486
17.943
18.447
18.059
18.369
18.253
18.68
18.641
18.835
19.068
18.99
19.417
19.029
19.378
19.068
19.495
19.301
19.572
19.145
19.766
19.533
19.999
19.572
20.115
20.038
20.232
20.115
20.193
20.115
20.193
20.309
20.115
20.426
20.193
20.503
20.426
20.542
20.426
20.503
20.426
20.232
20.426
20.503
20.271
20.542
20.271
20.503
20.077
20.426
20.077
20.271
20.426
20.426
20.271
20.115
20.503
20.232
20.232
19.999
20.154
19.999
20.038
19.921
20.077
19.805
19.844
19.689
19.766
19.921
19.456
19.766
19.378
19.456
19.301
19.339
19.184
19.456
19.417
19.184
19.223
19.068
19.339
18.951
19.339
18.913
18.99
18.68
18.835
18.602
18.757
18.951
18.757
18.835
18.408
18.68
18.292
18.563
18.331
18.563
18.486
18.292
18.369
18.292
18.253
18.408
18.369
18.137
18.292
18.214
18.331
18.059
18.331
18.098
18.214
17.787
17.981
17.749
17.981
17.943
18.098
17.787
17.943
17.749
17.671
17.632
17.71
17.71
17.399
17.555
17.555
17.671
17.322
17.632
17.283
17.477
17.244
17.361
17.322
17.205
17.128
17.244
17.05
17.128
17.167
17.089
17.089
17.011
17.167
16.934
16.817
16.856
16.817
16.779
16.74
16.779
16.895
16.507
16.779
16.585
16.817
16.585
16.779
16.429
16.701
16.352
16.585
16.197
16.468
16.235
16.391
16.119
16.468
16.08
16.197
16.119
16.235
16.003
15.886
15.925
15.964
15.925
15.615
16.003
15.653
15.847
15.576
15.809
15.576
15.692
15.498
15.847
15.537
15.692
15.537
15.421
15.615
15.265
15.537
15.382
15.421
15.382
15.459
15.188
15.421
15.227
15.459
15.227
15.459
15.188
15.227
15.265
15.227
15.188
15.033
15.11
15.033
15.149
15.071
15.149
15.033
15.071
14.955
15.071
14.683
14.916
14.8
15.071
14.916
15.033
14.8
14.8
14.839
14.877
14.645
14.839
14.567
14.839
14.645
14.8
14.489
14.8
14.451
14.761
14.567
14.8
14.373
14.722
14.528
14.567
14.489
14.761
14.528
14.683
14.451
14.528
14.334
14.567
14.257
14.489
14.334
14.373
14.373
14.373
14.373
14.179
14.334
14.257
14.334
14.257
14.295
14.295
14.334
14.179
14.257
14.024
14.412
14.063
14.334
14.063
14.218
14.063
14.101
14.063
14.063
14.024
14.218
14.101
14.024
14.024
14.101
14.024
13.985
13.946
14.179
14.024
13.985
13.907
13.869
13.985
14.063
13.869
14.063
14.024
13.985
13.985
13.946
14.218
14.024
14.063
14.024
14.101
13.869
13.985
13.869
14.024
13.752
13.985
13.946
13.907
13.985
13.946
13.985
13.869
13.985
13.83
13.946
13.791
13.946
13.713
13.869
13.83
13.869
13.869
13.869
13.907
13.791
13.946
13.713
13.985
13.752
13.752
13.597
13.713
13.481
13.791
13.597
13.791
13.597
13.636
13.481
13.636
13.481
13.83
13.558
13.519
13.248
13.558
13.364
13.597
13.403
13.675
13.442
13.558
13.403
13.597
13.403
13.481
13.248
13.481
13.364
13.442
13.364
13.403
13.442
13.248
13.364
13.287
13.519
13.17
13.442
13.287
13.519
13.325
13.403
13.248
13.364
13.131
13.248
13.325
13.364
13.325
13.248
13.287
13.364
13.287
13.209
13.248
13.209
13.287
13.131
13.325
13.209
13.209
13.015
13.17
13.131
13.209
13.015
13.325
12.976
13.209
13.015
13.17
13.093
13.015
13.054
13.17
13.093
13.093
13.17
12.976
13.131
12.937
13.17
12.976
13.209
12.937
13.209
12.976
13.131
12.976
13.209
13.054
13.248
12.937
13.054
12.821
13.015
12.86
13.248
13.054
13.209
13.054
13.015
12.937
13.209
12.821
13.131
12.899
13.054
12.899
12.976
12.976
13.054
12.937
12.937
12.899
13.093
12.937
13.015
12.821
13.131
12.976
12.937
12.976
13.093
12.937
13.209
12.899
13.015
12.782
12.976
12.899
13.131
12.86
13.093
12.899
13.17
12.821
13.093
12.743
13.054
12.821
12.937
12.937
12.976
12.743
13.054
12.743
12.86
12.899
13.015
12.976
13.015
12.937
13.054
13.054
13.054
13.054
13.015
12.937
12.976
13.093
13.054
13.054
12.976
13.054
12.86
12.976
12.86
13.093
13.015
13.093
13.054
13.093
13.054
13.17
12.976
13.093
12.937
12.976
12.976
12.976
12.821
13.015
12.937
13.17
12.86
13.054
12.937
13.054
12.976
13.131
12.937
13.054
12.899
13.131
12.86
13.015
12.937
13.131
12.86
13.131
12.937
13.131
12.782
13.093
12.899
12.937
12.821
13.015
12.976
12.976
12.937
12.976
12.976
12.86
12.86
12.821
13.093
12.937
12.937
12.976
12.899
12.782
12.976
12.743
12.743
12.627
12.705
12.743
12.899
12.588
12.821
12.705
12.821
12.705
12.86
12.549
12.899
12.743
12.821
12.666
12.899
12.743
12.899
12.743
12.821
12.588
12.743
12.743
12.743
12.549
12.705
12.666
12.782
12.588
12.705
12.627
12.782
12.588
12.782
12.743
12.666
12.627
12.782
12.743
12.743
12.743
12.743
12.782
12.666
12.782
12.743
12.743
12.666
12.705
12.821
12.588
12.705
12.743
12.666
12.743
12.627
12.705
12.588
12.743
12.743
12.705
12.588
12.743
12.627
12.782
12.588
12.821
12.666
12.782
12.588
12.705
12.549
12.627
12.511
12.705
12.627
12.821
12.472
12.743
12.549
12.705
12.627
12.666
12.627
12.821
12.549
12.705
12.588
12.472
12.549
12.433
12.549
12.666
12.666
12.705
12.821
12.588
12.782
12.666
12.899
12.743
12.86
12.821
12.743
12.937
12.627
12.821
12.666
12.86
12.705
12.782
12.782
12.976
12.86
12.976
12.821
12.821
12.782
12.743
12.86
12.743
12.937
12.821
12.937
12.743
12.976
12.782
12.86
12.666
12.627
12.937
12.627
12.821
12.588
12.937
12.666
12.782
12.782
12.743
12.782
12.743
12.86
12.782
12.899
12.666
12.899
12.666
12.899
12.666
12.976
12.743
12.705
12.86
12.821
12.899
12.821
12.821
12.705
12.821
12.666
12.976
12.705
12.821
12.705
12.899
12.782
12.976
12.782
12.899
12.743
12.899
12.627
12.743
12.627
12.743
12.705
12.666
12.627
12.472
12.627
12.472
12.705
12.627
12.549
12.472
12.666
12.549
12.511
12.433
12.588
12.472
12.511
12.511
12.433
12.549
12.511
12.705
12.549
12.588
12.549
12.666
12.588
12.588
12.433
12.472
12.666
12.355
12.743
12.511
12.705
12.549
12.588
12.549
12.743
12.511
12.588
12.511
12.472
12.549
12.433
12.627
12.433
12.549
12.472
12.511
12.511
12.705
12.355
12.588
12.472
12.588
12.627
12.394
12.666
12.394
12.666
12.511
12.511
12.394
12.666
12.588
12.549
12.588
12.511
12.588
12.666
12.394
12.511
12.549
12.433
12.472
12.511
12.588
12.549
12.511
12.433
12.472
12.627
12.549
12.472
12.549
12.666
12.588
12.433
12.433
12.394
12.511
12.705
12.472
12.666
12.627
12.627
12.549
12.511
12.511
12.588
12.511
12.743
12.588
12.549
12.588
12.549
12.627
12.666
12.549
12.549
12.627
12.627
12.472
12.705
12.511
12.705
12.588
12.705
12.588
12.588
12.355
12.666
12.472
12.743
12.743
12.511
12.899
12.549
12.782
12.666
12.976
12.666
12.86
12.743
12.782
12.705
12.899
12.666
12.821
12.666
12.782
12.627
12.782
12.821
12.821
12.743
12.821
12.86
12.705
12.821
12.705
12.782
12.782
12.976
12.705
12.976
12.743
12.821
12.549
12.899
12.743
12.899
12.627
12.976
12.666
12.743
12.782
12.627
12.821
12.705
12.86
12.705
12.821
12.743
12.86
12.588
12.899
12.666
12.782
12.743
12.743
12.743
12.705
12.705
12.705
12.86
12.705
12.899
12.666
12.743
12.627
12.821
12.511
12.705
12.627
12.705
12.666
12.666
12.588
12.511
12.666
12.511
12.705
12.511
12.627
12.549
12.666
12.511
12.666
12.511
12.666
12.433
12.705
12.394
12.666
12.317
12.588
12.433
12.588
12.355
12.588
12.588
12.511
12.627
12.511
12.472
12.472
12.511
12.355
12.588
12.433
12.627
12.511
12.588
12.549
12.394
12.549
12.472
12.743
12.511
12.666
12.511
12.588
12.511
12.511
12.355
12.433
12.394
12.472
12.394
12.511
12.666
12.549
12.588
12.472
12.588
12.394
12.627
12.511
12.549
12.588
12.549
12.588
12.394
12.666
12.394
12.743
12.511
12.511
12.355
12.588
12.549
12.511
12.433
12.588
12.472
12.394
12.705
12.355
12.588
12.511
12.511
12.394
12.666
12.433
12.588
12.549
12.588
12.627
12.549
12.549
12.588
12.588
12.472
12.705
12.472
12.472
12.549
12.588
12.511
12.588
12.588
12.472
12.666
12.472
12.743
12.433
12.666
12.588
12.666
12.472
12.627
12.511
12.666
12.317
12.666
12.549
12.588
12.394
12.549
12.588
12.549
12.666
12.627
12.782
12.627
12.666
12.549
12.743
12.666
12.705
12.666
12.899
12.511
12.821
12.549
12.743
12.705
12.705
12.627
12.782
12.782
12.666
12.937
12.821
12.821
12.705
12.821
12.743
12.937
12.705
12.86
12.743
12.899
12.511
12.899
12.549
12.705
12.743
12.782
12.705
12.588
12.782
12.588
12.821
12.705
12.821
12.743
12.86
12.549
12.782
12.666
12.666
12.549
12.666
12.627
12.705
12.588
12.588
12.627
12.627
12.666
12.588
12.705
12.317
12.472
12.433
12.394
12.588
12.549
12.588
12.588
12.472
12.549
12.627
12.511
12.627
12.511
12.666
12.394
12.549
12.511
12.627
12.743
12.588
12.666
12.472
12.666
12.355
12.743
12.511
12.627
12.588
12.627
12.433
12.627
12.549
12.511
12.627
12.549
12.666
12.433
12.705
12.549
12.666
12.588
12.549
12.355
12.666
12.394
12.666
12.511
12.666
12.472
12.666
12.433
12.588
12.433
12.627
12.433
12.472
12.666
12.549
12.705
12.394
12.627
12.588
12.549
12.433
12.588
12.588
12.588
12.666
12.511
12.743
12.472
12.666
12.511
12.705
12.472
12.627
12.394
12.511
12.433
12.433
12.511
12.511
12.549
12.394
12.549
12.433
12.549
12.472
12.511
12.472
12.549
12.511
12.472
12.627
12.588
12.588
12.627
12.705
12.549
12.627
12.511
12.588
12.549
12.549
12.472
12.743
12.511
12.433
12.549
12.433
12.549
12.511
12.511
12.355
12.588
12.355
12.705
12.705
12.705
12.666
12.705
12.549
12.705
12.627
12.782
12.472
12.782
12.588
12.627
12.549
12.705
12.666
12.743
12.782
12.511
12.705
12.627
12.743
12.627
12.627
12.588
12.705
12.86
12.782
12.821
12.743
12.782
12.549
12.899
12.705
12.937
12.743
12.821
12.511
12.821
12.705
12.782
12.743
12.821
12.666
12.782
12.511
12.588
12.549
12.821
12.627
12.627
12.782
12.705
12.86
12.549
12.743
12.511
12.705
12.549
12.705
12.511
12.666
12.511
12.666
12.394
12.549
12.472
12.588
12.627
12.627
12.666
12.666
12.705
12.549
12.705
12.666
12.743
12.511
12.705
12.588
12.666
12.588
12.743
12.511
12.666
12.549
12.549
12.549
12.433
12.549
12.588
12.588
12.511
12.511
12.394
12.666
12.511
12.627
12.433
12.511
12.394
12.549
12.355
12.433
12.511
12.549
12.472
12.394
12.511
12.472
12.549
12.472
12.588
12.511
12.627
12.433
12.472
12.433
12.588
12.394
12.394
12.433
12.511
12.666
12.472
12.666
12.317
12.588
12.355
12.588
12.317
12.588
12.394
12.394
12.588
12.472
12.472
12.511
12.549
12.472
12.588
12.511
12.549
12.394
12.666
12.317
12.511
12.433
12.511
12.511
12.472
12.511
12.433
12.627
12.433
12.355
12.433
12.588
12.317
12.511
12.394
12.433
12.355
12.511
12.355
12.549
12.472
12.433
12.355
12.355
12.588
12.472
12.549
12.472
12.511
12.472
12.394
12.433
12.472
12.433
12.511
12.278
12.472
12.511
12.511
12.394
12.472
12.743
12.317
12.511
12.355
12.549
12.433
12.588
12.2
12.433
12.278
12.511
12.511
12.317
12.627
12.472
12.511
12.472
12.705
12.317
12.627
12.355
12.588
12.355
12.666
12.549
12.549
12.666
12.627
12.705
12.666
12.743
12.588
12.782
12.588
12.705
12.511
12.666
12.666
12.743
12.549
12.782
12.666
12.666
12.627
12.782
12.549
12.821
12.549
12.743
12.549
12.666
12.627
12.627
12.705
12.743
12.666
12.666
12.705
12.588
12.782
12.705
12.666
12.511
12.549
12.705
12.627
12.666
12.666
12.86
12.588
12.782
12.511
12.627
12.627
12.627
12.627
12.743
12.666
12.666
12.666
12.705
12.549
12.705
12.743
12.666
12.743
12.743
12.549
12.705
12.666
12.627
12.666
12.549
12.705
12.472
12.549
12.472
12.666
12.472
12.666
12.588
12.549
12.666
12.433
12.666
12.472
12.666
12.588
12.627
12.394
12.627
12.433
12.433
12.433
12.549
12.433
12.355
12.627
12.472
12.666
12.394
12.588
12.472
12.511
12.394
12.549
12.549
12.472
12.588
12.394
12.666
12.472
12.627
12.433
12.705
12.355
12.549
12.472
12.627
12.433
12.666
12.355
12.549
12.511
12.355
12.433
12.549
12.472
12.394
12.627
12.472
12.627
12.278
12.588
12.394
12.588
12.511
12.549
12.588
12.433
12.588
12.472
12.588
12.472
12.588
12.355
12.394
12.433
12.511
12.394
12.549
12.588
12.549
12.743
12.317
12.666
12.394
12.549
12.511
12.666
12.511
12.588
12.394
12.433
12.549
12.588
12.511
12.549
12.511
12.511
12.394
12.472
12.549
12.433
12.511
12.472
12.511
12.511
12.511
12.355
12.588
12.394
12.472
12.549
12.549
12.549
12.511
12.666
12.394
12.511
12.394
12.549
12.472
12.511
12.394
12.588
12.472
12.472
12.666
12.511
12.549
12.394
12.588
12.472
12.627
12.317
12.588
12.433
12.588
12.433
12.511
12.666
12.549
12.743
12.472
12.743
12.511
12.782
12.549
12.743
12.549
12.743
12.627
12.743
12.588
12.549
12.666
12.549
12.705
12.588
12.821
12.511
12.743
12.511
12.743
12.433
12.588
12.511
12.549
12.627
12.588
12.511
12.627
12.86
12.627
12.782
12.511
12.743
12.472
12.705
12.666
12.821
12.433
12.743
12.666
12.627
12.666
12.588
12.549
12.666
12.705
12.666
12.627
12.666
12.821
12.743
12.705
12.666
12.782
12.666
12.782
12.511
12.705
12.627
12.743
12.821
12.588
12.588
12.743
12.666
12.472
12.627
12.627
12.666
12.472
12.666
12.394
12.549
12.355
12.549
12.472
12.511
12.472
12.549
12.317
12.472
12.355
12.472
12.511
12.433
12.666
12.355
12.705
12.394
12.472
12.433
12.394
12.472
12.511
12.472
12.355
12.627
12.511
12.588
12.433
12.549
12.433
12.627
12.394
12.549
12.317
12.549
12.472
12.511
12.472
12.549
12.511
12.549
12.549
12.433
12.549
12.433
12.549
12.433
12.511
12.317
12.549
12.666
12.511
12.549
12.588
12.588
12.511
12.705
12.549
12.549
12.394
12.549
12.511
12.549
12.472
12.549
12.355
12.588
12.511
12.472
12.511
12.627
12.549
12.433
12.549
12.433
12.705
12.433
12.705
12.433
12.511
12.394
12.627
12.394
12.472
12.394
12.549
12.549
12.394
12.472
12.666
12.627
12.549
12.627
12.588
12.705
12.472
12.627
12.472
12.549
12.433
12.666
12.355
12.666
12.278
12.511
12.394
12.588
12.588
12.511
12.549
12.588
12.666
12.394
12.666
12.394
12.705
12.394
12.588
12.511
12.433
12.394
12.627
12.511
12.588
12.666
12.511
12.666
12.472
12.588
12.511
12.666
12.472
12.666
12.511
12.511
12.317
12.511
12.549
12.549
12.394
12.511
12.394
12.588
12.666
12.549
12.588
12.511
12.743
12.472
12.666
12.355
12.627
12.394
12.743
12.433
12.666
12.549
12.511
12.472
12.666
12.511
12.627
12.666
12.588
12.666
12.511
12.705
12.666
12.743
12.472
12.705
12.549
12.705
12.588
12.743
12.472
12.705
12.666
12.627
12.821
12.666
12.782
12.743
12.705
12.666
12.821
12.627
12.627
12.666
12.782
12.549
12.821
12.666
12.821
12.588
12.743
12.627
12.666
12.743
12.782
12.782
12.743
12.743
12.743
12.743
12.472
12.627
12.511
12.705
12.472
12.588
12.821
12.588
12.627
12.627
12.821
12.666
12.821
12.472
12.627
12.666
12.899
12.627
12.627
12.549
12.782
12.549
12.743
12.705
12.511
12.627
12.627
12.782
12.511
12.705
12.317
12.666
12.511
12.666
12.472
12.588
12.511
12.511
12.666
12.511
12.666
12.394
12.627
12.549
12.666
12.472
12.627
12.472
12.588
12.355
12.666
12.394
12.627
12.511
12.549
12.511
12.588
12.666
12.549
12.472
12.511
12.627
12.549
12.511
12.472
12.666
12.511
12.511
12.472
12.511
12.394
12.511
12.511
12.472
12.627
12.394
12.627
12.511
12.588
12.394
12.666
12.472
12.666
12.394
12.549
12.511
12.588
12.511
12.511
12.705
12.511
12.627
12.472
12.549
12.472
12.666
12.394
12.588
12.355
12.588
12.472
12.433
12.549
12.549
12.666
12.511
12.743
12.394
12.705
12.549
12.705
12.394
12.511
12.511
12.666
12.355
12.511
12.588
12.627
12.666
12.588
12.627
12.588
12.588
12.588
12.743
12.472
12.743
12.549
12.549
12.472
12.549
12.511
12.588
12.549
12.627
12.472
12.549
12.588
12.511
12.627
12.588
12.666
12.394
12.666
12.511
12.588
12.511
12.588
12.549
12.549
12.433
12.549
12.588
12.588
12.666
12.355
12.743
12.394
12.666
12.355
12.705
12.394
12.627
12.549
12.627
12.666
12.666
12.549
12.627
12.472
12.549
12.705
12.549
12.627
12.588
12.743
12.588
12.588
12.394
12.627
12.472
12.627
12.511
12.666
12.433
12.549
12.666
12.666
12.743
12.588
12.666
12.588
12.588
12.433
12.627
12.549
12.705
12.472
12.588
12.743
12.472
12.821
12.549
12.743
12.511
12.666
12.472
12.549
12.472
12.666
12.433
12.743
12.549
12.627
12.588
12.627
12.705
12.433
12.705
12.433
12.782
12.666
12.821
12.472
12.627
12.666
12.743
12.511
12.666
12.433
12.705
12.549
12.588
12.355
12.511
12.472
12.627
12.666
12.588
12.511
12.743
12.588
12.705
12.705
12.588
12.782
12.627
12.782
12.666
12.705
12.666
12.86
12.627
12.821
12.782
12.627
12.782
12.782
12.937
12.627
12.976
12.743
12.899
12.511
12.899
12.666
12.821
12.705
12.705
12.705
12.86
12.743
12.705
12.782
12.782
12.821
12.666
12.705
12.743
12.899
12.549
12.86
12.549
12.86
12.627
12.705
12.821
12.588
12.899
12.705
12.782
12.511
12.782
12.666
12.743
12.627
12.743
12.743
12.549
12.627
12.549
12.705
12.627
12.86
12.666
12.782
12.666
12.666
12.705
12.782
12.511
12.782
12.549
12.743
12.705
12.743
12.743
12.511
12.588
12.666
12.782
12.511
12.821
12.588
12.705
12.588
12.627
12.433
12.549
12.511
12.588
12.588
12.511
12.588
12.549
12.705
12.355
12.666
12.355
12.549
12.433
12.666
12.472
12.472
12.278
12.433
12.394
12.511
12.355
12.433
12.549
12.355
12.511
12.355
12.433
12.472
12.472
12.472
12.433
12.433
12.433
12.355
12.511
12.355
12.472
12.394
12.355
12.394
12.472
12.433
12.355
12.355
12.433
12.511
12.317
12.588
12.317
12.472
12.317
12.588
12.239
12.472
12.355
12.433
12.472
12.394
12.355
12.355
12.278
12.317
12.549
12.433
12.549
12.394
12.511
12.355
12.511
12.472
12.394
12.511
12.511
12.278
12.394
12.588
12.472
12.433
12.317
12.511
12.511
12.511
12.394
12.355
12.2
12.588
12.355
12.355
12.394
12.433
12.666
12.433
12.549
12.472
12.472
12.433
12.627
12.433
12.511
12.433
12.549
12.355
12.549
12.394
12.239
12.472
12.355
12.433
12.394
12.549
12.433
12.666
12.472
12.511
12.317
12.472
12.394
12.588
12.433
12.511
12.511
12.394
12.472
12.511
12.588
12.394
12.666
12.433
12.588
12.433
12.355
12.472
12.433
12.472
12.472
12.511
12.511
12.433
12.549
12.394
12.588
12.394
12.394
12.627
12.472
12.627
12.511
12.472
12.317
12.472
12.355
12.588
12.394
12.627
12.355
12.433
12.549
12.472
12.588
12.472
12.588
12.433
12.549
12.394
12.433
12.433
12.511
12.433
12.549
12.317
12.549
12.549
12.317
12.705
12.355
12.549
12.317
12.666
12.511
12.511
12.433
12.511
12.355
12.472
12.433
12.472
12.472
12.394
12.588
12.355
12.511
12.278
12.588
12.472
12.666
12.433
12.627
12.239
12.394
12.317
12.511
12.433
12.511
12.355
12.433
12.472
12.394
12.511
12.278
12.588
12.433
12.588
12.355
12.627
12.355
12.511
12.355
12.355
12.472
12.511
12.433
12.627
12.433
12.472
12.549
12.588
12.743
12.394
12.549
12.588
12.627
12.511
12.549
12.549
12.743
12.549
12.588
12.821
12.511
12.743
12.355
12.705
12.511
12.743
12.549
12.511
12.549
12.666
12.588
12.627
12.627
12.627
12.782
12.472
12.705
12.549
12.666
12.549
12.743
12.394
12.666
12.549
12.588
12.666
12.472
12.627
12.511
12.627
12.355
12.627
12.355
12.743
12.394
12.705
12.355
12.627
12.511
12.666
12.588
12.588
12.588
12.355
12.627
12.472
12.666
12.472
12.549
12.355
12.666
12.355
12.549
12.433
12.666
12.394
12.511
12.472
12.433
12.472
12.549
12.511
12.472
12.549
12.511
12.084
12.549
12.2
12.394
12.317
12.394
12.239
12.278
12.355
12.239
12.278
12.394
12.355
12.161
12.317
11.89
11.579
11.23
11.114
10.803
10.493
10.493
10.338
10.027
10.221
9.8722
10.066
9.5618
9.7946
9.4454
9.3678
8.941
8.9798
8.6694
8.553
8.3978
8.4366
8.3978
8.2426
8.2814
8.0874
8.0486
7.8546
7.8158
7.5442
7.4666
7.0786
7.195
7.0786
6.9234
6.8458
6.807
6.5742
6.5354
6.5354
6.4578
6.3414
6.2638
5.9922
6.1086
5.7594
5.7206
5.6042
5.6042
5.2938
5.449
5.2938
5.2938
5.1386
5.0998
5.061
4.7894
4.7894
4.5178
4.4402
4.479
4.3238
4.2074
4.091
4.0522
3.9358
3.9358
3.7806
3.8194
3.8194
3.5866
3.4702
3.3926
3.121
3.2374
3.0434
3.0046
2.7718
2.8494
2.8494
2.539
2.6166
2.4614
2.4226
2.3062
2.345
2.1122
2.0346
2.0734
1.9958
1.9182
1.7242
1.8018
1.8018
1.7242
1.5302
1.569
1.5302
1.375
1.375
1.2198
1.2198
1.2586
1.2198
1.181
0.9482
1.0258
1.1034
1.0646
0.9482
0.8706
0.9094
0.9094
0.8706
0.7154
0.8318
0.6378
0.793
0.7542
0.7542
0.599
0.599
0.6378
0.7154
0.6378
0.5602
0.5602
0.599
0.599
0.4826
0.599
0.599
0.5602
0.4826
0.5602
0.4826
0.4826
0.4826
0.4826
0.4826
0.4438
0.4826
0.405
0.2886
0.3662
0.3274
0.3274
0.3662
0.405
0.2886
0.405
0.405
0.2886
0.3662
0.2886
0.4438
0.3662
0.405
0.2498
0.3662
0.405
0.3662
0.2498
0.3274
0.2886
0.3662
0.3662
0.2498
0.3274
0.2886
0.3662
0.3662
0.3662
0.3274
0.3274
0.2886
0.3274
0.3662
0.3662
0.2498
0.211
0.211
0.405
0.211
0.2886
0.3274
0.3662
0.3274
0.3662
0.3274
0.3662
0.405
0.3274
0.3274
0.3274
0.2886
0.3274
0.2886
0.3662
0.3274
0.3662
0.3662
0.3662
0.3662
0.1722
0.3662
0.211
0.2498
0.211
0.211
0.3662
0.3662
0.3662
0.3662
0.3662
0.3274
0.2498
0.211
0.3662
0.3662
0.3662
0.3274
0.211
0.211
0.211
0.2498
0.2886
0.2886
0.3662
0.3274
0.2886
0.3274
0.3662
0.2886
0.3662
0.2498
0.3662
0.3662
0.3274
0.3662
0.3662
0.3662
0.3662
0.3662
0.3662
0.405
0.2886
0.3662
0.3662
0.3662
0.3662
0.3662
0.3662
0.3662
0.3662
0.3662
0.2498
0.2498
0.3662
0.3274
0.2886
0.3662
0.3274
0.3274
0.2886
0.3662
0.3662
0.2886
0.3274
0.3274
0.2886
0.3662
0.3662
0.3274
0.2498
0.211
0.2886
0.3662
0.2886
0.3274
0.2886
0.3662
0.3662
0.211
0.3274
0.3662
0.3274
0.2886
0.2886
0.2498
0.211
0.211
0.211
0.405
0.2498
0.2498
0.405
0.3662
0.3662
0.2886
0.405
0.3662
0.405
0.3662
0.3662
0.405
0.2498
0.211
0.211
0.211
0.2886
0.3274
0.2498
0.3662
0.1722
0.211
0.2498
0.3274
0.405
0.405
0.3274
0.3662
0.3274
0.3662
0.3662
0.2498
0.3274
0.2498
0.3662
0.405
0.2498
0.211
0.3662
0.3662
0.3662
0.2886
0.211
0.3662
0.3274
0.3662
0.3662
0.2498
0.211
0.2498
0.3662
0.2498
0.2886
0.3662
0.405
0.211
0.3274
0.211
0.405
0.405
0.3662
0.405
0.2886
0.405
0.2886
0.3274
0.211
0.3274
0.405
0.211
0.3662
0.3274
0.405
0.3662
0.3274
0.3662
0.211
0.2498
0.3274
0.2498
0.3662
0.3274
0.211
0.3662
0.3274
0.2498
0.3662
0.211
0.211
0.405
0.2886
0.2498
0.2498
0.2498
0.3662
0.3274
0.211
0.3662
0.3274
0.2498
0.3662
0.3662
0.211
0.3274
0.3662
0.3662
0.2886
0.3274
0.3662
0.3662
0.2886
0.3662
0.2886
0.3274
0.405
0.3662
0.3662
0.405
0.3274
0.211
0.3662
0.3274
0.3662
0.3662
0.3662
0.3662
0.3662
0.3662
0.3662
0.2886
0.2498
0.2886
0.2498
0.405
0.2886
0.3274
0.3274
0.405
0.2886
0.3274
0.2498
0.3274
0.3662
0.405
0.405
0.3662
0.3274
0.3662
0.3662
0.405
0.3662
0.211
0.405
0.3662
0.2886
0.2886
0.2498
0.405
0.405
0.3662
0.3274
0.2498
0.3274
0.3662
0.2498
0.405
0.3662
0.405
0.3662
0.2886
0.2886
0.2886
0.3274
0.211
0.2498
0.2498
0.3662
0.3274
0.3274
0.3274
0.3662
0.3662
0.3274
0.2886
0.2886
0.3274
0.3274
0.2498
0.3662
0.211
0.3662
0.3274
0.2498
0.405
0.405
0.3662
0.2886
0.3662
0.3662
0.405
0.2498
0.2886
0.3662
0.3274
0.405
0.405
0.3274
0.3662
0.405
0.3274
0.3274
0.3274
0.3274
0.3662
0.3274
0.405
0.405
0.405
0.3274
0.405
0.3274
0.405
0.3274
0.3662
0.405
0.3274
0.3662
0.3662
0.3274
0.405
0.3662
0.3662
0.405
0.2886
0.2886
0.3274
0.3662
0.405
0.405
0.211
0.3662
0.405
0.211
0.3662
0.3274
0.3274
0.405
0.3274
0.2886
0.405
0.405
0.3662
0.3274
0.405
0.3662
0.3662
0.211
0.211
0.405
0.405
0.211
0.3662
0.3662
0.405
0.3274
0.405
0.3662
0.3662
0.3274
0.3662
0.405
0.3662
0.2886
0.2498
0.2498
0.405
0.3662
0.211
0.3662
0.405
0.2498
0.2886
0.3662
0.3662
0.3662
0.405
0.405
0.3662
0.3662
0.3274
0.405
0.211
0.405
0.3662
0.3274
0.211
0.3274
0.3274
0.3274
0.211
0.2498
0.3274
0.3662
0.2886
0.405
0.405
0.2886
0.405
0.405
0.2498
0.2886
0.405
0.405
0.2498
0.3662
0.2498
0.3274
0.405
0.3274
0.3274
0.2886
0.3274
0.2498
0.2498
0.3662
0.3274
0.3274
0.405
0.3662
0.3662
0.2886
0.405
0.211
0.3662
0.2498
0.3662
0.2886
0.2498
0.405
0.3274
0.3662
0.2498
0.3662
0.211
0.3274
0.211
0.405
0.2886
0.405
0.405
0.211
0.3662
0.405
0.3662
0.405
0.3274
0.3274
0.405
0.405
0.2886
0.2886
0.2498
0.2498
0.3274
0.3274
0.2498
0.405
0.2886
0.405
0.405
0.2498
0.2498
0.3274
0.2498
0.405
0.2498
0.405
0.2498
0.211
0.405
0.3274
0.405
0.405
0.2886
0.2886
0.2498
0.405
0.2886
0.3274
0.2886
0.3274
0.211
0.2498
0.405
0.3662
0.3274
0.2886
0.2498
0.2886
0.405
0.3274
0.2886
0.2886
0.3662
0.2886
0.2498
0.3662
0.2886
0.3662
0.2886
0.3662
0.3274
0.3274
0.405
0.3662
0.2498
0.3662
0.405
0.405
0.3662
0.4438
0.405
0.405
0.405
0.3274
0.3662
0.3662
0.405
0.405
0.2498
0.405
0.3662
0.2886
0.3274
0.3274
0.405
0.2498
0.2498
0.3662
0.2886
0.2498
0.3274
0.3662
0.3662
0.2886
0.2886
0.405
0.3662
0.405
0.405
0.2498
0.2498
0.2886
0.3662
0.3662
0.3274
0.405
0.3274
0.405
0.405
0.405
0.3662
0.3662
0.211
0.3662
0.2886
0.3274
0.3662
0.405
0.3662
0.2886
0.405
0.3662
0.3274
0.3274
0.405
0.2498
0.3274
0.405
0.3274
0.3274
0.2498
0.2498
0.405
0.211
0.405
0.3662
0.405
0.405
0.405
0.3662
0.211
0.405
0.405
0.3274
0.211
0.3662
0.3662
0.405
0.3274
0.3274
0.3274
0.3274
0.405
0.405
0.2886
0.405
0.3662
0.2498
0.2498
0.2498
0.3274
0.3274
0.3274
0.405
0.405
0.3274
0.405
0.2886
0.2498
0.2498
0.3662
0.3274
0.405
0.2886
0.405
0.2498
0.2498
0.405
0.405
0.2498
0.405
0.3662
0.2498
0.3662
0.3274
0.3274
0.405
0.405
0.405
0.405
0.3662
0.405
0.3662
0.405
0.405
0.3662
0.2498
0.3662
0.2886
0.405
0.2886
0.405
0.405
0.3662
0.405
0.3662
0.2498
0.2498
0.405
0.3662
0.3274
0.3274
0.3662
0.3274
0.3274
0.2886
0.3662
0.405
0.2498
0.2886
0.2498
0.4438
0.405
0.4438
0.2886
0.211
0.405
0.2498
0.211
0.405
0.2886
0.405
0.211
0.405
0.3662
0.405
0.405
0.2498
0.405
0.211
0.3662
0.3662
0.405
0.405
0.3662
0.2498
0.3662
0.2498
0.3662
0.3662
0.405
0.2886
0.3274
0.211
0.405
0.3662
0.405
0.3274
0.3662
0.405
0.405
0.405
0.3662
0.3662
0.2498
0.3274
0.405
0.3662
0.2498
0.3662
0.405
0.405
0.2498
0.4438
0.4438
0.3274
0.405
0.2498
0.3274
0.405
0.2886
0.4438
0.3662
0.2498
0.405
0.2886
0.2886
0.405
0.3274
0.405
0.405
0.2886
0.3662
0.3662
0.3662
0.3274
0.3274
0.3662
0.2498
0.2886
0.2498
0.3274
0.3662
0.211
0.405
0.3274
0.405
0.405
0.3274
0.3274
0.3662
0.2886
0.2886
0.2886
0.3662
0.2498
0.405
0.3662
0.3662
0.3662
0.405
0.3662
0.405
0.405
0.405
0.405
0.3662
0.405
0.405
0.405
0.2886
0.3662
0.3274
0.3274
0.2886
0.2498
0.3274
0.2498
0.3274
0.2498
0.405
0.3274
0.3274
0.405
0.3274
0.2498
0.405
0.405
0.405
0.405
0.405
0.405
0.405
0.405
0.405
0.3662
0.405
0.3662
0.3662
0.3662
0.405
0.405
0.405
0.2886
0.405
0.405
0.405
0.2886
0.3662
0.4438
0.3662
0.2886
0.2886
0.2498
0.405
0.405
0.2886
0.405
0.405
0.3662
0.3274
0.3662
0.405
0.2886
0.4438
0.2498
0.3662
0.405
0.4438
0.3274
0.3274
0.2498
0.2498
0.3662
0.2498
0.3662
0.405
0.3274
0.2498
0.3662
0.2498
0.405
0.405
0.405
0.2886
0.2886
0.3662
0.3274
0.2498
0.2886
0.2498
0.2498
0.3274
0.3274
0.2886
0.2886
0.2886
0.3662
0.3662
0.3662
0.3274
0.405
0.405
0.3662
0.405
0.3274
0.405
0.3662
0.3662
0.3274
0.405
0.4438
0.2498
0.2886
0.3274
0.2886
0.3662
0.405
0.405
0.3274
0.405
0.405
0.405
0.3662
0.405
0.405
0.405
0.3274
0.2498
0.211
0.405
0.405
0.3274
0.3662
0.3662
0.405
0.2498
0.4438
0.2498
0.3662
0.2886
0.405
0.2498
0.3274
0.2886
0.4438
0.4438
0.2498
0.405
0.405
0.2886
0.3662
0.4438
0.3662
0.405
0.4438
0.3274
0.405
0.2498
0.405
0.3274
0.2886
0.4438
0.3274
0.3662
0.3274
0.4438
0.405
0.3662
0.3274
0.405
0.3662
0.3662
0.3662
0.405
0.2886
0.3274
0.405
0.3662
0.405
0.405
0.3662
0.3662
0.2886
0.405
0.3274
0.3274
0.3662
0.405
0.405
0.3662
0.3274
0.3662
0.3662
0.2498
0.3662
0.3662
0.2498
0.405
0.2498
0.405
0.3274
0.405
0.3274
0.3274
0.3662
0.405
0.405
0.405
0.405
0.3662
0.3662
0.3662
0.3662
0.405
0.405
0.2498
0.405
0.211
0.2886
0.2498
0.3662
0.3274
0.405
0.405
0.405
0.405
0.3662
0.405
0.405
0.405
0.3662
0.2886
0.405
0.405
0.2886
0.405
0.3662
0.3662
0.2886
0.3274
0.2498
0.3274
0.2886
0.405
0.3662
0.2886
0.2886
0.2886
0.3274
0.3274
0.3274
0.3274
0.3274
0.3662
0.3274
0.3274
0.2886
0.3662
0.2498
0.3662
0.3274
0.405
0.405
0.3662
0.2886
0.211
0.405
0.3662
0.3274
0.3662
0.3662
0.405
0.405
0.4438
0.3274
0.405
0.2498
0.405
0.3662
0.405
0.3662
0.4438
0.3274
0.2498
0.3274
0.405
0.3662
0.2498
0.3662
0.3662
0.2498
0.405
0.2498
0.405
0.3274
0.3274
0.3274
0.3274
0.405
0.2498
0.3662
0.2886
0.2886
0.2886
0.2886
0.2886
0.2886
0.3662
0.3662
0.3274
0.405
0.3662
0.405
0.3662
0.4438
0.405
0.3274
0.3274
0.2498
0.3662
0.405
0.405
0.2886
0.405
0.2886
0.2886
0.405
0.3662
0.3662
0.3274
0.405
0.405
0.4438
0.3662
0.405
0.3662
0.2886
0.4438
0.3274
0.2498
0.3662
0.3662
0.3274
0.405
0.2498
0.3662
0.405
0.3662
0.3274
0.4438
0.211
0.3662
0.4438
0.2498
0.3662
0.2886
0.405
0.4438
0.3662
0.405
0.3662
0.405
0.3274
0.3662
0.2886
0.405
0.2886
0.405
0.2498
0.3662
0.3662
0.405
0.3274
0.2886
0.3274
0.3662
0.405
0.3662
0.4438
0.3662
0.405
0.4438
0.2886
0.3662
0.3662
0.3662
0.3662
0.3662
0.3662
0.2886
0.2886
0.2498
0.2886
0.3662
0.405
0.3274
0.405
0.3274
0.405
0.405
0.3662
0.405
0.2498
0.405
0.2498
0.3662
0.2886
0.405
0.405
0.3662
0.3662
0.405
0.3274
0.2498
0.2886
0.405
0.3662
0.3662
0.405
0.3662
0.3274
0.4438
0.3662
0.405
0.405
0.405
0.405
0.405
0.405
0.405
0.3662
0.405
0.3274
0.3274
0.3274
0.3274
0.405
0.3274
0.3274
0.405
0.3662
0.3662
0.3274
0.3274
0.3274
0.3274
0.2886
0.2886
0.3274
0.405
0.4438
0.405
0.405
0.3662
0.2886
0.2886
0.3662
0.405
0.2498
0.3274
0.3274
0.3274
0.4438
0.405
0.3662
0.405
0.3662
0.3274
0.405
0.3662
0.2498
0.2498
0.405
0.3662
0.405
0.3274
0.2498
0.2498
0.3274
0.2886
0.3662
0.405
0.2498
0.2498
0.3274
0.3274
0.405
0.405
0.2498
0.3274
0.405
0.2886
0.3662
0.3662
0.3274
0.2498
0.3274
0.2498
0.2498
0.405
0.3662
0.3662
0.3274
0.3662
0.405
0.3274
0.3274
0.2498
0.405
0.3274
0.3662
0.3662
0.405
0.3662
0.4438
0.3662
0.4438
0.405
0.3662
0.2886
0.2498
0.405
0.3274
0.211
0.2498
0.2886
0.3274
0.2498
0.3662
0.405
0.3662
0.2498
0.3662
0.405
0.405
0.2886
0.2498
0.2498
0.211
0.3274
0.2886
0.2498
0.3662
0.405
0.3274
0.405
0.3662
0.3274
0.2498
0.3274
0.2886
0.2498
0.3662
0.3274
0.405
0.405
0.405
0.3274
0.2498
0.2498
0.2498
0.405
0.405
0.405
0.405
0.405
0.405
0.405
0.3662
0.405
0.405
0.3662
0.3662
0.3662
0.405
0.3662
0.405
0.405
0.2498
0.2498
0.3274
0.3274
0.3662
0.3274
0.405
0.2498
0.2498
0.405
0.405
0.405
0.211
0.3662
0.405
0.3662
0.2498
0.405
0.3662
0.405
0.2498
0.3274
0.2886
0.3662
0.2498
0.2886
0.3274
0.2886
0.2886
0.405
0.3662
0.4438
0.405
0.2886
0.2886
0.3274
0.211
0.3662
0.3274
0.2498
0.3274
0.1722
0.3662
0.405
0.405
0.405
0.4438
0.3662
0.3274
0.3274
0.2498
0.3662
0.3662
0.405
0.405
0.3662
0.405
0.2886
0.405
0.405
0.405
0.3274
0.2886
0.3662
0.405
0.3662
0.3662
0.2498
0.405
0.3662
0.3662
0.405
0.405
0.3274
0.3274
0.3274
0.2886
0.2498
0.405
0.3274
0.2498
0.3274
0.3662
0.3274
0.2498
0.3662
0.2886
0.3662
0.2498
0.3274
0.3274
0.2886
0.2498
0.2498
0.3274
0.4438
0.405
0.4438
0.3662
0.3274
0.2498
0.2498
0.405
0.4438
0.405
0.3274
0.2498
0.405
0.405
0.405
0.3662
0.405
0.405
0.3662
0.3662
0.405
0.3274
0.2498
0.405
0.405
0.3662
0.3274
0.3662
0.405
0.3274
0.2498
0.405
0.405
0.3274
0.405
0.405
0.405
0.405
0.405
0.3662
0.2886
0.405
0.3274
0.405
0.3274
0.3662
0.405
0.3274
0.405
0.211
0.405
0.2498
0.2886
0.405
0.3662
0.405
0.2886
0.3662
0.405
0.2886
0.3662
0.405
0.2498
0.3662
0.3662
0.405
0.3662
0.211
0.3274
0.405
0.405
0.3662
0.405
0.405
0.3662
0.2886
0.405
0.405
0.3274
0.3662
0.3274
0.3662
0.405
0.405
0.2498
0.3662
0.3274
0.3662
0.2498
0.3274
0.405
0.3662
0.2886
0.405
0.3662
0.3274
0.3274
0.405
0.2498
0.211
0.405
0.405
0.2886
0.405
0.2886
0.405
0.3274
0.2886
0.3274
0.3274
0.4438
0.405
0.3274
0.3662
0.3662
0.2886
0.3274
0.405
0.2886
0.2498
0.2886
0.3662
0.4438
0.405
0.3662
0.3662
0.2498
0.3274
0.405
0.405
0.3274
0.405
0.3662
0.3662
0.3662
0.3274
0.2498
0.3662
0.405
0.405
0.3274
0.4438
0.405
0.3662
0.3662
0.2498
0.405
0.2886
0.405
0.405
0.3662
0.405
0.405
0.2498
0.405
0.405
0.2498
0.3662
0.2498
0.3274
0.3662
0.405
0.2498
0.2886
0.405
0.2498
0.3662
0.3662
0.2886
0.2498
0.4438
0.2498
0.3662
0.3662
0.2498
0.3662
0.405
0.405
0.405
0.405
0.405
0.3662
0.3662
0.2886
0.3662
0.3662
0.2498
0.2498
0.2886
0.3662
0.2886
0.405
0.2886
0.3662
0.405
0.2498
0.3662
0.3274
0.405
0.405
0.3662
0.3274
0.405
0.405
0.2498
0.405
0.3662
0.2886
0.405
0.3662
0.405
0.405
0.3662
0.405
0.3662
0.405
0.3274
0.3662
0.2886
0.3274
0.2498
0.405
0.3274
0.405
0.3274
0.405
0.3274
0.3662
0.3274
0.3662
0.405
0.405
0.3274
0.405
0.405
0.2498
0.405
0.2886
0.3662
0.2886
0.405
0.3274
0.405
0.2498
0.2498
0.4438
0.2498
0.405
0.405
0.2886
0.405
0.2498
0.405
0.2886
0.2886
0.3662
0.405
0.405
0.2886
0.405
0.2886
0.3662
0.2498
0.405
0.3662
0.2498
0.405
0.405
0.2498
0.4438
0.3662
0.405
0.405
0.3662
0.2886
0.2886
0.2498
0.2498
0.405
0.3662
0.2886
0.3662
0.3662
0.3274
0.3274
0.3274
0.3662
0.405
0.405
0.405
0.405
0.405
0.3274
0.2498
0.405
0.405
0.3662
0.2498
0.2886
0.2886
0.3274
0.3662
0.2498
0.3274
0.2886
0.405
0.3274
0.3274
0.3662
0.3662
0.3274
0.405
0.211
0.405
0.405
0.2886
0.405
0.3274
0.405
0.3274
0.405
0.3662
0.405
0.3662
0.3662
0.3274
0.405
0.2498
0.4438
0.3274
0.2886
0.405
0.2498
0.405
0.3274
0.3662
0.3662
0.405
0.405
0.3274
0.405
0.3274
0.405
0.2498
0.405
0.405
0.3662
0.211
0.405
0.3662
0.405
0.2886
0.2498
0.3662
0.405
0.2498
0.3662
0.405
0.2498
0.3274
0.405
0.3274
0.405
0.405
0.405
0.3274
0.405
0.405
0.405
0.211
0.405
0.405
0.2886
0.3274
0.3662
0.211
0.405
0.2498
0.405
0.405
0.3274
0.405
0.2498
0.3662
0.3662
0.405
0.405
0.3274
0.3662
0.2886
0.405
0.405
0.3274
0.405
0.3274
0.3662
0.405
0.3274
0.3274
0.405
0.3274
0.405
0.405
0.3662
0.405
0.4438
0.3274
0.405
0.2498
0.3662
0.2886
0.3274
0.405
0.3662
0.2498
0.2886
0.3662
0.3662
0.2886
0.2498
0.405
0.3662
0.405
0.2498
0.405
0.2498
0.3662
0.3662
0.2498
0.2886
0.3274
0.3662
0.3662
0.2498
0.405
0.211
0.3662
0.3274
0.4438
0.2498
0.405
0.2498
0.3662
0.3274
0.405
0.405
0.2886
0.405
0.405
0.3274
0.405
0.2498
0.2886
0.405
0.2498
0.405
0.3662
0.3662
0.405
0.2498
0.2886
0.405
0.3274
0.3662
0.405
0.405
0.3274
0.405
0.405
0.3662
0.405
0.405
0.2498
0.405
0.405
0.3274
0.2886
0.405
0.3662
0.3274
0.2498
0.405
0.2886
0.405
0.3662
0.405
0.405
0.2498
0.405
0.405
0.211
0.3662
0.2886
0.3662
0.3274
0.3274
0.405
0.2886
0.3274
0.2498
0.405
0.3274
0.2498
0.405
0.3274
0.405
0.405
0.2498
0.3662
0.3662
0.405
0.405
0.2886
0.405
0.3662
0.2498
0.2886
0.2498
0.405
0.405
0.2498
0.2498
0.3662
0.3662
0.3662
0.3274
0.3662
0.405
0.211
0.3662
0.2498
0.405
0.2498
0.3662
0.405
0.405
0.2498
0.3662
0.405
0.3662
0.2498
0.2498
0.3662
0.3662
0.2886
0.405
0.3662
0.2498
0.4438
0.2886
0.405
0.405
0.405
0.3274
0.3662
0.3662
0.3662
0.4438
0.3662
0.405
0.3274
0.405
0.2886
0.3662
0.405
0.2886
0.2498
0.2886
0.3662
0.405
0.2886
0.405
0.4438
0.2498
0.405
0.3274
0.3662
0.2886
0.2498
0.3662
0.3662
0.405
0.3662
0.405
0.405
0.2498
0.405
0.2886
0.3274
0.3662
0.2886
0.405
0.405
0.211
0.405
0.405
0.2886
0.3662
0.3662
0.405
0.3662
0.3662
0.211
0.405
0.3274
0.3274
0.3662
0.405
0.2498
0.3662
0.3274
0.405
0.3274
0.2498
0.3662
0.3274
0.405
0.405
0.211
0.405
0.3662
0.405
0.405
0.3274
0.4438
0.2886
0.3662
0.2498
0.3274
0.3662
0.3274
0.4438
0.3662
0.2498
0.405
0.3662
0.2498
0.3662
0.2498
0.3662
0.3662
0.2498
0.3662
0.3662
0.3662
0.3662
0.3662
0.2498
0.3274
0.405
0.3662
0.3274
0.3662
0.3662
0.3662
0.405
0.2886
0.3662
0.3274
0.2498
0.405
0.3274
0.3662
0.2498
0.2498
0.2886
0.405
0.2498
0.3662
0.405
0.2498
0.3662
0.3662
0.211
0.405
0.405
0.3662
0.3274
0.3274
0.3274
0.3662
0.2498
0.405
0.3274
0.3274
0.3274
0.3662
0.211
0.3274
0.2886
0.405
0.405
0.3274
0.405
0.405
0.3662
0.3662
0.3662
0.3274
0.405
0.405
0.3662
0.3662
0.3662
0.3662
0.3662
0.3662
0.3274
0.405
0.2886
0.2886
0.405
0.2498
0.3662
0.405
0.3662
0.405
0.405
0.211
0.3662
0.2498
0.405
0.405
0.2886
0.3662
0.3662
0.211
0.405
0.405
0.3662
0.405
0.2498
0.3662
0.405
0.405
0.2886
0.405
0.405
0.3662
0.2498
0.405
0.3662
0.405
0.2498
0.3662
0.405
0.2886
0.3274
0.2498
0.3662
0.3662
0.3274
0.3662
0.3662
0.2498
0.3662
0.3662
0.3274
0.3274
0.3662
0.3274
0.3274
0.3274
0.3662
0.2886
0.405
0.3274
0.405
0.405
0.2886
0.3662
0.405
0.2886
0.3662
0.405
0.405
0.2886
0.3662
0.405
0.3662
0.405
0.3274
0.405
0.2886
0.2886
0.405
0.2498
0.405
0.3662
0.2886
0.3662
0.3662
0.2886
0.211
0.2886
0.3274
0.2498
0.405
0.2886
0.2498
0.3662
0.2498
0.3274
0.405
0.3662
0.3662
0.2498
0.3662
0.3662
0.3274
0.405
0.2886
0.405
0.2886
0.211
0.405
0.2886
0.405
0.3274
0.3274
0.405
0.2498
0.3662
0.2886
0.211
0.3662
0.3274
0.3662
0.2498
0.3662
0.3662
0.3274
0.2886
0.405
0.405
0.2886
0.405
0.3662
0.405
0.2886
0.2886
0.405
0.2498
0.2498
0.4438
0.2886
0.405
0.3662
0.211
0.3274
0.405
0.3274
0.405
0.2498
0.405
0.3662
0.405
0.405
0.405
0.2498
0.2498
0.3274
0.2498
0.211
0.2498
0.211
0.3662
0.2498
0.3662
0.3662
0.3662
0.2886
0.3662
0.3662
0.4438
0.405
0.405
0.3662
0.3662
0.405
0.3274
0.3274
0.2498
0.405
0.211
0.3662
0.3662
0.4438
0.3662
0.3274
0.211
0.211
0.3662
0.3662
0.2886
0.405
0.2886
0.405
0.211
0.405
0.2498
0.3662
0.2886
0.405
0.211
0.211
0.405
0.2498
0.3662
0.2886
0.3662
0.405
0.3662
0.405
0.3662
0.3662
0.2886
0.405
0.2498
0.2886
0.405
0.3274
0.3274
0.3662
0.3662
0.3662
0.3662
0.3274
0.4438
0.2886
0.3274
0.3662
0.2498
0.405
0.405
0.2498
0.2886
0.3274
0.3662
0.3662
0.1722
0.405
0.211
0.405
0.2498
0.3662
0.3274
0.3662
0.2498
0.2886
0.3662
0.405
0.3662
0.3662
0.2886
0.405
0.405
0.2498
0.3662
0.2498
0.3662
0.2498
0.211
0.3662
0.4438
0.3662
0.405
0.3662
0.3662
0.3662
0.3662
0.405
0.3662
0.3662
0.3274
0.3274
0.2886
0.3662
0.2498
0.405
0.405
0.3274
0.405
0.3662
0.3274
0.405
0.3662
0.211
0.3662
0.3662
0.2498
0.3662
0.2498
0.2886
0.3274
0.3274
0.211
0.2498
0.405
0.3274
0.2498
0.3662
0.3662
0.2498
0.2498
0.3662
0.3274
0.3662
0.405
0.3274
0.3662
0.3662
0.2498
0.405
0.405
0.3274
0.405
0.405
0.3274
0.405
0.405
0.211
0.3662
0.2498
0.405
0.405
0.2886
0.3662
0.2498
0.405
0.3274
0.2886
0.211
0.3662
0.405
0.3662
0.2498
0.3274
0.3274
0.405
0.3274
0.3662
0.3662
0.3274
0.2886
0.3274
0.2886
0.3662
0.2886
0.3274
0.2498
0.405
0.405
0.3662
0.2498
0.2498
0.3274
0.3662
0.3662
0.2498
0.405
0.3662
0.3274
0.3662
0.3662
0.2886
0.405
0.4438
0.3274
0.3274
0.405
0.405
0.2886
0.4438
0.4438
0.3274
0.405
0.3662
0.3662
0.405
0.2498
0.3274
0.3274
0.3662
0.3662
0.3274
0.405
0.3274
0.405
0.2886
0.3274
0.3662
0.2886
0.3274
0.3662
0.1722
0.2498
0.1722
0.3274
0.211
0.3662
0.3274
0.405
0.3662
0.405
0.3274
0.2498
0.2498
0.405
0.2498
0.3662
0.3662
0.2886
0.2498
0.3662
0.2498
0.211
0.211
0.2498
0.2498
0.3662
0.3662
0.2498
0.405
0.2498
0.3662
0.211
0.2498
0.3274
0.2498
0.211
0.3274
0.211
0.3274
0.3274
0.211
0.2886
0.3662
0.405
0.3662
0.3274
0.2886
0.3662
0.2498
0.3662
0.3662
0.2498
0.3274
0.405
0.3662
0.2498
0.2498
0.3274
0.3662
0.405
0.405
0.2498
0.2498
0.2886
0.3662
0.3274
0.2498
0.211
0.2886
0.3662
0.405
0.3662
0.3662
0.2886
0.2498
0.3274
0.3274
0.2886
0.3274
0.405
0.405
0.3662
0.2498
0.3274
0.3274
0.3662
0.2886
0.3662
0.405
0.3662
0.3662
0.405
0.405
0.3662
0.405
0.3274
0.2498
0.2498
0.3274
0.3274
0.3274
0.1722
0.2886
0.211
0.211
0.405
0.405
0.405
0.3662
0.405
0.4438
0.3662
0.405
0.2886
0.405
0.2886
0.4438
0.3662
0.2498
0.2886
0.2498
0.3662
0.3662
0.3662
0.2498
0.3274
0.3274
0.211
0.211
0.3274
0.3274
0.2886
0.3662
0.405
0.3662
0.3274
0.2886
0.211
0.3662
0.3662
0.2886
0.3274
0.3662
0.3662
0.405
0.405
0.3662
0.3662
0.3274
0.2886
0.2886
0.211
0.3274
0.2498
0.2886
0.211
0.211
0.2886
0.3274
0.2886
0.3274
0.2498
0.211
0.211
0.3274
0.3274
0.211
0.3274
0.3274
0.2886
0.3274
0.2886
0.211
0.2498
0.2498
0.3274
0.2886
0.3662
0.3274
0.3662
0.3662
0.3274
0.3662
0.2886
0.2498
0.3662
0.3662
0.405
0.3662
0.3662
0.2886
0.211
0.2886
0.2498
0.3662
0.3662
0.3274
0.3662
0.3662
0.3662
0.405
0.405
0.3274
0.3662
0.3662
0.3662
0.3662
0.2498
0.211
0.2886
0.405
0.2886
0.211
0.3662
0.2498
0.2498
0.2498
0.3662
0.3274
0.405
0.3662
0.3274
0.2498
0.2886
0.3662
0.3274
0.405
0.4438
0.4438
0.2886
0.3662
0.2498
0.3274
0.405
0.3662
0.3274
0.405
0.405
0.405
0.405
0.2886
0.405
0.405
0.405
0.405
0.405
0.405
0.405
0.3274
0.2498
0.2498
0.405
0.2498
0.405
0.2886
0.1722
0.3662
0.3274
0.3662
0.405
0.3274
0.3274
0.405
0.405
0.2886
0.405
0.3662
0.3662
0.3662
0.3662
0.405
0.3662
0.3274
0.3662
0.3274
0.1722
0.2498
0.3274
0.3662
0.3274
0.405
0.3662
0.3662
0.405
0.3274
0.3662
0.3662
0.3662
0.211
0.2886
0.3274
0.211
0.405
0.405
0.211
0.3662
0.405
0.3662
0.3662
0.3274
0.2498
0.1722
0.405
0.3662
0.3662
0.3274
0.3274
0.3662
0.2886
0.2886
0.211
0.1722
0.3274
0.211
0.1722
0.211
0.2886
0.211
0.3662
0.3662
0.3662
0.2498
0.3662
0.405
0.3662
0.2498
0.211
0.211
0.3274
0.211
0.3274
0.2498
0.211
0.405
0.3662
0.405
0.3662
0.405
0.3662
0.405
0.3662
0.405
0.3662
0.405
0.3662
0.3662
0.3662
0.3662
0.2498
0.2886
0.405
0.405
0.3662
0.405
0.3274
0.405
0.3274
0.3662
0.3662
0.3274
0.3662
0.3274
0.405
0.3662
0.3274
0.405
0.3662
0.3274
0.2498
0.3662
0.3662
0.3662
0.3662
0.3662
0.3274
0.3274
0.405
0.3662
0.2498
0.211
0.3662
0.3274
0.2498
0.211
0.2886
0.3662
0.3662
0.2498
0.2886
0.2886
0.211
0.2498
0.2498
0.2886
0.3662
0.2498
0.3274
0.3662
0.2498
0.2886
0.3274
0.2498
0.2498
0.2498
0.2886
0.2886
0.2498
0.2886
0.211
0.2498
0.3274
0.3274
0.2498
0.3662
0.3274
0.3274
0.211
0.3274
0.2498
0.3274
0.3662
0.211
0.2498
0.2498
0.2886
0.3274
0.2886
0.2886
0.2886
0.3274
0.3662
0.3662
0.211
0.3274
0.2498
0.3274
0.1722
0.2886
0.3662
0.3662
0.3274
0.3274
0.3274
0.3274
0.211
0.2886
0.405
0.3662
0.3274
0.3662
0.2886
0.3662
0.405
0.405
0.405
0.3662
0.3662
0.3274
0.211
0.3662
0.2886
0.3662
0.3662
0.3662
0.2886
0.3274
0.3662
0.211
0.3662
0.2886
0.3662
0.3662
0.405
0.3662
0.3662
0.3662
0.3274
0.2886
0.2498
0.211
0.2498
0.3274
0.3662
0.3662
0.3662
0.3662
0.3662
0.3662
0.3662
0.405
0.2498
0.3274
0.3274
0.3662
0.3662
0.405
0.405
0.3274
0.3274
0.405
0.3662
0.3662
0.3662
0.3662
0.3662
0.405
0.405
0.405
0.405
0.2886
0.211
0.2498
0.211
0.3274
0.211
0.211
0.3274
0.3662
0.2498
0.3274
0.3274
0.211
0.405
0.2886
0.405
0.405
0.2498
0.2886
0.3662
0.3662
0.405
0.3662
0.3662
0.3662
0.3662
0.405
0.3274
0.3662
0.3274
0.3662
0.4438
0.211
0.3274
0.3274
0.1722
0.3274
0.211
0.405
0.405
0.405
0.3274
0.405
0.2886
0.3274
0.3274
0.2498
0.2886
0.2498
0.211
0.3274
0.405
0.3274
0.3662
0.3662
0.3274
0.405
0.3274
0.3662
0.405
0.3274
0.211
0.2498
0.405
0.3662
0.405
0.3662
0.3662
0.211
0.3274
0.2886
0.3274
0.3274
0.2498
0.2498
0.3274
0.3662
0.3662
0.2886
0.2498
0.211
0.405
0.2498
0.405
0.3274
0.2886
0.3662
0.2886
0.2886
0.405
0.2498
0.3662
0.211
0.1722
0.3662
0.3662
0.2498
0.3662
0.2886
0.3662
0.3274
0.3662
0.3662
0.3274
0.2886
0.3662
0.2886
0.2886
0.3662
0.405
0.2498
0.3662
0.3662
0.3274
0.211
0.3662
0.2886
0.3662
0.3662
0.211
0.3662
0.2498
0.3274
0.3274
0.3662
0.2498
0.3662
0.3274
0.211
0.3274
0.2886
0.3274
0.3662
0.2886
0.2886
0.3662
0.2886
0.2498
0.3662
0.211
0.3662
0.2498
0.3662
0.3662
0.3274
0.3662
0.3662
0.2498
0.3274
0.405
0.2498
0.3662
0.3662
0.2498
0.3662
0.3662
0.3274
0.3662
0.3274
0.2886
0.3662
0.3662
0.3274
0.3662
0.3662
0.211
0.3662
0.3662
0.3274
0.3662
0.3274
0.3662
0.3274
0.3274
0.405
0.3662
0.405
0.2886
0.405
0.3274
0.2886
0.3274
0.3662
0.2886
0.405
0.2886
0.3274
0.1722
0.3274
0.3662
0.1722
0.3662
0.3274
0.3274
0.3662
0.405
0.3662
0.211
0.3274
0.3662
