882
883
882
881
881
882
882
882
882
883
883
884
884
884
884
884
885
885
885
884
884
885
885
884
884
883
883
883
883
882
881
881
882
883
882
882
881
881
882
882
882
883
883
883
883
882
881
880
880
880
880
880
879
879
879
880
880
880
881
881
881
882
882
882
882
882
881
881
880
880
880
880
880
879
879
879
879
879
879
879
880
881
881
881
881
882
882
882
883
882
881
880
880
880
880
879
878
878
879
878
879
879
878
879
879
879
880
880
881
881
881
881
880
879
878
879
879
878
878
877
877
877
877
878
878
878
878
879
879
879
880
879
880
880
880
881
881
881
881
881
881
880
880
880
880
879
879
879
878
878
878
878
879
879
879
880
881
880
880
880
880
880
880
880
879
879
879
879
879
878
878
878
878
878
878
877
877
877
878
878
879
878
878
878
879
878
877
877
877
877
877
877
877
877
877
877
876
876
876
876
876
876
876
876
876
877
876
876
876
876
876
875
875
874
874
874
874
873
873
873
873
873
873
873
874
875
874
874
874
874
874
875
874
873
873
874
873
872
871
871
871
871
869
869
869
869
869
869
869
870
871
871
871
872
872
873
872
872
872
872
872
872
871
871
872
872
871
871
871
872
872
871
871
872
872
872
873
873
873
874
874
873
873
873
873
873
873
873
871
872
871
872
872
871
872
872
872
871
871
872
872
872
872
872
872
872
873
872
871
872
872
872
872
871
871
871
872
872
872
872
873
873
873
874
874
875
874
874
873
872
873
873
872
871
871
871
871
870
870
869
869
869
869
869
869
870
871
870
869
869
870
870
870
869
869
868
868
868
868
867
867
867
867
865
865
866
866
866
866
866
867
867
868
867
866
865
866
866
866
866
866
865
865
865
866
865
865
865
864
864
865
865
865
865
866
866
867
867
867
867
866
867
867
867
867
867
867
867
867
866
867
867
867
867
867
867
867
868
868
869
869
870
869
869
869
869
870
869
869
868
868
868
868
868
868
867
867
867
867
867
868
867
866
867
868
867
867
866
866
866
867
867
867
867
867
867
866
866
866
866
866
866
866
865
866
867
867
867
867
867
867
868
868
867
866
867
867
867
866
865
864
864
864
864
863
863
863
863
864
863
864
864
865
865
865
865
864
864
864
865
865
864
864
864
864
863
864
864
863
863
863
864
864
864
865
865
865
866
866
867
866
866
866
867
866
866
866
865
866
866
865
864
863
863
863
864
864
864
864
864
865
865
866
866
865
865
865
866
866
866
865
865
866
865
864
864
863
864
864
864
863
863
863
864
865
864
864
864
864
865
864
865
864
864
863
863
863
863
862
861
861
861
862
862
862
863
863
863
862
862
862
863
863
862
862
862
863
862
862
862
861
862
861
861
861
861
861
861
861
862
862
862
862
862
862
862
863
863
863
863
863
862
861
861
861
861
860
859
858
858
859
859
859
858
858
859
859
860
860
860
860
860
861
860
860
860
860
860
860
860
859
859
859
859
859
858
857
856
857
858
858
858
857
858
858
859
858
857
856
855
856
856
856
855
856
855
855
855
855
855
855
856
856
856
857
857
858
858
857
856
857
858
857
856
855
855
855
855
855
855
855
854
855
856
856
857
857
857
857
858
858
857
857
857
857
858
857
856
857
857
857
857
857
856
857
858
859
860
860
860
861
862
863
863
864
864
865
866
866
866
865
867
868
868
868
868
869
871
872
874
875
877
878
880
882
883
885
886
889
890
890
892
894
896
897
899
900
903
906
909
911
913
917
920
923
926
929
931
933
937
941
944
947
950
953
958
962
967
972
975
978
982
986
991
995
999
1003
1008
1013
1019
1024
1029
1035
1041
1047
1052
1057
1063
1069
1076
1080
1085
1091
1098
1106
1111
1118
1124
1131
1137
1143
1148
1155
1162
1169
1176
1183
1192
1199
1208
1214
1221
1227
1235
1244
1252
1259
1267
1276
1285
1292
1299
1306
1315
1323
1331
1339
1349
1358
1366
1374
1383
1391
1400
1411
1420
1430
1438
1448
1456
1464
1472
1483
1492
1501
1511
1522
1531
1540
1549
1559
1571
1582
1592
1603
1615
1623
1633
1644
1655
1666
1676
1687
1697
1707
1717
1729
1741
1754
1764
1774
1786
1795
1805
1818
1832
1842
1853
1865
1875
1885
1898
1910
1922
1933
1945
1956
1967
1978
1990
2004
2016
2026
2035
2048
2062
2074
2086
2098
2108
2119
2132
2145
2156
2170
2182
2193
2205
2219
2231
2241
2252
2264
2275
2287
2302
2315
2325
2335
2349
2362
2373
2383
2396
2407
2421
2436
2447
2458
2472
2483
2495
2509
2520
2530
2542
2556
2569
2580
2593
2604
2615
2629
2642
2653
2666
2676
2687
2702
2713
2724
2737
2748
2760
2775
2785
2794
2804
2818
2830
2841
2855
2864
2875
2890
2901
2912
2924
2934
2946
2960
2971
2981
2994
3006
3018
3029
3041
3050
3061
3074
3088
3097
3107
3120
3131
3141
3152
3164
3175
3186
3198
3208
3217
3232
3244
3253
3262
3274
3285
3294
3306
3318
3328
3339
3352
3360
3369
3381
3395
3404
3413
3425
3435
3443
3455
3466
3475
3485
3497
3505
3513
3526
3538
3547
3554
3565
3578
3587
3595
3605
3617
3627
3636
3645
3653
3662
3670
3682
3689
3698
3711
3721
3727
3733
3745
3757
3764
3772
3783
3794
3802
3808
3814
3825
3837
3847
3853
3861
3870
3880
3886
3893
3904
3915
3921
3928
3937
3947
3957
3965
3971
3979
3985
3994
4004
4012
4019
4027
4036
4046
4054
4060
4069
4078
4088
4095
4099
4107
4118
4124
4130
4138
4148
4155
4160
4168
4177
4187
4193
4198
4207
4217
4222
4227
4235
4245
4251
4255
4263
4272
4278
4283
4287
4295
4304
4309
4314
4321
4331
4336
4340
4347
4356
4365
4369
4373
4382
4391
4395
4399
4407
4413
4417
4424
4432
4438
4443
4449
4453
4459
4467
4474
4477
4482
4486
4493
4496
4501
4510
4516
4520
4525
4533
4537
4539
4542
4551
4555
4557
4565
4573
4577
4579
4582
4590
4597
4600
4604
4612
4618
4621
4624
4632
4635
4637
4640
4648
4652
4654
4660
4668
4672
4674
4680
4684
4689
4694
4700
4703
4707
4714
4716
4719
4726
4729
4731
4734
4742
4744
4746
4752
4757
4759
4761
4767
4771
4773
4778
4781
4785
4790
4795
4797
4801
4806
4812
4813
4816
4819
4823
4825
4828
4831
4835
4841
4844
4847
4851
4856
4859
4862
4866
4871
4875
4877
4881
4886
4889
4891
4895
4896
4899
4901
4905
4906
4909
4915
4920
4921
4925
4930
4930
4931
4934
4940
4941
4941
4944
4950
4951
4952
4958
4960
4961
4965
4971
4974
4974
4978
4984
4985
4986
4990
4992
4993
4993
4997
5003
5005
5005
5009
5015
5016
5016
5020
5022
5023
5024
5028
5030
5032
5035
5035
5037
5043
5046
5047
5050
5054
5053
5053
5059
5063
5063
5063
5065
5069
5071
5072
5074
5078
5081
5081
5083
5083
5086
5086
5088
5088
5092
5095
5098
5099
5102
5102
5104
5108
5111
5111
5113
5116
5119
5123
5124
5124
5127
5131
5133
5133
5131
5135
5141
5140
5139
5145
5149
5148
5146
5151
5156
5155
5154
5159
5163
5162
5161
5166
5170
5169
5168
5169
5172
5175
5174
5175
5179
5182
5182
5183
5182
5184
5188
5189
5189
5192
5195
5196
5195
5193
5196
5197
5197
5195
5199
5203
5203
5201
5205
5209
5208
5207
5208
5212
5211
5210
5211
5215
5218
5216
5217
5221
5223
5222
5223
5223
5226
5225
5225
5224
5227
5229
5230
5230
5229
5231
5235
5236
5235
5238
5242
5243
5242
5245
5249
5248
5246
5245
5250
5252
5254
5254
5255
5257
5259
5259
5259
5263
5264
5265
5264
5263
5264
5268
5268
5267
5269
5273
5273
5271
5270
5274
5273
5272
5271
5276
5275
5273
5272
5276
5279
5278
5277
5282
5284
5282
5282
5286
5289
5288
5288
5292
5294
5292
5290
5290
5293
5291
5291
5291
5294
5291
5291
5295
5297
5295
5296
5299
5301
5299
5299
5299
5301
5303
5304
5303
5305
5303
5304
5302
5305
5304
5305
5303
5305
5304
5304
5303
5305
5304
5305
5303
5305
5304
5304
5307
5308
5309
5308
5306
5308
5308
5308
5310
5312
5312
5311
5309
5311
5314
5317
5316
5314
5318
5320
5322
5320
5320
5323
5325
5327
5327
5326
5327
5329
5333
5331
5329
5332
5335
5338
5335
5334
5333
5335
5336
5340
5339
5337
5337
5341
5341
5338
5336
5337
5339
5340
5338
5338
5341
5342
5344
5345
5342
5339
5342
5346
5348
5345
5344
5348
5349
5350
5349
5349
5346
5348
5352
5351
5349
5346
5349
5352
5354
5351
5352
5353
5355
5353
5352
5352
5353
5355
5356
5354
5351
5353
5356
5355
5352
5352
5355
5357
5354
5353
5356
5359
5356
5356
5355
5357
5357
5360
5360
5358
5360
5363
5361
5358
5356
5360
5363
5364
5363
5362
5365
5365
5367
5367
5365
5366
5369
5373
5370
5367
5366
5369
5371
5368
5367
5367
5367
5368
5372
5371
5369
5370
5374
5375
5373
5370
5374
5376
5377
5375
5374
5372
5374
5376
5376
5373
5375
5377
5380
5378
5375
5374
5377
5379
5377
5376
5375
5376
5376
5380
5379
5377
5379
5382
5381
5378
5376
5379
5382
5379
5378
5381
5384
5381
5379
5383
5385
5383
5382
5385
5383
5380
5379
5382
5384
5382
5381
5384
5385
5383
5382
5381
5383
5381
5381
5380
5381
5382
5382
5381
5382
5384
5385
5382
5384
5386
5386
5385
5386
5384
5384
5385
5386
5385
5385
5387
5388
5388
5388
5389
5386
5385
5388
5386
5384
5384
5387
5387
5385
5384
5387
5385
5383
5387
5390
5387
5385
5389
5391
5389
5388
5391
5389
5386
5385
5389
5387
5385
5388
5391
5388
5385
5388
5391
5389
5387
5390
5389
5386
5384
5387
5386
5384
5386
5390
5389
5385
5387
5388
5387
5388
5391
5391
5389
5390
5388
5387
5390
5391
5390
5390
5392
5389
5388
5392
5394
5391
5391
5394
5392
5389
5392
5394
5393
5391
5394
5397
5394
5391
5395
5397
5395
5393
5397
5399
5396
5394
5398
5396
5394
5396
5400
5398
5396
5398
5398
5396
5397
5400
5400
5398
5399
5398
5398
5400
5401
5401
5400
5402
5399
5399
5402
5400
5398
5397
5399
5397
5394
5394
5397
5394
5393
5396
5398
5395
5394
5398
5396
5394
5394
5398
5395
5392
5395
5395
5392
5394
5393
5392
5394
5395
5395
5394
5396
5394
5394
5396
5397
5395
5395
5398
5395
5393
5397
5399
5396
5395
5399
5397
5395
5398
5397
5395
5392
5394
5394
5392
5393
5396
5396
5393
5394
5394
5393
5395
5393
5393
5392
5394
5391
5390
5394
5392
5389
5390
5391
5393
5391
5391
5393
5391
5389
5389
5391
5388
5386
5390
5389
5386
5386
5389
5387
5385
5388
5391
5389
5386
5390
5393
5391
5389
5392
5392
5390
5389
5392
5391
5388
5389
5393
5392
5389
5391
5391
5389
5390
5392
5393
5391
5393
5396
5396
5393
5395
5393
5393
5395
5396
5395
5395
5396
5394
5393
5396
5398
5395
5395
5399
5395
5393
5396
5400
5397
5396
5399
5398
5395
5396
5400
5399
5396
5399
5398
5396
5397
5399
5399
5398
5399
5398
5398
5399
5400
5399
5399
5401
5398
5398
5401
5402
5399
5399
5402
5400
5398
5401
5404
5401
5398
5402
5402
5399
5401
5405
5403
5401
5402
5406
5405
5402
5405
5405
5403
5404
5406
5405
5403
5404
5407
5407
5404
5406
5405
5404
5402
5403
5403
5402
5403
5400
5400
5399
5401
5398
5398
5401
5398
5396
5395
5399
5396
5395
5399
5397
5394
5393
5397
5395
5393
5396
5396
5394
5395
5394
5394
5392
5394
5393
5393
5394
5396
5394
5393
5395
5393
5393
5395
5396
5393
5393
5396
5397
5395
5395
5397
5395
5393
5396
5399
5397
5395
5399
5397
5394
5393
5396
5394
5391
5392
5394
5393
5389
5393
5396
5395
5393
5396
5395
5392
5393
5396
5396
5394
5396
5396
5395
5396
5394
5395
5397
5398
5397
5397
5399
5396
5395
5394
5397
5395
5394
5397
5399
5396
5395
5399
5401
5398
5398
5401
5403
5399
5398
5401
5399
5397
5397
5399
5396
5394
5398
5400
5398
5396
5400
5399
5397
5399
5403
5401
5398
5401
5404
5403
5400
5403
5403
5401
5398
5401
5404
5402
5399
5402
5401
5399
5397
5400
5399
5397
5398
5399
5398
5395
5398
5398
5396
5397
5399
5399
5398
5399
5398
5398
5400
5401
5400
5400
5401
5403
5402
5402
5403
5401
5400
5403
5404
5403
5403
5406
5404
5402
5405
5408
5406
5404
5407
5406
5403
5401
5404
5404
5402
5405
5405
5404
5401
5404
5404
5402
5403
5403
5403
5401
5402
5401
5401
5402
5404
5404
5403
5404
5402
5401
5404
5406
5404
5404
5407
5404
5402
5406
5405
5402
5402
5406
5403
5401
5399
5403
5401
5398
5401
5404
5402
5399
5403
5403
5401
5399
5403
5402
5400
5401
5401
5400
5399
5401
5401
5400
5400
5399
5399
5398
5399
5398
5398
5401
5397
5396
5396
5399
5397
5396
5400
5398
5396
5395
5399
5397
5395
5398
5401
5399
5396
5400
5399
5397
5399
5403
5402
5399
5402
5402
5400
5401
5404
5404
5402
5403
5401
5401
5398
5399
5403
5402
5399
5400
5403
5403
5401
5402
5403
5402
5403
5404
5405
5404
5406
5404
5404
5406
5407
5405
5404
5407
5404
5403
5408
5409
5406
5405
5408
5406
5404
5403
5407
5405
5401
5400
5403
5402
5400
5404
5403
5401
5398
5402
5401
5398
5396
5400
5402
5400
5398
5402
5402
5400
5402
5402
5400
5402
5404
5403
5401
5402
5402
5401
5402
5404
5403
5403
5404
5403
5403
5406
5407
5404
5404
5407
5405
5403
5407
5409
5406
5404
5407
5406
5404
5402
5407
5404
5401
5404
5403
5401
5403
5406
5406
5404
5405
5408
5408
5405
5407
5407
5406
5403
5405
5403
5402
5404
5402
5402
5400
5401
5399
5400
5403
5401
5399
5403
5405
5402
5401
5404
5402
5400
5403
5406
5404
5401
5404
5404
5403
5404
5404
5403
5401
5402
5402
5402
5403
5401
5400
5400
5400
5398
5398
5401
5402
5400
5400
5402
5400
5398
5398
5401
5399
5398
5401
5400
5397
5399
5403
5401
5398
5402
5405
5403
5401
5404
5403
5401
5403
5402
5402
5403
5404
5404
5403
5404
5403
5402
5400
5401
5400
5400
5399
5400
5399
5399
5402
5398
5397
5400
5403
5401
5400
5404
5402
5399
5402
5405
5403
5401
5405
5404
5402
5402
5407
5406
5404
5406
5406
5404
5405
5407
5408
5406
5407
5406
5406
5409
5405
5403
5403
5405
5403
5402
5401
5403
5401
5401
5403
5405
5403
5403
5406
5404
5402
5406
5408
5407
5405
5408
5410
5407
5405
5409
5407
5405
5407
5412
5410
5407
5409
5409
5407
5405
5408
5407
5405
5405
5409
5408
5405
5407
5410
5410
5407
5409
5409
5408
5410
5412
5411
5411
5411
5408
5408
5410
5412
5410
5411
5412
5413
5412
5412
5414
5412
5410
5414
5412
5410
5412
5412
5410
5408
5411
5410
5407
5408
5411
5411
5409
5410
5410
5408
5405
5407
5407
5405
5407
5406
5406
5404
5405
5403
5403
5405
5403
5402
5402
5403
5400
5399
5403
5404
5402
5401
5404
5402
5398
5398
5401
5399
5397
5400
5403
5401
5399
5402
5401
5398
5400
5401
5399
5395
5397
5397
5395
5393
5395
5395
5393
5394
5397
5396
5394
5396
5395
5394
5392
5393
5392
5391
5393
5395
5394
5393
5394
5395
5395
5394
5395
5393
5393
5396
5396
5394
5395
5398
5394
5393
5396
5398
5396
5394
5398
5397
5394
5392
5396
5394
5392
5394
5394
5392
5389
5393
5392
5389
5390
5393
5393
5392
5393
5397
5395
5393
5395
5395
5394
5395
5398
5397
5395
5396
5394
5394
5397
5397
5397
5397
5398
5399
5398
5397
5399
5397
5396
5396
5396
5394
5393
5396
5395
5393
5392
5395
5392
5390
5391
5393
5391
5390
5395
5394
5392
5393
5396
5395
5394
5396
5396
5394
5395
5397
5397
5395
5397
5399
5399
5397
5395
5397
5398
5396
5397
5397
5397
5395
5396
5396
5396
5398
5395
5395
5398
5396
5394
5394
5397
5395
5393
5397
5398
5396
5394
5398
5397
5395
5394
5398
5396
5394
5397
5400
5398
5396
5400
5399
5396
5398
5398
5398
5399
5400
5401
5399
5401
5398
5398
5401
5402
5400
5401
5402
5403
5401
5401
5402
5404
5403
5402
5404
5401
5400
5400
5401
5398
5398
5402
5398
5395
5395
5398
5396
5395
5398
5398
5395
5393
5397
5396
5394
5395
5396
5396
5397
5398
5399
5397
5399
5398
5397
5400
5400
5399
5399
5401
5398
5397
5400
5402
5399
5398
5402
5399
5397
5401
5403
5401
5399
5402
5405
5403
5401
5404
5403
5400
5401
5405
5403
5400
5402
5403
5402
5402
5404
5404
5401
5404
5406
5405
5403
5404
5402
5402
5404
5405
5405
5404
5405
5402
5401
5404
5406
5404
5404
5407
5404
5401
5404
5407
5405
5403
5407
5406
5403
5404
5408
5406
5404
5405
5405
5404
5401
5403
5403
5402
5403
5405
5405
5402
5403
5402
5402
5403
5405
5404
5403
5404
5401
5401
5400
5401
5399
5399
5402
5403
5400
5399
5402
5400
5398
5399
5401
5398
5395
5398
5398
5395
5398
5400
5398
5395
5398
5397
5395
5397
5399
5399
5396
5398
5397
5396
5398
5396
5396
5398
5400
5397
5397
5400
5401
5399
5399
5401
5401
5399
5399
5402
5399
5396
5400
5403
5399
5397
5401
5403
5400
5398
5401
5399
5395
5394
5397
5399
5396
5396
5399
5397
5394
5397
5399
5397
5395
5399
5398
5396
5397
5401
5399
5397
5399
5399
5397
5398
5399
5400
5399
5400
5398
5398
5400
5400
5399
5400
5402
5400
5399
5402
5404
5401
5401
5404
5406
5404
5404
5406
5404
5402
5405
5407
5406
5404
5408
5407
5404
5406
5406
5405
5406
5408
5408
5407
5407
5406
5405
5408
5409
5407
5407
5409
5410
5409
5408
5410
5408
5408
5411
5412
5410
5409
5412
5414
5412
5412
5415
5413
5411
5415
5413
5411
5409
5413
5412
5409
5411
5416
5414
5412
5415
5414
5412
5409
5412
5412
5411
5412
5412
5411
5412
5414
5413
5413
5414
5416
5416
5414
5416
5414
5415
5417
5418
5417
5416
5418
5419
5417
5417
5420
5416
5415
5419
5421
5418
5418
5421
5423
5420
5419
5423
5420
5417
5421
5423
5422
5419
5424
5422
5419
5421
5425
5423
5421
5424
5424
5421
5418
5420
5420
5419
5420
5422
5422
5420
5421
5420
5420
5418
5419
5419
5418
5419
5417
5416
5419
5420
5419
5420
5422
5420
5418
5421
5420
5417
5415
5418
5417
5413
5415
5419
5417
5415
5417
5421
5419
5416
5419
5419
5417
5419
5422
5422
5419
5420
5419
5418
5419
5421
5421
5419
5420
5422
5422
5420
5421
5419
5419
5421
5418
5417
5416
5418
5417
5415
5419
5417
5414
5413
5417
5414
5411
5411
5413
5411
5408
5412
5415
5413
5411
5414
5417
5414
5412
5415
5415
5413
5415
5415
5413
5414
5416
5416
5414
5416
5418
5417
5416
5416
5415
5416
5417
5415
5415
5415
5416
5413
5412
5415
5417
5415
5415
5418
5415
5413
5417
5418
5416
5414
5418
5419
5417
5415
5419
5417
5414
5412
5416
5415
5413
5415
5414
5412
5413
5416
5416
5413
5414
5414
5414
5413
5413
5413
5412
5413
5414
5414
5413
5415
5413
5414
5412
5413
5411
5411
5414
5412
5411
5411
5413
5410
5408
5408
5409
5407
5406
5410
5407
5405
5408
5412
5410
5408
5412
5412
5409
5410
5415
5413
5411
5414
5413
5411
5413
5415
5415
5415
5416
5415
5415
5417
5414
5413
5417
5419
5416
5416
5420
5420
5418
5418
5422
5420
5419
5423
5421
5418
5416
5420
5418
5416
5416
5419
5417
5415
5417
5420
5419
5418
5421
5420
5419
5420
5423
5423
5422
5423
5423
5422
5423
5425
5425
5425
5426
5427
5428
5427
5428
5426
5427
5429
5431
5430
5430
5432
5434
5432
5431
5435
5432
5431
5435
5437
5435
5433
5437
5436
5434
5432
5436
5435
5432
5430
5433
5431
5429
5428
5432
5430
5428
5428
5431
5429
5426
5429
5433
5430
5429
5432
5434
5431
5428
5431
5430
5428
5429
5429
5427
5423
5424
5423
5421
5421
5423
5422
5419
5415
5416
5418
5415
5412
5410
5413
5412
5408
5405
5403
5404
5403
5401
5399
5396
5395
5396
5394
5390
5390
5391
5389
5385
5380
5380
5381
5380
5375
5371
5367
5363
5361
5361
5361
5360
5358
5354
5352
5347
5342
5341
5342
5341
5339
5334
5331
5326
5323
5322
5322
5321
5315
5310
5306
5301
5298
5295
5295
5294
5288
5283
5279
5278
5275
5272
5267
5264
5262
5258
5256
5252
5246
5239
5236
5234
5233
5227
5220
5215
5214
5211
5207
5200
5196
5194
5190
5187
5185
5179
5172
5164
5161
5159
5157
5149
5143
5138
5132
5128
5124
5120
5115
5109
5101
5095
5092
5090
5083
5074
5067
5065
5062
5058
5051
5045
5040
5036
5031
5024
5020
5014
5009
5005
4999
4994
4991
4985
4980
4975
4970
4966
4961
4954
4947
4945
4939
4932
4925
4920
4916
4912
4904
4898
4895
4891
4883
4875
4868
4866
4862
4854
4846
4839
4836
4831
4823
4815
4810
4807
4802
4797
4789
4783
4777
4772
4767
4760
4754
4751
4746
4739
4731
4725
4721
4717
4709
4701
4696
4692
4688
4680
4673
4668
4664
4659
4651
4643
4640
4637
4630
4622
4613
4610
4607
4602
4594
4586
4579
4576
4571
4567
4559
4552
4546
4542
4537
4529
4522
4516
4513
4509
4501
4493
4487
4485
4480
4472
4464
4457
4454
4450
4444
4436
4432
4429
4425
4418
4409
4402
4398
4395
4388
4380
4376
4371
4366
4360
4355
4350
4344
4339
4333
4327
4320
4315
4311
4307
4303
4297
4289
4282
4275
4272
4268
4261
4253
4246
4243
4240
4235
4228
4221
4214
4211
4207
4201
4193
4185
4182
4178
4175
4168
4160
4152
4149
4145
4142
4134
4127
4120
4117
4113
4109
4104
4096
4089
4084
4081
4076
4072
4064
4057
4051
4045
4041
4035
4030
4026
4021
4015
4010
4006
4002
3996
3990
3987
3982
3976
3968
3961
3959
3955
3949
3942
3936
3931
3928
3925
3919
3912
3905
3900
3897
3894
3889
3883
3878
3874
3869
3864
3859
3854
3850
3842
3836
3834
3830
3824
3817
3810
3806
3804
3800
3794
3787
3780
3776
3773
3770
3764
3758
3753
3749
3744
3739
3732
3729
3724
3717
3711
3706
3702
3699
3693
3687
3681
3678
3675
3672
3666
3659
3655
3651
3646
3640
3635
3630
3627
3620
3615
3610
3607
3603
3597
3590
3586
3583
3580
3575
3569
3563
3558
3554
3551
3546
3540
3534
3530
3526
3522
3517
3513
3508
3503
3499
3494
3488
3486
3483
3479
3473
3467
3463
3460
3458
3453
3447
3441
3437
3433
3430
3427
3422
3419
3414
3408
3403
3398
3395
3392
3387
3382
3377
3373
3370
3366
3361
3358
3354
3348
3343
3338
3336
3333
3328
3322
3317
3311
3308
3305
3303
3299
3294
3288
3283
3279
3277
3274
3271
3268
3262
3257
3251
3248
3247
3244
3238
3233
3227
3223
3220
3218
3214
3209
3204
3201
3196
3194
3190
3185
3181
3177
3174
3171
3164
3159
3154
3152
3150
3144
3138
3132
3130
3127
3125
3121
3116
3111
3108
3104
3101
3099
3095
3091
3085
3082
3079
3076
3071
3067
3063
3060
3057
3053
3050
3045
3040
3037
3034
3031
3028
3023
3018
3012
3010
3008
3006
3001
2996
2991
2987
2984
2981
2977
2973
2970
2967
2962
2957
2953
2951
2949
2946
2942
2937
2934
2931
2926
2923
2920
2917
2915
2910
2906
2901
2899
2897
2894
2889
2887
2884
2881
2876
2872
2868
2866
2864
2860
2856
2853
2850
2845
2841
2838
2837
2835
2830
2826
2822
2819
2816
2815
2811
2807
2802
2800
2797
2795
2790
2787
2783
2782
2780
2777
2772
2767
2763
2761
2759
2757
2754
2751
2747
2744
2742
2739
2736
2732
2731
2729
2724
2720
2715
2712
2710
2707
2704
2700
2699
2696
2692
2688
2686
2684
2683
2679
2675
2671
2669
2666
2662
2658
2656
2654
2653
2649
2645
2641
2638
2636
2633
2630
2627
2625
2623
2621
2617
2613
2610
2608
2605
2602
2600
2598
2596
2592
2587
2585
2583
2582
2579
2576
2574
2572
2569
2565
2561
2559
2557
2556
2554
2550
2546
2542
2540
2537
2534
2531
2527
2526
2525
2522
2519
2515
2511
2509
2506
2505
2502
2499
2495
2491
2488
2486
2484
2481
2479
2477
2476
2473
2469
2466
2463
2461
2457
2453
2452
2451
2450
2446
2442
2440
2438
2435
2432
2430
2430
2428
2425
2422
2420
2418
2414
2410
2407
2406
2405
2402
2400
2397
2395
2393
2390
2386
2385
2384
2381
2377
2374
2373
2370
2368
2364
2360
2359
2358
2356
2354
2352
2350
2348
2344
2340
2338
2337
2335
2333
2330
2329
2326
2323
2320
2316
2314
2312
2310
2308
2306
2305
2301
2297
2293
2290
2287
2285
2284
2284
2282
2279
2276
2273
2271
2269
2267
2265
2263
2260
2258
2255
2252
2251
2249
2247
2244
2242
2239
2237
2236
2235
2233
2230
2227
2224
2222
2221
2219
2217
2215
2212
2211
2209
2207
2204
2202
2200
2198
2197
2196
2194
2191
2188
2186
2184
2181
2178
2174
2172
2171
2170
2168
2165
2162
2161
2159
2157
2155
2153
2151
2149
2149
2147
2146
2142
2139
2135
2133
2132
2131
2130
2128
2126
2124
2122
2120
2117
2113
2111
2109
2108
2108
2107
2105
2102
2099
2097
2096
2093
2090
2087
2086
2086
2086
2083
2081
2078
2076
2075
2073
2071
2069
2067
2065
2065
2063
2062
2059
2056
2054
2052
2050
2049
2048
2046
2044
2043
2041
2040
2038
2037
2034
2031
2029
2028
2028
2027
2026
2024
2021
2019
2017
2015
2014
2013
2010
2009
2008
2007
2006
2005
2003
2001
1998
1995
1994
1993
1993
1992
1990
1987
1985
1983
1982
1980
1977
1975
1972
1972
1971
1970
1969
1966
1965
1965
1963
1960
1957
1956
1955
1954
1952
1950
1949
1948
1947
1945
1942
1939
1937
1936
1935
1932
1930
1930
1929
1927
1925
1923
1922
1920
1919
1917
1916
1914
1914
1913
1911
1908
1906
1905
1903
1901
1898
1896
1895
1895
1895
1893
1892
1890
1889
1888
1887
1884
1882
1880
1880
1879
1878
1877
1876
1875
1873
1871
1869
1867
1866
1865
1864
1862
1861
1860
1860
1858
1857
1855
1852
1851
1850
1848
1847
1846
1845
1845
1843
1841
1839
1838
1837
1835
1833
1831
1830
1830
1829
1828
1827
1826
1825
1824
1821
1819
1817
1816
1815
1814
1813
1812
1811
1811
1810
1807
1805
1803
1801
1800
1798
1796
1793
1791
1791
1790
1789
1788
1785
1782
1782
1780
1780
1779
1777
1775
1774
1773
1771
1771
1768
1766
1763
1762
1761
1760
1760
1759
1757
1755
1754
1752
1752
1750
1749
1747
1745
1744
1743
1743
1743
1741
1740
1738
1737
1737
1736
1733
1730
1728
1726
1725
1725
1724
1723
1722
1721
1720
1720
1718
1716
1716
1714
1714
1713
1711
1709
1709
1709
1707
1706
1704
1703
1702
1701
1699
1697
1695
1694
1694
1693
1692
1691
1691
1690
1689
1688
1686
1685
1683
1682
1682
1681
1680
1678
1678
1678
1677
1675
1673
1672
1671
1669
1667
1665
1665
1665
1665
1663
1661
1659
1658
1658
1656
1654
1652
1652
1651
1651
1649
1648
1648
1647
1647
1645
1644
1643
1642
1639
1638
1635
1635
1634
1634
1633
1631
1629
1629
1628
1627
1625
1623
1623
1622
1621
1620
1618
1618
1618
1618
1617
1616
1613
1613
1612
1611
1609
1608
1606
1606
1605
1604
1603
1602
1601
1602
1599
1596
1594
1594
1593
1591
1590
1587
1587
1587
1587
1586
1584
1584
1583
1581
1579
1577
1576
1575
1574
1573
1571
1571
1571
1570
1568
1566
1566
1565
1564
1562
1560
1560
1559
1559
1558
1556
1555
1555
1555
1553
1552
1550
1549
1549
1547
1545
1544
1543
1543
1542
1542
1540
1538
1538
1537
1537
1537
1535
1533
1532
1531
1531
1531
1530
1529
1527
1526
1525
1525
1524
1524
1522
1520
1518
1517
1516
1516
1515
1513
1512
1512
1512
1511
1511
1510
1509
1508
1507
1507
1505
1503
1503
1502
1502
1503
1502
1501
1499
1498
1497
1496
1496
1494
1492
1490
1488
1488
1488
1488
1487
1487
1486
1484
1484
1484
1483
1481
1479
1477
1476
1476
1476
1475
1474
1473
1471
1469
1469
1468
1468
1466
1465
1464
1464
1462
1460
1460
1460
1460
1459
1459
1458
1457
1457
1456
1455
1454
1453
1452
1452
1451
1450
1450
1450
1449
1447
1446
1446
1445
1444
1442
1441
1440
1439
1438
1437
1436
1435
1436
1435
1435
1434
1434
1433
1433
1432
1431
1429
1429
1428
1428
1427
1425
1425
1426
1426
1425
1424
1424
1424
1422
1421
1419
1418
1417
1416
1415
1413
1413
1413
1413
1413
1412
1412
1412
1411
1410
1409
1408
1407
1406
1405
1405
1405
1404
1404
1402
1402
1403
1402
1401
1399
1398
1398
1396
1395
1393
1393
1393
1391
1390
1388
1388
1389
1389
1388
1386
1384
1384
1383
1382
1380
1379
1379
1379
1379
1377
1376
1376
1376
1376
1376
1375
1373
1373
1373
1372
1370
1369
1367
1367
1367
1366
1364
1363
1363
1363
1363
1361
1361
1360
1360
1359
1358
1357
1357
1356
1356
1355
1356
1355
1355
1355
1354
1354
1354
1352
1351
1350
1349
1349
1348
1347
1346
1345
1345
1345
1345
1345
1345
1344
1343
1341
1341
1340
1339
1337
1336
1336
1336
1335
1333
1333
1333
1333
1333
1332
1330
1329
1329
1328
1327
1326
1325
1325
1324
1323
1321
1322
1322
1321
1321
1320
1320
1320
1319
1318
1317
1317
1316
1316
1315
1315
1314
1314
1314
1313
1313
1312
1312
1311
1311
1310
1309
1307
1305
1304
1304
1303
1302
1302
1302
1302
1302
1302
1302
1301
1301
1299
1298
1296
1295
1295
1295
1294
1293
1293
1293
1293
1292
1291
1292
1291
1291
1290
1289
1289
1288
1288
1286
1284
1283
1283
1282
1283
1283
1282
1281
1279
1279
1279
1279
1279
1279
1278
1278
1276
1275
1273
1272
1272
1272
1272
1273
1272
1272
1271
1270
1269
1267
1267
1267
1266
1266
1264
1263
1261
1260
1259
1259
1259
1260
1260
1260
1259
1258
1258
1257
1256
1256
1255
1255
1255
1254
1253
1252
1252
1252
1252
1252
1252
1252
1252
1251
1250
1248
1248
1247
1247
1246
1246
1246
1245
1245
1244
1243
1243
1243
1243
1244
1242
1241
1241
1240
1240
1239
1239
1239
1237
1237
1236
1235
1236
1236
1236
1236
1236
1234
1233
1232
1231
1230
1230
1229
1229
1228
1227
1226
1226
1226
1226
1226
1226
1227
1225
1224
1223
1222
1222
1221
1221
1221
1220
1219
1218
1217
1217
1216
1216
1216
1215
1216
1215
1215
1214
1214
1212
1212
1212
1212
1210
1210
1209
1210
1210
1210
1209
1208
1207
1207
1207
1207
1206
1204
1203
1202
1202
1202
1201
1200
1198
1199
1199
1199
1200
1199
1198
1197
1196
1197
1197
1196
1194
1193
1193
1192
1192
1192
1191
1190
1189
1189
1190
1190
1190
1190
1189
1190
1189
1189
1188
1187
1186
1186
1186
1185
1185
1185
1185
1184
1185
1184
1184
1184
1184
1184
1184
1182
1181
1179
1179
1178
1179
1177
1176
1175
1175
1176
1176
1176
1176
1176
1175
1175
1175
1174
1174
1173
1173
1172
1172
1172
1172
1171
1170
1169
1169
1169
1169
1170
1169
1168
1167
1166
1166
1166
1166
1164
1163
1161
1161
1161
1162
1162
1161
1161
1161
1161
1161
1161
1161
1160
1158
1157
1155
1155
1155
1155
1155
1155
1155
1154
1154
1154
1153
1153
1152
1152
1152
1151
1151
1151
1150
1149
1148
1148
1147
1146
1147
1147
1146
1145
1144
1145
1145
1145
1144
1143
1142
1140
1141
1140
1141
1139
1138
1138
1138
1138
1138
1138
1138
1137
1137
1137
1137
1137
1136
1135
1134
1134
1134
1133
1133
1132
1131
1131
1131
1130
1130
1130
1130
1130
1130
1131
1131
1130
1129
1129
1129
1128
1128
1128
1127
1126
1125
1125
1125
1126
1125
1124
1123
1124
1124
1124
1123
1122
1122
1121
1121
1120
1120
1120
1119
1118
1117
1116
1116
1116
1117
1117
1117
1117
1116
1116
1117
1116
1116
1115
1115
1115
1114
1114
1114
1114
1114
1114
1114
1115
1114
1113
1111
1112
1112
1112
1111
1110
1108
1107
1107
1106
1106
1105
1104
1103
1102
1102
1102
1103
1104
1102
1101
1100
1099
1099
1099
1098
1098
1097
1096
1096
1096
1096
1096
1095
1095
1094
1095
1096
1096
1096
1096
1095
1095
1095
1094
1094
1093
1093
1093
1092
1092
1092
1091
1091
1091
1091
1092
1092
1091
1091
1090
1090
1090
1090
1090
1089
1088
1086
1085
1085
1085
1085
1085
1084
1084
1084
1085
1085
1085
1085
1084
1083
1083
1083
1082
1082
1081
1080
1079
1079
1079
1079
1079
1078
1077
1079
1079
1079
1079
1079
1078
1077
1077
1078
1077
1076
1076
1075
1074
1075
1075
1075
1074
1073
1072
1073
1073
1073
1074
1073
1073
1072
1072
1071
1072
1070
1069
1068
1068
1068
1068
1068
1068
1068
1068
1068
1068
1069
1069
1068
1068
1067
1067
1067
1067
1066
1066
1065
1063
1064
1064
1064
1064
1064
1064
1064
1063
1063
1064
1064
1063
1063
1063
1062
1062
1061
1061
1061
1060
1060
1059
1058
1058
1059
1059
1058
1058
1057
1058
1058
1058
1058
1057
1056
1056
1056
1055
1055
1055
1054
1053
1053
1053
1054
1054
1053
1052
1052
1052
1052
1053
1052
1051
1050
1050
1050
1049
1049
1048
1047
1047
1046
1047
1047
1047
1046
1045
1045
1046
1047
1046
1045
1043
1042
1042
1042
1042
1041
1041
1039
1038
1038
1038
1038
1039
1039
1038
1038
1036
1037
1037
1037
1036
1037
1037
1036
1036
1037
1036
1035
1034
1034
1034
1034
1034
1035
1035
1035
1036
1035
1036
1036
1035
1035
1034
1035
1034
1034
1033
1031
1030
1029
1027
1028
1028
1029
1029
1030
1029
1028
1028
1027
1028
1028
1028
1028
1026
1025
1024
1023
1023
1022
1022
1023
1023
1023
1022
1022
1021
1022
1022
1023
1022
1021
1021
1021
1021
1021
1021
1020
1019
1019
1019
1019
1019
1019
1019
1019
1018
1019
1019
1020
1020
1019
1018
1017
1017
1017
1017
1017
1017
1016
1015
1015
1016
1016
1015
1016
1016
1017
1017
1017
1018
1017
1017
1016
1016
1016
1017
1015
1015
1014
1014
1014
1014
1014
1013
1013
1012
1012
1013
1013
1013
1013
1013
1012
1013
1012
1012
1012
1012
1011
1011
1011
1010
1010
1009
1008
1007
1008
1008
1009
1008
1008
1008
1007
1008
1008
1007
1007
1007
1007
1007
1007
1006
1005
1005
1005
1005
1005
1006
1005
1005
1004
1004
1005
1004
1005
1004
1003
1003
1002
1002
1002
1002
1001
1000
1000
1000
1001
1000
1000
999
1000
1001
1001
1000
999
999
999
999
998
999
998
998
997
997
997
997
996
996
996
996
997
997
997
997
997
997
996
996
997
996
996
995
993
994
993
993
993
993
993
993
992
991
992
992
993
993
993
993
992
992
992
991
990
991
991
990
990
989
989
989
989
990
990
990
990
990
990
990
990
990
989
988
987
988
988
988
987
987
986
985
985
985
986
986
985
985
985
985
986
986
985
984
983
984
983
983
983
982
981
981
981
981
981
981
980
980
981
982
982
982
981
981
981
981
981
980
979
978
979
978
978
978
978
977
976
977
977
977
978
979
979
979
979
979
979
979
979
978
977
977
977
977
977
977
977
977
976
976
975
975
976
976
975
974
974
974
974
975
974
973
972
972
972
972
971
971
971
971
972
972
972
972
973
973
974
974
973
973
973
972
972
972
972
971
972
972
971
972
972
972
972
972
972
973
973
973
973
973
974
974
973
973
972
971
970
970
970
969
969
968
968
968
968
969
969
968
968
968
968
968
969
968
967
965
966
966
965
965
965
965
964
963
963
964
964
965
965
965
965
965
965
964
965
964
963
962
960
961
961
960
960
960
959
958
958
958
959
959
959
958
958
958
958
958
958
958
958
958
958
958
958
956
955
956
955
956
956
955
956
956
956
957
957
957
958
957
957
955
955
955
955
954
953
952
952
953
951
951
951
952
952
952
952
953
953
953
953
953
952
953
953
952
951
950
950
950
950
950
950
949
949
950
950
950
950
951
951
951
951
951
951
951
951
951
950
948
948
949
948
947
946
946
946
946
947
947
947
948
948
948
947
948
948
947
947
947
947
947
946
946
946
946
947
946
945
946
946
946
946
946
947
947
947
947
945
946
946
946
946
946
945
946
944
944
943
944
944
944
943
943
942
943
943
943
943
944
944
944
944
944
943
944
943
943
942
941
942
942
940
941
940
941
941
940
939
940
940
941
940
940
939
939
940
939
938
938
938
938
938
937
937
937
937
938
938
938
939
939
938
938
939
938
938
937
937
938
937
937
936
936
936
936
936
935
936
937
936
936
936
937
937
937
936
936
936
936
937
936
936
936
936
936
935
934
934
935
935
934
934
934
934
935
935
935
935
935
935
934
934
933
934
934
933
933
933
933
933
933
933
933
933
934
933
933
934
934
934
934
933
933
934
933
933
933
933
933
932
931
930
930
930
931
931
930
930
929
930
930
930
930
929
928
928
928
929
928
927
926
927
926
926
925
924
924
924
924
925
925
926
926
926
926
925
926
926
926
925
924
924
925
924
924
924
924
924
923
922
923
924
924
923
923
924
924
924
925
925
924
924
924
924
924
924
924
924
923
923
923
923
923
924
924
924
924
924
925
925
924
924
924
924
923
923
922
922
922
922
921
921
921
921
921
920
920
921
921
921
921
922
922
922
922
921
921
921
921
921
921
921
921
920
920
920
919
920
919
919
919
920
920
921
921
921
921
921
920
920
919
919
919
919
919
918
918
918
918
917
916
916
916
917
917
917
917
917
918
917
917
917
916
916
916
917
916
916
916
917
916
916
916
917
916
915
915
916
916
917
917
917
917
917
918
917
916
916
916
916
916
915
915
915
915
914
914
914
914
915
915
915
915
916
916
915
915
914
915
915
914
914
914
914
914
914
913
912
912
912
912
912
911
911
911
912
912
912
912
912
912
913
911
910
909
910
909
909
908
907
908
908
907
907
907
907
908
908
909
909
909
910
909
908
907
907
907
907
906
905
905
906
905
906
905
905
906
907
906
906
906
907
908
907
906
907
908
907
907
906
906
906
906
906
906
906
906
905
905
906
906
906
907
906
905
906
907
906
906
906
906
907
906
905
904
904
904
904
903
901
902
902
901
901
900
900
901
901
901
901
901
901
902
901
901
901
900
901
900
899
898
898
898
898
898
898
897
897
897
898
899
899
899
899
900
900
900
900
900
900
900
900
899
899
899
899
899
898
898
898
898
898
899
899
898
898
897
897
898
898
898
897
896
896
897
897
896
895
895
895
895
895
895
894
894
895
896
896
896
896
896
896
896
897
897
897
897
897
896
897
897
897
897
896
896
896
896
896
896
896
896
896
897
896
897
896
896
895
895
896
896
895
895
894
894
895
894
893
892
892
892
893
893
893
894
894
894
894
895
895
895
895
895
895
895
895
894
893
893
893
893
893
893
893
893
894
895
894
894
894
894
894
894
895
894
894
894
894
894
894
893
893
