0.4438,0.9094,1.8018,2.8494,4.7506,7.195,9.8334,12.084,14.8,15.886,15.925
0.2886,0.8318,1.6466,2.8882,4.673,7.1174,9.9886,12.511,14.839,16.003,16.197
0.3662,0.9094,1.8018,2.6942,4.9058,7.2338,9.7946,11.967,14.606,15.847,16.041
0.4438,0.7542,1.8018,2.8106,4.7506,7.0786,9.8334,12.394,15.11,15.925,16.08
0.4438,0.793,1.7242,2.8106,5.0222,7.4666,9.6394,12.123,14.761,15.925,16.197
0.405,0.7542,1.7242,2.7718,4.7894,7.0786,9.911,12.394,14.916,16.313,15.964
0.4438,0.9482,1.8794,2.733,4.9834,7.3114,9.6006,12.123,14.683,15.886,16.158
0.3274,0.8706,1.569,2.7718,4.867,7.2338,9.9886,12.317,14.994,16.119,15.925
0.4438,0.9482,1.6466,2.6554,4.673,7.389,9.7946,12.355,14.8,15.964,16.235
0.4438,0.8706,1.6854,2.8882,4.9058,7.2338,10.144,12.394,14.839,16.041,16.158
0.2886,0.793,1.6078,2.7718,4.8282,7.6218,9.717,12.433,14.606,16.041,16.274
0.405,0.9482,1.569,2.8882,4.8282,7.3114,10.027,12.278,14.839,15.809,15.925
0.405,0.9094,1.763,2.7718,4.7118,7.4666,9.717,12.511,14.683,15.964,16.158
0.405,0.9482,1.7242,2.733,4.7894,7.2726,10.144,12.239,14.8,16.003,16.235
0.3662,0.8706,1.7242,2.733,4.9446,7.195,9.8722,12.511,14.877,16.197,16.352
0.405,0.9482,1.7242,2.8106,4.7506,7.2338,9.8334,12.239,14.916,15.925,16.158
0.4438,0.8318,1.6078,2.8882,5.0222,7.1174,9.8722,12.549,14.683,16.158,16.235
0.405,0.793,1.7242,2.6942,4.7506,7.2726,10.027,12.239,14.683,15.886,16.274
0.4438,0.8706,1.7242,2.8494,4.7894,7.0398,9.8722,12.511,14.839,15.886,16.274
0.2498,0.8318,1.8018,2.8106,4.7506,7.3114,9.911,12.2,14.877,15.77,16.197
0.3662,0.9094,1.6854,2.733,4.8282,7.001,9.8334,12.355,14.877,16.041,16.352
0.4438,0.9094,1.8406,2.7718,4.9834,7.3114,9.7558,12.161,14.683,16.197,16.119
0.4438,0.9094,1.6466,2.8882,4.6342,7.0398,9.8722,12.355,14.955,16.197,16.08
0.4826,0.793,1.8406,2.7718,5.061,7.3502,9.7946,12.006,14.761,16.158,16.119
0.3662,0.8318,1.6854,3.0434,4.9058,7.195,9.7946,12.472,14.994,16.197,16.08
0.2498,0.8318,1.6854,2.8106,4.8282,7.3114,9.6782,12.161,14.683,16.313,16.003
0.4438,0.793,1.6466,3.0046,4.7506,7.3114,9.911,12.472,14.877,15.964,15.809
0.4438,0.8318,1.763,2.8106,4.8282,7.3114,9.7558,12.084,14.567,16.197,16.041
0.2886,0.7542,1.763,2.8882,4.9834,7.3114,9.911,12.433,14.955,16.08,15.964
0.3662,0.793,1.6466,2.733,4.6342,7.4666,9.717,12.006,14.683,16.235,16.08
0.4438,0.793,1.8406,2.927,4.867,7.0786,10.027,12.433,14.994,16.235,15.925
0.405,0.793,1.763,2.7718,4.7894,7.4666,9.6782,12.317,14.567,16.468,16.158
0.405,0.793,1.6854,2.8494,4.867,7.195,9.911,12.278,14.877,16.274,15.925
0.3274,0.8318,1.7242,2.927,4.9058,7.4278,9.7558,12.588,14.645,16.313,16.158
0.405,0.8706,1.7242,2.8106,4.6342,7.1174,9.9498,12.239,14.761,16.274,16.003
0.4826,0.8318,1.7242,2.8106,4.9834,7.2338,9.717,12.627,14.761,16.235,15.809
0.2886,0.9094,1.8018,2.8494,4.7506,7.1174,10.027,12.317,14.722,16.391,16.041
0.4438,0.8706,1.6854,2.6554,4.8282,7.1174,9.523,12.588,14.489,16.041,16.041
0.405,0.8318,1.6854,2.8494,4.9834,7.0398,9.9886,12.278,14.916,16.507,15.925
0.4438,0.8318,1.7242,2.7718,4.7118,7.2338,9.6006,12.588,14.645,16.274,15.886
0.2886,0.8318,1.6854,2.8494,4.7894,7.1562,9.9886,12.2,14.8,16.391,15.847
0.3274,0.8318,1.8018,2.733,4.9058,7.1562,9.6006,12.472,14.683,16.429,16.08
0.4438,0.7542,1.6854,2.6942,4.7506,7.195,9.9498,12.2,14.722,16.507,15.731
0.2886,0.8318,1.8794,2.6942,4.867,7.0786,9.717,12.355,14.994,16.352,15.809
0.4826,0.9094,1.7242,2.8106,4.7894,7.2726,10.027,12.2,14.8,16.507,15.77
0.405,0.9482,1.8018,2.6554,4.9058,7.2338,9.6782,12.549,14.8,16.274,15.809
0.4438,0.9094,1.569,2.8494,4.6342,7.5054,9.7946,12.084,14.839,16.391,15.77
0.2886,0.9482,1.763,2.7718,5.0222,7.195,9.6006,12.472,15.071,16.429,15.77
0.405,0.9094,1.8018,2.8882,4.7118,7.3502,10.105,12.123,14.8,16.507,15.576
0.405,0.8318,1.6854,2.8494,4.9058,7.0398,9.7946,12.472,14.839,16.546,15.731
0.2498,0.9094,1.8406,2.8494,4.8282,7.1562,10.066,12.2,14.761,16.235,15.653
0.4438,0.793,1.6854,2.8494,4.7506,7.195,9.6394,12.394,14.916,16.507,15.886
0.405,0.793,1.8406,2.8494,4.8282,7.2338,10.144,12.433,14.683,16.313,15.653
0.4438,0.8706,1.6854,2.8494,4.8282,7.1562,9.6006,12.317,14.916,16.352,15.77
0.405,0.8318,1.8794,2.8882,4.867,7.2338,9.911,12.433,14.683,16.391,15.731
0.3662,0.8706,1.6078,2.6554,4.7894,7.0786,9.7558,12.355,14.722,16.701,15.731
0.4438,0.9482,1.8406,2.8882,4.9834,7.389,9.9886,12.549,14.839,16.507,15.731
0.2886,0.9094,1.569,2.6942,4.8282,7.195,9.7558,12.355,14.683,16.701,15.77
0.4438,0.9094,1.8406,2.8106,4.9834,7.1174,9.911,12.511,14.489,16.468,15.847
0.3274,0.8706,1.763,2.7718,4.7894,7.2726,9.6006,12.355,14.839,16.507,15.459
0.3274,0.8706,1.6854,2.8882,5.0222,7.2338,9.8722,12.317,14.645,16.391,15.615
0.2886,0.7542,1.569,2.733,4.7506,7.2726,9.7558,12.317,14.8,16.119,15.576
0.4438,0.8706,1.8406,2.8106,4.9058,7.1562,9.7946,12.394,14.839,16.197,15.809
0.4826,0.8706,1.6078,2.8106,4.867,7.2726,9.717,12.278,14.877,16.313,15.731
0.405,0.8318,1.6078,2.8494,4.8282,7.1562,9.6394,12.433,14.839,16.468,15.886
0.2886,0.7154,1.569,2.7718,4.9058,7.3502,9.8334,12.239,14.839,16.197,15.692
0.405,0.7542,1.8018,2.8882,4.7894,7.0398,9.8722,12.588,14.606,16.313,15.77
0.2886,0.793,1.6854,2.8106,4.8282,7.3502,9.911,12.2,14.839,16.274,15.77
0.4438,0.8318,1.763,2.8494,4.6342,7.001,9.7946,12.588,14.877,16.352,16.003
0.405,0.8318,1.763,2.733,5.0222,7.389,9.8334,12.084,14.839,16.197,15.77
0.4826,0.9094,1.6078,2.8882,4.8282,7.1174,9.6394,12.588,14.606,16.313,15.925
0.405,0.8706,1.8018,2.8106,5.0998,7.4666,9.8334,12.161,14.877,16.119,15.77
0.2886,0.8318,1.6854,2.6942,4.7894,7.1562,9.6006,12.317,14.606,16.429,16.08
0.4438,0.8706,1.8794,2.6942,4.9058,7.5054,9.8334,12.2,14.722,16.352,15.847
0.3662,0.7542,1.569,2.6942,4.7118,7.0786,9.6394,12.355,14.606,16.158,15.964
0.3274,0.793,1.8406,2.927,4.9446,7.5054,9.911,12.084,14.722,16.235,15.925
0.4438,0.7154,1.6854,2.6554,4.867,7.3502,9.6782,12.317,14.916,15.964,16.119
0.4438,0.9094,1.6078,2.8494,4.8282,7.583,10.027,12.355,14.722,16.041,15.77
0.405,0.7542,1.6854,2.8494,4.9058,7.195,9.5618,12.433,14.877,15.77,16.08
0.4438,0.9482,1.6854,3.0434,4.7894,7.2338,9.8722,12.433,14.683,16.197,15.809
0.3274,0.7154,1.763,2.733,4.9834,7.1174,9.5618,12.278,14.955,15.925,16.197
0.405,0.8706,1.6078,3.0434,4.6342,7.3502,9.9886,12.433,14.8,16.119,16.041
0.4826,0.8318,1.8018,2.8106,5.0222,7.2726,9.6394,12.2,14.916,15.886,16.08
0.405,0.8318,1.7242,2.927,4.7894,7.2726,10.027,12.588,14.8,16.235,15.925
0.4438,0.793,1.8018,2.733,4.867,7.1562,9.6782,12.239,14.839,15.964,16.313
0.4438,0.7542,1.7242,2.8494,4.673,7.1562,10.027,12.627,14.761,15.925,16.041
0.4438,0.8706,1.763,2.8494,4.9446,7.1174,9.717,12.161,14.761,16.119,16.119
0.4438,0.8318,1.6078,2.8882,4.7506,7.1174,10.183,12.588,14.683,16.119,15.925
0.4438,0.793,1.8018,2.6942,4.7506,7.2726,9.6782,12.084,14.994,16.158,16.313
0.3274,0.8318,1.6854,2.9658,4.8282,7.2338,9.9498,12.355,14.567,16.08,16.158
0.4438,0.987,1.8018,2.733,4.867,7.2338,9.7946,12.278,14.8,16.041,16.197
0.405,0.793,1.763,2.8882,4.9446,7.2726,10.066,12.433,14.567,16.119,16.158
0.405,0.793,1.6854,2.8494,4.7506,7.3114,9.8334,12.161,15.033,15.809,16.158
0.3662,0.8318,1.8018,2.7718,4.8282,7.0786,9.9498,12.511,14.645,15.847,16.003
0.405,0.9094,1.6854,2.733,4.6342,7.4278,9.8334,12.278,14.839,16.235,16.352
0.3274,0.793,1.8406,2.927,4.9058,7.1174,9.911,12.433,14.567,16.119,16.041
0.405,0.8706,1.7242,2.7718,4.8282,7.2338,9.8334,12.511,14.8,15.964,16.041
0.4826,0.8706,1.8406,2.733,5.061,6.9622,9.7558,12.278,14.722,15.925,16.08
0.405,0.9094,1.569,2.8106,4.7118,7.389,9.8722,12.588,14.8,16.041,16.119
0.4438,0.8706,1.6854,2.8494,4.9058,7.1562,9.717,12.317,14.761,15.809,16.003
0.3274,0.8706,1.7242,2.8494,4.7894,7.5054,9.911,12.472,14.916,16.08,16.235
0.2886,0.8318,1.763,2.7718,4.9834,7.0786,9.6782,12.239,14.8,15.886,16.235
0.5214,0.7542,1.7242,2.6942,4.7894,7.2726,9.8334,12.588,14.839,16.08,16.158
0.4438,0.8706,1.6854,2.8106,4.9446,7.2726,9.6394,12.278,14.761,16.003,16.119
0.4826,0.7542,1.8018,2.733,4.867,7.2726,9.8722,12.588,14.683,16.274,16.08
0.4826,0.9482,1.7242,2.8106,4.7506,7.1562,9.6006,12.2,14.916,15.925,15.925
0.405,0.8706,1.8794,2.8106,4.7506,7.3502,9.8722,12.588,14.877,16.041,16.274
0.4438,0.9482,1.6854,2.8106,4.673,7.389,9.6006,12.161,14.606,16.041,16.119
0.3662,0.8318,1.7242,2.8882,4.9446,7.1174,9.8722,12.588,14.567,16.197,16.08
0.4438,0.793,1.6078,2.8106,4.7506,7.195,9.717,12.045,14.839,16.235,15.809
0.3662,0.8706,1.8018,2.8494,4.7506,7.0398,9.9498,12.394,14.645,16.391,16.158
0.405,0.793,1.8018,2.8106,4.6342,7.195,9.6782,12.161,14.8,16.08,16.041
0.2886,0.8706,1.569,2.8882,5.0222,7.1174,9.9498,12.394,14.683,16.313,16.08
0.2498,0.7542,1.763,2.8106,4.673,7.3502,9.523,12.2,14.722,16.08,15.964
0.4438,0.8318,1.7242,2.8882,5.0222,7.1174,10.027,12.472,14.839,16.235,16.003
0.3662,0.7542,1.8018,2.8106,4.5954,7.4666,9.6394,12.317,14.722,16.158,15.809
0.2498,0.8318,1.7242,2.8494,5.0222,7.1562,9.911,12.394,14.567,16.313,16.158
0.4438,0.8706,1.8406,2.6554,4.8282,7.583,9.523,12.278,14.8,16.274,15.809
0.2886,0.8318,1.6854,3.0046,4.867,7.195,9.7946,12.511,14.645,16.352,15.847
0.3662,0.8706,1.8406,2.8106,4.7118,7.6218,9.6782,12.161,14.877,16.352,15.925
0.4438,0.8318,1.7242,2.9658,4.9058,7.3114,9.8334,12.511,14.606,16.352,16.08
0.3662,0.9094,1.8794,2.6554,4.8282,7.6218,9.717,12.239,14.916,16.235,15.77
0.3274,0.8706,1.6854,3.0046,4.867,7.195,9.8722,12.355,14.645,16.352,15.964
0.4438,0.9482,1.8018,2.8106,4.9446,7.4278,9.8334,12.433,14.839,16.585,15.576
0.4438,0.8706,1.6078,2.9658,4.7894,7.0786,9.6782,12.239,14.645,16.546,16.041
0.2498,0.9482,1.569,2.8106,4.867,7.4278,9.7558,12.239,14.916,16.623,15.731
0.4826,0.8706,1.763,2.927,4.7894,7.1562,9.7946,12.278,14.722,16.546,15.964
0.3274,0.8706,1.6078,2.8106,4.7506,7.195,9.7946,12.472,14.683,16.429,15.537
0.405,0.7154,1.763,2.927,4.9058,7.2338,9.6394,12.355,14.567,16.274,15.692
0.405,0.793,1.7242,2.733,4.8282,7.3114,9.7946,12.549,14.916,16.235,15.731
0.3662,0.8706,1.8406,2.927,4.7894,7.3114,9.7946,12.317,14.528,16.468,15.809
0.4438,0.9094,1.7242,2.7718,4.867,7.0786,9.9886,12.433,14.916,16.429,15.692
0.4438,0.9094,1.6466,2.8882,4.7894,7.389,9.7558,12.161,14.645,16.546,15.692
0.405,0.9094,1.7242,2.7718,4.9446,7.1562,9.8334,12.433,14.955,16.429,15.653
0.4438,0.8706,1.8018,2.8494,4.8282,7.3114,9.6782,12.278,14.606,16.546,15.77
0.3662,0.7542,1.569,2.6554,4.867,7.1174,9.9498,12.511,14.839,16.468,15.692
0.405,0.793,1.7242,2.7718,4.9058,7.3114,9.7946,12.084,14.606,16.507,15.77
0.3274,0.793,1.6466,2.8106,4.9446,7.2338,9.9498,12.549,14.877,16.197,15.692
0.4826,0.793,1.763,2.7718,4.8282,7.389,9.7558,12.084,14.645,16.585,15.886
0.4438,0.793,1.6854,2.8106,4.7894,7.2338,9.9886,12.511,14.877,16.468,15.576
0.3662,0.8706,1.6466,2.8106,5.061,7.4278,9.6782,12.045,14.412,16.546,15.809
0.3662,0.7154,1.7242,2.8494,4.7506,7.2338,9.8722,12.511,14.839,16.429,15.498
0.4438,0.793,1.5302,2.6554,4.9834,7.3114,9.6394,12.2,14.645,16.429,15.77
0.4438,0.8318,1.8406,2.7718,4.673,7.2338,9.9498,12.355,14.8,16.235,15.576
0.3274,0.8318,1.763,2.8106,4.9834,7.195,9.4842,12.2,14.683,16.235,15.964
0.4826,0.8318,1.8406,2.8494,4.7894,7.195,9.8722,12.433,14.955,16.274,15.615
0.405,0.793,1.5302,2.7718,4.867,7.3502,9.523,12.278,14.722,16.623,15.77
0.3274,0.7154,1.8018,2.8494,4.867,7.3114,9.8722,12.433,14.877,16.197,15.77
0.3662,0.793,1.6854,2.8106,4.7894,7.2338,9.6782,12.2,14.683,16.507,15.847
0.4438,0.7154,1.6078,2.7718,4.867,7.4666,9.9886,12.355,14.839,16.235,15.615
0.405,0.793,1.7242,2.7718,4.7894,7.2338,9.6006,12.394,14.606,16.352,15.809
0.3662,0.793,1.763,2.8494,5.0222,7.5054,9.9886,12.317,14.722,16.158,15.77
0.4438,0.793,1.763,2.8106,4.5566,7.1562,9.523,12.472,14.839,16.119,15.809
0.4438,0.8318,1.763,2.8106,4.9058,7.4666,9.9498,12.355,14.8,16.235,15.809
0.2886,0.8318,1.8794,2.6942,4.867,7.0398,9.6394,12.433,14.8,16.391,15.886
0.4826,0.8706,1.569,2.8106,4.867,7.389,9.8722,12.123,14.8,16.313,15.77
0.4826,0.8318,1.8018,2.8882,4.8282,7.1562,9.6006,12.433,15.071,16.352,15.77
0.3662,0.7542,1.8018,2.8494,4.7118,7.389,9.9886,12.317,14.761,16.119,16.041
0.405,0.8706,1.8018,2.8882,4.9834,7.2338,9.7558,12.588,14.955,16.119,15.731
0.4438,0.8318,1.7242,2.8882,4.5566,7.389,9.911,12.278,14.8,16.08,15.847
0.2886,0.8706,1.7242,2.8494,5.061,7.2338,9.717,12.472,15.11,15.809,15.576
0.4826,0.7542,1.763,2.6942,4.673,7.389,9.9886,12.161,14.839,16.235,16.041
0.2886,0.8706,1.569,2.8106,4.9446,7.3114,9.7946,12.472,14.955,15.925,15.886
0.405,0.793,1.6466,2.9658,4.7118,7.389,10.105,12.239,14.877,16.119,16.08
0.2498,0.7154,1.7242,2.8106,4.867,7.3114,9.8334,12.627,14.916,15.964,15.886
0.3274,0.793,1.7242,2.9658,4.867,7.2338,9.911,12.161,14.8,16.158,15.964
0.3662,0.793,1.763,2.6942,4.6342,7.3502,9.6782,12.511,14.916,16.08,16.041
0.2886,0.8706,1.6854,2.8494,4.9446,7.2338,9.8334,12.123,14.877,16.119,16.119
0.4438,0.8318,1.8018,2.733,4.6342,7.3114,9.717,12.588,14.994,15.886,16.003
0.3662,0.8706,1.6078,2.8882,4.9834,7.0786,10.066,12.239,14.606,16.158,16.08
0.4438,0.8318,1.6466,2.6942,4.6342,7.2726,9.7946,12.549,14.8,16.197,15.925
0.3662,0.9094,1.7242,2.8882,4.9446,7.0786,9.911,12.317,14.8,15.847,16.197
0.4438,0.9482,1.6078,2.733,4.867,7.3502,9.8722,12.511,14.877,16.158,15.886
0.405,0.9482,1.7242,2.9658,4.7894,6.9622,9.911,12.278,14.645,15.886,16.197
0.2886,0.8706,1.763,2.733,4.9058,7.195,9.911,12.472,14.994,16.08,15.964
0.405,0.793,1.8018,2.8882,4.7118,7.2338,9.7946,12.239,14.683,15.925,16.158
0.3662,0.8706,1.6466,2.7718,4.9834,7.195,9.7946,12.433,14.916,16.08,16.197
0.405,0.8318,1.8406,2.8106,4.673,7.2338,9.7558,12.161,14.683,16.041,16.235
0.4438,0.8318,1.6466,2.7718,4.9446,7.4278,9.8722,12.588,14.955,16.197,16.119
0.4438,0.793,1.7242,2.8882,4.5954,7.195,9.717,12.123,14.916,16.08,15.925
0.405,0.7542,1.569,2.7718,5.061,7.4278,10.027,12.355,14.839,15.809,16.119
0.405,0.8706,1.763,2.7718,4.8282,7.1174,9.6782,12.2,14.916,16.041,16.08
0.3274,0.7542,1.6466,2.8106,5.0222,7.2726,9.9886,12.433,14.955,15.925,16.041
0.3662,0.8318,1.6078,2.733,4.8282,7.1562,9.6006,12.472,14.955,15.925,16.041
0.4826,0.8706,1.8018,2.733,4.7894,7.195,9.7558,12.472,14.761,15.925,15.886
0.405,0.9094,1.6854,2.8106,4.867,7.0786,9.6006,12.433,15.071,16.119,16.274
0.405,0.8318,1.8406,2.8494,4.7506,7.3114,10.027,12.161,14.916,15.964,15.964
0.4826,0.8318,1.6854,2.8494,4.9446,7.0786,9.523,12.549,15.033,16.197,16.158
0.405,0.793,1.6078,2.8494,4.7506,7.2726,9.911,12.355,14.761,16.003,16.041
0.4826,0.8706,1.8018,2.8494,5.0222,6.9622,9.6394,12.588,14.994,16.274,16.041
0.3662,0.9094,1.8018,2.733,4.7118,7.3114,9.9886,12.278,14.8,16.158,16.08
0.4826,0.8706,1.8018,2.8494,4.867,7.1174,9.7558,12.433,14.839,16.041,16.235
0.2886,0.9482,1.763,2.8106,4.9058,7.389,10.105,12.278,14.683,16.197,15.925
0.4826,0.8318,1.763,2.8882,4.8282,7.195,9.6006,12.472,14.955,16.391,15.925
0.3274,0.9482,1.6466,2.8494,4.9058,7.5442,9.9886,12.278,14.761,16.08,16.003
0.3274,0.793,1.8406,2.8494,4.8282,7.1562,9.717,12.472,14.761,16.119,16.158
0.4438,0.8706,1.569,2.8106,4.673,7.5442,9.9886,12.317,14.761,16.235,15.809
0.405,0.9094,1.6466,2.733,4.6342,7.3114,9.717,12.549,14.994,16.119,16.041
0.405,0.8318,1.569,2.733,4.7506,7.4278,9.911,12.161,14.8,16.119,15.77
0.4438,0.8318,1.8018,2.6942,4.7506,7.195,9.717,12.472,14.839,16.158,16.003
0.4438,0.8318,1.6078,2.8494,4.7506,7.1174,9.9498,12.355,14.8,16.468,15.964
0.4438,0.8706,1.6078,2.6554,4.673,7.1174,9.911,12.511,14.916,16.352,16.041
0.2886,0.7154,1.6466,2.8494,4.9058,7.2338,9.7558,12.278,14.839,16.352,15.925
0.4438,0.793,1.6078,2.8106,4.8282,7.2338,9.7946,12.549,14.839,16.235,15.964
0.3662,0.7154,1.7242,3.0046,5.0222,7.1562,9.6394,12.2,15.033,16.313,15.731
0.2886,0.7542,1.6854,2.6166,4.8282,7.195,9.7558,12.433,14.8,16.158,16.041
0.405,0.8706,1.8018,3.0046,4.7894,7.0398,9.6782,12.161,14.761,16.507,15.77
0.3662,0.9482,1.6854,2.7718,4.5954,7.3114,9.8334,12.627,14.994,16.507,16.003
0.405,0.9094,1.8794,3.0046,4.8282,7.195,9.717,12.2,14.955,16.585,15.615
0.3662,0.9482,1.6854,2.8106,4.7506,7.3502,9.8334,12.588,14.8,16.468,16.003
0.4438,0.9094,1.8406,2.9658,4.867,7.195,9.5618,12.084,14.839,16.468,15.77
0.4438,0.793,1.6466,2.8106,4.673,7.389,9.8334,12.433,14.916,16.391,15.847
0.3662,0.9094,1.8406,2.927,4.9446,7.195,9.4454,12.123,14.877,16.429,15.615
0.4438,0.9094,1.6854,2.6942,4.673,7.4666,9.911,12.549,14.8,16.546,15.847
0.3662,0.8706,1.8018,2.8882,4.9834,7.2338,9.6782,12.2,15.227,16.585,15.459
0.4438,0.793,1.6854,2.8106,4.7894,7.3502,9.911,12.394,14.839,16.546,15.925
0.4438,0.8706,1.7242,2.8882,5.0222,7.2338,9.523,12.2,14.916,16.546,15.615
0.4438,0.8706,1.8018,2.733,4.6342,7.5054,9.9498,12.511,14.8,16.429,15.692
0.2886,0.8706,1.7242,2.8494,5.0222,7.195,9.6394,12.317,15.11,16.352,15.692
0.4438,0.9094,1.8018,2.7718,4.7506,7.4278,9.8722,12.511,14.877,16.507,15.731
0.3662,0.7542,1.8018,2.927,5.0998,7.1562,9.6006,12.239,14.916,16.391,15.615
0.2886,0.8706,1.6854,2.7718,4.7894,7.5054,10.066,12.433,14.839,16.352,15.653
0.3662,0.8706,1.569,2.8106,4.9446,7.1174,9.4454,12.2,14.877,16.352,15.576
0.4438,0.9094,1.8794,2.6554,4.8282,7.3114,9.9886,12.549,14.722,16.623,15.847
0.3662,0.8318,1.6078,2.6942,4.9834,7.195,9.6394,12.588,14.994,16.507,15.731
0.405,0.7154,1.6854,2.7718,4.6342,7.2338,10.066,12.161,14.683,16.623,15.809
0.405,0.9094,1.6078,2.7718,4.867,7.1562,9.6394,12.549,14.916,16.274,15.615
0.405,0.7542,1.7242,2.8494,4.7506,7.0398,9.8334,12.317,14.722,16.468,15.615
0.405,0.9094,1.7242,2.8882,4.9446,7.2338,9.5618,12.511,14.994,16.235,15.576
0.405,0.793,1.6854,2.927,4.8282,7.2726,9.9886,12.2,14.761,16.429,15.809
0.405,0.7542,1.6854,2.7718,4.7894,7.389,9.6394,12.433,14.916,16.352,15.653
0.405,0.793,1.7242,2.7718,4.673,7.1562,10.027,12.278,15.11,16.546,15.847
0.5214,0.793,1.6854,2.8494,4.8282,7.389,9.717,12.511,14.8,16.468,15.537
0.405,0.9094,1.6466,2.8882,4.867,7.2338,9.9886,12.239,14.955,16.274,15.925
0.4438,0.9094,1.6466,2.8494,4.9446,7.583,9.6006,12.511,14.877,16.158,15.692
0.3274,0.8706,1.6466,2.8494,4.867,7.1174,9.9886,12.084,15.11,16.08,15.925
0.405,0.793,1.6466,2.8106,4.867,7.4666,9.6782,12.394,14.994,16.507,15.653
0.405,0.8706,1.569,2.927,4.7118,7.0398,9.9498,12.045,14.916,16.274,15.886
0.405,0.8318,1.8794,2.8106,4.867,7.389,9.7558,12.472,14.916,16.391,15.809
0.4438,0.9482,1.6466,2.8882,4.7118,7.0786,9.8722,12.084,15.033,16.313,15.925
0.4438,0.8706,1.7242,2.8882,4.9446,7.2338,9.8334,12.511,14.839,16.352,15.692
0.3274,0.9482,1.569,2.8882,4.7894,7.2338,9.911,12.2,15.071,16.08,15.77
0.3662,0.9094,1.6854,2.8494,4.9446,7.0398,9.717,12.472,14.839,16.235,15.886
0.3274,0.9482,1.763,2.8882,4.9058,7.195,9.8334,12.006,15.149,16.158,16.003
0.405,0.793,1.6854,2.8106,4.7506,7.001,9.7558,12.472,14.761,16.313,15.615
0.405,0.7154,1.7242,2.8494,4.7894,7.2338,9.7558,12.2,15.188,16.235,15.809
0.4826,0.8706,1.6466,2.8106,4.7506,7.0786,9.911,12.355,14.916,16.158,16.003
0.4826,0.8706,1.7242,2.8882,4.9446,7.2726,9.6782,12.161,14.877,16.08,16.197
0.3662,0.8706,1.763,2.7718,4.8282,7.1174,9.8334,12.511,14.8,16.08,15.809
0.3274,0.9094,1.6854,2.927,4.9834,7.4278,9.7946,12.161,15.11,16.041,16.158
0.3274,0.8706,1.7242,2.8106,4.6342,7.1562,9.911,12.433,14.8,16.041,15.886
0.3274,0.9094,1.8018,2.8882,4.867,7.389,9.7558,12.161,14.916,16.235,16.08
0.4826,0.9094,1.569,2.733,4.7118,7.2338,9.911,12.394,14.839,15.847,15.925
0.3662,0.8318,1.8794,2.8106,4.9058,7.389,9.7946,12.161,15.071,16.197,16.197
0.4438,0.9482,1.569,2.6942,4.7894,7.2726,9.9886,12.433,14.683,15.925,15.809
0.4438,0.8706,1.7242,2.927,5.0222,7.2726,9.7946,12.278,14.955,16.041,16.08
0.2886,0.9482,1.7242,2.8106,4.8282,7.3502,9.9498,12.394,14.955,15.925,16.119
0.4438,0.8706,1.8406,2.8882,5.0222,7.2338,9.6782,12.2,14.839,16.08,16.235
0.4826,0.8706,1.7242,2.7718,4.7894,7.3502,9.8722,12.355,14.955,16.08,16.003
0.405,0.8706,1.6854,2.927,4.9446,7.0398,9.717,12.278,14.994,15.886,16.158
0.4438,0.9482,1.8018,2.7718,4.7894,7.2726,9.8722,12.433,15.071,16.119,15.886
0.405,0.8706,1.8018,2.8106,5.0222,7.0786,9.6394,12.161,14.877,15.809,16.158
0.3274,0.8318,1.8018,2.6554,4.7894,7.3502,9.911,12.394,15.11,15.886,16.003
0.4826,0.8706,1.6078,2.8882,5.061,7.0398,9.717,12.161,14.761,15.731,16.197
0.405,0.8706,1.8406,2.7718,4.7894,7.3114,10.105,12.239,14.994,16.119,16.158
0.4438,0.8706,1.6854,2.9658,5.061,7.001,9.6006,12.317,14.877,16.003,16.08
0.405,0.9094,1.8794,2.8106,4.6342,7.2338,10.066,12.317,15.149,16.119,16.158
0.2498,0.8706,1.569,2.927,5.061,6.9622,9.6782,12.433,14.761,15.925,16.313
0.3662,0.8318,1.8794,2.8106,4.7894,7.389,9.911,12.278,15.033,16.08,15.964
0.4438,0.8318,1.6078,2.9658,4.867,7.1562,9.5618,12.394,14.8,15.964,16.391
0.3274,0.793,1.8406,2.6554,4.673,7.2726,9.9886,12.045,14.839,16.08,16.041
0.4826,0.9482,1.6854,2.927,4.7894,7.2726,9.6394,12.666,14.877,16.235,16.352
0.4438,0.8706,1.6078,2.8106,4.7506,7.2338,9.9886,12.239,15.071,16.274,16.041
0.3662,0.9482,1.6466,3.0046,5.0222,7.3114,9.6006,12.588,14.955,16.08,16.313
0.4438,0.8318,1.6854,2.733,4.867,7.3502,10.027,12.278,14.839,16.391,16.003
0.3274,0.8706,1.6078,2.927,4.9834,7.3502,9.6006,12.317,15.071,16.313,16.08
0.4438,0.793,1.8018,2.927,4.867,7.195,10.027,12.123,14.916,16.08,16.08
0.3274,0.793,1.6466,2.8106,4.9058,7.4278,9.717,12.549,14.994,16.119,16.119
0.4438,0.8318,1.6078,2.8494,4.867,7.2338,10.066,12.045,14.839,16.119,15.964
0.405,0.8318,1.8406,2.8494,4.9058,7.5442,9.7946,12.433,14.994,16.468,16.003
0.4438,0.7542,1.6466,2.8494,4.867,7.1562,9.9886,12.123,14.8,16.197,15.886
0.3662,0.9094,1.7242,2.8882,4.867,7.4666,9.6006,12.549,15.227,16.391,15.809
0.4438,0.793,1.7242,2.8106,4.867,7.0398,10.066,12.084,14.839,16.313,15.964
0.405,0.8318,1.763,2.7718,4.867,7.0786,9.7946,12.511,15.033,16.391,16.041
0.4438,0.987,1.7242,2.9658,4.9446,7.1562,10.144,12.239,14.8,16.235,15.847
0.405,0.8706,1.8018,2.8494,4.7894,7.1174,9.6394,12.433,15.11,16.623,15.964
0.2886,0.987,1.6854,2.9658,4.7506,7.0786,9.9886,12.2,14.8,16.507,15.847
0.4826,0.8706,1.6466,2.8882,4.5954,6.9234,9.7558,12.355,14.877,16.507,16.041
0.2886,0.7542,1.6466,2.9658,4.9834,7.2726,10.027,12.239,14.839,16.391,15.809
0.4438,0.9094,1.6854,2.8882,4.5954,6.9622,9.8334,12.355,15.071,16.429,16.003
0.405,0.793,1.8018,3.0434,5.0222,7.195,10.027,12.278,14.8,16.391,15.731
0.3662,0.9094,1.6854,2.8494,4.7894,6.9622,9.6782,12.549,14.994,16.313,15.653
0.2886,0.9482,1.7242,3.0434,5.061,7.5054,10.027,12.2,14.955,16.623,15.731
0.4438,0.8318,1.6854,2.7718,4.7506,7.195,9.7946,12.511,14.839,16.468,15.809
0.405,0.8318,1.8794,3.0434,5.061,7.5054,9.911,12.2,14.683,16.429,15.77
0.4438,0.8706,1.7242,2.733,4.7506,7.1562,9.717,12.394,15.149,16.507,15.847
0.405,0.9094,1.6466,2.9658,5.0222,7.3114,9.8722,12.045,14.839,16.623,15.537
0.4438,0.793,1.763,2.8882,4.7506,7.3114,9.8722,12.549,14.916,16.468,15.847
0.405,0.7542,1.6078,3.0046,4.8282,7.4278,9.7946,12.045,15.11,16.352,15.615
0.3662,0.9094,1.6466,2.8882,4.7894,7.389,9.8334,12.588,15.033,16.391,15.847
0.405,0.793,1.6466,2.9658,4.9834,7.2338,9.717,12.278,14.955,16.701,15.576
0.2886,0.8318,1.8018,2.8494,4.867,7.3502,9.8334,12.317,15.071,16.429,15.653
0.3274,0.7154,1.569,2.8882,4.9446,7.1174,9.9498,12.123,15.071,16.585,15.537
0.4438,0.9094,1.6854,2.927,4.6342,7.3502,9.9498,12.472,14.8,16.546,15.77
0.3274,0.793,1.7242,2.8882,4.7506,7.0786,9.8334,12.161,15.188,16.507,15.615
0.4438,0.793,1.7242,2.927,4.7894,7.3114,9.7558,12.588,14.761,16.352,15.653
0.4438,0.793,1.7242,2.8106,4.8282,6.9622,9.8722,12.278,15.033,16.507,15.459
0.3662,0.8706,1.6854,2.9658,4.867,7.3502,9.7558,12.394,14.916,16.585,15.537
0.4826,0.9094,1.7242,2.8882,4.7506,6.9622,9.7946,12.161,15.071,16.701,15.615
0.4438,0.7542,1.6854,2.8882,4.867,7.2338,9.7946,12.433,14.877,16.468,15.615
0.3662,0.793,1.6078,2.927,4.9058,7.1174,9.717,12.511,15.188,16.391,15.653
0.3274,0.793,1.6854,2.9658,4.8282,7.3114,9.911,12.355,14.839,16.391,15.576
0.4438,0.7542,1.6078,2.8494,4.8282,7.1174,9.6782,12.278,15.033,16.08,15.421
0.3662,0.7542,1.7242,2.9658,4.867,7.2338,9.911,12.433,14.683,16.391,15.809
0.405,0.9482,1.7242,2.8882,4.7118,7.195,9.6782,12.511,15.11,16.391,15.459
0.4438,0.9094,1.7242,3.0046,4.9058,7.195,9.8722,12.355,14.839,16.546,15.498
0.2886,0.9094,1.8406,2.8494,4.7118,7.3114,9.6006,12.278,14.994,16.391,15.615
0.3662,0.8706,1.7242,2.8494,4.867,7.1562,9.9498,12.355,14.916,16.507,15.459
0.4438,0.8706,1.6854,2.8106,4.7894,7.3114,9.6394,12.355,15.071,16.313,15.886
0.4438,0.7542,1.7242,3.0434,4.7506,7.001,9.9498,12.355,14.916,16.352,15.615
0.3274,0.7154,1.6078,2.6942,4.7118,7.2726,9.6394,12.239,15.071,16.274,15.653
0.3662,0.8318,1.7242,3.0434,4.7894,7.1562,9.9498,12.394,14.877,16.507,15.653
0.3662,0.9094,1.763,2.8882,4.8282,7.389,9.5618,12.355,14.877,16.352,15.615
0.3274,0.9094,1.7242,3.0046,4.9058,7.195,9.9886,12.355,15.071,16.468,15.615
0.3662,0.8318,1.6078,2.7718,4.6342,7.5054,9.6782,12.2,14.955,16.197,15.731
0.4826,0.9482,1.6078,2.8106,4.9834,7.2338,10.027,12.433,14.877,16.235,15.615
0.405,0.8318,1.6466,2.733,4.8282,7.5442,9.717,12.317,15.033,16.158,15.731
0.4438,0.9094,1.8018,2.8882,4.9446,7.0786,10.105,12.472,15.149,16.08,15.692
0.3274,0.8318,1.6466,2.8882,4.8282,7.389,9.7946,12.161,14.877,15.925,15.964
0.4438,0.9094,1.8406,2.8882,4.9446,7.0786,10.066,12.317,14.916,15.964,15.847
0.4438,0.7154,1.7242,2.8882,4.7506,7.389,9.5618,12.239,15.033,16.274,15.964
0.3662,0.793,1.8794,2.927,5.0222,6.9622,10.105,12.433,15.149,15.964,15.925
0.4438,0.8318,1.6078,2.9658,4.7506,7.3114,9.8334,12.2,14.8,16.313,15.925
0.3662,0.7154,1.763,2.8494,4.7894,7.0786,10.027,12.433,15.265,16.041,16.041
0.4438,0.8706,1.7242,2.9658,4.7506,7.195,9.7558,12.278,14.994,15.964,16.08
0.2886,0.793,1.8018,2.8106,4.9834,7.1174,9.9498,12.511,14.955,15.925,16.235
0.3274,0.8706,1.7242,3.0434,4.6342,7.0398,9.7946,12.278,14.877,16.274,15.964
0.5214,0.793,1.763,2.8882,5.061,7.1562,9.7558,12.511,15.11,15.964,16.158
0.4826,0.9094,1.6466,2.8882,4.7506,7.1174,9.717,12.278,14.877,16.158,15.925
0.3274,0.9094,1.7242,2.8494,4.867,7.2726,9.8334,12.549,15.071,16.08,16.119
0.4438,0.8706,1.8794,2.8494,4.8282,7.1562,9.8722,12.161,14.916,16.08,16.003
0.4438,0.7542,1.7242,2.8106,4.9446,7.3114,9.7946,12.627,15.071,16.08,16.08
0.2886,0.9094,1.6854,2.7718,4.8282,7.1562,9.9886,12.2,14.916,15.886,15.925
0.405,0.9094,1.6078,2.927,4.9834,7.3502,9.7946,12.394,15.149,15.925,16.003
0.3662,0.7542,1.7242,2.733,4.7118,7.0786,9.9498,12.278,14.955,16.041,15.886
0.4438,0.8706,1.763,3.121,4.8282,7.4278,9.7558,12.433,15.265,16.003,16.313
0.405,0.9094,1.6854,2.8494,4.9058,7.1562,9.717,12.2,14.955,16.003,15.886
0.3274,0.793,1.6466,2.927,4.7894,7.3114,9.6394,12.355,14.916,16.235,16.197
0.3662,0.8706,1.6466,2.733,4.7894,7.2338,9.911,12.2,14.955,15.847,15.809
0.3274,0.7542,1.8406,2.927,4.7506,7.5442,9.6006,12.511,15.033,15.964,15.964
0.3274,0.8706,1.7242,2.8882,4.9058,7.2726,9.911,12.239,14.877,16.08,15.964
0.4438,0.9482,1.8794,2.8882,4.7894,7.5054,9.4842,12.511,15.149,15.886,16.158
0.405,0.9094,1.6078,2.8882,4.8282,7.0398,9.9498,12.2,14.8,16.158,16.003
0.4438,0.9482,1.8794,2.8882,4.7894,7.4666,9.6394,12.511,14.955,16.235,16.08
0.405,0.8318,1.569,2.927,4.7118,7.1562,9.9886,12.045,14.761,15.964,15.809
0.4438,0.9482,1.8018,2.8494,4.8282,7.3502,9.6782,12.355,15.11,16.313,16.119
0.3662,0.9094,1.7242,2.9658,4.867,6.9234,9.9886,12.161,14.877,16.197,15.964
0.2886,0.9482,1.8018,2.8494,4.7894,7.389,9.717,12.355,14.955,16.08,16.041
0.4438,0.8318,1.8018,3.0046,4.9834,7.1174,9.9886,12.2,14.994,15.964,15.847
0.4438,0.8706,1.6854,2.8494,4.673,7.3114,9.7946,12.627,14.955,16.119,15.964
0.3274,0.9094,1.8406,3.0434,4.9446,7.1174,10.027,12.239,15.149,16.274,15.77
0.3662,0.9094,1.569,2.8494,4.7118,7.1562,9.6394,12.317,15.11,16.158,16.119
0.3274,0.8318,1.7242,2.927,4.867,7.2338,10.027,12.317,15.149,16.313,15.886
0.2886,0.9094,1.7242,2.733,4.8282,7.001,9.717,12.278,14.916,16.119,16.041
0.3274,0.9094,1.7242,2.927,4.9834,7.3114,10.066,12.084,15.033,16.274,15.809
0.405,0.8706,1.6078,2.927,4.673,6.9234,9.6782,12.549,14.955,16.041,15.886
0.405,0.9094,1.6466,2.7718,4.9834,7.195,10.105,12.161,15.033,16.391,15.809
0.3662,0.9094,1.7242,3.0822,4.8282,7.0786,9.7946,12.549,15.033,16.274,16.08
0.4438,0.9094,1.6078,2.8494,4.8282,7.4666,10.105,12.239,15.149,16.507,15.809
0.3662,0.9094,1.6466,3.0434,4.7118,7.0786,9.7946,12.549,14.955,16.274,15.964
0.405,0.9482,1.763,2.8106,4.9446,7.5054,9.9886,12.084,15.188,16.507,15.731
0.4438,0.9094,1.569,2.8882,4.5954,7.195,9.7946,12.588,15.033,16.274,15.615
0.405,0.987,1.7242,2.8882,4.867,7.5442,9.9498,12.317,15.071,16.313,15.653
0.2886,0.8706,1.8406,3.0046,4.7894,7.1174,9.911,12.394,14.8,16.391,15.847
0.4438,0.9094,1.763,2.7718,5.0222,7.5442,9.8722,12.2,15.149,16.352,15.615
0.3662,0.8706,1.8018,2.8882,4.7506,7.3502,9.911,12.433,14.8,16.468,15.653
0.405,0.9482,1.7242,2.8882,5.0222,7.5054,9.6394,12.161,14.916,16.429,15.537
0.4438,0.8706,1.8018,2.8494,4.7506,7.1562,9.911,12.433,14.955,16.468,15.692
0.3662,0.9094,1.569,2.8882,5.061,7.3114,9.717,12.278,15.071,16.391,15.382
0.4438,0.7542,1.8018,2.927,4.7506,7.2338,9.9498,12.472,14.761,16.429,15.886
0.405,0.9482,1.7242,3.0046,4.8282,7.4666,9.6782,12.317,15.188,16.197,15.537
0.405,0.7542,1.8018,2.8494,4.7894,7.195,9.7946,12.355,14.761,16.274,15.731
0.4438,0.793,1.8018,3.0434,4.9058,7.3502,9.8334,12.161,14.955,16.391,15.498
0.4438,0.8706,1.569,2.8494,4.7118,7.001,9.7946,12.472,14.839,16.585,15.653
0.4438,0.8706,1.6854,2.7718,4.9446,7.3114,9.717,12.123,15.033,16.313,15.537
0.405,0.793,1.6078,2.9658,4.867,7.0786,9.8722,12.394,14.683,16.623,15.537
0.4438,0.9094,1.8406,2.927,4.9446,7.001,9.8334,12.2,15.149,16.274,15.576
0.4438,0.8318,1.6078,2.927,4.7894,7.195,9.7558,12.472,14.877,16.585,15.498
0.405,0.8706,1.8018,2.8882,4.9058,7.1174,9.7946,12.2,15.033,16.197,15.615
0.405,0.8706,1.569,2.8882,4.867,7.2726,9.9886,12.433,14.761,16.391,15.459
0.4438,0.7542,1.6854,2.8106,4.867,7.1562,9.717,12.2,15.033,16.546,15.537
0.4438,0.793,1.6854,2.8106,4.9058,7.4278,9.911,12.511,14.955,16.662,15.498
0.4826,0.9094,1.6466,2.733,4.7506,7.1174,9.4842,12.278,14.877,16.507,15.615
0.2886,0.793,1.6466,2.8882,4.9446,7.2338,9.911,12.433,15.11,16.429,15.498
0.2886,0.793,1.6466,2.8106,4.8282,7.3114,9.6394,12.278,14.955,16.468,15.692
0.405,0.9094,1.6854,2.9658,4.9834,7.389,9.8334,12.355,14.955,16.468,15.382
0.4438,0.9094,1.763,2.8494,4.7894,7.2338,9.9886,12.278,14.955,16.235,15.653
0.4826,0.793,1.6466,3.0046,4.9446,7.5054,9.717,12.588,14.955,16.197,15.498
0.4438,0.8706,1.6078,2.8882,4.7894,7.1562,10.027,12.084,14.877,16.391,15.653
0.4826,0.8706,1.7242,2.927,5.0222,7.4666,9.717,12.627,15.071,16.119,15.421
0.3274,0.7154,1.6466,2.733,4.7118,7.0786,9.9498,12.278,14.955,16.507,15.692
0.3662,0.7154,1.7242,2.927,5.061,7.3114,9.7558,12.511,15.033,16.274,15.498
0.405,0.8318,1.8406,2.8494,4.7506,7.001,10.027,12.006,14.916,16.468,15.809
0.4438,0.9094,1.6854,3.0822,4.9446,7.3114,9.7558,12.511,15.033,16.08,15.615
0.4438,0.8318,1.7242,2.8882,4.7506,7.195,10.027,12.084,14.839,16.313,15.77
0.4438,0.9094,1.7242,2.927,5.061,7.195,9.6394,12.511,14.877,16.352,15.459
0.4826,0.8318,1.8406,2.8882,4.7894,7.0398,9.9498,12.239,14.994,16.313,15.847
0.4438,0.9482,1.7242,3.0046,5.0222,7.1174,9.717,12.511,14.994,16.274,15.421
0.2886,0.8706,1.8018,2.8494,4.7506,7.1174,9.9498,12.355,14.645,16.08,15.77
0.4438,0.8706,1.6078,3.0822,4.867,7.3502,9.6006,12.472,15.071,16.313,15.692
0.3274,0.8706,1.7242,2.8106,4.673,7.3502,9.7558,12.239,14.8,16.08,15.731
0.4826,0.9094,1.8018,3.0434,4.9446,7.195,9.7558,12.511,14.994,16.003,15.731
0.405,0.793,1.7242,2.8882,4.867,7.1562,10.027,12.317,14.683,16.041,15.809
0.4826,0.8706,1.8018,3.0046,4.7894,7.2726,9.9498,12.433,15.11,16.313,15.731
0.405,0.9094,1.6854,2.8494,4.7118,7.4666,9.6394,12.161,14.839,16.08,16.158
0.3662,0.7542,1.6466,3.0434,4.7506,7.1174,10.027,12.394,15.11,16.235,15.847
0.4438,0.9482,1.7242,2.8106,4.7118,7.4666,9.717,12.084,14.955,15.964,16.003
0.3274,0.793,1.8018,2.8106,4.7118,7.0398,9.9498,12.394,14.955,16.158,15.77
0.405,0.8318,1.6854,2.8882,4.867,7.389,9.7946,12.123,15.149,15.809,15.847
0.405,0.8706,1.6078,3.0046,4.9058,7.1174,9.8722,12.317,14.877,16.235,15.847
0.3274,0.793,1.6466,2.8882,4.673,7.389,9.6006,12.161,15.071,16.235,16.08
0.4438,0.793,1.7242,3.0046,4.8282,7.1562,10.027,12.394,14.994,16.08,16.003
0.4438,0.9094,1.7242,2.8882,4.7506,7.389,9.717,12.2,15.227,16.158,15.925
0.2886,0.8318,1.6466,2.927,4.867,7.1562,10.105,12.433,14.994,16.08,16.08
0.3274,0.793,1.8794,2.8882,4.867,7.1562,9.7946,12.045,14.955,16.08,15.964
0.3662,0.9094,1.7242,2.9658,4.867,7.2338,9.9498,12.433,14.877,15.77,15.964
0.4438,0.793,1.6854,2.733,4.7506,7.2338,9.717,12.045,15.11,16.041,15.925
0.3662,0.8706,1.6466,2.8106,4.7118,7.1562,10.105,12.433,14.8,15.809,16.158
0.4438,0.9094,1.8406,2.8882,4.7894,7.2338,9.7558,12.123,15.149,16.274,16.003
0.4438,0.7542,1.7242,2.7718,4.7894,7.3114,9.7946,12.317,14.722,16.08,16.158
0.2886,0.8706,1.8018,2.8882,4.7506,7.2338,9.5618,12.006,14.955,16.197,15.964
0.4438,0.9094,1.7242,2.927,4.7118,7.2726,9.911,12.355,14.761,16.003,16.08
0.4438,0.8318,1.763,2.927,4.9446,7.195,9.6394,12.084,14.916,16.08,15.964
0.4438,0.8318,1.7242,2.927,4.7118,7.4666,9.9886,12.394,15.11,16.041,15.886
0.2886,0.9094,1.8018,2.8494,4.7894,7.3114,9.7558,12.084,14.877,16.08,16.003
0.3274,0.7542,1.6854,2.8494,4.7894,7.3502,9.8334,12.317,15.071,16.235,16.003
0.4826,0.793,1.8018,2.927,4.867,7.1562,9.7946,12.123,14.839,16.041,16.197
0.405,0.9094,1.763,2.927,4.7506,7.4666,10.105,12.317,15.033,16.235,15.925
0.405,0.9094,1.6854,2.7718,4.9446,7.0786,9.6394,12.2,14.916,15.964,16.119
0.4438,0.9094,1.8018,2.9658,4.7506,7.4666,10.066,12.355,14.994,16.119,16.041
0.4826,0.7542,1.6466,2.8494,4.7894,7.1562,9.7946,12.2,14.8,16.197,15.925
0.405,0.9094,1.8406,2.8494,4.6342,7.2726,10.105,12.2,15.11,16.391,16.041
0.4826,0.8706,1.6854,2.8882,4.9058,7.1174,9.8334,12.511,14.722,16.119,15.653
0.4438,0.8706,1.8794,2.9658,4.8282,7.3502,9.9498,12.123,14.916,16.391,16.003
0.4826,0.8706,1.6078,2.927,4.9834,6.9622,9.717,12.355,14.877,16.235,15.886
0.405,0.9482,1.8406,2.927,4.7506,7.4666,9.8722,12.239,14.839,15.964,15.886
0.4438,0.8318,1.6854,2.9658,5.061,7.1174,9.8334,12.317,14.877,16.08,15.653
0.4826,0.9482,1.763,2.7718,4.7506,7.4278,9.9498,12.239,14.994,16.119,15.847
0.2886,0.7542,1.7242,2.927,4.9446,7.0398,9.8334,12.394,15.149,16.274,16.003
0.4438,0.8706,1.7242,2.8494,4.7118,7.389,9.9498,12.394,14.994,16.197,15.809
0.3274,0.9094,1.569,2.9658,4.8282,7.0786,9.8722,12.355,15.149,16.546,15.886
0.405,0.793,1.8018,2.8882,4.673,7.4666,9.9498,12.239,14.839,16.197,15.925
0.3662,0.8706,1.7242,2.9658,4.7506,7.195,9.8334,12.433,15.033,16.391,15.809
0.3662,0.7542,1.763,2.8882,4.673,7.195,9.7558,12.084,14.955,16.507,15.809
0.4438,0.9482,1.6466,3.0046,4.7506,7.195,9.8334,12.472,15.11,16.623,15.925
0.4826,0.7542,1.7242,2.8882,4.867,7.3502,10.027,12.123,14.916,16.585,15.653
0.4826,0.9094,1.8018,3.0434,4.867,7.195,9.9498,12.511,15.265,16.429,15.809
0.4438,0.7542,1.6466,2.8882,4.8282,7.0786,9.9498,12.278,14.955,16.546,15.692
0.4438,0.793,1.8018,3.0434,4.7894,7.3114,9.7558,12.278,14.994,16.391,15.77
0.2886,0.7154,1.763,2.8494,4.7506,7.1562,9.717,12.084,14.722,16.701,15.576
0.405,0.8706,1.8018,2.9658,4.867,7.3502,9.8722,12.394,15.033,16.468,15.692
0.3274,0.9094,1.7242,2.8494,4.9058,7.0398,9.7946,12.161,14.722,16.585,15.731
0.4438,0.9094,1.7242,2.8494,4.867,7.3502,9.8722,12.549,14.994,16.507,15.576
0.4438,0.9482,1.7242,2.8882,4.9446,7.0786,9.6394,12.045,14.916,16.546,15.615
0.4826,0.793,1.6854,3.0822,4.867,7.389,9.9498,12.472,15.071,16.429,15.537
0.4438,0.9482,1.7242,2.8882,4.8282,7.1174,9.6782,11.967,14.8,16.585,15.653
0.4826,0.9094,1.7242,3.0046,4.9834,7.389,9.911,12.472,15.11,16.623,15.537
0.4826,0.8706,1.6466,2.6942,4.867,7.2338,9.7946,12.084,15.033,16.701,15.731
0.2886,0.9094,1.7242,2.733,4.8282,7.2726,9.717,12.511,14.994,16.507,15.576
0.4438,0.7154,1.6854,2.8106,4.9834,7.001,9.6394,12.045,15.149,16.546,15.459
0.4438,0.793,1.763,2.8494,4.7506,7.389,9.717,12.394,14.955,16.585,15.615
0.3662,0.8706,1.6466,2.8882,5.0222,7.2338,9.8722,11.89,15.033,16.507,15.421
0.405,0.9094,1.7242,2.8106,4.7118,7.389,9.8722,12.355,14.955,16.585,15.692
0.3662,0.8706,1.7242,2.927,5.1386,7.389,9.717,12.045,15.227,16.585,15.537
0.3662,0.9482,1.6854,2.9658,4.7506,7.3502,9.911,12.317,14.877,16.662,15.731
0.4438,0.9094,1.569,2.8106,4.9446,7.4278,9.6782,12.123,15.11,16.507,15.576
0.4826,0.9094,1.7242,2.8106,4.8282,7.1174,10.027,12.355,14.916,16.546,15.615
0.3662,0.8706,1.7242,2.8106,4.9834,7.389,9.7558,12.161,14.994,16.468,15.421
0.4826,0.8706,1.6854,2.7718,4.867,7.1174,9.9886,12.394,14.916,16.779,15.343
0.3662,0.8706,1.763,2.8882,5.1386,7.2726,9.7946,11.89,15.033,16.468,15.537
0.2886,0.9482,1.7242,2.927,4.8282,6.9234,9.7946,12.355,14.839,16.468,15.537
0.4826,0.8706,1.7242,2.8882,5.061,7.389,9.717,12.084,14.994,16.274,15.731
0.3662,0.9094,1.7242,2.7718,5.0222,7.001,9.911,12.433,14.916,16.352,15.498
0.2886,0.8318,1.6078,2.8106,4.9834,7.389,9.6782,12.161,14.994,16.429,15.653
0.4438,0.9094,1.569,2.927,4.8282,7.0398,9.911,12.123,15.11,16.623,15.692
0.4438,0.8706,1.8018,2.8882,4.7894,7.2338,9.6782,12.2,15.149,16.429,16.003
0.3662,0.9094,1.7242,2.7718,5.0222,7.0786,10.027,12.239,15.071,16.352,15.77
0.4438,0.9094,1.8018,2.9658,4.867,7.3502,9.717,12.433,14.877,16.313,15.77
0.405,0.9094,1.6854,2.8882,5.1386,7.1174,10.027,12.2,15.188,16.391,15.731
0.405,0.8318,1.763,2.9658,4.9058,7.2726,9.6782,12.394,14.839,16.429,15.615
0.4438,0.7154,1.7242,2.7718,5.061,7.1174,10.066,12.161,15.149,16.197,15.576
0.4438,0.7154,1.6854,2.927,4.8282,7.2338,9.717,12.433,14.994,16.391,15.77
0.2886,0.9094,1.7242,2.733,5.061,7.2726,10.066,12.161,15.033,16.235,15.925
0.4826,0.9094,1.7242,2.8882,4.9058,7.4278,9.6006,12.355,15.033,16.235,15.731
0.4826,0.9094,1.7242,2.8882,5.1386,7.3114,10.105,12.084,15.227,16.235,15.925
0.405,0.9482,1.6466,3.0434,4.9058,7.3114,9.717,12.355,14.839,16.274,15.809
0.4438,0.8318,1.8794,2.6942,5.0222,7.1174,10.027,12.123,15.11,16.041,15.692
0.3274,0.9094,1.7242,3.0434,4.9834,7.3114,9.7946,12.433,14.916,16.235,16.08
0.405,0.8706,1.8018,2.8494,4.9834,7.2726,10.183,12.123,15.071,15.925,15.886
0.405,0.987,1.6466,3.0046,4.9446,7.0786,9.7558,12.511,14.916,16.391,16.08
0.3274,0.8706,1.569,2.8494,4.9446,7.3114,10.027,12.123,15.149,16.235,15.77
0.4438,0.987,1.6078,2.9658,4.9834,7.0786,9.8722,12.433,14.916,16.274,15.964
0.4438,0.9094,1.7242,2.733,4.9058,7.2726,9.7946,12.123,15.033,16.158,15.809
0.4438,0.9094,1.763,2.8882,5.0222,6.9234,9.9498,12.394,14.955,16.119,15.964
0.4826,0.9094,1.6854,2.8882,4.7894,7.3502,9.8334,12.045,14.916,16.08,16.041
0.4438,0.8706,1.6854,2.8494,5.1386,6.8458,9.9498,12.239,15.11,15.964,15.886
0.4438,0.8706,1.6854,2.8882,4.9058,7.1562,9.7946,12.045,14.994,16.274,16.003
0.405,0.8318,1.6854,2.8494,5.2162,6.8458,9.9498,12.317,15.149,16.003,15.925
0.4826,0.9094,1.763,2.927,4.8282,7.389,9.7946,11.929,15.11,15.886,15.964
0.3662,0.8318,1.8406,2.7718,4.9058,7.1174,9.9886,12.317,15.227,15.847,15.809
0.4438,0.9094,1.763,2.8494,5.061,7.2726,9.523,12.161,14.955,16.197,16.119
0.4438,0.9094,1.6854,2.8882,4.867,7.2338,9.8722,12.2,15.11,15.964,15.886
0.4826,0.8706,1.8018,3.0046,4.9446,7.389,9.5618,12.433,15.033,16.119,16.08
0.405,0.7542,1.7242,2.8494,4.7506,7.3114,10.105,12.084,15.227,15.964,15.886
0.4826,0.8318,1.8018,3.0434,4.9834,7.389,9.7946,12.394,14.916,15.964,16.003
0.3274,0.9094,1.7242,2.733,4.8282,7.3502,10.105,12.239,15.033,16.08,16.041
0.3274,0.8706,1.7242,2.8882,5.1386,7.2338,9.717,12.317,14.877,15.964,16.158
0.405,0.8706,1.6854,2.7718,4.867,7.4278,10.066,12.239,15.149,16.003,16.08
0.4826,0.9094,1.6466,2.8106,5.1386,7.2726,9.6782,12.394,14.916,15.847,16.08
0.4826,0.7154,1.763,2.8882,4.9446,7.4666,9.911,12.084,15.149,15.886,16.041
0.4438,0.8706,1.6854,3.0434,5.1386,7.1174,9.6006,12.433,14.994,15.809,15.809
0.4438,0.7154,1.6466,2.8494,4.9446,7.5054,9.9498,12.084,15.149,16.119,16.119
0.4438,0.793,1.6854,2.927,4.9446,7.0398,9.8334,12.317,14.683,15.886,16.003
0.4438,0.793,1.763,2.7718,4.867,7.2726,9.911,11.929,14.761,16.041,15.886
0.4826,0.8706,1.569,2.9658,4.9446,7.1174,9.8334,12.355,14.877,15.731,15.731
0.4826,0.7542,1.6078,2.8106,4.9834,7.389,9.8334,12.045,15.033,16.08,16.041
0.405,0.8706,1.6466,2.9658,4.7894,7.001,9.7946,12.394,14.916,16.003,15.925
0.4826,0.9094,1.8018,2.8106,4.9834,7.389,9.7558,12.123,15.033,16.003,16.08
0.2886,0.9094,1.6078,2.8882,4.9058,7.1174,9.7558,12.317,14.955,16.041,15.886
0.3274,0.9094,1.8018,2.7718,5.1386,7.1562,9.717,12.045,14.955,15.731,15.964
0.4826,0.8706,1.7242,2.8106,4.867,7.0786,9.8334,12.278,15.11,16.119,15.964
0.4826,0.8706,1.7242,3.0046,5.0222,7.195,9.7558,11.89,15.033,15.847,15.615
0.3274,0.9094,1.7242,2.8494,4.7506,7.1562,9.9886,12.317,14.955,16.119,15.964
0.405,0.9094,1.6466,2.8882,5.0998,7.195,9.6394,12.084,15.033,15.77,15.731
0.4438,0.9094,1.8018,2.7718,4.9058,7.2338,10.027,12.239,15.304,16.119,15.925
0.4438,0.793,1.6078,2.927,5.061,7.0398,9.6006,12.123,14.722,15.925,15.847
0.405,0.8318,1.8406,2.8106,4.9058,7.2338,10.027,12.2,15.304,16.313,15.731
0.3274,0.8318,1.6078,3.0046,4.9446,7.195,9.6394,12.006,14.916,15.886,15.576
0.3662,0.7542,1.7242,2.6942,4.8282,7.2726,10.105,12.278,14.955,16.08,15.809
0.405,0.9094,1.6854,3.0822,4.8282,7.2338,9.7558,12.084,14.955,16.197,15.653
0.3274,0.9094,1.7242,2.8494,4.8282,7.389,10.144,12.084,15.11,16.352,15.847
0.3662,0.9094,1.6466,2.927,5.0222,7.1174,9.717,12.161,14.761,16.08,15.692
0.405,0.7542,1.6466,2.7718,4.9446,7.4278,10.066,12.317,15.11,16.119,15.809
0.3662,0.8706,1.7242,2.9658,4.9834,7.195,9.7558,12.045,14.839,16.391,15.576
0.4826,0.9094,1.763,2.927,4.9058,7.4666,10.027,12.239,15.033,16.08,15.886
0.4826,0.793,1.8794,2.9658,4.9834,7.2338,9.717,12.161,15.033,16.352,15.692
0.5214,0.793,1.7242,2.8494,4.9834,7.583,10.144,12.278,15.033,16.197,15.809
0.3662,0.9094,1.8794,2.927,4.7894,7.1562,9.6782,12.084,15.149,16.197,15.615
0.3274,0.8706,1.7242,2.8106,5.0222,7.4666,9.8722,12.355,15.149,16.197,15.615
0.3274,0.8706,1.8406,2.8882,4.867,7.0786,9.7946,12.006,15.149,16.391,15.692
0.3662,0.7154,1.569,2.8882,5.061,7.2726,9.9886,12.394,14.877,16.158,15.847
0.4438,0.7542,1.8018,2.8882,4.9058,7.1562,9.8334,12.084,15.304,16.235,15.692
0.4826,0.9094,1.763,2.9658,5.0222,7.4666,9.8722,12.2,14.839,16.352,15.615
0.4826,0.7542,1.7242,2.8106,4.7118,7.195,9.911,12.123,15.033,16.429,15.498
0.4438,0.8318,1.6854,2.9658,5.061,7.389,9.8334,12.239,14.994,16.274,15.653
0.4826,0.793,1.6078,2.8106,4.7506,7.0786,9.9498,11.929,15.149,16.274,15.576
0.2886,0.7542,1.6854,3.0822,5.0998,7.2726,9.7558,12.161,14.839,16.352,15.537
0.405,0.9094,1.8018,2.8882,4.8282,7.001,9.9886,12.123,15.304,16.546,15.615
0.3662,0.9094,1.7242,2.8882,5.0998,7.1562,9.7558,12.278,14.8,16.352,15.304
0.405,0.8706,1.569,2.8494,4.9058,7.1174,9.8722,12.084,15.149,16.429,15.653
0.3662,0.9094,1.8018,2.8494,5.1386,7.1174,9.7558,12.2,14.8,16.429,15.77
0.405,0.793,1.7242,2.8882,4.9058,7.001,9.8722,12.317,15.11,16.546,15.731
0.405,0.793,1.8406,3.0434,5.1774,7.1174,9.7558,12.045,14.8,16.429,15.576
0.405,0.8318,1.6466,2.8106,4.7506,7.0398,10.105,12.394,15.149,16.352,15.459
0.405,0.9094,1.763,2.8106,5.061,7.1174,9.6782,12.006,15.033,16.391,15.537
0.405,0.793,1.569,2.8106,4.9058,7.0786,10.027,12.394,15.033,16.585,15.615
0.4826,0.8706,1.6078,2.9658,5.0998,7.1174,9.717,11.967,14.955,16.352,15.653
0.405,0.7154,1.763,2.8494,4.867,7.0398,10.144,12.433,15.11,16.391,15.653
0.4438,0.7154,1.6466,2.8882,5.0222,7.1562,9.7558,12.006,15.149,16.546,15.847
0.3274,0.8318,1.8794,2.9658,4.867,7.3114,10.066,12.239,15.071,16.585,15.847
0.4438,0.7154,1.6854,2.8494,4.9446,7.1562,9.717,12.045,14.994,16.391,15.731
0.4438,0.8706,1.6854,2.8882,4.9058,7.3502,10.066,12.239,15.11,16.507,15.77
0.4438,0.7542,1.6078,2.6942,5.061,7.0786,9.6006,12.045,14.955,16.391,15.77
0.405,0.9482,1.7242,2.927,4.8282,7.2726,9.9886,12.355,14.877,16.623,15.847
0.4438,0.9094,1.569,2.8494,4.867,7.195,9.911,12.123,15.149,16.352,15.77
0.405,0.9482,1.6078,2.927,4.9834,7.5054,10.027,12.2,14.955,16.468,15.847
0.4438,0.7154,1.7242,2.7718,4.9446,7.1174,9.717,12.123,15.227,16.391,15.692
0.4438,0.9482,1.8018,2.927,4.8282,7.4278,9.9498,12.2,14.839,16.546,15.615
0.4438,0.9094,1.6854,2.6942,5.0222,7.0786,9.717,12.123,14.955,16.391,15.615
0.4438,0.9094,1.763,3.0046,4.9834,7.4278,9.9498,12.123,14.994,16.313,16.003
0.4438,0.8706,1.6466,2.8882,4.7506,7.2338,9.7558,12.472,15.227,16.274,15.731
0.4438,0.9094,1.7242,3.0046,4.9446,7.389,10.027,11.967,14.916,16.429,16.003
0.4438,0.8706,1.6078,2.8106,4.8282,7.195,9.8334,12.355,15.033,16.119,15.847
0.4438,0.793,1.6466,2.8494,5.0222,7.5054,9.9498,12.084,14.916,16.313,16.041
0.4826,0.7542,1.7242,2.733,4.9446,7.0786,9.717,12.278,15.149,16.235,16.158
0.405,0.8706,1.7242,2.8106,5.0998,7.5054,9.9886,12.006,14.916,16.352,16.003
0.4438,0.8318,1.6466,2.8494,4.867,7.2338,9.7558,12.355,15.149,16.235,16.08
0.4438,0.8706,1.6854,2.9658,5.061,7.583,9.9886,12.045,14.839,16.313,16.003
0.4438,0.8706,1.8406,2.733,4.9058,7.2726,9.6782,12.355,15.033,16.08,16.08
0.405,0.8706,1.7242,2.927,4.9446,7.6218,9.8722,11.851,14.916,16.235,16.08
0.4438,0.8706,1.6078,2.8494,4.8282,7.3114,9.8334,12.278,14.877,16.119,15.964
0.4438,0.8706,1.6078,2.927,5.0998,7.5442,9.911,12.006,15.11,16.235,16.003
0.4826,0.9094,1.763,2.927,4.7506,7.3502,9.7558,12.2,14.877,15.964,16.08
0.3274,0.9094,1.6078,2.733,5.0998,7.5054,9.717,12.045,15.149,16.274,16.08
0.4826,0.8318,1.7242,2.8882,4.867,7.389,9.7946,12.2,14.839,16.08,16.041
0.4438,0.7154,1.8018,2.8494,5.1386,7.5054,9.911,12.123,15.033,16.003,16.08
0.3662,0.9094,1.6854,2.8106,4.7118,7.389,9.7946,12.355,15.071,15.925,15.886
0.405,0.8318,1.6854,2.8106,5.0998,7.4278,9.7946,11.89,15.149,16.197,16.197
0.4826,0.9094,1.569,2.8494,4.9446,7.4666,9.7558,12.239,14.994,16.041,16.08
0.3662,0.8706,1.6466,2.7718,4.9446,7.3502,9.7946,12.045,15.227,16.119,16.158
0.405,0.9482,1.6854,2.927,4.9446,7.3502,9.717,12.355,14.761,16.041,15.964
0.3662,0.793,1.569,2.7718,5.0222,7.3502,9.6394,11.967,15.188,16.158,16.003
0.2886,0.8318,1.7242,3.0046,4.9834,7.4666,9.8722,12.2,14.877,15.925,15.886
0.405,0.793,1.6466,2.6942,4.9834,7.3114,9.8722,12.123,15.033,15.847,16.197
0.4438,0.8318,1.8794,2.927,4.7894,7.3502,9.8722,12.161,14.916,15.925,16.041
0.4438,0.793,1.6078,2.8494,4.8282,7.2338,9.8722,11.967,15.11,15.964,16.08
0.2886,0.793,1.8018,2.8882,4.9058,7.5442,9.7946,12.239,14.839,15.809,15.77
0.4826,0.8318,1.7242,2.8882,4.867,7.2338,9.6782,11.89,15.149,15.886,16.119
0.4826,0.8318,1.8018,2.8882,4.9446,7.5054,9.8722,12.161,14.916,15.653,15.925
0.4826,0.9482,1.6854,2.8106,4.7894,7.2338,9.523,12.045,15.033,15.886,16.041
0.4826,0.8706,1.7242,2.7718,5.0222,7.5054,9.8334,12.317,14.877,15.77,15.925
0.3662,0.9094,1.7242,2.7718,4.7506,7.1174,9.6782,11.929,15.149,15.809,15.847
0.3274,0.9094,1.6466,2.7718,5.061,7.5054,9.911,12.278,14.839,15.77,15.886
0.3274,0.9094,1.6078,2.733,4.7894,7.195,9.6006,12.006,15.071,15.886,16.08
0.3274,0.8706,1.6078,2.7718,5.0222,7.5442,10.066,12.317,14.955,15.77,15.886
0.3274,0.9094,1.8018,2.733,4.7894,7.1174,9.5618,11.967,14.955,15.809,16.08
0.2886,0.8706,1.7242,2.733,5.061,7.4666,10.027,12.161,14.761,15.809,15.653
0.2886,0.8706,1.6466,2.8882,4.9058,7.1174,9.717,12.084,15.033,16.08,16.041
0.3662,0.8318,1.7242,2.8494,4.9834,7.4666,9.9498,12.2,14.955,15.731,15.809
0.3274,0.8706,1.8018,2.7718,4.7894,7.195,9.6394,12.084,14.994,15.925,16.08
0.3662,0.8318,1.6466,2.733,5.0998,7.1562,9.911,12.161,15.188,15.77,15.809
0.405,0.9094,1.7242,2.8882,4.9058,7.2338,9.717,12.161,14.955,15.964,15.731
0.405,0.9094,1.763,2.8106,4.8282,7.195,9.7946,12.006,14.994,15.77,15.77
0.405,0.9094,1.569,2.733,4.7894,7.1562,9.7946,12.239,14.839,16.003,16.003
0.4438,0.9482,1.8406,2.8882,4.9058,7.0786,9.8722,12.045,15.188,15.731,15.731
0.2498,0.9094,1.6078,2.8106,4.9446,7.2726,9.7558,12.161,14.839,15.77,15.77
0.4438,0.9482,1.8794,2.8494,4.8282,7.0786,9.7558,11.967,14.877,15.692,15.576
0.4438,0.9094,1.6466,2.8494,4.867,7.195,9.9498,12.317,14.877,15.964,15.886
0.3662,0.9482,1.8018,2.927,4.867,6.8846,9.6394,11.929,15.149,15.847,15.692
0.2886,0.9094,1.763,2.8882,4.9446,7.0786,9.911,12.239,14.955,16.003,15.77
0.3274,0.9094,1.7242,2.8882,4.9834,6.9234,9.6782,12.045,15.227,15.731,15.537
0.2498,0.9094,1.6854,2.8494,4.867,7.2338,9.911,12.355,14.877,16.197,15.731
0.405,0.9482,1.6466,2.7718,5.061,6.8458,9.6394,11.967,14.994,15.925,15.731
0.3274,0.8318,1.763,2.8494,4.7894,7.195,10.027,12.239,14.955,16.041,15.847
0.405,0.9094,1.7242,2.927,4.7894,6.9234,9.5618,11.89,15.11,15.809,15.692
0.405,0.8706,1.7242,2.927,4.9058,7.2726,9.9498,12.355,14.955,16.041,15.731
0.405,0.9094,1.7242,2.8882,4.9446,6.9234,9.6782,12.006,15.11,15.925,15.343
0.2886,0.793,1.763,2.927,4.8282,7.2338,9.911,12.355,14.955,15.886,15.847
0.4438,0.793,1.7242,2.8882,4.9058,7.001,9.6782,12.006,15.149,15.925,15.576
0.4826,0.9094,1.8794,2.927,4.9058,7.3502,9.8722,12.239,14.761,16.158,15.77
0.4826,0.8706,1.763,2.8882,4.9834,7.0398,9.717,11.812,15.149,15.925,15.498
0.4826,0.9094,1.6854,2.9658,4.8282,7.195,9.9498,12.355,14.839,16.313,15.498
0.4826,0.8706,1.7242,2.8882,4.8282,7.0398,9.6394,11.929,15.033,15.964,15.615
0.4826,0.9094,1.8018,2.8106,4.8282,7.0786,9.9886,12.278,14.916,16.119,15.847
0.4438,0.9094,1.7242,2.8106,5.0222,7.1562,9.5618,12.045,15.11,15.886,15.731
0.4438,0.9094,1.6078,2.927,4.7506,7.0786,9.911,12.278,14.761,16.274,15.537
0.4438,0.8706,1.7242,2.8882,5.0222,7.195,9.6006,11.929,15.188,16.041,15.576
0.405,0.9094,1.6466,2.9658,4.7894,7.1174,10.027,12.2,14.839,16.197,15.576
0.2886,0.9094,1.6466,2.8106,4.8282,7.2338,9.6006,11.929,15.071,16.119,15.809
0.4438,0.9482,1.6078,2.9658,4.8282,7.195,10.105,12.278,14.722,16.274,15.537
0.3274,0.9094,1.8794,2.8882,5.0222,7.3114,9.717,11.89,15.033,16.274,15.809
0.4438,0.9482,1.7242,2.8494,4.8282,7.1562,9.7946,12.278,14.839,16.313,15.459
0.3662,0.8318,1.763,2.7718,4.867,7.2726,9.717,12.278,14.955,16.235,15.886
0.3274,0.987,1.7242,2.8494,4.9446,7.2338,9.911,12.084,14.877,16.429,15.576
0.3274,0.9094,1.7242,2.8106,5.0222,7.1174,9.6394,12.2,15.033,16.197,15.886
0.405,0.9482,1.763,3.0046,4.9446,7.0398,10.066,12.084,15.071,16.468,15.576
0.405,0.8706,1.7242,2.8882,4.9446,7.4666,9.7946,12.394,14.994,16.429,15.653
0.405,0.9482,1.8018,3.0822,4.9834,7.1562,9.9886,12.161,15.11,16.391,15.77
0.3274,0.8706,1.7242,2.733,4.9834,7.4666,9.5618,12.394,14.8,16.391,16.003
0.405,0.9482,1.8406,2.8494,4.9446,7.195,10.066,12.123,15.149,16.429,15.615
0.4826,0.8706,1.569,2.8106,5.0222,7.5054,9.717,12.239,14.955,16.546,15.731
0.3662,0.9094,1.6466,2.8106,4.9834,7.1174,9.8722,12.045,15.071,16.274,15.809
0.405,0.8706,1.6466,2.6554,5.0222,7.5442,9.7946,12.2,14.916,16.391,16.003
0.405,0.9094,1.6466,2.8106,4.9446,7.2338,9.8334,12.123,15.188,16.429,15.615
0.4826,0.8706,1.7242,2.8106,4.9446,7.583,9.7558,12.278,14.8,16.235,16.003
0.4438,0.9482,1.8018,2.8882,4.9834,7.2726,9.8722,11.89,14.916,16.391,15.77
0.4438,0.9094,1.6466,2.8106,4.9058,7.5054,9.8722,12.278,14.839,16.391,16.08
0.4826,0.9094,1.7242,2.8494,4.867,7.2726,9.6006,11.967,15.033,16.352,16.003
0.4826,0.8706,1.8018,2.8106,4.8282,7.4666,9.8722,12.161,14.683,16.391,16.08
0.4826,0.8706,1.763,2.733,4.9058,7.195,9.6006,12.161,15.149,16.158,15.847
0.3662,0.8706,1.6854,2.8882,4.9058,7.4278,10.144,12.239,14.8,16.158,16.041
0.3662,0.9094,1.7242,2.8106,4.9834,7.2338,9.523,11.929,14.955,16.352,15.925
0.4826,0.8706,1.8018,2.7718,4.9058,7.5054,10.144,12.123,14.877,16.158,16.041
0.405,0.9094,1.5302,2.8882,4.9446,7.3114,9.6006,12.355,15.071,16.313,15.964
0.4826,0.9094,1.8794,2.927,4.7506,7.3114,9.9886,12.084,14.916,16.119,16.041
0.2886,0.9094,1.6854,2.733,4.9834,7.4666,9.6394,12.317,14.839,16.391,16.041
0.4826,0.8706,1.8794,2.8882,4.7118,7.5442,9.9886,12.161,15.033,16.003,16.197
0.4438,0.8706,1.6854,2.8882,4.9058,7.3114,9.7946,12.472,14.839,16.352,16.08
0.405,0.8318,1.8018,2.927,4.673,7.389,9.9498,12.123,14.877,16.197,16.041
0.5214,0.7542,1.7242,2.7718,4.9058,7.4278,9.6006,12.317,14.8,16.197,16.08
0.405,0.9094,1.6854,2.8106,4.9058,7.3114,9.911,12.084,15.11,15.809,16.235
0.405,0.7154,1.6854,2.8494,4.9446,7.583,9.6782,12.278,14.839,16.391,16.158
0.4438,0.8318,1.6078,2.8494,4.7894,7.3114,9.9886,11.929,14.994,16.158,16.274
0.4438,0.8706,1.7242,2.8494,5.0222,7.6606,9.7946,12.355,14.839,16.158,16.003
0.4438,0.9482,1.6854,2.7718,4.6342,7.3502,9.7946,12.045,15.033,16.041,16.197
0.4826,0.7542,1.7242,2.733,5.061,7.4666,9.7558,12.2,14.8,16.235,16.003
0.3274,0.9094,1.569,2.7718,4.7894,7.195,9.8722,12.006,15.071,16.158,16.235
0.3662,0.8318,1.763,2.8494,4.9446,7.4666,9.911,12.161,14.839,15.964,16.041
0.4826,0.8318,1.569,2.7718,4.7894,7.389,9.6006,11.89,14.877,15.964,16.235
0.3274,0.8706,1.6466,2.9658,5.061,7.5054,9.7946,12.317,14.683,16.08,16.158
0.4826,0.8706,1.6854,2.8882,4.8282,7.2726,-3.1646,12.006,14.994,15.653,16.313
0.405,0.9094,1.6078,2.927,4.867,7.3114,-3.1646,12.045,14.839,15.886,16.041
-3.1646,0.9094,1.7242,2.8882,4.867,7.2726,-3.1646,12.2,14.8,16.003,16.119
-3.1646,0.9094,-3.1646,2.927,-3.1646,7.5442,-3.1646,12.239,14.916,16.08,16.041
-3.1646,-3.1646,-3.1646,2.8106,-3.1646,-3.1646,-3.1646,12.239,14.877,15.847,16.197
-3.1646,-3.1646,-3.1646,-3.1646,-3.1646,-3.1646,-3.1646,12.239,14.877,-3.1646,15.886
-3.1646,-3.1646,-3.1646,-3.1646,-3.1646,-3.1646,-3.1646,12.2,14.916,-3.1646,-3.1646
-3.1646,-3.1646,-3.1646,-3.1646,-3.1646,-3.1646,-3.1646,-3.1646,15.11,-3.1646,-3.1646
