0.0015845,0.0017781,0.0018348,0.0010047,0.0017219,0.002268,0.00072991,0.00072013,0.0015605,0.0021252,0.0012872
0.0036173,0.0027036,0.0027466,0.0020147,0.0026019,0.0033919,0.0027686,0.0014588,0.0025359,0.0030663,0.0022156
0.0045457,0.0048796,0.0047593,0.0038642,0.0045897,0.0043364,0.0037429,0.0035366,0.0035293,0.0040196,0.0043252
0.0065648,0.0058452,0.0057542,0.0049471,0.0055049,0.0062959,0.0056364,0.0045164,0.0056076,0.006049,0.0051993
0.0075489,0.0077626,0.0079019,0.0069153,0.0075103,0.0072458,0.0066499,0.0065418,0.0066098,0.006951,0.0061776
0.0084959,0.0088494,0.0088914,0.0081121,0.0085375,0.0092253,0.0077288,0.0075128,0.0086289,0.0089667,0.0081928
0.010511,0.010739,0.0098042,0.008955,0.0094277,0.010219,0.009679,0.0094815,0.0095299,0.0099332,0.0092493
0.011475,0.011713,0.011779,0.010862,0.01143,0.012214,0.010701,0.010378,0.011492,0.012133,0.011204
0.013453,0.012743,0.012847,0.011851,0.012445,0.013189,0.012631,0.011391,0.01246,0.01299,0.012183
0.014468,0.014793,0.014795,0.013833,0.014427,0.015212,0.013618,0.013486,0.013462,0.014996,0.014195
0.016483,0.015755,0.015786,0.014931,0.015557,0.016174,0.015626,0.014473,0.015425,0.016031,0.015139
0.017466,0.017733,0.017757,0.016915,0.017512,0.017183,0.016624,0.016457,0.016472,0.016925,0.017153
0.019496,0.018788,0.018745,0.01782,0.018506,0.019191,0.018598,0.01738,0.018461,0.018938,0.018151
0.020481,0.020726,0.019709,0.018829,0.0205,0.020221,0.019669,0.019501,0.019428,0.019946,0.019229
0.02146,0.021694,0.021702,0.020847,0.021513,0.022204,0.020603,0.020461,0.021431,0.021959,0.021183
0.023479,0.02372,0.022675,0.02182,0.023429,0.023172,0.022598,0.021437,0.022441,0.022937,0.02221
0.024443,0.024696,0.024689,0.02394,0.024445,0.025183,0.023567,0.023422,0.024439,0.024962,0.024214
0.026475,0.025805,0.025687,0.02508,0.025515,0.026304,0.025578,0.02445,0.025493,0.025928,0.02513
0.027485,0.027728,0.027786,0.026908,0.027468,0.028204,0.026552,0.026461,0.026564,0.026938,0.027148
0.029524,0.028747,0.028676,0.028021,0.028412,0.029185,0.028568,0.027383,0.028523,0.028952,0.028232
0.030525,0.030697,0.030708,0.029832,0.030449,0.030205,0.029647,0.029389,0.029507,0.029926,0.030217
0.032513,0.031683,0.031683,0.030843,0.03142,0.032181,0.030683,0.030391,0.031477,0.031975,0.031224
0.033508,0.033668,0.032693,0.031812,0.033412,0.033196,0.032636,0.031404,0.03249,0.033077,0.032212
0.035468,0.034735,0.034672,0.033829,0.034427,0.035213,0.033613,0.033488,0.0345,0.035044,0.0342
0.036491,0.036737,0.035679,0.034922,0.036445,0.036246,0.03563,0.034455,0.035452,0.036,0.035163
0.037471,0.037696,0.037796,0.036945,0.037539,0.038143,0.0366,0.036435,0.036462,0.038014,0.037144
0.039462,0.038682,0.038753,0.037928,0.038501,0.039208,0.038621,0.037379,0.038452,0.038997,0.03822
0.04048,0.040694,0.040716,0.039944,0.040496,0.041183,0.039685,0.039388,0.039461,0.04,0.040212
0.04246,0.041677,0.041696,0.040991,0.041422,0.042153,0.041638,0.040394,0.041563,0.041942,0.041189
0.0435,0.043687,0.043743,0.043039,0.043416,0.043164,0.042649,0.042497,0.042492,0.04301,0.042204
0.045492,0.044804,0.04472,0.045221,0.044429,0.045254,0.04363,0.043441,0.044501,0.045038,0.044187
0.046486,0.04674,0.045726,0.04691,0.046517,0.046242,0.045605,0.044453,0.045464,0.046045,0.045201
0.048465,0.047726,0.047774,0.047999,0.047468,0.048208,0.046618,0.046483,0.046489,0.047963,0.047205
0.049477,0.049734,0.048676,0.049826,0.049464,0.049148,0.048655,0.04745,0.048474,0.048952,0.048209
0.050484,0.050701,0.0507,0.050838,0.050485,0.051167,0.049591,0.049391,0.049459,0.050934,0.050203
0.05249,0.051736,0.051777,0.052884,0.052488,0.052135,0.051565,0.050406,0.051524,0.051955,0.051182
0.053489,0.053772,0.053728,0.053828,0.053508,0.053174,0.052573,0.052437,0.052467,0.053006,0.053165
0.05561,0.054775,0.054707,0.055945,0.054438,0.055253,0.054582,0.053452,0.054453,0.055133,0.054221
0.056463,0.056745,0.056676,0.056934,0.05646,0.056186,0.055585,0.054567,0.055499,0.056005,0.055192
0.058448,0.057748,0.057783,0.057885,0.057436,0.058197,0.056584,0.05645,0.05746,0.057947,0.057168
0.059464,0.059736,0.058737,0.059864,0.059465,0.059156,0.058555,0.05737,0.058429,0.058954,0.058132
0.061492,0.060704,0.060759,0.060934,0.060442,0.06119,0.059573,0.059379,0.059439,0.060932,0.060152
0.062456,0.061742,0.061926,0.062904,0.062427,0.062179,0.061583,0.060382,0.061554,0.061937,0.061155
0.063494,0.063693,0.063696,0.064025,0.063436,0.064177,0.062587,0.062532,0.06249,0.064015,0.06316
0.065498,0.064711,0.064687,0.065854,0.065523,0.065151,0.064589,0.063421,0.064463,0.065054,0.064165
0.066431,0.066807,0.066821,0.066826,0.066497,0.066156,0.065701,0.064403,0.065436,0.065956,0.065129
0.068521,0.067769,0.067734,0.067835,0.067471,0.06817,0.066626,0.066375,0.067509,0.067943,0.067238
0.06949,0.069722,0.069699,0.069816,0.06952,0.069184,0.068629,0.067378,0.06849,0.068951,0.068183
0.071507,0.070737,0.070673,0.070826,0.07042,0.071162,0.069607,0.069486,0.069476,0.071023,0.070203
0.072437,0.072709,0.071683,0.072844,0.072419,0.072174,0.07173,0.070553,0.071549,0.071992,0.071174
0.074494,0.073713,0.073667,0.073844,0.073431,0.074145,0.072658,0.072434,0.072511,0.07404,0.073185
0.075467,0.074727,0.07482,0.075952,0.075431,0.075155,0.074669,0.073454,0.074526,0.074983,0.074244
0.07646,0.076673,0.076788,0.076916,0.076412,0.077174,0.075635,0.075541,0.075512,0.077017,0.076145
0.078498,0.077692,0.07776,0.079071,0.07844,0.07814,0.077618,0.076462,0.07753,0.077945,0.077155
0.07946,0.079789,0.079761,0.079828,0.079419,0.079146,0.078616,0.077394,0.078454,0.079023,0.078161
0.081487,0.080755,0.080677,0.080862,0.080419,0.081161,0.079607,0.079373,0.079464,0.08098,0.080237
0.082471,0.08267,0.082689,0.08289,0.082511,0.082169,0.081618,0.080512,0.081431,0.08197,0.081237
0.084434,0.083688,0.083696,0.083934,0.083503,0.08428,0.082585,0.082472,0.082456,0.083975,0.083192
0.085404,0.085742,0.084664,0.08586,0.085552,0.085257,0.084586,0.083431,0.084531,0.084926,0.084205
0.087426,0.086733,0.086758,0.086933,0.086503,0.087182,0.085589,0.085425,0.085523,0.086949,0.086187
0.088436,0.087687,0.087752,0.088902,0.088415,0.088152,0.087588,0.08639,0.087493,0.087918,0.087201
0.089447,0.089679,0.08967,0.089903,0.089439,0.090133,0.08866,0.087404,0.088444,0.090043,0.08819
0.091421,0.09069,0.090676,0.092054,0.090421,0.091144,0.089633,0.089373,0.089458,0.090994,0.090223
0.092433,0.092674,0.0927,0.092876,0.092486,0.092157,0.091598,0.09038,0.09143,0.09196,0.091204
0.094413,0.093687,0.09389,0.093993,0.093451,0.094277,0.092577,0.092473,0.092433,0.093945,0.093177
0.095471,0.095771,0.094753,0.09591,0.095504,0.095257,0.094583,0.093421,0.094534,0.094956,0.094236
0.09742,0.096734,0.096736,0.096911,0.096478,0.09723,0.095585,0.095482,0.095492,0.09694,0.096238
0.098435,0.09871,0.097722,0.098886,0.098477,0.098165,0.097558,0.096379,0.097496,0.097955,0.097219
0.10051,0.0997,0.09975,0.10001,0.099513,0.10023,0.098639,0.097391,0.098438,0.099949,0.099226
0.10152,0.10067,0.10071,0.10189,0.1015,0.10115,0.10067,0.099564,0.10047,0.10092,0.1002
0.1035,0.10283,0.1027,0.10293,0.1026,0.10232,0.10166,0.10046,0.10144,0.10215,0.10118
0.10442,0.10378,0.10368,0.104,0.10446,0.10419,0.10259,0.10247,0.10245,0.10404,0.1032
0.10543,0.10575,0.10577,0.10587,0.10554,0.10517,0.10457,0.10347,0.10443,0.10503,0.1042
0.10742,0.10672,0.10676,0.10684,0.10652,0.10715,0.10557,0.10551,0.10544,0.10695,0.10622
0.10855,0.10876,0.1078,0.10882,0.10845,0.10816,0.10759,0.10641,0.10747,0.10793,0.10721
0.1105,0.10976,0.10971,0.10982,0.10942,0.11015,0.10856,0.10837,0.10844,0.10995,0.10919
0.11146,0.11174,0.11068,0.11183,0.11142,0.11116,0.11066,0.10937,0.11051,0.11092,0.1102
0.11345,0.11268,0.11282,0.11285,0.11244,0.11316,0.1116,0.11038,0.11145,0.11303,0.11219
0.11445,0.1137,0.11373,0.11485,0.11444,0.11428,0.11357,0.11243,0.11246,0.11399,0.1132
0.11643,0.11576,0.11568,0.11583,0.11542,0.11517,0.11458,0.11346,0.11443,0.11501,0.11421
0.11744,0.11679,0.11668,0.11696,0.1165,0.11715,0.11559,0.11553,0.11543,0.117,0.11616
0.11844,0.11886,0.11866,0.119,0.11855,0.11816,0.11756,0.1165,0.11748,0.11801,0.11717
0.12054,0.11977,0.11967,0.11983,0.11951,0.12015,0.1187,0.11841,0.11856,0.11995,0.11915
0.12144,0.12176,0.12068,0.12185,0.12147,0.12117,0.12066,0.11939,0.12049,0.12093,0.12013
0.12344,0.12271,0.1227,0.12288,0.1225,0.12329,0.12164,0.1204,0.12145,0.12304,0.12213
0.1244,0.12367,0.12367,0.12497,0.12442,0.1242,0.12363,0.12246,0.12346,0.12398,0.12318
0.12647,0.12578,0.12568,0.12583,0.12554,0.12619,0.12462,0.12343,0.12449,0.12599,0.1243
0.12744,0.12676,0.12688,0.12684,0.12751,0.12716,0.12561,0.12547,0.12551,0.12694,0.12622
0.12944,0.1287,0.12879,0.12906,0.12847,0.12817,0.1276,0.12643,0.12751,0.12794,0.1272
0.13053,0.12968,0.12967,0.12984,0.1295,0.13032,0.12863,0.12839,0.12846,0.13003,0.12918
0.13249,0.13166,0.13168,0.13182,0.13152,0.13117,0.13064,0.12939,0.13055,0.13098,0.13019
0.13344,0.13268,0.13269,0.1329,0.1325,0.13317,0.13165,0.1304,0.13151,0.13297,0.13223
0.13441,0.13481,0.13369,0.13493,0.1345,0.13418,0.13364,0.13247,0.13352,0.13398,0.13322
0.13643,0.13576,0.13576,0.1359,0.13549,0.13616,0.13456,0.1334,0.13451,0.13598,0.13418
0.13743,0.13675,0.13672,0.13791,0.13751,0.13713,0.13657,0.13558,0.13548,0.13695,0.13616
0.13944,0.13868,0.13876,0.13885,0.1385,0.13814,0.13764,0.13646,0.13753,0.13904,0.13714
0.14052,0.13973,0.13972,0.13982,0.14045,0.14016,0.13863,0.13846,0.13846,0.13993,0.13926
0.14245,0.1417,0.14175,0.14185,0.14148,0.14114,0.14065,0.13939,0.14044,0.14095,0.14022
0.14343,0.14268,0.14276,0.14282,0.14245,0.14331,0.14158,0.1404,0.14145,0.14305,0.1422
0.14547,0.14471,0.1447,0.14485,0.14442,0.14424,0.14359,0.14246,0.14343,0.14396,0.14318
0.14646,0.1458,0.14569,0.14583,0.14544,0.14624,0.14455,0.14345,0.14446,0.14596,0.14522
0.14744,0.14772,0.14676,0.14791,0.14744,0.14717,0.14656,0.14544,0.14656,0.14697,0.14621
0.14944,0.14867,0.14875,0.14891,0.14842,0.14932,0.14756,0.14637,0.14749,0.14937,0.14722
0.15054,0.14978,0.14971,0.15098,0.15046,0.15019,0.1487,0.14861,0.14844,0.15,0.14922
0.15254,0.15177,0.15169,0.15186,0.15145,0.15114,0.15068,0.1495,0.15049,0.15094,0.15017
0.15348,0.15273,0.15279,0.1529,0.15344,0.15318,0.15166,0.15142,0.15146,0.15304,0.15215
0.15547,0.15468,0.15471,0.1549,0.15442,0.15417,0.15367,0.15243,0.15344,0.15398,0.15316
0.15646,0.1557,0.15578,0.1559,0.15553,0.15616,0.15463,0.15343,0.15444,0.15599,0.15513
0.15842,0.15779,0.15772,0.15789,0.15751,0.15717,0.15661,0.15557,0.15656,0.15694,0.15613
0.15942,0.15876,0.1587,0.15891,0.15848,0.15925,0.1576,0.1564,0.15748,0.15893,0.15825
0.1605,0.1607,0.15968,0.1609,0.16046,0.16029,0.15964,0.15848,0.15846,0.15994,0.15922
0.16251,0.16167,0.16168,0.16182,0.16152,0.16222,0.16068,0.15942,0.16053,0.16208,0.16021
0.16344,0.16267,0.16269,0.16286,0.16344,0.16328,0.16165,0.16138,0.16151,0.16302,0.16221
0.16541,0.16476,0.16484,0.16488,0.16455,0.16426,0.16361,0.16246,0.16353,0.16399,0.1632
0.16641,0.16574,0.16577,0.16582,0.16651,0.16625,0.16465,0.16345,0.1645,0.16603,0.16525
0.16845,0.16774,0.1677,0.16796,0.16746,0.16717,0.16666,0.16546,0.16653,0.16697,0.16614
0.16941,0.16875,0.16868,0.16893,0.1685,0.16914,0.16759,0.16639,0.16755,0.16894,0.16816
0.17145,0.17075,0.17067,0.17092,0.1705,0.17015,0.16965,0.16845,0.16951,0.16995,0.16922
0.17242,0.17173,0.17168,0.17183,0.17146,0.17216,0.17069,0.16942,0.17047,0.17205,0.17019
0.17444,0.17369,0.17268,0.17399,0.17351,0.17314,0.17265,0.17144,0.17144,0.17298,0.17222
0.17541,0.17477,0.1747,0.17494,0.17447,0.17427,0.17365,0.17246,0.17346,0.175,0.17313
0.17641,0.17575,0.17586,0.17591,0.17651,0.17619,0.17461,0.1734,0.17443,0.17595,0.17515
0.17843,0.17771,0.17778,0.17793,0.17746,0.17723,0.1766,0.17539,0.17654,0.17694,0.17616
0.17953,0.17867,0.17875,0.17912,0.17844,0.17925,0.17756,0.17639,0.17748,0.17892,0.17825
0.18149,0.1807,0.18074,0.18084,0.18048,0.18017,0.1796,0.1784,0.17943,0.17992,0.17928
0.1825,0.18167,0.18175,0.18185,0.18146,0.18215,0.18057,0.1794,0.18044,0.18194,0.18022
0.18451,0.18369,0.1837,0.1839,0.18429,0.18325,0.18267,0.18137,0.18144,0.18294,0.18221
0.18552,0.18478,0.18468,0.18496,0.18649,0.18525,0.18363,0.18237,0.18346,0.18495,0.18316
0.18751,0.1867,0.1857,0.18687,0.18747,0.18616,0.18561,0.18438,0.18447,0.18593,0.18513
0.18847,0.18768,0.18771,0.18785,0.18956,0.18715,0.18656,0.18545,0.18653,0.18695,0.18614
0.18942,0.1887,0.1887,0.18883,0.19051,0.18928,0.18758,0.18639,0.18752,0.18894,0.18825
0.19154,0.19068,0.19068,0.19085,0.19247,0.19024,0.18959,0.18841,0.18955,0.18995,0.18925
0.1925,0.19177,0.19169,0.19182,0.19346,0.19227,0.19068,0.18959,0.19054,0.19196,0.19118
0.19451,0.19378,0.19369,0.19385,0.19449,0.1933,0.19265,0.19144,0.19251,0.19302,0.19217
0.19542,0.19468,0.19479,0.19488,0.1965,0.1952,0.19358,0.19246,0.19348,0.19498,0.19314
0.19743,0.1968,0.19676,0.19697,0.19744,0.19625,0.19558,0.19443,0.19449,0.1961,0.19514
0.19841,0.19776,0.19774,0.19791,0.19942,0.19822,0.19659,0.1957,0.19652,0.19805,0.19616
0.20044,0.19974,0.19874,0.19899,0.20045,0.19919,0.19756,0.1965,0.19745,0.19902,0.19814
0.20156,0.20077,0.20077,0.20083,0.20244,0.20014,0.19961,0.19841,0.19945,0.20003,0.19926
0.20251,0.20176,0.20167,0.20181,0.20342,0.2022,0.20059,0.19962,0.20043,0.20194,0.20123
0.20452,0.20376,0.20369,0.20392,0.20556,0.20319,0.2027,0.2015,0.2025,0.20299,0.20214
0.20549,0.20473,0.20467,0.20491,0.20648,0.2053,0.20364,0.20244,0.20351,0.20497,0.20416
0.20749,0.20674,0.20668,0.2071,0.20744,0.2062,0.20562,0.20446,0.2046,0.20596,0.20517
0.20848,0.20774,0.2077,0.20795,0.20945,0.20823,0.20661,0.20539,0.20655,0.20794,0.20614
0.21053,0.20971,0.20968,0.20991,0.21043,0.20923,0.20865,0.20737,0.20771,0.20895,0.20822
0.21151,0.21067,0.2107,0.21088,0.21243,0.21119,0.20961,0.20849,0.20956,0.20992,0.20915
0.21344,0.2127,0.21174,0.21188,0.21341,0.21219,0.21063,0.20944,0.21046,0.21207,0.21118
0.21443,0.21368,0.21369,0.21391,0.21555,0.21317,0.21256,0.21142,0.21247,0.21304,0.21215
0.21641,0.21469,0.2147,0.21489,0.2165,0.21516,0.21356,0.21242,0.21345,0.215,0.21419
0.21741,0.21676,0.21679,0.21689,0.21846,0.21613,0.2156,0.21443,0.21545,0.21601,0.21516
0.21842,0.2177,0.21771,0.21801,0.2195,0.21817,0.21656,0.21538,0.21663,0.21795,0.21613
0.2205,0.21974,0.21971,0.2199,0.2205,0.21929,0.21865,0.21741,0.21754,0.21893,0.21814
0.22151,0.22073,0.22068,0.22083,0.22252,0.22124,0.21961,0.21839,0.21953,0.22095,0.21926
0.22341,0.22266,0.2217,0.22185,0.22343,0.22217,0.22064,0.2194,0.22052,0.22196,0.2212
0.22443,0.2237,0.22385,0.22392,0.2255,0.22425,0.22265,0.22138,0.22251,0.223,0.22213
0.22649,0.22475,0.22475,0.22488,0.22643,0.22524,0.22358,0.22251,0.22351,0.22505,0.22415
0.22742,0.22675,0.22675,0.22683,0.22843,0.22619,0.22559,0.22448,0.22547,0.22595,0.22513
0.22954,0.22772,0.22779,0.22794,0.22944,0.2282,0.22655,0.22547,0.22644,0.22792,0.22714
0.23047,0.22976,0.2297,0.22986,0.23141,0.2292,0.22863,0.22737,0.22753,0.22893,0.22815
0.2315,0.23075,0.23068,0.23081,0.23244,0.23124,0.22963,0.22847,0.22947,0.23094,0.22923
0.23348,0.23277,0.2327,0.23284,0.23341,0.23218,0.2316,0.22943,0.23046,0.23207,0.23122
0.23448,0.23367,0.23371,0.23382,0.23556,0.23428,0.23265,0.23147,0.23245,0.23399,0.23216
0.23647,0.23568,0.23568,0.23486,0.23652,0.23524,0.23365,0.23244,0.23346,0.235,0.23419
0.23751,0.23667,0.23676,0.23688,0.23846,0.23624,0.2356,0.2344,0.23544,0.23599,0.23513
0.23951,0.23769,0.23775,0.23789,0.23941,0.23818,0.23659,0.23539,0.23644,0.23804,0.23715
0.24044,0.23979,0.23973,0.23989,0.24141,0.23915,0.23874,0.2375,0.23853,0.23904,0.23824
0.24143,0.2407,0.24067,0.24093,0.24242,0.24125,0.23969,0.23847,0.23949,0.24101,0.23921
0.24344,0.24275,0.24269,0.24289,0.24445,0.24226,0.2416,0.24048,0.24049,0.24196,0.24122
0.24442,0.24383,0.2437,0.24411,0.24543,0.24422,0.24263,0.24151,0.24248,0.24404,0.24218
0.24643,0.24577,0.24568,0.24586,0.24641,0.2452,0.24457,0.24256,0.24363,0.24501,0.24423
0.24741,0.24676,0.24669,0.24685,0.24854,0.24727,0.24558,0.24449,0.24553,0.24696,0.24516
0.24943,0.2487,0.24867,0.24782,0.24947,0.2482,0.24658,0.24542,0.24653,0.24803,0.24724
0.25052,0.24968,0.24968,0.24991,0.25151,0.24923,0.24861,0.24746,0.24844,0.24896,0.24824
0.25251,0.25069,0.2507,0.25089,0.25241,0.25124,0.24958,0.24839,0.24954,0.25096,0.2502
0.25343,0.25278,0.25287,0.25289,0.25445,0.25217,0.2517,0.25037,0.25052,0.25197,0.2512
0.25541,0.25373,0.25373,0.25398,0.25553,0.25418,0.25265,0.25148,0.25253,0.25403,0.2522
0.25643,0.25576,0.25576,0.2559,0.25746,0.25516,0.25463,0.25245,0.25344,0.25502,0.25424
0.25743,0.25671,0.25677,0.25689,0.25845,0.25714,0.25562,0.25446,0.25545,0.25703,0.25515
0.25941,0.25868,0.25873,0.2589,0.25943,0.25815,0.2566,0.25552,0.25654,0.25801,0.25713
0.26053,0.25975,0.25974,0.25987,0.26143,0.25917,0.25861,0.25748,0.2585,0.26001,0.25815
0.26244,0.26076,0.26174,0.26087,0.26244,0.26129,0.25967,0.25843,0.25951,0.26098,0.26025
0.2635,0.26275,0.26278,0.2629,0.26445,0.2622,0.26157,0.26046,0.26043,0.26202,0.26121
0.26549,0.26375,0.26368,0.26387,0.26542,0.26437,0.26258,0.26146,0.26246,0.26401,0.26215
0.26643,0.26575,0.26568,0.2659,0.26755,0.26522,0.26456,0.26243,0.26343,0.26497,0.26421
0.26852,0.26676,0.26678,0.2669,0.26849,0.26717,0.26568,0.26444,0.26544,0.26704,0.26517
0.26947,0.26867,0.2688,0.26898,0.27047,0.26814,0.26764,0.26545,0.26645,0.26797,0.26714
0.27148,0.26969,0.26975,0.26996,0.27149,0.27016,0.26864,0.26742,0.26857,0.26993,0.26816
0.27241,0.27167,0.27169,0.27083,0.27249,0.27117,0.26963,0.26837,0.26952,0.27094,0.27024
0.27346,0.27279,0.2727,0.27282,0.27451,0.27214,0.27164,0.27045,0.27047,0.27195,0.2712
0.27542,0.27377,0.27468,0.27388,0.27547,0.2743,0.27257,0.27152,0.27245,0.27393,0.27317
0.27643,0.27577,0.2759,0.27589,0.27751,0.27516,0.27458,0.27348,0.27343,0.27495,0.27416
0.2785,0.27681,0.27676,0.27692,0.2785,0.27715,0.27568,0.27442,0.27544,0.27693,0.27514
0.27947,0.27873,0.27877,0.279,0.28051,0.27817,0.27762,0.27538,0.27645,0.27795,0.27716
0.28149,0.2798,0.27978,0.27985,0.2815,0.28027,0.27863,0.2774,0.27849,0.27995,0.27813
0.28248,0.28171,0.28175,0.28183,0.28342,0.28134,0.27961,0.27841,0.27947,0.28093,0.28016
0.2835,0.28269,0.28271,0.28289,0.28443,0.28321,0.28167,0.28038,0.28055,0.28303,0.28113
0.28543,0.28477,0.28474,0.2839,0.28553,0.28419,0.28266,0.28161,0.28253,0.28401,0.28327
0.28644,0.28575,0.28568,0.28586,0.28746,0.28523,0.2846,0.28348,0.28345,0.28505,0.28415
0.28846,0.28676,0.28771,0.28685,0.28845,0.28732,0.28556,0.28448,0.28548,0.28695,0.28517
0.28943,0.2887,0.28867,0.28884,0.29045,0.28817,0.28765,0.28549,0.28646,0.28792,0.28715
0.29144,0.28981,0.28968,0.28982,0.29143,0.29031,0.28866,0.28737,0.28856,0.29015,0.28823
0.29242,0.29175,0.2917,0.29198,0.29343,0.29128,0.29065,0.28838,0.28947,0.29102,0.29025
0.29443,0.29269,0.29267,0.29292,0.29441,0.2932,0.29158,0.2905,0.29145,0.29302,0.29128
0.29543,0.29477,0.29474,0.29395,0.29543,0.29416,0.29259,0.2915,0.29244,0.29402,0.29325
0.29641,0.29584,0.29571,0.29588,0.29743,0.29514,0.29456,0.29347,0.29348,0.29603,0.29424
0.29842,0.29775,0.29771,0.297,0.29852,0.29717,0.29569,0.29446,0.29548,0.29698,0.29626
0.29942,0.29869,0.29868,0.29899,0.30052,0.29814,0.29759,0.29652,0.29645,0.29798,0.29719
0.30142,0.29967,0.30071,0.3,0.30151,0.30013,0.29865,0.29744,0.29856,0.29995,0.29825
0.30244,0.3018,0.30168,0.30187,0.30352,0.30115,0.30067,0.29845,0.29953,0.30093,0.30019
0.30441,0.30276,0.30269,0.30288,0.30444,0.30314,0.30162,0.30044,0.30149,0.30305,0.30118
0.30542,0.30472,0.30467,0.3049,0.30655,0.30426,0.30358,0.30142,0.30254,0.30396,0.30316
0.30744,0.30575,0.30586,0.30584,0.30754,0.30624,0.30459,0.30345,0.30452,0.30606,0.30417
0.30841,0.30775,0.30778,0.30682,0.30848,0.30719,0.30556,0.30445,0.3056,0.30701,0.30616
0.31055,0.30882,0.30868,0.30883,0.31051,0.30818,0.30757,0.30645,0.30653,0.30796,0.30713
0.31148,0.31071,0.3108,0.30984,0.31141,0.31035,0.30858,0.30739,0.30851,0.30995,0.30815
0.31241,0.31169,0.31178,0.31195,0.31342,0.31134,0.31065,0.30838,0.30951,0.31093,0.31021
0.31448,0.31267,0.31269,0.3129,0.31444,0.31321,0.31165,0.3104,0.31159,0.31302,0.31122
0.31549,0.31479,0.31479,0.31489,0.3165,0.31425,0.31361,0.31148,0.31252,0.31399,0.31319
0.31743,0.31576,0.31575,0.31584,0.31748,0.31621,0.31464,0.31342,0.31445,0.31602,0.31415
0.3185,0.31775,0.31775,0.31783,0.31948,0.31717,0.31567,0.31482,0.31552,0.317,0.31614
0.32051,0.31874,0.31873,0.31884,0.32051,0.31915,0.31764,0.31641,0.31653,0.31901,0.31716
0.3215,0.32073,0.32071,0.31985,0.32142,0.32016,0.31866,0.31738,0.31856,0.31996,0.31923
0.32246,0.32183,0.32171,0.32185,0.32342,0.32117,0.32072,0.31844,0.3195,0.32093,0.32021
0.32448,0.32371,0.32368,0.32282,0.32445,0.32314,0.32162,0.32159,0.32154,0.32308,0.32122
0.3255,0.3248,0.32478,0.32493,0.32652,0.32415,0.32361,0.32344,0.32244,0.32402,0.32322
0.32747,0.32577,0.32675,0.32593,0.32749,0.32613,0.32461,0.32443,0.32447,0.326,0.32422
0.32846,0.32776,0.32778,0.32793,0.3295,0.32714,0.32665,0.32643,0.32546,0.32696,0.32622
0.33054,0.32872,0.32868,0.32905,0.33045,0.32924,0.32759,0.32744,0.32647,0.32903,0.32715
0.33147,0.33074,0.33067,0.32985,0.33151,0.33025,0.32862,0.32942,0.32853,0.32998,0.3292
0.33343,0.33169,0.3317,0.33184,0.33348,0.33225,0.33065,0.33043,0.32954,0.33198,0.33019
0.33444,0.33373,0.33368,0.33283,0.33446,0.33329,0.33164,0.33144,0.33147,0.33293,0.3312
0.33642,0.33481,0.33467,0.33497,0.33648,0.33416,0.33357,0.33343,0.33245,0.33395,0.33321
0.33743,0.33578,0.33677,0.33589,0.33759,0.33617,0.33459,0.33443,0.33451,0.33594,0.33421
0.33841,0.33782,0.33775,0.33795,0.33945,0.33733,0.33657,0.33672,0.33546,0.33695,0.33614
0.34052,0.33877,0.33872,0.33901,0.34043,0.33922,0.33771,0.33741,0.33646,0.33916,0.3372
0.34149,0.34069,0.34078,0.34084,0.34256,0.34024,0.33966,0.3394,0.33847,0.33999,0.33924
0.34343,0.34168,0.34177,0.34185,0.34347,0.3422,0.34067,0.34037,0.33946,0.34197,0.3402
0.34444,0.34367,0.344,0.34285,0.34443,0.3432,0.34162,0.34161,0.34157,0.34307,0.34213
0.34651,0.34472,0.3448,0.3451,0.34651,0.34419,0.34365,0.34359,0.34253,0.34505,0.34315
0.34748,0.3468,0.34676,0.34592,0.34748,0.34622,0.34459,0.34448,0.34445,0.34595,0.34417
0.34953,0.34771,0.3478,0.34798,0.34948,0.3472,0.34659,0.34652,0.34543,0.34693,0.3462
0.35051,0.34871,0.34968,0.34885,0.35044,0.34915,0.34757,0.34743,0.34645,0.34896,0.34716
0.35149,0.35076,0.35078,0.35083,0.35252,0.35016,0.34967,0.34946,0.34849,0.34993,0.34926
0.3535,0.35175,0.35176,0.35185,0.35344,0.35217,0.35063,0.3504,0.34949,0.35204,0.35019
0.35447,0.35379,0.35376,0.35282,0.35445,0.35314,0.35159,0.35245,0.35145,0.35301,0.35221
0.3565,0.3547,0.3549,0.35491,0.35651,0.35528,0.35358,0.35343,0.35247,0.35498,0.35314
0.3575,0.35671,0.35677,0.35592,0.35749,0.35625,0.35456,0.35444,0.35446,0.35593,0.35416
0.35946,0.35772,0.35773,0.35788,0.35948,0.35722,0.35659,0.35646,0.35544,0.35792,0.35614
0.3605,0.35981,0.35975,0.35888,0.36046,0.35919,0.35756,0.35741,0.35752,0.35893,0.35715
0.36248,0.36075,0.36075,0.36099,0.36244,0.36017,0.35961,0.35947,0.35847,0.35994,0.35927
0.36348,0.36171,0.36272,0.36186,0.36342,0.36215,0.36059,0.36037,0.35946,0.36195,0.36019
0.36448,0.36377,0.36371,0.36392,0.36543,0.3632,0.36257,0.36254,0.3615,0.36302,0.36215
0.36645,0.36475,0.36469,0.36489,0.36642,0.36522,0.36355,0.36344,0.36253,0.36498,0.36313
0.36744,0.36672,0.36688,0.36584,0.36752,0.36619,0.36457,0.3644,0.36452,0.36602,0.3652
0.36955,0.36777,0.36775,0.36782,0.36959,0.36837,0.36656,0.36642,0.36543,0.36802,0.36613
0.3705,0.3697,0.3698,0.36884,0.37047,0.36927,0.36758,0.36739,0.36746,0.369,0.36714
0.37252,0.37073,0.37077,0.37082,0.37244,0.37019,0.36957,0.36938,0.36845,0.36995,0.36913
0.37345,0.37268,0.37271,0.37183,0.37342,0.37223,0.37102,0.37039,0.36947,0.37193,0.37015
0.37544,0.3737,0.37369,0.37403,0.3755,0.37315,0.37268,0.3724,0.37151,0.37302,0.37213
0.37642,0.37467,0.37569,0.37491,0.37645,0.37529,0.37359,0.37337,0.37245,0.375,0.37314
0.37744,0.37679,0.3768,0.37694,0.37845,0.37616,0.37457,0.37549,0.37444,0.37597,0.37528
0.37942,0.37772,0.37778,0.37793,0.37944,0.37815,0.37656,0.37649,0.37545,0.378,0.37621
0.38051,0.37983,0.37974,0.37902,0.38042,0.37917,0.37757,0.37739,0.37744,0.37899,0.37715
0.38251,0.38072,0.38075,0.38092,0.38248,0.38115,0.37962,0.37947,0.37846,0.38102,0.37923
0.38348,0.38267,0.38276,0.38188,0.38347,0.38216,0.38057,0.38047,0.38045,0.382,0.38022
0.3855,0.38369,0.38375,0.38395,0.38559,0.38328,0.38256,0.38255,0.38146,0.383,0.38223
0.38644,0.38576,0.38575,0.38516,0.38654,0.38524,0.38357,0.38346,0.38244,0.38502,0.3832
0.38844,0.38668,0.38675,0.38697,0.38843,0.38622,0.3856,0.38543,0.38467,0.38593,0.38524
0.38941,0.3877,0.38881,0.38793,0.38942,0.38822,0.38657,0.38639,0.3855,0.38796,0.38614
0.39053,0.3897,0.38967,0.38891,0.39044,0.38919,0.38758,0.38737,0.38748,0.38908,0.38826
0.39245,0.39068,0.39073,0.3909,0.39253,0.39122,0.38968,0.38941,0.38844,0.39098,0.38921
0.39341,0.39277,0.39288,0.39201,0.39347,0.39219,0.39062,0.3904,0.39044,0.39197,0.39018
0.39541,0.39368,0.39375,0.39391,0.39548,0.39332,0.39259,0.39252,0.39147,0.39402,0.39216
0.39649,0.39568,0.39576,0.39491,0.39645,0.39526,0.39358,0.39343,0.39243,0.39501,0.39315
0.3985,0.39668,0.39674,0.39686,0.39853,0.39624,0.39556,0.39548,0.39454,0.396,0.39517
0.39952,0.39767,0.39877,0.39785,0.39949,0.39821,0.39658,0.39641,0.39551,0.398,0.39614
0.40156,0.39977,0.39976,0.39984,0.40151,0.39923,0.39759,0.39739,0.3975,0.39899,0.39816
0.40249,0.40071,0.40072,0.40082,0.40245,0.40124,0.39962,0.39949,0.39852,0.40101,0.39916
0.40349,0.40272,0.40275,0.40183,0.40344,0.40214,0.40066,0.40049,0.40054,0.40201,0.40013
0.40549,0.4037,0.40375,0.40381,0.40553,0.40421,0.40263,0.40252,0.40155,0.40399,0.40216
0.40644,0.4057,0.40571,0.40483,0.40645,0.40515,0.40366,0.40347,0.40246,0.40504,0.40313
0.40843,0.40668,0.40677,0.40685,0.40843,0.40616,0.40564,0.40542,0.40445,0.40616,0.40514
0.40944,0.40867,0.40872,0.40782,0.40942,0.40829,0.40667,0.40657,0.40546,0.40802,0.40615
0.41144,0.41008,0.40968,0.40987,0.41143,0.40916,0.40867,0.40852,0.40745,0.40899,0.40823
0.41242,0.41105,0.4117,0.41083,0.41241,0.41115,0.40959,0.40947,0.40843,0.41101,0.40923
0.41443,0.41274,0.41268,0.41284,0.41343,0.41231,0.41061,0.41044,0.41047,0.41203,0.41122
0.4154,0.41367,0.41369,0.41382,0.41554,0.41423,0.41258,0.41245,0.41157,0.41402,0.41221
0.41642,0.41577,0.41579,0.41492,0.41652,0.41516,0.41359,0.41349,0.41259,0.41496,0.41321
0.41844,0.41672,0.41677,0.4169,0.41848,0.41715,0.4157,0.41556,0.41452,0.41697,0.41524
0.41941,0.41881,0.41873,0.41791,0.4195,0.41816,0.41661,0.41639,0.41546,0.41793,0.41615
0.42152,0.41975,0.41973,0.41993,0.42143,0.41913,0.41863,0.41847,0.41754,0.41895,0.41824
0.4225,0.42175,0.42172,0.42091,0.42242,0.42114,0.41961,0.4194,0.41851,0.42093,0.41923
0.42444,0.42268,0.42268,0.42291,0.42446,0.42216,0.42157,0.42039,0.42051,0.42194,0.42116
0.4255,0.4237,0.42479,0.42396,0.4255,0.42428,0.4226,0.42241,0.42146,0.42402,0.42215
0.42747,0.4257,0.42574,0.42491,0.42649,0.42518,0.42357,0.42339,0.42346,0.425,0.42316
0.4285,0.42669,0.42676,0.42683,0.42847,0.42716,0.42556,0.42538,0.42443,0.42693,0.42514
0.43054,0.4287,0.42881,0.42785,0.42951,0.42814,0.42657,0.42639,0.42545,0.42798,0.42615
0.43152,0.42977,0.42974,0.42992,0.43142,0.43035,0.42856,0.42837,0.42752,0.42993,0.42817
0.43242,0.43178,0.43178,0.4309,0.43241,0.43131,0.42968,0.42939,0.42847,0.43095,0.42915
0.43444,0.43288,0.43268,0.43293,0.43446,0.43217,0.43166,0.43139,0.43055,0.43198,0.43121
0.43556,0.43474,0.43471,0.4339,0.4356,0.43417,0.43269,0.43251,0.43155,0.43406,0.43214
0.43747,0.4358,0.43568,0.4359,0.43748,0.43515,0.43362,0.43345,0.43346,0.43499,0.43314
0.43843,0.43673,0.43793,0.43694,0.43845,0.43714,0.4356,0.43545,0.43444,0.437,0.43517
0.44042,0.43872,0.43871,0.43787,0.43943,0.43816,0.43656,0.43649,0.43546,0.43803,0.43616
0.44142,0.43976,0.43969,0.43981,0.44144,0.44015,0.43866,0.4385,0.43754,0.44003,0.43826
0.44341,0.44178,0.44168,0.44082,0.44242,0.44116,0.43965,0.43946,0.43853,0.441,0.43925
0.44441,0.44269,0.44267,0.4428,0.44445,0.44328,0.44157,0.44149,0.4405,0.44313,0.44122
0.44543,0.44476,0.44469,0.44383,0.44551,0.44421,0.44258,0.4425,0.44146,0.44403,0.4422
0.44742,0.44577,0.44578,0.44585,0.44748,0.44519,0.44457,0.4435,0.44347,0.44504,0.44422
0.44843,0.44779,0.44775,0.44683,0.44844,0.44733,0.44558,0.44542,0.44445,0.44695,0.44522
0.45051,0.44873,0.44871,0.44895,0.45045,0.44827,0.44656,0.44638,0.4455,0.44794,0.44623
0.45145,0.44972,0.4507,0.4499,0.45143,0.4502,0.44859,0.44837,0.4475,0.45002,0.44818
0.45342,0.45176,0.45169,0.45088,0.45243,0.45122,0.44972,0.44939,0.4485,0.451,0.44922
0.45443,0.45277,0.4527,0.45291,0.45443,0.45318,0.45166,0.45138,0.45053,0.45302,0.45122
0.45642,0.45468,0.45469,0.45388,0.45551,0.45431,0.45268,0.4524,0.45144,0.45401,0.45222
0.45744,0.45567,0.4558,0.45587,0.45747,0.45619,0.45467,0.45343,0.45348,0.455,0.45418
0.45842,0.45768,0.45771,0.45693,0.4585,0.45715,0.45565,0.45544,0.45443,0.45705,0.45515
0.46052,0.45882,0.45874,0.45891,0.46051,0.45817,0.45663,0.45642,0.45646,0.45803,0.45715
0.46151,0.46067,0.46073,0.45992,0.46143,0.46022,0.45861,0.45861,0.45754,0.45993,0.45817
0.4635,0.4617,0.46175,0.46085,0.46241,0.46125,0.45965,0.45942,0.45853,0.46095,0.45927
0.46444,0.46268,0.46377,0.463,0.46453,0.46322,0.46167,0.46144,0.46055,0.46305,0.46121
0.46643,0.46477,0.46468,0.46393,0.46549,0.46416,0.46266,0.46249,0.46152,0.46402,0.46217
0.46741,0.46573,0.4657,0.46592,0.46747,0.46614,0.46466,0.46449,0.46344,0.46602,0.46423
0.46943,0.4677,0.46789,0.46683,0.46847,0.46716,0.46557,0.46548,0.46443,0.46693,0.46514
0.47054,0.46881,0.46878,0.469,0.4705,0.46825,0.46758,0.46647,0.46645,0.46795,0.46713
0.47148,0.47078,0.4707,0.46995,0.47146,0.47022,0.46865,0.46845,0.46753,0.46994,0.46815
0.47344,0.47177,0.47168,0.47184,0.47342,0.47125,0.46961,0.46939,0.46849,0.47095,0.46918
0.47443,0.47268,0.47383,0.47283,0.47442,0.47318,0.47163,0.47145,0.47044,0.47306,0.47115
0.47641,0.47469,0.47469,0.47397,0.47553,0.47429,0.47261,0.47245,0.47147,0.474,0.47214
0.47743,0.47577,0.4768,0.4759,0.47748,0.47626,0.47461,0.47444,0.47347,0.47597,0.47414
0.47945,0.47771,0.47775,0.47688,0.47853,0.47716,0.47556,0.47541,0.47445,0.47693,0.47514
0.48053,0.47887,0.47874,0.47897,0.48054,0.47928,0.47761,0.47739,0.47645,0.47897,0.47713
0.4825,0.48075,0.48075,0.48005,0.48148,0.4802,0.47859,0.47847,0.47747,0.47996,0.47822
0.48349,0.4819,0.48174,0.48192,0.48346,0.48122,0.48071,0.47941,0.47845,0.48104,0.47914
0.48451,0.4837,0.48374,0.48288,0.48444,0.48319,0.48163,0.4814,0.48045,0.48303,0.48116
0.48648,0.48477,0.48499,0.48492,0.48658,0.48419,0.48267,0.48239,0.48145,0.48402,0.48214
0.48747,0.48575,0.48681,0.48584,0.48749,0.48622,0.48462,0.48452,0.48344,0.48605,0.48424
0.48947,0.48778,0.48774,0.48681,0.48846,0.48716,0.48558,0.48546,0.48444,0.48696,0.48517
0.49051,0.48869,0.48978,0.48884,0.49046,0.48924,0.48757,0.48743,0.48644,0.48894,0.48715
0.49252,0.49081,0.49077,0.48986,0.49146,0.49021,0.48858,0.48851,0.48756,0.48996,0.4882
0.49342,0.49175,0.49168,0.49194,0.49349,0.49219,0.49073,0.48943,0.48951,0.49198,0.49022
0.49552,0.49381,0.49367,0.49293,0.4945,0.49321,0.49163,0.49146,0.49054,0.4931,0.49117
0.49644,0.49478,0.49469,0.49491,0.4965,0.49416,0.49265,0.49243,0.49151,0.49403,0.49217
0.49744,0.49694,0.49677,0.49594,0.49744,0.49614,0.49462,0.49445,0.49353,0.49601,0.49421
0.49943,0.49771,0.49772,0.49785,0.49851,0.49716,0.49565,0.49542,0.49443,0.49698,0.49516
0.50043,0.4987,0.4997,0.49884,0.5005,0.49914,0.49761,0.49747,0.49652,0.49902,0.49714
0.50243,0.50074,0.50069,0.49981,0.50147,0.50015,0.49863,0.49837,0.49752,0.49996,0.49824
0.50341,0.50179,0.50268,0.50189,0.50342,0.50216,0.50072,0.50047,0.4995,0.50196,0.50026
0.50544,0.50374,0.5037,0.50291,0.50442,0.50313,0.50165,0.50158,0.50045,0.50301,0.50123
0.50642,0.5048,0.50467,0.50496,0.50655,0.50422,0.50362,0.50248,0.50152,0.50397,0.50213
0.50841,0.50675,0.50678,0.50585,0.50749,0.50617,0.50456,0.5044,0.50348,0.50595,0.50413
0.50943,0.50768,0.50774,0.50793,0.50948,0.50719,0.50558,0.5054,0.50444,0.50696,0.50515
0.51051,0.50967,0.50976,0.50899,0.51045,0.5092,0.50767,0.50738,0.50645,0.50895,0.50714
0.51246,0.51069,0.51073,0.51091,0.51144,0.51015,0.50864,0.50839,0.50745,0.50993,0.50823
0.51342,0.51167,0.51276,0.51184,0.51341,0.51218,0.51063,0.51047,0.50945,0.51194,0.51022
0.51549,0.51367,0.51376,0.51288,0.51445,0.51357,0.51164,0.51146,0.51046,0.51308,0.51119
0.5165,0.51469,0.51573,0.51493,0.51654,0.51538,0.51364,0.51244,0.51247,0.515,0.51323
0.51849,0.51677,0.51675,0.5159,0.5175,0.51617,0.51457,0.51443,0.51345,0.51601,0.51421
0.51953,0.51771,0.51773,0.51792,0.51952,0.51715,0.51562,0.51538,0.51446,0.51695,0.51513
0.5215,0.51973,0.51977,0.51884,0.52048,0.51921,0.51759,0.51739,0.51662,0.51894,0.51713
0.52244,0.52071,0.52068,0.52083,0.5215,0.52022,0.51859,0.51837,0.51756,0.51992,0.51815
0.52353,0.5228,0.5227,0.52186,0.52349,0.52221,0.52073,0.52039,0.5195,0.52194,0.52023
0.52553,0.52375,0.52368,0.52391,0.52445,0.5232,0.52163,0.5214,0.52049,0.52299,0.52122
0.52643,0.52474,0.52576,0.52486,0.52647,0.52544,0.52366,0.52343,0.52253,0.5252,0.52319
0.52844,0.52678,0.52676,0.52597,0.52742,0.52616,0.52469,0.5246,0.52344,0.52602,0.52414
0.52943,0.52775,0.52877,0.52794,0.52942,0.52817,0.52657,0.52547,0.52446,0.52803,0.5252
0.53146,0.52978,0.52979,0.52886,0.53045,0.52925,0.52757,0.52739,0.52649,0.52894,0.52715
0.53242,0.53078,0.53077,0.53081,0.53244,0.53021,0.52869,0.52841,0.52757,0.52992,0.52827
0.53442,0.53268,0.53272,0.53183,0.53342,0.5322,0.53066,0.53047,0.52953,0.53194,0.5302
0.53544,0.53367,0.53368,0.53391,0.53443,0.53322,0.53162,0.53147,0.53044,0.533,0.53122
0.53642,0.53469,0.5357,0.53481,0.53657,0.53515,0.53358,0.53345,0.53246,0.53502,0.53324
0.53841,0.53671,0.53682,0.53694,0.53749,0.53617,0.53463,0.53448,0.53344,0.53601,0.53422
0.53943,0.5377,0.53877,0.53789,0.53947,0.53817,0.53661,0.5354,0.53446,0.53802,0.53614
0.54143,0.53971,0.5397,0.5389,0.54049,0.53914,0.53766,0.53739,0.53653,0.53899,0.53716
0.54245,0.54079,0.5407,0.54088,0.54244,0.54139,0.53966,0.53839,0.5375,0.54,0.53814
0.54444,0.54273,0.54268,0.54195,0.54345,0.54217,0.54061,0.54037,0.53948,0.54205,0.54023
0.54542,0.54369,0.54367,0.54387,0.54443,0.54325,0.54158,0.54139,0.5405,0.5431,0.54129
0.54742,0.54575,0.54572,0.54501,0.54653,0.54521,0.54356,0.54349,0.54245,0.545,0.54325
0.54844,0.54677,0.54686,0.5469,0.54751,0.54622,0.54458,0.54443,0.54343,0.54597,0.54423
0.54941,0.54879,0.54883,0.54783,0.54949,0.54815,0.54656,0.54646,0.54545,0.54795,0.54622
0.55151,0.54972,0.54978,0.54983,0.5505,0.54925,0.54757,0.54739,0.54645,0.54893,0.5472
0.55241,0.55068,0.5517,0.55085,0.5525,0.55125,0.54966,0.54838,0.54754,0.55095,0.54822
0.55441,0.5527,0.55267,0.55181,0.55353,0.5522,0.55065,0.55051,0.54949,0.55194,0.55024
0.55543,0.5537,0.5537,0.55385,0.55543,0.55321,0.55164,0.55146,0.55055,0.55305,0.55124
0.55742,0.55578,0.55573,0.55488,0.55642,0.55515,0.55362,0.55342,0.55258,0.55502,0.55315
0.55844,0.55675,0.55683,0.55695,0.55741,0.55616,0.55462,0.55445,0.55355,0.55599,0.55414
0.56043,0.5587,0.55877,0.55797,0.55945,0.55814,0.55665,0.55646,0.55551,0.55801,0.55616
0.56142,0.55978,0.55976,0.55988,0.56044,0.55915,0.55756,0.55743,0.55649,0.55898,0.55713
0.56341,0.56177,0.56173,0.56084,0.56244,0.56116,0.55958,0.55843,0.55751,0.56101,0.55917
0.56452,0.56269,0.56269,0.56182,0.56342,0.56214,0.56057,0.56045,0.55949,0.56193,0.56014
0.56549,0.56376,0.5647,0.56391,0.56553,0.56428,0.56259,0.56157,0.5605,0.56398,0.56115
0.56749,0.56575,0.56579,0.56487,0.56647,0.5652,0.56356,0.56348,0.56253,0.565,0.56326
0.56852,0.56671,0.56677,0.56688,0.56842,0.56621,0.56458,0.56444,0.5635,0.56593,0.5642
0.5705,0.56874,0.56875,0.56792,0.56945,0.5682,0.56667,0.56646,0.56547,0.56802,0.56621
0.57147,0.56976,0.5697,0.56991,0.57043,0.56925,0.56762,0.56742,0.56646,0.56899,0.56716
0.57344,0.57175,0.57169,0.57087,0.57243,0.57114,0.57051,0.56944,0.56747,0.57101,0.56919
0.57442,0.57276,0.5727,0.57296,0.57341,0.57245,0.57306,0.57044,0.56946,0.57212,0.5702
0.57641,0.57378,0.5747,0.57397,0.57552,0.57429,0.57382,0.57141,0.57044,0.57402,0.57224
0.57743,0.57577,0.5757,0.57489,0.57647,0.57522,0.57566,0.57344,0.57249,0.57502,0.57315
0.57854,0.57672,0.57769,0.57691,0.5785,0.57725,0.57662,0.57444,0.57343,0.57598,0.57417
0.58051,0.57873,0.57907,0.57791,0.5795,0.57822,0.57766,0.57644,0.57546,0.57802,0.57615
0.58149,0.57972,0.58072,0.57993,0.58151,0.57919,0.57962,0.5775,0.57646,0.579,0.57725
0.58347,0.58175,0.58167,0.58083,0.58246,0.58122,0.58069,0.57938,0.57855,0.58097,0.57922
0.58449,0.5827,0.5827,0.58283,0.58344,0.58214,0.58265,0.58039,0.57951,0.58194,0.5802
0.58649,0.58476,0.5847,0.58391,0.58555,0.58423,0.58361,0.58138,0.5805,0.584,0.58223
0.5875,0.58573,0.58567,0.58587,0.58646,0.58524,0.5856,0.5834,0.58248,0.58505,0.58318
0.58952,0.58672,0.58772,0.58686,0.58842,0.58718,0.58657,0.58449,0.58348,0.58694,0.58416
0.59051,0.58871,0.58867,0.58783,0.58945,0.58829,0.58758,0.58648,0.58552,0.58792,0.58615
0.59146,0.58974,0.5907,0.58986,0.59153,0.58916,0.5897,0.58748,0.58644,0.58904,0.58713
0.59343,0.59171,0.59168,0.59084,0.59252,0.59115,0.59065,0.5894,0.58854,0.59096,0.58917
0.59441,0.59269,0.59381,0.59286,0.5935,0.59217,0.59259,0.59042,0.58952,0.59196,0.59015
0.59643,0.59469,0.59477,0.59396,0.59551,0.59427,0.59361,0.59243,0.59045,0.59401,0.59217
0.5974,0.5958,0.59575,0.59599,0.5965,0.59524,0.59704,0.59339,0.59244,0.59499,0.59315
0.5995,0.59774,0.59786,0.59693,0.59848,0.59721,0.59864,0.59437,0.59346,0.59695,0.59513
0.60052,0.5987,0.59869,0.59791,0.59944,0.59821,0.59966,0.59638,0.59553,0.59794,0.59627
0.60253,0.5997,0.60076,0.60002,0.60148,0.60021,0.60066,0.59739,0.59649,0.59996,0.59717
0.60352,0.60169,0.60173,0.60085,0.60252,0.60117,0.60263,0.59953,0.59852,0.60094,0.59926
0.60448,0.60267,0.60372,0.60289,0.60452,0.60215,0.60359,0.60051,0.5995,0.60195,0.60018
0.6065,0.60477,0.60468,0.60401,0.60553,0.60424,0.60558,0.60252,0.60051,0.60393,0.60216
0.60745,0.60575,0.60584,0.60586,0.60648,0.60527,0.60655,0.60342,0.60251,0.60495,0.60314
0.60941,0.60772,0.60774,0.60685,0.60849,0.60721,0.60858,0.60439,0.60349,0.60694,0.60514
0.61053,0.60874,0.60878,0.60884,0.6095,0.60815,0.60958,0.6065,0.60547,0.60796,0.60617
0.6125,0.61074,0.61077,0.60986,0.61143,0.6102,0.61065,0.60747,0.60646,0.60994,0.60822
0.61348,0.61173,0.61174,0.61083,0.61242,0.61121,0.61265,0.60947,0.60851,0.61092,0.6092
0.61552,0.61274,0.61376,0.61281,0.61448,0.61321,0.61366,0.6105,0.60948,0.61306,0.61021
0.61643,0.61476,0.61473,0.61386,0.61552,0.61418,0.61557,0.61248,0.61153,0.61401,0.61218
0.61741,0.61568,0.61679,0.61582,0.61648,0.61516,0.61664,0.61343,0.61251,0.615,0.61313
0.61959,0.61769,0.61767,0.61685,0.6185,0.61716,0.61866,0.61446,0.61349,0.617,0.61517
0.62057,0.61868,0.61869,0.61894,0.61956,0.61814,0.62106,0.61655,0.61551,0.618,0.61615
0.62247,0.62076,0.62068,0.61995,0.62142,0.6203,0.62336,0.61738,0.61652,0.62004,0.61824
0.62343,0.6217,0.62169,0.62185,0.62241,0.62126,0.62868,0.6194,0.61852,0.62105,0.61928
0.62549,0.62369,0.62367,0.62286,0.62446,0.62329,0.62965,0.62044,0.61954,0.623,0.62015
0.6265,0.62479,0.62479,0.62398,0.62552,0.62422,0.63162,0.62252,0.62147,0.62402,0.62217
0.62851,0.62576,0.62682,0.62589,0.62748,0.62519,0.63261,0.62357,0.62245,0.626,0.62316
0.62942,0.62775,0.6279,0.62681,0.62844,0.62716,0.63358,0.62546,0.62343,0.62693,0.62515
0.63145,0.62872,0.62977,0.629,0.62943,0.62814,0.63556,0.62647,0.62546,0.62795,0.62616
0.63241,0.63072,0.63068,0.62993,0.63149,0.63022,0.63658,0.62738,0.62644,0.63003,0.62825
0.63342,0.63168,0.63169,0.63198,0.6325,0.63121,0.63865,0.62939,0.62855,0.63098,0.62926
0.63544,0.63367,0.63367,0.6329,0.63447,0.63317,0.63961,0.6304,0.62949,0.63297,0.63123
0.63642,0.63479,0.63469,0.634,0.63547,0.63417,0.64169,0.63257,0.63147,0.63401,0.63221
0.6384,0.63677,0.63674,0.63596,0.63762,0.63617,0.64266,0.63348,0.63245,0.636,0.63323
0.63942,0.63775,0.63775,0.63694,0.63851,0.63716,0.64465,0.63549,0.63343,0.63696,0.63521
0.64152,0.63869,0.63978,0.63884,0.6405,0.63817,0.64559,0.63642,0.63554,0.63802,0.63616
0.6425,0.64076,0.64079,0.63982,0.6415,0.64032,0.64658,0.63743,0.63648,0.6401,0.63824
0.6445,0.64176,0.64275,0.64181,0.64247,0.64119,0.64868,0.63944,0.63854,0.64099,0.63923
0.64544,0.64372,0.64376,0.64283,0.64447,0.6432,0.64964,0.64043,0.63948,0.64304,0.6412
0.64642,0.64473,0.64472,0.64484,0.64551,0.64425,0.65168,0.64243,0.6415,0.64403,0.64214
0.64855,0.64674,0.64673,0.64582,0.6475,0.64618,0.65259,0.64339,0.64245,0.64603,0.64413
0.64952,0.64775,0.64778,0.64684,0.64848,0.64722,0.65458,0.64547,0.64343,0.64694,0.64519
0.65153,0.64978,0.64971,0.64883,0.65048,0.64924,0.65556,0.64649,0.64551,0.64893,0.64622
0.65244,0.65074,0.65069,0.64981,0.65141,0.65022,0.65658,0.6474,0.64648,0.64994,0.64819
0.65444,0.65178,0.65276,0.65184,0.65343,0.65114,0.65873,0.64939,0.6485,0.65205,0.64921
0.65542,0.65379,0.65373,0.65281,0.65442,0.65317,0.65966,0.6505,0.64949,0.65301,0.6512
0.65741,0.6547,0.65569,0.65489,0.6555,0.65423,0.66164,0.65246,0.65147,0.65404,0.65215
0.65843,0.65674,0.65668,0.65585,0.65748,0.6562,0.66256,0.65344,0.65255,0.65596,0.65426
0.65941,0.65769,0.6577,0.65683,0.65845,0.65717,0.66459,0.65537,0.65349,0.65694,0.65523
0.66142,0.65971,0.65969,0.65894,0.66044,0.65915,0.66558,0.65654,0.65544,0.65893,0.65725
0.66243,0.66156,0.66067,0.65996,0.66142,0.66013,0.66764,0.65846,0.65645,0.65994,0.65825
0.66442,0.66272,0.6627,0.66185,0.66342,0.66216,0.66871,0.65951,0.65847,0.66211,0.65922
0.6654,0.66388,0.66368,0.66287,0.66454,0.66314,0.66963,0.66044,0.65945,0.66299,0.6612
0.66742,0.66469,0.66577,0.66485,0.66551,0.66417,0.67163,0.66251,0.66146,0.66401,0.66219
0.66844,0.66677,0.66676,0.66583,0.66756,0.66631,0.67262,0.66347,0.66252,0.66619,0.66421
0.67048,0.66786,0.66882,0.66798,0.6685,0.66721,0.67464,0.66544,0.66451,0.66705,0.66515
0.67143,0.66978,0.66977,0.66891,0.6705,0.66923,0.67564,0.66641,0.66552,0.66896,0.66722
0.67245,0.67072,0.67074,0.66992,0.67149,0.67019,0.67761,0.66848,0.66653,0.66993,0.6682
0.67443,0.67268,0.67286,0.67182,0.67341,0.67231,0.67861,0.66946,0.66855,0.67202,0.6703
0.67541,0.67373,0.67369,0.67285,0.67445,0.67323,0.67964,0.67057,0.66951,0.67301,0.67119
0.67744,0.67579,0.6757,0.67492,0.67644,0.67523,0.68166,0.67251,0.67152,0.67499,0.67224
0.67841,0.67671,0.67685,0.67592,0.67742,0.67619,0.68279,0.67346,0.67252,0.676,0.67418
0.68043,0.67767,0.67879,0.67793,0.67841,0.67714,0.68461,0.67547,0.67448,0.67695,0.67518
0.68142,0.67978,0.67979,0.67896,0.68042,0.67913,0.68558,0.67645,0.67545,0.67902,0.67716
0.68347,0.68075,0.68174,0.68093,0.68141,0.6802,0.68757,0.67847,0.67643,0.68001,0.6783
0.68441,0.68276,0.68273,0.68196,0.68342,0.68216,0.68865,0.6794,0.67853,0.68206,0.68028
0.68655,0.68377,0.6837,0.68291,0.68445,0.68317,0.69065,0.68143,0.67947,0.68305,0.6812
0.68749,0.68573,0.68568,0.68493,0.68653,0.68514,0.69159,0.68251,0.68151,0.68499,0.68336
0.68851,0.6867,0.68676,0.68584,0.6875,0.68616,0.69259,0.68348,0.68247,0.68596,0.68414
0.69043,0.68869,0.68875,0.68792,0.68851,0.68715,0.69457,0.68544,0.68445,0.68795,0.68517
0.69143,0.68967,0.68967,0.68893,0.69045,0.68918,0.69558,0.68644,0.68547,0.68892,0.68717
0.69344,0.69069,0.69169,0.69087,0.69143,0.69015,0.69756,0.68843,0.68645,0.68993,0.68826
0.69442,0.69268,0.69267,0.69188,0.69343,0.69214,0.69858,0.6894,0.68846,0.69201,0.69023
0.69643,0.69386,0.69469,0.69289,0.69448,0.69315,0.7007,0.69145,0.68947,0.69305,0.6912
0.69741,0.69588,0.6957,0.69494,0.69649,0.69526,0.70166,0.69258,0.69146,0.69504,0.69317
0.69941,0.69674,0.69671,0.69585,0.69749,0.69623,0.70357,0.69345,0.69244,0.69599,0.69413
0.70053,0.69875,0.69881,0.69785,0.69947,0.6982,0.7046,0.69545,0.69446,0.69797,0.69617
0.70151,0.69978,0.69973,0.69883,0.7005,0.6992,0.70557,0.69644,0.69544,0.69895,0.69714
0.70343,0.70167,0.70174,0.70081,0.70148,0.70021,0.70764,0.69843,0.69653,0.70096,0.69816
0.70442,0.70269,0.70269,0.70183,0.7035,0.70222,0.70865,0.69943,0.69845,0.70201,0.70024
0.70646,0.70369,0.70468,0.70393,0.70446,0.70318,0.71065,0.70159,0.69943,0.70313,0.70123
0.70741,0.70578,0.7057,0.70485,0.70653,0.7052,0.7116,0.70248,0.70148,0.7052,0.70319
0.70941,0.70677,0.70771,0.70583,0.70751,0.70614,0.71359,0.70343,0.70243,0.70598,0.70416
0.71054,0.70874,0.7087,0.70782,0.70947,0.70828,0.71457,0.70548,0.70447,0.70795,0.70616
0.71247,0.70972,0.70969,0.70892,0.71044,0.70921,0.71559,0.70647,0.70546,0.70892,0.70713
0.71351,0.71175,0.71173,0.71082,0.71245,0.71018,0.71756,0.70847,0.70757,0.71094,0.70921
0.71442,0.71267,0.71267,0.71185,0.71342,0.71222,0.71868,0.70942,0.70847,0.71212,0.71019
0.71642,0.71496,0.7147,0.71405,0.71457,0.71331,0.72062,0.71141,0.70944,0.71313,0.71122
0.71744,0.7158,0.71584,0.71491,0.71652,0.71526,0.72158,0.71245,0.71145,0.71501,0.7133
0.71943,0.71675,0.71776,0.71694,0.71749,0.71616,0.72356,0.71443,0.71246,0.71596,0.71423
0.72041,0.71875,0.7187,0.71792,0.71952,0.7183,0.72458,0.71539,0.71445,0.71804,0.71615
0.72242,0.71979,0.72083,0.71892,0.72052,0.71915,0.72656,0.7165,0.71543,0.719,0.71714
0.7234,0.72172,0.72172,0.72089,0.72253,0.72114,0.72758,0.71853,0.71762,0.72094,0.71916
0.72443,0.72271,0.7227,0.72202,0.72345,0.72216,0.72856,0.71943,0.7185,0.72202,0.72015
0.72647,0.72474,0.72488,0.72395,0.72554,0.72314,0.73069,0.72142,0.71954,0.72403,0.72213
0.72743,0.72575,0.72578,0.72485,0.72649,0.72518,0.73164,0.72247,0.72144,0.72501,0.72315
0.72954,0.72673,0.72779,0.72686,0.72749,0.72616,0.73368,0.72442,0.72246,0.72595,0.72413
0.73051,0.72869,0.72878,0.72791,0.72952,0.72818,0.73463,0.72537,0.72455,0.72794,0.72615
0.73249,0.72977,0.73078,0.72892,0.73045,0.72923,0.73664,0.72638,0.72549,0.72895,0.72716
0.73351,0.73173,0.73176,0.73086,0.73245,0.73122,0.73766,0.72848,0.72753,0.73093,0.72926
0.73551,0.73269,0.73369,0.73181,0.73344,0.73222,0.73862,0.72942,0.72851,0.73204,0.7302
0.73654,0.73469,0.7347,0.73394,0.73543,0.73426,0.74068,0.7314,0.72949,0.734,0.73216
0.73747,0.73576,0.73568,0.73485,0.73641,0.7352,0.74165,0.73246,0.73153,0.73498,0.73323
0.7395,0.73773,0.73776,0.73682,0.73852,0.73622,0.74366,0.73449,0.73252,0.737,0.73519
0.74044,0.73869,0.73871,0.73785,0.73947,0.73821,0.74456,0.73545,0.73451,0.73798,0.73615
0.74246,0.73979,0.74068,0.73985,0.74043,0.73917,0.74656,0.73746,0.73547,0.739,0.73713
0.74341,0.74176,0.74167,0.74083,0.74244,0.74123,0.74758,0.73838,0.73756,0.74104,0.73924
0.74551,0.74273,0.7437,0.74191,0.74342,0.7422,0.74959,0.7394,0.73851,0.74205,0.74023
0.74647,0.74479,0.74468,0.74395,0.74554,0.74419,0.75057,0.7416,0.7395,0.74396,0.74219
0.74844,0.74576,0.7467,0.74489,0.7465,0.7452,0.75156,0.74249,0.74152,0.74493,0.74321
0.74942,0.74771,0.74768,0.74691,0.74849,0.74721,0.75359,0.74446,0.74252,0.74706,0.74521
0.75053,0.74872,0.74869,0.74791,0.74948,0.74821,0.75456,0.7454,0.74451,0.748,0.74625
0.75247,0.75074,0.75068,0.74989,0.75146,0.74922,0.75658,0.74739,0.7455,0.74996,0.74822
0.75343,0.75178,0.75166,0.75094,0.75244,0.75123,0.75756,0.74851,0.74756,0.75098,0.74922
0.75542,0.75271,0.75369,0.7529,0.75344,0.75217,0.75965,0.74942,0.74853,0.75201,0.75023
0.75644,0.7547,0.75467,0.75397,0.75551,0.75426,0.76071,0.75142,0.75053,0.75402,0.75221
0.75842,0.7557,0.7568,0.75501,0.75644,0.75528,0.76267,0.7525,0.75156,0.75499,0.75316
0.75944,0.7577,0.75775,0.75682,0.7585,0.7572,0.76358,0.75443,0.75251,0.75696,0.75514
0.76067,0.75868,0.75974,0.75786,0.75942,0.75818,0.76456,0.75539,0.75452,0.75794,0.75616
0.76251,0.76067,0.76078,0.75986,0.76146,0.76037,0.76669,0.75737,0.75552,0.76014,0.75822
0.76343,0.76193,0.76173,0.76101,0.76244,0.76121,0.76764,0.75839,0.75751,0.761,0.75922
0.76541,0.76274,0.76378,0.76298,0.76445,0.76219,0.76965,0.7594,0.7585,0.76303,0.76023
0.76651,0.76477,0.76474,0.76398,0.76555,0.76424,0.77064,0.76168,0.76059,0.76402,0.76214
0.76853,0.76575,0.76679,0.76591,0.76645,0.76522,0.7726,0.76246,0.76147,0.76503,0.76319
0.76948,0.76774,0.76772,0.76682,0.76845,0.76722,0.77359,0.76444,0.76246,0.76695,0.76517
0.77153,0.76871,0.76969,0.76781,0.76952,0.76815,0.77563,0.76579,0.76446,0.76794,0.76616
0.77244,0.77076,0.77067,0.76984,0.7715,0.77022,0.77665,0.76749,0.76544,0.76992,0.76846
0.77448,0.77173,0.7727,0.77082,0.77242,0.77123,0.77759,0.76848,0.76744,0.77094,0.76939
0.77548,0.77377,0.77368,0.7729,0.77442,0.77281,0.77965,0.77043,0.76846,0.77303,0.77121
0.77642,0.77475,0.77469,0.77402,0.77552,0.77419,0.78063,0.77173,0.77046,0.77396,0.77213
0.7785,0.77575,0.77681,0.7759,0.77645,0.77515,0.78256,0.77248,0.77145,0.77499,0.77316
0.7795,0.77774,0.77774,0.77689,0.77843,0.77714,0.78358,0.7745,0.77344,0.77702,0.77515
0.7815,0.77876,0.7798,0.77791,0.77942,0.77816,0.78557,0.77547,0.77446,0.778,0.77614
0.7825,0.78074,0.78086,0.7799,0.78143,0.78015,0.78659,0.77755,0.77544,0.77999,0.77823
0.78452,0.78171,0.78278,0.78088,0.78241,0.78118,0.78757,0.77847,0.77756,0.781,0.77922
0.78544,0.78367,0.7837,0.78289,0.78443,0.78327,0.78956,0.7805,0.77849,0.78302,0.78122
0.78643,0.78468,0.78574,0.78397,0.78554,0.78421,0.79106,0.78158,0.78047,0.784,0.78218
0.78849,0.78682,0.78676,0.78597,0.78753,0.78522,0.79268,0.78241,0.78144,0.78607,0.78414
0.79031,0.78771,0.78773,0.78699,0.7885,0.78719,0.79363,0.78444,0.7835,0.78694,0.78514
0.79155,0.7887,0.78981,0.78896,0.7895,0.78816,0.79566,0.78538,0.78446,0.78793,0.78616
0.79256,0.79067,0.79077,0.78992,0.7915,0.79028,0.79658,0.78763,0.78545,0.79001,0.78826
0.79443,0.79169,0.7928,0.79091,0.79241,0.79124,0.79864,0.78844,0.78748,0.79099,0.78921
0.79542,0.79369,0.79376,0.79291,0.79442,0.7933,0.79964,0.7904,0.78847,0.7931,0.79117
0.79742,0.79478,0.79573,0.79393,0.79545,0.79427,0.80062,0.79153,0.79056,0.79404,0.79213
0.79844,0.79677,0.79675,0.79591,0.79742,0.79523,0.80259,0.7925,0.79151,0.796,0.79415
0.79941,0.79772,0.79775,0.79692,0.7985,0.79733,0.80356,0.79445,0.79344,0.79701,0.79525
0.80155,0.79976,0.79972,0.79895,0.80048,0.79816,0.80559,0.79544,0.79446,0.79793,0.79623
0.80249,0.80077,0.80076,0.79994,0.80146,0.80018,0.80656,0.79747,0.79545,0.79993,0.7982
0.80443,0.80177,0.8027,0.80193,0.80245,0.80115,0.80858,0.7985,0.79745,0.80096,0.79922
0.80541,0.80382,0.80368,0.80291,0.80465,0.80332,0.80961,0.80054,0.79843,0.80304,0.80124
0.80752,0.80472,0.80579,0.80399,0.80551,0.80424,0.81059,0.80139,0.80044,0.80403,0.80216
0.80844,0.8067,0.80676,0.80597,0.8075,0.8062,0.81258,0.80349,0.80156,0.80601,0.80415
0.81044,0.80769,0.80877,0.80691,0.80856,0.80735,0.81355,0.80441,0.80352,0.80721,0.80513
0.81155,0.80972,0.80979,0.80902,0.81046,0.80815,0.81567,0.80537,0.80445,0.80909,0.80718
0.81251,0.81067,0.81075,0.80994,0.81143,0.81016,0.8166,0.80739,0.80543,0.81025,0.80814
0.81448,0.81267,0.81271,0.81197,0.81242,0.81113,0.81858,0.80837,0.80747,0.81093,0.80917
0.81544,0.8137,0.81369,0.81292,0.81444,0.81315,0.81965,0.81051,0.80844,0.81303,0.81116
0.81751,0.81468,0.81572,0.81493,0.81549,0.81431,0.82168,0.81147,0.81044,0.81399,0.81214
0.81849,0.8168,0.81683,0.81588,0.8175,0.81623,0.82265,0.81346,0.81145,0.81596,0.81416
0.8205,0.81772,0.81879,0.81691,0.8185,0.81721,0.82363,0.81446,0.81345,0.81695,0.81514
0.8215,0.8197,0.81977,0.81896,0.82052,0.81923,0.82564,0.81543,0.81444,0.81894,0.81716
0.82351,0.82069,0.82169,0.81995,0.82145,0.82024,0.82663,0.81744,0.81655,0.81995,0.81826
0.82442,0.82276,0.82268,0.82191,0.82342,0.82123,0.82863,0.81838,0.81754,0.82093,0.81922
0.82548,0.82376,0.8237,0.82292,0.82445,0.8233,0.82963,0.82048,0.81852,0.82311,0.82119
0.82751,0.82475,0.82578,0.82508,0.82555,0.82424,0.83164,0.82144,0.82053,0.82404,0.82215
0.82847,0.82676,0.82677,0.82595,0.82748,0.82618,0.83263,0.82349,0.82152,0.82605,0.82414
0.8305,0.82773,0.82879,0.82691,0.82845,0.82715,0.83465,0.82444,0.82345,0.82693,0.82515
0.83152,0.8298,0.82979,0.82893,0.83042,0.82923,0.83557,0.82543,0.82443,0.82903,0.82714
0.83346,0.83074,0.83171,0.82989,0.83149,0.83019,0.83659,0.82746,0.82647,0.83001,0.82816
0.83442,0.83275,0.83268,0.83191,0.83351,0.83222,0.83867,0.82847,0.82747,0.83195,0.83023
0.83541,0.83367,0.83469,0.83289,0.83446,0.83323,0.83966,0.83039,0.82846,0.833,0.83113
0.83741,0.83581,0.83567,0.83496,0.83644,0.83418,0.84165,0.83139,0.83047,0.83399,0.83216
0.83843,0.8368,0.83676,0.8359,0.83742,0.83615,0.84256,0.83353,0.83147,0.83594,0.83419
0.84052,0.83774,0.83873,0.8379,0.83841,0.83714,0.84457,0.83444,0.83357,0.83693,0.83513
0.8415,0.83978,0.83971,0.839,0.84043,0.83916,0.84558,0.83642,0.83453,0.83902,0.83716
0.84344,0.84069,0.84169,0.83986,0.84152,0.84013,0.84656,0.83738,0.83653,0.84002,0.83816
0.84441,0.84282,0.84275,0.84194,0.84351,0.84215,0.84866,0.83841,0.83746,0.842,0.84017
0.84641,0.84379,0.84476,0.84289,0.8445,0.84313,0.84964,0.84045,0.83845,0.84298,0.84116
0.84743,0.84577,0.84576,0.84484,0.84649,0.84423,0.85163,0.84145,0.84044,0.84403,0.84214
0.84841,0.84672,0.84791,0.84583,0.84747,0.84617,0.85263,0.84338,0.84144,0.84593,0.84413
0.85053,0.84878,0.84879,0.84796,0.8485,0.84717,0.85464,0.84437,0.84344,0.84695,0.84527
0.85152,0.84976,0.84974,0.84892,0.8505,0.84922,0.85563,0.8464,0.84446,0.84893,0.8472
0.85354,0.85074,0.85175,0.85089,0.85151,0.85024,0.85759,0.84739,0.84644,0.84995,0.8482
0.85446,0.85272,0.85274,0.852,0.85351,0.85219,0.85858,0.84836,0.84753,0.85203,0.85021
0.85643,0.85385,0.85472,0.85283,0.85465,0.85331,0.85969,0.8504,0.8495,0.85308,0.85123
0.85741,0.85594,0.85575,0.85496,0.85646,0.8553,0.8616,0.85138,0.85053,0.85522,0.85316
0.85941,0.8568,0.85773,0.85591,0.85742,0.8562,0.86257,0.85348,0.85151,0.856,0.85418
0.86054,0.85878,0.85875,0.8579,0.85943,0.85714,0.86456,0.85445,0.85351,0.85708,0.85516
0.86148,0.85977,0.86075,0.85884,0.86042,0.85917,0.86558,0.8565,0.85446,0.85904,0.85714
0.86343,0.86174,0.86171,0.86096,0.86141,0.86014,0.86756,0.85738,0.85646,0.86002,0.85823
0.86442,0.86272,0.8627,0.86183,0.86342,0.86217,0.86858,0.85943,0.85745,0.86196,0.86022
0.86641,0.86377,0.86469,0.86281,0.86445,0.86315,0.86965,0.86053,0.85945,0.86302,0.8612
0.86744,0.86574,0.86571,0.86483,0.86652,0.86518,0.87162,0.86146,0.86043,0.86498,0.86323
0.86944,0.86673,0.86773,0.86582,0.86748,0.86621,0.87259,0.86348,0.86145,0.86595,0.86414
0.87042,0.86878,0.86869,0.86796,0.86951,0.86715,0.87468,0.86446,0.86344,0.86693,0.86513
0.87145,0.86974,0.87068,0.86904,0.87048,0.86919,0.87564,0.86646,0.86445,0.86906,0.86716
0.87343,0.87174,0.8717,0.87086,0.87244,0.87014,0.87764,0.8675,0.86657,0.86999,0.86823
0.87441,0.87274,0.87379,0.87185,0.87344,0.87214,0.87866,0.86946,0.8675,0.87201,0.87023
0.8764,0.87508,0.87471,0.87402,0.87442,0.87315,0.88069,0.87048,0.86954,0.87299,0.87119
0.87741,0.87577,0.87569,0.87497,0.87652,0.87528,0.88163,0.87146,0.87045,0.87501,0.87315
0.87944,0.87675,0.87776,0.87597,0.87752,0.87621,0.88264,0.87346,0.87144,0.87596,0.87414
0.88053,0.87876,0.87879,0.87787,0.8795,0.87838,0.8846,0.87443,0.87343,0.87795,0.87616
0.88251,0.87978,0.8808,0.8791,0.88051,0.87931,0.88557,0.87642,0.87445,0.87904,0.87714
0.8835,0.88172,0.88176,0.8809,0.88248,0.88021,0.8876,0.87744,0.87643,0.87999,0.87815
0.88449,0.88277,0.88378,0.8819,0.88347,0.88222,0.88867,0.87948,0.87756,0.88199,0.88026
0.88654,0.88474,0.88469,0.88406,0.88445,0.88317,0.89066,0.88049,0.87947,0.88301,0.88123
0.88745,0.88576,0.88679,0.88482,0.88645,0.88516,0.89161,0.88149,0.88053,0.88504,0.88316
0.8896,0.88676,0.88775,0.8869,0.8875,0.88614,0.89358,0.88354,0.88254,0.88596,0.88417
0.89045,0.88878,0.88869,0.88784,0.88952,0.88817,0.8946,0.88448,0.88345,0.88806,0.88614
0.89253,0.89032,0.89068,0.88881,0.89044,0.88927,0.89557,0.8869,0.88453,0.889,0.88715
0.89351,0.89182,0.89167,0.89085,0.89251,0.89131,0.89759,0.88739,0.88649,0.89001,0.88824
0.89546,0.89277,0.89378,0.89182,0.89346,0.89216,0.89867,0.88937,0.88754,0.89193,0.8902
0.89643,0.89482,0.89472,0.89381,0.89546,0.89316,0.90063,0.89047,0.88951,0.893,0.89119
0.89742,0.89573,0.89674,0.89485,0.89643,0.89517,0.90157,0.89248,0.89045,0.89498,0.8932
0.89955,0.89778,0.89772,0.89683,0.89742,0.89615,0.90361,0.89342,0.89252,0.89594,0.89416
0.9005,0.89882,0.89974,0.89795,0.89944,0.89833,0.90459,0.8944,0.89351,0.89793,0.89615
0.90252,0.89979,0.90073,0.89897,0.90043,0.89922,0.90556,0.8964,0.89448,0.89895,0.89712
0.90344,0.90177,0.9017,0.90087,0.90244,0.90129,0.90767,0.89739,0.89647,0.90114,0.89924
0.90545,0.90274,0.90374,0.90195,0.90343,0.90224,0.90864,0.8995,0.89755,0.90201,0.90024
0.90643,0.90476,0.90475,0.90403,0.90557,0.90322,0.91064,0.90071,0.8995,0.90303,0.90121
0.90842,0.90572,0.90676,0.90482,0.90651,0.90517,0.91177,0.90262,0.90051,0.90506,0.90314
0.90941,0.90774,0.90802,0.90683,0.9085,0.90615,0.91366,0.90347,0.90248,0.90595,0.90416
0.91055,0.90874,0.90981,0.90781,0.90948,0.90823,0.91464,0.90445,0.90344,0.90798,0.90615
0.91253,0.91075,0.91076,0.90986,0.91051,0.90921,0.91665,0.90644,0.90453,0.90895,0.90716
0.9135,0.91173,0.91269,0.91086,0.91246,0.91122,0.91761,0.90748,0.90647,0.91112,0.90927
0.9155,0.91271,0.91368,0.91184,0.91341,0.91217,0.91859,0.90964,0.9075,0.91203,0.91023
0.91649,0.91483,0.91466,0.91382,0.91549,0.91417,0.9206,0.91045,0.90952,0.91301,0.91119
0.91843,0.91578,0.91676,0.91482,0.91648,0.91515,0.92156,0.91245,0.91054,0.91503,0.91321
0.91942,0.91776,0.91771,0.91694,0.91847,0.91617,0.92357,0.91345,0.91251,0.91601,0.91423
0.92151,0.91876,0.91967,0.91792,0.9195,0.91815,0.92459,0.91447,0.91347,0.91802,0.91616
0.9225,0.92076,0.92069,0.91992,0.92042,0.91917,0.92657,0.91645,0.91552,0.91894,0.91714
0.92348,0.92177,0.9227,0.92086,0.92244,0.92115,0.92756,0.91747,0.91658,0.92109,0.91924
0.92551,0.92376,0.92369,0.92185,0.92343,0.9222,0.92959,0.91946,0.91754,0.92203,0.92022
0.92653,0.92476,0.92579,0.92394,0.92544,0.9242,0.93057,0.92043,0.91952,0.924,0.92219
0.9285,0.92574,0.92676,0.92481,0.92644,0.92515,0.93159,0.9225,0.92052,0.92502,0.9232
0.92942,0.92775,0.92792,0.92689,0.92845,0.92716,0.93364,0.92343,0.92245,0.92595,0.9242
0.93154,0.92881,0.92975,0.92795,0.92943,0.92814,0.93459,0.92542,0.92343,0.92805,0.92618
0.93249,0.93074,0.93088,0.92991,0.93144,0.92928,0.93657,0.9264,0.92543,0.92902,0.92721
0.9335,0.93173,0.9327,0.93094,0.93243,0.93122,0.93768,0.92738,0.92645,0.93103,0.92919
0.93547,0.93378,0.93369,0.93288,0.93341,0.93222,0.93964,0.92941,0.92756,0.93198,0.93018
0.93648,0.93477,0.93571,0.93405,0.93555,0.93422,0.94069,0.93039,0.9295,0.93399,0.93221
0.93846,0.93578,0.93675,0.93486,0.93648,0.93514,0.94163,0.93246,0.93046,0.935,0.93322
0.93941,0.93777,0.93875,0.93681,0.9386,0.93715,0.94365,0.93344,0.93252,0.93596,0.93521
0.9415,0.93869,0.93976,0.93783,0.93952,0.93816,0.94463,0.93538,0.93349,0.93802,0.93615
0.94242,0.94078,0.94077,0.93981,0.94142,0.93928,0.94662,0.93638,0.93543,0.939,0.93714
0.94443,0.94177,0.9427,0.94091,0.94242,0.94124,0.94764,0.9374,0.93645,0.94099,0.93923
0.94542,0.9438,0.94369,0.94288,0.94342,0.94223,0.94964,0.9394,0.93754,0.942,0.94019
0.94641,0.9448,0.94568,0.94396,0.94551,0.94424,0.95059,0.94049,0.9395,0.94401,0.94216
0.94845,0.94675,0.9468,0.94582,0.94645,0.94516,0.95257,0.94245,0.94052,0.94503,0.94315
0.94943,0.94774,0.94873,0.94681,0.94842,0.94716,0.95366,0.94343,0.94253,0.94593,0.9452
0.95155,0.94877,0.9497,0.94783,0.94942,0.94834,0.9546,0.94564,0.94351,0.94816,0.94619
0.95247,0.95076,0.9517,0.94984,0.95143,0.95018,0.95656,0.94648,0.9455,0.94903,0.94713
0.95444,0.95167,0.95268,0.95082,0.95241,0.95116,0.95758,0.94842,0.94645,0.95106,0.94927
0.95544,0.95369,0.95367,0.95284,0.95446,0.95215,0.95964,0.94945,0.94846,0.95205,0.95021
0.95644,0.95477,0.95583,0.95382,0.95545,0.95428,0.96066,0.95049,0.94946,0.95406,0.95217
0.95843,0.95678,0.95677,0.95582,0.95644,0.95522,0.96256,0.95249,0.95056,0.95512,0.95316
0.95941,0.95772,0.95872,0.95687,0.95841,0.95722,0.96359,0.95358,0.95253,0.95703,0.95515
0.96143,0.95978,0.95968,0.95792,0.95944,0.95817,0.96457,0.95548,0.95345,0.95796,0.95613
0.96241,0.96075,0.96177,0.95992,0.96141,0.96015,0.96656,0.95639,0.95545,0.95922,0.95824
0.96445,0.96174,0.96276,0.96089,0.96244,0.96113,0.96757,0.95855,0.95647,0.96102,0.95922
0.96544,0.96379,0.96473,0.96289,0.96446,0.96315,0.96968,0.95947,0.95854,0.96203,0.96019
0.96744,0.96478,0.96576,0.96398,0.96554,0.96418,0.97065,0.96043,0.9595,0.96399,0.96213
0.96842,0.96676,0.96676,0.96591,0.96752,0.96517,0.97266,0.96254,0.9605,0.96501,0.96325
0.9694,0.96774,0.96882,0.96682,0.96851,0.96716,0.97358,0.96347,0.96248,0.96697,0.96521
0.97155,0.96973,0.96977,0.96894,0.96952,0.96814,0.97557,0.96546,0.96345,0.96796,0.96622
0.97252,0.97077,0.97167,0.96992,0.97151,0.97025,0.97659,0.9665,0.96545,0.96894,0.96821
0.9745,0.97176,0.9727,0.97086,0.97251,0.97122,0.97757,0.96849,0.96644,0.97093,0.96923
0.97542,0.97377,0.97469,0.97281,0.97448,0.97319,0.97964,0.96941,0.96852,0.97208,0.97021
0.97742,0.97478,0.97579,0.97397,0.97547,0.97426,0.98063,0.97048,0.96951,0.974,0.9722
0.97841,0.97676,0.97684,0.97587,0.9775,0.97622,0.98265,0.97241,0.97051,0.97501,0.97315
0.98043,0.97777,0.97872,0.97683,0.97843,0.97718,0.98361,0.97338,0.97253,0.97698,0.97527
0.98148,0.97976,0.97969,0.97893,0.97942,0.97818,0.9856,0.97549,0.97346,0.97799,0.97618
0.9825,0.98069,0.98175,0.97996,0.98143,0.98019,0.98658,0.97649,0.97545,0.97998,0.97815
0.98447,0.98274,0.98271,0.98183,0.98242,0.98122,0.98858,0.97844,0.97647,0.981,0.9794
0.98552,0.98371,0.9847,0.98281,0.98445,0.9832,0.98965,0.9794,0.97853,0.98202,0.98124
0.98752,0.98475,0.98585,0.98381,0.98553,0.98424,0.99067,0.98046,0.97949,0.98397,0.98217
0.98844,0.98677,0.98776,0.98584,0.98745,0.98625,0.99267,0.98253,0.98147,0.98505,0.98315
0.99045,0.98769,0.9887,0.98681,0.98846,0.98717,0.99366,0.98342,0.98245,0.98706,0.98523
0.99152,0.98976,0.98969,0.98902,0.99043,0.98815,0.99566,0.98538,0.98343,0.98802,0.9862
0.99347,0.99072,0.99169,0.98985,0.99142,0.99014,0.99659,0.98637,0.98547,0.99,0.98821
0.99443,0.99273,0.99268,0.99193,0.99241,0.99116,0.99866,0.98837,0.98644,0.99095,0.98922
0.99644,0.9937,0.99468,0.99282,0.99445,0.99315,0.99964,0.98939,0.98855,0.99211,0.99121
0.99744,0.99581,0.99577,0.99397,0.99543,0.99415,1.0007,0.99152,0.9895,0.99399,0.99218
0.99842,0.9967,0.99778,0.99599,0.99756,0.99631,0,0.99248,0.99146,0.99515,0.99315
1.0005,0.99768,0.99878,0.99689,0.99851,0.99719,0,0.99345,0.99245,0.99702,0.99518
0,0.99969,1.0008,0.99883,1.0005,0.99921,0,0.99554,0.99343,0.99793,0.99615
0,1.0007,0,0.99981,0,1.0003,0,0.99644,0.99546,0.99993,0.99827
0,0,0,1.0019,0,0,0,0.99839,0.99645,1.001,0.99925
0,0,0,0,0,0,0,0.99948,0.99845,0,1.0013
0,0,0,0,0,0,0,1.0016,0.99944,0,0
0,0,0,0,0,0,0,0,1.0016,0,0
