0.12139,-0.076907,0.23262,0.20424,0.027356,0.070658,0.067866,0.22871,0.20119,-0.060786,0.10927
0.23765,-0.13251,0.52686,0.3553,-0.051934,0.11453,0.22879,0.49082,0.42036,-0.02676,0.25549
0.34826,-0.18104,0.88489,0.43383,-0.19923,0.11557,0.4333,0.71296,0.53462,0.081662,0.29607
0.45866,-0.20494,1.2388,0.44357,-0.41587,0.041103,0.64197,0.84777,0.50149,0.14132,0.39094
0.56721,-0.20488,1.5932,0.37964,-0.6796,-0.08304,0.83289,0.93045,0.45041,0.32304,0.31057
0.66954,-0.17003,1.882,0.22611,-0.94568,-0.16992,0.95967,1.0131,0.46984,0.60111,0.21776
0.75941,-0.10783,2.1015,-0.036725,-1.1701,-0.21046,1.0388,1.1132,0.50812,0.77309,0.15182
0.83761,-0.0078652,2.2565,-0.39108,-1.3233,-0.174,1.1034,1.2047,0.62138,0.89167,0.082991
0.91116,0.11825,2.3545,-0.79299,-1.4023,-0.077214,1.1671,1.2397,0.75556,0.96058,0.11531
0.97621,0.26243,2.3384,-1.1993,-1.4262,0.09098,1.2456,1.2288,0.90345,1.0455,0.22211
1.0312,0.42874,2.1903,-1.5413,-1.3878,0.3026,1.3076,1.1789,1.0817,0.98187,0.49514
1.0748,0.62399,1.9457,-1.8275,-1.241,0.44944,1.3485,1.1437,1.1936,0.80949,0.73428
1.1057,0.84415,1.6212,-2.0397,-1.0299,0.55006,1.3221,1.2055,1.2903,0.65059,0.87178
1.1242,1.0837,1.2273,-2.1321,-0.7935,0.60173,1.3104,1.3035,1.4577,0.58398,0.92673
1.1339,1.3965,0.78169,-2.0719,-0.56838,0.61265,1.3778,1.4623,1.5242,0.60335,0.95981
1.1361,1.6985,0.33719,-1.9001,-0.39931,0.5733,1.5249,1.6158,1.5499,0.7131,1.0073
1.1315,1.9005,-0.10045,-1.6621,-0.26683,0.49436,1.7467,1.7407,1.4905,0.80483,0.97302
1.1176,2.0141,-0.48978,-1.3848,-0.18594,0.33514,1.9635,1.8608,1.3964,1.0802,0.9107
1.0888,2.0578,-0.82199,-1.0825,-0.14976,0.10676,2.1352,1.9806,1.344,1.3545,0.79403
1.0461,2.0357,-1.0967,-0.77487,-0.17794,-0.16799,2.2338,2.1064,1.3317,1.4676,0.67732
0.9942,1.9922,-1.2748,-0.49176,-0.28472,-0.41559,2.3061,2.2125,1.3597,1.6157,0.68797
0.93628,1.9698,-1.3067,-0.26411,-0.47286,-0.57211,2.3683,2.2566,1.4036,1.6575,0.79157
0.87444,1.9404,-1.1934,-0.097073,-0.73106,-0.64926,2.4337,2.2601,1.559,1.6625,0.87721
0.80637,1.9201,-1.0357,-0.010791,-1.0173,-0.63828,2.4765,2.2358,1.7295,1.5516,1.0562
0.73416,1.9051,-0.82798,0.0059235,-1.263,-0.54811,2.4668,2.2071,1.8456,1.3944,1.246
0.65314,1.8922,-0.59292,-0.023354,-1.4415,-0.412,2.43,2.2255,2.0085,1.3931,1.3414
0.55859,1.818,-0.31361,-0.14192,-1.5628,-0.23961,2.3472,2.3049,2.1059,1.4525,1.5361
0.45035,1.665,0.043411,-0.36636,-1.6074,-0.053293,2.2527,2.4628,2.1196,1.5771,1.5926
0.32772,1.4327,0.39585,-0.6767,-1.558,0.10781,2.2351,2.6619,2.0664,1.739,1.6837
0.19549,1.1108,0.74181,-1.0429,-1.4049,0.21054,2.3193,2.8673,1.9663,2.0359,1.6254
0.070982,0.68946,1.0592,-1.4164,-1.1916,0.28441,2.5158,3.0512,1.9231,2.3601,1.5508
-0.042887,0.23311,1.2981,-1.7394,-0.95908,0.34619,2.7379,3.2427,1.949,2.6062,1.5547
-0.14307,-0.21477,1.477,-2.0277,-0.75416,0.42825,2.9315,3.368,2.0214,2.7565,1.612
-0.24593,-0.59822,1.5774,-2.2331,-0.58724,0.45316,3.0671,3.5212,2.1919,2.8904,1.7615
-0.36364,-0.90213,1.5942,-2.3263,-0.45789,0.40922,3.1416,3.6237,2.2704,3.0042,1.9036
-0.49563,-1.1475,1.4838,-2.2702,-0.37079,0.30828,3.2191,3.6654,2.4491,2.9712,2.14
-0.62587,-1.3232,1.2561,-2.0893,-0.3392,0.19372,3.3039,3.6576,2.631,2.8771,2.437
-0.74745,-1.4119,0.93605,-1.8609,-0.38978,0.11457,3.382,3.6113,2.7783,2.7562,2.6266
-0.8566,-1.4603,0.54217,-1.6017,-0.49413,0.09014,3.4664,3.5674,2.8782,2.7034,2.8066
-0.95185,-1.5187,0.090452,-1.3295,-0.65155,0.1506,3.5199,3.6164,2.9816,2.7525,2.9104
-1.0275,-1.5535,-0.3523,-1.073,-0.89585,0.28616,3.5188,3.7107,3.0261,2.8416,3.0399
-1.0838,-1.5841,-0.78886,-0.8423,-1.1794,0.45049,3.4526,3.8499,3.0317,2.9176,3.0444
-1.1269,-1.5946,-1.2264,-0.64166,-1.4327,0.62572,3.4557,4.0189,2.9888,3.2007,2.9523
-1.1632,-1.5758,-1.6156,-0.49736,-1.6314,0.74199,3.5693,4.1729,2.9943,3.4291,2.8564
-1.1942,-1.526,-1.9355,-0.41012,-1.767,0.81524,3.7634,4.3066,2.9775,3.4614,2.7838
-1.217,-1.4436,-2.1894,-0.39806,-1.8207,0.83417,4.0237,4.4163,3.0822,3.5877,2.7325
-1.2246,-1.3345,-2.3065,-0.44977,-1.7813,0.80435,4.2852,4.4971,3.1613,3.6143,2.7525
-1.2118,-1.21,-2.2624,-0.59122,-1.6421,0.72174,4.4753,4.5571,3.2339,3.6494,2.7833
-1.1722,-1.06,-2.1332,-0.84194,-1.436,0.58924,4.5849,4.572,3.4079,3.5087,2.957
-1.1126,-0.89433,-1.9584,-1.1756,-1.2212,0.4046,4.6563,4.5386,3.5475,3.3699,3.1252
-1.0415,-0.71623,-1.7328,-1.5585,-1.0105,0.13245,4.7343,4.4843,3.6456,3.3048,3.2252
-0.9634,-0.52519,-1.4718,-1.9393,-0.82963,-0.15825,4.7936,4.3942,3.7419,3.2588,3.2687
-0.87937,-0.31354,-1.1314,-2.2687,-0.6699,-0.38421,4.8187,4.3562,3.7464,3.2872,3.3404
-0.7861,-0.14181,-0.79159,-2.5378,-0.53271,-0.53191,4.8223,4.3784,3.7752,3.4048,3.3373
-0.68643,-0.0246,-0.44801,-2.7101,-0.46671,-0.60443,4.8186,4.4553,3.7108,3.7222,3.282
-0.57604,0.044961,-0.096578,-2.7695,-0.49393,-0.56616,4.7273,4.5899,3.6106,4.0516,3.1902
-0.45432,0.025809,0.20072,-2.6773,-0.60978,-0.42576,4.6702,4.7448,3.5623,4.2652,3.1178
-0.32373,0.010025,0.4025,-2.4757,-0.78975,-0.26241,4.7055,4.879,3.591,4.3102,3.0534
-0.19448,-0.00038184,0.55464,-2.2148,-1.0358,-0.084406,4.7996,5.0248,3.651,4.3736,3.0876
-0.07515,0.0033534,0.65219,-1.941,-1.3027,0.089943,4.9475,5.1343,3.7148,4.3521,3.1872
0.035967,0.0064962,0.63379,-1.6422,-1.5224,0.25489,5.1297,5.2513,3.8678,4.2699,3.2816
0.14427,0.0057318,0.45924,-1.3518,-1.6907,0.39342,5.2877,5.3337,4.0499,4.1423,3.5197
0.25344,0.0061633,0.20222,-1.0926,-1.7876,0.47615,5.3817,5.3586,4.1914,4.0594,3.6869
0.35287,0.0077431,-0.13429,-0.88654,-1.8029,0.57747,5.4465,5.3557,4.3409,4.0894,3.7606
0.4453,-0.0097199,-0.54855,-0.74052,-1.7498,0.67591,5.5227,5.3165,4.472,4.1904,3.955
0.52748,-0.11714,-0.99461,-0.67702,-1.6383,0.70011,5.6001,5.2666,4.543,4.2583,4.0256
0.59562,-0.31991,-1.4308,-0.66416,-1.4683,0.6297,5.675,5.2824,4.6114,4.4885,4.0579
0.65171,-0.61761,-1.8697,-0.70612,-1.2724,0.54082,5.7274,5.3859,4.6215,4.7694,3.9557
0.69574,-1.0177,-2.3028,-0.84446,-1.0672,0.47926,5.7759,5.5615,4.668,4.9832,3.874
0.72866,-1.4629,-2.6757,-1.0933,-0.88222,0.43435,5.7392,5.7819,4.7754,5.114,3.8937
0.74754,-1.8597,-2.9798,-1.4348,-0.7341,0.43207,5.6928,5.9768,4.9082,5.1709,3.9421
0.75334,-2.1725,-3.1929,-1.8287,-0.61542,0.50816,5.7247,6.1543,5.0951,5.2722,4.0182
0.74807,-2.4198,-3.251,-2.2256,-0.57781,0.6494,5.8754,6.3082,5.2882,5.3145,4.1406
0.73956,-2.6088,-3.1499,-2.5499,-0.6066,0.84877,6.0917,6.4555,5.4802,5.2007,4.3762
0.71847,-2.7058,-2.9973,-2.8304,-0.72604,1.0068,6.3379,6.5709,5.6675,5.0695,4.6681
0.68375,-2.759,-2.8172,-3.022,-0.92668,1.1172,6.5948,6.6447,5.8257,4.9629,4.8701
0.64049,-2.829,-2.5953,-3.0762,-1.1895,1.1785,6.7791,6.6451,5.9536,4.9179,5.1235
0.58856,-2.8871,-2.333,-2.9849,-1.4799,1.1885,6.8944,6.5991,6.0771,4.9859,5.3291
0.52866,-2.9379,-1.9852,-2.7854,-1.7433,1.1298,6.9669,6.5307,6.1928,5.0371,5.5093
0.464,-2.9829,-1.6379,-2.5365,-1.954,1.0259,7.0465,6.4965,6.2558,5.3117,5.4946
0.39397,-3.0245,-1.2925,-2.2593,-2.1066,0.88268,7.0966,6.5769,6.2238,5.5725,5.4274
0.31648,-3.0492,-0.96762,-1.9737,-2.1782,0.65047,7.1505,6.6983,6.1816,5.6347,5.3477
0.23145,-3.035,-0.73705,-1.6955,-2.1616,0.35283,7.1819,6.8881,6.1171,5.6488,5.2696
0.14236,-2.9993,-0.55756,-1.441,-2.0581,0.091477,7.1445,7.0841,6.1014,5.6332,5.1922
0.047724,-2.9441,-0.43089,-1.2301,-1.852,-0.087441,7.0326,7.205,6.1463,5.5719,5.2183
-0.054527,-2.8696,-0.38447,-1.0822,-1.6248,-0.19377,6.9738,7.3153,6.1372,5.4496,5.2539
-0.16734,-2.7673,-0.46359,-1.0147,-1.4232,-0.2311,7.0471,7.4041,6.2511,5.2321,5.4075
-0.28343,-2.6548,-0.68475,-0.99339,-1.2356,-0.17782,7.1948,7.4874,6.3206,5.1115,5.5967
-0.39677,-2.5273,-1.002,-1.025,-1.0824,-0.050661,7.3964,7.5818,6.3808,5.0989,5.6739
-0.49722,-2.4051,-1.3946,-1.1448,-0.95469,0.12318,7.5887,7.644,6.4177,5.1518,5.7517
-0.58777,-2.3758,-1.8386,-1.3733,-0.87776,0.32024,7.7397,7.634,6.4451,5.3177,5.8367
-0.68349,-2.3891,-2.289,-1.702,-0.86192,0.528,7.828,7.6015,6.4372,5.6459,5.7458
-0.79769,-2.4318,-2.7354,-2.0857,-0.93339,0.70209,7.8824,7.5389,6.3645,6.0051,5.606
-0.92332,-2.5035,-3.1432,-2.4588,-1.0799,0.82301,7.9407,7.5557,6.2954,6.2601,5.4271
-1.0431,-2.5331,-3.5029,-2.767,-1.3008,0.93958,7.9898,7.6623,6.2614,6.3412,5.3384
-1.1497,-2.5501,-3.8003,-3.0089,-1.5702,1.0555,8.0259,7.8437,6.3155,6.3527,5.2943
-1.2395,-2.5599,-3.998,-3.1773,-1.8037,1.1272,8.0619,8.0428,6.4246,6.4069,5.3486
-1.3171,-2.5663,-4.0692,-3.223,-1.9694,1.1332,8.0824,8.227,6.5134,6.3972,5.434
-1.3803,-2.5703,-4.0138,-3.1272,-2.073,1.0913,8.0177,8.3569,6.6347,6.336,5.5826
-1.4335,-2.5758,-3.8787,-2.9168,-2.0974,1.0304,7.9866,8.4771,6.8081,6.2395,5.8195
-1.48,-2.5765,-3.698,-2.6533,-2.0443,0.97424,8.0735,8.6003,7.0112,6.1959,5.9858
-1.5215,-2.5774,-3.4921,-2.3639,-1.9263,0.94606,8.2425,8.7469,7.2207,6.315,6.1207
-1.5561,-2.5805,-3.2388,-2.0641,-1.7353,0.98318,8.4609,8.8587,7.4591,6.4232,6.3593
-1.5822,-2.6352,-2.8941,-1.7831,-1.5325,1.0951,8.7043,8.9336,7.6443,6.6179,6.4749
-1.5912,-2.792,-2.5334,-1.5305,-1.3376,1.2567,8.9102,8.9382,7.8109,6.921,6.5502
-1.5799,-3.0612,-2.179,-1.3186,-1.1739,1.4606,9.0573,8.869,7.8477,7.209,6.441
-1.5458,-3.4244,-1.8544,-1.1696,-1.0453,1.6373,9.1581,8.8032,7.8896,7.3248,6.3924
-1.4968,-3.8146,-1.6109,-1.0996,-0.96271,1.7471,9.2825,8.842,7.9409,7.3996,6.4057
-1.4421,-4.1172,-1.4145,-1.0855,-0.94843,1.779,9.4163,8.9645,7.9923,7.3895,6.4763
-1.381,-4.3368,-1.2861,-1.1219,-1.0043,1.7321,9.5357,9.1546,8.0771,7.4261,6.6119
-1.3103,-4.4858,-1.2424,-1.2665,-1.1199,1.6339,9.5922,9.3325,8.2085,7.3293,6.7538
-1.2272,-4.5507,-1.3419,-1.5309,-1.3022,1.4895,9.6389,9.4669,8.451,7.214,6.9648
-1.134,-4.5775,-1.5663,-1.8653,-1.5588,1.3078,9.6152,9.6117,8.6898,7.1659,7.2357
-1.0321,-4.6103,-1.8758,-2.2558,-1.8507,1.0873,9.518,9.7247,8.8607,7.157,7.3864
-0.92149,-4.6353,-2.2639,-2.6389,-2.1408,0.83498,9.519,9.8505,8.9796,7.2123,7.5807
-0.80576,-4.6622,-2.7102,-2.988,-2.3592,0.61498,9.6422,10.01,9.0549,7.3343,7.7553
-0.6926,-4.6864,-3.1565,-3.2635,-2.5124,0.43794,9.8663,10.155,9.0343,7.6271,7.8712
-0.58212,-4.7272,-3.5987,-3.4109,-2.5977,0.31662,10.117,10.206,8.9598,7.9777,7.78
-0.47348,-4.7702,-4.0258,-3.4208,-2.6025,0.2774,10.358,10.183,8.8826,8.1743,7.6426
-0.36458,-4.7775,-4.3954,-3.3003,-2.5074,0.30759,10.515,10.102,8.8233,8.2272,7.5277
-0.25933,-4.7791,-4.6995,-3.0936,-2.327,0.40322,10.591,10.076,8.7707,8.2825,7.4735
-0.1614,-4.7621,-4.9065,-2.8692,-2.117,0.57833,10.65,10.133,8.7752,8.3518,7.4393
-0.071222,-4.7149,-4.9999,-2.6063,-1.911,0.83056,10.734,10.288,8.8158,8.3621,7.4713
0.012797,-4.6572,-4.9523,-2.3331,-1.7066,1.0862,10.802,10.509,8.8685,8.3034,7.4733
0.086557,-4.5936,-4.8259,-2.0489,-1.5358,1.2644,10.853,10.702,9.021,8.2295,7.5932
0.15149,-4.5246,-4.6477,-1.7905,-1.3927,1.3619,10.869,10.868,9.1422,8.2113,7.7214
0.20384,-4.4599,-4.4347,-1.5755,-1.3119,1.4235,10.86,10.986,9.2247,8.2942,7.7779
0.24426,-4.5116,-4.1785,-1.4163,-1.2969,1.5057,10.775,11.094,9.2862,8.4288,7.8633
0.27098,-4.6708,-3.8358,-1.3004,-1.346,1.5646,10.734,11.207,9.356,8.6482,7.9676
0.28234,-4.86,-3.4813,-1.2603,-1.464,1.5722,10.831,11.331,9.4156,8.9465,7.9322
0.28416,-5.0563,-3.1306,-1.3174,-1.6718,1.5584,10.988,11.4,9.3686,9.2174,7.7779
0.27973,-5.1636,-2.7823,-1.4821,-1.9211,1.5148,11.197,11.394,9.3402,9.3266,7.5851
0.26671,-5.1808,-2.5213,-1.7565,-2.1568,1.4708,11.451,11.35,9.319,9.4549,7.5183
0.2407,-5.1895,-2.3302,-2.1283,-2.3402,1.4698,11.662,11.259,9.3673,9.519,7.477
0.20381,-5.1803,-2.1977,-2.5208,-2.4709,1.5334,11.784,11.286,9.4823,9.5783,7.5301
0.16032,-5.1693,-2.1432,-2.8856,-2.548,1.6494,11.858,11.423,9.6293,9.52,7.614
0.10984,-5.1618,-2.2182,-3.2027,-2.5347,1.7992,11.933,11.614,9.8363,9.4598,7.7207
0.04881,-5.158,-2.4165,-3.4605,-2.4357,1.9871,12.018,11.845,10.052,9.4513,7.8959
-0.019945,-5.159,-2.6901,-3.6105,-2.268,2.1315,12.083,12.046,10.235,9.4501,8.0327
-0.093114,-5.1557,-3.0545,-3.6321,-2.0624,2.2212,12.135,12.219,10.376,9.5006,8.1374
-0.16485,-5.1522,-3.497,-3.528,-1.8609,2.2476,12.181,12.35,10.492,9.6073,8.3755
-0.24063,-5.1736,-3.9454,-3.3364,-1.6814,2.1709,12.137,12.456,10.565,9.9099,8.4795
-0.32333,-5.3128,-4.3862,-3.1069,-1.549,2.0195,12.108,12.568,10.635,10.216,8.5273
-0.41232,-5.5482,-4.8308,-2.8417,-1.4699,1.8187,12.18,12.652,10.653,10.379,8.4152
-0.50858,-5.8476,-5.245,-2.5559,-1.4465,1.5867,12.311,12.672,10.678,10.458,8.3502
-0.61464,-6.0928,-5.5941,-2.2814,-1.5001,1.3145,12.492,12.664,10.693,10.56,8.3602
-0.7159,-6.2737,-5.8544,-2.0267,-1.6156,1.0568,12.679,12.615,10.745,10.58,8.4361
-0.81628,-6.373,-6.0077,-1.8219,-1.7739,0.85095,12.86,12.581,10.828,10.524,8.5451
-0.90816,-6.3875,-6.0283,-1.6872,-2.0139,0.70073,12.972,12.653,10.865,10.431,8.6871
-0.98908,-6.3777,-5.921,-1.596,-2.3008,0.61646,13.048,12.772,10.993,10.438,8.8914
-1.0678,-6.371,-5.7652,-1.5764,-2.595,0.58804,13.141,12.943,11.186,10.459,9.1616
-1.1513,-6.3637,-5.5655,-1.6528,-2.8201,0.63609,13.218,13.129,11.34,10.519,9.3275
-1.2453,-6.3579,-5.3227,-1.8341,-2.9617,0.75141,13.236,13.294,11.447,10.621,9.5887
-1.3509,-6.352,-5.023,-2.1117,-3.0551,0.92473,13.24,13.419,11.546,10.88,9.8111
-1.4625,-6.3686,-4.6725,-2.4764,-3.0754,1.1417,13.247,13.534,11.65,11.184,9.9629
-1.5612,-6.4085,-4.3267,-2.8866,-2.9626,1.3628,13.174,13.608,11.697,11.41,9.9028
-1.6359,-6.4464,-3.9831,-3.2705,-2.7733,1.5293,13.11,13.711,11.709,11.538,9.7789
-1.694,-6.4913,-3.6592,-3.5853,-2.5486,1.6158,13.127,13.732,11.664,11.627,9.6744
-1.7401,-6.5224,-3.4267,-3.84,-2.2944,1.6832,13.267,13.686,11.651,11.668,9.6172
-1.7775,-6.5422,-3.2631,-3.9745,-2.0543,1.7495,13.453,13.634,11.68,11.661,9.6321
-1.8099,-6.5465,-3.1661,-3.9639,-1.866,1.7878,13.639,13.564,11.769,11.61,9.7164
-1.8354,-6.539,-3.1596,-3.8352,-1.7157,1.7914,13.838,13.568,11.823,11.558,9.7373
-1.8607,-6.5242,-3.2974,-3.6412,-1.6108,1.7919,13.988,13.66,11.974,11.557,9.915
-1.8766,-6.5154,-3.5299,-3.4077,-1.5627,1.7837,14.084,13.768,12.108,11.579,10.076
-1.878,-6.6136,-3.8535,-3.1279,-1.5928,1.766,14.139,13.914,12.158,11.645,10.158
-1.8573,-6.8313,-4.2577,-2.8446,-1.6914,1.7653,14.205,14.045,12.215,11.729,10.275
-1.8172,-7.1744,-4.7038,-2.5755,-1.8785,1.8157,14.252,14.165,12.278,12.013,10.392
-1.759,-7.4991,-5.1398,-2.3292,-2.1226,1.9285,14.31,14.29,12.355,12.253,10.315
-1.6802,-7.7189,-5.5716,-2.1345,-2.3827,2.0989,14.372,14.401,12.347,12.353,10.167
-1.5922,-7.8342,-5.9996,-1.9825,-2.5823,2.2755,14.362,14.53,12.325,12.438,9.9837
-1.5012,-7.8551,-6.3817,-1.8876,-2.725,2.4229,14.29,14.598,12.282,12.501,9.8963
-1.4137,-7.8557,-6.6885,-1.8683,-2.8193,2.5108,14.259,14.611,12.295,12.498,9.8526
-1.3238,-7.8456,-6.8843,-1.9505,-2.8348,2.5191,14.406,14.579,12.332,12.404,9.9031
-1.2229,-7.8331,-6.9393,-2.1565,-2.7628,2.425,14.622,14.506,12.396,12.312,9.9489
-1.1139,-7.817,-6.8478,-2.449,-2.5997,2.2423,14.861,14.46,12.463,12.283,10.052
-1.0023,-7.8127,-6.6934,-2.8137,-2.4158,2.0162,15.088,14.493,12.579,12.333,10.28
-0.88758,-7.8078,-6.5016,-3.2128,-2.2286,1.7558,15.288,14.58,12.699,12.394,10.425
-0.77062,-7.7995,-6.2782,-3.5873,-2.0648,1.4771,15.424,14.707,12.76,12.51,10.593
-0.6537,-7.7846,-6.0096,-3.9034,-1.9405,1.2582,15.533,14.887,12.882,12.73,10.808
-0.5436,-7.7924,-5.6515,-4.1278,-1.8903,1.0865,15.672,15.08,12.978,13.013,10.937
-0.43999,-7.9033,-5.3051,-4.2361,-1.8788,0.94161,15.804,15.265,13.026,13.191,10.971
-0.35008,-8.1066,-4.9594,-4.222,-1.9449,0.83893,15.89,15.418,13.026,13.324,10.833
-0.27613,-8.2654,-4.6317,-4.0871,-2.0532,0.79724,15.949,15.483,13.011,13.425,10.755
-0.21734,-8.4004,-4.3866,-3.8926,-2.1944,0.82875,15.971,15.55,13.016,13.533,10.766
-0.16287,-8.4536,-4.1962,-3.6767,-2.3866,0.94871,15.892,15.541,13.003,13.501,10.836
-0.10349,-8.3921,-4.0746,-3.4124,-2.6346,1.1425,15.864,15.461,13.038,13.421,10.937
-0.050232,-8.3227,-4.0287,-3.1374,-2.9196,1.3639,15.97,15.366,13.121,13.362,11.122
-0.0086482,-8.2733,-4.1165,-2.8668,-3.1608,1.5442,16.189,15.251,13.285,13.335,11.384
0.016248,-8.2185,-4.3317,-2.6088,-3.3337,1.6424,16.441,15.19,13.51,13.414,11.664
0.023887,-8.1664,-4.6278,-2.3947,-3.4583,1.6791,16.665,15.211,13.683,13.542,11.86
0.023191,-8.1492,-5.0041,-2.2208,-3.5,1.7067,16.86,15.289,13.859,13.669,12.091
0.013945,-8.1529,-5.4498,-2.1112,-3.3931,1.7246,16.946,15.411,14.038,13.942,12.311
-0.0065556,-8.1893,-5.8942,-2.0988,-3.1866,1.714,16.967,15.509,14.148,14.146,12.406
-0.034822,-8.2347,-6.3306,-2.2067,-2.9083,1.6926,16.993,15.623,14.232,14.237,12.319
-0.071085,-8.2926,-6.7456,-2.4356,-2.6369,1.667,17.049,15.705,14.264,14.384,12.157
-0.1163,-8.3538,-7.115,-2.7422,-2.3664,1.6129,17.12,15.799,14.289,14.473,12.072
-0.17068,-8.3902,-7.4218,-3.1102,-2.1611,1.5778,17.183,15.87,14.319,14.534,12.032
-0.23317,-8.4398,-7.6331,-3.5054,-2.005,1.5722,17.263,15.913,14.361,14.411,12.086
-0.29866,-8.4863,-7.7122,-3.8762,-1.8915,1.6199,17.229,15.865,14.459,14.304,12.21
-0.36957,-8.5234,-7.6398,-4.1747,-1.8864,1.7396,17.148,15.775,14.527,14.25,12.228
-0.45149,-8.5544,-7.5021,-4.3861,-1.9321,1.9247,17.135,15.685,14.692,14.261,12.389
-0.53421,-8.6802,-7.3202,-4.489,-2.0349,2.0971,17.24,15.594,14.871,14.356,12.495
-0.61984,-8.9365,-7.1047,-4.4654,-2.1836,2.2142,17.414,15.612,14.974,14.49,12.546
-0.71538,-9.3193,-6.8559,-4.3241,-2.3926,2.2715,17.603,15.673,15.071,14.776,12.745
-0.82359,-9.7918,-6.5176,-4.1372,-2.6425,2.2228,17.815,15.761,15.157,15.08,12.891
-0.93987,-10.121,-6.1565,-3.9286,-2.8453,2.0807,17.978,15.893,15.2,15.208,12.901
-1.0526,-10.35,-5.8043,-3.6692,-2.9746,1.8741,18.068,16.01,15.199,15.246,12.723
-1.1537,-10.474,-5.4581,-3.389,-3.077,1.631,18.15,16.132,15.151,15.306,12.563
-1.2484,-10.475,-5.2001,-3.0952,-3.1388,1.3628,18.255,16.263,15.1,15.327,12.478
-1.3444,-10.465,-4.9893,-2.8229,-3.1006,1.0876,18.311,16.341,15.026,15.267,12.48
-1.4481,-10.438,-4.8441,-2.6055,-2.9765,0.88698,18.356,16.412,15.035,15.16,12.591
-1.5646,-10.418,-4.766,-2.4279,-2.7937,0.73245,18.424,16.398,15.059,15.066,12.738
-1.6822,-10.406,-4.8473,-2.3233,-2.601,0.60444,18.444,16.339,15.077,15.043,12.942
-1.7936,-10.4,-5.0644,-2.302,-2.3921,0.52691,18.369,16.258,15.231,15.119,13.206
-1.8896,-10.388,-5.3569,-2.406,-2.2368,0.52392,18.347,16.141,15.385,15.255,13.378
-1.9681,-10.37,-5.7232,-2.6448,-2.1562,0.58134,18.47,16.056,15.498,15.467,13.598
-2.0328,-10.369,-6.1681,-2.9654,-2.1407,0.69587,18.682,16.046,15.636,15.769,13.79
-2.0859,-10.378,-6.6088,-3.3415,-2.2236,0.91513,18.906,16.068,15.743,16.024,13.927
-2.1308,-10.497,-7.042,-3.7323,-2.3407,1.123,19.157,16.143,15.783,16.138,13.899
-2.1689,-10.608,-7.47,-4.0721,-2.4955,1.2758,19.358,16.227,15.737,16.244,13.776
-2.2011,-10.686,-7.8463,-4.3475,-2.6982,1.3411,19.483,16.291,15.706,16.287,13.695
-2.2239,-10.675,-8.1587,-4.5326,-2.9572,1.3705,19.585,16.374,15.713,16.336,13.718
-2.2349,-10.553,-8.3924,-4.6113,-3.243,1.4432,19.711,16.471,15.84,16.286,13.821
-2.2258,-10.431,-8.4953,-4.5881,-3.4826,1.4969,19.847,16.564,15.974,16.235,13.987
-2.1904,-10.316,-8.4531,-4.4601,-3.6434,1.5061,19.937,16.633,16.102,16.228,14.077
-2.1356,-10.211,-8.3309,-4.2709,-3.7362,1.5007,20.017,16.625,16.291,16.216,14.259
-2.0708,-10.113,-8.1641,-4.0479,-3.7452,1.4781,20.068,16.592,16.503,16.264,14.447
-2.002,-10.076,-7.9589,-3.773,-3.6461,1.4499,20.011,16.545,16.691,16.335,14.529
-1.9298,-10.059,-7.7116,-3.4787,-3.454,1.4218,19.981,16.44,16.835,16.557,14.648
-1.8512,-10.084,-7.3842,-3.1903,-3.1915,1.4355,20.072,16.406,17.013,16.779,14.801
-1.7662,-10.112,-7.0255,-2.931,-2.9267,1.5215,20.248,16.468,17.109,16.899,14.81
-1.6668,-10.167,-6.6711,-2.7241,-2.6766,1.6875,20.451,16.574,17.187,16.918,14.72
-1.5538,-10.228,-6.3168,-2.5647,-2.4686,1.8627,20.641,16.736,17.19,16.936,14.563
-1.4342,-10.305,-6.0354,-2.4505,-2.2963,2.0298,20.821,16.898,17.21,16.887,14.459
-1.3194,-10.389,-5.8206,-2.4368,-2.1817,2.1392,20.919,17.044,17.232,16.768,14.366
-1.2157,-10.474,-5.6727,-2.5693,-2.1418,2.1795,20.975,17.19,17.221,16.633,14.382
-1.1202,-10.555,-5.5895,-2.8211,-2.1747,2.1125,21.06,17.297,17.268,16.583,14.434
-1.0268,-10.626,-5.6531,-3.1544,-2.2735,1.97,21.171,17.379,17.341,16.602,14.505
-0.93104,-10.782,-5.8507,-3.5271,-2.4333,1.7613,21.242,17.432,17.505,16.668,14.664
-0.83511,-11.043,-6.1314,-3.9127,-2.6746,1.5206,21.297,17.41,17.68,16.753,14.756
-0.74788,-11.427,-6.5009,-4.2631,-2.9473,1.2622,21.315,17.35,17.795,16.936,14.799
-0.67347,-11.891,-6.9397,-4.5408,-3.1811,1.0254,21.255,17.28,17.926,17.187,14.995
-0.61167,-12.332,-7.3839,-4.7124,-3.3515,0.8459,21.17,17.178,18.006,17.332,15.068
-0.56094,-12.655,-7.8313,-4.7846,-3.4578,0.69747,21.181,17.136,18.028,17.432,15.035
-0.51498,-12.865,-8.2736,-4.7531,-3.5016,0.58318,21.344,17.18,18.02,17.514,14.855
-0.47528,-12.962,-8.6685,-4.6177,-3.4821,0.52985,21.559,17.255,18.002,17.606,14.738
-0.4416,-12.965,-9.0069,-4.4148,-3.3607,0.53944,21.786,17.383,17.99,17.628,14.7
-0.41716,-12.942,-9.268,-4.181,-3.1678,0.60078,22.021,17.498,17.985,17.589,14.776
-0.39947,-12.919,-9.4126,-3.9001,-2.9823,0.75528,22.212,17.597,18.041,17.556,14.912
-0.38412,-12.897,-9.4142,-3.5966,-2.8105,0.97704,22.331,17.682,18.101,17.563,15.076
-0.38039,-12.886,-9.2967,-3.3014,-2.6899,1.2057,22.445,17.74,18.141,17.579,15.354
-0.39426,-12.865,-9.1471,-3.0467,-2.6044,1.3686,22.615,17.772,18.257,17.636,15.661
-0.41807,-12.85,-8.9581,-2.8522,-2.5801,1.4247,22.767,17.766,18.382,17.736,15.841
-0.4461,-12.832,-8.7306,-2.674,-2.6305,1.4222,22.891,17.695,18.478,17.994,16.058
-0.47131,-12.819,-8.4352,-2.5604,-2.7241,1.427,23.002,17.622,18.641,18.217,16.257
-0.49452,-12.859,-8.0908,-2.5287,-2.8703,1.4302,23.068,17.505,18.794,18.309,16.439
-0.52473,-12.905,-7.7472,-2.6263,-3.057,1.4077,23.028,17.432,18.933,18.383,16.471
-0.56121,-12.919,-7.4039,-2.8388,-3.2983,1.4222,23.043,17.445,18.999,18.47,16.453
-0.61189,-12.86,-7.1074,-3.1566,-3.5729,1.414,23.193,17.52,19.001,18.449,16.401
-0.67367,-12.719,-6.8932,-3.547,-3.8255,1.3748,23.444,17.644,19.005,18.35,16.328
-0.74245,-12.555,-6.7355,-3.9301,-4.0155,1.3537,23.699,17.809,19.039,18.215,16.353
-0.8143,-12.375,-6.634,-4.2709,-4.1355,1.3706,23.951,17.946,19.104,18.161,16.445
-0.89355,-12.216,-6.6288,-4.5557,-4.1793,1.4591,24.183,18.071,19.2,18.159,16.521
-0.98117,-12.079,-6.7752,-4.7443,-4.1067,1.6399,24.32,18.179,19.294,18.184,16.738
-1.086,-11.995,-7.0309,-4.8096,-3.9154,1.8062,24.388,18.273,19.465,18.263,16.889
-1.1957,-11.941,-7.3731,-4.7631,-3.663,1.9571,24.473,18.351,19.62,18.448,16.975
-1.3027,-11.936,-7.7995,-4.6266,-3.3906,2.0357,24.586,18.377,19.728,18.668,17.094
-1.4006,-11.96,-8.2499,-4.4243,-3.1277,2.0548,24.653,18.355,19.865,18.774,17.108
-1.4956,-12.015,-8.6878,-4.1895,-2.9113,1.9445,24.664,18.339,19.946,18.85,17.029
-1.5999,-12.065,-9.1331,-3.9162,-2.7331,1.7641,24.666,18.259,19.956,18.904,16.873
-1.7202,-12.138,-9.5511,-3.632,-2.6149,1.5508,24.587,18.243,19.931,19,16.674
-1.8503,-12.229,-9.9148,-3.3494,-2.5888,1.2981,24.462,18.301,19.919,18.994,16.567
-1.9801,-12.314,-10.21,-3.1024,-2.6366,1.032,24.453,18.41,19.946,18.932,16.551
-2.1014,-12.396,-10.395,-2.9167,-2.7395,0.83123,24.579,18.578,19.977,18.863,16.611
-2.2092,-12.462,-10.429,-2.7583,-2.9014,0.69657,24.797,18.742,20.034,18.802,16.653
-2.2983,-12.654,-10.326,-2.6732,-3.1373,0.59061,25.03,18.883,20.051,18.845,16.746
-2.3702,-12.959,-10.179,-2.6726,-3.3976,0.50824,25.236,18.981,20.154,18.921,16.921
-2.4275,-13.386,-9.9946,-2.7937,-3.6244,0.47892,25.383,19.071,20.309,19.067,17.041
-2.4766,-13.841,-9.7782,-3.0145,-3.7851,0.51838,25.445,19.134,20.469,19.333,17.167
-2.5228,-14.295,-9.5169,-3.3492,-3.8961,0.6434,25.519,19.192,20.603,19.531,17.332
-2.5643,-14.688,-9.1569,-3.7198,-3.953,0.85225,25.66,19.189,20.802,19.617,17.421
-2.5946,-14.958,-8.8084,-4.1175,-3.9481,1.1016,25.808,19.14,20.916,19.687,17.436
-2.6056,-15.112,-8.4639,-4.4571,-3.8735,1.3249,25.96,19.062,20.967,19.696,17.346
-2.5919,-15.124,-8.1511,-4.7303,-3.7204,1.4538,26.052,18.993,20.976,19.736,17.266
-2.5526,-15.109,-7.9097,-4.9093,-3.5471,1.4733,26.096,18.988,21,19.666,17.265
-2.49,-15.084,-7.7294,-4.9601,-3.3564,1.4898,26.064,19.021,21.052,19.567,17.315
-2.4165,-15.059,-7.6071,-4.8949,-3.2008,1.4937,26.085,19.117,21.158,19.531,17.433
-2.3384,-15.037,-7.5686,-4.7455,-3.0998,1.4765,26.24,19.289,21.263,19.504,17.559
-2.2536,-15.016,-7.6784,-4.5462,-3.0531,1.4712,26.488,19.448,21.359,19.572,17.796
-2.1625,-14.992,-7.9134,-4.3026,-3.0748,1.4665,26.793,19.596,21.528,19.659,18.123
-2.0658,-14.978,-8.2368,-4.0187,-3.1539,1.429,27.073,19.711,21.731,19.841,18.309
-1.9612,-14.972,-8.6432,-3.7215,-3.2848,1.3959,27.306,19.783,21.881,20.082,18.501
-1.8488,-14.993,-9.0919,-3.4385,-3.47,1.3733,27.438,19.823,22.014,20.182,18.736
-1.7322,-14.983,-9.5351,-3.1956,-3.7175,1.4048,27.511,19.814,22.129,20.243,18.871
-1.6179,-14.952,-9.9753,-3.0119,-3.9924,1.498,27.608,19.774,22.196,20.306,18.818
-1.5087,-14.848,-10.386,-2.8471,-4.2449,1.6592,27.743,19.717,22.24,20.426,18.754
-1.4023,-14.685,-10.758,-2.7582,-4.4316,1.8026,27.858,19.657,22.266,20.444,18.738
-1.3023,-14.481,-11.07,-2.754,-4.5471,1.9102,27.942,19.615,22.28,20.374,18.745
-1.2098,-14.254,-11.263,-2.8852,-4.5798,1.9457,27.969,19.641,22.274,20.269,18.835
-1.1298,-14.04,-11.307,-3.1184,-4.5261,1.9285,27.881,19.725,22.284,20.209,18.928
-1.0591,-13.856,-11.211,-3.4415,-4.3545,1.8202,27.803,19.889,22.294,20.169,19.021
-1.0002,-13.732,-11.064,-3.8256,-4.1066,1.6281,27.818,20.009,22.274,20.168,19.284
-0.951,-13.652,-10.885,-4.229,-3.8552,1.3761,27.968,20.134,22.41,20.268,19.426
-0.91017,-13.608,-10.678,-4.5682,-3.6064,1.0989,28.171,20.273,22.598,20.499,19.504
-0.87626,-13.588,-10.429,-4.8258,-3.3817,0.83262,28.415,20.365,22.737,20.691,19.726
-0.84786,-13.611,-10.084,-4.9878,-3.1953,0.65215,28.649,20.449,22.885,20.746,19.825
-0.82788,-13.66,-9.7278,-5.0359,-3.0819,0.55007,28.806,20.512,23.028,20.843,19.843
-0.81832,-13.739,-9.3856,-4.9681,-3.0434,0.49004,28.881,20.52,23.102,20.918,19.714
-0.81778,-13.829,-9.0732,-4.8091,-3.0847,0.47544,28.962,20.515,23.1,20.969,19.577
-0.82037,-13.931,-8.8326,-4.608,-3.1825,0.50943,29.05,20.471,23.066,20.861,19.518
-0.82273,-14.022,-8.6383,-4.3669,-3.3405,0.5978,29.116,20.382,23.039,20.718,19.502
-0.82513,-14.116,-8.5127,-4.0834,-3.579,0.75418,29.142,20.346,23.011,20.656,19.531
-0.83528,-14.343,-8.4597,-3.7885,-3.8504,0.98987,29.199,20.368,23.087,20.663,19.614
-0.85044,-14.698,-8.5696,-3.5028,-4.0805,1.2538,29.224,20.448,23.195,20.713,19.796
-0.86771,-15.164,-8.8104,-3.2625,-4.2674,1.4889,29.2,20.564,23.255,20.853,19.993
-0.88559,-15.613,-9.1247,-3.0791,-4.4017,1.6334,29.252,20.679,23.433,21.122,20.126
-0.90568,-16.062,-9.5089,-2.9487,-4.4766,1.7141,29.4,20.765,23.607,21.382,20.333
-0.92538,-16.494,-9.9591,-2.8769,-4.4823,1.7809,29.614,20.877,23.739,21.474,20.536
-0.94759,-16.818,-10.397,-2.8854,-4.4068,1.8447,29.847,20.969,23.888,21.517,20.727
-0.98051,-17.025,-10.846,-3.0194,-4.2359,1.8699,30.102,21.029,23.977,21.592,20.717
-1.0252,-17.087,-11.26,-3.2627,-4.0333,1.8828,30.317,21.028,24.032,21.689,20.599
-1.0773,-17.059,-11.626,-3.5875,-3.8388,1.8962,30.432,20.914,23.999,21.673,20.518
-1.131,-17.026,-11.935,-3.9799,-3.6851,1.8846,30.511,20.819,23.985,21.583,20.502
-1.196,-16.997,-12.137,-4.3878,-3.5824,1.8799,30.608,20.682,24.016,21.472,20.51
-1.2798,-16.965,-12.202,-4.7327,-3.5416,1.9203,30.684,20.528,24.135,21.408,20.64
-1.3755,-16.938,-12.113,-4.9945,-3.5496,2,30.735,20.47,24.254,21.429,20.736
-1.4748,-16.915,-11.965,-5.1591,-3.6054,2.1191,30.758,20.481,24.319,21.482,20.979
-1.5743,-16.885,-11.784,-5.2042,-3.7354,2.2717,30.767,20.559,24.468,21.645,21.23
-1.6699,-16.868,-11.571,-5.1323,-3.9053,2.4153,30.707,20.683,24.669,21.883,21.409
-1.7718,-16.877,-11.323,-4.971,-4.1281,2.5103,30.685,20.826,24.861,22.042,21.633
-1.8948,-16.829,-11,-4.7515,-4.3971,2.5533,30.77,20.967,25.006,22.062,21.854
-2.04,-16.746,-10.644,-4.5,-4.6513,2.5263,30.953,21.071,25.154,22.166,21.886
-2.1912,-16.563,-10.297,-4.2148,-4.8528,2.4077,31.151,21.131,25.227,22.208,21.794
-2.3291,-16.349,-9.9664,-3.9203,-4.9945,2.1958,31.343,21.156,25.278,22.224,21.648
-2.4512,-16.092,-9.7249,-3.635,-5.0486,1.9048,31.514,21.151,25.278,22.077,21.611
-2.5631,-15.802,-9.5344,-3.3925,-4.9997,1.5983,31.625,21.134,25.293,21.951,21.612
-2.666,-15.535,-9.4016,-3.2134,-4.8398,1.3376,31.717,21.105,25.357,21.913,21.699
-2.7543,-15.302,-9.322,-3.0697,-4.6052,1.1744,31.815,20.997,25.413,21.941,21.839
-2.8286,-15.128,-9.3942,-3.0228,-4.3418,1.0675,31.925,20.916,25.485,22.036,22.012
-2.8929,-14.987,-9.6108,-3.0437,-4.0976,1.0106,31.967,20.906,25.561,22.142,22.275
-2.9527,-14.895,-9.935,-3.1824,-3.8863,1.0234,32.01,20.953,25.758,22.389,22.417
-3.0029,-14.848,-10.331,-3.4348,-3.7178,1.0802,32.043,21.081,25.976,22.646,22.512
-3.0347,-14.842,-10.775,-3.7683,-3.5966,1.1428,32.025,21.249,26.114,22.752,22.725
-3.0367,-14.857,-11.226,-4.1404,-3.5384,1.2632,32.035,21.408,26.269,22.814,22.798
-3.0089,-14.916,-11.668,-4.513,-3.5531,1.4606,32.116,21.556,26.385,22.952,22.806
-2.9578,-14.994,-12.086,-4.8348,-3.6414,1.6924,32.292,21.654,26.403,22.962,22.64
-2.8891,-15.076,-12.481,-5.0728,-3.7821,1.8917,32.509,21.725,26.443,22.884,22.533
-2.8119,-15.143,-12.81,-5.2213,-4.0039,2.0219,32.738,21.773,26.48,22.741,22.509
-2.7271,-15.252,-13.031,-5.254,-4.2906,2.1619,32.964,21.736,26.533,22.682,22.512
-2.634,-15.507,-13.106,-5.1747,-4.5609,2.2682,33.132,21.667,26.582,22.711,22.582
-2.5288,-15.893,-13.041,-4.9943,-4.7821,2.2896,33.233,21.56,26.64,22.801,22.703
-2.4127,-16.343,-12.908,-4.7579,-4.9381,2.2855,33.309,21.463,26.702,22.925,22.906
-2.2887,-16.779,-12.743,-4.5034,-5.0435,2.2784,33.375,21.417,26.728,23.143,23.186
-2.163,-17.222,-12.529,-4.2212,-5.078,2.2568,33.407,21.452,26.854,23.431,23.358
-2.0417,-17.642,-12.282,-3.9273,-5.0213,2.2324,33.435,21.542,27.007,23.593,23.566
-1.9293,-17.986,-11.944,-3.6513,-4.8851,2.2504,33.449,21.673,27.152,23.651,23.808
-1.8238,-18.232,-11.589,-3.4153,-4.7209,2.3265,33.413,21.804,27.32,23.753,23.904
-1.7222,-18.35,-11.242,-3.23,-4.5625,2.469,33.353,21.904,27.44,23.809,23.851
-1.6225,-18.373,-10.902,-3.0979,-4.4389,2.6585,33.315,21.991,27.524,23.774,23.731
-1.5231,-18.336,-10.642,-3.0568,-4.3595,2.8098,33.354,22.065,27.588,23.634,23.687
-1.4374,-18.305,-10.446,-3.0978,-4.3203,2.9302,33.49,22.116,27.631,23.52,23.698
-1.3699,-18.28,-10.309,-3.2461,-4.3262,2.9806,33.663,22.126,27.634,23.491,23.81
-1.3237,-18.247,-10.22,-3.5077,-4.3721,2.9883,33.836,22.061,27.598,23.495,23.945
-1.2957,-18.21,-10.262,-3.8556,-4.4721,2.9296,34.034,21.975,27.59,23.564,24.014
-1.2775,-18.181,-10.444,-4.2476,-4.6252,2.7986,34.172,21.851,27.65,23.64,24.253
-1.2629,-18.182,-10.725,-4.6366,-4.8514,2.5904,34.24,21.758,27.66,23.875,24.431
-1.2466,-18.182,-11.095,-4.9681,-5.1278,2.3173,34.279,21.729,27.815,24.076,24.544
-1.2344,-18.123,-11.546,-5.2036,-5.416,2.0248,34.266,21.742,27.968,24.156,24.812
-1.2316,-17.999,-11.995,-5.3518,-5.6616,1.7701,34.26,21.824,28.074,24.249,24.988
-1.2376,-17.807,-12.431,-5.388,-5.8355,1.6023,34.268,21.914,28.141,24.387,25.006
-1.2487,-17.566,-12.861,-5.316,-5.9206,1.4858,34.28,22.02,28.185,24.416,24.867
-1.2655,-17.276,-13.277,-5.1388,-5.8792,1.4519,34.25,22.16,28.214,24.325,24.716
-1.2888,-16.964,-13.616,-4.9067,-5.7144,1.5076,34.265,22.275,28.224,24.139,24.72
-1.3146,-16.678,-13.885,-4.6352,-5.4706,1.6079,34.368,22.354,28.251,24.072,24.763
-1.3334,-16.432,-14.034,-4.3486,-5.2138,1.7552,34.582,22.395,28.279,24.112,24.817
-1.3449,-16.235,-14.032,-4.0506,-4.9751,1.9442,34.833,22.325,28.321,24.194,24.921
-1.3511,-16.074,-13.908,-3.7742,-4.7739,2.1587,35.055,22.23,28.389,24.295,25.118
-1.3602,-15.961,-13.737,-3.5387,-4.6146,2.3596,35.252,22.101,28.445,24.496,25.362
-1.3755,-15.888,-13.531,-3.3585,-4.505,2.5165,35.423,21.947,28.483,24.739,25.509
-1.3941,-15.864,-13.298,-3.2299,-4.4519,2.6658,35.536,21.882,28.675,24.861,25.71
-1.4204,-15.884,-13.01,-3.1861,-4.444,2.7918,35.627,21.863,28.885,24.933,25.926
-1.4534,-15.924,-12.663,-3.2209,-4.5118,2.9019,35.718,21.903,29.043,25.048,26.06
-1.4912,-15.982,-12.317,-3.3642,-4.6503,2.9341,35.762,21.977,29.209,25.127,26.006
-1.5288,-16.07,-11.974,-3.6146,-4.8521,2.9355,35.756,22.077,29.339,25.069,25.864
-1.5732,-16.14,-11.702,-3.9612,-5.1173,2.922,35.733,22.203,29.418,24.929,25.76
-1.6313,-16.322,-11.493,-4.3521,-5.3811,2.8759,35.687,22.303,29.434,24.806,25.741
-1.709,-16.66,-11.325,-4.7128,-5.6069,2.8601,35.648,22.379,29.457,24.765,25.753
-1.7981,-17.123,-11.215,-5.0313,-5.7755,2.9168,35.653,22.403,29.54,24.844,25.8
-1.8951,-17.574,-11.202,-5.2582,-5.8844,3.0292,35.759,22.361,29.562,24.955,25.866
-1.9899,-18.013,-11.34,-5.3995,-5.9187,3.2108,35.945,22.267,29.581,25.007,26.123
-2.0835,-18.454,-11.604,-5.4351,-5.8582,3.384,36.142,22.195,29.599,25.209,26.357
-2.1899,-18.876,-11.964,-5.3623,-5.7242,3.5197,36.292,22.13,29.69,25.366,26.471
-2.3144,-19.241,-12.397,-5.1887,-5.5559,3.6059,36.433,22.048,29.887,25.445,26.609
-2.4546,-19.49,-12.846,-4.9542,-5.3872,3.6272,36.523,22.058,30.072,25.55,26.807
-2.5991,-19.654,-13.286,-4.6833,-5.2371,3.5884,36.575,22.066,30.217,25.667,26.849
-2.7365,-19.714,-13.717,-4.4015,-5.135,3.4995,36.609,22.125,30.367,25.722,26.711
-2.8626,-19.689,-14.127,-4.1133,-5.0923,3.3127,36.593,22.254,30.455,25.609,26.536
-2.9761,-19.657,-14.474,-3.8447,-5.0932,3.0713,36.576,22.379,30.46,25.45,26.477
-3.081,-19.623,-14.736,-3.6258,-5.1554,2.7988,36.568,22.507,30.462,25.412,26.507
-3.1773,-19.591,-14.872,-3.4416,-5.2706,2.5014,36.543,22.62,30.486,25.424,26.59
-3.2622,-19.558,-14.874,-3.332,-5.4437,2.2566,36.51,22.68,30.545,25.469,26.685
-3.3367,-19.552,-14.751,-3.297,-5.6738,2.101,36.531,22.707,30.586,25.548,26.868
-3.3969,-19.578,-14.589,-3.3425,-5.9466,2.007,36.616,22.67,30.637,25.719,27.075
-3.4346,-19.52,-14.396,-3.4903,-6.2321,1.9867,36.808,22.575,30.68,25.97,27.212
-3.4528,-19.401,-14.172,-3.7466,-6.4766,2.0452,37.022,22.489,30.828,26.1,27.342
-3.4466,-19.163,-13.898,-4.0817,-6.6394,2.1561,37.214,22.366,31.028,26.226,27.559
-3.4167,-18.915,-13.55,-4.4567,-6.7341,2.3032,37.413,22.279,31.196,26.34,27.713
-3.3625,-18.601,-13.199,-4.8122,-6.7438,2.507,37.583,22.254,31.329,26.463,27.688
-3.2909,-18.246,-12.855,-5.1017,-6.644,2.7256,37.732,22.268,31.509,26.398,27.575
-3.2055,-17.889,-12.579,-5.316,-6.4461,2.9229,37.856,22.332,31.605,26.236,27.469
-3.1058,-17.564,-12.378,-5.4399,-6.2056,3.0693,37.923,22.431,31.652,26.08,27.458
-2.9992,-17.273,-12.209,-5.4509,-5.9749,3.2184,37.967,22.531,31.668,26.019,27.502
-2.8891,-17.017,-12.086,-5.3589,-5.7659,3.3362,37.974,22.632,31.718,26.041,27.619
-2.7749,-16.811,-12.06,-5.1807,-5.5918,3.464,37.965,22.728,31.789,26.093,27.734
-2.6525,-16.652,-12.2,-4.9245,-5.4572,3.5162,37.957,22.779,31.826,26.163,28.011
-2.5236,-16.538,-12.468,-4.6335,-5.3613,3.5254,37.997,22.816,31.897,26.421,28.27
-2.3948,-16.482,-12.83,-4.3321,-5.346,3.5101,38.091,22.784,31.963,26.599,28.44
-2.2721,-16.471,-13.262,-4.0373,-5.4257,3.4929,38.267,22.738,32.157,26.667,28.582
-2.1592,-16.485,-13.711,-3.7629,-5.5928,3.5348,38.454,22.652,32.339,26.803,28.792
-2.058,-16.511,-14.143,-3.537,-5.8202,3.6219,38.649,22.541,32.47,26.899,28.823
-1.968,-16.567,-14.585,-3.3538,-6.1003,3.7508,38.842,22.472,32.643,26.954,28.727
-1.8877,-16.69,-14.988,-3.2672,-6.3794,3.945,38.996,22.49,32.779,26.803,28.562
-1.8184,-16.972,-15.343,-3.2536,-6.5871,4.0859,39.096,22.542,32.81,26.628,28.506
-1.7584,-17.41,-15.621,-3.3214,-6.7219,4.1868,39.154,22.659,32.836,26.591,28.553
-1.7076,-17.86,-15.79,-3.4933,-6.7918,4.2377,39.173,22.813,32.86,26.622,28.705
-1.6625,-18.302,-15.821,-3.7675,-6.805,4.2643,39.157,22.944,32.906,26.695,28.824
-1.6338,-18.739,-15.704,-4.1148,-6.765,4.2084,39.14,23.064,32.946,26.816,28.976
-1.6175,-19.16,-15.536,-4.4964,-6.6646,4.079,39.119,23.131,33.035,27.07,29.228
-1.6136,-19.581,-15.324,-4.8631,-6.5241,3.8703,39.082,23.159,33.155,27.369,29.418
-1.6126,-19.932,-15.094,-5.167,-6.381,3.5993,39.086,23.164,33.172,27.534,29.59
-1.6139,-20.199,-14.806,-5.3747,-6.2417,3.2661,39.07,23.128,33.297,27.646,29.803
-1.6116,-20.372,-14.453,-5.4812,-6.1244,2.935,39.127,23.015,33.453,27.802,29.961
-1.5994,-20.453,-14.106,-5.4768,-6.0606,2.6892,39.268,22.882,33.61,27.903,29.955
-1.5911,-20.458,-13.762,-5.3636,-6.0173,2.5303,39.442,22.802,33.77,27.837,29.817
-1.5915,-20.421,-13.457,-5.1769,-6.0594,2.466,39.603,22.756,33.919,27.692,29.686
-1.5987,-20.392,-13.234,-4.9286,-6.1792,2.4956,39.765,22.757,33.995,27.525,29.673
-1.6098,-20.357,-13.062,-4.6464,-6.352,2.6104,39.876,22.821,34.041,27.48,29.76
-1.6239,-20.344,-12.946,-4.3316,-6.5953,2.7411,39.931,22.92,34.088,27.559,29.92
-1.6368,-20.35,-12.916,-4.0206,-6.8977,2.8903,39.938,23.002,34.15,27.661,30.083
-1.6477,-20.328,-13.038,-3.7427,-7.2138,3.0771,39.941,23.107,34.181,27.806,30.306
-1.6537,-20.217,-13.283,-3.5241,-7.4827,3.3008,39.957,23.233,34.254,28.037,30.58
-1.6605,-19.983,-13.626,-3.3576,-7.6804,3.4952,39.961,23.316,34.345,28.181,30.767
-1.6736,-19.723,-14.037,-3.2609,-7.7926,3.6421,39.946,23.384,34.35,28.201,30.915
-1.6958,-19.413,-14.49,-3.2414,-7.8216,3.835,39.926,23.395,34.482,28.266,31.13
-1.7292,-19.048,-14.935,-3.3156,-7.7296,3.9892,39.931,23.385,34.653,28.309,31.145
-1.7728,-18.694,-15.383,-3.4957,-7.5444,4.1042,39.999,23.313,34.813,28.305,31.016
-1.8286,-18.358,-15.8,-3.784,-7.2961,4.138,40.146,23.184,34.953,28.112,30.821
-1.9026,-18.024,-16.172,-4.1488,-7.0393,4.1641,40.333,23.096,35.074,27.938,30.792
-1.9907,-17.72,-16.467,-4.532,-6.8241,4.1768,40.5,23.079,35.139,27.848,30.86
-2.0873,-17.444,-16.656,-4.8752,-6.6615,4.2057,40.697,23.159,35.19,27.845,31.054
-2.1946,-17.219,-16.706,-5.1468,-6.5236,4.2739,40.88,23.323,35.248,27.921,31.256
-2.3093,-17.044,-16.602,-5.3437,-6.4314,4.4083,41.027,23.476,35.314,28.021,31.414
-2.4244,-16.925,-16.457,-5.4477,-6.4035,4.5953,41.123,23.608,35.357,28.257,31.699
-2.5418,-16.848,-16.248,-5.4306,-6.4705,4.813,41.146,23.761,35.429,28.536,31.861
-2.6635,-16.791,-16.034,-5.3116,-6.5914,4.9626,41.179,23.863,35.515,28.715,31.95
-2.7935,-16.774,-15.789,-5.1266,-6.7673,5.0775,41.187,23.917,35.559,28.784,32.178
-2.9309,-16.786,-15.452,-4.8745,-7.028,5.1406,41.149,23.955,35.717,28.906,32.271
-3.0709,-16.87,-15.111,-4.5839,-7.2887,5.1611,41.121,23.955,35.921,28.936,32.304
-3.2048,-17.125,-14.773,-4.2842,-7.52,5.1008,41.125,23.909,36.08,28.885,32.15
-3.3212,-17.548,-14.476,-3.985,-7.6997,4.9547,41.18,23.809,36.232,28.752,31.989
-3.4178,-18.002,-14.254,-3.7244,-7.828,4.7365,41.312,23.683,36.348,28.645,31.905
-3.4991,-18.446,-14.074,-3.5132,-7.8611,4.4387,41.456,23.61,36.383,28.649,31.891
-3.5669,-18.885,-13.943,-3.3656,-7.7928,4.0945,41.604,23.589,36.369,28.767,31.958
-3.619,-19.31,-13.876,-3.3086,-7.6649,3.8,41.771,23.634,36.395,28.942,32.072
-3.6564,-19.73,-13.968,-3.3216,-7.478,3.6237,41.896,23.755,36.496,29.155,32.197
-3.6781,-20.126,-14.191,-3.412,-7.2988,3.53,41.966,23.876,36.56,29.436,32.319
-3.6841,-20.448,-14.511,-3.6227,-7.1449,3.5156,41.978,23.973,36.611,29.644,32.388
-3.6671,-20.686,-14.918,-3.9171,-7.0633,3.5558,41.95,24.072,36.621,29.724,32.529
-3.6276,-20.844,-15.366,-4.2656,-7.0332,3.6529,41.914,24.117,36.68,29.795,32.683
-3.5637,-20.936,-15.81,-4.64,-7.037,3.7782,41.842,24.126,36.851,29.835,32.773
-3.4767,-20.979,-16.241,-4.977,-7.0874,3.9337,41.788,24.092,37.041,29.835,32.648
-3.3785,-20.993,-16.638,-5.2486,-7.2256,4.1289,41.733,24.007,37.213,29.693,32.455
-3.274,-20.978,-17.009,-5.4364,-7.4007,4.3451,41.716,23.92,37.423,29.531,32.335
-3.1693,-20.965,-17.315,-5.5207,-7.6129,4.5194,41.69,23.787,37.533,29.434,32.313
-3.0675,-20.973,-17.488,-5.4948,-7.8828,4.6973,41.744,23.685,37.567,29.382,32.439
-2.9645,-20.957,-17.535,-5.3573,-8.1928,4.8721,41.893,23.647,37.549,29.411,32.619
-2.8474,-20.853,-17.446,-5.1524,-8.4798,4.9864,42.037,23.636,37.575,29.476,32.71
-2.7162,-20.621,-17.292,-4.8942,-8.7086,5.0429,42.19,23.709,37.615,29.665,32.946
-2.5813,-20.357,-17.091,-4.6055,-8.8563,5.0468,42.377,23.881,37.677,29.824,33.162
-2.4659,-20.045,-16.863,-4.2905,-8.9062,5.0514,42.544,24.046,37.752,29.881,33.288
-2.375,-19.686,-16.591,-3.979,-8.8446,5.0854,42.665,24.2,37.779,29.894,33.591
-2.3003,-19.339,-16.241,-3.7119,-8.6407,5.1579,42.74,24.346,37.878,29.942,33.82
-2.2349,-19.002,-15.871,-3.5063,-8.3841,5.2736,42.753,24.44,38.047,29.909,33.931
-2.1709,-18.673,-15.514,-3.3828,-8.1324,5.4138,42.773,24.499,38.235,29.739,33.784
-2.1052,-18.349,-15.188,-3.3363,-7.9067,5.593,42.781,24.528,38.391,29.509,33.625
-2.043,-18.032,-14.932,-3.3692,-7.7275,5.7252,42.775,24.516,38.565,29.409,33.566
-1.9964,-17.764,-14.758,-3.4601,-7.583,5.8317,42.803,24.465,38.664,29.417,33.647
-1.9637,-17.534,-14.618,-3.6573,-7.4922,5.9078,42.856,24.382,38.69,29.511,33.764
-1.9406,-17.358,-14.538,-3.9472,-7.4486,5.9487,42.972,24.32,38.684,29.631,33.844
-1.9254,-17.227,-14.613,-4.3051,-7.4718,5.9394,43.151,24.348,38.678,29.837,34.029
-1.9221,-17.135,-14.823,-4.6699,-7.5802,5.8728,43.337,24.409,38.697,30.131,34.235
-1.9273,-17.075,-15.124,-5.0098,-7.7591,5.7045,43.489,24.524,38.726,30.31,34.376
-1.9358,-17.051,-15.512,-5.2783,-7.9991,5.4116,43.65,24.674,38.792,30.474,34.587
-1.9394,-17.084,-15.956,-5.4658,-8.2657,5.0414,43.796,24.798,38.884,30.64,34.761
-1.9347,-17.325,-16.398,-5.5503,-8.5106,4.6511,43.898,24.914,39.024,30.842,34.871
-1.9254,-17.738,-16.829,-5.5102,-8.7116,4.3564,43.939,24.977,39.233,30.841,34.756
-1.9175,-18.195,-17.23,-5.3641,-8.8352,4.1844,43.919,25.001,39.42,30.717,34.514
-1.9188,-18.646,-17.602,-5.1395,-8.8726,4.1107,43.869,24.993,39.605,30.607,34.332
-1.9262,-19.078,-17.919,-4.8687,-8.824,4.1252,43.821,24.918,39.806,30.575,34.283
-1.9347,-19.49,-18.113,-4.5748,-8.7013,4.2083,43.744,24.789,39.934,30.669,34.318
-2.0592,-19.84,-18.42,-4.4609,-8.557,4.2574,43.613,24.419,39.778,30.888,34.357
-2.1799,-20.192,-18.65,-4.3178,-8.32,4.3298,43.452,24.055,39.588,30.99,34.297
-2.296,-20.489,-18.859,-4.1332,-8.0459,4.4626,43.237,23.764,39.558,31.184,34.491
-2.4073,-20.741,-19.014,-3.9313,-7.7572,4.6959,43.075,23.648,39.721,31.34,34.632
-2.521,-20.942,-19.137,-3.7554,-7.4511,4.9962,42.981,23.626,39.866,31.246,34.796
-2.6408,-21.127,-19.162,-3.5546,-7.1879,5.2373,42.951,23.666,39.98,31.138,35.164
-2.7657,-21.298,-19.035,-3.314,-7,5.48,42.99,23.689,40.061,31.015,35.414
-2.8896,-21.483,-18.828,-3.0733,-6.9305,5.6446,43.07,23.697,40.164,30.905,35.567
-3.0178,-21.669,-18.573,-2.8904,-6.9904,5.6672,43.133,23.762,40.277,30.662,35.38
-3.1479,-21.859,-18.234,-2.7903,-7.1807,5.5447,43.132,23.857,40.345,30.401,35.124
-3.2837,-22.071,-17.836,-2.8046,-7.5022,5.3252,43.083,23.949,40.432,30.389,34.81
-3.4267,-22.287,-17.388,-2.8832,-7.9586,5.1482,43.03,23.983,40.543,30.553,34.664
-3.5705,-22.417,-16.907,-2.9773,-8.4569,5.0563,43.031,23.855,40.569,30.768,34.667
-3.7052,-22.432,-16.395,-3.1121,-8.9314,5.0781,42.996,23.651,40.466,30.963,34.752
-3.827,-22.486,-15.974,-3.3379,-9.3044,5.2057,42.892,23.366,40.435,31.153,34.946
-3.9429,-22.474,-15.723,-3.5799,-9.5224,5.425,42.775,23.134,40.444,31.297,35.155
-4.0559,-22.315,-15.588,-3.7788,-9.5927,5.7277,42.613,23.021,40.522,31.356,35.392
-4.1691,-22.081,-15.599,-3.9138,-9.4728,6.02,42.521,22.978,40.634,31.192,35.756
-4.2879,-21.784,-15.715,-3.9941,-9.2361,6.3497,42.539,22.989,40.732,31.026,36.078
-4.4021,-21.434,-15.892,-4.0258,-8.9436,6.6963,42.643,23.035,40.75,30.959,36.389
-4.505,-21.057,-16.15,-4.0109,-8.6079,6.9575,42.738,23.081,40.82,30.728,36.357
-4.5789,-20.712,-16.525,-3.9255,-8.2437,7.0437,42.847,23.173,40.918,30.548,36.108
-4.6213,-20.375,-17.011,-3.8058,-7.8557,6.9809,42.942,23.274,40.897,30.419,35.868
-4.632,-20.09,-17.483,-3.6352,-7.448,6.7658,43.04,23.376,40.883,30.463,35.614
-4.6169,-19.86,-17.906,-3.4644,-7.135,6.3821,43.131,23.468,40.899,30.694,35.483
-4.5749,-19.67,-18.239,-3.3469,-6.9752,5.8895,43.183,23.472,40.783,30.828,35.578
-4.5091,-19.465,-18.486,-3.2226,-6.9181,5.3714,43.257,23.369,40.726,30.878,35.448
-4.4236,-19.223,-18.718,-3.0709,-7.0186,4.9589,43.303,23.16,40.714,31.069,35.635
-4.3138,-18.939,-18.895,-2.904,-7.3072,4.6569,43.247,22.85,40.78,31.153,35.735
-4.1755,-18.632,-19.024,-2.7718,-7.7436,4.4842,43.15,22.572,40.89,30.941,35.854
-4.0145,-18.46,-19.085,-2.7109,-8.2175,4.4205,42.974,22.381,40.983,30.806,36.102
-3.8306,-18.429,-18.982,-2.75,-8.67,4.4467,42.783,22.246,41.022,30.658,36.217
-3.6338,-18.438,-18.79,-2.8247,-9.0294,4.4632,42.707,22.227,40.963,30.53,36.205
-3.4235,-18.505,-18.536,-2.9269,-9.2658,4.5524,42.694,22.191,40.903,30.244,35.848
-3.2006,-18.634,-18.212,-3.058,-9.3705,4.7364,42.727,22.229,40.982,29.973,35.44
-2.9685,-18.799,-17.839,-3.2652,-9.3482,5.0124,42.75,22.293,40.984,29.923,35.048
-2.7383,-19.048,-17.411,-3.4931,-9.1911,5.2859,42.763,22.373,41.004,30.007,34.696
-2.5109,-19.367,-16.93,-3.6491,-8.957,5.5093,42.783,22.432,41.045,30.194,34.554
-2.2852,-19.67,-16.427,-3.7294,-8.722,5.6995,42.76,22.446,41.051,30.408,34.439
-2.0651,-19.9,-15.984,-3.7634,-8.5115,5.7729,42.712,22.299,41.006,30.662,34.507
-1.8667,-20.097,-15.705,-3.7393,-8.2546,5.7193,42.678,22.102,40.98,30.897,34.595
-1.706,-20.265,-15.551,-3.6718,-8.0017,5.5541,42.685,21.851,41.062,31.026,34.729
-1.5816,-20.416,-15.49,-3.5563,-7.819,5.3508,42.584,21.564,41.162,30.8,35.037
-1.4771,-20.565,-15.543,-3.4227,-7.7172,5.2167,42.403,21.362,41.235,30.667,35.293
-1.385,-20.731,-15.668,-3.2695,-7.7036,5.1737,42.255,21.232,41.347,30.628,35.549
-1.3027,-20.919,-15.854,-3.0977,-7.8428,5.2469,42.063,21.181,41.29,30.402,35.551
-1.2414,-21.127,-16.165,-2.968,-8.1457,5.4346,41.925,21.221,41.347,30.201,35.386
-1.2121,-21.308,-16.584,-2.8287,-8.5799,5.7385,41.903,21.324,41.452,30.062,35.199
-1.2264,-21.394,-17.023,-2.6681,-9.0774,6.0473,41.938,21.487,41.452,30.153,34.997
-1.2746,-21.334,-17.427,-2.4961,-9.5267,6.3615,42.003,21.675,41.513,30.357,34.968
-1.3391,-21.258,-17.784,-2.3717,-9.9063,6.7199,42.07,21.819,41.535,30.447,35.118
-1.4102,-21.128,-18.054,-2.3314,-10.143,7.0435,42.178,21.935,41.466,30.661,35.236
-1.4836,-20.982,-18.291,-2.3792,-10.241,7.2722,42.298,21.948,41.419,30.924,35.433
-1.5654,-20.806,-18.474,-2.4633,-10.185,7.3658,42.362,21.863,41.348,31.023,35.67
-1.6488,-20.586,-18.622,-2.5881,-9.9764,7.2936,42.348,21.697,41.444,30.835,35.814
-1.7426,-20.332,-18.747,-2.7438,-9.6646,7.0186,42.405,21.451,41.549,30.603,36.134
-1.8489,-19.982,-18.74,-2.98,-9.2992,6.5687,42.384,21.211,41.651,30.496,36.37
-1.965,-19.642,-18.593,-3.2113,-8.9195,6.0572,42.269,21.07,41.704,30.446,36.528
-2.0864,-19.313,-18.399,-3.3845,-8.5245,5.5824,42.202,20.959,41.673,30.225,36.328
-2.1961,-19.027,-18.156,-3.4739,-8.1505,5.2279,42.123,20.953,41.768,30.092,35.991
-2.2909,-18.792,-17.87,-3.5234,-7.8745,4.9553,42.061,20.976,41.787,30.091,35.781
-2.3732,-18.596,-17.5,-3.5178,-7.7212,4.8012,42.057,21.026,41.741,30.222,35.535
-2.4482,-18.44,-17.088,-3.4642,-7.6732,4.7947,42.09,21.111,41.767,30.447,35.442
-2.5141,-18.32,-16.653,-3.3603,-7.7714,4.801,42.122,21.175,41.743,30.534,35.423
-2.588,-18.224,-16.251,-3.2352,-8.0363,4.8258,42.168,21.239,41.605,30.715,35.416
-2.6628,-18.127,-15.954,-3.0785,-8.407,4.9452,42.213,21.287,41.484,30.911,35.555
-2.7309,-18.175,-15.779,-2.917,-8.8265,5.1805,42.25,21.232,41.383,30.787,35.636
-2.8013,-18.326,-15.693,-2.7871,-9.2483,5.4379,42.275,21.039,41.428,30.65,35.859
-2.8701,-18.38,-15.694,-2.6522,-9.6217,5.6463,42.246,20.747,41.424,30.522,36.047
-2.9352,-18.376,-15.767,-2.4778,-9.8959,5.8698,42.253,20.398,41.369,30.446,36.188
-2.9934,-18.402,-15.913,-2.3,-10.042,6.0457,42.229,20.146,41.276,30.273,36.076
-3.0556,-18.514,-16.13,-2.1679,-10.072,6.0906,42.079,19.987,41.24,30.025,35.864
-3.1314,-18.69,-16.457,-2.1007,-9.9484,6.019,41.871,19.905,41.3,29.93,35.592
-3.2269,-18.885,-16.891,-2.1453,-9.7402,5.8142,41.672,19.894,41.313,30.078,35.336
-3.3272,-19.122,-17.303,-2.2024,-9.4812,5.6311,41.497,19.95,41.348,30.27,35.165
-3.4293,-19.341,-17.626,-2.2815,-9.2033,5.4954,41.399,20.03,41.48,30.488,35.147
-3.5393,-19.515,-17.845,-2.429,-8.9184,5.4552,41.381,20.154,41.515,30.713,35.002
-3.6485,-19.678,-17.987,-2.6419,-8.6405,5.5547,41.411,20.244,41.45,30.905,35.097
-3.7458,-19.83,-18.168,-2.8463,-8.4238,5.7822,41.488,20.319,41.286,31.008,35.18
-3.8235,-19.965,-18.318,-2.9881,-8.2874,6.1042,41.554,20.326,41.216,30.86,35.331
-3.8883,-20.091,-18.435,-3.0748,-8.2393,6.4095,41.647,20.221,41.301,30.683,35.692
-3.9486,-20.223,-18.464,-3.1046,-8.3184,6.7589,41.715,20.047,41.389,30.712,35.978
-4.0097,-20.391,-18.34,-3.0927,-8.5501,7.1164,41.755,19.774,41.51,30.648,36.18
-4.0723,-20.492,-18.164,-3.0315,-8.9281,7.3922,41.791,19.483,41.574,30.519,36.083
-4.1163,-20.487,-17.944,-2.9335,-9.4232,7.5056,41.873,19.31,41.629,30.407,35.866
-4.1271,-20.344,-17.705,-2.8347,-9.9101,7.4864,41.879,19.217,41.832,30.433,35.756
-4.0989,-20.19,-17.422,-2.698,-10.302,7.3266,41.755,19.19,41.865,30.722,35.686
-4.0416,-19.986,-17.045,-2.6004,-10.56,7.0048,41.625,19.243,41.96,30.968,35.643
-3.9594,-19.765,-16.63,-2.5252,-10.622,6.5521,41.474,19.312,42.124,31.065,35.688
-3.8612,-19.548,-16.243,-2.4262,-10.527,6.0317,41.405,19.424,42.198,31.28,35.833
-3.7462,-19.248,-15.949,-2.2952,-10.312,5.5647,41.426,19.559,42.217,31.31,35.986
-3.6094,-18.907,-15.769,-2.157,-10.032,5.1864,41.481,19.652,42.187,31.041,36.229
-3.4481,-18.534,-15.682,-2.0543,-9.7193,4.9258,41.554,19.734,42.252,30.825,36.529
-3.2669,-18.146,-15.691,-2.0258,-9.4049,4.8156,41.627,19.714,42.33,30.597,36.837
-3.0727,-17.805,-15.778,-2.0894,-9.0639,4.791,41.689,19.575,42.36,30.54,37.068
-2.8613,-17.494,-15.924,-2.1705,-8.7215,4.7917,41.737,19.325,42.322,30.356,37.011
-2.6445,-17.23,-16.166,-2.2667,-8.4217,4.8478,41.752,19.019,42.234,30.141,36.776
-2.4344,-17.014,-16.492,-2.3976,-8.2328,5.0099,41.725,18.762,42.274,30.095,36.518
-2.2485,-16.829,-16.895,-2.5775,-8.1757,5.2535,41.735,18.617,42.385,30.188,36.298
-2.0846,-16.692,-17.306,-2.7596,-8.2823,5.5131,41.687,18.566,42.446,30.402,36.112
-1.9349,-16.598,-17.656,-2.8879,-8.5627,5.7294,41.525,18.616,42.504,30.615,36.093
-1.7899,-16.639,-17.876,-2.9691,-8.9788,5.9519,41.348,18.663,42.538,30.714,36.05
-1.6506,-16.911,-18.007,-3.0035,-9.4675,6.0916,41.139,18.741,42.427,30.899,36.107
-1.5255,-17.324,-18.193,-2.9905,-9.9371,6.1033,40.945,18.79,42.281,30.885,36.23
-1.4301,-17.623,-18.358,-2.9187,-10.315,6.0027,40.842,18.84,42.155,30.702,36.249
-1.3744,-17.792,-18.495,-2.8287,-10.6,5.8275,40.813,18.912,42.202,30.539,36.594
-1.3566,-17.851,-18.54,-2.7262,-10.751,5.6433,40.831,18.976,42.271,30.5,36.773
-1.3668,-17.896,-18.428,-2.594,-10.742,5.527,40.836,18.906,42.322,30.376,36.82
-1.3916,-18.003,-18.276,-2.4719,-10.598,5.5521,40.829,18.773,42.395,30.3,36.592
-1.4346,-18.151,-18.064,-2.3957,-10.369,5.7185,40.808,18.509,42.392,30.167,36.284
-1.5003,-18.318,-17.817,-2.3061,-10.112,6.0308,40.823,18.219,42.452,30.26,36.096
-1.5875,-18.521,-17.51,-2.1569,-9.8449,6.3957,40.777,18.004,42.475,30.496,35.949
-1.6879,-18.751,-17.127,-2.0363,-9.5632,6.7226,40.752,17.856,42.446,30.685,35.854
-1.7948,-18.96,-16.715,-1.937,-9.2704,7.0433,40.766,17.809,42.517,30.811,35.959
-1.9092,-19.143,-16.309,-1.8945,-9.0251,7.3198,40.693,17.85,42.625,31.065,36.027
-2.0257,-19.303,-15.993,-1.897,-8.8644,7.5166,40.53,17.903,42.698,31.138,36.115
-2.1408,-19.473,-15.797,-1.9257,-8.7957,7.5903,40.335,17.952,42.784,30.927,36.21
-2.2469,-19.633,-15.696,-2.0158,-8.8577,7.5398,40.144,18.018,42.881,30.746,36.46
-2.3414,-19.781,-15.677,-2.1818,-9.0682,7.3412,40.043,18.073,42.982,30.577,36.762
-2.426,-19.839,-15.761,-2.368,-9.4405,6.9988,40.048,18.158,43.072,30.541,36.931
-2.4982,-19.745,-15.898,-2.5279,-9.9121,6.5669,40.099,18.162,43.136,30.294,36.94
-2.56,-19.536,-16.135,-2.6031,-10.358,6.0697,40.163,18.025,43.169,30.079,36.832
-2.609,-19.31,-16.434,-2.6454,-10.724,5.6011,40.219,17.779,43.117,30.005,36.678
-2.649,-19.041,-16.837,-2.6472,-10.975,5.1922,40.286,17.464,43.148,30.083,36.602
-2.6729,-18.747,-17.246,-2.6278,-11.079,4.9466,40.358,17.208,43.123,30.239,36.55
-2.6839,-18.469,-17.6,-2.5788,-11.035,4.8601,40.422,17.055,43.116,30.401,36.606
-2.6891,-18.196,-17.851,-2.5076,-10.87,4.8785,40.441,17.009,43.094,30.53,36.661
-2.6928,-17.808,-17.997,-2.425,-10.613,4.9058,40.492,17.058,43.092,30.665,36.867
-2.6923,-17.322,-18.182,-2.3536,-10.325,4.9839,40.453,17.114,43.009,30.565,36.995
-2.6818,-16.807,-18.343,-2.2955,-10.02,5.1561,40.294,17.127,42.933,30.338,37.1
-2.6717,-16.293,-18.474,-2.2405,-9.6608,5.3726,40.178,17.15,42.976,30.162,37.453
-2.6736,-15.879,-18.556,-2.1484,-9.3096,5.6126,40.036,17.221,43.079,30.132,37.707
-2.6893,-15.606,-18.465,-2.0161,-9.0101,5.8538,39.906,17.284,43.127,29.975,37.781
-2.7065,-15.379,-18.306,-1.8799,-8.8112,6.0308,39.855,17.388,43.155,29.854,37.629
-2.7346,-15.202,-18.097,-1.7974,-8.7421,6.1302,39.877,17.38,43.142,29.731,37.372
-2.7807,-15.061,-17.85,-1.7887,-8.8108,6.1134,39.917,17.234,43,29.77,37.182
-2.848,-14.963,-17.542,-1.8211,-9.0492,6.0035,39.95,17.004,42.915,29.884,37.016
-2.9315,-15.028,-17.165,-1.8636,-9.4288,5.8291,39.967,16.685,42.872,29.969,36.913
-3.0201,-15.335,-16.77,-1.933,-9.8843,5.6973,39.983,16.424,42.876,30.078,36.894
-3.1131,-15.79,-16.36,-2.0554,-10.321,5.6494,39.958,16.242,42.946,30.285,36.994
-3.1998,-16.244,-16.028,-2.2073,-10.696,5.7096,39.874,16.17,42.974,30.338,36.998
-3.2853,-16.651,-15.819,-2.3291,-10.957,5.9338,39.85,16.235,42.973,30.121,37.074
-3.3681,-16.939,-15.719,-2.3912,-11.086,6.2941,39.786,16.325,42.916,29.989,37.251
-3.4542,-17.117,-15.677,-2.4171,-11.067,6.6901,39.614,16.421,42.931,29.892,37.528
-3.5405,-17.209,-15.717,-2.4237,-10.933,7.0582,39.462,16.534,43.013,29.868,37.762
-3.6088,-17.292,-15.811,-2.4014,-10.71,7.4138,39.291,16.585,43.058,29.633,37.746
-3.6608,-17.391,-15.991,-2.3405,-10.43,7.6901,39.17,16.645,43.092,29.464,37.622
-3.6855,-17.554,-16.247,-2.2702,-10.146,7.853,39.11,16.636,43.074,29.489,37.385
-3.6937,-17.799,-16.593,-2.1558,-9.838,7.8924,39.109,16.543,43.11,29.593,37.172
-3.6919,-18.049,-16.984,-2.0612,-9.5188,7.7851,39.115,16.352,43.172,29.622,37.019
-3.6731,-18.274,-17.31,-1.999,-9.2344,7.5455,39.114,16.094,43.193,29.72,36.902
-3.6244,-18.5,-17.548,-1.9269,-9.0639,7.1704,39.156,15.812,43.231,29.888,36.876
-3.5401,-18.736,-17.68,-1.82,-8.9953,6.7157,39.262,15.588,43.319,30.07,36.922
-3.4167,-18.985,-17.828,-1.7027,-9.0411,6.2538,39.369,15.459,43.291,29.943,37.003
-3.2628,-19.198,-17.988,-1.6086,-9.2371,5.8236,39.438,15.438,43.142,29.731,36.979
-3.1028,-19.198,-18.118,-1.5337,-9.6208,5.4522,39.553,15.5,43.053,29.6,37.249
-2.9489,-19.022,-18.195,-1.5066,-10.098,5.2251,39.589,15.534,43.041,29.539,37.498
-2.7908,-18.765,-18.156,-1.5113,-10.582,5.1613,39.502,15.674,43.148,29.381,37.664
-2.6239,-18.467,-18.031,-1.5131,-11.019,5.1732,39.326,15.82,43.178,29.245,37.556
-2.4543,-18.139,-17.849,-1.5492,-11.356,5.2399,39.188,15.926,43.195,29.184,37.331
-2.289,-17.797,-17.634,-1.6791,-11.521,5.3711,39.087,16.052,43.099,29.184,37.104
-2.138,-17.469,-17.416,-1.8303,-11.522,5.5359,39.061,16.095,43.097,29.29,37.007
-1.999,-17.154,-17.107,-1.9476,-11.378,5.6927,39.126,15.994,43.082,29.378,36.859
-1.8771,-16.841,-16.751,-2.0243,-11.156,5.8408,39.216,15.855,43.096,29.455,36.775
-1.7738,-16.422,-16.377,-2.0582,-10.886,5.9944,39.314,15.638,43.197,29.667,36.892
-1.6925,-15.891,-16.069,-2.0477,-10.605,6.1454,39.386,15.46,43.287,29.773,37.013
-1.6385,-15.236,-15.859,-1.9951,-10.295,6.2344,39.458,15.379,43.309,29.588,37.042
-1.6175,-14.63,-15.764,-1.9108,-9.953,6.2017,39.496,15.376,43.291,29.529,37.217
-1.6368,-14.167,-15.742,-1.82,-9.6289,6.0537,39.474,15.469,43.287,29.53,37.441
-1.6853,-13.839,-15.761,-1.7458,-9.3948,5.8513,39.459,15.57,43.323,29.497,37.742
-1.75,-13.665,-15.828,-1.673,-9.2877,5.683,39.461,15.733,43.371,29.314,37.801
-1.8219,-13.544,-15.945,-1.6057,-9.3021,5.6372,39.403,15.857,43.356,29.226,37.74
-1.9044,-13.475,-16.166,-1.5491,-9.4978,5.7456,39.176,15.968,43.341,29.318,37.525
-2.0092,-13.617,-16.499,-1.4626,-9.8475,6.0235,38.942,16.082,43.327,29.456,37.375
-2.1307,-13.988,-16.912,-1.3722,-10.278,6.4315,38.695,16.145,43.369,29.592,37.261
-2.2615,-14.45,-17.266,-1.2824,-10.684,6.8354,38.524,16.065,43.43,29.727,37.147
-2.3942,-14.892,-17.52,-1.214,-11.034,7.2129,38.443,15.911,43.487,29.926,37.058
-2.5246,-15.33,-17.659,-1.206,-11.29,7.5435,38.412,15.677,43.577,30.12,37.123
-2.6469,-15.767,-17.778,-1.226,-11.412,7.7546,38.391,15.378,43.605,30.068,37.125
-2.7541,-16.17,-17.932,-1.2729,-11.373,7.8572,38.329,15.134,43.566,29.853,37.058
-2.8481,-16.419,-18.045,-1.3414,-11.219,7.8682,38.277,14.961,43.592,29.764,37.193
-2.9213,-16.517,-18.126,-1.4728,-10.965,7.7669,38.252,14.884,43.611,29.721,37.473
-2.9694,-16.631,-18.104,-1.6027,-10.669,7.5179,38.226,14.941,43.677,29.579,37.627
-2.9923,-16.767,-17.988,-1.6815,-10.369,7.1633,38.201,14.994,43.749,29.389,37.46
-3.0026,-16.978,-17.836,-1.7052,-10.082,6.7284,38.211,15.121,43.815,29.337,37.185
-3.0125,-17.278,-17.644,-1.7182,-9.7775,6.2832,38.18,15.272,43.852,29.348,36.97
-3.0113,-17.563,-17.453,-1.7098,-9.4684,5.8937,38.036,15.387,43.843,29.449,36.716
-2.9935,-17.834,-17.165,-1.672,-9.241,5.6257,37.84,15.492,43.837,29.537,36.489
-2.9562,-18.124,-16.807,-1.627,-9.15,5.5215,37.631,15.52,43.866,29.542,36.248
-2.9021,-18.419,-16.408,-1.591,-9.1738,5.5549,37.504,15.428,43.927,29.642,36.213
-2.8464,-18.617,-16.074,-1.5571,-9.3353,5.6228,37.468,15.279,44.017,29.648,36.27
-2.7959,-18.62,-15.828,-1.525,-9.6892,5.7405,37.555,15.108,44.055,29.424,36.249
-2.7461,-18.431,-15.698,-1.4821,-10.165,5.9165,37.684,14.99,44.083,29.372,36.312
-2.6998,-18.166,-15.665,-1.4161,-10.653,6.1406,37.815,14.923,44.079,29.308,36.515
-2.6631,-17.836,-15.696,-1.3045,-11.065,6.3684,37.931,14.944,44.072,29.191,36.825
-2.6388,-17.457,-15.779,-1.2204,-11.413,6.5954,38.004,15.015,44.114,28.97,36.909
-2.6267,-17.086,-15.909,-1.159,-11.602,6.8015,38.042,15.123,44.139,28.79,36.764
-2.6211,-16.702,-16.101,-1.1103,-11.631,6.9858,38.01,15.257,44.134,28.888,36.506
-2.6374,-16.334,-16.405,-1.0983,-11.537,7.0464,38.024,15.458,44.116,29.03,36.252
-2.6808,-15.97,-16.801,-1.1054,-11.287,6.9962,38.016,15.635,44.111,29.171,36.212
-2.7437,-15.619,-17.141,-1.1345,-11.001,6.8694,37.951,15.768,44.071,29.304,36.163
-2.8263,-15.178,-17.406,-1.1907,-10.665,6.7256,37.806,15.873,44.078,29.44,36.189
-2.9125,-14.61,-17.567,-1.2824,-10.342,6.6398,37.665,15.859,44.134,29.608,36.344
-2.9856,-13.948,-17.68,-1.402,-9.9922,6.6579,37.506,15.754,44.22,29.488,36.366
-3.0415,-13.233,-17.832,-1.4801,-9.6407,6.839,37.387,15.593,44.303,29.328,36.311
-3.0962,-12.705,-17.985,-1.4924,-9.3818,7.1859,37.343,15.387,44.343,29.339,36.394
-3.1615,-12.315,-18.087,-1.49,-9.2967,7.5836,37.331,15.216,44.352,29.399,36.717
-3.2483,-12.072,-18.113,-1.4749,-9.323,7.9778,37.304,15.106,44.414,29.349,36.912
-3.3387,-12.019,-18.009,-1.4583,-9.4595,8.3449,37.287,15.044,44.464,29.307,36.881
-3.4113,-12.207,-17.874,-1.4333,-9.7482,8.6616,37.336,15.083,44.552,29.306,36.622
-3.4504,-12.644,-17.699,-1.4066,-10.128,8.8513,37.354,15.121,44.531,29.382,36.411
-3.4373,-13.119,-17.528,-1.3921,-10.531,8.9346,37.297,15.273,44.537,29.522,36.225
-3.3919,-13.566,-17.258,-1.3842,-10.881,8.9028,37.221,15.408,44.574,29.643,36.066
-3.3262,-13.994,-16.893,-1.3861,-11.182,8.733,37.207,15.495,44.551,29.658,35.848
-3.2494,-14.431,-16.49,-1.3449,-11.358,8.4013,37.087,15.59,44.588,29.778,35.855
-3.1742,-14.842,-16.145,-1.2458,-11.371,7.9926,36.879,15.651,44.644,29.739,35.95
-3.0987,-15.187,-15.89,-1.1645,-11.242,7.5561,36.705,15.623,44.733,29.531,35.943
-3.0137,-15.464,-15.743,-1.1081,-10.978,7.1327,36.541,15.534,44.801,29.427,35.95
-2.9103,-15.604,-15.696,-1.0802,-10.685,6.8021,36.37,15.36,44.894,29.361,36.114
-2.7877,-15.741,-15.717,-1.0797,-10.367,6.6201,36.3,15.216,44.998,29.248,36.381
-2.6393,-15.915,-15.794,-1.0914,-10.065,6.5999,36.298,15.133,45.1,29.124,36.472
-2.4854,-16.155,-15.923,-1.1333,-9.7535,6.6711,36.306,15.109,45.121,28.957,36.286
-2.3431,-16.495,-16.105,-1.208,-9.443,6.7144,36.327,15.148,45.044,28.987,36.041
-2.2269,-16.842,-16.383,-1.276,-9.2429,6.793,36.366,15.212,44.937,29.033,35.766
-2.1413,-17.196,-16.754,-1.3486,-9.1731,6.9717,36.442,15.277,44.85,29.076,35.65
-2.0746,-17.55,-17.101,-1.39,-9.2312,7.1844,36.459,15.395,44.708,29.174,35.57
-2.0178,-17.783,-17.369,-1.3649,-9.4199,7.4151,36.423,15.503,44.638,29.323,35.548
-1.9714,-17.798,-17.545,-1.3456,-9.7677,7.6771,36.442,15.59,44.653,29.556,35.654
-1.9429,-17.632,-17.662,-1.3174,-10.24,7.9006,36.394,15.711,44.694,29.507,35.775
-1.9407,-17.37,-17.81,-1.2761,-10.739,8.0599,36.187,15.742,44.691,29.416,35.783
-1.9688,-17.06,-17.949,-1.2502,-11.176,8.0607,35.986,15.648,44.73,29.382,35.861
-2.0247,-16.68,-18.054,-1.2142,-11.512,7.9509,35.855,15.501,44.742,29.385,36.101
-2.1092,-16.283,-18.078,-1.2006,-11.707,7.8259,35.777,15.292,44.784,29.325,36.301
-2.2076,-15.875,-17.998,-1.2287,-11.747,7.7147,35.747,15.157,44.824,29.285,36.317
-2.3019,-15.468,-17.869,-1.2342,-11.614,7.6808,35.814,15.066,44.841,29.34,36.21
-2.3965,-15.054,-17.69,-1.163,-11.395,7.7626,35.843,15.038,44.878,29.416,36.036
-2.4933,-14.663,-17.523,-1.0449,-11.119,7.9822,35.814,15.13,44.848,29.412,35.85
-2.5942,-14.276,-17.266,-0.9373,-10.799,8.3363,35.783,15.211,44.806,29.436,35.756
-2.7041,-13.819,-16.918,-0.88908,-10.449,8.7099,35.812,15.323,44.629,29.398,35.668
-2.8202,-13.286,-16.545,-0.87967,-10.061,9.0707,35.82,15.433,44.54,29.544,35.652
-2.9291,-12.687,-16.189,-0.86617,-9.6845,9.4004,35.776,15.532,44.543,29.588,35.862
-3.0195,-12.039,-15.921,-0.87427,-9.4345,9.6393,35.78,15.642,44.534,29.489,35.777
-3.0783,-11.455,-15.761,-0.90587,-9.31,9.7729,35.766,15.768,44.534,29.473,35.692
-3.1064,-11.024,-15.694,-0.95653,-9.3353,9.8167,35.626,15.826,44.57,29.49,35.828
-3.1153,-10.811,-15.704,-1.0201,-9.4942,9.7518,35.373,15.743,44.61,29.396,36.018
-3.1061,-10.937,-15.765,-1.0866,-9.7673,9.5336,35.165,15.589,44.641,29.262,36.083
-3.0895,-11.378,-15.873,-1.1367,-10.157,9.1725,34.984,15.386,44.654,29.198,35.891
-3.0592,-11.841,-16.047,-1.1215,-10.588,8.7433,34.838,15.284,44.708,29.214,35.588
-3.0196,-12.288,-16.286,-1.107,-10.953,8.3029,34.761,15.266,44.651,29.214,35.328
-2.9794,-12.733,-16.609,-1.0871,-11.233,7.9038,34.726,15.317,44.611,29.255,35.088
-2.9261,-13.173,-16.952,-1.0619,-11.386,7.572,34.707,15.439,44.587,29.33,34.837
-2.8521,-13.564,-17.221,-1.0308,-11.414,7.3956,34.635,15.57,44.484,29.47,34.63
-2.762,-13.896,-17.405,-0.99953,-11.304,7.3927,34.596,15.698,44.457,29.692,34.591
-2.6684,-14.188,-17.507,-1.0156,-11.091,7.4682,34.564,15.835,44.489,29.654,34.552
-2.584,-14.445,-17.625,-1.0803,-10.833,7.5752,34.498,15.938,44.452,29.581,34.473
-2.5212,-14.652,-17.758,-1.1326,-10.547,7.7284,34.423,16.076,44.433,29.626,34.479
-2.47,-14.846,-17.866,-1.1241,-10.263,7.9378,34.43,16.124,44.397,29.576,34.66
-2.4325,-15.045,-17.899,-1.0898,-9.9767,8.1251,34.34,16.038,44.367,29.504,34.863
-2.3997,-15.304,-17.845,-1.0291,-9.6907,8.3201,34.124,15.87,44.369,29.435,34.894
-2.3718,-15.658,-17.724,-0.95558,-9.482,8.5533,33.894,15.647,44.388,29.471,34.866
-2.3557,-16.062,-17.548,-0.93543,-9.3875,8.7506,33.689,15.442,44.473,29.544,34.706
-2.3547,-16.501,-17.384,-0.91597,-9.4216,8.8883,33.51,15.374,44.485,29.539,34.545
-2.3682,-16.772,-17.193,-0.88319,-9.5898,8.883,33.381,15.384,44.485,29.565,34.489
-2.408,-16.858,-16.9,-0.88572,-9.9277,8.7489,33.359,15.445,44.5,29.642,34.385
-2.4581,-16.755,-16.567,-0.94906,-10.412,8.6136,33.408,15.535,44.399,29.82,34.336
-2.5196,-16.566,-16.222,-1.0136,-10.903,8.4954,33.441,15.606,44.4,29.947,34.494
-2.5817,-16.288,-15.949,-1.0535,-11.336,8.5061,33.469,15.682,44.455,29.943,34.57
-2.6418,-15.939,-15.77,-1.0705,-11.678,8.6396,33.547,15.776,44.482,29.988,34.576
-2.7017,-15.551,-15.711,-1.0392,-11.898,8.9562,33.606,15.877,44.602,30.002,34.811
-2.7593,-15.173,-15.703,-1.0057,-11.958,9.3411,33.573,16.012,44.74,30.036,35.025
-2.8072,-14.766,-15.738,-0.95624,-11.859,9.703,33.571,16.034,44.791,29.942,35.251
-2.8524,-14.359,-15.825,-0.92282,-11.623,10.06,33.573,15.929,44.752,29.907,35.203
-2.8922,-13.958,-15.971,-0.90241,-11.325,10.363,33.45,15.772,44.722,29.903,35.009
-2.9241,-13.564,-16.182,-0.89472,-10.998,10.553,33.298,15.592,44.742,29.906,34.873
-2.9451,-13.212,-16.486,-0.94702,-10.661,10.632,33.108,15.5,44.707,30.007,34.802
-2.9517,-12.774,-16.834,-1.0281,-10.292,10.595,32.92,15.504,44.718,30.098,34.685
-2.9428,-12.263,-17.112,-1.0975,-9.9383,10.456,32.795,15.575,44.646,30.126,34.532
-2.9192,-11.665,-17.295,-1.0903,-9.702,10.184,32.732,15.674,44.578,30.165,34.57
-2.8824,-11.074,-17.379,-1.0598,-9.6017,9.779,32.754,15.783,44.577,30.063,34.656
-2.8369,-10.528,-17.467,-1.0052,-9.657,9.2944,32.757,15.857,44.597,29.954,34.587
-2.7879,-10.178,-17.618,-0.96779,-9.8211,8.8484,32.743,15.943,44.525,30.017,34.664
-2.7353,-10.188,-17.735,-0.92002,-10.088,8.4413,32.744,16.055,44.57,30.026,34.831
-2.6797,-10.495,-17.776,-0.88154,-10.418,8.1481,32.677,16.148,44.587,30.057,35.12
-2.624,-10.914,-17.728,-0.83689,-10.775,8.0303,32.568,16.178,44.55,29.96,35.189
-2.5674,-11.364,-17.615,-0.83195,-11.104,8.0778,32.451,16.084,44.49,29.936,35.023
-2.516,-11.816,-17.436,-0.89323,-11.404,8.1258,32.376,15.92,44.468,30.012,34.836
-2.467,-12.236,-17.266,-0.95694,-11.587,8.2078,32.237,15.718,44.431,30.038,34.686
-2.4318,-12.614,-17.084,-0.98544,-11.646,8.3651,32.011,15.481,44.358,30.135,34.545
-2.4203,-12.931,-16.812,-0.97487,-11.579,8.5742,31.824,15.347,44.339,30.172,34.37
-2.4246,-13.205,-16.466,-0.93981,-11.405,8.7944,31.595,15.247,44.28,30.223,34.142
-2.4362,-13.452,-16.118,-0.91745,-11.155,9.0319,31.412,15.221,44.233,30.327,34.091
-2.4484,-13.7,-15.843,-0.87645,-10.878,9.2857,31.299,15.271,44.274,30.308,34.09
-2.4658,-13.909,-15.634,-0.84536,-10.605,9.492,31.266,15.359,44.337,30.426,33.898
-2.4979,-14.126,-15.525,-0.8208,-10.327,9.5521,31.277,15.451,44.426,30.489,33.921
-2.5553,-14.354,-15.491,-0.80137,-10.072,9.5136,31.271,15.552,44.518,30.502,34.165
-2.6326,-14.686,-15.521,-0.85107,-9.8962,9.3835,31.239,15.642,44.556,30.424,34.288
-2.7194,-15.092,-15.595,-0.93455,-9.827,9.2781,31.213,15.722,44.595,30.348,34.181
-2.8007,-15.54,-15.718,-1.0319,-9.8824,9.2299,31.155,15.738,44.647,30.354,33.975
-2.8703,-15.832,-15.924,-1.0361,-10.079,9.3191,31.091,15.664,44.762,30.374,33.807
-2.9292,-15.945,-16.234,-1.0147,-10.409,9.5307,31.11,15.493,44.864,30.368,33.705
-2.9911,-15.926,-16.607,-0.99262,-10.882,9.878,31.05,15.315,44.896,30.435,33.661
-3.056,-15.797,-16.911,-0.95303,-11.377,10.251,30.902,15.233,44.996,30.492,33.441
-3.111,-15.584,-17.104,-0.88607,-11.79,10.608,30.733,15.251,44.933,30.587,33.413
-3.1518,-15.3,-17.186,-0.81847,-12.119,10.946,30.551,15.322,44.951,30.646,33.575
-3.1723,-14.985,-17.263,-0.77897,-12.324,11.211,30.354,15.452,45.033,30.649,33.501
-3.1788,-14.626,-17.408,-0.80264,-12.392,11.356,30.206,15.565,45.078,30.708,33.516
-3.176,-14.252,-17.534,-0.85974,-12.301,11.4,30.146,15.635,45.129,30.699,33.68
-3.1538,-13.853,-17.592,-0.91521,-12.109,11.314,30.147,15.728,45.188,30.69,33.979
-3.1091,-13.45,-17.542,-0.95784,-11.846,11.086,30.156,15.804,45.196,30.642,34.135
-3.046,-13.035,-17.421,-0.94033,-11.529,10.708,30.191,15.891,45.213,30.705,34.016
-2.9774,-12.67,-17.26,-0.90501,-11.197,10.233,30.254,15.99,45.269,30.79,33.854
-2.9095,-12.342,-17.08,-0.87642,-10.822,9.7103,30.285,16.017,45.375,30.775,33.74
-2.8375,-11.912,-16.91,-0.83285,-10.476,9.251,30.222,15.925,45.382,30.785,33.642
-2.76,-11.386,-16.621,-0.81649,-10.223,8.8453,30.151,15.753,45.334,30.836,33.499
-2.6723,-10.796,-16.256,-0.80939,-10.084,8.591,30.079,15.608,45.359,30.682,33.406
-2.5825,-10.266,-15.899,-0.79906,-10.091,8.5187,29.881,15.565,45.213,30.569,33.435
-2.4971,-9.9147,-15.632,-0.82909,-10.226,8.5688,29.697,15.594,45.186,30.477,33.444
-2.4276,-9.8032,-15.426,-0.8909,-10.477,8.6106,29.537,15.664,45.196,30.516,33.314
-2.3694,-9.9466,-15.328,-0.94164,-10.806,8.6624,29.392,15.717,45.167,30.622,33.236
-2.3095,-10.168,-15.287,-0.94675,-11.178,8.7773,29.253,15.803,45.226,30.649,33.453
-2.249,-10.537,-15.322,-0.9225,-11.509,8.934,29.161,15.881,45.304,30.537,33.638
-2.1996,-10.995,-15.397,-0.9175,-11.794,9.1277,29.148,16.021,45.393,30.505,33.669
-2.175,-11.431,-15.527,-0.87236,-11.978,9.383,29.15,16.135,45.473,30.476,33.534
-2.161,-11.808,-15.704,-0.77918,-12.013,9.6458,29.17,16.246,45.503,30.562,33.423
-2.1453,-12.123,-15.99,-0.67835,-11.925,9.8069,29.236,16.369,45.422,30.575,33.299
-2.1324,-12.391,-16.366,-0.60306,-11.761,9.8446,29.262,16.354,45.316,30.586,33.288
-2.1376,-12.655,-16.678,-0.56542,-11.541,9.753,29.205,16.272,45.27,30.59,33.126
-2.1685,-12.921,-16.881,-0.56553,-11.264,9.6109,29.139,16.175,45.174,30.514,32.958
-2.2281,-13.151,-16.979,-0.5844,-10.998,9.5074,29.108,16.082,45.001,30.518,33.047
-2.293,-13.336,-17.057,-0.59048,-10.751,9.529,29.006,16.047,44.949,30.547,33.028
-2.3317,-13.574,-17.178,-0.56334,-10.501,9.6981,28.831,16.04,44.951,30.663,32.914
-2.3408,-13.882,-17.303,-0.51844,-10.329,9.9949,28.657,16.118,44.934,30.752,33.109
-2.3432,-14.318,-17.365,-0.47823,-10.273,10.346,28.5,16.242,44.966,30.804,33.31
-2.3631,-14.759,-17.333,-0.4489,-10.327,10.692,28.345,16.34,44.937,30.802,33.505
-2.3996,-15.047,-17.215,-0.45317,-10.519,11.057,28.239,16.429,44.943,30.822,33.351
-2.4407,-15.2,-17.066,-0.46031,-10.85,11.387,28.192,16.497,44.979,30.82,33.18
-2.4807,-15.251,-16.885,-0.47132,-11.299,11.624,28.158,16.573,44.983,30.82,33.06
-2.5178,-15.222,-16.738,-0.53212,-11.765,11.746,28.124,16.717,45.011,30.797,32.934
-2.5561,-15.094,-16.494,-0.60135,-12.173,11.755,28.127,16.78,45,30.737,32.834
-2.5837,-14.892,-16.161,-0.69593,-12.499,11.613,28.194,16.729,44.992,30.724,32.682
-2.5841,-14.643,-15.789,-0.74857,-12.718,11.299,28.156,16.586,44.884,30.628,32.724
-2.56,-14.36,-15.483,-0.76423,-12.792,10.886,28.064,16.44,44.669,30.597,32.844
-2.529,-14.043,-15.261,-0.7707,-12.735,10.429,28.009,16.336,44.621,30.647,32.726
-2.5176,-13.71,-15.131,-0.77171,-12.556,10.014,27.913,16.333,44.566,30.778,32.807
-2.5285,-13.334,-15.09,-0.72964,-12.295,9.6306,27.702,16.398,44.575,30.778,32.968
-2.5525,-12.953,-15.116,-0.66776,-11.965,9.3256,27.528,16.505,44.644,30.891,33.217
-2.5759,-12.604,-15.163,-0.61669,-11.658,9.1735,27.362,16.605,44.686,30.971,33.234
-2.5889,-12.308,-15.272,-0.59185,-11.317,9.1702,27.214,16.655,44.734,31.042,33.078
-2.5903,-12.013,-15.451,-0.57833,-10.977,9.1586,27.106,16.765,44.737,31.048,32.968
-2.5905,-11.602,-15.742,-0.57153,-10.711,9.1514,27.078,16.898,44.747,30.975,32.905
-2.5998,-11.104,-16.113,-0.57619,-10.55,9.2495,27.114,17.063,44.716,30.847,32.87
-2.6244,-10.582,-16.442,-0.56449,-10.532,9.4116,27.153,17.139,44.617,30.744,32.776
-2.6625,-10.3,-16.655,-0.53297,-10.624,9.6273,27.231,17.128,44.572,30.563,32.538
-2.7119,-10.243,-16.77,-0.49864,-10.827,9.9046,27.338,17.05,44.488,30.482,32.533
-2.7681,-10.285,-16.866,-0.47887,-11.122,10.199,27.347,16.945,44.362,30.556,32.459
-2.8201,-10.378,-17.015,-0.4852,-11.447,10.432,27.304,16.874,44.351,30.626,32.279
-2.8644,-10.559,-17.146,-0.51122,-11.737,10.532,27.251,16.894,44.283,30.665,32.377
-2.906,-10.857,-17.249,-0.5329,-11.979,10.493,27.204,16.98,44.256,30.717,32.631
-2.9569,-11.232,-17.269,-0.59681,-12.13,10.35,27.1,17.077,44.202,30.757,32.818
-3.0215,-11.603,-17.18,-0.66644,-12.145,10.249,27.02,17.158,44.138,30.837,32.687
-3.0838,-11.91,-17.042,-0.73524,-12.038,10.207,26.93,17.224,44.107,30.87,32.492
-3.1372,-12.179,-16.859,-0.79729,-11.864,10.324,26.814,17.294,44.108,30.874,32.319
-3.1693,-12.446,-16.708,-0.82841,-11.645,10.564,26.706,17.416,44.169,30.849,32.201
-3.1873,-12.712,-16.499,-0.81525,-11.408,10.909,26.591,17.532,44.19,30.84,32.262
-3.191,-12.95,-16.19,-0.78141,-11.174,11.229,26.502,17.651,44.136,30.905,32.172
-3.191,-13.146,-15.851,-0.72063,-10.929,11.549,26.474,17.679,44.173,30.746,32.12
-3.1975,-13.344,-15.56,-0.65858,-10.695,11.896,26.517,17.578,44.02,30.788,32.213
-3.1975,-13.616,-15.32,-0.6046,-10.527,12.215,26.637,17.438,43.877,30.86,32.071
-3.1805,-13.966,-15.18,-0.54728,-10.445,12.46,26.714,17.296,43.88,30.868,32.027
-3.1479,-14.315,-15.13,-0.49364,-10.48,12.598,26.672,17.248,43.967,30.952,32.222
-3.1004,-14.553,-15.157,-0.45324,-10.655,12.6,26.611,17.235,44.06,31.031,32.513
-3.0336,-14.681,-15.193,-0.42973,-10.985,12.408,26.572,17.242,44.173,31.178,32.602
-2.9499,-14.755,-15.296,-0.40326,-11.424,12.018,26.395,17.292,44.294,31.283,32.441
-2.854,-14.765,-15.434,-0.39563,-11.886,11.523,26.176,17.35,44.325,31.223,32.293
-2.7601,-14.689,-15.66,-0.38795,-12.307,10.982,25.988,17.397,44.299,31.121,32.285
-2.6783,-14.546,-15.975,-0.39567,-12.638,10.538,25.807,17.514,44.258,30.99,32.317
-2.5988,-14.379,-16.295,-0.42437,-12.878,10.165,25.659,17.655,44.222,30.914,32.259
-2.5162,-14.17,-16.524,-0.45285,-12.951,9.9294,25.574,17.813,44.22,30.727,32.096
-2.4328,-13.924,-16.639,-0.49245,-12.873,9.8656,25.546,17.967,44.276,30.57,32.103
-2.349,-13.642,-16.72,-0.56019,-12.682,9.8462,25.539,17.995,44.172,30.623,32.101
-2.2626,-13.312,-16.816,-0.63368,-12.439,9.835,25.56,17.978,44.094,30.725,31.99
-2.1725,-12.978,-16.952,-0.71432,-12.139,9.8129,25.611,17.963,44.108,30.817,32.064
-2.083,-12.66,-17.044,-0.79315,-11.84,9.8794,25.683,17.967,44.103,30.928,32.373
-2.0106,-12.363,-17.057,-0.86556,-11.523,10.035,25.688,18.027,44.108,31.07,32.603
-1.9555,-12.108,-16.974,-0.89017,-11.205,10.246,25.652,18.121,44.178,31.222,32.578
-1.9087,-11.781,-16.847,-0.85787,-10.985,10.516,25.645,18.247,44.198,31.259,32.393
-1.8638,-11.333,-16.682,-0.79409,-10.874,10.815,25.568,18.383,44.208,31.243,32.368
-1.8281,-10.847,-16.544,-0.70238,-10.866,11.018,25.409,18.51,44.172,31.143,32.34
-1.7983,-10.6,-16.372,-0.62237,-10.991,11.024,25.276,18.667,44.211,31.067,32.381
-1.7886,-10.595,-16.106,-0.51499,-11.211,10.853,25.149,18.851,44.247,31.137,32.231
-1.7949,-10.612,-15.767,-0.41293,-11.519,10.654,25.02,18.972,44.282,31.089,32.098
-1.8132,-10.632,-15.476,-0.33052,-11.85,10.567,24.934,19.064,44.256,31.033,32.201
-1.8389,-10.695,-15.241,-0.27776,-12.139,10.613,24.887,19.107,44.113,31.184,32.185
-1.8669,-10.875,-15.093,-0.23122,-12.394,10.825,24.874,18.995,44.029,31.269,32.109
-1.8858,-11.096,-15.032,-0.20557,-12.593,11.172,24.852,18.899,44.038,31.419,32.26
-1.8965,-11.359,-15.037,-0.18161,-12.654,11.52,24.892,18.816,44.042,31.604,32.489
-1.9121,-11.655,-15.076,-0.19037,-12.582,11.842,25.011,18.747,44.099,31.949,32.626
-1.9423,-11.93,-15.168,-0.21142,-12.388,12.147,25.057,18.732,44.247,32.19,32.461
-1.9968,-12.205,-15.32,-0.23453,-12.15,12.439,25.013,18.771,44.319,32.222,32.294
-2.0661,-12.463,-15.579,-0.29193,-11.88,12.732,24.944,18.794,44.332,32.176,32.16
-2.1365,-12.704,-15.904,-0.37033,-11.619,12.945,24.872,18.858,44.3,32.155,32.097
-2.1905,-12.901,-16.25,-0.4607,-11.359,13.011,24.696,18.898,44.3,32.119,31.991
-2.2239,-13.08,-16.505,-0.57663,-11.14,12.93,24.53,18.95,44.32,31.999,31.911
-2.259,-13.366,-16.634,-0.68833,-10.975,12.682,24.337,19.045,44.326,31.827,31.888
-2.2979,-13.717,-16.711,-0.76214,-10.901,12.267,24.154,19.072,44.266,31.875,31.936
-2.346,-14.081,-16.788,-0.79238,-10.946,11.731,24.009,19.132,44.143,31.963,31.835
-2.401,-14.295,-16.911,-0.76545,-11.097,11.253,23.891,19.144,44.158,31.966,31.857
-2.46,-14.413,-16.997,-0.70461,-11.349,10.842,23.83,19.091,44.21,31.945,32.123
-2.519,-14.514,-17.005,-0.63507,-11.709,10.527,23.79,19.071,44.162,32.093,32.39
-2.5818,-14.57,-16.92,-0.54703,-12.125,10.36,23.794,19.074,44.197,32.206,32.468
-2.6464,-14.547,-16.773,-0.44456,-12.507,10.355,23.857,19.126,44.275,32.304,32.397
-2.6962,-14.495,-16.61,-0.35038,-12.799,10.353,23.862,19.228,44.313,32.275,32.335
-2.7319,-14.413,-16.475,-0.26986,-13.013,10.312,23.788,19.355,44.323,32.207,32.248
-2.7588,-14.279,-16.295,-0.2092,-13.069,10.234,23.737,19.461,44.302,32.079,32.164
-2.7966,-14.099,-16.001,-0.18439,-12.994,10.3,23.667,19.521,44.323,31.976,31.981
-2.8456,-13.883,-15.629,-0.16282,-12.849,10.484,23.511,19.573,44.277,31.782,31.831
-2.903,-13.618,-15.297,-0.15071,-12.621,10.74,23.342,19.688,44.202,31.634,31.89
-2.964,-13.326,-15.05,-0.17682,-12.321,11.024,23.183,19.811,44.027,31.763,31.933
-3.0194,-13.046,-14.889,-0.23209,-11.98,11.242,23.038,19.98,43.858,31.795,31.835
-3.0616,-12.804,-14.846,-0.29244,-11.625,11.339,22.912,20.105,43.852,31.795,32.024
-3.0878,-12.563,-14.856,-0.36305,-11.285,11.285,22.785,20.145,43.816,31.914,32.259
-3.1046,-12.291,-14.9,-0.40623,-11.03,11.08,22.703,20.081,43.794,32.18,32.458
-3.1222,-11.9,-14.98,-0.46923,-10.924,10.951,22.68,20.045,43.922,32.31,32.4
-3.1508,-11.477,-15.107,-0.5567,-10.954,10.948,22.696,20.023,44.003,32.274,32.233
-3.1889,-11.278,-15.318,-0.65121,-11.102,11.085,22.776,20.038,43.997,32.17,32.04
-3.2265,-11.288,-15.614,-0.72791,-11.336,11.359,22.87,20.107,43.973,32.105,31.916
-3.2451,-11.298,-15.961,-0.76028,-11.587,11.721,22.856,20.172,43.928,32,31.775
-3.2415,-11.304,-16.244,-0.72753,-11.855,12.058,22.802,20.253,43.837,31.78,31.633
-3.226,-11.299,-16.435,-0.65208,-12.116,12.386,22.745,20.302,43.702,31.553,31.628
-3.2154,-11.373,-16.539,-0.55212,-12.329,12.703,22.588,20.363,43.739,31.531,31.681
-3.2074,-11.482,-16.647,-0.42902,-12.497,13.043,22.466,20.468,43.718,31.655,31.58
-3.1977,-11.63,-16.776,-0.2819,-12.553,13.364,22.367,20.62,43.584,31.72,31.599
-3.1816,-11.817,-16.861,-0.15362,-12.472,13.608,22.239,20.712,43.518,31.804,31.791
-3.1445,-12.051,-16.868,-0.068253,-12.318,13.67,22.105,20.703,43.443,32.087,32.076
-3.0926,-12.321,-16.813,-0.0078947,-12.074,13.526,21.985,20.644,43.387,32.286,32.19
-3.0351,-12.573,-16.701,0.022099,-11.789,13.172,21.893,20.599,43.383,32.527,32.068
-2.973,-12.805,-16.537,0.037626,-11.528,12.658,21.877,20.574,43.39,32.547,31.881
-2.8987,-13.002,-16.388,0.012578,-11.27,12.15,21.932,20.605,43.414,32.451,31.672
-2.8142,-13.208,-16.221,-0.033699,-11.054,11.734,22.055,20.715,43.39,32.378,31.482
-2.7241,-13.466,-15.95,-0.095494,-10.886,11.34,22.154,20.819,43.405,32.221,31.299
-2.6391,-13.816,-15.615,-0.15919,-10.79,11.05,22.138,20.85,43.365,32.063,31.092
-2.5532,-14.135,-15.302,-0.23174,-10.794,10.935,22.073,20.862,43.308,31.998,31.087
-2.4628,-14.304,-15.068,-0.3089,-10.915,10.914,21.994,20.869,43.363,32.079,31.181
-2.3651,-14.405,-14.892,-0.40584,-11.136,10.852,21.89,20.929,43.314,32.196,31.143
-2.2638,-14.521,-14.807,-0.54963,-11.457,10.777,21.733,20.991,43.19,32.282,31.298
-2.1656,-14.569,-14.79,-0.6744,-11.824,10.754,21.609,21.078,43.153,32.433,31.635
-2.0653,-14.564,-14.816,-0.7305,-12.191,10.837,21.505,21.149,43.128,32.759,31.932
-1.9564,-14.56,-14.89,-0.72467,-12.526,10.964,21.394,21.168,43.104,32.97,31.933
-1.8509,-14.529,-15.015,-0.66856,-12.742,11.146,21.306,21.109,43.164,33.074,31.806
-1.7571,-14.481,-15.209,-0.59887,-12.803,11.374,21.174,21.061,43.205,33.052,31.604
-1.6698,-14.386,-15.499,-0.50631,-12.74,11.537,21.053,20.994,43.176,32.923,31.463
-1.5938,-14.252,-15.858,-0.38351,-12.574,11.536,20.976,21.031,43.087,32.785,31.399
-1.539,-14.057,-16.139,-0.2255,-12.336,11.388,20.973,21.117,43.001,32.491,31.204
-1.4982,-13.863,-16.349,-0.095572,-12.026,11.157,21.048,21.146,42.91,32.215,31.2
-1.4719,-13.684,-16.441,-0.0075147,-11.724,11.04,21.043,21.176,42.834,32.107,31.38
-1.4541,-13.509,-16.509,0.052577,-11.428,11.051,20.95,21.242,42.8,32.209,31.327
-1.4498,-13.347,-16.632,0.080669,-11.148,11.218,20.897,21.314,42.657,32.304,31.362
-1.4603,-13.151,-16.728,0.072601,-10.971,11.515,20.827,21.399,42.478,32.421,31.58
-1.4901,-12.822,-16.743,0.04897,-10.894,11.851,20.69,21.463,42.435,32.644,31.87
-1.54,-12.479,-16.684,-0.0068953,-10.92,12.162,20.553,21.53,42.359,32.926,32.092
-1.6024,-12.35,-16.553,-0.078842,-11.031,12.467,20.445,21.571,42.311,33.128,32.042
-1.663,-12.371,-16.39,-0.15722,-11.233,12.798,20.349,21.567,42.374,33.132,31.961
-1.7276,-12.373,-16.247,-0.23965,-11.49,13.135,20.243,21.6,42.471,32.986,31.911
-1.8124,-12.387,-16.115,-0.30648,-11.763,13.409,20.146,21.667,42.465,32.782,31.804
-1.9158,-12.396,-15.878,-0.40368,-12.04,13.521,20.103,21.723,42.344,32.501,31.713
-2.0331,-12.421,-15.562,-0.5293,-12.285,13.456,20.09,21.806,42.241,32.215,31.665
-2.1528,-12.471,-15.261,-0.6414,-12.469,13.209,20.138,21.868,42.179,32.111,31.784
-2.2687,-12.538,-15.013,-0.73065,-12.512,12.818,20.271,21.909,42.166,32.052,31.898
-2.3808,-12.641,-14.827,-0.7679,-12.437,12.309,20.38,21.941,42.147,32.143,31.883
-2.493,-12.799,-14.73,-0.70127,-12.264,11.853,20.415,21.97,42.042,32.247,32.033
-2.6065,-13.005,-14.721,-0.60146,-12.023,11.495,20.403,22.071,41.971,32.359,32.342
-2.716,-13.215,-14.773,-0.4577,-11.727,11.186,20.391,22.176,42.011,32.642,32.666
-2.8179,-13.433,-14.85,-0.27127,-11.464,10.98,20.303,22.277,41.988,32.858,32.753
-2.9112,-13.649,-14.979,-0.094801,-11.238,10.931,20.23,22.353,42.038,32.871,32.702
-2.9927,-13.87,-15.204,0.042979,-11.037,10.882,20.176,22.357,42.255,32.815,32.575
-3.0594,-14.14,-15.518,0.14386,-10.872,10.812,20.089,22.345,42.411,32.606,32.387
-3.1226,-14.464,-15.891,0.21322,-10.785,10.767,20.017,22.361,42.444,32.468,32.305
-3.1901,-14.73,-16.206,0.2458,-10.802,10.812,19.948,22.379,42.419,32.233,32.131
-3.2546,-14.842,-16.422,0.26322,-10.916,10.966,19.866,22.377,42.388,32.127,31.987
-3.2963,-14.933,-16.528,0.22378,-11.129,11.155,19.806,22.391,42.385,32.093,32.077
-3.3103,-15.027,-16.633,0.15921,-11.421,11.353,19.771,22.399,42.448,32.187,31.985
-3.3107,-15.058,-16.777,0.088666,-11.793,11.524,19.807,22.379,42.459,32.335,31.926
-3.3158,-15.058,-16.909,-0.0050121,-12.16,11.602,19.918,22.381,42.387,32.54,32.059
-3.3344,-15.055,-16.959,-0.081197,-12.469,11.56,19.944,22.44,42.384,32.863,32.413
-3.3645,-15.056,-16.942,-0.14905,-12.664,11.405,19.903,22.503,42.424,33.261,32.597
-3.3916,-15.055,-16.852,-0.25776,-12.712,11.278,19.857,22.53,42.367,33.425,32.594
-3.3973,-15.008,-16.689,-0.43806,-12.659,11.231,19.743,22.57,42.413,33.488,32.444
-3.3865,-14.923,-16.561,-0.58444,-12.502,11.301,19.561,22.588,42.518,33.339,32.385
-3.3749,-14.789,-16.442,-0.67698,-12.292,11.502,19.392,22.602,42.591,33.176,32.369
-3.3698,-14.638,-16.206,-0.67732,-12.05,11.794,19.238,22.629,42.61,32.987,32.256
-3.3649,-14.489,-15.885,-0.6079,-11.774,12.071,19.106,22.67,42.562,32.721,32.155
-3.3583,-14.354,-15.578,-0.49216,-11.505,12.378,19.013,22.741,42.519,32.669,32.214
-3.3419,-14.22,-15.327,-0.37011,-11.25,12.742,18.933,22.802,42.457,32.624,32.292
-3.3185,-14.074,-15.141,-0.22141,-11.065,13.125,18.896,22.853,42.421,32.579,32.317
-3.2945,-13.758,-15.055,-0.05339,-10.973,13.495,18.882,22.881,42.346,32.587,32.427
-3.2694,-13.498,-15.058,0.072911,-10.97,13.764,18.92,22.934,42.166,32.777,32.717
-3.2448,-13.431,-15.104,0.15251,-11.08,13.833,19.035,22.993,42.124,33.103,33.048
-3.2057,-13.438,-15.18,0.18866,-11.279,13.685,19.111,23.079,42.098,33.4,33.179
-3.15,-13.45,-15.297,0.22143,-11.522,13.343,19.129,23.205,42.004,33.532,33.087
-3.0812,-13.466,-15.504,0.22222,-11.794,12.883,19.117,23.342,42.005,33.492,33.003
