-0.009875,-0.046938,-0.089278,-0.1193,-0.16011,-0.21674,-0.26056,-0.33038,-0.36926,-0.32342,-0.35084
-0.012821,-0.11344,-0.17363,-0.24468,-0.3106,-0.42953,-0.53396,-0.62612,-0.73049,-0.71242,-0.68455
-0.04057,-0.16606,-0.25733,-0.3668,-0.46144,-0.64544,-0.80951,-0.95629,-1.1227,-1.0414,-1.0274
-0.044273,-0.22372,-0.35097,-0.48786,-0.59658,-0.87767,-1.0778,-1.2752,-1.4737,-1.3259,-1.4291
-0.044775,-0.28213,-0.45374,-0.62094,-0.74514,-1.1061,-1.3605,-1.5567,-1.7614,-1.6824,-1.7599
-0.046184,-0.33448,-0.53206,-0.73149,-0.92084,-1.2955,-1.62,-1.857,-2.1032,-2.02,-2.0529
-0.076658,-0.39769,-0.63053,-0.84454,-1.0652,-1.5158,-1.876,-2.1971,-2.4928,-2.3887,-2.4269
-0.094159,-0.46588,-0.7056,-0.98184,-1.2067,-1.7344,-2.1323,-2.4914,-2.8286,-2.7332,-2.7991
-0.092991,-0.52762,-0.79083,-1.1111,-1.3624,-1.954,-2.3962,-2.76,-3.1302,-3.0396,-3.0885
-0.080605,-0.5804,-0.87274,-1.2036,-1.5339,-2.1711,-2.6466,-3.0709,-3.4819,-3.3987,-3.4456
-0.10777,-0.64355,-0.95437,-1.2937,-1.6926,-2.3804,-2.9085,-3.3921,-3.817,-3.7776,-3.8128
-0.13908,-0.71174,-1.0201,-1.433,-1.8527,-2.5812,-3.1772,-3.6503,-4.1566,-4.0855,-4.1592
-0.14319,-0.75392,-1.112,-1.5668,-2.0111,-2.7983,-3.452,-3.9323,-4.4952,-4.3806,-4.5102
-0.12735,-0.81216,-1.2056,-1.6893,-2.161,-3.009,-3.6985,-4.2722,-4.8429,-4.7444,-4.8561
-0.14159,-0.87,-1.2927,-1.7841,-2.3216,-3.2082,-3.9369,-4.5754,-5.1895,-5.0995,-5.2066
-0.16972,-0.9084,-1.3631,-1.8899,-2.4809,-3.4095,-4.226,-4.8665,-5.5785,-5.4018,-5.6
-0.19318,-0.98629,-1.4212,-2.0389,-2.6253,-3.6079,-4.4941,-5.2094,-5.9129,-5.7727,-5.9877
-0.17715,-1.0382,-1.508,-2.1699,-2.7875,-3.8212,-4.7569,-5.5066,-6.1928,-6.117,-6.2879
-0.1833,-1.0781,-1.5994,-2.2936,-2.9533,-4.0159,-5.0435,-5.7769,-6.5455,-6.4645,-6.6105
-0.20468,-1.156,-1.6791,-2.4155,-3.1068,-4.2376,-5.3265,-6.1106,-6.8936,-6.826,-7.0044
-0.22602,-1.2175,-1.7496,-2.5334,-3.2637,-4.4394,-5.5719,-6.4397,-7.1852,-7.1613,-7.3639
-0.22937,-1.2636,-1.8294,-2.6592,-3.4144,-4.631,-5.8432,-6.7102,-7.5255,-7.5035,-7.6407
-0.22965,-1.3396,-1.9113,-2.7831,-3.5703,-4.8608,-6.1122,-7.0013,-7.8733,-7.9092,-8.0148
-0.24336,-1.3821,-1.9986,-2.9037,-3.7317,-5.091,-6.3749,-7.3034,-8.1826,-8.2849,-8.3812
-0.26116,-1.4164,-2.0842,-3.0238,-3.8674,-5.3075,-6.6393,-7.6185,-8.5184,-8.5749,-8.7527
-0.26739,-1.4758,-2.1797,-3.1561,-4.0169,-5.5272,-6.9096,-7.8852,-8.8558,-8.9226,-9.0878
-0.27968,-1.5168,-2.2645,-3.2697,-4.182,-5.7498,-7.171,-8.1952,-9.1664,-9.3,-9.4054
-0.291,-1.5459,-2.3496,-3.3765,-4.3519,-5.9747,-7.4304,-8.5291,-9.5366,-9.6148,-9.749
-0.29837,-1.5811,-2.4378,-3.5221,-4.5192,-6.1961,-7.6697,-8.8319,-9.9251,-9.9452,-10.158
-0.30261,-1.6399,-2.5408,-3.6623,-4.6779,-6.4132,-7.9548,-9.145,-10.229,-10.29,-10.523
-0.31805,-1.7019,-2.6338,-3.7522,-4.8377,-6.6251,-8.2425,-9.4649,-10.528,-10.64,-10.811
-0.34149,-1.741,-2.7299,-3.844,-5.006,-6.8422,-8.5091,-9.7609,-10.89,-11.015,-11.158
-0.3439,-1.7583,-2.8141,-3.9886,-5.1746,-7.0685,-8.7773,-10.06,-11.25,-11.346,-11.519
-0.33883,-1.7779,-2.9137,-4.1314,-5.3326,-7.2829,-9.0488,-10.386,-11.569,-11.666,-11.805
-0.34702,-1.8308,-2.991,-4.2532,-5.477,-7.4822,-9.3221,-10.695,-11.93,-12.045,-12.098
-0.38277,-1.9027,-3.0801,-4.3663,-5.646,-7.6825,-9.5848,-10.976,-12.239,-12.43,-12.455
-0.38737,-1.9465,-3.1699,-4.4854,-5.8162,-7.8846,-9.838,-11.286,-12.571,-12.728,-12.779
-0.38007,-1.9734,-3.2581,-4.6212,-5.9782,-8.0747,-10.11,-11.588,-12.916,-13.039,-13.113
-0.37601,-2.032,-3.3405,-4.7479,-6.1406,-8.2866,-10.369,-11.874,-13.249,-13.434,-13.442
-0.41019,-2.0982,-3.4197,-4.8774,-6.2812,-8.4995,-10.629,-12.159,-13.604,-13.801,-13.746
-0.43763,-2.1586,-3.5007,-5.0033,-6.4404,-8.7166,-10.898,-12.487,-14.001,-14.105,-14.098
-0.42812,-2.228,-3.556,-5.1146,-6.6137,-8.9343,-11.163,-12.801,-14.37,-14.464,-14.465
-0.41346,-2.2881,-3.6329,-5.2363,-6.7717,-9.1324,-11.411,-13.101,-14.676,-14.81,-14.786
-0.43839,-2.3483,-3.7239,-5.368,-6.9206,-9.3301,-11.673,-13.432,-15.008,-15.177,-15.081
-0.46228,-2.4208,-3.8155,-5.4936,-7.0763,-9.5576,-11.964,-13.736,-15.383,-15.532,-15.446
-0.47657,-2.49,-3.8811,-5.6175,-7.2486,-9.7677,-12.229,-14.015,-15.736,-15.886,-15.808
-0.45295,-2.5461,-3.9582,-5.7494,-7.4292,-9.9763,-12.497,-14.327,-16.019,-16.249,-16.086
-0.46719,-2.6023,-4.0419,-5.8622,-7.5984,-10.174,-12.785,-14.644,-16.381,-16.659,-16.449
-0.49133,-2.6689,-4.1345,-5.9783,-7.7533,-10.388,-13.051,-14.935,-16.719,-17.006,-16.794
-0.51039,-2.7168,-4.2134,-6.1251,-7.9178,-10.617,-13.314,-15.211,-17.075,-17.302,-17.127
-0.5042,-2.7663,-4.3035,-6.2615,-8.1006,-10.821,-13.582,-15.506,-17.417,-17.662,-17.474
-0.50764,-2.8292,-4.3975,-6.3656,-8.2711,-11.039,-13.85,-15.813,-17.769,-18.064,-17.827
-0.5202,-2.8611,-4.4883,-6.4597,-8.4152,-11.232,-14.1,-16.079,-18.091,-18.373,-18.178
-0.53895,-2.9059,-4.5733,-6.6046,-8.5725,-11.444,-14.376,-16.378,-18.458,-18.722,-18.564
-0.54194,-2.9753,-4.6693,-6.7484,-8.7454,-11.676,-14.65,-16.694,-18.796,-19.073,-18.927
-0.55041,-2.9927,-4.7792,-6.8719,-8.908,-11.895,-14.905,-16.984,-19.077,-19.428,-19.213
-0.56002,-3.0483,-4.8634,-6.989,-9.0628,-12.116,-15.163,-17.292,-19.397,-19.802,-19.541
-0.57023,-3.1122,-4.9507,-7.1154,-9.2148,-12.35,-15.402,-17.608,-19.762,-20.151,-19.941
-0.57199,-3.1448,-5.0327,-7.2502,-9.3808,-12.57,-15.684,-17.916,-20.068,-20.492,-20.28
-0.58994,-3.1879,-5.1265,-7.3795,-9.5495,-12.763,-15.958,-18.231,-20.397,-20.882,-20.559
-0.60352,-3.239,-5.2087,-7.513,-9.6902,-12.97,-16.223,-18.545,-20.73,-21.271,-20.914
-0.60953,-3.2724,-5.2822,-7.6397,-9.8493,-13.183,-16.513,-18.853,-21.034,-21.569,-21.253
-0.60425,-3.3015,-5.3649,-7.7623,-10.013,-13.374,-16.789,-19.147,-21.37,-21.899,-21.605
-0.61615,-3.3407,-5.4664,-7.8978,-10.176,-13.559,-17.052,-19.442,-21.698,-22.306,-21.936
-0.6478,-3.3861,-5.5489,-8.0341,-10.345,-13.763,-17.325,-19.74,-21.991,-22.641,-22.25
-0.65391,-3.4075,-5.6281,-8.1676,-10.516,-13.958,-17.585,-20.037,-22.344,-22.919,-22.607
-0.6463,-3.4442,-5.6927,-8.3049,-10.686,-14.163,-17.845,-20.307,-22.742,-23.286,-23.013
-0.64669,-3.4983,-5.7563,-8.4389,-10.848,-14.371,-18.103,-20.616,-23.058,-23.642,-23.363
-0.67879,-3.5395,-5.8366,-8.5545,-11.023,-14.559,-18.371,-20.941,-23.335,-24.014,-23.652
-0.70196,-3.5878,-5.9255,-8.6834,-11.196,-14.761,-18.628,-21.253,-23.692,-24.365,-24.01
-0.69676,-3.614,-6.0048,-8.832,-11.341,-14.99,-18.888,-21.566,-24.032,-24.681,-24.36
-0.6857,-3.6072,-6.0809,-8.9645,-11.501,-15.209,-19.129,-21.875,-24.334,-25.026,-24.642
-0.71073,-3.6646,-6.1524,-9.0528,-11.673,-15.427,-19.408,-22.187,-24.691,-25.401,-24.959
-0.73683,-3.7286,-6.2422,-9.1575,-11.829,-15.665,-19.693,-22.491,-24.998,-25.732,-25.309
-0.7518,-3.757,-6.3312,-9.3162,-11.993,-15.872,-19.952,-22.791,-25.306,-26.029,-25.622
-0.73402,-3.8001,-6.422,-9.4593,-12.15,-16.073,-20.233,-23.101,-25.655,-26.397,-25.96
-0.74999,-3.8458,-6.5062,-9.5763,-12.313,-16.299,-20.536,-23.392,-26.015,-26.778,-26.279
-0.77303,-3.8935,-6.5878,-9.6964,-12.484,-16.519,-20.781,-23.68,-26.355,-27.067,-26.596
-0.79021,-3.9599,-6.6765,-9.8255,-12.637,-16.727,-21.045,-23.978,-26.712,-27.425,-26.975
-0.78992,-4.0179,-6.7644,-9.9635,-12.78,-16.939,-21.325,-24.248,-27.092,-27.765,-27.337
-0.80115,-4.0673,-6.865,-10.088,-12.94,-17.153,-21.598,-24.542,-27.395,-28.118,-27.634
-0.81007,-4.122,-6.9535,-10.222,-13.115,-17.374,-21.859,-24.864,-27.699,-28.465,-27.931
-0.82968,-4.1832,-7.0552,-10.347,-13.287,-17.602,-22.133,-25.171,-28.072,-28.807,-28.313
-0.83809,-4.2458,-7.1337,-10.465,-13.456,-17.777,-22.41,-25.48,-28.419,-29.144,-28.68
-0.85047,-4.2979,-7.2335,-10.596,-13.619,-17.936,-22.687,-25.793,-28.735,-29.548,-28.957
-0.86084,-4.3473,-7.3058,-10.731,-13.768,-18.159,-22.925,-26.096,-29.066,-29.936,-29.328
-0.87209,-4.3927,-7.3933,-10.861,-13.935,-18.393,-23.179,-26.394,-29.356,-30.247,-29.697
-0.87444,-4.4393,-7.4866,-10.989,-14.117,-18.594,-23.471,-26.708,-29.666,-30.599,-30.051
-0.89544,-4.5013,-7.5733,-11.121,-14.263,-18.788,-23.735,-27.022,-30.001,-30.978,-30.409
-0.91317,-4.532,-7.6507,-11.241,-14.412,-19.005,-23.995,-27.323,-30.351,-31.273,-30.76
-0.91854,-4.5668,-7.7348,-11.36,-14.584,-19.211,-24.291,-27.609,-30.681,-31.582,-31.119
-0.91404,-4.6131,-7.8148,-11.5,-14.743,-19.42,-24.561,-27.909,-31.052,-31.929,-31.501
-0.9272,-4.6357,-7.8795,-11.632,-14.902,-19.631,-24.803,-28.219,-31.404,-32.286,-31.867
-0.96308,-4.6926,-7.9591,-11.726,-15.056,-19.842,-25.081,-28.485,-31.683,-32.647,-32.152
-0.96786,-4.7351,-8.0494,-11.827,-15.219,-20.055,-25.354,-28.768,-32.007,-32.979,-32.496
-0.96326,-4.7517,-8.134,-11.98,-15.395,-20.269,-25.593,-29.103,-32.369,-33.313,-32.906
-0.96222,-4.8035,-8.2082,-12.127,-15.537,-20.479,-25.871,-29.4,-32.691,-33.694,-33.239
-0.99711,-4.8521,-8.2858,-12.245,-15.682,-20.687,-26.148,-29.706,-33.012,-34.077,-33.525
-1.0248,-4.8741,-8.3577,-12.36,-15.856,-20.912,-26.4,-30.041,-33.354,-34.384,-33.891
-1.0191,-4.9128,-8.4457,-12.486,-16.027,-21.126,-26.648,-30.337,-33.653,-34.697,-34.223
-1.006,-4.948,-8.5304,-12.623,-16.189,-21.323,-26.907,-30.625,-33.993,-35.091,-34.549
-1.03,-4.984,-8.6248,-12.747,-16.355,-21.548,-27.196,-30.947,-34.345,-35.457,-34.897
-1.0565,-5.0099,-8.7102,-12.88,-16.52,-21.781,-27.474,-31.254,-34.661,-35.727,-35.236
-1.0763,-5.0451,-8.791,-13.005,-16.684,-22.022,-27.734,-31.532,-34.993,-36.094,-35.59
-1.0552,-5.0891,-8.8828,-13.117,-16.856,-22.259,-28.015,-31.838,-35.383,-36.455,-35.996
-1.0681,-5.1114,-8.983,-13.247,-17.035,-22.462,-28.302,-32.144,-35.703,-36.839,-36.338
-1.0937,-5.1668,-9.0689,-13.377,-17.18,-22.662,-28.559,-32.43,-35.971,-37.207,-36.629
-1.1148,-5.2188,-9.1621,-13.504,-17.332,-22.896,-28.807,-32.715,-36.323,-37.545,-36.99
-1.114,-5.2278,-9.2369,-13.629,-17.508,-23.097,-29.09,-33.038,-36.684,-37.87,-37.342
-1.1138,-5.2512,-9.3304,-13.756,-17.666,-23.289,-29.359,-33.355,-36.978,-38.27,-37.646
-1.1298,-5.3087,-9.4098,-13.875,-17.836,-23.504,-29.593,-33.66,-37.337,-38.614,-38.002
-1.1511,-5.3606,-9.4918,-13.99,-17.995,-23.704,-29.865,-33.971,-37.672,-38.9,-38.361
-1.1541,-5.419,-9.5828,-14.137,-18.154,-23.908,-30.151,-34.29,-37.987,-39.259,-38.682
-1.1653,-5.4657,-9.6726,-14.265,-18.34,-24.11,-30.421,-34.57,-38.326,-39.657,-39.035
-1.1794,-5.5068,-9.7578,-14.351,-18.49,-24.335,-30.657,-34.873,-38.658,-39.967,-39.392
-1.1905,-5.5738,-9.8382,-14.454,-18.631,-24.521,-30.921,-35.188,-38.966,-40.31,-39.729
-1.1985,-5.6471,-9.9205,-14.6,-18.79,-24.721,-31.22,-35.471,-39.326,-40.651,-40.107
-1.2084,-5.7126,-9.9745,-14.742,-18.96,-24.949,-31.493,-35.748,-39.696,-41.004,-40.479
-1.2361,-5.7705,-10.04,-14.854,-19.126,-25.169,-31.761,-36.043,-39.988,-41.377,-40.773
-1.244,-5.8286,-10.133,-14.965,-19.282,-25.395,-32.039,-36.349,-40.295,-41.734,-41.072
-1.2461,-5.8969,-10.23,-15.09,-19.451,-25.622,-32.301,-36.628,-40.668,-42.067,-41.47
-1.2527,-5.9706,-10.3,-15.22,-19.601,-25.842,-32.573,-36.916,-41.015,-42.445,-41.845
-1.2888,-6.0404,-10.378,-15.338,-19.77,-26.073,-32.846,-37.248,-41.291,-42.83,-42.141
-1.3047,-6.0892,-10.454,-15.459,-19.971,-26.299,-33.117,-37.54,-41.628,-43.13,-42.517
-1.3074,-6.1402,-10.543,-15.573,-20.121,-26.512,-33.364,-37.852,-41.936,-43.45,-42.874
-1.2999,-6.2109,-10.629,-15.685,-20.262,-26.741,-33.638,-38.167,-42.262,-43.83,-43.222
-1.3316,-6.2549,-10.726,-15.805,-20.442,-26.943,-33.91,-38.463,-42.593,-44.176,-43.59
-1.3649,-6.2941,-10.814,-15.926,-20.599,-27.15,-34.175,-38.749,-42.905,-44.439,-43.955
-1.3773,-6.3536,-10.894,-16.053,-20.759,-27.358,-34.41,-39.063,-43.232,-44.806,-44.323
-1.3672,-6.3669,-10.988,-16.174,-20.921,-27.564,-34.656,-39.376,-43.605,-45.159,-44.719
-1.3827,-6.4183,-11.088,-16.285,-21.071,-27.772,-34.957,-39.661,-43.945,-45.539,-45.08
-1.4172,-6.4728,-11.186,-16.405,-21.247,-27.967,-35.235,-39.96,-44.215,-45.905,-45.366
-1.4479,-6.4868,-11.269,-16.526,-21.409,-28.165,-35.485,-40.268,-44.541,-46.247,-45.717
-1.4402,-6.5364,-11.36,-16.655,-21.548,-28.383,-35.778,-40.573,-44.902,-46.581,-46.135
-1.4462,-6.5751,-11.445,-16.771,-21.708,-28.604,-36.055,-40.849,-45.197,-46.973,-46.46
-1.4737,-6.6018,-11.541,-16.86,-21.876,-28.839,-36.308,-41.154,-45.495,-47.317,-46.757
-1.5033,-6.6478,-11.619,-16.97,-22.043,-29.071,-36.581,-41.488,-45.848,-47.617,-47.131
-1.5202,-6.6829,-11.703,-17.114,-22.208,-29.277,-36.848,-41.771,-46.155,-47.982,-47.457
-1.5198,-6.7124,-11.793,-17.245,-22.374,-29.497,-37.089,-42.066,-46.476,-48.363,-47.779
-1.5428,-6.739,-11.898,-17.353,-22.528,-29.74,-37.355,-42.392,-46.807,-48.671,-48.124
-1.5622,-6.7824,-11.992,-17.468,-22.702,-29.959,-37.631,-42.687,-47.1,-49.02,-48.467
-1.5805,-6.8232,-12.068,-17.594,-22.884,-30.179,-37.894,-42.982,-47.432,-49.363,-48.822
-1.5919,-6.8469,-12.115,-17.721,-23.027,-30.408,-38.159,-43.307,-47.814,-49.714,-49.241
-1.61,-6.9036,-12.192,-17.841,-23.172,-30.624,-38.4,-43.618,-48.13,-50.089,-49.577
-1.6244,-6.9363,-12.296,-17.965,-23.35,-30.858,-38.666,-43.893,-48.407,-50.449,-49.861
-1.6363,-6.9691,-12.395,-18.075,-23.511,-31.095,-38.957,-44.195,-48.775,-50.792,-50.226
-1.6355,-7.0281,-12.471,-18.187,-23.669,-31.31,-39.208,-44.502,-49.115,-51.18,-50.578
-1.6675,-7.0445,-12.554,-18.317,-23.827,-31.479,-39.498,-44.777,-49.424,-51.564,-50.87
-1.6773,-7.0781,-12.642,-18.436,-23.978,-31.684,-39.801,-45.029,-49.785,-51.859,-51.201
-1.6846,-7.1547,-12.739,-18.56,-24.164,-31.915,-40.042,-45.358,-50.077,-52.202,-51.559
-1.6801,-7.2141,-12.827,-18.686,-24.314,-32.135,-40.294,-45.683,-50.385,-52.585,-51.869
-1.7015,-7.2582,-12.922,-18.799,-24.449,-32.34,-40.584,-45.97,-50.752,-52.909,-52.205
-1.732,-7.3162,-13.024,-18.919,-24.617,-32.556,-40.854,-46.306,-51.103,-53.189,-52.545
-1.7352,-7.3803,-13.118,-19.04,-24.792,-32.778,-41.103,-46.61,-51.429,-53.551,-52.874
-1.7254,-7.4552,-13.216,-19.174,-24.954,-32.991,-41.36,-46.885,-51.797,-53.906,-53.254
-1.7327,-7.5213,-13.316,-19.281,-25.128,-33.212,-41.638,-47.193,-52.18,-54.28,-53.621
-1.7677,-7.5733,-13.428,-19.371,-25.29,-33.431,-41.908,-47.518,-52.468,-54.636,-53.912
-1.7912,-7.6303,-13.518,-19.483,-25.436,-33.644,-42.147,-47.827,-52.765,-54.971,-54.206
-1.7778,-7.7084,-13.628,-19.625,-25.613,-33.859,-42.418,-48.106,-53.146,-55.345,-54.587
-1.7711,-7.7872,-13.712,-19.754,-25.791,-34.075,-42.707,-48.4,-53.492,-55.744,-54.935
-1.7995,-7.834,-13.814,-19.861,-25.94,-34.286,-42.962,-48.721,-53.796,-56.074,-55.223
-1.8214,-7.8886,-13.892,-19.977,-26.083,-34.518,-43.233,-48.98,-54.126,-56.389,-55.598
-1.8305,-7.9508,-13.978,-20.103,-26.257,-34.741,-43.532,-49.259,-54.437,-56.775,-55.967
-1.8078,-7.9925,-14.065,-20.226,-26.421,-34.959,-43.786,-49.601,-54.757,-57.14,-56.3
-1.8273,-8.0441,-14.167,-20.342,-26.576,-35.186,-44.052,-49.905,-55.112,-57.443,-56.657
-1.8507,-8.0977,-14.258,-20.464,-26.724,-35.414,-44.341,-50.189,-55.445,-57.806,-57
-1.8673,-8.1359,-14.337,-20.576,-26.88,-35.656,-44.61,-50.534,-55.785,-58.147,-57.348
-1.8618,-8.153,-14.408,-20.687,-27.063,-35.87,-44.865,-50.831,-56.181,-58.497,-57.736
-1.8631,-8.1947,-14.477,-20.811,-27.225,-36.086,-45.129,-51.121,-56.543,-58.856,-58.104
-1.8791,-8.2428,-14.571,-20.929,-27.352,-36.302,-45.403,-51.445,-56.824,-59.209,-58.369
-1.8991,-8.2918,-14.665,-21.046,-27.516,-36.512,-45.683,-51.752,-57.151,-59.558,-58.711
-1.8995,-8.3093,-14.748,-21.164,-27.704,-36.735,-45.917,-52.041,-57.51,-59.957,-59.116
-1.9092,-8.3426,-14.831,-21.274,-27.872,-36.944,-46.158,-52.323,-57.817,-60.335,-59.434
-1.9204,-8.3912,-14.922,-21.385,-28.035,-37.151,-46.43,-52.619,-58.124,-60.634,-59.72
-1.9292,-8.4304,-15.009,-21.501,-28.212,-37.358,-46.722,-52.91,-58.486,-60.99,-60.094
-1.9339,-8.4602,-15.1,-21.631,-28.366,-37.567,-46.957,-53.167,-58.792,-61.381,-60.42
-1.9422,-8.4775,-15.197,-21.734,-28.543,-37.783,-47.266,-53.479,-59.118,-61.69,-60.742
-1.9639,-8.5172,-15.298,-21.818,-28.738,-38.023,-47.551,-53.798,-59.477,-62.001,-61.108
-1.9652,-8.5526,-15.388,-21.928,-28.89,-38.217,-47.785,-54.083,-59.799,-62.364,-61.432
-1.9645,-8.5824,-15.481,-22.065,-29.035,-38.407,-48.065,-54.397,-60.116,-62.697,-61.788
-1.9613,-8.6231,-15.575,-22.185,-29.221,-38.642,-48.356,-54.735,-60.507,-63.061,-62.201
-1.9911,-8.6414,-15.68,-22.287,-29.396,-38.879,-48.591,-55.011,-60.831,-63.406,-62.51
-2.007,-8.692,-15.773,-22.4,-29.552,-39.101,-48.879,-55.312,-61.106,-63.729,-62.774
-2.0031,-8.7515,-15.877,-22.528,-29.72,-39.324,-49.168,-55.647,-61.466,-64.107,-63.143
-1.9837,-8.7609,-15.966,-22.652,-29.881,-39.558,-49.417,-55.941,-61.823,-64.504,-63.501
-2.006,-8.7923,-16.065,-22.762,-30.061,-39.793,-49.686,-56.208,-62.121,-64.817,-63.786
-2.0312,-8.8647,-16.146,-22.879,-30.233,-40.029,-49.956,-56.49,-62.459,-65.141,-64.154
-2.0358,-8.93,-16.227,-22.999,-30.369,-40.248,-50.233,-56.808,-62.785,-65.531,-64.503
-2.0189,-8.9849,-16.296,-23.114,-30.535,-40.45,-50.506,-57.085,-63.103,-65.889,-64.823
-2.0149,-9.0431,-16.399,-23.237,-30.713,-40.665,-50.765,-57.345,-63.453,-66.194,-65.16
-2.0382,-9.0964,-16.499,-23.346,-30.888,-40.879,-51.049,-57.675,-63.79,-66.575,-65.487
-2.062,-9.1675,-16.584,-23.461,-31.066,-41.086,-51.343,-58.001,-64.097,-66.919,-65.814
-2.0505,-9.2406,-16.659,-23.585,-31.236,-41.29,-51.6,-58.291,-64.45,-67.264,-66.199
-2.0379,-9.2998,-16.715,-23.69,-31.382,-41.516,-51.869,-58.619,-64.834,-67.624,-66.581
-2.0556,-9.3509,-16.801,-23.798,-31.551,-41.719,-52.152,-58.939,-65.143,-67.97,-66.857
-2.0722,-9.4226,-16.899,-23.917,-31.744,-41.915,-52.41,-59.22,-65.441,-68.309,-67.165
-2.0829,-9.5061,-16.993,-24.048,-31.903,-42.135,-52.645,-59.523,-65.808,-68.721,-67.558
-2.0706,-9.5593,-17.067,-24.147,-32.04,-42.368,-52.915,-59.849,-66.163,-69.072,-67.9
-2.0843,-9.6225,-17.148,-24.233,-32.214,-42.608,-53.183,-60.148,-66.467,-69.359,-68.186
-2.0944,-9.6802,-17.227,-24.348,-32.378,-42.837,-53.452,-60.417,-66.816,-69.727,-68.56
-2.1085,-9.7195,-17.32,-24.484,-32.542,-43.063,-53.699,-60.723,-67.137,-70.131,-68.914
-2.112,-9.7845,-17.401,-24.608,-32.722,-43.286,-53.981,-61.032,-67.462,-70.438,-69.236
-2.1266,-9.8391,-17.495,-24.709,-32.875,-43.519,-54.27,-61.296,-67.812,-70.782,-69.578
-2.137,-9.8727,-17.583,-24.824,-33.046,-43.743,-54.537,-61.602,-68.16,-71.137,-69.908
-2.147,-9.911,-17.665,-24.948,-33.216,-43.965,-54.807,-61.931,-68.487,-71.483,-70.256
-2.1473,-9.9145,-17.752,-25.072,-33.361,-44.19,-55.115,-62.209,-68.858,-71.843,-70.666
-2.1683,-9.9619,-17.847,-25.184,-33.525,-44.416,-55.368,-62.52,-69.226,-72.193,-71.014
-2.1841,-10.026,-17.933,-25.304,-33.698,-44.647,-55.622,-62.862,-69.503,-72.526,-71.277
-2.1916,-10.03,-18.02,-25.422,-33.868,-44.853,-55.917,-63.153,-69.814,-72.908,-71.626
-2.1869,-10.05,-18.097,-25.538,-34.053,-45.068,-56.208,-63.44,-70.199,-73.301,-71.989
-2.195,-10.088,-18.18,-25.664,-34.231,-45.252,-56.457,-63.778,-70.535,-73.595,-72.275
-2.2334,-10.133,-18.261,-25.77,-34.384,-45.452,-56.741,-64.091,-70.826,-73.921,-72.591
-2.2397,-10.164,-18.339,-25.88,-34.559,-45.677,-57.021,-64.354,-71.185,-74.305,-72.957
-2.2375,-10.187,-18.417,-26.006,-34.762,-45.89,-57.283,-64.663,-71.5,-74.655,-73.277
-2.2278,-10.222,-18.506,-26.116,-34.919,-46.103,-57.532,-64.976,-71.817,-74.936,-73.612
-2.2594,-10.247,-18.592,-26.237,-35.063,-46.322,-57.795,-65.254,-72.181,-75.306,-73.947
-2.2886,-10.298,-18.67,-26.362,-35.235,-46.526,-58.081,-65.513,-72.511,-75.664,-74.263
-2.2907,-10.343,-18.751,-26.494,-35.396,-46.749,-58.367,-65.847,-72.839,-76.051,-74.621
-2.2746,-10.368,-18.804,-26.601,-35.542,-46.975,-58.627,-66.166,-73.234,-76.414,-75.021
-2.2853,-10.43,-18.874,-26.688,-35.723,-47.19,-58.914,-66.463,-73.578,-76.737,-75.312
-2.3126,-10.47,-18.961,-26.814,-35.86,-47.406,-59.195,-66.803,-73.84,-77.067,-75.601
-2.3385,-10.486,-19.047,-26.957,-36.025,-47.626,-59.445,-67.127,-74.18,-77.472,-75.986
-2.3226,-10.542,-19.112,-27.08,-36.206,-47.854,-59.717,-67.409,-74.542,-77.804,-76.35
-2.3188,-10.615,-19.192,-27.186,-36.346,-48.073,-59.992,-67.73,-74.834,-78.089,-76.654
-2.3445,-10.675,-19.265,-27.3,-36.493,-48.294,-60.239,-68.053,-75.151,-78.453,-77.039
-2.3678,-10.738,-19.347,-27.426,-36.67,-48.521,-60.498,-68.348,-75.503,-78.815,-77.398
-2.3762,-10.801,-19.421,-27.554,-36.841,-48.736,-60.775,-68.636,-75.815,-79.108,-77.741
-2.3642,-10.86,-19.508,-27.669,-37.011,-48.959,-61.052,-68.941,-76.153,-79.464,-78.108
-2.3827,-10.929,-19.59,-27.794,-37.19,-49.186,-61.312,-69.261,-76.492,-79.792,-78.484
-2.3958,-10.997,-19.67,-27.917,-37.335,-49.423,-61.552,-69.526,-76.807,-80.126,-78.832
-2.4116,-11.064,-19.749,-28.033,-37.494,-49.654,-61.839,-69.832,-77.145,-80.501,-79.239
-2.4142,-11.125,-19.844,-28.166,-37.687,-49.864,-62.13,-70.169,-77.537,-80.859,-79.607
-2.4271,-11.194,-19.936,-28.278,-37.849,-50.081,-62.388,-70.464,-77.85,-81.192,-79.881
-2.4377,-11.267,-20.017,-28.386,-37.993,-50.3,-62.672,-70.778,-78.127,-81.588,-80.233
-2.4491,-11.332,-20.099,-28.516,-38.161,-50.527,-62.963,-71.121,-78.503,-81.963,-80.645
-2.4483,-11.401,-20.175,-28.623,-38.332,-50.74,-63.223,-71.417,-78.857,-82.249,-80.974
-2.469,-11.442,-20.261,-28.739,-38.486,-50.945,-63.506,-71.724,-79.154,-82.59,-81.275
-2.485,-11.487,-20.335,-28.864,-38.641,-51.159,-63.789,-72.059,-79.518,-82.964,-81.643
-2.4913,-11.563,-20.411,-28.998,-38.782,-51.366,-64.054,-72.355,-79.861,-83.27,-81.976
-2.4879,-11.605,-20.491,-29.11,-38.942,-51.573,-64.323,-72.658,-80.188,-83.561,-82.313
-2.4963,-11.64,-20.578,-29.198,-39.111,-51.81,-64.604,-72.96,-80.552,-83.926,-82.659
-2.5323,-11.688,-20.665,-29.321,-39.242,-52.036,-64.882,-73.268,-80.915,-84.256,-82.99
-2.5396,-11.692,-20.742,-29.463,-39.393,-52.207,-65.16,-73.575,-81.24,-84.609,-83.343
-2.5376,-11.722,-20.793,-29.589,-39.554,-52.417,-65.392,-73.846,-81.624,-84.96,-83.755
-2.5284,-11.783,-20.851,-29.696,-39.726,-52.666,-65.665,-74.15,-82.011,-85.281,-84.09
-2.5595,-11.807,-20.941,-29.812,-39.89,-52.891,-65.969,-74.479,-82.294,-85.634,-84.377
-2.5882,-11.82,-21.03,-29.943,-40.055,-53.106,-66.23,-74.788,-82.593,-86.033,-84.744
-2.5942,-11.84,-21.1,-30.074,-40.203,-53.339,-66.503,-75.098,-82.98,-86.354,-85.112
-2.5784,-11.888,-21.175,-30.192,-40.352,-53.561,-66.816,-75.418,-83.325,-86.652,-85.411
-2.5915,-11.922,-21.249,-30.317,-40.529,-53.801,-67.075,-75.732,-83.636,-87.029,-85.749
-2.6204,-11.951,-21.331,-30.445,-40.684,-54.039,-67.344,-76.038,-83.989,-87.376,-86.11
-2.6455,-11.972,-21.41,-30.563,-40.816,-54.247,-67.636,-76.343,-84.296,-87.672,-86.421
-2.6377,-12.003,-21.495,-30.698,-40.98,-54.475,-67.907,-76.657,-84.599,-88.033,-86.763
-2.6342,-12.06,-21.58,-30.816,-41.147,-54.682,-68.153,-76.947,-84.963,-88.375,-87.103
-2.6547,-12.078,-21.658,-30.94,-41.3,-54.892,-68.428,-77.226,-85.312,-88.714,-87.445
-2.6797,-12.115,-21.737,-31.066,-41.467,-55.111,-68.699,-77.548,-85.654,-89.077,-87.824
-2.6943,-12.182,-21.823,-31.176,-41.615,-55.33,-68.982,-77.845,-86.041,-89.421,-88.206
-2.685,-12.194,-21.924,-31.302,-41.771,-55.523,-69.239,-78.109,-86.402,-89.767,-88.497
-2.7053,-12.216,-22.007,-31.425,-41.943,-55.725,-69.502,-78.428,-86.69,-90.174,-88.806
-2.7154,-12.273,-22.101,-31.553,-42.079,-55.945,-69.792,-78.775,-87.015,-90.535,-89.203
-2.7326,-12.328,-22.179,-31.664,-42.222,-56.147,-70.08,-79.079,-87.382,-90.818,-89.578
-2.7389,-12.392,-22.271,-31.762,-42.389,-56.367,-70.33,-79.403,-87.697,-91.178,-89.882
-2.7526,-12.459,-22.337,-31.889,-42.563,-56.595,-70.615,-79.733,-88.005,-91.565,-90.255
-2.7649,-12.519,-22.418,-32.029,-42.727,-56.825,-70.898,-80.024,-88.361,-91.89,-90.588
-2.7762,-12.589,-22.499,-32.156,-42.889,-57.046,-71.144,-80.336,-88.678,-92.213,-90.927
-2.7746,-12.66,-22.588,-32.271,-43.035,-57.26,-71.415,-80.667,-89.007,-92.568,-91.262
-2.795,-12.727,-22.672,-32.39,-43.193,-57.494,-71.687,-80.985,-89.369,-92.906,-91.599
-2.8147,-12.788,-22.747,-32.519,-43.362,-57.721,-71.942,-81.265,-89.706,-93.267,-91.94
-2.8215,-12.856,-22.813,-32.649,-43.526,-57.933,-72.218,-81.561,-90.031,-93.608,-92.353
-2.8175,-12.933,-22.871,-32.775,-43.663,-58.151,-72.508,-81.887,-90.426,-93.934,-92.725
-2.8209,-13.003,-22.952,-32.895,-43.816,-58.377,-72.784,-82.167,-90.772,-94.31,-93.002
-2.8571,-13.08,-23.043,-33.02,-43.976,-58.599,-73.048,-82.456,-91.047,-94.698,-93.352
-2.868,-13.141,-23.119,-33.148,-44.134,-58.842,-73.292,-82.795,-91.39,-94.997,-93.742
-2.8672,-13.186,-23.187,-33.283,-44.289,-59.048,-73.58,-83.11,-91.749,-95.303,-94.028
-2.8558,-13.258,-23.256,-33.401,-44.432,-59.252,-73.877,-83.407,-92.059,-95.68,-94.301
-2.883,-13.318,-23.344,-33.516,-44.595,-59.494,-74.14,-83.749,-92.377,-96.042,-94.664
-2.9148,-13.347,-23.432,-33.639,-44.772,-59.739,-74.408,-84.07,-92.708,-96.341,-94.99
-2.9223,-13.394,-23.516,-33.749,-44.906,-59.95,-74.706,-84.354,-92.998,-96.708,-95.345
-2.9037,-13.439,-23.6,-33.877,-45.051,-60.15,-74.978,-84.672,-93.343,-97.056,-95.682
-2.9102,-13.472,-23.682,-34.005,-45.219,-60.375,-75.245,-84.996,-93.68,-97.421,-95.996
-2.9402,-13.474,-23.767,-34.139,-45.392,-60.598,-75.513,-85.3,-93.983,-97.781,-96.34
-2.9638,-13.517,-23.854,-34.241,-45.564,-60.817,-75.786,-85.597,-94.328,-98.13,-96.736
-2.9588,-13.571,-23.964,-34.337,-45.725,-61.033,-76.043,-85.911,-94.714,-98.474,-97.042
-2.946,-13.573,-24.055,-34.47,-45.879,-61.243,-76.3,-86.219,-95.022,-98.896,-97.323
-2.9722,-13.588,-24.149,-34.61,-46.044,-61.461,-76.574,-86.49,-95.313,-99.266,-97.69
-2.9961,-13.635,-24.225,-34.739,-46.222,-61.67,-76.854,-86.803,-95.681,-99.571,-98.043
-3.0096,-13.675,-24.325,-34.85,-46.387,-61.875,-77.098,-87.139,-96.026,-99.95,-98.328
-2.9996,-13.708,-24.396,-34.963,-46.527,-62.089,-77.353,-87.429,-96.316,-100.32,-98.67
-3.0096,-13.724,-24.476,-35.095,-46.678,-62.324,-77.662,-87.743,-96.673,-100.64,-99.024
-3.0252,-13.773,-24.557,-35.224,-46.848,-62.531,-77.948,-88.083,-97.022,-100.98,-99.337
-3.0437,-13.825,-24.645,-35.346,-47.007,-62.741,-78.209,-88.379,-97.339,-101.35,-99.672
-3.0444,-13.847,-24.731,-35.467,-47.162,-62.968,-78.49,-88.672,-97.684,-101.69,-100
-3.0572,-13.915,-24.808,-35.594,-47.301,-63.193,-78.767,-89.002,-98.033,-102.05,-100.34
-3.0699,-13.958,-24.882,-35.718,-47.459,-63.436,-79.034,-89.321,-98.345,-102.4,-100.73
-3.0795,-13.974,-24.948,-35.848,-47.627,-63.671,-79.311,-89.601,-98.717,-102.73,-101.1
-3.0855,-14.025,-25.034,-35.972,-47.774,-63.9,-79.581,-89.918,-99.105,-103.1,-101.36
-3.0924,-14.064,-25.122,-36.092,-47.919,-64.13,-79.829,-90.244,-99.396,-103.49,-101.67
-3.1214,-14.119,-25.203,-36.218,-48.073,-64.367,-80.081,-90.522,-99.68,-103.79,-102.08
-3.125,-14.201,-25.274,-36.327,-48.247,-64.595,-80.344,-90.801,-100.05,-104.11,-102.41
-3.1277,-14.275,-25.352,-36.446,-48.409,-64.828,-80.633,-91.143,-100.38,-104.49,-102.7
-3.1255,-14.339,-25.435,-36.574,-48.567,-65.062,-80.889,-91.456,-100.67,-104.83,-103.08
-3.155,-14.413,-25.52,-36.709,-48.731,-65.288,-81.123,-91.753,-101.02,-105.14,-103.41
-3.1773,-14.489,-25.607,-36.812,-48.861,-65.515,-81.415,-92.093,-101.32,-105.53,-103.74
-3.1785,-14.563,-25.701,-36.902,-49.024,-65.729,-81.699,-92.412,-101.63,-105.89,-104.07
-3.1652,-14.637,-25.786,-37.036,-49.208,-65.957,-81.977,-92.699,-101.99,-106.24,-104.39
-3.1812,-14.724,-25.864,-37.176,-49.342,-66.144,-82.259,-93.019,-102.33,-106.61,-104.75
-3.2133,-14.798,-25.949,-37.297,-49.487,-66.327,-82.544,-93.35,-102.67,-106.96,-105.16
-3.2329,-14.873,-26.054,-37.407,-49.663,-66.558,-82.805,-93.652,-103.06,-107.31,-105.51
-3.2211,-14.963,-26.149,-37.523,-49.816,-66.788,-83.086,-93.939,-103.41,-107.73,-105.78
-3.2138,-15.015,-26.24,-37.658,-49.977,-66.999,-83.364,-94.247,-103.68,-108.08,-106.14
-3.2446,-15.075,-26.316,-37.784,-50.127,-67.214,-83.633,-94.557,-104,-108.4,-106.52
-3.2677,-15.154,-26.41,-37.906,-50.285,-67.429,-83.887,-94.829,-104.39,-108.79,-106.79
-3.2825,-15.207,-26.494,-38.027,-50.457,-67.648,-84.162,-95.141,-104.72,-109.17,-107.06
-3.2627,-15.256,-26.574,-38.149,-50.607,-67.868,-84.459,-95.456,-105,-109.49,-107.43
-3.2794,-15.302,-26.654,-38.273,-50.753,-68.077,-84.731,-95.757,-105.35,-109.84,-107.74
-3.302,-15.338,-26.743,-38.404,-50.916,-68.29,-84.972,-96.084,-105.66,-110.21,-108.08
-3.3203,-15.39,-26.829,-38.524,-51.089,-68.521,-85.234,-96.415,-105.98,-110.56,-108.4
-3.3227,-15.393,-26.911,-38.634,-51.254,-68.742,-85.537,-96.724,-106.35,-110.93,-108.72
-3.3242,-15.433,-26.996,-38.765,-51.416,-68.949,-85.821,-97.041,-106.68,-111.28,-109.1
-3.3433,-15.485,-27.051,-38.88,-51.584,-69.173,-86.093,-97.353,-107,-111.61,-109.46
-3.3559,-15.489,-27.129,-38.99,-51.721,-69.404,-86.386,-97.664,-107.4,-111.99,-109.74
-3.3645,-15.505,-27.218,-39.117,-51.887,-69.612,-86.655,-97.979,-107.75,-112.39,-110.03
-3.3748,-15.54,-27.306,-39.256,-52.071,-69.829,-86.925,-98.297,-108.01,-112.67,-110.4
-3.3914,-15.585,-27.38,-39.357,-52.207,-70.062,-87.208,-98.605,-108.35,-113.01,-110.75
-3.401,-15.604,-27.458,-39.448,-52.35,-70.291,-87.48,-98.896,-108.71,-113.41,-111.05
-3.4089,-15.625,-27.536,-39.577,-52.521,-70.534,-87.723,-99.188,-109.01,-113.75,-111.42
-3.4089,-15.687,-27.623,-39.718,-52.677,-70.77,-87.975,-99.501,-109.32,-114.06,-111.78
-3.4408,-15.717,-27.703,-39.842,-52.839,-71.003,-88.244,-99.824,-109.66,-114.43,-112.11
-3.45,-15.758,-27.798,-39.949,-52.996,-71.238,-88.525,-100.13,-109.95,-114.79,-112.47
-3.4581,-15.829,-27.885,-40.064,-53.138,-71.48,-88.782,-100.44,-110.29,-115.16,-112.81
-3.4514,-15.847,-27.967,-40.197,-53.301,-71.703,-89.034,-100.75,-110.63,-115.52,-113.15
-3.4665,-15.895,-28.053,-40.322,-53.454,-71.917,-89.33,-101.08,-110.95,-115.86,-113.55
-3.5022,-15.927,-28.152,-40.446,-53.586,-72.114,-89.624,-101.38,-111.28,-116.21,-113.92
-3.5026,-15.958,-28.244,-40.565,-53.75,-72.333,-89.902,-101.67,-111.67,-116.64,-114.19
-3.5007,-16.037,-28.337,-40.686,-53.921,-72.547,-90.176,-102.01,-112,-116.98,-114.53
-3.4958,-16.126,-28.414,-40.813,-54.079,-72.763,-90.447,-102.3,-112.27,-117.28,-114.94
-3.5279,-16.197,-28.506,-40.943,-54.242,-72.99,-90.719,-102.6,-112.64,-117.66,-115.26
-3.5568,-16.264,-28.588,-41.064,-54.413,-73.161,-90.989,-102.92,-113,-118.03,-115.54
-3.5555,-16.339,-28.674,-41.18,-54.558,-73.356,-91.257,-103.2,-113.29,-118.35,-115.91
-3.5374,-16.414,-28.764,-41.304,-54.717,-73.595,-91.535,-103.47,-113.65,-118.72,-116.24
-3.5525,-16.485,-28.853,-41.418,-54.891,-73.814,-91.777,-103.79,-114,-119.08,-116.59
-3.5809,-16.567,-28.937,-41.53,-55.037,-74.018,-92.052,-104.12,-114.32,-119.42,-116.92
-3.6037,-16.641,-29.015,-41.664,-55.174,-74.246,-92.349,-104.43,-114.67,-119.79,-117.25
-3.5899,-16.703,-29.09,-41.807,-55.339,-74.464,-92.614,-104.76,-115.02,-120.14,-117.61
-3.5863,-16.793,-29.156,-41.9,-55.499,-74.676,-92.866,-105.09,-115.32,-120.47,-118.02
-3.6136,-16.855,-29.235,-41.994,-55.647,-74.905,-93.152,-105.39,-115.7,-120.87,-118.35
-3.6344,-16.9,-29.323,-42.131,-55.799,-75.13,-93.441,-105.68,-116.09,-121.25,-118.64
-3.6469,-16.974,-29.412,-42.268,-55.942,-75.335,-93.717,-106.01,-116.41,-121.53,-119.02
-3.635,-17.025,-29.478,-42.389,-56.115,-75.549,-93.984,-106.34,-116.69,-121.88,-119.38
-3.649,-17.069,-29.56,-42.497,-56.259,-75.772,-94.268,-106.63,-117.07,-122.29,-119.68
-3.6636,-17.121,-29.638,-42.612,-56.399,-75.988,-94.542,-106.93,-117.43,-122.62,-120.04
-3.6818,-17.151,-29.728,-42.749,-56.564,-76.22,-94.8,-107.23,-117.74,-122.94,-120.39
-3.6839,-17.185,-29.806,-42.874,-56.738,-76.431,-95.078,-107.5,-118.1,-123.3,-120.71
-3.6979,-17.226,-29.889,-43,-56.896,-76.642,-95.358,-107.8,-118.4,-123.65,-121.06
-3.7106,-17.22,-29.978,-43.127,-57.048,-76.876,-95.608,-108.13,-118.71,-124.01,-121.4
-3.7176,-17.261,-30.068,-43.246,-57.221,-77.096,-95.867,-108.44,-119.08,-124.36,-121.74
-3.7248,-17.301,-30.155,-43.372,-57.38,-77.327,-96.15,-108.75,-119.44,-124.68,-122.15
-3.7337,-17.306,-30.255,-43.501,-57.54,-77.575,-96.414,-109.09,-119.78,-125.03,-122.53
-3.7617,-17.319,-30.351,-43.62,-57.721,-77.816,-96.669,-109.4,-120.16,-125.44,-122.8
-3.7659,-17.354,-30.439,-43.736,-57.867,-78.036,-96.945,-109.69,-120.53,-125.76,-123.13
-3.7695,-17.381,-30.527,-43.867,-58.005,-78.264,-97.233,-110.01,-120.81,-126.06,-123.53
-3.7665,-17.381,-30.626,-43.979,-58.167,-78.486,-97.522,-110.34,-121.12,-126.44,-123.86
-3.7962,-17.42,-30.72,-44.095,-58.317,-78.688,-97.788,-110.63,-121.5,-126.79,-124.16
-3.8201,-17.454,-30.801,-44.23,-58.474,-78.894,-98.07,-110.91,-121.84,-127.09,-124.56
-3.8217,-17.462,-30.887,-44.369,-58.63,-79.105,-98.34,-111.23,-122.13,-127.46,-124.93
-3.8112,-17.526,-30.974,-44.473,-58.768,-79.306,-98.607,-111.51,-122.47,-127.82,-125.25
-3.8238,-17.546,-31.065,-44.563,-58.94,-79.517,-98.852,-111.78,-122.78,-128.17,-125.61
-3.8583,-17.568,-31.139,-44.7,-59.096,-79.743,-99.137,-112.1,-123.11,-128.54,-125.95
-3.8812,-17.621,-31.217,-44.844,-59.225,-79.94,-99.402,-112.42,-123.46,-128.9,-126.3
-3.8732,-17.612,-31.277,-44.966,-59.374,-80.115,-99.665,-112.72,-123.81,-129.25,-126.71
-3.8641,-17.65,-31.349,-45.08,-59.551,-80.335,-99.931,-113.05,-124.16,-129.65,-127.06
-3.8922,-17.737,-31.439,-45.2,-59.719,-80.573,-100.21,-113.37,-124.54,-130.01,-127.34
-3.9171,-17.818,-31.531,-45.333,-59.875,-80.787,-100.46,-113.67,-124.9,-130.29,-127.7
-3.9381,-17.881,-31.6,-45.461,-60.032,-80.994,-100.72,-113.98,-125.19,-130.64,-128.08
-3.9207,-17.937,-31.683,-45.592,-60.181,-81.224,-101,-114.29,-125.52,-131.03,-128.37
-3.9345,-18.002,-31.759,-45.721,-60.343,-81.439,-101.27,-114.61,-125.88,-131.34,-128.68
-3.957,-18.061,-31.846,-45.841,-60.512,-81.656,-101.53,-114.89,-126.22,-131.67,-129.05
-3.9787,-18.131,-31.928,-45.97,-60.651,-81.875,-101.81,-115.16,-126.52,-132.03,-129.36
-3.9877,-18.205,-32.017,-46.106,-60.801,-82.088,-102.09,-115.48,-126.88,-132.36,-129.71
-3.9839,-18.258,-32.105,-46.233,-60.965,-82.301,-102.34,-115.77,-127.21,-132.72,-130.06
-4.0083,-18.335,-32.192,-46.353,-61.118,-82.524,-102.6,-116.06,-127.57,-133.07,-130.4
-4.0177,-18.405,-32.268,-46.492,-61.284,-82.731,-102.88,-116.38,-127.93,-133.39,-130.79
-4.0328,-18.445,-32.368,-46.616,-61.422,-82.936,-103.14,-116.69,-128.26,-133.78,-131.19
-4.0433,-18.514,-32.472,-46.736,-61.565,-83.161,-103.41,-117,-128.58,-134.19,-131.48
-4.0616,-18.567,-32.556,-46.88,-61.752,-83.375,-103.68,-117.33,-128.98,-134.5,-131.78
-4.074,-18.608,-32.647,-47.021,-61.903,-83.586,-103.95,-117.65,-129.32,-134.81,-132.17
-4.0843,-18.661,-32.734,-47.134,-62.033,-83.813,-104.21,-117.96,-129.59,-135.19,-132.52
-4.0853,-18.693,-32.826,-47.24,-62.189,-84.041,-104.48,-118.26,-129.94,-135.55,-132.81
-4.1103,-18.715,-32.9,-47.385,-62.365,-84.276,-104.76,-118.58,-130.32,-135.86,-133.18
-4.1313,-18.754,-32.988,-47.535,-62.534,-84.516,-105.04,-118.89,-130.63,-136.25,-133.54
-4.1386,-18.765,-33.076,-47.664,-62.688,-84.755,-105.31,-119.2,-130.94,-136.6,-133.88
-4.1354,-18.782,-33.174,-47.79,-62.841,-84.959,-105.58,-119.5,-131.3,-136.93,-134.23
-4.1405,-18.832,-33.251,-47.92,-62.993,-85.167,-105.84,-119.81,-131.63,-137.29,-134.55
-4.1788,-18.845,-33.327,-48.057,-63.163,-85.38,-106.1,-120.08,-131.99,-137.63,-134.91
-4.1927,-18.854,-33.401,-48.195,-63.33,-85.581,-106.39,-120.4,-132.35,-137.98,-135.32
-4.195,-18.876,-33.468,-48.336,-63.476,-85.783,-106.64,-120.71,-132.68,-138.39,-135.68
-4.183,-18.904,-33.556,-48.468,-63.616,-85.993,-106.91,-121,-133.01,-138.76,-135.97
-4.2082,-18.9,-33.65,-48.593,-63.782,-86.195,-107.18,-121.31,-133.39,-139.04,-136.33
-4.242,-18.933,-33.718,-48.731,-63.936,-86.396,-107.43,-121.64,-133.72,-139.42,-136.73
-4.2573,-18.978,-33.797,-48.869,-64.094,-86.604,-107.69,-121.94,-134.01,-139.79,-137.03
-4.2444,-18.984,-33.873,-48.998,-64.252,-86.789,-107.96,-122.23,-134.37,-140.1,-137.31
-4.2432,-19.052,-33.961,-49.122,-64.402,-86.968,-108.22,-122.53,-134.72,-140.42,-137.68
-4.2769,-19.093,-34.045,-49.249,-64.579,-87.191,-108.49,-122.85,-135.03,-140.8,-138
-4.3037,-19.106,-34.128,-49.371,-64.742,-87.414,-108.76,-123.14,-135.37,-141.13,-138.34
-4.3184,-19.168,-34.211,-49.495,-64.882,-87.62,-109.05,-123.44,-135.7,-141.48,-138.69
-4.2979,-19.187,-34.299,-49.63,-65.034,-87.837,-109.33,-123.76,-136,-141.84,-139.02
-4.3225,-19.192,-34.388,-49.768,-65.207,-88.049,-109.6,-124.05,-136.35,-142.17,-139.4
-4.35,-19.262,-34.484,-49.875,-65.387,-88.262,-109.88,-124.31,-136.67,-142.56,-139.81
-4.3675,-19.36,-34.587,-49.979,-65.56,-88.484,-110.14,-124.64,-136.98,-142.95,-140.12
-4.3715,-19.441,-34.674,-50.125,-65.719,-88.699,-110.4,-124.96,-137.34,-143.25,-140.39
-4.3733,-19.497,-34.773,-50.275,-65.868,-88.902,-110.67,-125.25,-137.71,-143.57,-140.76
-4.3984,-19.556,-34.858,-50.404,-66.05,-89.134,-110.93,-125.57,-138.02,-143.96,-141.12
-4.4159,-19.624,-34.945,-50.526,-66.229,-89.358,-111.2,-125.89,-138.32,-144.3,-141.42
-4.4301,-19.705,-35.022,-50.656,-66.383,-89.564,-111.48,-126.18,-138.69,-144.61,-141.78
-4.4411,-19.788,-35.124,-50.793,-66.531,-89.774,-111.75,-126.48,-139.04,-144.99,-142.15
-4.4616,-19.846,-35.203,-50.926,-66.7,-90.002,-112,-126.79,-139.35,-145.35,-142.48
-4.4773,-19.925,-35.295,-51.062,-66.855,-90.208,-112.27,-127.09,-139.7,-145.68,-142.83
-4.4915,-20.013,-35.38,-51.193,-67.019,-90.42,-112.54,-127.37,-140.05,-146.04,-143.16
-4.4954,-20.058,-35.456,-51.311,-67.173,-90.652,-112.79,-127.67,-140.35,-146.38,-143.51
-4.5275,-20.123,-35.533,-51.443,-67.316,-90.877,-113.08,-127.98,-140.7,-146.72,-143.91
-4.5476,-20.19,-35.593,-51.576,-67.498,-91.104,-113.35,-128.23,-141.04,-147.15,-144.28
-4.5613,-20.239,-35.68,-51.704,-67.65,-91.344,-113.62,-128.53,-141.36,-147.52,-144.55
-4.5646,-20.302,-35.775,-51.827,-67.785,-91.576,-113.89,-128.86,-141.73,-147.79,-144.89
-4.5788,-20.345,-35.851,-51.958,-67.952,-91.79,-114.16,-129.16,-142.09,-148.15,-145.3
-4.6221,-20.372,-35.928,-52.082,-68.132,-92.025,-114.43,-129.46,-142.39,-148.51,-145.62
-4.6348,-20.409,-36.006,-52.204,-68.295,-92.237,-114.69,-129.79,-142.72,-148.81,-145.91
-4.6404,-20.429,-36.092,-52.346,-68.46,-92.432,-114.97,-130.09,-143.09,-149.15,-146.29
-4.6311,-20.432,-36.18,-52.482,-68.626,-92.626,-115.23,-130.38,-143.42,-149.5,-146.62
-4.6602,-20.483,-36.267,-52.578,-68.785,-92.843,-115.5,-130.7,-143.74,-149.84,-146.95
-4.6933,-20.506,-36.353,-52.686,-68.952,-93.06,-115.76,-131.01,-144.1,-150.18,-147.3
-4.7076,-20.511,-36.436,-52.834,-69.135,-93.267,-116.02,-131.3,-144.4,-150.54,-147.64
-4.6933,-20.537,-36.522,-52.978,-69.295,-93.476,-116.29,-131.59,-144.7,-150.87,-148.01
-4.6977,-20.575,-36.614,-53.102,-69.45,-93.646,-116.56,-131.88,-145.06,-151.27,-148.42
-4.7318,-20.57,-36.725,-53.224,-69.614,-93.849,-116.85,-132.18,-145.44,-151.65,-148.73
-4.7535,-20.593,-36.804,-53.354,-69.776,-94.081,-117.11,-132.45,-145.78,-151.94,-149.01
-4.7646,-20.642,-36.901,-53.487,-69.936,-94.291,-117.37,-132.76,-146.16,-152.27,-149.39
-4.7485,-20.644,-36.984,-53.612,-70.11,-94.491,-117.66,-133.08,-146.51,-152.67,-149.73
-4.77,-20.701,-37.082,-53.746,-70.264,-94.711,-117.91,-133.38,-146.78,-153.02,-150.02
-4.7932,-20.747,-37.162,-53.868,-70.428,-94.923,-118.17,-133.69,-147.11,-153.32,-150.39
-4.8141,-20.76,-37.253,-53.981,-70.587,-95.123,-118.45,-134.01,-147.49,-153.69,-150.74
-4.8169,-20.821,-37.341,-54.114,-70.732,-95.339,-118.71,-134.3,-147.83,-154.03,-151.06
-4.8213,-20.851,-37.443,-54.239,-70.89,-95.557,-118.97,-134.6,-148.13,-154.38,-151.4
-4.8404,-20.85,-37.535,-54.359,-71.064,-95.77,-119.22,-134.89,-148.46,-154.73,-151.73
-4.8528,-20.903,-37.613,-54.487,-71.234,-95.973,-119.48,-135.19,-148.76,-155.08,-152.07
-4.8636,-21.001,-37.676,-54.602,-71.407,-96.193,-119.75,-135.49,-149.09,-155.41,-152.46
-4.8738,-21.086,-37.738,-54.724,-71.574,-96.409,-120,-135.78,-149.45,-155.81,-152.82
-4.8889,-21.141,-37.84,-54.85,-71.73,-96.619,-120.27,-136.08,-149.81,-156.14,-153.09
-4.8984,-21.196,-37.938,-54.985,-71.89,-96.828,-120.55,-136.34,-150.15,-156.42,-153.43
-4.908,-21.265,-38.014,-55.097,-72.071,-97.036,-120.82,-136.63,-150.53,-156.77,-153.84
-4.906,-21.344,-38.095,-55.193,-72.231,-97.261,-121.1,-136.94,-150.87,-157.14,-154.16
-4.9322,-21.422,-38.183,-55.312,-72.38,-97.475,-121.36,-137.24,-151.16,-157.47,-154.47
-4.9449,-21.479,-38.27,-55.453,-72.548,-97.692,-121.6,-137.55,-151.5,-157.84,-154.84
-4.9516,-21.557,-38.363,-55.586,-72.719,-97.927,-121.87,-137.88,-151.87,-158.19,-155.18
-4.9466,-21.647,-38.456,-55.701,-72.871,-98.166,-122.15,-138.17,-152.21,-158.54,-155.5
-4.9507,-21.699,-38.557,-55.823,-73.043,-98.374,-122.4,-138.46,-152.49,-158.91,-155.84
-4.9889,-21.762,-38.653,-55.95,-73.203,-98.58,-122.65,-138.78,-152.84,-159.26,-156.17
-4.9964,-21.831,-38.743,-56.072,-73.367,-98.814,-122.9,-139.07,-153.16,-159.58,-156.54
-4.9961,-21.879,-38.843,-56.201,-73.523,-99.033,-123.17,-139.37,-153.51,-159.97,-156.96
-4.98,-21.941,-38.96,-56.328,-73.663,-99.243,-123.42,-139.67,-153.88,-160.36,-157.27
-5.0023,-21.983,-39.047,-56.438,-73.831,-99.456,-123.69,-139.96,-154.22,-160.64,-157.54
-5.0326,-22.008,-39.149,-56.556,-74.002,-99.675,-123.95,-140.24,-154.55,-160.96,-157.92
-5.041,-22.045,-39.242,-56.69,-74.167,-99.881,-124.22,-140.51,-154.94,-161.36,-158.28
-5.0224,-22.062,-39.344,-56.811,-74.333,-100.11,-124.49,-140.83,-155.28,-161.69,-158.57
-5.0197,-22.072,-39.425,-56.927,-74.506,-100.28,-124.76,-141.13,-155.57,-161.98,-158.89
-5.0457,-22.123,-39.524,-57.061,-74.664,-100.46,-125.04,-141.42,-155.91,-162.35,-159.25
-5.0604,-22.136,-39.612,-57.179,-74.826,-100.69,-125.3,-141.74,-156.28,-162.7,-159.57
-5.0655,-22.142,-39.712,-57.296,-75.004,-100.92,-125.56,-142.04,-156.61,-163.05,-159.92
-5.0417,-22.173,-39.799,-57.413,-75.17,-101.11,-125.84,-142.33,-156.92,-163.4,-160.26
-5.0575,-22.213,-39.879,-57.553,-75.319,-101.32,-126.1,-142.65,-157.28,-163.73,-160.59
-5.0738,-22.21,-39.953,-57.679,-75.484,-101.54,-126.37,-142.94,-157.61,-164.06,-160.99
-5.0863,-22.227,-40.022,-57.762,-75.656,-101.75,-126.63,-143.24,-157.98,-164.46,-161.37
-5.0821,-22.275,-40.108,-57.873,-75.815,-101.96,-126.88,-143.55,-158.34,-164.8,-161.63
-5.073,-22.277,-40.208,-58.019,-75.967,-102.17,-127.14,-143.85,-158.68,-165.08,-161.94
-5.0894,-22.323,-40.298,-58.157,-76.125,-102.38,-127.4,-144.13,-159.02,-165.44,-162.34
-5.0969,-22.374,-40.375,-58.267,-76.303,-102.58,-127.67,-144.42,-159.4,-165.81,-162.66
-5.0998,-22.385,-40.465,-58.383,-76.464,-102.79,-127.94,-144.69,-159.74,-166.12,-162.97
-5.0996,-22.443,-40.552,-58.517,-76.608,-102.99,-128.22,-145,-160.04,-166.48,-163.34
-5.108,-22.474,-40.641,-58.64,-76.766,-103.19,-128.48,-145.3,-160.39,-166.83,-163.67
-5.1166,-22.472,-40.732,-58.762,-76.935,-103.41,-128.76,-145.61,-160.75,-167.18,-164.01
-5.1231,-22.519,-40.832,-58.895,-77.098,-103.62,-129.01,-145.92,-161.06,-167.54,-164.36
-5.1155,-22.612,-40.928,-59.01,-77.265,-103.81,-129.27,-146.23,-161.38,-167.9,-164.69
-5.1348,-22.694,-41.019,-59.117,-77.442,-104.04,-129.53,-146.52,-161.72,-168.23,-165.04
-5.1495,-22.752,-41.113,-59.249,-77.599,-104.26,-129.78,-146.82,-162.04,-168.65,-165.47
-5.1511,-22.813,-41.219,-59.373,-77.755,-104.48,-130.03,-147.11,-162.39,-169.02,-165.8
-5.1485,-22.881,-41.305,-59.484,-77.936,-104.71,-130.28,-147.41,-162.75,-169.31,-166.07
-5.1527,-22.951,-41.402,-59.61,-78.101,-104.94,-130.52,-147.69,-163.09,-169.65,-166.45
-5.1895,-23.029,-41.499,-59.72,-78.241,-105.15,-130.77,-147.97,-163.44,-170.02,-166.8
-5.2,-23.097,-41.589,-59.832,-78.403,-105.38,-131.04,-148.27,-163.81,-170.32,-167.1
-5.202,-23.181,-41.67,-59.955,-78.574,-105.62,-131.29,-148.54,-164.15,-170.63,-167.45
-5.1883,-23.276,-41.762,-60.083,-78.739,-105.82,-131.55,-148.82,-164.45,-171,-167.81
-5.2101,-23.328,-41.83,-60.204,-78.895,-106.03,-131.82,-149.13,-164.81,-171.33,-168.13
-5.2406,-23.382,-41.921,-60.287,-79.046,-106.25,-132.09,-149.45,-165.17,-171.68,-168.48
-5.2586,-23.45,-42.017,-60.398,-79.218,-106.47,-132.37,-149.74,-165.48,-172.01,-168.83
-5.2481,-23.499,-42.104,-60.541,-79.383,-106.69,-132.64,-150.07,-165.83,-172.34,-169.16
-5.243,-23.561,-42.178,-60.672,-79.515,-106.91,-132.9,-150.37,-166.17,-172.7,-169.55
-5.2737,-23.607,-42.235,-60.781,-79.677,-107.1,-133.17,-150.66,-166.47,-173.07,-169.93
-5.2957,-23.634,-42.327,-60.895,-79.85,-107.31,-133.44,-150.97,-166.82,-173.37,-170.19
-5.315,-23.67,-42.431,-61.019,-80.02,-107.56,-133.69,-151.27,-167.17,-173.69,-170.49
-5.2952,-23.677,-42.516,-61.133,-80.179,-107.8,-133.96,-151.57,-167.5,-174.07,-170.9
-5.3096,-23.705,-42.586,-61.253,-80.337,-107.99,-134.2,-151.85,-167.86,-174.41,-171.23
-5.3207,-23.715,-42.59,-61.254,-80.347,-107.98,-134.17,-151.82,-167.86,-174.4,-171.19
-5.3384,-23.649,-42.592,-61.243,-80.348,-107.98,-134.16,-151.8,-167.82,-174.38,-171.23
-5.3207,-23.601,-42.596,-61.224,-80.361,-107.99,-134.15,-151.72,-167.74,-174.39,-171.23
-5.3128,-23.579,-42.588,-61.228,-80.402,-107.97,-134.14,-151.71,-167.76,-174.45,-171.17
-5.3369,-23.555,-42.585,-61.222,-80.397,-107.94,-134.12,-151.74,-167.82,-174.44,-171.18
-5.3421,-23.499,-42.595,-61.216,-80.381,-107.96,-134.15,-151.73,-167.79,-174.43,-171.19
-5.3278,-23.454,-42.582,-61.227,-80.397,-107.93,-134.16,-151.69,-167.76,-174.41,-171.14
-5.3187,-23.431,-42.589,-61.194,-80.418,-107.91,-134.16,-151.71,-167.77,-174.49,-171.19
-5.3386,-23.377,-42.604,-61.168,-80.417,-107.89,-134.17,-151.73,-167.78,-174.53,-171.23
-5.3622,-23.367,-42.604,-61.197,-80.385,-107.88,-134.18,-151.71,-167.79,-174.46,-171.11
-5.3424,-23.354,-42.607,-61.234,-80.392,-107.88,-134.18,-151.7,-167.81,-174.44,-171.1
-5.3162,-23.298,-42.63,-61.202,-80.401,-107.88,-134.17,-151.74,-167.8,-174.5,-171.09
-5.3266,-23.318,-42.622,-61.152,-80.395,-107.85,-134.16,-151.74,-167.85,-174.51,-171.01
-5.3716,-23.29,-42.598,-61.151,-80.401,-107.85,-134.17,-151.69,-167.86,-174.48,-171
-5.3582,-23.232,-42.593,-61.195,-80.397,-107.87,-134.18,-151.67,-167.81,-174.47,-171.01
-5.3339,-23.245,-42.598,-61.213,-80.407,-107.89,-134.15,-151.65,-167.74,-174.5,-170.93
-5.3085,-23.256,-42.624,-61.172,-80.443,-107.93,-134.14,-151.58,-167.79,-174.48,-170.88
-5.3533,-23.283,-42.623,-61.157,-80.445,-107.93,-134.14,-151.62,-167.85,-174.46,-170.91
-5.3722,-23.307,-42.613,-61.158,-80.433,-107.93,-134.11,-151.66,-167.82,-174.44,-170.91
-5.3505,-23.293,-42.602,-61.15,-80.44,-107.95,-134.11,-151.61,-167.85,-174.49,-170.9
-5.32,-23.304,-42.583,-61.159,-80.454,-107.97,-134.14,-151.61,-167.88,-174.53,-170.93
-5.3215,-23.335,-42.579,-61.155,-80.464,-107.97,-134.13,-151.65,-167.86,-174.46,-170.92
-5.3583,-23.344,-42.593,-61.141,-80.454,-107.95,-134.11,-151.63,-167.88,-174.38,-170.84
-5.3685,-23.37,-42.594,-61.125,-80.458,-107.94,-134.13,-151.64,-167.95,-174.4,-170.87
-5.3412,-23.412,-42.564,-61.126,-80.496,-107.95,-134.12,-151.64,-167.97,-174.47,-170.85
-5.3244,-23.44,-42.55,-61.112,-80.501,-107.96,-134.11,-151.65,-168.02,-174.42,-170.81
-5.3329,-23.452,-42.548,-61.099,-80.509,-107.95,-134.12,-151.62,-168.07,-174.42,-170.85
-5.3448,-23.478,-42.544,-61.113,-80.499,-107.91,-134.13,-151.58,-167.99,-174.46,-170.83
-5.3599,-23.505,-42.53,-61.071,-80.484,-107.91,-134.14,-151.58,-167.93,-174.49,-170.76
-5.3397,-23.495,-42.511,-61.034,-80.484,-107.95,-134.1,-151.54,-168.01,-174.51,-170.73
-5.3275,-23.5,-42.501,-61.073,-80.467,-107.95,-134.07,-151.5,-168.05,-174.49,-170.74
-5.3293,-23.51,-42.483,-61.101,-80.469,-107.95,-134.07,-151.53,-168.02,-174.48,-170.74
-5.3464,-23.519,-42.476,-61.057,-80.47,-107.95,-134.07,-151.53,-168.02,-174.55,-170.81
-5.3666,-23.527,-42.472,-60.999,-80.478,-107.98,-134.07,-151.5,-167.99,-174.55,-170.89
-5.3491,-23.485,-42.485,-60.999,-80.507,-107.99,-134.08,-151.51,-167.94,-174.45,-170.87
-5.3285,-23.47,-42.467,-61.029,-80.504,-107.99,-134.09,-151.54,-168,-174.43,-170.87
-5.339,-23.465,-42.465,-61.029,-80.499,-108.01,-134.09,-151.51,-168.05,-174.52,-170.89
-5.362,-23.439,-42.466,-61.002,-80.492,-108.03,-134.09,-151.51,-168.06,-174.52,-170.82
-5.3684,-23.398,-42.46,-60.999,-80.511,-108,-134.09,-151.54,-168.12,-174.49,-170.81
-5.3487,-23.368,-42.455,-60.995,-80.542,-107.98,-134.08,-151.54,-168.1,-174.49,-170.87
-5.3366,-23.339,-42.451,-60.979,-80.523,-107.97,-134.05,-151.51,-167.99,-174.54,-170.83
-5.3546,-23.271,-42.478,-60.993,-80.517,-107.97,-134.04,-151.5,-167.97,-174.55,-170.79
-5.3771,-23.226,-42.485,-61,-80.535,-107.98,-134.04,-151.49,-168.06,-174.53,-170.81
-5.3537,-23.21,-42.47,-60.977,-80.548,-107.97,-134.02,-151.43,-168.05,-174.49,-170.83
-5.3634,-23.146,-42.455,-60.962,-80.573,-107.96,-133.98,-151.43,-167.98,-174.53,-170.83
-5.3534,-23.115,-42.445,-60.963,-80.559,-107.97,-134,-151.47,-167.97,-174.55,-170.85
-5.3858,-23.112,-42.422,-60.949,-80.544,-107.98,-133.99,-151.45,-167.99,-174.47,-170.84
-5.3653,-23.073,-42.432,-60.939,-80.555,-107.99,-133.96,-151.43,-167.95,-174.41,-170.77
-5.3592,-23.063,-42.435,-60.947,-80.562,-108.01,-133.97,-151.45,-167.97,-174.46,-170.81
-5.3752,-23.04,-42.417,-60.912,-80.553,-107.99,-133.96,-151.49,-167.98,-174.5,-170.81
-5.3831,-22.994,-42.399,-60.889,-80.537,-107.99,-133.97,-151.48,-168,-174.45,-170.76
-5.38,-22.992,-42.386,-60.922,-80.539,-108,-133.98,-151.47,-168.04,-174.41,-170.76
-5.3599,-23.049,-42.38,-60.944,-80.578,-108.01,-133.99,-151.52,-168.07,-174.46,-170.74
-5.3723,-23.08,-42.372,-60.897,-80.599,-108,-133.98,-151.49,-167.99,-174.5,-170.68
-5.3973,-23.074,-42.362,-60.853,-80.585,-107.99,-133.97,-151.46,-168.01,-174.5,-170.66
-5.398,-23.117,-42.339,-60.862,-80.589,-107.98,-133.98,-151.48,-168.12,-174.47,-170.68
-5.374,-23.137,-42.341,-60.885,-80.622,-107.97,-133.98,-151.45,-168.12,-174.46,-170.68
-5.372,-23.147,-42.335,-60.874,-80.648,-107.97,-134,-151.39,-168.06,-174.49,-170.71
-5.4003,-23.194,-42.339,-60.857,-80.624,-107.95,-133.94,-151.4,-168.08,-174.46,-170.71
-5.4031,-23.212,-42.337,-60.852,-80.614,-107.94,-133.94,-151.41,-168.05,-174.37,-170.69
-5.4012,-23.229,-42.331,-60.844,-80.654,-107.97,-133.96,-151.39,-168.05,-174.37,-170.69
-5.3795,-23.28,-42.346,-60.835,-80.656,-108,-133.92,-151.4,-168.1,-174.44,-170.7
-5.4072,-23.3,-42.339,-60.845,-80.66,-108.03,-133.91,-151.43,-168.1,-174.42,-170.63
-5.4185,-23.317,-42.32,-60.834,-80.654,-108.07,-133.93,-151.42,-168.12,-174.37,-170.62
-5.4034,-23.335,-42.312,-60.809,-80.631,-108.07,-133.92,-151.41,-168.22,-174.37,-170.68
-5.3994,-23.365,-42.3,-60.803,-80.639,-108.07,-133.91,-151.43,-168.2,-174.44,-170.64
-5.4122,-23.394,-42.31,-60.793,-80.627,-108.08,-133.92,-151.46,-168.08,-174.42,-170.58
-5.432,-23.386,-42.337,-60.779,-80.62,-108.09,-133.93,-151.44,-168.13,-174.39,-170.58
-5.4083,-23.372,-42.342,-60.788,-80.611,-108.09,-133.91,-151.42,-168.23,-174.36,-170.61
-5.4013,-23.328,-42.332,-60.781,-80.614,-108.1,-133.9,-151.41,-168.16,-174.43,-170.63
-5.4155,-23.349,-42.301,-60.746,-80.648,-108.08,-133.9,-151.35,-168.11,-174.49,-170.67
-5.444,-23.42,-42.285,-60.732,-80.658,-108.06,-133.92,-151.33,-168.16,-174.44,-170.66
-5.4316,-23.375,-42.307,-60.788,-80.645,-108.05,-133.88,-151.35,-168.13,-174.42,-170.64
-5.4133,-23.313,-42.313,-60.798,-80.645,-108.02,-133.84,-151.34,-168.17,-174.44,-170.7
-5.4004,-23.313,-42.289,-60.733,-80.666,-108,-133.87,-151.35,-168.2,-174.45,-170.72
-5.44,-23.304,-42.271,-60.703,-80.691,-108,-133.85,-151.37,-168.17,-174.39,-170.68
-5.4438,-23.288,-42.264,-60.727,-80.677,-107.99,-133.8,-151.38,-168.15,-174.36,-170.73
-5.4246,-23.239,-42.273,-60.745,-80.68,-107.98,-133.84,-151.38,-168.2,-174.38,-170.74
-5.4075,-23.195,-42.258,-60.727,-80.704,-108,-133.84,-151.4,-168.17,-174.37,-170.69
-5.4096,-23.187,-42.255,-60.709,-80.719,-108.01,-133.81,-151.43,-168.08,-174.36,-170.68
-5.4334,-23.141,-42.245,-60.714,-80.729,-108.01,-133.79,-151.42,-168.14,-174.32,-170.7
-5.4426,-23.13,-42.239,-60.709,-80.715,-108.01,-133.8,-151.38,-168.2,-174.35,-170.73
-5.4233,-23.124,-42.216,-60.717,-80.699,-108.01,-133.79,-151.37,-168.11,-174.39,-170.78
-5.4041,-23.074,-42.227,-60.731,-80.702,-108.04,-133.76,-151.35,-168.07,-174.33,-170.76
-5.4012,-23.08,-42.227,-60.722,-80.703,-108.08,-133.74,-151.31,-168.11,-174.24,-170.75
-5.4252,-23.051,-42.234,-60.708,-80.705,-108.07,-133.77,-151.32,-168.09,-174.23,-170.75
-5.4349,-23.027,-42.243,-60.715,-80.695,-108.05,-133.76,-151.34,-168.13,-174.26,-170.74
-5.4236,-23.055,-42.23,-60.719,-80.681,-108.07,-133.7,-151.33,-168.17,-174.21,-170.67
-5.3956,-23.077,-42.236,-60.709,-80.719,-108.09,-133.72,-151.33,-168.14,-174.19,-170.64
-5.4014,-23.119,-42.231,-60.725,-80.738,-108.1,-133.74,-151.35,-168.14,-174.22,-170.67
-5.4161,-23.15,-42.229,-60.726,-80.719,-108.07,-133.73,-151.34,-168.19,-174.26,-170.63
-5.4438,-23.171,-42.233,-60.706,-80.733,-108.07,-133.73,-151.33,-168.11,-174.27,-170.6
-5.4151,-23.225,-42.26,-60.704,-80.756,-108.1,-133.76,-151.34,-168.05,-174.24,-170.58
-5.3827,-23.247,-42.262,-60.753,-80.763,-108.09,-133.76,-151.37,-168.15,-174.23,-170.63
-5.4007,-23.287,-42.249,-60.768,-80.749,-108.07,-133.75,-151.37,-168.16,-174.3,-170.67
-5.4209,-23.331,-42.233,-60.702,-80.752,-108.07,-133.77,-151.33,-168.09,-174.31,-170.65
-5.4377,-23.352,-42.218,-60.671,-80.778,-108.08,-133.76,-151.35,-168.11,-174.23,-170.59
-5.3943,-23.399,-42.226,-60.697,-80.803,-108.06,-133.74,-151.32,-168.14,-174.21,-170.61
-5.3851,-23.428,-42.248,-60.718,-80.798,-108.04,-133.75,-151.26,-168.09,-174.25,-170.65
-5.4021,-23.452,-42.23,-60.703,-80.776,-108.03,-133.76,-151.28,-168.12,-174.25,-170.67
-5.4301,-23.486,-42.22,-60.689,-80.774,-108.04,-133.77,-151.3,-168.12,-174.2,-170.64
-5.4084,-23.511,-42.203,-60.701,-80.794,-108.01,-133.72,-151.28,-168.09,-174.18,-170.64
-5.3932,-23.557,-42.207,-60.688,-80.773,-107.98,-133.71,-151.29,-168.14,-174.22,-170.64
-5.3884,-23.57,-42.212,-60.7,-80.751,-107.96,-133.73,-151.34,-168.18,-174.21,-170.63
-5.418,-23.529,-42.205,-60.726,-80.755,-107.92,-133.7,-151.31,-168.1,-174.18,-170.57
-5.4136,-23.542,-42.19,-60.714,-80.753,-107.93,-133.69,-151.3,-168.07,-174.12,-170.54
-5.3861,-23.562,-42.192,-60.701,-80.78,-107.93,-133.71,-151.33,-168.16,-174.14,-170.6
-5.398,-23.548,-42.189,-60.711,-80.789,-107.91,-133.72,-151.34,-168.14,-174.17,-170.67
-5.4046,-23.552,-42.204,-60.714,-80.776,-107.92,-133.7,-151.3,-168.07,-174.11,-170.66
-5.4127,-23.543,-42.218,-60.702,-80.777,-107.95,-133.7,-151.27,-168.13,-174.03,-170.63
-5.3908,-23.515,-42.225,-60.712,-80.785,-107.97,-133.71,-151.26,-168.1,-174.07,-170.64
-5.3824,-23.499,-42.247,-60.715,-80.801,-107.99,-133.7,-151.22,-168.07,-174.12,-170.62
-5.4162,-23.48,-42.233,-60.687,-80.781,-108,-133.68,-151.19,-168.1,-174.08,-170.59
-5.4071,-23.428,-42.235,-60.683,-80.741,-108.02,-133.66,-151.25,-168.1,-174.05,-170.54
-5.3966,-23.411,-42.229,-60.73,-80.769,-108.03,-133.69,-151.24,-168.09,-174.06,-170.54
-5.3751,-23.394,-42.23,-60.753,-80.79,-108.06,-133.69,-151.24,-168.16,-174.1,-170.54
-5.3949,-23.335,-42.231,-60.697,-80.793,-108.06,-133.63,-151.28,-168.16,-174.11,-170.5
-5.4129,-23.324,-42.272,-60.677,-80.779,-108.05,-133.62,-151.29,-168.06,-174.09,-170.44
-5.3974,-23.31,-42.287,-60.702,-80.762,-108.04,-133.64,-151.28,-168.08,-174.08,-170.48
-5.3763,-23.27,-42.269,-60.718,-80.782,-108.03,-133.61,-151.29,-168.15,-174.13,-170.59
-5.3753,-23.268,-42.244,-60.706,-80.767,-108.02,-133.64,-151.32,-168.11,-174.13,-170.57
-5.4015,-23.211,-42.231,-60.698,-80.748,-107.99,-133.63,-151.3,-168.07,-174.04,-170.46
-5.3844,-23.182,-42.242,-60.717,-80.728,-107.92,-133.62,-151.24,-168.13,-174.04,-170.47
-5.3841,-23.216,-42.258,-60.721,-80.69,-107.91,-133.62,-151.27,-168.08,-174.09,-170.49
-5.3623,-23.249,-42.244,-60.73,-80.72,-107.92,-133.63,-151.23,-168.09,-174.07,-170.48
-5.3891,-23.25,-42.235,-60.754,-80.742,-107.89,-133.61,-151.18,-168.11,-174.06,-170.43
-5.3786,-23.273,-42.214,-60.762,-80.715,-107.89,-133.6,-151.21,-168.13,-174.07,-170.42
-5.3644,-23.311,-42.208,-60.757,-80.708,-107.9,-133.61,-151.25,-168.16,-174.12,-170.41
-5.3608,-23.329,-42.217,-60.76,-80.725,-107.9,-133.61,-151.22,-168.23,-174.12,-170.38
-5.3665,-23.395,-42.214,-60.775,-80.734,-107.89,-133.64,-151.23,-168.21,-174.09,-170.32
-5.3763,-23.42,-42.202,-60.772,-80.728,-107.89,-133.58,-151.27,-168.17,-174.05,-170.27
-5.3484,-23.423,-42.189,-60.788,-80.695,-107.91,-133.58,-151.24,-168.23,-174.07,-170.33
-5.3347,-23.487,-42.191,-60.793,-80.705,-107.92,-133.6,-151.23,-168.29,-174.1,-170.38
-5.3494,-23.517,-42.184,-60.781,-80.724,-107.91,-133.57,-151.25,-168.27,-174.05,-170.31
-5.3611,-23.521,-42.212,-60.803,-80.72,-107.9,-133.59,-151.27,-168.27,-173.98,-170.27
-5.3451,-23.558,-42.202,-60.846,-80.699,-107.87,-133.59,-151.26,-168.31,-174.03,-170.34
-5.3229,-23.576,-42.223,-60.849,-80.676,-107.86,-133.58,-151.22,-168.27,-174.07,-170.33
-5.3113,-23.596,-42.215,-60.795,-80.698,-107.86,-133.59,-151.24,-168.29,-174.01,-170.3
-5.3222,-23.629,-42.218,-60.79,-80.674,-107.85,-133.6,-151.21,-168.33,-174.01,-170.26
-5.3324,-23.644,-42.183,-60.83,-80.637,-107.83,-133.6,-151.18,-168.35,-174.03,-170.28
-5.3133,-23.592,-42.175,-60.838,-80.637,-107.83,-133.59,-151.21,-168.39,-174.04,-170.27
-5.301,-23.615,-42.181,-60.822,-80.641,-107.84,-133.59,-151.21,-168.44,-174.06,-170.25
-5.2828,-23.657,-42.222,-60.815,-80.659,-107.85,-133.58,-151.18,-168.41,-174.05,-170.15
-5.2924,-23.618,-42.231,-60.826,-80.669,-107.87,-133.6,-151.2,-168.38,-174.04,-170.13
-5.3086,-23.602,-42.205,-60.82,-80.647,-107.86,-133.59,-151.2,-168.46,-174.11,-170.22
-5.2949,-23.59,-42.184,-60.843,-80.63,-107.84,-133.55,-151.18,-168.47,-174.12,-170.23
-5.293,-23.556,-42.166,-60.87,-80.635,-107.86,-133.57,-151.2,-168.46,-174.03,-170.15
-5.2586,-23.571,-42.165,-60.858,-80.654,-107.9,-133.54,-151.24,-168.46,-174.03,-170.14
-5.2861,-23.564,-42.172,-60.853,-80.639,-107.88,-133.5,-151.26,-168.45,-174.1,-170.19
-5.3061,-23.478,-42.155,-60.864,-80.593,-107.86,-133.54,-151.23,-168.48,-174.07,-170.17
-5.3103,-23.453,-42.139,-60.869,-80.616,-107.84,-133.57,-151.21,-168.53,-174.03,-170.15
-5.2759,-23.445,-42.121,-60.869,-80.636,-107.83,-133.53,-151.21,-168.52,-174.07,-170.17
-5.2589,-23.399,-42.106,-60.884,-80.631,-107.84,-133.53,-151.14,-168.5,-174.13,-170.16
-5.2846,-23.397,-42.102,-60.885,-80.605,-107.79,-133.54,-151.15,-168.52,-174.14,-170.16
-5.3171,-23.344,-42.086,-60.866,-80.588,-107.75,-133.55,-151.21,-168.54,-174.12,-170.14
-5.3138,-23.292,-42.072,-60.9,-80.597,-107.75,-133.52,-151.2,-168.5,-174.08,-170.08
-5.2651,-23.289,-42.044,-60.938,-80.585,-107.76,-133.52,-151.18,-168.51,-174.13,-170.11
-5.2678,-23.241,-42.039,-60.928,-80.575,-107.75,-133.52,-151.2,-168.56,-174.17,-170.23
-5.2987,-23.202,-42.017,-60.881,-80.565,-107.74,-133.51,-151.21,-168.54,-174.08,-170.21
-5.3233,-23.195,-42.033,-60.886,-80.566,-107.73,-133.47,-151.21,-168.51,-174.03,-170.13
-5.2976,-23.211,-42.013,-60.926,-80.588,-107.74,-133.49,-151.2,-168.49,-174.1,-170.22
-5.2767,-23.216,-42.031,-60.923,-80.616,-107.73,-133.48,-151.24,-168.52,-174.14,-170.21
-5.2891,-23.217,-42.025,-60.909,-80.608,-107.72,-133.44,-151.24,-168.55,-174.06,-170.12
-5.3222,-23.249,-42.035,-60.908,-80.59,-107.71,-133.48,-151.19,-168.59,-174.08,-170.09
-5.3166,-23.266,-42.01,-60.918,-80.611,-107.71,-133.48,-151.18,-168.59,-174.11,-170.09
-5.3009,-23.287,-42.009,-60.917,-80.648,-107.7,-133.45,-151.16,-168.59,-174.11,-170.09
-5.3027,-23.318,-42.009,-60.942,-80.644,-107.67,-133.43,-151.12,-168.6,-174.12,-170.08
-5.3189,-23.349,-42.028,-60.962,-80.6,-107.68,-133.43,-151.15,-168.56,-174.11,-170.02
-5.3269,-23.379,-42.048,-60.949,-80.612,-107.68,-133.43,-151.14,-168.51,-174.12,-169.96
-5.3138,-23.395,-42.036,-60.96,-80.65,-107.67,-133.39,-151.1,-168.53,-174.19,-170.07
-5.3121,-23.387,-42.013,-60.977,-80.648,-107.69,-133.39,-151.12,-168.55,-174.17,-170.12
-5.338,-23.436,-41.989,-60.973,-80.619,-107.7,-133.42,-151.12,-168.55,-174.06,-169.98
-5.3327,-23.455,-41.99,-60.989,-80.598,-107.72,-133.44,-151.11,-168.53,-174.05,-169.95
-5.3272,-23.447,-41.999,-61.007,-80.609,-107.75,-133.41,-151.13,-168.55,-174.1,-170.06
-5.3181,-23.46,-41.985,-61.011,-80.583,-107.78,-133.38,-151.16,-168.53,-174.06,-170.03
-5.3465,-23.447,-41.966,-61.005,-80.578,-107.81,-133.42,-151.18,-168.53,-174.04,-169.97
-5.3627,-23.442,-41.955,-61.037,-80.575,-107.83,-133.38,-151.16,-168.55,-174.09,-170.01
-5.3436,-23.473,-41.934,-61.075,-80.549,-107.79,-133.38,-151.16,-168.55,-174.11,-169.99
-5.3374,-23.47,-41.93,-61.071,-80.563,-107.8,-133.42,-151.15,-168.54,-174.1,-170.01
-5.3454,-23.451,-41.917,-61.046,-80.59,-107.83,-133.4,-151.12,-168.56,-174.11,-170
-5.3855,-23.427,-41.917,-61.06,-80.567,-107.8,-133.37,-151.09,-168.54,-174.09,-169.89
-5.38,-23.428,-41.899,-61.097,-80.533,-107.76,-133.4,-151.14,-168.55,-174.13,-169.91
-5.3658,-23.396,-41.886,-61.095,-80.553,-107.74,-133.36,-151.14,-168.56,-174.19,-170.06
-5.361,-23.365,-41.866,-61.086,-80.567,-107.75,-133.34,-151.13,-168.56,-174.11,-170.07
-5.4014,-23.373,-41.882,-61.094,-80.546,-107.74,-133.36,-151.15,-168.56,-174.05,-169.99
-5.4077,-23.341,-41.866,-61.111,-80.52,-107.66,-133.34,-151.16,-168.57,-174.13,-170.06
-5.4079,-23.309,-41.881,-61.113,-80.526,-107.61,-133.32,-151.17,-168.57,-174.16,-170.06
-5.4042,-23.271,-41.882,-61.122,-80.541,-107.62,-133.31,-151.18,-168.57,-174.07,-169.99
-5.4174,-23.229,-41.9,-61.131,-80.541,-107.65,-133.3,-151.21,-168.57,-174.08,-169.99
-5.4492,-23.232,-41.877,-61.125,-80.529,-107.64,-133.31,-151.21,-168.56,-174.1,-170.03
-5.4492,-23.194,-41.86,-61.149,-80.497,-107.64,-133.29,-151.17,-168.56,-174.07,-170.03
-5.4479,-23.145,-41.851,-61.17,-80.486,-107.66,-133.28,-151.15,-168.56,-174.08,-170.04
-5.4631,-23.106,-41.87,-61.17,-80.482,-107.68,-133.28,-151.13,-168.56,-174.06,-170
-5.4894,-23.063,-41.901,-61.198,-80.476,-107.68,-133.27,-151.08,-168.53,-174.07,-169.93
-5.4938,-23.07,-41.893,-61.214,-80.46,-107.69,-133.26,-151.09,-168.53,-174.15,-170.01
-5.4919,-23.074,-41.863,-61.214,-80.439,-107.71,-133.27,-151.12,-168.53,-174.17,-170.07
-5.4967,-23.05,-41.824,-61.212,-80.449,-107.71,-133.28,-151.11,-168.52,-174.07,-169.97
-5.5248,-23.06,-41.839,-61.252,-80.485,-107.7,-133.27,-151.1,-168.52,-174.07,-169.92
-5.5334,-23.066,-41.856,-61.286,-80.476,-107.67,-133.27,-151.1,-168.52,-174.12,-170.02
-5.5384,-23.084,-41.854,-61.264,-80.446,-107.68,-133.26,-151.11,-168.53,-174.05,-170.01
-5.5395,-23.116,-41.82,-61.247,-80.453,-107.68,-133.26,-151.12,-168.54,-173.97,-169.95
-5.5425,-23.126,-41.824,-61.269,-80.469,-107.66,-133.24,-151.13,-168.54,-174.02,-170
-5.5593,-23.14,-41.814,-61.303,-80.451,-107.65,-133.2,-151.13,-168.53,-173.99,-170
-5.5741,-23.163,-41.811,-61.304,-80.412,-107.65,-133.19,-151.12,-168.53,-173.99,-170.02
-5.575,-23.216,-41.807,-61.3,-80.429,-107.66,-133.19,-151.1,-168.52,-173.98,-170.02
-5.5828,-23.286,-41.81,-61.307,-80.422,-107.67,-133.15,-151.11,-168.53,-173.96,-169.94
-5.5669,-23.283,-41.799,-61.329,-80.394,-107.67,-133.18,-151.08,-168.54,-173.99,-169.93
-5.5917,-23.287,-41.796,-61.334,-80.391,-107.63,-133.18,-151.04,-168.56,-174.05,-170.09
-5.6091,-23.338,-41.796,-61.34,-80.353,-107.64,-133.14,-151.07,-168.55,-173.96,-170.1
-5.6209,-23.373,-41.82,-61.358,-80.336,-107.65,-133.11,-151.1,-168.52,-173.89,-170.01
-5.606,-23.391,-41.821,-61.352,-80.306,-107.67,-133.12,-151.06,-168.54,-173.99,-170.08
-5.5812,-23.343,-41.831,-61.375,-80.297,-107.67,-133.07,-151.07,-168.55,-174.02,-170.17
-5.6138,-23.344,-41.844,-61.404,-80.287,-107.65,-133.05,-151.1,-168.56,-173.95,-170.11
-5.6387,-23.394,-41.855,-61.398,-80.251,-107.63,-133.07,-151.06,-168.59,-173.96,-170.08
-5.6433,-23.392,-41.843,-61.424,-80.262,-107.63,-133.09,-151.08,-168.59,-174.01,-170.12
-5.6019,-23.375,-41.846,-61.436,-80.281,-107.64,-133.09,-151.1,-168.58,-173.98,-170.12
-5.5923,-23.35,-41.847,-61.43,-80.263,-107.63,-133.04,-151.1,-168.6,-173.98,-170.16
-5.6166,-23.326,-41.85,-61.438,-80.265,-107.57,-133.03,-151.06,-168.61,-173.92,-170.14
-5.6583,-23.324,-41.891,-61.478,-80.286,-107.57,-133.04,-151.04,-168.59,-173.92,-170.07
-5.6367,-23.29,-41.904,-61.507,-80.28,-107.6,-133,-151.01,-168.61,-173.99,-170.13
-5.607,-23.266,-41.892,-61.48,-80.296,-107.58,-132.99,-150.96,-168.63,-174.03,-170.22
-5.6119,-23.252,-41.864,-61.476,-80.28,-107.57,-133.02,-150.96,-168.62,-173.93,-170.16
-5.645,-23.243,-41.872,-61.504,-80.268,-107.57,-133,-150.97,-168.63,-173.95,-170.08
-5.6646,-23.193,-41.888,-61.533,-80.279,-107.57,-132.99,-150.96,-168.67,-174.04,-170.15
-5.6362,-23.156,-41.909,-61.543,-80.279,-107.56,-133.01,-150.95,-168.68,-173.96,-170.14
-5.6172,-23.159,-41.886,-61.542,-80.263,-107.55,-133,-150.97,-168.7,-173.89,-170.08
-5.6267,-23.109,-41.896,-61.551,-80.237,-107.55,-132.98,-150.96,-168.71,-173.94,-170.1
-5.6542,-23.087,-41.891,-61.566,-80.23,-107.55,-132.98,-150.95,-168.69,-173.91,-170.07
-5.6434,-23.048,-41.893,-61.578,-80.211,-107.54,-132.99,-150.95,-168.71,-173.93,-170.06
-5.6395,-23.007,-41.894,-61.583,-80.21,-107.52,-132.98,-150.97,-168.76,-173.92,-170.08
-5.64,-23.004,-41.908,-61.588,-80.206,-107.49,-132.95,-150.95,-168.78,-173.84,-170
-5.644,-23.016,-41.898,-61.581,-80.18,-107.51,-132.92,-150.92,-168.77,-173.83,-169.98
-5.6402,-23.007,-41.885,-61.604,-80.186,-107.5,-132.95,-150.92,-168.82,-173.87,-170.11
-5.6302,-22.996,-41.893,-61.621,-80.211,-107.49,-132.91,-150.87,-168.83,-173.79,-170.13
-5.6438,-22.995,-41.916,-61.608,-80.203,-107.49,-132.88,-150.84,-168.77,-173.72,-169.97
-5.6644,-23,-41.926,-61.636,-80.185,-107.5,-132.91,-150.86,-168.8,-173.82,-169.97
-5.6457,-23.031,-41.923,-61.64,-80.191,-107.53,-132.88,-150.85,-168.85,-173.83,-170.07
-5.6328,-23.066,-41.945,-61.644,-80.212,-107.57,-132.86,-150.83,-168.79,-173.76,-170.03
-5.6282,-23.059,-41.955,-61.65,-80.225,-107.6,-132.85,-150.86,-168.78,-173.83,-169.99
-5.6643,-23.079,-41.963,-61.678,-80.202,-107.62,-132.84,-150.84,-168.75,-173.88,-170.03
-5.6767,-23.138,-41.961,-61.691,-80.198,-107.61,-132.82,-150.82,-168.72,-173.87,-170.04
-5.6409,-23.149,-41.962,-61.675,-80.22,-107.6,-132.79,-150.85,-168.71,-173.9,-170.06
-5.6228,-23.188,-41.976,-61.68,-80.212,-107.63,-132.78,-150.84,-168.75,-173.91,-170.06
-5.6346,-23.224,-42.022,-61.699,-80.214,-107.63,-132.8,-150.84,-168.71,-173.93,-169.97
-5.677,-23.216,-42.045,-61.72,-80.187,-107.59,-132.78,-150.83,-168.7,-174,-169.98
-5.6634,-23.247,-42.03,-61.73,-80.191,-107.56,-132.71,-150.81,-168.77,-174.01,-170.08
-5.6316,-23.286,-41.996,-61.732,-80.177,-107.56,-132.74,-150.75,-168.77,-173.9,-170.06
-5.6115,-23.258,-42.001,-61.731,-80.176,-107.55,-132.72,-150.73,-168.73,-173.92,-169.98
-5.641,-23.263,-42.033,-61.742,-80.19,-107.5,-132.66,-150.75,-168.77,-174.04,-170.06
-5.6491,-23.296,-42.056,-61.76,-80.181,-107.44,-132.68,-150.75,-168.8,-173.99,-170.08
-5.6394,-23.287,-42.042,-61.757,-80.19,-107.44,-132.69,-150.73,-168.75,-173.91,-170.01
-5.6082,-23.282,-42.043,-61.746,-80.223,-107.46,-132.65,-150.75,-168.79,-173.98,-170
-5.6076,-23.271,-42.042,-61.742,-80.23,-107.43,-132.64,-150.74,-168.79,-173.98,-170.02
-5.6308,-23.237,-42.05,-61.756,-80.214,-107.44,-132.65,-150.71,-168.76,-174.02,-170
-5.6197,-23.241,-42.055,-61.754,-80.227,-107.43,-132.64,-150.73,-168.78,-174.02,-170
-5.6111,-23.238,-42.071,-61.761,-80.241,-107.43,-132.62,-150.73,-168.79,-173.99,-169.95
-5.5936,-23.175,-42.077,-61.773,-80.24,-107.43,-132.61,-150.7,-168.75,-174,-169.9
-5.6028,-23.171,-42.06,-61.765,-80.226,-107.45,-132.61,-150.73,-168.77,-174.06,-170
-5.5937,-23.202,-42.067,-61.774,-80.222,-107.46,-132.61,-150.73,-168.81,-174.01,-170.07
-5.5905,-23.155,-42.083,-61.791,-80.239,-107.47,-132.56,-150.65,-168.79,-173.96,-169.94
-5.5815,-23.132,-42.107,-61.806,-80.248,-107.49,-132.53,-150.62,-168.77,-174.04,-169.87
-5.5799,-23.129,-42.1,-61.806,-80.242,-107.48,-132.54,-150.61,-168.84,-174.06,-169.97
-5.5786,-23.068,-42.14,-61.785,-80.21,-107.47,-132.52,-150.61,-168.86,-173.99,-169.92
-5.572,-23.056,-42.152,-61.793,-80.215,-107.46,-132.51,-150.62,-168.81,-174.01,-169.88
-5.5634,-23.011,-42.167,-61.807,-80.219,-107.46,-132.54,-150.62,-168.84,-174.04,-169.91
-5.563,-22.977,-42.164,-61.813,-80.211,-107.46,-132.54,-150.61,-168.82,-174.04,-169.93
-5.561,-22.978,-42.184,-61.822,-80.205,-107.44,-132.52,-150.56,-168.8,-174.07,-169.93
-5.5626,-22.985,-42.2,-61.825,-80.211,-107.44,-132.53,-150.58,-168.82,-174.06,-169.92
-5.5581,-22.972,-42.229,-61.816,-80.215,-107.47,-132.52,-150.6,-168.86,-174.09,-169.81
-5.566,-22.957,-42.263,-61.816,-80.258,-107.48,-132.5,-150.56,-168.81,-174.15,-169.77
-5.5581,-22.958,-42.269,-61.827,-80.269,-107.49,-132.48,-150.56,-168.85,-174.16,-169.91
-5.5538,-22.955,-42.247,-61.822,-80.254,-107.49,-132.48,-150.56,-168.89,-174.08,-169.9
-5.5682,-22.969,-42.24,-61.799,-80.27,-107.49,-132.5,-150.52,-168.85,-174.12,-169.76
-5.5688,-22.999,-42.274,-61.793,-80.293,-107.5,-132.46,-150.47,-168.86,-174.21,-169.84
-5.5756,-22.986,-42.314,-61.799,-80.302,-107.51,-132.42,-150.46,-168.93,-174.2,-169.93
-5.551,-22.994,-42.305,-61.802,-80.288,-107.5,-132.43,-150.44,-168.92,-174.18,-169.84
-5.5556,-23.052,-42.3,-61.8,-80.281,-107.48,-132.42,-150.42,-168.9,-174.23,-169.8
-5.5717,-23.048,-42.298,-61.804,-80.31,-107.49,-132.39,-150.43,-168.96,-174.19,-169.81
-5.588,-23.057,-42.308,-61.796,-80.336,-107.54,-132.42,-150.43,-168.92,-174.21,-169.78
-5.5699,-23.09,-42.318,-61.789,-80.33,-107.54,-132.41,-150.4,-168.94,-174.22,-169.81
-5.5538,-23.143,-42.324,-61.793,-80.299,-107.48,-132.39,-150.37,-168.98,-174.2,-169.82
-5.5564,-23.156,-42.331,-61.809,-80.308,-107.46,-132.39,-150.38,-168.97,-174.23,-169.74
-5.5838,-23.141,-42.314,-61.799,-80.304,-107.49,-132.38,-150.39,-168.95,-174.32,-169.82
-5.5978,-23.13,-42.31,-61.774,-80.293,-107.5,-132.38,-150.36,-169.02,-174.29,-169.93
-5.559,-23.186,-42.318,-61.776,-80.291,-107.48,-132.37,-150.38,-169.04,-174.23,-169.84
-5.5624,-23.194,-42.355,-61.783,-80.279,-107.49,-132.36,-150.38,-168.98,-174.29,-169.78
-5.5667,-23.161,-42.34,-61.783,-80.291,-107.49,-132.37,-150.32,-169.01,-174.29,-169.89
-5.5938,-23.149,-42.369,-61.792,-80.321,-107.49,-132.38,-150.31,-169.07,-174.23,-169.88
-5.5851,-23.153,-42.381,-61.785,-80.328,-107.47,-132.3,-150.3,-169.02,-174.23,-169.81
-5.5675,-23.129,-42.4,-61.768,-80.315,-107.48,-132.28,-150.28,-169.01,-174.24,-169.89
-5.5714,-23.104,-42.397,-61.777,-80.337,-107.48,-132.3,-150.29,-169.03,-174.21,-169.9
-5.5779,-23.112,-42.404,-61.787,-80.368,-107.46,-132.27,-150.31,-168.99,-174.24,-169.89
-5.5801,-23.035,-42.415,-61.777,-80.382,-107.44,-132.27,-150.29,-168.99,-174.22,-169.91
-5.5743,-23.02,-42.437,-61.758,-80.371,-107.41,-132.28,-150.26,-169.01,-174.18,-169.83
-5.581,-23.05,-42.462,-61.752,-80.376,-107.39,-132.25,-150.27,-168.96,-174.22,-169.79
-5.5856,-23.012,-42.469,-61.761,-80.391,-107.37,-132.25,-150.26,-168.93,-174.22,-169.95
-5.5851,-23.03,-42.45,-61.741,-80.419,-107.33,-132.27,-150.23,-169,-174.18,-170
-5.5598,-23.015,-42.428,-61.733,-80.42,-107.32,-132.27,-150.23,-169.04,-174.19,-169.83
-5.5688,-22.942,-42.449,-61.745,-80.393,-107.29,-132.28,-150.23,-168.98,-174.25,-169.86
-5.596,-22.928,-42.469,-61.733,-80.416,-107.29,-132.26,-150.19,-169.01,-174.27,-169.95
-5.6003,-22.887,-42.467,-61.728,-80.427,-107.29,-132.25,-150.15,-169.06,-174.25,-169.84
-5.5785,-22.855,-42.46,-61.725,-80.402,-107.29,-132.29,-150.14,-169.02,-174.3,-169.81
-5.5516,-22.85,-42.453,-61.73,-80.426,-107.27,-132.23,-150.11,-169.08,-174.28,-169.87
-5.5754,-22.842,-42.455,-61.725,-80.444,-107.28,-132.21,-150.09,-169.08,-174.29,-169.87
-5.6184,-22.826,-42.46,-61.715,-80.437,-107.28,-132.2,-150.11,-169.04,-174.32,-169.86
-5.6043,-22.806,-42.473,-61.718,-80.477,-107.31,-132.18,-150.09,-169.05,-174.32,-169.88
-5.5714,-22.806,-42.486,-61.726,-80.498,-107.33,-132.17,-150.07,-169.03,-174.33,-169.76
-5.5453,-22.804,-42.474,-61.728,-80.475,-107.32,-132.19,-150.05,-168.96,-174.38,-169.76
-5.5927,-22.788,-42.469,-61.727,-80.505,-107.3,-132.17,-150.06,-168.97,-174.35,-169.88
-5.6242,-22.809,-42.465,-61.72,-80.525,-107.3,-132.15,-150.08,-169.04,-174.31,-169.81
-5.6013,-22.802,-42.501,-61.717,-80.534,-107.33,-132.15,-150.04,-169.04,-174.32,-169.69
-5.569,-22.8,-42.489,-61.725,-80.523,-107.32,-132.15,-150.06,-168.99,-174.31,-169.81
-5.5615,-22.827,-42.502,-61.727,-80.517,-107.27,-132.11,-150.05,-169.02,-174.3,-169.89
-5.6097,-22.826,-42.5,-61.721,-80.538,-107.29,-132.08,-150.02,-169.07,-174.31,-169.81
-5.6131,-22.838,-42.519,-61.695,-80.562,-107.33,-132.08,-149.99,-169.05,-174.34,-169.86
-5.6076,-22.862,-42.497,-61.681,-80.553,-107.33,-132.08,-149.96,-169.09,-174.32,-169.88
-5.5734,-22.86,-42.493,-61.687,-80.532,-107.32,-132.06,-149.95,-169.08,-174.32,-169.89
-5.5928,-22.915,-42.491,-61.689,-80.548,-107.33,-132.02,-149.95,-169.03,-174.32,-169.9
-5.6094,-22.902,-42.489,-61.674,-80.545,-107.35,-132.01,-149.95,-169.06,-174.33,-169.89
-5.6094,-22.852,-42.52,-61.667,-80.514,-107.35,-131.99,-149.95,-169.07,-174.37,-169.86
-5.6082,-22.922,-42.526,-61.672,-80.537,-107.35,-131.96,-149.93,-169,-174.37,-170
-5.5926,-22.95,-42.508,-61.672,-80.547,-107.36,-131.97,-149.89,-169.01,-174.34,-170.1
-5.6077,-22.932,-42.468,-61.658,-80.538,-107.37,-131.97,-149.88,-169.09,-174.36,-169.98
-5.5976,-22.904,-42.484,-61.657,-80.562,-107.37,-131.94,-149.89,-169.07,-174.39,-169.95
-5.6053,-22.905,-42.499,-61.658,-80.588,-107.36,-131.93,-149.87,-169.03,-174.4,-170.08
-5.6012,-22.909,-42.495,-61.657,-80.559,-107.34,-131.94,-149.87,-169.1,-174.4,-170.05
-5.6199,-22.882,-42.476,-61.652,-80.59,-107.34,-131.93,-149.86,-169.12,-174.4,-169.99
-5.6044,-22.872,-42.477,-61.642,-80.602,-107.32,-131.91,-149.8,-169.1,-174.4,-170.05
-5.6021,-22.824,-42.465,-61.649,-80.588,-107.29,-131.91,-149.78,-169.16,-174.36,-170.06
-5.6008,-22.794,-42.457,-61.656,-80.608,-107.3,-131.9,-149.79,-169.12,-174.33,-170.05
-5.6122,-22.803,-42.463,-61.642,-80.622,-107.3,-131.89,-149.76,-169.1,-174.33,-170.06
-5.6333,-22.772,-42.466,-61.626,-80.622,-107.33,-131.84,-149.72,-169.15,-174.31,-170
-5.6025,-22.803,-42.45,-61.63,-80.66,-107.38,-131.82,-149.75,-169.17,-174.34,-169.98
-5.6119,-22.795,-42.44,-61.637,-80.659,-107.4,-131.8,-149.75,-169.13,-174.31,-170.14
-5.6058,-22.745,-42.426,-61.621,-80.635,-107.42,-131.77,-149.68,-169.18,-174.34,-170.15
-5.6243,-22.706,-42.457,-61.602,-80.654,-107.45,-131.79,-149.69,-169.25,-174.36,-170.01
-5.6316,-22.648,-42.446,-61.59,-80.658,-107.45,-131.8,-149.71,-169.21,-174.35,-170.06
-5.606,-22.628,-42.452,-61.579,-80.632,-107.5,-131.79,-149.67,-169.17,-174.35,-170.17
-5.6136,-22.631,-42.439,-61.574,-80.642,-107.53,-131.78,-149.67,-169.23,-174.33,-170.09
-5.6212,-22.617,-42.442,-61.566,-80.657,-107.52,-131.76,-149.72,-169.22,-174.29,-170.1
-5.6331,-22.607,-42.424,-61.561,-80.663,-107.53,-131.78,-149.68,-169.19,-174.3,-170.12
-5.6338,-22.59,-42.418,-61.567,-80.689,-107.56,-131.74,-149.62,-169.22,-174.27,-170.11
-5.6249,-22.586,-42.414,-61.562,-80.73,-107.57,-131.72,-149.62,-169.16,-174.26,-170.14
-5.628,-22.593,-42.427,-61.533,-80.71,-107.54,-131.73,-149.62,-169.16,-174.25,-170.15
-5.629,-22.577,-42.447,-61.531,-80.729,-107.53,-131.73,-149.58,-169.21,-174.23,-170.07
-5.6321,-22.582,-42.446,-61.543,-80.776,-107.55,-131.69,-149.62,-169.17,-174.19,-170.13
-5.6285,-22.592,-42.417,-61.544,-80.784,-107.56,-131.67,-149.65,-169.12,-174.17,-170.24
-5.6372,-22.601,-42.371,-61.537,-80.784,-107.58,-131.67,-149.6,-169.17,-174.19,-170.15
-5.6316,-22.617,-42.387,-61.527,-80.78,-107.6,-131.65,-149.57,-169.23,-174.14,-170.09
-5.6305,-22.615,-42.401,-61.537,-80.799,-107.61,-131.63,-149.61,-169.16,-174.11,-170.19
-5.6391,-22.632,-42.389,-61.544,-80.825,-107.62,-131.64,-149.62,-169.13,-174.14,-170.18
-5.6347,-22.658,-42.359,-61.532,-80.821,-107.61,-131.65,-149.59,-169.19,-174.13,-170.13
-5.6489,-22.676,-42.362,-61.53,-80.797,-107.63,-131.62,-149.61,-169.18,-174.13,-170.19
-5.6251,-22.691,-42.357,-61.53,-80.814,-107.63,-131.59,-149.61,-169.2,-174.14,-170.22
-5.6305,-22.71,-42.346,-61.521,-80.818,-107.62,-131.61,-149.54,-169.24,-174.11,-170.22
-5.6353,-22.689,-42.336,-61.511,-80.781,-107.62,-131.6,-149.53,-169.18,-174.13,-170.24
-5.6436,-22.72,-42.34,-61.51,-80.788,-107.61,-131.58,-149.55,-169.17,-174.15,-170.17
-5.642,-22.75,-42.324,-61.506,-80.811,-107.58,-131.57,-149.5,-169.2,-174.14,-170.14
-5.6263,-22.751,-42.307,-61.493,-80.803,-107.56,-131.57,-149.49,-169.17,-174.14,-170.3
-5.6371,-22.737,-42.296,-61.489,-80.817,-107.55,-131.55,-149.52,-169.14,-174.19,-170.33
-5.6418,-22.734,-42.307,-61.475,-80.849,-107.56,-131.5,-149.5,-169.22,-174.17,-170.2
-5.6545,-22.752,-42.298,-61.473,-80.838,-107.57,-131.48,-149.45,-169.26,-174.13,-170.24
-5.6224,-22.743,-42.294,-61.471,-80.873,-107.6,-131.48,-149.46,-169.18,-174.18,-170.33
-5.6297,-22.721,-42.291,-61.472,-80.909,-107.63,-131.45,-149.5,-169.16,-174.21,-170.23
-5.6401,-22.715,-42.289,-61.449,-80.888,-107.65,-131.46,-149.47,-169.24,-174.16,-170.19
-5.6577,-22.697,-42.275,-61.439,-80.899,-107.67,-131.47,-149.48,-169.24,-174.16,-170.25
-5.6463,-22.703,-42.271,-61.455,-80.907,-107.67,-131.48,-149.52,-169.24,-174.13,-170.21
-5.6125,-22.7,-42.268,-61.449,-80.908,-107.68,-131.46,-149.47,-169.27,-174.09,-170.18
-5.627,-22.7,-42.273,-61.442,-80.961,-107.69,-131.44,-149.43,-169.22,-174.08,-170.2
-5.6502,-22.726,-42.299,-61.432,-80.959,-107.72,-131.43,-149.46,-169.23,-174.05,-170.12
-5.6611,-22.725,-42.299,-61.431,-80.918,-107.72,-131.43,-149.46,-169.24,-174,-170.16
-5.6266,-22.664,-42.275,-61.438,-80.944,-107.71,-131.43,-149.44,-169.19,-174.05,-170.29
-5.6111,-22.608,-42.236,-61.43,-80.951,-107.72,-131.43,-149.46,-169.16,-174.15,-170.22
-5.6224,-22.615,-42.242,-61.421,-80.927,-107.75,-131.42,-149.47,-169.25,-174.1,-170.14
-5.6632,-22.637,-42.252,-61.409,-80.932,-107.71,-131.39,-149.45,-169.26,-174.07,-170.24
-5.6483,-22.628,-42.259,-61.405,-80.944,-107.67,-131.38,-149.42,-169.18,-174.11,-170.29
-5.6138,-22.626,-42.237,-61.395,-80.952,-107.69,-131.4,-149.45,-169.2,-174.09,-170.22
-5.6117,-22.625,-42.23,-61.387,-80.994,-107.73,-131.37,-149.48,-169.25,-174.02,-170.28
-5.6255,-22.631,-42.223,-61.377,-81.012,-107.72,-131.37,-149.44,-169.21,-174.05,-170.27
-5.65,-22.653,-42.225,-61.36,-80.989,-107.73,-131.4,-149.45,-169.2,-173.99,-170.26
-5.6302,-22.656,-42.216,-61.363,-81.022,-107.74,-131.39,-149.46,-169.17,-174,-170.27
-5.611,-22.65,-42.228,-61.338,-81.05,-107.75,-131.37,-149.41,-169.11,-174.03,-170.23
-5.6178,-22.678,-42.211,-61.322,-81.06,-107.76,-131.36,-149.4,-169.14,-173.96,-170.17
-5.6273,-22.703,-42.187,-61.322,-81.057,-107.76,-131.34,-149.41,-169.14,-173.9,-170.29
-5.6273,-22.706,-42.183,-61.31,-81.044,-107.76,-131.32,-149.38,-169.08,-173.95,-170.35
-5.6152,-22.718,-42.192,-61.276,-81.06,-107.76,-131.32,-149.35,-169.09,-173.95,-170.21
-5.6105,-22.742,-42.193,-61.253,-81.099,-107.74,-131.32,-149.36,-169.18,-173.86,-170.19
-5.6299,-22.769,-42.186,-61.274,-81.117,-107.72,-131.33,-149.37,-169.16,-173.87,-170.3
-5.6103,-22.805,-42.192,-61.238,-81.089,-107.68,-131.29,-149.34,-169.1,-173.91,-170.24
-5.6068,-22.825,-42.197,-61.212,-81.103,-107.66,-131.27,-149.34,-169.14,-173.83,-170.18
-5.6062,-22.811,-42.182,-61.216,-81.1,-107.64,-131.28,-149.36,-169.17,-173.85,-170.23
-5.6287,-22.832,-42.167,-61.208,-81.1,-107.63,-131.27,-149.34,-169.12,-173.86,-170.22
-5.6346,-22.856,-42.165,-61.19,-81.122,-107.64,-131.27,-149.34,-169.15,-173.81,-170.2
-5.6008,-22.878,-42.178,-61.174,-81.12,-107.65,-131.3,-149.36,-169.09,-173.81,-170.2
-5.5919,-22.885,-42.186,-61.176,-81.124,-107.67,-131.28,-149.32,-169.02,-173.8,-170.11
-5.6041,-22.882,-42.198,-61.152,-81.15,-107.71,-131.28,-149.29,-169.05,-173.72,-170.1
-5.6472,-22.879,-42.188,-61.137,-81.182,-107.72,-131.26,-149.33,-169.04,-173.72,-170.22
-5.623,-22.909,-42.149,-61.138,-81.172,-107.72,-131.28,-149.33,-168.97,-173.8,-170.15
-5.5971,-22.912,-42.155,-61.132,-81.203,-107.74,-131.27,-149.32,-169,-173.72,-170.03
-5.573,-22.872,-42.169,-61.119,-81.25,-107.76,-131.28,-149.33,-169.07,-173.64,-170.1
-5.611,-22.879,-42.178,-61.11,-81.235,-107.79,-131.27,-149.34,-169.03,-173.72,-170.19
-5.6451,-22.867,-42.153,-61.112,-81.24,-107.81,-131.26,-149.34,-168.99,-173.75,-170.11
-5.6095,-22.841,-42.157,-61.096,-81.24,-107.8,-131.24,-149.31,-169.04,-173.71,-170.14
-5.5888,-22.873,-42.158,-61.095,-81.227,-107.8,-131.22,-149.34,-169.04,-173.74,-170.14
-5.563,-22.873,-42.159,-61.103,-81.253,-107.81,-131.21,-149.36,-169.02,-173.74,-170.11
-5.6153,-22.868,-42.148,-61.093,-81.276,-107.82,-131.19,-149.33,-169.06,-173.72,-170.12
-5.6165,-22.922,-42.153,-61.055,-81.25,-107.78,-131.18,-149.35,-169.04,-173.77,-170.07
-5.5956,-22.875,-42.149,-61.05,-81.248,-107.76,-131.18,-149.39,-169.03,-173.75,-170
-5.569,-22.816,-42.128,-61.086,-81.248,-107.79,-131.19,-149.34,-169.08,-173.71,-170.09
-5.5692,-22.811,-42.12,-61.079,-81.235,-107.8,-131.19,-149.32,-169.05,-173.79,-170.17
-5.5956,-22.831,-42.124,-61.048,-81.243,-107.79,-131.17,-149.35,-169,-173.86,-170.05
-5.5876,-22.838,-42.121,-61.04,-81.236,-107.78,-131.17,-149.31,-169.04,-173.77,-170.01
-5.5903,-22.84,-42.123,-61.04,-81.243,-107.79,-131.16,-149.3,-169.11,-173.78,-170.09
-5.5547,-22.837,-42.135,-61.045,-81.269,-107.78,-131.13,-149.33,-169.06,-173.87,-170.03
-5.5627,-22.84,-42.119,-61.034,-81.295,-107.78,-131.11,-149.35,-169.03,-173.84,-169.97
-5.5613,-22.865,-42.119,-61.03,-81.279,-107.78,-131.12,-149.32,-169.08,-173.8,-170.03
-5.5598,-22.869,-42.113,-61.017,-81.312,-107.8,-131.12,-149.33,-169.06,-173.82,-170.04
-5.5601,-22.84,-42.1,-61.005,-81.347,-107.78,-131.09,-149.37,-169.03,-173.8,-170.05
-5.5466,-22.873,-42.112,-61.016,-81.342,-107.76,-131.1,-149.36,-169.08,-173.8,-170.06
-5.5348,-22.907,-42.126,-61.011,-81.357,-107.75,-131.08,-149.34,-169.04,-173.81,-169.98
-5.525,-22.897,-42.143,-61.005,-81.358,-107.74,-131.07,-149.41,-169.03,-173.72,-169.95
-5.5271,-22.913,-42.127,-61.005,-81.363,-107.72,-131.06,-149.39,-169.08,-173.72,-170.09
-5.5282,-22.923,-42.086,-60.998,-81.405,-107.69,-131.07,-149.34,-169.06,-173.84,-170.1
-5.529,-22.94,-42.09,-60.985,-81.401,-107.69,-131.08,-149.35,-169.03,-173.84,-169.96
-5.4999,-22.979,-42.111,-60.99,-81.377,-107.69,-131.06,-149.39,-169.1,-173.79,-170.01
-5.4923,-22.992,-42.122,-60.999,-81.402,-107.69,-131.04,-149.35,-169.15,-173.85,-170.08
-5.4981,-22.963,-42.095,-60.973,-81.397,-107.72,-131.04,-149.39,-169.08,-173.89,-170
-5.5068,-23.011,-42.09,-60.938,-81.389,-107.76,-131.05,-149.41,-169.07,-173.85,-169.96
-5.5112,-23.023,-42.086,-60.953,-81.396,-107.76,-131.03,-149.38,-169.12,-173.79,-169.99
-5.4884,-23.018,-42.082,-60.983,-81.403,-107.74,-131.02,-149.39,-169.1,-173.8,-169.94
-5.4817,-23.03,-42.076,-60.971,-81.398,-107.77,-131.03,-149.42,-169.12,-173.79,-169.94
-5.4971,-23.018,-42.08,-60.941,-81.411,-107.77,-131.01,-149.43,-169.18,-173.82,-169.9
-5.4957,-23,-42.079,-60.938,-81.428,-107.79,-130.99,-149.43,-169.12,-173.78,-169.82
-5.5011,-23.036,-42.056,-60.942,-81.42,-107.8,-130.97,-149.46,-169.07,-173.73,-169.89
-5.494,-23.047,-42.056,-60.942,-81.443,-107.79,-130.99,-149.47,-169.09,-173.81,-169.98
-5.4868,-22.992,-42.063,-60.94,-81.469,-107.8,-131,-149.41,-169.07,-173.88,-169.88
-5.4948,-23.016,-42.073,-60.942,-81.443,-107.83,-130.98,-149.39,-169.07,-173.83,-169.82
-5.4862,-23.002,-42.059,-60.929,-81.45,-107.81,-131,-149.41,-169.16,-173.78,-169.91
-5.4971,-22.969,-42.071,-60.932,-81.457,-107.77,-131,-149.41,-169.18,-173.85,-169.88
-5.4981,-23.012,-42.067,-60.96,-81.471,-107.8,-130.97,-149.42,-169.1,-173.84,-169.83
-5.4973,-22.985,-42.063,-60.953,-81.508,-107.83,-130.97,-149.45,-169.1,-173.82,-169.87
-5.4873,-22.968,-42.048,-60.95,-81.505,-107.82,-130.98,-149.43,-169.16,-173.79,-169.87
-5.4871,-23.024,-42.033,-60.97,-81.491,-107.82,-130.99,-149.43,-169.16,-173.78,-169.88
-5.4988,-22.974,-42.037,-60.963,-81.504,-107.86,-130.98,-149.47,-169.17,-173.78,-169.91
-5.5135,-22.918,-42.072,-60.962,-81.501,-107.86,-130.98,-149.48,-169.21,-173.81,-169.84
-5.5051,-22.904,-42.102,-60.97,-81.481,-107.86,-130.99,-149.46,-169.17,-173.75,-169.83
-5.485,-22.907,-42.077,-60.986,-81.49,-107.87,-130.95,-149.47,-169.17,-173.75,-169.98
-5.5019,-22.905,-42.026,-60.967,-81.509,-107.87,-130.94,-149.52,-169.19,-173.85,-170
-5.5083,-22.9,-42.022,-60.946,-81.503,-107.89,-130.93,-149.5,-169.14,-173.87,-169.85
-5.5322,-22.891,-42.038,-60.968,-81.522,-107.88,-130.92,-149.48,-169.13,-173.82,-169.88
-5.5138,-22.881,-42.044,-60.992,-81.532,-107.88,-130.92,-149.5,-169.24,-173.79,-169.99
-5.504,-22.892,-42.02,-60.983,-81.503,-107.88,-130.96,-149.5,-169.24,-173.79,-169.94
-5.5178,-22.882,-42.007,-60.956,-81.529,-107.86,-130.95,-149.47,-169.16,-173.8,-169.91
-5.5322,-22.843,-41.996,-60.961,-81.558,-107.84,-130.92,-149.52,-169.18,-173.77,-169.97
-5.5471,-22.869,-41.984,-60.97,-81.528,-107.85,-130.94,-149.54,-169.24,-173.76,-169.96
-5.5155,-22.88,-41.962,-60.974,-81.516,-107.87,-130.94,-149.51,-169.21,-173.78,-169.97
-5.5281,-22.859,-41.965,-60.979,-81.521,-107.86,-130.96,-149.54,-169.23,-173.79,-169.95
-5.5424,-22.877,-41.959,-60.968,-81.539,-107.87,-130.94,-149.57,-169.25,-173.76,-169.87
-5.5647,-22.867,-41.924,-60.969,-81.567,-107.9,-130.92,-149.55,-169.19,-173.71,-169.92
-5.5496,-22.874,-41.92,-60.987,-81.543,-107.92,-130.92,-149.57,-169.22,-173.79,-170.07
-5.5322,-22.903,-41.913,-61.002,-81.534,-107.91,-130.9,-149.58,-169.25,-173.86,-170
-5.5569,-22.892,-41.92,-60.989,-81.549,-107.93,-130.89,-149.58,-169.19,-173.85,-169.93
-5.5785,-22.872,-41.901,-60.994,-81.533,-107.94,-130.88,-149.56,-169.19,-173.81,-170.02
-5.5909,-22.93,-41.913,-61,-81.518,-107.98,-130.87,-149.57,-169.3,-173.86,-170.06
-5.557,-22.925,-41.9,-60.986,-81.531,-108.01,-130.85,-149.61,-169.29,-173.88,-169.99
-5.5659,-22.929,-41.904,-60.993,-81.541,-107.99,-130.88,-149.6,-169.21,-173.9,-170.02
-5.6002,-22.936,-41.892,-61.003,-81.535,-107.99,-130.87,-149.61,-169.25,-173.88,-170.03
-5.6254,-22.921,-41.89,-61.016,-81.541,-108.03,-130.83,-149.63,-169.3,-173.91,-170
-5.6181,-22.906,-41.891,-60.985,-81.557,-108.05,-130.84,-149.62,-169.25,-173.9,-170.03
-5.5937,-22.941,-41.911,-60.958,-81.543,-108.01,-130.84,-149.63,-169.24,-173.92,-169.97
-5.6151,-22.934,-41.932,-61.006,-81.558,-108,-130.83,-149.65,-169.22,-173.88,-169.92
-5.65,-22.879,-41.924,-61.026,-81.574,-108.05,-130.84,-149.64,-169.16,-173.9,-170.06
-5.6716,-22.919,-41.874,-61.01,-81.569,-108.08,-130.84,-149.64,-169.18,-173.98,-170.12
-5.6486,-22.888,-41.85,-60.994,-81.567,-108.07,-130.85,-149.66,-169.18,-174,-170.01
-5.644,-22.856,-41.868,-61.001,-81.555,-108.09,-130.82,-149.67,-169.11,-174,-170.01
-5.6727,-22.909,-41.873,-61.008,-81.56,-108.12,-130.79,-149.66,-169.13,-174.02,-170.1
-5.6979,-22.857,-41.853,-61.002,-81.574,-108.15,-130.79,-149.65,-169.22,-174.01,-170.07
-5.716,-22.856,-41.842,-61.011,-81.562,-108.15,-130.79,-149.68,-169.18,-174.06,-170.05
-5.69,-22.894,-41.83,-61.008,-81.556,-108.15,-130.78,-149.68,-169.11,-174.04,-170.1
-5.7011,-22.859,-41.816,-60.998,-81.564,-108.15,-130.81,-149.68,-169.17,-173.96,-170.08
-5.7362,-22.818,-41.797,-61.014,-81.549,-108.16,-130.83,-149.69,-169.2,-173.95,-170.1
-5.7344,-22.809,-41.794,-61.039,-81.509,-108.16,-130.81,-149.72,-169.15,-173.95,-170.11
-5.7415,-22.806,-41.789,-61.033,-81.507,-108.15,-130.81,-149.73,-169.19,-173.89,-170.03
-5.7371,-22.804,-41.774,-61.025,-81.524,-108.14,-130.84,-149.75,-169.18,-173.86,-170.08
-5.7607,-22.805,-41.77,-61.057,-81.513,-108.13,-130.83,-149.75,-169.13,-173.91,-170.2
-5.7755,-22.81,-41.766,-61.048,-81.514,-108.11,-130.84,-149.75,-169.15,-173.93,-170.16
-5.7598,-22.806,-41.776,-61.044,-81.521,-108.13,-130.86,-149.76,-169.17,-173.95,-170.06
-5.7626,-22.819,-41.766,-61.076,-81.517,-108.12,-130.84,-149.76,-169.11,-174.02,-170.14
-5.7798,-22.812,-41.777,-61.085,-81.532,-108.11,-130.83,-149.78,-169.15,-174.01,-170.18
-5.8143,-22.782,-41.772,-61.058,-81.533,-108.14,-130.82,-149.77,-169.23,-173.99,-170.11
-5.8038,-22.818,-41.787,-61.032,-81.517,-108.16,-130.83,-149.76,-169.16,-174,-170.09
-5.7897,-22.826,-41.774,-61.091,-81.52,-108.15,-130.82,-149.78,-169.12,-173.97,-170.1
-5.7774,-22.808,-41.779,-61.116,-81.514,-108.15,-130.81,-149.78,-169.19,-173.94,-170.07
-5.8198,-22.832,-41.774,-61.09,-81.51,-108.16,-130.8,-149.78,-169.18,-173.97,-170.11
-5.8475,-22.821,-41.792,-61.076,-81.54,-108.14,-130.81,-149.78,-169.15,-173.91,-170.06
-5.8259,-22.833,-41.825,-61.086,-81.516,-108.15,-130.79,-149.78,-169.21,-173.89,-169.99
-5.8113,-22.862,-41.816,-61.101,-81.499,-108.15,-130.77,-149.78,-169.16,-173.93,-170.1
-5.7908,-22.83,-41.772,-61.106,-81.511,-108.1,-130.78,-149.81,-169.12,-173.93,-170.18
-5.8471,-22.854,-41.748,-61.116,-81.495,-108.08,-130.77,-149.82,-169.16,-173.89,-170.07
-5.8555,-22.894,-41.774,-61.114,-81.485,-108.11,-130.77,-149.81,-169.16,-173.92,-170.04
