0.00084393,-0.027855,0.02475,0.0067175,0.0007932,-0.00046131,0.0077635,0.0058476,0.011198,0.021266,0.013785
0.0016816,-0.061233,0.048347,0.011077,0.00048827,0.0029516,0.015335,0.023114,0.020692,0.029286,0.032999
0.0024165,-0.092009,0.06458,0.014556,-0.0012206,0.0031368,0.033358,0.044238,0.054388,0.027231,0.05971
0.0032417,-0.11752,0.067985,0.022991,0.00076122,0.0067975,0.048809,0.063152,0.084379,0.035897,0.075427
0.0040622,-0.13674,0.059458,0.025741,0.00049732,0.0085943,0.065846,0.083846,0.098818,0.041789,0.10484
0.0044521,-0.14974,0.045718,0.028073,0.0041995,0.015131,0.089759,0.1085,0.11742,0.046687,0.12397
0.0053079,-0.15735,0.038726,0.029929,0.0085395,0.021736,0.10213,0.11999,0.13471,0.049347,0.14174
0.0062719,-0.15725,0.045873,0.035795,0.013743,0.030881,0.10998,0.12167,0.13693,0.067836,0.15916
0.0076088,-0.15127,0.06475,0.036434,0.018571,0.038936,0.12204,0.13,0.13616,0.075422,0.17111
0.0082248,-0.14209,0.08082,0.036723,0.026485,0.050451,0.12897,0.13203,0.14297,0.10593,0.17915
0.0089969,-0.12883,0.095399,0.044777,0.036095,0.060336,0.13256,0.13384,0.14671,0.12563,0.19695
0.0095714,-0.11145,0.099022,0.050178,0.041937,0.065227,0.13624,0.13921,0.15131,0.16016,0.20715
0.010986,-0.090004,0.086587,0.05509,0.051073,0.078063,0.15081,0.15349,0.17641,0.17407,0.21947
0.012069,-0.069325,0.070592,0.059988,0.060013,0.092111,0.1587,0.15478,0.17881,0.19363,0.23446
0.012945,-0.06058,0.057925,0.068713,0.062108,0.10528,0.16637,0.16381,0.20211,0.19294,0.25605
0.013937,-0.057091,0.059904,0.07156,0.068535,0.11375,0.17694,0.19061,0.22495,0.19548,0.27611
0.014603,-0.056246,0.067288,0.078348,0.074953,0.11585,0.19352,0.21016,0.25389,0.20064,0.3047
0.015483,-0.041454,0.073573,0.088659,0.077876,0.11554,0.20735,0.22478,0.26825,0.20997,0.33133
0.015951,-0.013282,0.07729,0.097299,0.079065,0.11682,0.22633,0.25049,0.30246,0.21986,0.34771
0.016708,0.028332,0.080314,0.1039,0.081454,0.1175,0.2446,0.26185,0.30487,0.23689,0.35944
0.017387,0.074747,0.083585,0.10797,0.082691,0.11741,0.26433,0.26703,0.30658,0.24448,0.36279
0.01757,0.12114,0.083203,0.11001,0.085555,0.12567,0.27763,0.2712,0.3153,0.26919,0.35463
0.018096,0.16751,0.080312,0.1145,0.087809,0.12951,0.28666,0.28616,0.33079,0.29315,0.35402
0.018963,0.21394,0.087766,0.1206,0.092624,0.13713,0.29144,0.28923,0.3356,0.32447,0.36438
0.019136,0.26037,0.10567,0.12666,0.0982,0.14614,0.29844,0.28615,0.34037,0.34775,0.365
0.019595,0.30675,0.13096,0.12958,0.10483,0.1576,0.30099,0.30212,0.37181,0.36731,0.3767
0.019778,0.34204,0.16075,0.13397,0.11313,0.1667,0.30716,0.3049,0.38634,0.38109,0.3894
0.020058,0.36214,0.18597,0.13805,0.12283,0.17739,0.31596,0.30729,0.41994,0.3844,0.4167
0.020772,0.36707,0.19239,0.1415,0.13065,0.18859,0.32244,0.32743,0.43927,0.39371,0.43366
0.020892,0.35425,0.1841,0.14552,0.13797,0.19775,0.33093,0.33924,0.46659,0.40126,0.46232
0.021173,0.32986,0.166,0.1472,0.14817,0.20239,0.33841,0.36028,0.48233,0.41304,0.48334
0.021772,0.32335,0.15477,0.15536,0.15622,0.20637,0.35407,0.37541,0.51454,0.41291,0.49868
0.021029,0.33112,0.15819,0.15942,0.16599,0.20613,0.3695,0.4023,0.51374,0.43077,0.50933
0.020715,0.34019,0.17521,0.1651,0.17347,0.20579,0.38678,0.41279,0.51867,0.4409,0.52207
0.020694,0.34986,0.19913,0.17195,0.18008,0.20699,0.4068,0.41905,0.51791,0.46905,0.52647
0.021213,0.35581,0.2192,0.17925,0.18559,0.21036,0.41969,0.43235,0.53684,0.49562,0.52922
0.021007,0.34785,0.2279,0.18317,0.18746,0.21232,0.43087,0.43959,0.541,0.51795,0.54164
0.021184,0.32426,0.21703,0.19119,0.19094,0.21682,0.43837,0.44229,0.5585,0.53441,0.54669
0.021101,0.29089,0.1982,0.20037,0.19284,0.22171,0.44335,0.44611,0.56011,0.5503,0.55624
0.021058,0.2576,0.17913,0.20771,0.19449,0.23103,0.44638,0.46437,0.57234,0.55049,0.56771
0.02116,0.22753,0.1738,0.21466,0.19569,0.23981,0.45073,0.46559,0.59502,0.55445,0.5877
0.021078,0.20078,0.1782,0.2227,0.20041,0.2514,0.46216,0.46653,0.6225,0.56097,0.60982
0.020911,0.17869,0.18967,0.23038,0.20441,0.26129,0.47127,0.49368,0.63985,0.56907,0.63475
0.020696,0.16131,0.20064,0.23668,0.21141,0.27287,0.48398,0.51118,0.66052,0.57591,0.65201
0.020484,0.14969,0.20843,0.24412,0.22077,0.28717,0.49002,0.52509,0.68112,0.59992,0.6669
0.019604,0.1448,0.21145,0.25231,0.22875,0.29979,0.50736,0.54742,0.68449,0.61248,0.66928
0.019797,0.14569,0.21267,0.25668,0.23625,0.31172,0.52399,0.5668,0.69147,0.63916,0.67474
0.019137,0.1495,0.20688,0.26137,0.24572,0.31693,0.54145,0.57388,0.69795,0.65943,0.67602
0.019322,0.15708,0.20809,0.26526,0.25432,0.31869,0.56373,0.57935,0.69668,0.69986,0.69407
0.019196,0.16639,0.21941,0.27075,0.26263,0.31915,0.57884,0.59419,0.70041,0.72434,0.70919
0.018966,0.1773,0.24132,0.27568,0.27321,0.31797,0.59191,0.59649,0.7231,0.7513,0.72281
0.01944,0.18696,0.27238,0.2796,0.28106,0.32012,0.59948,0.59584,0.72257,0.75588,0.73417
0.019289,0.18469,0.30645,0.28861,0.28725,0.32265,0.60618,0.60247,0.74405,0.75955,0.75331
0.019526,0.18579,0.32376,0.29568,0.29363,0.32936,0.61205,0.60893,0.76213,0.77449,0.77381
0.019616,0.18811,0.3251,0.3058,0.29617,0.33656,0.6141,0.61347,0.78737,0.78911,0.80132
0.020273,0.21518,0.31459,0.31557,0.29961,0.34927,0.62225,0.62737,0.8094,0.80526,0.82679
0.021124,0.25886,0.29724,0.32602,0.30154,0.35806,0.63092,0.65072,0.83858,0.81526,0.84349
0.022221,0.30517,0.29164,0.33225,0.30394,0.36832,0.63957,0.66953,0.85054,0.83108,0.85773
0.022972,0.35154,0.3004,0.34294,0.30552,0.37997,0.65007,0.68844,0.854,0.84295,0.85922
0.023222,0.39791,0.32023,0.35445,0.31004,0.39063,0.66092,0.70874,0.86916,0.86791,0.84792
0.023722,0.44426,0.34165,0.36228,0.31646,0.40366,0.67112,0.72472,0.87602,0.89869,0.84652
0.024835,0.49069,0.35642,0.36926,0.3216,0.40987,0.68868,0.73268,0.88454,0.92399,0.85655
0.02554,0.53711,0.35814,0.37307,0.33011,0.41402,0.70863,0.73773,0.89357,0.93855,0.85622
0.026281,0.58351,0.34317,0.37657,0.33686,0.41701,0.72445,0.74599,0.9172,0.9488,0.86733
0.027403,0.62763,0.32241,0.38174,0.34454,0.41519,0.7364,0.75038,0.9321,0.95147,0.87934
0.028834,0.65474,0.31043,0.3856,0.3528,0.42043,0.74722,0.75128,0.96987,0.95778,0.90086
0.030106,0.66404,0.30981,0.39388,0.36184,0.42002,0.75481,0.75873,0.99195,0.95767,0.91672
0.030732,0.65598,0.31736,0.39606,0.36843,0.423,0.75862,0.76579,1.0131,0.96797,0.94943
0.031166,0.63349,0.33051,0.39915,0.3783,0.43163,0.76168,0.77326,1.0292,0.96953,0.97127
0.031783,0.62409,0.34208,0.4043,0.38551,0.43441,0.77041,0.7907,1.0573,0.99109,0.98921
0.032643,0.62603,0.35028,0.40863,0.39273,0.43754,0.77758,0.81177,1.0654,1.0006,0.99567
0.034096,0.62638,0.35343,0.41322,0.39953,0.44443,0.78454,0.83275,1.0669,1.0331,1.0049
0.035139,0.62828,0.3518,0.41655,0.40209,0.45581,0.79987,0.85268,1.0774,1.055,1.0113
0.03575,0.62252,0.34557,0.42636,0.40444,0.46513,0.80975,0.87296,1.0905,1.0892,1.016
0.036153,0.599,0.35128,0.43038,0.40658,0.47498,0.82742,0.88546,1.1005,1.1033,1.0247
0.036923,0.56633,0.36501,0.43669,0.40976,0.48725,0.84287,0.891,1.1176,1.1199,1.0292
0.037938,0.53299,0.38763,0.44496,0.41098,0.50199,0.86108,0.89463,1.1256,1.1216,1.0378
0.038964,0.50174,0.41556,0.45369,0.4165,0.51505,0.88073,0.9028,1.1372,1.1273,1.0532
0.039802,0.47303,0.43934,0.45831,0.42055,0.52446,0.89419,0.9076,1.1731,1.1304,1.0781
0.040312,0.44792,0.44588,0.46534,0.42402,0.52685,0.90621,0.90897,1.1985,1.1416,1.1035
0.041334,0.42432,0.44044,0.47418,0.43354,0.52678,0.91553,0.91999,1.2119,1.1498,1.1294
0.042187,0.40415,0.42454,0.4815,0.44199,0.52884,0.92032,0.92464,1.2398,1.1691,1.1475
0.04307,0.3899,0.41487,0.48833,0.45111,0.52951,0.92436,0.93416,1.2559,1.1754,1.1596
0.043951,0.38047,0.41691,0.49379,0.46098,0.53223,0.92702,0.94927,1.2567,1.1953,1.1597
0.044816,0.37464,0.42881,0.4987,0.47081,0.53629,0.93712,0.97155,1.2583,1.2152,1.163
0.045691,0.37317,0.44895,0.50477,0.47772,0.54213,0.94786,0.98901,1.263,1.253,1.1703
0.046557,0.3745,0.46646,0.50852,0.48671,0.54761,0.95946,1.0078,1.2672,1.2838,1.1841
0.047474,0.37764,0.47672,0.51554,0.49524,0.55605,0.96673,1.0283,1.2737,1.3085,1.2009
0.048009,0.38201,0.46699,0.518,0.50183,0.56914,0.98261,1.0391,1.2935,1.3217,1.2092
0.048636,0.38131,0.4506,0.52198,0.50955,0.58414,0.99809,1.0426,1.2951,1.3305,1.2196
0.048575,0.37837,0.43469,0.5228,0.51135,0.59612,1.016,1.0528,1.3105,1.3389,1.2377
0.04825,0.37976,0.43175,0.52606,0.51417,0.60698,1.037,1.0577,1.33,1.3459,1.2616
0.049427,0.38371,0.43836,0.52974,0.51521,0.61939,1.0517,1.0622,1.3546,1.3626,1.2818
0.049735,0.41743,0.44463,0.53255,0.51782,0.6261,1.0636,1.0672,1.3702,1.3736,1.3083
0.050924,0.46382,0.45155,0.54037,0.51882,0.62959,1.0734,1.0819,1.4041,1.387,1.3295
0.050553,0.51028,0.45604,0.54511,0.52414,0.63197,1.0816,1.0879,1.4114,1.4021,1.3374
0.050851,0.55668,0.45865,0.55152,0.52905,0.63375,1.0861,1.1039,1.4097,1.427,1.3351
0.051055,0.60311,0.4598,0.55886,0.53613,0.63587,1.0905,1.1249,1.4222,1.4511,1.3351
0.051571,0.6496,0.45688,0.56587,0.54315,0.63744,1.0983,1.1481,1.4217,1.4826,1.3322
0.052375,0.69607,0.45913,0.5716,0.55057,0.64105,1.1084,1.1662,1.4228,1.5034,1.3373
0.052631,0.74254,0.47172,0.58055,0.55835,0.64812,1.1166,1.1894,1.4276,1.5186,1.3538
0.052798,0.78899,0.49096,0.59054,0.56734,0.65501,1.1269,1.2008,1.4446,1.517,1.3621
0.053229,0.83543,0.51753,0.60019,0.57686,0.66296,1.1402,1.2089,1.4576,1.5161,1.3771
0.053827,0.87268,0.54244,0.60518,0.58504,0.67047,1.152,1.2104,1.4923,1.5124,1.406
0.054176,0.89058,0.5524,0.60876,0.59446,0.68439,1.1715,1.222,1.5152,1.5245,1.429
0.05464,0.88753,0.5492,0.61319,0.60254,0.70022,1.1919,1.2282,1.5318,1.5351,1.4592
0.055246,0.87315,0.53579,0.61915,0.60994,0.70759,1.2112,1.2316,1.5457,1.5544,1.4825
0.056104,0.87217,0.52324,0.62101,0.61657,0.71733,1.2224,1.2442,1.5682,1.5668,1.4997
0.056816,0.86964,0.52452,0.62264,0.61907,0.73673,1.2345,1.2487,1.5712,1.596,1.5076
0.057772,0.87008,0.53736,0.62593,0.62208,0.75234,1.2419,1.2542,1.5751,1.6126,1.5135
0.059102,0.87137,0.55925,0.62861,0.62513,0.76179,1.2468,1.2702,1.5822,1.6503,1.5236
0.05987,0.85224,0.5768,0.63051,0.62631,0.76652,1.2483,1.2907,1.5882,1.6738,1.5328
0.060684,0.82474,0.58694,0.63362,0.62948,0.7679,1.2577,1.3086,1.5915,1.6945,1.5474
0.061974,0.79775,0.57982,0.63875,0.636,0.77088,1.2654,1.3246,1.6038,1.7043,1.5558
0.063884,0.77322,0.56467,0.63774,0.64172,0.77292,1.2717,1.3494,1.6146,1.713,1.5659
0.065495,0.75007,0.54828,0.64164,0.6481,0.77715,1.2835,1.3617,1.625,1.7324,1.5725
0.067117,0.72721,0.54378,0.64757,0.65657,0.78451,1.2908,1.3665,1.6553,1.7389,1.6042
0.068408,0.70289,0.54909,0.65301,0.66414,0.79338,1.308,1.3803,1.6779,1.7544,1.6269
0.069938,0.67972,0.55895,0.65614,0.67383,0.8026,1.323,1.3858,1.6939,1.7663,1.6471
0.072426,0.66073,0.56722,0.66049,0.68361,0.81222,1.3441,1.3902,1.7175,1.7773,1.6744
0.074493,0.64357,0.57281,0.66591,0.69281,0.82651,1.3657,1.3913,1.7283,1.7895,1.6893
0.07671,0.63005,0.57755,0.67289,0.70366,0.83923,1.3784,1.4084,1.7281,1.8185,1.6847
0.079405,0.62154,0.57918,0.67847,0.71367,0.85393,1.392,1.4071,1.7272,1.8438,1.6906
0.081652,0.61445,0.57619,0.68669,0.72236,0.866,1.4,1.4134,1.7318,1.8717,1.6945
0.084426,0.60755,0.57645,0.69087,0.73052,0.87718,1.4051,1.4374,1.7316,1.8924,1.7058
0.086422,0.60057,0.58771,0.694,0.73662,0.88684,1.4094,1.4595,1.7402,1.9044,1.7231
0.088645,0.59116,0.6074,0.69749,0.73847,0.89041,1.4166,1.4778,1.7536,1.9018,1.7372
0.09145,0.5916,0.63775,0.70159,0.74387,0.89264,1.4243,1.5008,1.7554,1.907,1.7439
0.094462,0.59088,0.66711,0.70459,0.74714,0.89601,1.4304,1.518,1.7749,1.899,1.7619
0.09721,0.59277,0.68282,0.70921,0.74722,0.90319,1.4418,1.5251,1.7878,1.9096,1.7857
0.099856,0.60832,0.68441,0.71218,0.75125,0.90553,1.4485,1.5272,1.8099,1.916,1.8093
0.10212,0.63827,0.66955,0.71159,0.75508,0.90978,1.4636,1.5495,1.8266,1.9351,1.8365
0.10407,0.6847,0.65314,0.71137,0.76091,0.91401,1.4759,1.5531,1.8512,1.9481,1.8606
0.10599,0.73108,0.65147,0.71392,0.76507,0.9231,1.4948,1.549,1.8584,1.9803,1.8669
0.10811,0.77747,0.66281,0.71593,0.77221,0.93192,1.5162,1.5582,1.8575,2.0005,1.8642
0.10987,0.82392,0.68524,0.71467,0.77939,0.94505,1.5297,1.5663,1.8649,2.033,1.8681
0.11109,0.87036,0.70372,0.71873,0.78798,0.95772,1.5454,1.5722,1.8591,2.0536,1.865
0.11227,0.91683,0.71893,0.72181,0.79641,0.97245,1.5562,1.5795,1.8578,2.0704,1.8733
0.11353,0.96334,0.71853,0.72906,0.80354,0.97918,1.5608,1.6065,1.8746,2.0741,1.8896
0.11481,1.0098,0.7031,0.73446,0.81532,0.99267,1.567,1.625,1.8791,2.0768,1.8968
0.11548,1.0562,0.68349,0.73859,0.82523,1.0135,1.5711,1.6406,1.8862,2.0903,1.9103
0.11623,1.0986,0.67618,0.74086,0.83531,1.0287,1.5803,1.6685,1.9251,2.1008,1.9393
0.11688,1.1205,0.67903,0.74655,0.84299,1.0384,1.5867,1.6826,1.9407,2.1163,1.9604
0.11759,1.1235,0.68971,0.75422,0.85147,1.0422,1.5969,1.6861,1.9593,2.1334,1.9941
0.11861,1.1222,0.70204,0.76028,0.85513,1.0438,1.6084,1.6881,1.9881,2.1471,2.0192
0.11919,1.1207,0.71124,0.76427,0.85992,1.0505,1.6204,1.6978,2.0043,2.1623,2.0352
0.11916,1.119,0.71716,0.76764,0.86385,1.0513,1.6366,1.6978,2.009,2.1896,2.0398
0.12054,1.1198,0.72016,0.77319,0.86547,1.0551,1.6526,1.6972,2.018,2.2154,2.0435
0.12059,1.109,0.71783,0.77469,0.87051,1.0606,1.6703,1.7204,2.0169,2.2434,2.0559
0.12156,1.0886,0.71432,0.77523,0.87638,1.0703,1.6876,1.7212,2.0195,2.2683,2.0583
0.12173,1.0698,0.7224,0.77969,0.88129,1.0801,1.7003,1.7226,2.0353,2.2787,2.068
0.12137,1.0521,0.74066,0.78373,0.88839,1.0927,1.7119,1.7467,2.0483,2.2816,2.0766
0.1222,1.035,0.76812,0.78331,0.89278,1.1043,1.7167,1.7599,2.0571,2.2916,2.0851
0.1216,1.0176,0.79942,0.78198,0.90127,1.1209,1.7265,1.7808,2.069,2.2846,2.0951
0.12175,0.99726,0.8218,0.78722,0.90999,1.1356,1.7303,1.7976,2.1038,2.2963,2.1252
0.12056,0.97534,0.82783,0.78542,0.92037,1.1495,1.7377,1.8259,2.1251,2.2985,2.1456
0.12033,0.95381,0.81954,0.78419,0.92904,1.1578,1.7459,1.8341,2.1377,2.3159,2.1613
0.12033,0.93089,0.80021,0.79117,0.94434,1.1651,1.752,1.8383,2.1662,2.328,2.1833
0.11999,0.90972,0.79033,0.79324,0.95425,1.1725,1.7596,1.8621,2.1765,2.3614,2.1987
0.11972,0.88932,0.79578,0.79833,0.96599,1.1736,1.7718,1.8614,2.1745,2.3806,2.1996
0.11934,0.87127,0.81403,0.80286,0.97351,1.1756,1.7894,1.8548,2.1943,2.412,2.2046
0.11863,0.85365,0.83606,0.80732,0.98193,1.1835,1.8053,1.8613,2.1932,2.4302,2.215
0.11809,0.83797,0.85471,0.80804,0.98509,1.1874,1.8251,1.8753,2.1912,2.446,2.2246
0.11755,0.8187,0.8613,0.81126,0.98902,1.196,1.8467,1.877,2.2152,2.447,2.2408
0.11739,0.81563,0.849,0.81594,0.99418,1.2012,1.8604,1.8803,2.2196,2.4533,2.2549
0.11731,0.81388,0.83242,0.81908,0.99482,1.21,1.8716,1.9267,2.2196,2.4565,2.266
0.11763,0.81273,0.82033,0.8208,0.99855,1.2188,1.8832,1.9412,2.2399,2.4671,2.2832
0.11699,0.80839,0.81993,0.82457,1.0047,1.2305,1.89,1.9576,2.256,2.4775,2.3132
0.11757,0.81646,0.82509,0.83178,1.0116,1.2456,1.8923,1.9825,2.2758,2.496,2.3382
0.11693,0.84289,0.83632,0.83388,1.0189,1.2553,1.8949,1.9994,2.2937,2.5047,2.3651
0.11654,0.88758,0.84747,0.83616,1.031,1.2622,1.909,2.0022,2.3197,2.5285,2.3917
0.11638,0.93403,0.85525,0.83873,1.0391,1.277,1.918,2.0009,2.3287,2.5477,2.4013
0.11592,0.98045,0.86028,0.84099,1.0496,1.2994,1.934,2.0151,2.3259,2.5802,2.3991
0.11575,1.0269,0.86178,0.84064,1.0596,1.3161,1.948,2.0151,2.3434,2.6064,2.3956
0.11515,1.0734,0.85747,0.83906,1.0694,1.3231,1.9646,2.008,2.3408,2.6297,2.395
0.11517,1.1199,0.8604,0.84083,1.0812,1.3253,1.9804,2.0266,2.3451,2.6345,2.3973
0.11452,1.1664,0.87241,0.83947,1.0925,1.3291,1.9983,2.0264,2.3636,2.6388,2.415
0.11449,1.2129,0.89302,0.83892,1.1053,1.3326,2.0229,2.0292,2.3717,2.6517,2.4205
0.11451,1.2593,0.91991,0.84327,1.1127,1.3374,2.0367,2.0457,2.3778,2.6512,2.434
0.11423,1.3033,0.94608,0.84594,1.1198,1.3437,2.0523,2.063,2.4142,2.6593,2.4592
0.11368,1.3283,0.95616,0.85058,1.1247,1.3496,2.0629,2.0839,2.4269,2.6663,2.4835
0.11383,1.3383,0.95258,0.85525,1.1273,1.3572,2.0717,2.0998,2.4489,2.6774,2.5179
0.11429,1.3364,0.93728,0.85974,1.1328,1.368,2.0751,2.1304,2.4739,2.6882,2.5379
0.11415,1.3374,0.92583,0.86314,1.134,1.3813,2.0808,2.143,2.4911,2.7204,2.5551
0.11388,1.336,0.92841,0.86855,1.1376,1.3934,2.089,2.1456,2.4934,2.7393,2.5628
0.11342,1.3296,0.94299,0.87499,1.1449,1.4073,2.1019,2.1575,2.497,2.7694,2.566
0.11283,1.3212,0.9617,0.87801,1.1513,1.4199,2.1074,2.1616,2.5008,2.7938,2.5778
0.11307,1.3111,0.9754,0.88115,1.1579,1.4328,2.1146,2.1618,2.5053,2.808,2.5873
0.11266,1.3036,0.9862,0.88394,1.1634,1.4411,2.1277,2.1594,2.5104,2.8078,2.5954
0.11332,1.296,0.97934,0.88831,1.1726,1.4497,2.146,2.1871,2.5232,2.818,2.609
0.1132,1.2853,0.96351,0.88939,1.1804,1.453,2.1611,2.187,2.5358,2.8151,2.6196
0.11299,1.2691,0.94748,0.89064,1.1908,1.4543,2.1826,2.1868,2.5487,2.8249,2.6314
0.11365,1.2482,0.9456,0.89276,1.2017,1.4558,2.2017,2.224,2.5881,2.8387,2.6597
0.11417,1.2257,0.95104,0.8959,1.2123,1.4608,2.216,2.2438,2.6067,2.8577,2.6859
0.1151,1.2018,0.95816,0.89576,1.2247,1.466,2.2226,2.2615,2.6261,2.8682,2.7
0.1157,1.177,0.96538,0.89385,1.234,1.4726,2.2352,2.2834,2.6508,2.8927,2.7202
0.11603,1.1534,0.9701,0.89389,1.2434,1.4808,2.2442,2.3018,2.6628,2.9078,2.7367
0.11615,1.1281,0.97234,0.89214,1.2494,1.4908,2.2498,2.3084,2.6659,2.9446,2.7363
0.11715,1.1023,0.97247,0.89275,1.2554,1.5003,2.2576,2.3115,2.6795,2.9635,2.7397
0.11803,1.0762,0.97098,0.89663,1.2595,1.5128,2.2704,2.3287,2.6803,2.9864,2.7434
0.11888,1.0489,0.97193,0.90138,1.263,1.5291,2.2778,2.3316,2.6882,2.9961,2.753
0.11929,1.0358,0.9833,0.90615,1.2638,1.5358,2.2866,2.3242,2.7029,3.0012,2.7664
0.1198,1.0376,1.0014,0.90888,1.2676,1.5436,2.3052,2.3325,2.7132,3.0156,2.7825
0.12029,1.0404,1.0263,0.91291,1.274,1.5633,2.3214,2.3366,2.7151,3.0197,2.7933
0.12059,1.0267,1.051,0.91803,1.2781,1.5862,2.3365,2.3413,2.7307,3.0289,2.8136
0.12033,1.0123,1.0611,0.9239,1.2852,1.6018,2.3548,2.3568,2.7597,3.0389,2.8347
0.12167,1.0158,1.0584,0.92765,1.2917,1.6045,2.3814,2.3754,2.7862,3.0487,2.8772
0.12137,1.0385,1.0422,0.93337,1.3017,1.6079,2.3942,2.3997,2.8087,3.059,2.9
0.12237,1.0844,1.0278,0.93525,1.31,1.6169,2.4092,2.4178,2.8405,3.0869,2.9175
0.12247,1.1309,1.027,0.93726,1.3183,1.6174,2.4232,2.4446,2.8492,3.1089,2.9305
0.12235,1.1773,1.0381,0.94298,1.3278,1.6236,2.4306,2.4589,2.85,3.1357,2.9337
0.12311,1.2237,1.0571,0.94228,1.3364,1.6294,2.4331,2.4675,2.8587,3.1614,2.9436
0.12345,1.2703,1.0722,0.94482,1.3479,1.637,2.4397,2.4757,2.8624,3.1697,2.9481
0.12359,1.3168,1.0822,0.94639,1.3549,1.6465,2.4516,2.4797,2.8649,3.1649,2.9596
0.12314,1.3633,1.0763,0.95413,1.3645,1.6558,2.4593,2.4772,2.8827,3.175,2.9661
0.12288,1.4098,1.0592,0.95277,1.3721,1.6689,2.4648,2.4774,2.8886,3.1676,2.9764
0.12292,1.4561,1.0412,0.9525,1.3779,1.6855,2.4801,2.4985,2.8918,3.1767,2.9826
0.1229,1.4975,1.0371,0.95338,1.3801,1.6984,2.4951,2.4992,2.9188,3.1823,3.0114
0.12248,1.5249,1.0417,0.95491,1.3853,1.71,2.5101,2.5046,2.9339,3.2015,3.0318
0.12198,1.5234,1.0497,0.95554,1.3868,1.7212,2.5312,2.5265,2.9588,3.2088,3.0534
0.12223,1.5225,1.0557,0.96119,1.3869,1.7297,2.553,2.5482,2.9739,3.2478,3.0788
0.12162,1.5233,1.0596,0.96404,1.3947,1.7359,2.5688,2.5655,2.9987,3.2632,3.0932
0.12165,1.523,1.062,0.96957,1.399,1.7369,2.5795,2.5911,3.001,3.295,3.0914
0.12116,1.5265,1.0609,0.97398,1.4055,1.739,2.5922,2.6118,3.0062,3.3144,3.1001
0.12144,1.5291,1.0573,0.97998,1.414,1.7461,2.6015,2.6234,3.0164,3.3327,3.1066
0.121,1.5316,1.0556,0.98467,1.4225,1.7486,2.6083,2.6293,3.0147,3.3353,3.1238
0.12103,1.5326,1.0641,0.9902,1.431,1.7581,2.6124,2.6389,3.0144,3.3407,3.1369
0.12076,1.5267,1.0812,0.99709,1.4396,1.7633,2.6219,2.6411,3.0299,3.3476,3.1538
0.12055,1.5149,1.1076,1.0029,1.4464,1.7754,2.6354,2.6387,3.0377,3.3598,3.1575
0.12087,1.4969,1.1341,1.0073,1.4554,1.7862,2.6436,2.6487,3.0503,3.3751,3.1787
0.12117,1.4779,1.1493,1.0111,1.4643,1.7972,2.6578,2.655,3.0905,3.3909,3.197
0.12168,1.4559,1.1509,1.0179,1.4714,1.8118,2.6696,2.6604,3.1092,3.3978,3.2202
0.12173,1.4314,1.1368,1.0194,1.4778,1.8252,2.6873,2.6725,3.1292,3.4139,3.2461
0.1225,1.403,1.119,1.025,1.4834,1.8292,2.7015,2.6899,3.1515,3.4352,3.2667
0.12306,1.3723,1.1155,1.0281,1.4854,1.8389,2.7234,2.7093,3.1662,3.4615,3.2731
0.12365,1.3399,1.1247,1.0343,1.4845,1.8633,2.743,2.7305,3.1719,3.4846,3.2749
0.12422,1.3067,1.1463,1.0342,1.4882,1.8809,2.7547,2.7506,3.1815,3.5118,3.2741
0.1246,1.2734,1.1631,1.0351,1.4884,1.8927,2.7659,2.771,3.1892,3.5148,3.267
0.12594,1.2605,1.1746,1.0355,1.4914,1.8949,2.7789,2.7813,3.1961,3.5136,3.275
0.12644,1.2695,1.1729,1.04,1.4938,1.8999,2.7871,2.7895,3.2124,3.5276,3.2846
0.12744,1.2798,1.1543,1.0402,1.4968,1.902,2.7922,2.7998,3.226,3.5195,3.2968
0.12829,1.2797,1.1342,1.0449,1.5012,1.9037,2.8007,2.8026,3.2352,3.5256,3.3087
0.12911,1.2452,1.1272,1.0506,1.5096,1.9088,2.8131,2.8004,3.2526,3.5343,3.3373
0.12993,1.2302,1.1312,1.0568,1.5186,1.9157,2.8189,2.8076,3.282,3.5457,3.357
0.13038,1.2345,1.1406,1.0614,1.5244,1.9247,2.8275,2.8161,3.3071,3.5572,3.395
0.13124,1.2629,1.1485,1.0679,1.5331,1.9335,2.8416,2.8271,3.3266,3.596,3.4216
0.1321,1.3094,1.1541,1.0732,1.5377,1.9443,2.857,2.8409,3.3557,3.6111,3.4367
0.13277,1.3559,1.1591,1.0819,1.5452,1.9545,2.8704,2.8644,3.3688,3.6404,3.4484
0.13381,1.4023,1.1575,1.0916,1.5526,1.9759,2.8872,2.8896,3.3712,3.667,3.4577
0.13411,1.4488,1.1536,1.0992,1.5593,1.9889,2.9125,2.9135,3.3847,3.6831,3.4615
0.13487,1.4954,1.1516,1.1038,1.5654,2.003,2.9272,2.933,3.3876,3.6836,3.4686
0.1356,1.5419,1.1586,1.1057,1.5711,2.0123,2.9377,2.9509,3.3928,3.6914,3.4864
0.13524,1.5884,1.1751,1.1117,1.5749,2.0243,2.9502,2.9612,3.4131,3.6961,3.4914
0.13597,1.6347,1.1999,1.115,1.5751,2.0316,2.9581,2.9633,3.4212,3.7031,3.5016
0.13675,1.6811,1.2301,1.1189,1.5774,2.0327,2.9643,2.9741,3.4266,3.7228,3.5179
0.13695,1.7232,1.2503,1.1215,1.5777,2.0337,2.9701,2.9784,3.4455,3.735,3.5402
0.13733,1.7342,1.2555,1.1289,1.5803,2.0439,2.9834,2.9819,3.4679,3.7448,3.5649
0.1378,1.733,1.2468,1.1289,1.5818,2.0474,2.993,2.9867,3.4905,3.7676,3.5845
0.13889,1.7358,1.2294,1.129,1.5867,2.055,2.9978,2.9984,3.5066,3.792,3.6062
0.13983,1.7389,1.2223,1.1299,1.59,2.0616,3.0044,3.0057,3.5335,3.8179,3.6203
0.14017,1.7488,1.2279,1.1353,1.5965,2.0716,3.0193,3.0239,3.5417,3.8438,3.6188
0.14061,1.7634,1.2446,1.1359,1.6041,2.0796,3.0367,3.0451,3.5437,3.8629,3.6259
0.14131,1.7763,1.2623,1.1422,1.6099,2.0927,3.0525,3.0696,3.5569,3.8683,3.6154
0.14191,1.7855,1.2762,1.1474,1.6161,2.1096,3.0759,3.0916,3.5576,3.8705,3.6281
0.14235,1.7862,1.2797,1.156,1.6229,2.1174,3.0923,3.1141,3.5612,3.8837,3.636
0.14236,1.781,1.2648,1.1604,1.6295,2.1213,3.1048,3.1302,3.5789,3.8784,3.6533
0.14302,1.7688,1.2448,1.1647,1.6384,2.1368,3.1129,3.136,3.5862,3.8864,3.6603
0.14277,1.7522,1.2337,1.1687,1.6464,2.1646,3.1271,3.1435,3.5927,3.8949,3.6968
0.14335,1.7312,1.2346,1.1749,1.653,2.19,3.1324,3.1473,3.6249,3.9022,3.7095
0.14316,1.7087,1.2423,1.1824,1.6578,2.2042,3.1363,3.1476,3.6373,3.914,3.7404
0.14388,1.6809,1.2511,1.1893,1.6606,2.2058,3.1436,3.1512,3.6602,3.9514,3.767
0.14386,1.649,1.2593,1.1949,1.6585,2.2079,3.1551,3.1644,3.681,3.967,3.7814
0.14481,1.6178,1.2644,1.1965,1.6598,2.2159,3.1589,3.1699,3.6985,3.9916,3.7824
0.1443,1.5845,1.2665,1.2008,1.6614,2.2203,3.1669,3.1793,3.6999,4.0208,3.7899
0.14415,1.5517,1.267,1.203,1.6614,2.2253,3.1857,3.2013,3.7065,4.0325,3.7863
0.14378,1.545,1.2615,1.2092,1.6622,2.2307,3.2,3.2262,3.7095,4.0358,3.7805
0.14418,1.5606,1.2664,1.2115,1.6658,2.2408,3.2169,3.2471,3.7081,4.052,3.7937
0.14421,1.5801,1.2805,1.218,1.6709,2.2511,3.2326,3.2705,3.7131,4.0474,3.799
0.14359,1.5822,1.3024,1.2191,1.6768,2.2641,3.2592,3.288,3.7284,4.058,3.8066
0.1435,1.5503,1.3303,1.2191,1.6842,2.2793,3.2714,3.2998,3.7356,4.0714,3.819
0.14328,1.5216,1.3543,1.2237,1.6897,2.294,3.282,3.3037,3.745,4.0842,3.8532
0.14317,1.5146,1.3611,1.2249,1.6956,2.307,3.2923,3.3201,3.7877,4.0915,3.8741
0.1425,1.5307,1.356,1.2293,1.7028,2.3211,3.3044,3.3244,3.8058,4.1261,3.9107
0.14235,1.5726,1.3414,1.2362,1.7087,2.332,3.3095,3.3232,3.8271,4.1356,3.9363
0.14241,1.6191,1.3309,1.2418,1.7172,2.3419,3.3167,3.3345,3.8544,4.165,3.9523
0.14233,1.6655,1.3346,1.2464,1.7232,2.3491,3.3307,3.3411,3.8683,4.1903,3.9592
0.14242,1.712,1.349,1.2522,1.7314,2.352,3.3404,3.3485,3.872,4.2061,3.9713
0.14262,1.7585,1.3679,1.2607,1.7348,2.356,3.345,3.3625,3.8823,4.2094,3.9782
0.1428,1.8051,1.3813,1.2648,1.7408,2.3611,3.3613,3.3869,3.886,4.219,3.9861
0.14309,1.8515,1.3879,1.272,1.741,2.3662,3.3744,3.4081,3.8921,4.222,4.0026
0.14319,1.8979,1.3762,1.2803,1.7442,2.3749,3.3944,3.4314,3.9056,4.2193,4.0075
0.14338,1.9443,1.3584,1.2878,1.7445,2.3836,3.4119,3.4558,3.9201,4.2315,4.0108
0.14362,1.9906,1.3457,1.2929,1.7448,2.3953,3.4347,3.4735,3.9295,4.2386,4.0334
0.14457,2.0117,1.3463,1.2945,1.745,2.4048,3.4538,3.4836,3.9421,4.2424,4.0562
0.14496,2.0135,1.3536,1.2994,1.7497,2.4149,3.4639,3.491,3.9729,4.2573,4.0822
0.14536,2.0163,1.3612,1.3041,1.7539,2.4292,3.474,3.495,3.994,4.2906,4.1086
0.14591,2.0252,1.3699,1.3098,1.7588,2.4355,3.486,3.4971,4.0111,4.3086,4.1304
0.14639,2.0441,1.3761,1.3137,1.7669,2.4457,3.4944,3.5053,4.0411,4.342,4.1385
0.14754,2.0695,1.3803,1.319,1.7717,2.4695,3.5019,3.5162,4.0517,4.3691,4.1384
0.14839,2.0928,1.3805,1.3211,1.7786,2.5026,3.5069,3.5207,4.0563,4.3773,4.1469
0.14912,2.1121,1.3745,1.3215,1.7867,2.5294,3.5253,3.5311,4.0728,4.3803,4.1354
0.14964,2.123,1.3782,1.3273,1.7926,2.5461,3.5314,3.549,4.0754,4.3928,4.1523
0.15046,2.1258,1.3901,1.3264,1.8026,2.551,3.5389,3.571,4.0819,4.3903,4.1622
0.1512,2.1224,1.4094,1.3309,1.8087,2.5569,3.5615,3.5954,4.1042,4.3961,4.1801
0.1515,2.1129,1.4359,1.3411,1.8172,2.5595,3.5762,3.6137,4.113,4.4149,4.1915
0.15197,2.0976,1.4611,1.3458,1.8212,2.5661,3.5924,3.6343,4.1218,4.4308,4.2267
0.15282,2.0771,1.4686,1.3532,1.8252,2.5756,3.6092,3.65,4.1423,4.4438,4.2424
0.15329,2.0504,1.4643,1.356,1.826,2.5833,3.632,3.6595,4.1674,4.4788,4.2746
0.15385,2.0198,1.4529,1.3647,1.8262,2.5911,3.6436,3.6679,4.1894,4.4938,4.2975
0.15426,1.9865,1.4409,1.367,1.8275,2.6008,3.6523,3.6726,4.2089,4.529,4.3127
0.15462,1.9532,1.4429,1.3737,1.8256,2.6128,3.6677,3.6761,4.2372,4.5573,4.3191
0.15498,1.9243,1.4562,1.3812,1.8269,2.6304,3.6744,3.6795,4.245,4.5739,4.3311
0.15515,1.9225,1.4781,1.3885,1.8289,2.6458,3.6793,3.6861,4.2427,4.5767,4.332
0.15611,1.9471,1.4923,1.3928,1.8352,2.66,3.6834,3.6995,4.2478,4.5903,4.3266
0.15655,1.9683,1.4995,1.3951,1.8381,2.6712,3.6993,3.7087,4.2483,4.593,4.3445
0.1571,1.9662,1.491,1.4014,1.8438,2.6827,3.7054,3.7228,4.2483,4.5906,4.3515
0.15712,1.9364,1.4744,1.4057,1.848,2.6908,3.708,3.7484,4.2655,4.6037,4.3593
0.15704,1.8997,1.4582,1.4114,1.8531,2.6956,3.7294,3.7718,4.2725,4.6131,4.3775
0.15784,1.8834,1.4578,1.4172,1.8615,2.6999,3.7395,3.7929,4.2772,4.6152,4.4043
0.15846,1.8886,1.4652,1.4208,1.8682,2.7054,3.7581,3.813,4.3032,4.6269,4.4258
0.15912,1.9197,1.4724,1.4219,1.8745,2.7104,3.7727,3.8295,4.3156,4.6547,4.4604
0.16,1.9662,1.4788,1.4219,1.8796,2.7166,3.7985,3.835,4.3394,4.6774,4.4848
0.16056,2.0127,1.4839,1.4298,1.8859,2.7215,3.8116,3.8378,4.3572,4.7004,4.4993
0.16098,2.0592,1.4865,1.4303,1.889,2.732,3.8204,3.846,4.3737,4.7295,4.5011
0.16151,2.1057,1.4885,1.4339,1.8946,2.7415,3.8331,3.8492,4.3778,4.7387,4.5067
0.16188,2.1522,1.4843,1.4447,1.8935,2.7516,3.8413,3.8502,4.3831,4.7396,4.5146
0.16233,2.1986,1.4889,1.449,1.8924,2.7633,3.8465,3.8643,4.3934,4.7549,4.5299
0.16252,2.245,1.5015,1.4535,1.8956,2.7789,3.8509,3.874,4.3914,4.7486,4.5445
0.16281,2.2913,1.5209,1.4578,1.8947,2.7852,3.8645,3.89,4.3883,4.7502,4.5593
0.16252,2.3376,1.5491,1.4652,1.8973,2.7995,3.8741,3.9108,4.3996,4.7668,4.5714
0.16268,2.3582,1.5755,1.4689,1.8992,2.8263,3.8789,3.9411,4.4079,4.7843,4.5968
0.16253,2.3595,1.5861,1.4747,1.9016,2.8553,3.8855,3.962,4.4196,4.7989,4.6124
0.16311,2.3599,1.5825,1.4828,1.9051,2.8759,3.9029,3.9839,4.4559,4.8437,4.6399
0.16309,2.3767,1.5678,1.4885,1.9091,2.8873,3.9197,4.0047,4.4766,4.8569,4.6638
0.16295,2.4039,1.5557,1.4927,1.9132,2.892,3.9342,4.0155,4.4965,4.8929,4.6811
0.16259,2.438,1.5559,1.4929,1.919,2.8928,3.9546,4.0188,4.5219,4.9145,4.6891
0.16286,2.4703,1.5674,1.4981,1.9277,2.8969,3.9697,4.0287,4.5351,4.9346,4.6923
0.16282,2.4979,1.5903,1.5042,1.9332,2.905,3.9801,4.0353,4.5433,4.9356,4.6866
0.16256,2.5159,1.6092,1.5077,1.9413,2.909,3.9897,4.0384,4.5537,4.9442,4.675
0.16184,2.527,1.6207,1.5117,1.9472,2.9178,4.0018,4.0479,4.5627,4.9491,4.6877
0.16161,2.5301,1.6107,1.5159,1.9531,2.928,4.0044,4.058,4.5675,4.9585,4.6907
0.16163,2.5256,1.5919,1.5189,1.9575,2.9376,4.0083,4.066,4.5804,4.9753,4.7036
0.16153,2.5144,1.5735,1.5197,1.9624,2.9488,4.0134,4.0782,4.5901,4.9959,4.717
0.16125,2.4972,1.5661,1.5296,1.9624,2.9659,4.0296,4.1022,4.6003,4.9987,4.7471
0.16094,2.471,1.5715,1.5292,1.9613,2.9782,4.0323,4.1265,4.6152,5.012,4.7634
0.16089,2.4401,1.58,1.5321,1.9643,2.9924,4.0377,4.1484,4.6511,5.0452,4.7971
0.16111,2.4067,1.5901,1.5409,1.9619,2.9996,4.056,4.1735,4.6689,5.0712,4.8217
0.16097,2.3733,1.5976,1.5461,1.9617,3.0061,4.0725,4.1894,4.6891,5.0956,4.8352
0.16105,2.3517,1.5996,1.5533,1.9629,3.0144,4.0874,4.1965,4.719,5.1285,4.8433
0.16212,2.3587,1.6018,1.558,1.9676,3.0169,4.1058,4.2021,4.7308,5.136,4.8533
0.16227,2.3839,1.5973,1.566,1.9717,3.0175,4.1267,4.2071,4.7382,5.1362,4.8586
0.16283,2.3967,1.5989,1.5726,1.979,3.0258,4.1396,4.21,4.7508,5.1525,4.8724
0.16292,2.3851,1.6093,1.5816,1.9831,3.0304,4.1483,4.2115,4.7524,5.1506,4.8901
0.16335,2.347,1.6286,1.589,1.9901,3.04,4.1583,4.2241,4.7621,5.1553,4.8988
0.16429,2.3089,1.6567,1.595,1.9965,3.0443,4.1667,4.2317,4.7837,5.1692,4.911
0.16521,2.2854,1.6867,1.5975,2.0031,3.0535,4.1713,4.2402,4.792,5.1857,4.9294
0.16572,2.283,1.7016,1.599,2.0095,3.0624,4.1747,4.2591,4.8052,5.196,4.9509
0.16614,2.303,1.7037,1.6024,2.0168,3.0724,4.1905,4.2857,4.8256,5.2357,4.9755
0.16757,2.3395,1.6916,1.6085,2.0221,3.0855,4.1958,4.3084,4.8482,5.2525,5.0048
0.16856,2.386,1.6765,1.6162,2.0273,3.093,4.1989,4.332,4.871,5.2806,5.0266
0.16999,2.4325,1.6745,1.6204,2.0328,3.1033,4.2107,4.3512,4.8883,5.2976,5.0358
0.17118,2.4791,1.6834,1.6254,2.0333,3.1252,4.2195,4.3644,4.9139,5.3185,5.0365
0.17226,2.5255,1.7028,1.6271,2.0357,3.1587,4.2392,4.3679,4.9264,5.3168,5.0472
0.1732,2.5719,1.7195,1.6304,2.037,3.1861,4.2536,4.3743,4.9302,5.3232,5.0419
0.17416,2.6183,1.7342,1.6379,2.0363,3.2029,4.2772,4.3809,4.9387,5.3307,5.0521
0.17489,2.6646,1.7315,1.6405,2.0374,3.2049,4.2904,4.3847,4.9412,5.3411,5.0669
0.17566,2.706,1.7141,1.6465,2.0421,3.2086,4.2969,4.3887,4.9457,5.3587,5.0834
0.17681,2.711,1.6945,1.6567,2.0451,3.2116,4.308,4.3989,4.961,5.3764,5.0924
0.17776,2.7106,1.6882,1.664,2.048,3.2156,4.3152,4.408,4.967,5.3868,5.1208
0.17859,2.7234,1.6934,1.6708,2.0545,3.2196,4.3186,4.425,4.9749,5.405,5.141
0.17941,2.7504,1.7017,1.6767,2.0605,3.2242,4.3197,4.4468,4.9945,5.4332,5.1695
0.18045,2.7884,1.7123,1.6856,2.069,3.2298,4.3276,4.4727,5.0114,5.4597,5.1957
0.18088,2.8311,1.7199,1.6918,2.0783,3.2395,4.3377,4.4927,5.0355,5.4832,5.2148
0.18158,2.8714,1.7239,1.7009,2.086,3.2513,4.3435,4.5092,5.0564,5.5131,5.2183
0.18251,2.9061,1.7279,1.7115,2.0954,3.2633,4.3543,4.527,5.0772,5.5164,5.2238
0.18356,2.9314,1.7259,1.7187,2.1036,3.2782,4.3686,4.5343,5.0875,5.5182,5.2236
0.18483,2.9507,1.7246,1.7212,2.1103,3.2917,4.3893,4.5427,5.0926,5.5357,5.2213
0.18564,2.9629,1.7339,1.7226,2.1154,3.3039,4.4052,4.545,5.1014,5.5322,5.234
0.18664,2.9681,1.7503,1.7292,2.1199,3.312,4.4267,4.5452,5.0997,5.5378,5.2453
0.18751,2.9634,1.7754,1.735,2.1193,3.3179,4.4425,4.5535,5.1086,5.5476,5.2514
0.18898,2.949,1.802,1.7417,2.1217,3.321,4.4533,4.5576,5.1102,5.5596,5.2652
0.19001,2.929,1.8197,1.7469,2.1226,3.3216,4.461,4.5693,5.1162,5.5685,5.2946
0.19145,2.9041,1.8234,1.7536,2.1218,3.3225,4.4678,4.5818,5.123,5.6111,5.3161
0.19248,2.8711,1.8108,1.7563,2.1218,3.3252,4.4747,4.5975,5.1462,5.6294,5.3463
0.19369,2.8377,1.7948,1.7623,2.1251,3.331,4.4811,4.6177,5.1568,5.6582,5.3679
0.19508,2.8287,1.7902,1.7697,2.1298,3.3355,4.4862,4.6433,5.1799,5.6776,5.3821
0.19565,2.8508,1.7956,1.7734,2.1341,3.344,4.498,4.6667,5.1983,5.6946,5.3817
0.19675,2.8746,1.8117,1.7785,2.1417,3.3513,4.5035,4.6855,5.2189,5.6944,5.3876
0.19797,2.8747,1.8335,1.7877,2.1491,3.3586,4.5097,4.7023,5.2254,5.7041,5.3971
0.19862,2.8512,1.853,1.7943,2.1579,3.3672,4.5245,4.7121,5.2331,5.7058,5.4074
0.19925,2.8132,1.8537,1.8021,2.1665,3.3765,4.5359,4.7168,5.2359,5.7189,5.4201
0.19934,2.7751,1.8378,1.8074,2.1728,3.3829,4.559,4.7197,5.2319,5.7372,5.434
0.20012,2.7504,1.8212,1.8152,2.1816,3.3983,4.5759,4.7254,5.2404,5.7558,5.4449
0.20074,2.7441,1.8107,1.8206,2.1888,3.426,4.5942,4.7252,5.2429,5.7682,5.466
0.20257,2.7553,1.814,1.8288,2.1992,3.461,4.6064,4.7308,5.2486,5.7981,5.489
0.20302,2.7844,1.8212,1.8378,2.2038,3.4859,4.6154,4.7468,5.261,5.8123,5.5263
0.20349,2.8307,1.8304,1.8444,2.21,3.4983,4.6233,4.7587,5.2895,5.8431,5.5565
0.20459,2.8773,1.8392,1.8474,2.2125,3.4996,4.6305,4.7784,5.3013,5.8696,5.5838
0.20528,2.9238,1.8426,1.8497,2.2182,3.5007,4.631,4.807,5.3246,5.8886,5.5933
0.2064,2.9702,1.8467,1.8528,2.22,3.5014,4.6351,4.8268,5.3475,5.8913,5.593
0.20687,3.0166,1.8464,1.8599,2.2206,3.5037,4.6408,4.8443,5.362,5.8964,5.586
0.2071,3.0629,1.8448,1.8671,2.223,3.5112,4.6528,4.8643,5.3669,5.9004,5.576
0.20837,3.1092,1.8518,1.8716,2.2282,3.5172,4.6622,4.8764,5.3777,5.9048,5.5924
0.20904,3.1362,1.8667,1.8777,2.2319,3.5241,4.672,4.88,5.3817,5.9143,5.5992
0.21021,3.1407,1.8899,1.8827,2.2384,3.5351,4.6869,4.8843,5.3831,5.9263,5.6158
0.21145,3.1419,1.9168,1.8852,2.244,3.5462,4.7061,4.8871,5.3993,5.9317,5.6293
0.21366,3.1687,1.9393,1.8926,2.2514,3.559,4.7215,4.8906,5.4042,5.9437,5.6621
0.21521,3.2101,1.9461,1.895,2.2593,3.5721,4.7408,4.895,5.4147,5.9767,5.6828
0.21701,3.2593,1.9354,1.9015,2.2693,3.5843,4.7536,4.9033,5.4306,6.0021,5.7147
0.2186,3.3102,1.9221,1.9086,2.2777,3.5926,4.7621,4.9146,5.4607,6.0284,5.736
0.22042,3.3585,1.9171,1.9153,2.288,3.5999,4.7682,4.9254,5.4798,6.0548,5.7553
0.22241,3.3998,1.9212,1.9221,2.2967,3.6078,4.775,4.9481,5.5019,6.0682,5.7571
0.22475,3.4354,1.9351,1.9285,2.3082,3.6074,4.7761,4.9749,5.5241,6.0685,5.7632
0.22697,3.4639,1.9559,1.9354,2.3151,3.6095,4.7762,4.9966,5.5388,6.0776,5.7748
0.22914,3.4853,1.973,1.9405,2.3206,3.6128,4.7824,5.0148,5.5465,6.0772,5.7914
0.23155,3.4971,1.9738,1.9482,2.3231,3.6167,4.791,5.0318,5.5617,6.0838,5.7968
0.233,3.4965,1.9573,1.9561,2.3269,3.6211,4.8001,5.0415,5.5645,6.0956,5.8154
0.23503,3.4864,1.9376,1.9619,2.3267,3.6249,4.8113,5.0429,5.5725,6.1165,5.8227
0.23688,3.47,1.9256,1.9651,2.3271,3.6336,4.8293,5.0474,5.5874,6.1259,5.8389
0.23854,3.4495,1.9275,1.967,2.3293,3.6421,4.8447,5.047,5.5963,6.1491,5.8639
0.24016,3.4204,1.9366,1.9721,2.3331,3.6516,4.8632,5.0516,5.6046,6.1661,5.8952
0.24146,3.4008,1.9448,1.9779,2.3367,3.6609,4.8802,5.0639,5.6286,6.2036,5.9213
0.2425,3.4132,1.9535,1.9851,2.3439,3.6671,4.8951,5.0729,5.6518,6.225,5.9506
0.24334,3.4393,1.958,1.9894,2.3525,3.6806,4.9022,5.0822,5.6718,6.2457,5.9648
0.24385,3.4455,1.9619,1.9945,2.3593,3.702,4.9094,5.0968,5.6915,6.2482,5.9642
0.24458,3.4263,1.9641,1.9978,2.3678,3.732,4.9168,5.1154,5.7183,6.2487,5.9606
0.24572,3.3882,1.9618,2.0015,2.3754,3.761,4.9224,5.1361,5.7314,6.2552,5.9623
0.24641,3.3502,1.9695,2.008,2.3814,3.781,4.9291,5.1573,5.7366,6.2673,5.9692
0.24749,3.3121,1.9868,2.0089,2.3891,3.7836,4.9334,5.1756,5.7503,6.2755,5.978
0.24808,3.2873,2.0119,2.0147,2.399,3.786,4.9466,5.1869,5.7501,6.2883,5.9927
0.24844,3.2778,2.0399,2.0213,2.4068,3.7895,4.9498,5.1948,5.764,6.2976,6.0017
0.24919,3.2843,2.0613,2.0269,2.4158,3.7926,4.9548,5.1993,5.784,6.3051,6.0316
0.2497,3.3083,2.069,2.0309,2.4224,3.7942,4.9672,5.2034,5.795,6.3356,6.0574
0.25062,3.347,2.0604,2.0345,2.4264,3.7973,4.9828,5.208,5.8048,6.3616,6.1003
0.2511,3.3935,2.0434,2.0366,2.4333,3.8056,5.0013,5.2124,5.8264,6.3897,6.1201
0.25118,3.4399,2.0353,2.0412,2.4355,3.813,5.0156,5.2174,5.8446,6.4121,6.1419
0.25208,3.4863,2.0391,2.0477,2.4364,3.8213,5.0373,5.2262,5.8697,6.4271,6.1491
0.25203,3.5326,2.0534,2.0539,2.4378,3.8311,5.0482,5.2386,5.887,6.4245,6.1551
0.252,3.5789,2.0738,2.0568,2.4414,3.8474,5.057,5.2542,5.9106,6.4261,6.1688
0.252,3.6143,2.0922,2.0582,2.4466,3.8595,5.0623,5.2779,5.9206,6.4218,6.1782
0.25255,3.6156,2.0978,2.0616,2.4528,3.871,5.0716,5.3018,5.9269,6.4282,6.1863
0.25321,3.6175,2.0848,2.0639,2.4581,3.8798,5.0741,5.3207,5.9324,6.4367,6.1954
0.25383,3.6466,2.0684,2.0686,2.4643,3.8837,5.0743,5.3343,5.9367,6.4567,6.2084
0.25418,3.6879,2.0578,2.0704,2.4743,3.8898,5.084,5.3474,5.9413,6.4645,6.2244
0.25486,3.7388,2.0609,2.0737,2.4843,3.8913,5.0887,5.3533,5.9523,6.49,6.2497
0.25548,3.7897,2.0713,2.0747,2.4954,3.8934,5.0928,5.3541,5.9609,6.5052,6.2759
0.25598,3.8408,2.082,2.0764,2.5058,3.8934,5.1005,5.3542,5.9662,6.5411,6.3018
0.25649,3.8918,2.0923,2.0795,2.5173,3.8977,5.114,5.3713,5.9907,6.5585,6.3288
0.25696,3.938,2.0997,2.0812,2.5248,3.9044,5.1313,5.3738,6.0093,6.5833,6.3403
0.25583,3.9797,2.1057,2.082,2.5358,3.9045,5.1476,5.38,6.0327,6.5863,6.3455
0.25582,4.0135,2.1081,2.0874,2.541,3.9129,5.1668,5.3938,6.0534,6.5928,6.3491
0.25539,4.0376,2.1035,2.0913,2.5442,3.922,5.1808,5.4106,6.0743,6.5993,6.347
0.25512,4.0501,2.1084,2.0965,2.5478,3.934,5.1884,5.4251,6.0807,6.6123,6.3522
0.25405,4.0525,2.1236,2.1017,2.5505,3.9431,5.1967,5.4476,6.0854,6.6184,6.3663
0.25261,4.0493,2.1456,2.1071,2.5504,3.9504,5.2021,5.4702,6.087,6.6363,6.3743
0.2518,4.0382,2.1753,2.1079,2.5528,3.9637,5.2023,5.4888,6.0884,6.6411,6.3866
0.25086,4.0175,2.2021,2.1131,2.5569,3.9854,5.2024,5.5019,6.0944,6.6495,6.4176
0.24971,3.9909,2.2142,2.1194,2.5594,4.0176,5.2112,5.5134,6.1035,6.6772,6.4393
0.24843,3.9966,2.2072,2.1252,2.567,4.044,5.2188,5.5172,6.1115,6.7032,6.4774
0.24683,4.02,2.1905,2.1283,2.5735,4.0576,5.2273,5.517,6.1209,6.7185,6.4983
0.24555,4.0263,2.1816,2.13,2.5824,4.0625,5.2353,5.5161,6.1449,6.7457,6.5185
0.24362,4.0068,2.1834,2.1312,2.5922,4.0652,5.2536,5.5196,6.1596,6.7566,6.5241
0.24259,3.9687,2.195,2.1368,2.6009,4.0691,5.2673,5.5217,6.1816,6.7539,6.5279
0.24072,3.9306,2.2185,2.1424,2.6053,4.0731,5.2845,5.529,6.2037,6.7574,6.5264
0.23968,3.8926,2.2409,2.1433,2.613,4.0767,5.3011,5.537,6.2216,6.7599,6.5306
0.23769,3.858,2.2508,2.1466,2.6188,4.0811,5.3201,5.553,6.2286,6.7656,6.5376
0.23651,3.8375,2.24,2.1471,2.6284,4.0863,5.3298,5.5688,6.2368,6.7674,6.5457
0.23498,3.8302,2.2205,2.1481,2.6365,4.0959,5.3363,5.5907,6.2433,6.7944,6.5614
0.23382,3.8387,2.2027,2.1506,2.6427,4.1073,5.3429,5.6095,6.2436,6.8059,6.58
0.23284,3.8599,2.1992,2.1526,2.6453,4.1209,5.3498,5.6247,6.2493,6.8401,6.6034
0.23182,3.8916,2.2052,2.1529,2.6495,4.1354,5.3534,5.6353,6.251,6.8604,6.6317
0.23165,3.9299,2.2112,2.1581,2.6521,4.1459,5.3534,5.6431,6.263,6.8978,6.6638
0.2301,3.9726,2.2196,2.1622,2.6531,4.1564,5.3646,5.6436,6.2741,6.9113,6.6855
0.22979,4.0189,2.2255,2.1665,2.6559,4.1643,5.3715,5.6461,6.2971,6.9331,6.698
0.22937,4.0652,2.232,2.1718,2.6599,4.1702,5.3792,5.6502,6.3125,6.9336,6.6995
0.23044,4.1029,2.2387,2.1778,2.6612,4.1706,5.389,5.653,6.3403,6.9354,6.6998
0.23045,4.1035,2.2358,2.1786,2.6661,4.1708,5.4077,5.6574,6.3598,6.9366,6.7055
0.23048,4.1082,2.2386,2.1842,2.6732,4.1756,5.4257,5.6696,6.3836,6.9606,6.7159
0.23145,4.1361,2.2524,2.1921,2.6802,4.1784,5.4386,5.6795,6.3937,6.9632,6.7264
0.23176,4.1773,2.2737,2.1977,2.6907,4.1826,5.4569,5.698,6.4002,6.9801,6.736
0.23271,4.2282,2.3025,2.2002,2.7005,4.1879,5.4665,5.7212,6.4057,6.9845,6.7359
0.23336,4.2792,2.3296,2.1993,2.7076,4.1952,5.4694,5.7418,6.4096,7.0029,6.7563
0.23381,4.3303,2.3435,2.2016,2.7156,4.2033,5.4773,5.758,6.4165,7.0177,6.7843
0.2347,4.3813,2.341,2.2043,2.7266,4.2111,5.4869,5.7735,6.4115,7.0568,6.8233
0.23499,4.4323,2.326,2.207,2.7358,4.2205,5.4884,5.7826,6.4263,7.0818,6.8478
0.23576,4.4825,2.3141,2.2078,2.7444,4.2273,5.4865,5.7813,6.4388,7.1115,6.8672
0.23625,4.5251,2.3167,2.2087,2.7506,4.2407,5.4968,5.7814,6.4646,7.1124,6.8715
0.23689,4.5599,2.3298,2.2093,2.7561,4.2593,5.5004,5.789,6.4877,7.1207,6.8751
0.23707,4.5844,2.3508,2.2093,2.7611,4.2856,5.5055,5.791,6.5121,7.1212,6.862
0.23757,4.5976,2.3682,2.2106,2.7634,4.3164,5.5122,5.799,6.5322,7.1276,6.8668
0.23786,4.6025,2.3783,2.2131,2.7636,4.338,5.5324,5.8088,6.5496,7.1382,6.8683
0.2386,4.6001,2.3695,2.2134,2.7647,4.3433,5.5456,5.8198,6.5615,7.1434,6.8745
0.23876,4.5866,2.3494,2.2184,2.7676,4.3466,5.5613,5.8325,6.5698,7.1674,6.883
0.23975,4.5622,2.3313,2.2198,2.7694,4.3492,5.5806,5.8524,6.5763,7.1814,6.9042
0.23993,4.5651,2.3286,2.2208,2.7773,4.3512,5.5973,5.8728,6.5865,7.2027,6.9244
0.24014,4.584,2.3354,2.2241,2.7828,4.3533,5.6029,5.8911,6.5932,7.2261,6.9504
0.24031,4.5884,2.3428,2.2281,2.7919,4.3588,5.6069,5.9112,6.5951,7.2545,6.9765
0.24048,4.5672,2.3496,2.2285,2.8011,4.3657,5.618,5.9228,6.6125,7.2661,6.9937
0.24141,4.5291,2.3545,2.2321,2.8107,4.3753,5.6201,5.9275,6.6298,7.283,7.0044
0.24193,4.491,2.36,2.237,2.8158,4.3854,5.6206,5.9306,6.655,7.2917,7.0111
0.2419,4.4808,2.3352,2.234,2.8219,4.3978,5.6151,5.9289,6.6743,7.2749,6.9932
0.24155,4.4764,2.3087,2.2325,2.8289,4.4094,5.627,5.9147,6.6857,7.2629,6.9753
0.24148,4.4809,2.2948,2.2278,2.8406,4.4218,5.6117,5.8957,6.6732,7.2844,6.9641
0.24141,4.4909,2.3043,2.2209,2.8471,4.4278,5.5998,5.8854,6.6579,7.2788,6.9511
0.24191,4.5091,2.3337,2.2203,2.8558,4.4335,5.6033,5.8717,6.6562,7.2844,6.9235
0.24184,4.5321,2.3767,2.2202,2.8578,4.4335,5.5971,5.8567,6.6424,7.2914,6.9102
0.24169,4.5584,2.4116,2.2183,2.8609,4.4326,5.6013,5.8624,6.6313,7.3161,6.9124
0.24127,4.5831,2.4178,2.211,2.8586,4.4216,5.6078,5.8838,6.6465,7.3058,6.9138
0.24085,4.6065,2.3958,2.2113,2.8553,4.416,5.6148,5.8964,6.6609,7.3379,6.9473
0.24096,4.6307,2.3636,2.2116,2.8515,4.4067,5.6179,5.9128,6.6625,7.3319,6.9653
0.24077,4.6561,2.3358,2.2077,2.8457,4.4021,5.6199,5.9256,6.6778,7.3318,6.9644
0.24102,4.6689,2.3302,2.2017,2.8454,4.4027,5.629,5.9279,6.6941,7.308,6.9606
0.23906,4.6483,2.352,2.1972,2.8442,4.3916,5.62,5.9128,6.6933,7.3022,6.955
0.2398,4.6334,2.3864,2.2003,2.8411,4.3834,5.617,5.9162,6.7213,7.2818,6.9269
0.23836,4.6535,2.4163,2.1923,2.8462,4.378,5.6087,5.9105,6.7173,7.2951,6.9033
0.23793,4.6919,2.4272,2.1924,2.8488,4.378,5.6152,5.8843,6.7183,7.2967,6.8947
0.23724,4.742,2.4119,2.1891,2.851,4.3861,5.5991,5.8722,6.7042,7.2977,6.8735
0.23605,4.7782,2.385,2.1829,2.8585,4.3922,5.5891,5.8629,6.6975,7.3084,6.8602
0.23613,4.8011,2.3615,2.1742,2.869,4.4058,5.5806,5.8488,6.6676,7.3167,6.8586
0.23475,4.8105,2.3535,2.1708,2.8771,4.4259,5.5754,5.8492,6.6616,7.3192,6.8737
0.23467,4.815,2.3555,2.1734,2.8854,4.4581,5.5742,5.8617,6.6816,7.3398,6.8941
0.23318,4.8196,2.3624,2.1741,2.8936,4.4764,5.5754,5.8768,6.6886,7.3457,6.9359
0.23236,4.8224,2.3718,2.1722,2.8994,4.486,5.5897,5.8828,6.6884,7.3446,6.9564
0.2304,4.8177,2.3696,2.1656,2.8995,4.4802,5.5929,5.8965,6.6973,7.3257,6.9578
0.23044,4.8024,2.3529,2.1619,2.8986,4.4745,5.5905,5.9144,6.717,7.3108,6.9601
0.22925,4.777,2.3262,2.1638,2.8938,4.4662,5.5912,5.905,6.7086,7.2903,6.9466
0.2286,4.7534,2.2928,2.1634,2.8873,4.4573,5.5991,5.9057,6.7247,7.2841,6.9324
0.22847,4.7357,2.2663,2.1616,2.8792,4.4505,5.5901,5.9046,6.7156,7.2935,6.9193
0.22737,4.7229,2.2695,2.1581,2.8757,4.4458,5.5826,5.8884,6.7221,7.2942,6.903
0.22764,4.7184,2.2966,2.1547,2.8756,4.4412,5.5792,5.8791,6.7073,7.2999,6.8793
0.22666,4.746,2.3433,2.1561,2.8739,4.4479,5.5837,5.862,6.7002,7.3001,6.8754
0.22663,4.767,2.3823,2.1524,2.8749,4.4544,5.576,5.8562,6.6726,7.3244,6.8858
0.22715,4.7571,2.3936,2.146,2.8759,4.4684,5.565,5.8376,6.6663,7.3251,6.8946
0.22784,4.718,2.3759,2.1415,2.8787,4.477,5.5685,5.8399,6.6823,7.3494,6.924
0.22723,4.6703,2.3357,2.1459,2.8863,4.4876,5.5635,5.8536,6.698,7.3402,6.9438
0.22765,4.6262,2.3009,2.1394,2.891,4.4935,5.5676,5.8587,6.6932,7.334,6.9611
0.22825,4.5962,2.2905,2.1362,2.8969,4.4983,5.5774,5.8694,6.704,7.3193,6.9519
0.2288,4.5838,2.3101,2.1333,2.9035,4.4999,5.5869,5.8827,6.7123,7.3115,6.9503
0.22937,4.5886,2.3481,2.1267,2.91,4.4961,5.5878,5.8922,6.7358,7.3049,6.9269
0.22983,4.6043,2.3848,2.1243,2.9192,4.4897,5.589,5.8777,6.7497,7.3179,6.9146
0.23075,4.6272,2.4037,2.1233,2.9253,4.4829,5.5944,5.8792,6.7495,7.3272,6.902
0.23145,4.6559,2.3954,2.1234,2.9271,4.4725,5.5855,5.8835,6.7464,7.3278,6.8913
0.23217,4.6863,2.3651,2.1201,2.9322,4.4664,5.5768,5.8565,6.7425,7.3402,6.8831
0.23281,4.7174,2.335,2.1146,2.9282,4.4613,5.5642,5.8424,6.7295,7.3574,6.8816
0.23345,4.7476,2.3192,2.1056,2.9232,4.4523,5.5767,5.8382,6.7105,7.3495,6.8921
0.23529,4.7756,2.3209,2.1006,2.9195,4.4471,5.5632,5.8235,6.7046,7.3648,6.9158
0.23563,4.8037,2.3282,2.0997,2.9165,4.4423,5.5505,5.8155,6.7052,7.3665,6.9492
0.23716,4.8156,2.3414,2.0989,2.9124,4.4503,5.5505,5.8267,6.702,7.3664,6.9627
0.23765,4.8098,2.3432,2.0973,2.9107,4.4528,5.547,5.8431,6.7166,7.3367,6.9614
0.2386,4.8037,2.3306,2.0922,2.9076,4.4615,5.5487,5.845,6.7246,7.3208,6.9535
0.2389,4.8209,2.3111,2.0888,2.905,4.4802,5.5508,5.8616,6.7263,7.2876,6.9377
0.23882,4.8543,2.2777,2.0866,2.9082,4.5051,5.563,5.8784,6.7475,7.2803,6.9276
0.23906,4.9075,2.2401,2.0822,2.9117,4.537,5.5684,5.88,6.7515,7.2862,6.92
0.23989,4.9574,2.2304,2.0756,2.9143,4.5562,5.5663,5.8745,6.7582,7.2727,6.9009
0.24016,5.006,2.2454,2.0669,2.9206,4.5632,5.5719,5.8741,6.7523,7.276,6.8806
0.2396,5.03,2.2808,2.0655,2.9273,4.5507,5.57,5.8653,6.7418,7.2696,6.8659
0.23936,5.0373,2.3269,2.0581,2.9351,4.5408,5.5643,5.8408,6.7182,7.2887,6.8684
0.23881,5.0419,2.3522,2.0588,2.9426,4.5302,5.556,5.8331,6.7012,7.293,6.8775
0.23872,5.0465,2.3466,2.0528,2.9472,4.5184,5.5599,5.82,6.7001,7.3223,6.9215
0.23884,5.0463,2.3147,2.0466,2.9489,4.5116,5.5527,5.8066,6.6896,7.3162,6.9569
0.23786,5.0355,2.2794,2.0441,2.9451,4.5023,5.5454,5.8034,6.6841,7.3013,6.9777
0.23701,5.0138,2.2615,2.046,2.945,4.5006,5.5363,5.8142,6.6847,7.2856,6.9701
0.23756,4.9836,2.2695,2.0497,2.9402,4.5032,5.5324,5.8271,6.6907,7.2739,6.9732
0.23735,4.9457,2.3038,2.0527,2.9323,4.5113,5.5328,5.8387,6.69,7.2659,6.95
0.23703,4.8982,2.3408,2.0488,2.9291,4.5269,5.5344,5.8535,6.69,7.2836,6.9429
0.23617,4.8602,2.3631,2.0448,2.9254,4.5313,5.5423,5.8663,6.6793,7.2822,6.9231
0.23582,4.8529,2.3652,2.0406,2.9251,4.5448,5.5461,5.861,6.6812,7.2907,6.9194
0.23669,4.8726,2.3404,2.0438,2.9237,4.5504,5.5461,5.8584,6.6779,7.2979,6.8973
0.23707,4.8858,2.3066,2.0464,2.9231,4.5471,5.5519,5.8536,6.67,7.3249,6.8972
0.23747,4.8572,2.2861,2.043,2.9252,4.548,5.5519,5.8368,6.6462,7.315,6.9022
0.23733,4.8171,2.2805,2.0405,2.9293,4.5468,5.5481,5.819,6.643,7.343,6.9264
0.23657,4.7787,2.2841,2.0381,2.933,4.5393,5.5402,5.8153,6.637,7.3439,6.954
0.23587,4.7388,2.2913,2.0378,2.9391,4.5295,5.527,5.8018,6.6263,7.3364,6.9676
0.2356,4.7098,2.3013,2.0313,2.9462,4.5208,5.5342,5.7916,6.6138,7.3045,6.9773
0.23579,4.7073,2.2993,2.0287,2.9518,4.5161,5.5213,5.7977,6.6069,7.3057,6.9803
0.23505,4.7246,2.2875,2.0276,2.9593,4.5064,5.5096,5.8162,6.6049,7.288,6.9725
0.23469,4.7487,2.2646,2.0244,2.9629,4.4995,5.5136,5.8315,6.6227,7.2836,6.963
0.23381,4.7769,2.2351,2.0202,2.9627,4.4921,5.5091,5.8456,6.6256,7.2976,6.9651
0.23333,4.8068,2.2207,2.0214,2.9637,4.4901,5.5089,5.8588,6.6139,7.2967,6.9466
0.23301,4.8377,2.2312,2.0204,2.9628,4.4964,5.5133,5.8645,6.6143,7.2978,6.9272
0.23071,4.8699,2.2612,2.0149,2.9572,4.4988,5.5208,5.8525,6.6155,7.3075,6.9056
0.23031,4.903,2.3047,2.015,2.9503,4.5091,5.5224,5.854,6.5907,7.3112,6.9115
0.22881,4.9361,2.3321,2.0177,2.9441,4.5301,5.5239,5.8499,6.5781,7.3266,6.9182
0.22867,4.9474,2.3306,2.0209,2.9392,4.5592,5.5275,5.8339,6.5828,7.3393,6.964
0.22715,4.9575,2.3074,2.0216,2.9379,4.5902,5.5212,5.8192,6.5784,7.337,6.9901
0.22574,4.9662,2.2749,2.0165,2.9361,4.6109,5.513,5.8153,6.5851,7.3102,7.0042
0.22414,4.9942,2.2528,2.0145,2.9354,4.616,5.5016,5.8044,6.5793,7.2848,6.9974
0.22234,5.0343,2.2508,2.0122,2.9361,4.6081,5.514,5.7941,6.5798,7.2649,6.9865
0.22157,5.0809,2.2796,2.0153,2.9391,4.5966,5.5016,5.8035,6.5741,7.2463,6.9676
0.22013,5.1326,2.3137,2.0133,2.9407,4.5822,5.4919,5.8213,6.5978,7.2582,6.9563
0.21959,5.1865,2.3414,2.0163,2.9498,4.5722,5.4896,5.8272,6.6007,7.2518,6.9444
0.21918,5.2362,2.3443,2.0152,2.9548,4.5666,5.4831,5.8453,6.6096,7.2538,6.9285
0.21824,5.2832,2.3225,2.0134,2.9631,4.5618,5.4833,5.8578,6.6072,7.2507,6.92
0.21815,5.3004,2.2979,2.0152,2.9693,4.561,5.4823,5.8602,6.6034,7.2695,6.9157
0.21748,5.305,2.2807,2.0098,2.9736,4.566,5.4916,5.8465,6.5743,7.2636,6.9215
0.21777,5.3073,2.2784,2.0071,2.9727,4.5734,5.4931,5.8479,6.5741,7.2925,6.9403
0.21746,5.2993,2.2855,2.0076,2.9692,4.5863,5.4946,5.8333,6.579,7.2928,6.9713
0.21739,5.2811,2.2918,2.0054,2.9637,4.5936,5.4969,5.8147,6.5728,7.2878,6.9889
0.21712,5.2534,2.3009,2.004,2.9583,4.6046,5.5009,5.8064,6.5821,7.2634,7.0052
0.21661,5.2167,2.3058,2.0035,2.9524,4.6074,5.4944,5.7981,6.5872,7.256,7.0114
0.2172,5.1695,2.2955,2.0003,2.9461,4.6082,5.4867,5.7825,6.5912,7.2473,6.9907
0.21754,5.1212,2.2761,1.9913,2.9404,4.6044,5.4826,5.7861,6.5905,7.2537,6.9833
0.21698,5.0782,2.2475,1.9892,2.936,4.5981,5.478,5.7992,6.6049,7.2657,6.9855
0.21686,5.0481,2.2295,1.9936,2.9333,4.5907,5.476,5.8154,6.5966,7.2731,6.9591
0.21719,5.0042,2.236,1.9978,2.9299,4.5804,5.4642,5.8226,6.5955,7.2843,6.9435
0.21771,4.9692,2.262,1.9976,2.9305,4.5672,5.4577,5.8386,6.5919,7.29,6.924
0.21772,4.9454,2.3027,1.993,2.9313,4.5644,5.4545,5.8487,6.5924,7.2944,6.924
0.21722,4.9084,2.3351,1.9927,2.9333,4.5578,5.4547,5.835,6.5748,7.3117,6.923
0.2169,4.8749,2.3358,1.996,2.9367,4.546,5.4575,5.8342,6.5728,7.3136,6.961
0.21629,4.8435,2.3128,2.0002,2.943,4.538,5.4667,5.8322,6.5728,7.3138,6.9792
0.21524,4.8199,2.2767,2.0003,2.9458,4.5408,5.4695,5.8154,6.5757,7.289,6.991
0.21524,4.8246,2.2537,2.0014,2.9542,4.5449,5.473,5.7972,6.5767,7.2739,6.9942
0.21471,4.8414,2.2504,2.0004,2.9571,4.5483,5.4751,5.7993,6.5798,7.2533,6.9882
0.21422,4.8612,2.2748,1.9982,2.9544,4.5586,5.4707,5.788,6.5815,7.2338,6.966
0.21239,4.885,2.3098,2.0027,2.9522,4.5823,5.4664,5.7721,6.5864,7.2487,6.9645
0.21056,4.9125,2.3385,2.0023,2.9486,4.6147,5.4553,5.7835,6.5982,7.2284,6.9653
0.20926,4.9405,2.3471,2.0006,2.9397,4.6367,5.4662,5.8007,6.5965,7.2282,6.9423
0.20831,4.9709,2.3275,2.0036,2.9338,4.6478,5.4539,5.805,6.5914,7.2271,6.9411
0.20731,5.0059,2.2996,2.0051,2.9278,4.6428,5.4437,5.8207,6.5945,7.2433,6.9393
0.20556,5.027,2.2788,2.0059,2.9234,4.6355,5.4433,5.8315,6.5843,7.2397,6.9328
0.20371,5.0472,2.2744,2.0072,2.92,4.6233,5.4367,5.836,6.5762,7.2687,6.9462
0.2022,5.0759,2.2787,2.0049,2.916,4.6113,5.4371,5.8142,6.5716,7.2617,6.9883
0.20001,5.1151,2.2833,2.0019,2.9124,4.6016,5.4362,5.826,6.5736,7.2506,6.9999
0.19808,5.1655,2.2935,2.0003,2.9082,4.5919,5.4465,5.8211,6.5813,7.2283,7.0072
0.19613,5.2233,2.2985,2.0053,2.9071,4.5876,5.4505,5.7955,6.5878,7.224,7.0025
0.19464,5.2813,2.2915,2.0085,2.9108,4.5842,5.4506,5.7868,6.5942,7.2209,6.9815
0.19322,5.3417,2.2722,2.0083,2.9177,4.5916,5.4545,5.7784,6.5884,7.2256,6.9678
0.19137,5.3922,2.2379,2.0037,2.9207,4.6014,5.4492,5.7614,6.6037,7.2381,6.9675
0.18909,5.4439,2.2156,2.0051,2.9249,4.6109,5.4466,5.7593,6.6045,7.2487,6.9542
0.1871,5.493,2.2151,2.0052,2.9334,4.6142,5.4359,5.7763,6.6165,7.2492,6.9391
0.18576,5.5284,2.2359,2.0068,2.9332,4.6234,5.4467,5.7934,6.6138,7.2671,6.9253
0.1843,5.5452,2.2801,2.011,2.9324,4.627,5.4354,5.7902,6.6162,7.2703,6.9251
0.1833,5.5351,2.3202,2.0142,2.9287,4.6266,5.4294,5.8062,6.6074,7.2818,6.9145
0.18215,5.5156,2.3267,2.0139,2.9248,4.6231,5.4262,5.8258,6.6043,7.2812,6.9468
0.18163,5.4876,2.3075,2.0148,2.9186,4.6171,5.4175,5.8162,6.604,7.2798,6.9778
0.18062,5.4509,2.2716,2.0217,2.911,4.6052,5.4179,5.8114,6.6013,7.2562,6.9943
0.17988,5.4007,2.2437,2.0203,2.9043,4.5938,5.4108,5.8117,6.6105,7.2452,7.0078
0.17834,5.3552,2.2318,2.0205,2.9005,4.5842,5.4189,5.8046,6.6125,7.2266,7.0001
0.17804,5.3101,2.2467,2.024,2.898,4.5846,5.4228,5.7797,6.6083,7.21,6.9718
0.1766,5.2624,2.284,2.0211,2.8921,4.5778,5.4233,5.783,6.6128,7.2276,6.9615
0.17629,5.178,2.3199,2.0205,2.8873,4.5638,5.4263,5.7675,6.6235,7.2158,6.953
0.1751,5.0975,2.3341,2.0259,2.884,4.5572,5.4305,5.7458,6.5962,7.2188,6.9332
0.17415,5.0374,2.3172,2.0263,2.884,4.5556,5.4276,5.7526,6.6006,7.217,6.9226
0.17476,4.9965,2.2878,2.024,2.8831,4.5549,5.4189,5.7711,6.5987,7.2309,6.9088
0.17348,4.9643,2.2599,2.0243,2.8847,4.5585,5.4205,5.7834,6.5887,7.225,6.9147
0.17381,4.9393,2.2495,2.03,2.8896,4.5667,5.4113,5.7952,6.5871,7.2506,6.9239
0.17353,4.9232,2.2507,2.0327,2.894,4.5956,5.4011,5.8113,6.5844,7.2447,6.9629
0.1722,4.908,2.2544,2.0277,2.9014,4.631,5.3924,5.8213,6.5771,7.2371,6.9762
0.17203,4.908,2.264,2.024,2.9014,4.6551,5.388,5.7982,6.5832,7.2146,6.9759
0.17118,4.921,2.2713,2.0278,2.8991,4.6628,5.3831,5.8094,6.5804,7.2073,6.9753
0.17106,4.9374,2.2673,2.0276,2.8966,4.6537,5.3816,5.8094,6.5627,7.2,6.9658
0.17097,4.9546,2.2513,2.0258,2.8908,4.646,5.3862,5.7851,6.5626,7.2047,6.9642
0.17022,4.9705,2.2196,2.0304,2.887,4.6337,5.391,5.786,6.5577,7.212,6.9654
0.1703,4.9876,2.1935,2.033,2.8762,4.6212,5.3872,5.7755,6.5642,7.2208,6.967
0.17037,5.0104,2.1857,2.0296,2.8717,4.6138,5.3872,5.764,6.5459,7.2224,6.9429
0.17192,5.0308,2.2014,2.0354,2.8649,4.6087,5.395,5.7482,6.5484,7.2473,6.9336
0.17375,5.0528,2.2386,2.0435,2.8606,4.606,5.3889,5.7629,6.5534,7.2491,6.9415
0.17439,5.0932,2.2852,2.0369,2.847,4.6071,5.3865,5.7793,6.5468,7.2602,6.9408
0.17579,5.1457,2.3055,2.0362,2.8424,4.6115,5.3828,5.7727,6.5505,7.2625,6.9675
0.17657,5.2089,2.2951,2.044,2.8384,4.6246,5.3875,5.7996,6.5541,7.264,7.0006
0.17751,5.2779,2.2616,2.0418,2.837,4.6333,5.3759,5.8196,6.5402,7.244,7.0171
0.17886,5.3466,2.2302,2.0427,2.8368,4.6396,5.3634,5.814,6.5475,7.2361,7.0144
0.18038,5.4133,2.215,2.049,2.8395,4.6465,5.3643,5.8027,6.554,7.2185,7.0102
0.18207,5.4835,2.222,2.0518,2.8447,4.647,5.3537,5.8076,6.5308,7.2095,6.9817
0.1828,5.5376,2.2546,2.0529,2.8469,4.6477,5.3543,5.8042,6.5381,7.2245,6.9677
0.18367,5.5903,2.289,2.0591,2.8556,4.6429,5.355,5.7597,6.5454,7.2233,6.9605
0.1841,5.6424,2.3084,2.0667,2.8553,4.6369,5.363,5.7591,6.5481,7.2201,6.9585
0.18586,5.6915,2.295,2.0676,2.8516,4.6286,5.3623,5.7508,6.5488,7.2285,6.9386
0.18652,5.7192,2.2694,2.0611,2.8463,4.6163,5.3638,5.7381,6.5498,7.236,6.9314
0.18842,5.7206,2.2415,2.0601,2.8401,4.6122,5.3758,5.7452,6.552,7.2371,6.93
0.19,5.6935,2.229,2.0639,2.8292,4.6098,5.3648,5.7626,6.5438,7.2542,6.9336
0.191,5.6553,2.228,2.0684,2.8209,4.6049,5.3603,5.7837,6.5432,7.2577,6.9572
0.19286,5.6042,2.2299,2.0704,2.8143,4.5905,5.3478,5.7873,6.5487,7.2439,6.9746
0.19382,5.5599,2.2381,2.0742,2.8081,4.5843,5.3548,5.8088,6.541,7.2266,6.9916
0.19546,5.5136,2.2471,2.0805,2.803,4.5882,5.3435,5.8243,6.5512,7.2213,6.9985
0.19659,5.4511,2.2485,2.0801,2.7952,4.5872,5.3336,5.8061,6.548,7.2214,6.9934
0.19807,5.3682,2.2393,2.0835,2.7878,4.5933,5.3283,5.8144,6.5335,7.2256,6.975
0.19918,5.2836,2.2143,2.0927,2.7829,4.6118,5.3145,5.8139,6.5349,7.2263,6.9868
0.20037,5.1992,2.1914,2.091,2.7827,4.6413,5.3154,5.7983,6.5435,7.2338,6.9761
0.2019,5.12,2.1803,2.0892,2.7842,4.6688,5.3051,5.7885,6.5282,7.2424,6.9555
0.2041,5.0667,2.1935,2.0981,2.7835,4.6888,5.3111,5.7792,6.5387,7.2557,6.9422
0.20548,5.0365,2.2276,2.0967,2.7877,4.6947,5.31,5.7673,6.5371,7.2662,6.9343
0.20672,5.0231,2.2719,2.0972,2.7889,4.6898,5.3095,5.7492,6.5343,7.2801,6.9308
0.2088,5.0087,2.2952,2.0994,2.797,4.6776,5.3108,5.7581,6.5318,7.2815,6.9567
0.21082,4.9989,2.2886,2.0998,2.7986,4.6681,5.3116,5.7756,6.5355,7.2775,6.9854
0.21305,4.9997,2.2584,2.0996,2.7935,4.6604,5.3042,5.7803,6.5352,7.2606,7.0047
0.21504,5.0076,2.2276,2.1036,2.7895,4.6557,5.301,5.801,6.5433,7.2455,6.9952
0.21621,5.0176,2.213,2.1087,2.7824,4.6539,5.305,5.8138,6.5486,7.2258,6.9938
0.2186,5.0233,2.2124,2.1112,2.7762,4.6565,5.2961,5.8217,6.5481,7.2166,6.9792
0.22038,5.0307,2.2388,2.1067,2.7669,4.6599,5.2849,5.7977,6.5445,7.2232,6.9597
0.22311,5.0416,2.2737,2.1066,2.7629,4.6679,5.2797,5.8077,6.5453,7.2225,6.9587
0.22602,5.058,2.3031,2.1121,2.7536,4.6814,5.277,5.809,6.5429,7.2202,6.9612
0.22769,5.0801,2.2955,2.1167,2.7464,4.6924,5.27,5.7725,6.5269,7.2201,6.941
0.23049,5.1231,2.2701,2.1171,2.7375,4.7034,5.2673,5.7658,6.5347,7.2264,6.9288
0.2322,5.1807,2.2457,2.1213,2.729,4.7046,5.2756,5.759,6.5371,7.2284,6.9444
0.23379,5.2507,2.236,2.1275,2.7263,4.7051,5.2731,5.7502,6.5232,7.2457,6.9455
0.23631,5.3253,2.2386,2.1298,2.7241,4.7036,5.2691,5.7511,6.5311,7.2543,6.9628
0.23821,5.4016,2.2435,2.1344,2.7252,4.6978,5.2678,5.7681,6.5357,7.2342,6.9824
0.23944,5.4784,2.2514,2.1412,2.7226,4.6902,5.2744,5.7832,6.5241,7.2233,6.9938
0.24117,5.5555,2.2591,2.1427,2.7265,4.6802,5.2647,5.7843,6.5298,7.2166,6.9965
0.24198,5.6338,2.2637,2.1454,2.7296,4.6702,5.2603,5.8001,6.5342,7.2081,6.9891
0.24262,5.6979,2.2559,2.1474,2.7379,4.6709,5.2555,5.8197,6.5282,7.2093,6.9828
0.24485,5.7469,2.2344,2.1515,2.7387,4.6696,5.2492,5.8121,6.5272,7.2174,6.9755
0.24464,5.7874,2.2106,2.1542,2.7341,4.6591,5.2384,5.8149,6.5384,7.219,6.9649
0.24555,5.8347,2.1979,2.1569,2.7302,4.6459,5.2323,5.8147,6.5343,7.2263,6.9494
0.24613,5.8732,2.2076,2.1557,2.7218,4.6404,5.2306,5.802,6.5308,7.2389,6.9434
0.24493,5.8856,2.239,2.1603,2.7162,4.6462,5.2154,5.7878,6.5321,7.2519,6.9191
0.24626,5.8679,2.2843,2.1649,2.7043,4.6474,5.2151,5.7807,6.5294,7.2665,6.9155
0.24514,5.8177,2.3141,2.1731,2.6992,4.6521,5.2125,5.7631,6.5113,7.269,6.9328
0.24555,5.7732,2.3133,2.1779,2.6945,4.6768,5.2111,5.7458,6.5202,7.2639,6.9518
0.24512,5.7285,2.2885,2.1737,2.6878,4.707,5.21,5.7511,6.5243,7.2504,6.9736
0.2444,5.6583,2.2558,2.1792,2.6802,4.7352,5.2131,5.7636,6.5155,7.2331,6.9672
0.24374,5.575,2.2396,2.1829,2.6732,4.7504,5.2149,5.7687,6.5199,7.2263,6.963
0.24402,5.4903,2.2389,2.1865,2.6736,4.7433,5.2092,5.7903,6.533,7.222,6.9445
0.24405,5.4059,2.2638,2.1867,2.6708,4.736,5.2063,5.8066,6.5244,7.2295,6.9328
0.24394,5.3267,2.3009,2.1921,2.6706,4.7272,5.2048,5.8128,6.5267,7.2383,6.9345
0.24379,5.2549,2.3356,2.1974,2.6693,4.7111,5.2087,5.7969,6.5424,7.24,6.9372
0.24375,5.1946,2.3345,2.1998,2.6746,4.7068,5.1972,5.8037,6.5351,7.2492,6.9191
0.24423,5.1558,2.3098,2.2041,2.6765,4.6993,5.1889,5.7979,6.5411,7.2553,6.9098
0.2451,5.1472,2.2824,2.2085,2.6835,4.6947,5.1784,5.7752,6.5468,7.2624,6.9149
0.2441,5.14,2.271,2.2066,2.6889,4.694,5.1714,5.7659,6.5474,7.2532,6.9096
0.24528,5.1344,2.2734,2.2115,2.685,4.697,5.1693,5.7606,6.5425,7.261,6.9358
0.24503,5.1335,2.279,2.2131,2.6823,4.71,5.17,5.7467,6.551,7.2494,6.955
0.24658,5.1291,2.2878,2.2167,2.6747,4.7203,5.1728,5.7465,6.5494,7.2355,6.9684
0.24642,5.1248,2.2983,2.2179,2.6681,4.7246,5.1738,5.7584,6.5411,7.2334,6.9686
0.24694,5.1236,2.3045,2.2221,2.6595,4.7359,5.1725,5.7704,6.5427,7.232,6.9548
0.24691,5.1225,2.299,2.2215,2.6531,4.736,5.1792,5.777,6.5599,7.228,6.9492
0.24715,5.1289,2.2799,2.2239,2.646,4.7377,5.1755,5.7962,6.5609,7.2374,6.9501
0.24779,5.1448,2.254,2.2281,2.642,4.7332,5.1658,5.8098,6.5658,7.2257,6.9474
0.24704,5.1869,2.2387,2.2325,2.6365,4.7247,5.1585,5.7972,6.5697,7.2237,6.9312
0.24712,5.2421,2.244,2.23,2.632,4.7191,5.1517,5.7922,6.55,7.2235,6.925
0.24667,5.3107,2.2709,2.2227,2.6309,4.7088,5.1446,5.7911,6.5525,7.2376,6.9184
0.24656,5.3861,2.315,2.2279,2.6313,4.7024,5.1366,5.7781,6.5592,7.2436,6.9123
0.24561,5.4656,2.3507,2.2281,2.6335,4.7117,5.1329,5.7652,6.5555,7.2626,6.9221
0.24515,5.5473,2.356,2.2304,2.638,4.7093,5.125,5.7564,6.5584,7.2533,6.9423
0.24467,5.6306,2.3349,2.2282,2.6466,4.6955,5.1199,5.7418,6.5639,7.2468,6.9607
0.24415,5.7149,2.2992,2.2346,2.6524,4.6854,5.1204,5.727,6.5592,7.232,6.9723
0.24329,5.7992,2.2804,2.2367,2.6612,4.6836,5.1233,5.7331,6.5518,7.2342,6.9851
0.24104,5.8614,2.278,2.2395,2.6635,4.6821,5.1229,5.7394,6.5451,7.2332,6.9762
0.23982,5.8928,2.2996,2.2409,2.6654,4.6851,5.122,5.7482,6.5422,7.2402,6.9621
0.23775,5.9116,2.3384,2.247,2.6646,4.7003,5.1225,5.7627,6.5356,7.2583,6.9613
0.23644,5.9328,2.3754,2.2467,2.6587,4.7298,5.1224,5.7779,6.5352,7.264,6.9566
0.23503,5.9788,2.3797,2.2465,2.6515,4.7671,5.1138,5.7842,6.5287,7.2794,6.9352
0.23407,5.9958,2.3584,2.246,2.6429,4.7945,5.112,5.7758,6.5199,7.2928,6.9299
0.23327,5.9898,2.3295,2.2484,2.6416,4.8048,5.1052,5.7856,6.5143,7.3027,6.9219
0.23147,5.9636,2.316,2.2475,2.636,4.7968,5.1047,5.7705,6.5177,7.2865,6.9045
0.23042,5.9184,2.3169,2.2486,2.6358,4.7909,5.0948,5.754,6.51,7.3015,6.93
0.22902,5.8431,2.3232,2.2448,2.6326,4.7815,5.0907,5.7484,6.5201,7.2842,6.9473
0.22715,5.7612,2.3336,2.2429,2.6318,4.765,5.0865,5.7294,6.5313,7.2694,6.9581
0.22692,5.6765,2.3434,2.2435,2.6334,4.7621,5.076,5.7137,6.5241,7.2607,6.9601
0.22571,5.5927,2.3493,2.2466,2.6349,4.7559,5.0746,5.708,6.5182,7.2554,6.9609
0.22419,5.5175,2.3478,2.2468,2.6379,4.752,5.0789,5.7181,6.5153,7.2334,6.9354
0.22452,5.4485,2.3314,2.2399,2.6388,4.7487,5.0808,5.7299,6.5071,7.2435,6.9329
0.22321,5.3874,2.3066,2.2427,2.6461,4.7536,5.0813,5.7412,6.5018,7.2355,6.9389
0.22226,5.3311,2.2872,2.2456,2.6516,4.767,5.0853,5.7526,6.5093,7.2212,6.9333
0.22147,5.2801,2.2862,2.2459,2.6606,4.779,5.0884,5.7584,6.5013,7.2317,6.9253
0.2206,5.2625,2.3081,2.2413,2.6644,4.7851,5.0808,5.7537,6.498,7.2453,6.9209
0.22096,5.2622,2.3472,2.2461,2.6687,4.7903,5.0735,5.7474,6.4905,7.2338,6.9265
0.22049,5.2615,2.3855,2.2476,2.6673,4.7904,5.0717,5.7517,6.4999,7.2465,6.925
0.21981,5.2584,2.3983,2.2492,2.6665,4.7928,5.0744,5.7446,6.4906,7.24,6.9441
0.22023,5.2469,2.3809,2.2479,2.6629,4.7869,5.067,5.7285,6.5,7.2304,6.9651
0.21981,5.2334,2.3487,2.2514,2.6584,4.7816,5.0585,5.7284,6.5154,7.2317,6.9697
0.21932,5.2198,2.3274,2.2488,2.6563,4.7727,5.0537,5.7098,6.5061,7.2409,6.9841
0.21984,5.2109,2.3213,2.2483,2.6528,4.7608,5.0402,5.695,6.506,7.2446,6.9757
0.21956,5.2212,2.3372,2.2452,2.6516,4.7593,5.0375,5.6943,6.5058,7.2464,6.967
0.219,5.2528,2.3742,2.2453,2.6478,4.7601,5.0372,5.6985,6.5,7.2696,6.9595
0.21958,5.3023,2.4137,2.2445,2.6455,4.755,5.0468,5.7106,6.4909,7.2746,6.9634
0.21893,5.3667,2.427,2.2431,2.6452,4.7379,5.0425,5.7236,6.4982,7.2792,6.9297
0.21946,5.4388,2.4092,2.2409,2.6479,4.7225,5.045,5.7404,6.4754,7.3018,6.9238
0.21957,5.5124,2.3814,2.2407,2.6531,4.7167,5.047,5.7429,6.4808,7.3151,6.9208
0.21914,5.5911,2.3633,2.2408,2.6608,4.7189,5.05,5.7386,6.4679,7.303,6.9086
0.21932,5.674,2.3588,2.2412,2.6716,4.7294,5.0432,5.7407,6.4785,7.3246,6.9259
0.21828,5.7562,2.3636,2.2409,2.6819,4.7453,5.0401,5.7311,6.4766,7.3227,6.9543
0.21856,5.8405,2.3708,2.2374,2.6904,4.7762,5.0378,5.7221,6.4931,7.3093,6.9668
0.21801,5.9179,2.3779,2.2399,2.6963,4.8079,5.0226,5.7131,6.5028,7.3143,6.973
0.21813,5.9607,2.3886,2.2346,2.7017,4.83,5.0169,5.6977,6.5025,7.3053,6.9896
0.21748,5.9726,2.3885,2.2333,2.7024,4.8301,5.0114,5.6896,6.5041,7.2732,6.9649
0.21747,5.9726,2.3774,2.229,2.6961,4.8203,5.0115,5.6784,6.5067,7.3012,6.9491
0.21759,5.9806,2.3545,2.2304,2.6945,4.8127,4.9978,5.6936,6.501,7.2864,6.9721
0.21746,6.0103,2.3356,2.2313,2.6894,4.8007,5.0001,5.7027,6.493,7.2814,6.963
0.21749,6.04,2.3289,2.2294,2.6862,4.7934,5.0069,5.7139,6.4984,7.2908,6.9348
0.21764,6.0478,2.3471,2.2326,2.6832,4.7862,5.0097,5.7174,6.4653,7.306,6.927
0.21814,6.0297,2.3817,2.2318,2.6832,4.7782,5.0059,5.7281,6.4692,7.2891,6.9216
0.21837,5.9545,2.4164,2.2298,2.6825,4.7744,5.0096,5.7296,6.4658,7.3078,6.9143
0.21863,5.8698,2.432,2.2299,2.6815,4.7731,5.0096,5.7147,6.4637,7.3119,6.9353
0.21885,5.7853,2.4192,2.2296,2.6836,4.7796,4.9997,5.7266,6.4661,7.3041,6.9534
0.21867,5.7048,2.3918,2.2284,2.6835,4.7933,4.9914,5.7182,6.4833,7.2936,6.9522
0.21853,5.6318,2.3682,2.2238,2.6899,4.8015,4.9874,5.7022,6.4842,7.308,6.9511
0.21908,5.5666,2.3629,2.2208,2.6924,4.8125,4.9856,5.6976,6.482,7.3066,6.9581
0.21935,5.5097,2.3747,2.2195,2.7007,4.8144,4.9763,5.6818,6.4806,7.3003,6.945
0.22004,5.4547,2.4076,2.2183,2.7072,4.8121,4.9677,5.6671,6.486,7.3243,6.9464
0.21976,5.401,2.4422,2.2173,2.7162,4.8097,4.9607,5.6594,6.4721,7.3083,6.9667
0.21959,5.3496,2.4594,2.2138,2.7236,4.7993,4.954,5.6673,6.4602,7.3015,6.9437
0.21859,5.3288,2.4438,2.2082,2.7297,4.7929,4.9483,5.6739,6.474,7.3235,6.9274
0.21879,5.3302,2.4173,2.2013,2.7278,4.7873,4.9543,5.6822,6.4567,7.3305,6.9263
0.21867,5.3288,2.398,2.2006,2.7296,4.7779,4.9605,5.698,6.461,7.3164,6.9141
0.21849,5.3192,2.3921,2.1976,2.7267,4.7821,4.9605,5.702,6.4702,7.332,6.9214
0.21846,5.3022,2.3958,2.1944,2.7203,4.7785,4.9601,5.694,6.4603,7.3172,6.9452
0.21743,5.2766,2.4004,2.1907,2.7162,4.7669,4.9585,5.69,6.4652,7.3077,6.9659
0.21689,5.255,2.4081,2.1901,2.7155,4.7441,4.9597,5.6875,6.4762,7.3155,6.9576
0.21686,5.2514,2.42,2.1888,2.7139,4.7323,4.9432,5.6764,6.4735,7.3226,6.9721
0.21688,5.269,2.4211,2.1848,2.7137,4.7144,4.9395,5.6619,6.4775,7.3175,6.9585
0.21653,5.3058,2.4133,2.1908,2.7109,4.7213,4.9451,5.6623,6.4734,7.3367,6.937
0.21605,5.3577,2.3906,2.1885,2.7134,4.7357,4.9256,5.6502,6.4751,7.352,6.9358
0.21587,5.4182,2.3717,2.1807,2.7111,4.7654,4.9193,5.6477,6.4712,7.3441,6.9421
0.21537,5.4845,2.3617,2.1784,2.7166,4.7994,4.9131,5.6536,6.4661,7.3427,6.9194
0.21545,5.5559,2.3768,2.1739,2.7227,4.8254,4.9066,5.6528,6.4688,7.3504,6.9175
0.21535,5.6337,2.4086,2.1754,2.7293,4.8375,4.8942,5.6588,6.4583,7.3456,6.9268
0.2156,5.7152,2.4414,2.1706,2.741,4.8332,4.9005,5.6707,6.4601,7.3606,6.916
0.2152,5.7986,2.4585,2.1713,2.75,4.8261,4.9091,5.6793,6.4649,7.36,6.9302
0.21542,5.8744,2.449,2.1705,2.759,4.8184,4.9056,5.6769,6.4604,7.3518,6.9467
0.21586,5.9367,2.4233,2.1705,2.7627,4.8032,4.9054,5.6695,6.4695,7.3509,6.9498
0.21631,5.9641,2.3947,2.1675,2.7656,4.7992,4.9105,5.6869,6.4877,7.3567,6.9516
0.21632,5.956,2.3864,2.1668,2.7599,4.7899,4.9101,5.671,6.4936,7.3457,6.9707
0.21617,5.942,2.3953,2.1638,2.7599,4.7895,4.8957,5.662,6.4929,7.3354,6.9541
0.21635,5.9386,2.4231,2.158,2.7543,4.7901,4.8923,5.6699,6.4941,7.3562,6.9495
0.21702,5.9716,2.4554,2.1595,2.7523,4.797,4.8948,5.6477,6.5002,7.3529,6.9597
0.21788,6.0099,2.476,2.1553,2.7489,4.806,4.8788,5.6309,6.5005,7.3535,6.9493
0.218,6.0155,2.4614,2.148,2.7476,4.8204,4.8761,5.6269,6.502,7.3785,6.9236
0.21768,5.9758,2.4349,2.1448,2.7485,4.8266,4.869,5.6296,6.4946,7.3861,6.9144
0.21758,5.9065,2.4156,2.1442,2.7509,4.835,4.8681,5.6317,6.4989,7.3813,6.9107
0.21781,5.8219,2.41,2.1445,2.7517,4.8383,4.8561,5.6429,6.4985,7.3826,6.9108
0.21917,5.7424,2.4132,2.138,2.7538,4.8423,4.8599,5.6604,6.5091,7.3964,6.93
0.21961,5.6696,2.4155,2.1398,2.7593,4.8354,4.8676,5.6611,6.5081,7.3816,6.9569
0.21955,5.6067,2.4197,2.1372,2.7597,4.8311,4.8659,5.6563,6.5207,7.3855,6.9595
0.21945,5.5507,2.4278,2.1292,2.7717,4.8246,4.8663,5.6568,6.5326,7.3922,6.9516
0.21907,5.4957,2.4268,2.1277,2.781,4.8173,4.8714,5.6444,6.5285,7.3732,6.9516
0.21978,5.4427,2.4177,2.1285,2.7906,4.8117,4.8743,5.633,6.5299,7.3676,6.9329
0.21962,5.3949,2.394,2.1275,2.7995,4.8116,4.8614,5.6197,6.5369,7.3847,6.9225
0.21999,5.3519,2.3733,2.1225,2.8047,4.808,4.854,5.6131,6.5443,7.3729,6.9308
0.2206,5.3345,2.3624,2.1212,2.8056,4.7925,4.8547,5.592,6.5399,7.362,6.916
0.21995,5.3332,2.3751,2.1214,2.8043,4.7761,4.8535,5.5846,6.54,7.368,6.9167
0.22028,5.3318,2.4065,2.1176,2.8043,4.7563,4.8442,5.5905,6.5219,7.3447,6.9251
0.21968,5.3158,2.443,2.1164,2.8011,4.75,4.8363,5.5894,6.5183,7.3462,6.9158
0.22062,5.2881,2.4608,2.1136,2.7995,4.7624,4.833,5.5933,6.5191,7.3456,6.9368
0.22066,5.2545,2.4536,2.1134,2.7977,4.7879,4.8211,5.611,6.5207,7.3505,6.9515
0.22078,5.241,2.4261,2.1119,2.7952,4.8193,4.8218,5.6146,6.5236,7.343,6.9651
0.2205,5.2449,2.3955,2.1097,2.7975,4.8519,4.83,5.6051,6.5333,7.3501,6.9767
0.22029,5.2684,2.382,2.1069,2.7972,4.8774,4.8342,5.5964,6.5375,7.3517,6.9944
0.2216,5.3083,2.3866,2.1025,2.8006,4.8811,4.8311,5.6137,6.5342,7.3526,6.992
0.22116,5.3562,2.416,2.0998,2.8024,4.8722,4.8434,5.5999,6.5329,7.3412,6.9954
0.22124,5.4118,2.452,2.0954,2.8076,4.8644,4.8459,5.5907,6.523,7.3493,6.9914
0.22082,5.474,2.479,2.0937,2.8113,4.8567,4.8439,5.5997,6.5233,7.3262,6.9906
0.22167,5.5421,2.4739,2.0866,2.8208,4.8463,4.8324,5.5816,6.5156,7.3305,6.9625
0.22183,5.6192,2.4484,2.0875,2.8315,4.8434,4.8384,5.5702,6.5176,7.3361,6.9541
0.22234,5.6987,2.4259,2.0868,2.8376,4.8409,4.8339,5.565,6.4878,7.3263,6.9546
0.22178,5.773,2.4164,2.0813,2.8485,4.8458,4.8191,5.5654,6.4886,7.3215,6.9497
0.22216,5.8387,2.4182,2.0782,2.8538,4.8518,4.8135,5.5681,6.4832,7.3368,6.958
0.22202,5.8831,2.4234,2.0748,2.8565,4.857,4.8084,5.5809,6.4787,7.3189,6.9753
0.22138,5.8916,2.4299,2.073,2.8543,4.8693,4.7954,5.5972,6.482,7.3241,6.9791
0.22153,5.8703,2.4417,2.0689,2.853,4.8843,4.7913,5.5993,6.4998,7.3359,6.9744
0.22067,5.8491,2.4414,2.0679,2.8461,4.8902,4.7975,5.5979,6.501,7.3223,6.9714
0.22069,5.8627,2.4312,2.0664,2.8453,4.8932,4.8057,5.5974,6.5031,7.3262,6.9594
0.22059,5.902,2.4049,2.0641,2.8413,4.8916,4.8052,5.5913,6.5003,7.3364,6.9584
0.21999,5.9224,2.3815,2.0634,2.842,4.8949,4.8061,5.5878,6.4821,7.3335,6.9616
0.21932,5.9087,2.3653,2.0608,2.8421,4.8884,4.8061,5.5854,6.4774,7.3242,6.9551
0.219,5.8729,2.3714,2.0575,2.8441,4.8864,4.8066,5.5797,6.4691,7.3324,6.9427
0.21919,5.816,2.3957,2.0583,2.8452,4.8798,4.7919,5.5652,6.4632,7.3158,6.9387
0.21797,5.747,2.4324,2.057,2.8498,4.8723,4.7927,5.5581,6.4471,7.316,6.9271
0.21737,5.6769,2.4563,2.0524,2.8534,4.8763,4.792,5.5603,6.4439,7.309,6.9478
0.21624,5.6149,2.454,2.0482,2.8543,4.8677,4.7821,5.5623,6.4449,7.3281,6.967
0.21546,5.5581,2.4301,2.0459,2.8636,4.8541,4.783,5.5653,6.4436,7.3253,6.9939
0.2154,5.504,2.399,2.0428,2.8692,4.8304,4.7768,5.5799,6.4474,7.3325,6.9876
0.21466,5.4516,2.3858,2.0399,2.8784,4.8162,4.7725,5.5877,6.4656,7.3347,6.9931
0.21421,5.4045,2.3842,2.0383,2.8881,4.7975,4.7621,5.5809,6.4686,7.3294,6.991
0.21352,5.3616,2.41,2.0362,2.8932,4.8082,4.7682,5.575,6.4691,7.3066,6.978
0.21322,5.3242,2.445,2.0329,2.8905,4.8266,4.7776,5.5831,6.4767,7.3078,6.9829
0.21249,5.32,2.4778,2.031,2.8918,4.8523,4.7771,5.5747,6.4615,7.2949,6.9902
0.21149,5.3227,2.4767,2.0285,2.8912,4.8855,4.7792,5.5671,6.4597,7.2864,6.9746
0.21063,5.3096,2.4535,2.0254,2.8858,4.9168,4.7896,5.5667,6.451,7.2854,6.9651
0.21051,5.2844,2.4273,2.0225,2.8839,4.9351,4.7893,5.5486,6.448,7.2789,6.9701
0.21049,5.249,2.4134,2.0159,2.8802,4.9342,4.7807,5.534,6.4359,7.2637,6.9644
0.21057,5.2287,2.412,2.0171,2.8765,4.9252,4.7717,5.5322,6.4313,7.2699,6.9713
0.21078,5.2229,2.4139,2.0152,2.8744,4.9141,4.7725,5.5417,6.4279,7.2698,6.9911
0.20989,5.2337,2.4171,2.0117,2.8709,4.9086,4.7637,5.5411,6.4315,7.2775,7.0012
0.20924,5.2594,2.4239,2.0089,2.8724,4.8997,4.7565,5.5514,6.4363,7.2805,7.0042
0.20816,5.2912,2.4269,2.0078,2.8734,4.8915,4.7466,5.5605,6.4557,7.2782,7.0116
0.20834,5.33,2.418,2.0084,2.8777,4.8907,4.7411,5.5629,6.4592,7.2737,7.0063
0.20772,5.3758,2.3979,2.0052,2.8823,4.8951,4.7277,5.5653,6.4618,7.2614,7.0098
0.20756,5.4315,2.3774,2.0052,2.8945,4.9022,4.7278,5.5652,6.4586,7.2786,7.006
0.20632,5.4968,2.3654,2.0011,2.9013,4.914,4.7382,5.564,6.4661,7.2673,7.0054
0.20569,5.5649,2.368,1.9978,2.9132,4.9269,4.7428,5.5561,6.4645,7.2596,6.9838
0.20592,5.6292,2.393,1.9935,2.9217,4.9415,4.7448,5.5507,6.459,7.2352,6.9789
0.2055,5.6916,2.433,1.9927,2.9279,4.9481,4.7522,5.5527,6.4554,7.2415,6.9708
0.20481,5.7473,2.4612,1.9906,2.9285,4.9518,4.7499,5.5472,6.4539,7.2274,6.9785
0.20373,5.7694,2.4646,1.9861,2.9275,4.9506,4.7469,5.5395,6.4566,7.2445,6.9878
0.20409,5.7507,2.446,1.9843,2.9257,4.9467,4.7377,5.5418,6.4572,7.2434,7.0163
0.20459,5.7211,2.4178,1.9861,2.9186,4.9433,4.741,5.5421,6.4616,7.2588,7.0204
0.20351,5.7249,2.3971,1.9815,2.9166,4.9374,4.7356,5.5451,6.4744,7.2607,7.0143
0.20275,5.7524,2.39,1.9809,2.9168,4.9312,4.721,5.5553,6.4862,7.2725,7.0103
0.20216,5.7648,2.4103,1.9777,2.914,4.9319,4.7254,5.5654,6.4954,7.2674,6.9926
0.20262,5.7648,2.4447,1.9771,2.9151,4.9319,4.7094,5.5637,6.5036,7.253,6.9988
0.20189,5.7514,2.4747,1.9726,2.9139,4.9267,4.7023,5.5598,6.5016,7.2592,6.9973
0.20151,5.7197,2.4778,1.9751,2.9206,4.9104,4.7003,5.5701,6.51,7.2474,6.9906
0.19996,5.6775,2.4557,1.9732,2.9203,4.8869,4.7119,5.5682,6.5096,7.2335,6.981
0.19945,5.6257,2.4298,1.9713,2.9227,4.8645,4.7193,5.5577,6.4989,7.2428,6.9663
0.19914,5.5655,2.4152,1.9674,2.9243,4.8574,4.7199,5.5609,6.4873,7.2335,6.9599
0.19807,5.5096,2.413,1.9642,2.9317,4.8762,4.7228,5.547,6.4861,7.2249,6.9701
0.19751,5.455,2.4164,1.9636,2.9363,4.9035,4.7306,5.5313,6.4871,7.2347,6.9799
0.19646,5.4041,2.4215,1.9671,2.9448,4.9374,4.7286,5.5335,6.4843,7.2518,7.0006
0.19625,5.3575,2.4289,1.9663,2.9549,4.9741,4.7243,5.541,6.4932,7.2573,7.0187
0.19565,5.3156,2.432,1.9616,2.9594,4.9943,4.7176,5.54,6.5072,7.265,7.0381
0.19366,5.272,2.4265,1.9599,2.9609,4.9962,4.7149,5.5493,6.5128,7.2656,7.0313
0.19285,5.2451,2.4089,1.9567,2.9599,4.9919,4.7059,5.5617,6.5207,7.2611,7.0342
0.19203,5.2455,2.3886,1.9536,2.9553,4.9826,4.6981,5.5683,6.5209,7.2644,7.0328
0.19053,5.2456,2.3761,1.9552,2.9539,4.9737,4.6945,5.5651,6.5129,7.2748,7.0255
0.18847,5.2214,2.3759,1.9488,2.9507,4.9664,4.6914,5.5701,6.521,7.2647,7.0057
0.18669,5.1893,2.3986,1.9533,2.95,4.9584,4.6826,5.567,6.5198,7.2413,7.004
0.18466,5.1665,2.4371,1.9512,2.9468,4.9532,4.6937,5.5625,6.512,7.2405,6.9949
0.1827,5.1545,2.465,1.9491,2.9474,4.955,4.6992,5.5579,6.4968,7.2351,7.0005
0.18164,5.1557,2.4689,1.9492,2.9456,4.9598,4.7022,5.5607,6.4919,7.2341,6.9986
0.18026,5.1654,2.4497,1.9476,2.948,4.9669,4.7027,5.5527,6.4978,7.2503,7.0166
0.17811,5.1808,2.4207,1.9458,2.9481,4.9776,4.7216,5.5462,6.4959,7.2664,7.0149
0.17595,5.2032,2.3984,1.9465,2.9518,4.9894,4.7235,5.5485,6.5016,7.2653,7.008
0.17387,5.2327,2.3899,1.9521,2.9558,4.998,4.7155,5.5466,6.5126,7.2756,6.9921
0.17195,5.2718,2.4083,1.9533,2.9657,5.0034,4.7061,5.5478,6.5128,7.2712,6.9811
0.17027,5.3234,2.4445,1.951,2.9724,5.0024,4.7115,5.5572,6.5174,7.2509,6.9762
0.16866,5.3809,2.48,1.9486,2.9834,5.0038,4.6988,5.5674,6.5143,7.2478,6.9748
0.1667,5.4354,2.4869,1.948,2.9909,4.9975,4.6814,5.5654,6.5014,7.2439,6.9627
0.16615,5.4827,2.4655,1.9505,2.9954,4.9918,4.6915,5.5646,6.507,7.2337,6.9496
0.16499,5.5296,2.4379,1.9518,2.9975,4.985,4.6808,5.5774,6.5095,7.2275,6.9473
0.16406,5.5588,2.424,1.9496,2.9977,4.9807,4.6738,5.5656,6.4986,7.2188,6.9339
0.16371,5.5444,2.4214,1.944,2.9946,4.9804,4.6763,5.5653,6.4846,7.2154,6.9382
0.16311,5.5173,2.424,1.9435,2.9874,4.9711,4.6902,5.5742,6.4798,7.2181,6.9488
0.16332,5.5124,2.428,1.9415,2.9836,4.957,4.6932,5.5697,6.4859,7.2413,6.9669
0.16314,5.5347,2.4326,1.94,2.9808,4.9361,4.6924,5.5628,6.483,7.2551,6.9738
0.16277,5.5386,2.4375,1.9386,2.9796,4.9117,4.7107,5.5636,6.4896,7.255,6.9847
0.16265,5.5385,2.4324,1.9362,2.978,4.8876,4.7058,5.5675,6.5073,7.2476,6.9716
0.16166,5.5384,2.4115,1.9396,2.9781,4.8958,4.7001,5.5709,6.507,7.2357,6.9506
0.16203,5.5252,2.3865,1.9393,2.9783,4.9187,4.6867,5.5818,6.513,7.2222,6.9725
0.16251,5.5042,2.3706,1.9397,2.9801,4.9461,4.6993,5.5925,6.5057,7.2244,6.9643
0.16199,5.4744,2.3713,1.9414,2.9797,4.98,4.6889,5.5951,6.4873,7.2165,6.9407
0.16212,5.4352,2.3941,1.9416,2.9815,5.0138,4.6757,5.5931,6.4881,7.1995,6.9343
0.16182,5.3856,2.4321,1.941,2.9898,5.0329,4.686,5.5981,6.4897,7.1925,6.9197
0.16286,5.3316,2.4658,1.9472,2.992,5.0278,4.6713,5.6008,6.4796,7.1858,6.9174
0.16362,5.2803,2.4752,1.9501,3.002,5.0234,4.6633,5.6056,6.4689,7.1784,6.9341
0.16346,5.234,2.4578,1.9506,3.0074,5.0157,4.6572,5.6062,6.4621,7.1928,6.943
0.16457,5.192,2.4273,1.9508,3.0124,5.0092,4.6711,5.6076,6.4626,7.2151,6.9482
0.16538,5.1468,2.4037,1.9496,3.0155,4.9994,4.674,5.6072,6.4634,7.2276,6.9393
0.16637,5.1109,2.3951,1.9481,3.0118,4.9937,4.6762,5.6011,6.4729,7.2485,6.9426
0.16671,5.1128,2.4113,1.9495,3.0083,4.9923,4.6805,5.604,6.4923,7.2506,6.936
0.16676,5.1085,2.4432,1.9536,3.0033,4.9924,4.6821,5.6096,6.4982,7.2474,6.9375
0.16729,5.078,2.4758,1.9519,3.0018,5.0044,4.685,5.619,6.5004,7.2338,6.9416
0.16813,5.0519,2.4847,1.9525,2.9977,5.013,4.6757,5.6246,6.5042,7.2443,6.9291
0.16817,5.0284,2.4652,1.9519,2.9942,5.024,4.6821,5.6312,6.4902,7.2174,6.9142
0.16863,5.0181,2.4355,1.9558,2.9878,5.0334,4.678,5.6345,6.4892,7.2181,6.9132
0.16955,5.0175,2.4162,1.9557,2.9827,5.0437,4.6717,5.6361,6.4885,7.2011,6.9023
0.17025,5.0175,2.41,1.9546,2.9829,5.0461,4.6733,5.6281,6.4736,7.2079,6.9
0.17136,5.0223,2.4109,1.9563,2.9842,5.0406,4.666,5.6285,6.4633,7.2006,6.917
0.17364,5.0316,2.412,1.9604,2.9831,5.044,4.6603,5.6284,6.4653,7.2283,6.9287
0.17428,5.0488,2.4164,1.9618,2.985,5.0377,4.6538,5.6249,6.4578,7.2383,6.9271
0.17598,5.0756,2.4248,1.964,2.9935,5.0291,4.662,5.6201,6.4598,7.2451,6.9384
0.17805,5.1141,2.4219,1.9678,2.9968,5.0182,4.6681,5.622,6.4795,7.2466,6.9269
0.17988,5.1551,2.4065,1.9649,3.0063,5.012,4.6699,5.6208,6.4934,7.2455,6.8937
0.18222,5.1929,2.3837,1.9633,3.014,5.0109,4.6733,5.6218,6.4967,7.2319,6.9079
0.18359,5.2296,2.3654,1.9704,3.0165,5.0056,4.6881,5.6232,6.5061,7.2412,6.9018
0.18556,5.2669,2.359,1.9719,3.0169,4.9901,4.6887,5.6267,6.5034,7.2432,6.8817
0.18787,5.3004,2.3743,1.9714,3.0178,4.9671,4.6782,5.63,6.4889,7.2189,6.875
0.18935,5.2896,2.41,1.9725,3.0119,4.9371,4.6757,5.6329,6.4976,7.2146,6.8658
0.19192,5.2666,2.4431,1.9705,3.005,4.9251,4.6692,5.6357,6.4913,7.2228,6.8588
0.19456,5.2608,2.453,1.9703,2.999,4.9361,4.6617,5.6422,6.4717,7.2186,6.8777
0.19669,5.273,2.4399,1.9738,2.9915,4.9612,4.6577,5.6474,6.471,7.2288,6.8927
0.19877,5.2753,2.4154,1.9735,2.9886,4.9906,4.6518,5.6563,6.4802,7.2627,6.9037
0.20118,5.2751,2.3883,1.971,2.9874,5.0245,4.6439,5.6573,6.4723,7.2759,6.9098
0.20394,5.2751,2.3747,1.9719,2.9849,5.0524,4.6388,5.665,6.476,7.2882,6.9207
0.20643,5.2733,2.3848,1.9721,2.9891,5.0608,4.6388,5.666,6.5001,7.2915,6.9168
0.20889,5.2643,2.4139,1.9749,2.9862,5.0592,4.6432,5.6679,6.51,7.2891,6.9078
0.21098,5.2507,2.448,1.9759,2.9858,5.0529,4.6489,5.6724,6.505,7.2502,6.9194
0.2131,5.2287,2.4663,1.9749,2.9876,5.0453,4.6531,5.6792,6.519,7.2602,6.8993
0.2154,5.1962,2.4549,1.9807,2.9955,5.0343,4.6596,5.6891,6.5132,7.2313,6.8824
0.21724,5.1557,2.4311,1.9845,2.9959,5.0272,4.6576,5.6969,6.5084,7.218,6.8776
0.21916,5.1135,2.4162,1.9848,3.0041,5.019,4.6587,5.7003,6.5127,7.2041,6.8651
0.22129,5.0717,2.4125,1.9873,3.0082,5.017,4.6528,5.7086,6.5072,7.2107,6.8634
0.22333,5.0259,2.4163,1.9897,3.0107,5.0175,4.6513,5.7088,6.4905,7.2057,6.8825
0.22444,4.9776,2.4184,1.9874,3.01,5.0278,4.6458,5.7132,6.4904,7.2279,6.8999
0.22528,4.9392,2.4199,1.9873,3.0108,5.0393,4.6464,5.712,6.4936,7.253,6.9089
0.22664,4.9388,2.4282,1.9964,3.0059,5.0501,4.6369,5.7131,6.4944,7.2647,6.9076
0.22839,4.932,2.4265,1.9984,2.9984,5.0597,4.6289,5.711,6.4968,7.2516,6.9003
0.22995,4.9052,2.4128,1.9958,2.9936,5.0634,4.6254,5.7143,6.518,7.2583,6.8802
0.23162,4.8845,2.391,1.9921,2.9876,5.0625,4.6241,5.7135,6.5276,7.2324,6.8922
0.233,4.8663,2.3718,1.9883,2.9851,5.0603,4.63,5.7122,6.5267,7.2284,6.8988
0.23283,4.8603,2.3633,1.9901,2.9815,5.056,4.6405,5.7152,6.5433,7.2325,6.8899
0.23373,4.8604,2.3757,1.9928,2.9786,5.0526,4.6426,5.7161,6.539,7.2171,6.8785
0.23448,4.8604,2.4069,1.9965,2.9776,5.0463,4.6464,5.719,6.5466,7.1777,6.8668
0.23625,4.8604,2.4405,1.9956,2.9758,5.0418,4.6509,5.7244,6.5564,7.1723,6.8577
0.23763,4.8612,2.4562,1.9975,2.9751,5.0436,4.655,5.7294,6.5505,7.1642,6.8684
0.23872,4.8695,2.4416,1.9993,2.9775,5.0325,4.6477,5.7319,6.5334,7.1726,6.8937
0.23924,4.8856,2.4131,2.0017,2.9822,5.0227,4.6487,5.7344,6.5244,7.1955,6.9028
0.23978,4.9121,2.3887,2.0034,2.9844,5.0051,4.6457,5.7372,6.5253,7.2168,6.9196
0.24055,4.9435,2.3777,2.0054,2.9901,4.9831,4.6395,5.7343,6.5261,7.2256,6.9267
0.24076,4.9737,2.3833,2.008,2.9953,4.9549,4.6311,5.7347,6.5318,7.2265,6.9248
0.24081,5.0008,2.4115,2.0121,2.9976,4.9584,4.6281,5.7403,6.5485,7.2331,6.9105
0.24118,5.0306,2.4503,2.0121,2.9958,4.9751,4.6222,5.7403,6.552,7.2165,6.9225
0.24011,5.0594,2.4705,2.0189,2.9946,5.0043,4.6189,5.7397,6.5495,7.2057,6.9007
0.24095,5.0482,2.4573,2.0277,2.9876,5.0418,4.6192,5.744,6.5668,7.2061,6.8831
0.24115,5.0304,2.4312,2.0272,2.9809,5.0806,4.6296,5.7464,6.5589,7.186,6.8738
0.24163,5.0278,2.413,2.0295,2.973,5.1017,4.6372,5.7494,6.5676,7.1648,6.8758
0.24254,5.027,2.41,2.0358,2.9674,5.1015,4.6377,5.7586,6.573,7.1749,6.8806
0.24227,5.027,2.4135,2.0387,2.964,5.0934,4.6418,5.7643,6.5681,7.1812,6.9019
0.24269,5.0269,2.4167,2.0389,2.9632,5.0863,4.6451,5.7677,6.5493,7.1948,6.9155
