-0.028018,-0.45685,-0.29997,0.21856,0.25588,0.017434,-0.13981,-0.12955,0.010334,0.11785,-0.18779
-0.040967,-0.93185,-0.45988,0.52482,0.4773,0.018671,-0.21762,-0.14307,0.055951,0.09532,-0.17669
-0.039182,-1.387,-0.47433,0.85002,0.67043,-0.011373,-0.22345,-0.15233,0.1587,0.10101,-0.14962
-0.020023,-1.8258,-0.42598,1.1869,0.79169,-0.1014,-0.19109,-0.10391,0.42187,-0.0052271,0.11793
0.019527,-2.2359,-0.31383,1.5033,0.8108,-0.24771,-0.09054,0.089353,0.75521,-0.27785,0.54062
0.078582,-2.6252,-0.098882,1.7685,0.75206,-0.38115,0.073795,0.30755,0.93883,-0.64074,0.80437
0.15285,-2.9896,0.20421,1.9551,0.65033,-0.47039,0.27751,0.53302,0.98291,-0.95757,0.74737
0.23706,-3.3322,0.5395,2.0306,0.5502,-0.49768,0.43688,0.69249,0.96484,-1.0287,0.61529
0.33217,-3.6587,0.90439,2.009,0.425,-0.4529,0.62237,0.69684,0.79797,-0.90312,0.61798
0.44077,-3.9838,1.2742,1.9183,0.30462,-0.30981,0.78356,0.53077,0.42734,-0.80019,0.44181
0.5587,-4.3069,1.6338,1.8063,0.16893,-0.024244,0.85595,0.22851,0.026019,-0.44659,0.16431
0.67598,-4.6229,1.9573,1.6472,0.13153,0.34738,0.82184,-0.050679,-0.33739,-0.03836,-0.19125
0.79177,-4.9346,2.2336,1.4399,0.22137,0.73916,0.63958,-0.2952,-0.45867,0.27661,-0.45722
0.91132,-5.2234,2.4068,1.1867,0.32801,1.1133,0.43746,-0.49908,-0.38763,0.29047,-0.52902
1.0383,-5.3213,2.4531,0.94113,0.4477,1.4627,0.25385,-0.56807,-0.34249,0.29258,-0.50777
1.162,-5.1931,2.419,0.67948,0.63032,1.7963,0.18571,-0.59499,-0.16954,0.33093,-0.38593
1.2762,-4.8854,2.3594,0.47353,0.86633,2.039,0.2332,-0.58154,0.21831,0.11402,-0.019962
1.3781,-4.5225,2.2346,0.32588,1.11,2.1305,0.32183,-0.42742,0.55409,-0.2198,0.39236
1.4748,-4.1336,2.0212,0.23573,1.3531,2.1338,0.41425,-0.13119,0.71542,-0.52573,0.55997
1.5637,-3.7143,1.7227,0.245,1.5602,2.0564,0.57589,0.16138,0.75992,-0.63341,0.47615
1.6441,-3.2913,1.3702,0.36547,1.7106,1.9303,0.81322,0.39674,0.84561,-0.54128,0.40947
1.7195,-2.8649,0.98025,0.58794,1.7667,1.7808,1.0618,0.52317,0.76806,-0.40313,0.38488
1.7892,-2.4482,0.59479,0.90424,1.7208,1.5953,1.2868,0.50386,0.53557,-0.19696,0.10911
1.8471,-2.0364,0.24855,1.2381,1.6009,1.3972,1.4944,0.31476,0.18739,0.2163,-0.27057
1.8908,-1.6246,-0.071858,1.5736,1.4679,1.185,1.6167,0.030869,-0.073806,0.60303,-0.64423
1.9294,-1.2124,-0.36777,1.8988,1.3317,1.0075,1.6271,-0.196,-0.14559,0.71596,-0.81867
1.9748,-0.82521,-0.62279,2.1805,1.1595,0.96777,1.5193,-0.40863,-0.087076,0.63488,-0.77053
2.026,-0.47295,-0.68852,2.3345,0.9797,1.035,1.2936,-0.51726,0.11848,0.60887,-0.67962
2.0612,-0.16096,-0.65415,2.3848,0.79737,1.0828,1.0489,-0.54347,0.4627,0.50164,-0.44946
2.0802,0.10751,-0.53549,2.3418,0.68446,1.098,0.85905,-0.53522,0.88968,0.19128,-0.022264
2.0917,0.28586,-0.34182,2.2476,0.67348,1.1056,0.81898,-0.45666,1.1529,-0.15371,0.35357
2.0954,0.30947,-0.04847,2.1422,0.69284,1.1121,0.86784,-0.22364,1.2227,-0.42477,0.43991
2.0885,0.2596,0.28284,1.9635,0.75195,1.1297,0.95045,0.028564,1.2189,-0.44845,0.38595
2.0769,0.11226,0.63961,1.7486,0.90186,1.0944,1.0616,0.2541,1.2472,-0.40868,0.39942
2.0569,-0.15797,1.0276,1.4864,1.1253,0.9962,1.237,0.4253,0.95894,-0.28904,0.33914
2.0319,-0.5284,1.4023,1.2071,1.3909,0.86887,1.4718,0.47169,0.61576,0.043202,0.037504
2.0034,-0.93756,1.742,0.92591,1.6567,0.7133,1.6687,0.36113,0.23435,0.44039,-0.29316
1.9732,-1.392,2.0182,0.69731,1.9043,0.59787,1.8382,0.11329,0.012387,0.64408,-0.57302
1.9282,-1.8694,2.1983,0.5252,2.0794,0.51301,1.9294,-0.1805,-0.11068,0.6008,-0.69048
1.864,-2.3394,2.2829,0.4039,2.2,0.51279,1.9395,-0.41652,-0.069571,0.49817,-0.62203
1.7833,-2.7881,2.2916,0.39769,2.2456,0.56312,1.8735,-0.63288,0.024887,0.49864,-0.58511
1.6982,-3.2184,2.2544,0.51652,2.2238,0.73611,1.6892,-0.77648,0.32364,0.2523,-0.34339
1.6136,-3.6236,2.1778,0.75303,2.1272,1.0838,1.4758,-0.84175,0.66744,-0.090689,0.071596
1.5213,-4.0117,2.0108,1.0754,2.0301,1.4789,1.3085,-0.85996,0.8049,-0.37294,0.32192
1.4147,-4.3828,1.7514,1.4213,1.9081,1.8719,1.2577,-0.77028,0.79691,-0.45735,0.25717
1.2979,-4.7315,1.4061,1.745,1.7691,2.2349,1.2978,-0.55718,0.77934,-0.36283,0.20892
1.1774,-5.0636,1.0228,2.0553,1.6468,2.5876,1.3726,-0.30778,0.62379,-0.29438,0.22782
1.0591,-5.3903,0.63093,2.3399,1.6283,2.9051,1.5039,-0.10031,0.29622,-0.015136,0.027137
0.93967,-5.7122,0.269,2.5246,1.7075,3.1155,1.7207,-0.0020292,-0.1433,0.43535,-0.21893
0.81972,-6.0432,-0.063434,2.6073,1.8185,3.203,1.9796,-0.037419,-0.57232,0.81869,-0.53856
0.70096,-6.3763,-0.36136,2.5846,1.9449,3.1902,2.2249,-0.20598,-0.72497,0.88437,-0.74674
0.59055,-6.6992,-0.64228,2.4841,2.1064,3.082,2.4627,-0.49992,-0.7266,0.79948,-0.71664
0.48647,-6.873,-0.79094,2.369,2.3433,2.9116,2.6427,-0.73893,-0.72164,0.79215,-0.63821
0.39308,-6.7535,-0.8222,2.1973,2.608,2.7208,2.7054,-0.96469,-0.55669,0.63601,-0.52544
0.31193,-6.4076,-0.75799,1.9835,2.8527,2.5139,2.6859,-1.1198,-0.17766,0.35313,-0.16416
0.24427,-5.9941,-0.64301,1.7164,3.0428,2.3279,2.5506,-1.1891,0.14025,0.027659,0.22401
0.18844,-5.5539,-0.41562,1.439,3.1829,2.1201,2.3454,-1.1658,0.22261,-0.20363,0.40003
0.14505,-5.1102,-0.12339,1.172,3.2814,1.9603,2.1547,-1.0803,0.21033,-0.21666,0.38404
0.1202,-4.6733,0.21942,0.98103,3.2941,1.9296,2.0207,-0.8578,0.17747,-0.19189,0.34131
0.11092,-4.2566,0.58729,0.81167,3.1928,1.9672,1.987,-0.56017,0.075201,-0.088643,0.31511
0.1166,-3.8418,0.95857,0.70995,3.0376,1.9943,1.9983,-0.27591,-0.17938,0.27766,0.026673
0.13591,-3.4401,1.3056,0.73975,2.866,1.9912,2.0755,-0.058624,-0.5441,0.67717,-0.34257
0.17549,-3.0304,1.6195,0.89039,2.6913,1.9822,2.2188,0.077439,-0.82222,0.80535,-0.70828
0.233,-2.6221,1.885,1.1252,2.4948,1.9621,2.428,0.053927,-0.92319,0.71137,-0.83299
0.30163,-2.2129,2.0362,1.4341,2.3112,1.9287,2.6304,-0.14613,-0.89992,0.60215,-0.75656
0.37426,-1.8441,2.0846,1.774,2.179,1.871,2.8021,-0.41674,-0.72861,0.4796,-0.69144
0.45817,-1.5229,2.077,2.0996,2.1452,1.7673,2.9448,-0.65434,-0.40821,0.18733,-0.48071
0.55803,-1.2464,2.0247,2.4047,2.1563,1.6051,3.0039,-0.84231,-0.018675,-0.14828,-0.051129
0.6664,-1.0316,1.9197,2.6449,2.2242,1.4238,2.9966,-0.95465,0.19057,-0.47357,0.33287
0.77279,-0.9819,1.7179,2.7963,2.3536,1.2661,2.8837,-0.97702,0.24336,-0.56241,0.3906
0.87248,-1.0709,1.432,2.8454,2.5384,1.1731,2.702,-0.97465,0.2369,-0.53819,0.30573
0.97721,-1.2789,1.071,2.8018,2.7778,1.181,2.486,-0.9163,0.17592,-0.5646,0.32684
1.0884,-1.6117,0.68925,2.7147,3.0549,1.2849,2.3377,-0.73711,-0.072982,-0.29305,0.23479
1.2024,-2.0065,0.29964,2.6259,3.3005,1.5234,2.2801,-0.47294,-0.40962,0.1371,-0.089219
1.3082,-2.4539,-0.046832,2.4542,3.502,1.8553,2.3062,-0.27046,-0.77119,0.45081,-0.45113
1.4017,-2.9156,-0.37525,2.2351,3.6337,2.2378,2.3841,-0.14026,-0.98726,0.38129,-0.68457
1.4849,-3.3732,-0.68185,1.9832,3.6936,2.6141,2.5558,-0.13988,-1.1024,0.30237,-0.69583
1.5644,-3.8215,-0.94143,1.7262,3.6745,2.9789,2.8029,-0.28454,-1.0116,0.33159,-0.59147
1.6408,-4.249,-1.0019,1.4509,3.5989,3.3263,3.0485,-0.56912,-0.92175,0.12306,-0.53683
1.7191,-4.6505,-0.96191,1.2423,3.4844,3.6313,3.2681,-0.89285,-0.68736,-0.19731,-0.25391
1.7966,-5.0426,-0.86296,1.0696,3.3549,3.8235,3.4751,-1.172,-0.3407,-0.50803,0.16391
1.8565,-5.4198,-0.67683,0.96613,3.2173,3.8652,3.6294,-1.4148,-0.15734,-0.68712,0.40612
1.9029,-5.7808,-0.3753,0.99231,3.0857,3.7794,3.6847,-1.5316,-0.11217,-0.64006,0.39842
1.9514,-6.1272,-0.055953,1.15,3.0377,3.6282,3.6363,-1.5601,-0.14789,-0.59964,0.41936
2.0105,-6.469,0.29932,1.4051,3.0933,3.4486,3.4526,-1.5522,-0.22458,-0.39089,0.44485
2.0694,-6.8083,0.67654,1.7274,3.1761,3.2762,3.2598,-1.4318,-0.55007,0.05568,0.26156
2.1155,-7.1524,1.0394,2.0617,3.2818,3.0967,3.1068,-1.2024,-0.93804,0.47513,-0.046807
2.137,-7.5075,1.3805,2.3927,3.4407,2.9124,3.0265,-0.92455,-1.2912,0.57713,-0.34932
2.1449,-7.8678,1.661,2.7129,3.6619,2.7406,3.0142,-0.73363,-1.461,0.44085,-0.52331
2.1491,-8.24,1.8425,2.995,3.9039,2.6465,3.025,-0.58272,-1.5019,0.42385,-0.45856
2.1543,-8.4725,1.9252,3.1715,4.1406,2.6049,3.1077,-0.57015,-1.4088,0.3593,-0.31352
2.1533,-8.3764,1.9212,3.2386,4.3418,2.6008,3.3114,-0.69392,-1.2535,0.10542,-0.19035
2.1399,-8.0361,1.8743,3.2106,4.4991,2.631,3.5567,-0.96849,-0.92908,-0.23603,0.17235
2.1138,-7.6211,1.7926,3.1331,4.5841,2.6569,3.7473,-1.2416,-0.62991,-0.54432,0.55802
2.0805,-7.181,1.6216,3.0361,4.5821,2.6606,3.9193,-1.4305,-0.5205,-0.7206,0.76297
2.0391,-6.7603,1.368,2.8984,4.4884,2.656,4.0572,-1.5314,-0.55386,-0.74803,0.81457
1.9852,-6.3581,1.0376,2.7076,4.3319,2.6293,4.1097,-1.5379,-0.609,-0.64554,0.89691
1.9109,-5.965,0.67041,2.4808,4.1898,2.5276,4.0447,-1.5165,-0.76024,-0.27352,0.89282
1.8206,-5.5815,0.28557,2.2316,4.0325,2.3524,3.8828,-1.416,-1.0673,0.16114,0.61622
1.7257,-5.199,-0.078402,1.9792,3.8623,2.1583,3.6741,-1.1686,-1.4555,0.3395,0.23263
1.6319,-4.8221,-0.40418,1.7971,3.6674,1.999,3.4853,-0.86777,-1.7839,0.22762,-0.03015
1.5295,-4.4315,-0.71868,1.6693,3.5252,1.9026,3.353,-0.61194,-1.9178,0.091069,-0.13546
1.4117,-4.0285,-0.99473,1.5868,3.4931,1.8792,3.3261,-0.38873,-1.8701,0.022258,0.065881
1.2837,-3.6405,-1.0813,1.6202,3.501,1.9359,3.3357,-0.30637,-1.7965,-0.24129,0.15166
1.1562,-3.2996,-1.0583,1.7921,3.5404,2.0761,3.3727,-0.38762,-1.5366,-0.58332,0.44156
1.0342,-3.0079,-0.96287,2.0719,3.6676,2.3185,3.5284,-0.64023,-1.1645,-0.92715,0.86556
0.9119,-2.7856,-0.79153,2.3959,3.8748,2.6251,3.8154,-0.94743,-0.83202,-1.0789,1.2264
0.79264,-2.7464,-0.50806,2.7417,4.1227,3.0004,4.0714,-1.2086,-0.75223,-1.0514,1.3255
0.67921,-2.8909,-0.18884,3.0525,4.3967,3.388,4.2886,-1.425,-0.75768,-1.0433,1.3439
0.57384,-3.1422,0.16356,3.3391,4.6482,3.7515,4.4647,-1.5794,-0.79492,-0.76433,1.407
0.47546,-3.531,0.5446,3.5766,4.8736,4.0902,4.5537,-1.665,-0.97537,-0.31022,1.2915
0.39064,-3.9716,0.9072,3.7086,5.0499,4.3692,4.5642,-1.7181,-1.3302,0.07198,0.96088
0.32045,-4.4242,1.2483,3.7445,5.1209,4.4949,4.4791,-1.6089,-1.6877,0.11522,0.62798
0.26267,-4.8736,1.534,3.7037,5.0917,4.4566,4.2827,-1.3696,-1.9465,0.017394,0.40807
0.21754,-5.2994,1.7142,3.6174,5.0162,4.2909,4.0792,-1.0857,-2.082,-0.0041567,0.44098
0.18297,-5.7126,1.7915,3.5033,4.9292,4.1193,3.917,-0.90094,-2.0694,-0.096007,0.57586
0.16331,-6.1053,1.7961,3.3489,4.8453,3.9585,3.865,-0.80422,-1.966,-0.341,0.67227
0.15887,-6.4972,1.7584,3.1179,4.7355,3.801,3.8718,-0.81654,-1.6712,-0.66406,0.92135
0.16905,-6.885,1.6654,2.8608,4.603,3.625,3.9065,-0.956,-1.3026,-0.91319,1.2785
0.19217,-7.257,1.5028,2.5875,4.5224,3.418,4.0059,-1.2347,-1.1287,-0.94287,1.531
0.2302,-7.6159,1.2405,2.3172,4.5645,3.2141,4.2079,-1.5118,-1.1802,-0.90853,1.5684
0.28304,-7.973,0.90521,2.0933,4.6582,3.0647,4.4299,-1.7384,-1.2855,-0.74018,1.6054
0.34467,-8.3208,0.53123,1.9518,4.7485,3.036,4.6373,-1.9408,-1.4289,-0.35132,1.6368
0.41323,-8.6799,0.15016,1.9039,4.902,3.048,4.8077,-1.9969,-1.7905,0.066729,1.3913
0.48788,-9.0622,-0.21759,1.9737,5.1325,3.0501,4.8787,-1.9903,-2.1872,0.25038,1.0529
0.572,-9.4559,-0.54546,2.1466,5.3801,3.0625,4.8228,-1.8936,-2.5541,0.15738,0.73328
0.66044,-9.8746,-0.84817,2.4154,5.6377,3.051,4.692,-1.6801,-2.7597,0.069535,0.55788
0.74665,-10.212,-1.1224,2.7604,5.8735,3.0619,4.5,-1.3443,-2.9003,-0.03407,0.65815
0.82941,-10.396,-1.2384,3.0968,6.0363,3.0292,4.281,-1.0661,-2.8827,-0.3401,0.80193
0.91452,-10.234,-1.2509,3.4307,6.1659,2.8741,4.105,-0.82289,-2.7181,-0.68111,0.89927
1.0056,-9.8641,-1.1921,3.7475,6.1843,2.6367,3.9453,-0.66409,-2.3217,-1.0037,1.2736
1.0951,-9.4686,-1.0439,4.0089,6.0823,2.4279,3.8969,-0.63926,-1.9697,-1.1608,1.6593
1.1777,-9.0335,-0.75733,4.1798,5.9078,2.2746,3.8955,-0.77978,-1.8846,-1.1081,1.82
1.2544,-8.6162,-0.44651,4.2376,5.7267,2.2048,3.9627,-1.0824,-1.9007,-1.0817,1.9052
1.3323,-8.2116,-0.09928,4.1848,5.5635,2.2121,4.142,-1.3491,-1.8976,-0.78034,2.0187
1.4147,-7.8242,0.28354,4.0787,5.3729,2.273,4.3704,-1.5476,-1.9504,-0.36534,2.05
1.5012,-7.4505,0.64596,3.9604,5.1926,2.4121,4.5996,-1.6874,-2.2663,-0.0073656,1.7746
1.587,-7.08,0.99795,3.7862,5.0569,2.6742,4.7936,-1.7238,-2.6517,0.019429,1.412
1.6639,-6.7115,1.3094,3.5772,5.0378,3.0265,4.923,-1.7141,-2.8895,-0.072399,1.1517
1.7326,-6.331,1.5423,3.327,5.0915,3.4116,4.9647,-1.6506,-3.0309,-0.10713,1.0779
1.7955,-5.9302,1.6455,3.0512,5.1282,3.798,4.9172,-1.4522,-2.9359,-0.31079,1.3319
1.8654,-5.5272,1.6619,2.7722,5.2335,4.1591,4.7785,-1.1985,-2.7953,-0.59039,1.4888
1.9387,-5.1656,1.6324,2.553,5.4427,4.5005,4.5829,-0.93213,-2.5064,-0.90368,1.784
2.0076,-4.8445,1.5623,2.4002,5.7079,4.7805,4.4149,-0.75818,-2.1011,-1.0854,2.1989
2.0706,-4.6135,1.4318,2.3424,5.9818,4.9124,4.3169,-0.70825,-1.7955,-1.0574,2.5771
2.1271,-4.6204,1.2133,2.4055,6.2371,4.8508,4.2854,-0.84325,-1.7236,-1.0112,2.6843
2.1818,-4.8241,0.90262,2.5723,6.451,4.6857,4.2855,-1.1482,-1.7382,-0.89235,2.7105
2.2252,-5.1674,0.52771,2.8289,6.6423,4.4928,4.3356,-1.4877,-1.7029,-0.48499,2.7888
2.2522,-5.5827,0.13986,3.1549,6.7124,4.3151,4.5116,-1.7413,-1.9348,-0.078831,2.6883
2.2726,-6.0105,-0.24273,3.4822,6.6818,4.162,4.7559,-2.0113,-2.2412,0.074633,2.3305
2.2862,-6.4171,-0.58163,3.8039,6.5928,4.0009,4.9759,-2.0933,-2.5879,-0.0029548,1.9639
2.2928,-6.813,-0.88708,4.0941,6.4861,3.8148,5.1776,-2.0726,-2.859,-0.039863,1.6895
2.2854,-7.1948,-1.1673,4.3148,6.3712,3.6155,5.3358,-2.0407,-3.0203,-0.20963,1.7291
2.2583,-7.5687,-1.3667,4.4532,6.2373,3.4744,5.3945,-1.9301,-3.0181,-0.52395,1.8692
2.2142,-7.9458,-1.4137,4.5027,6.0762,3.4021,5.3398,-1.6561,-2.9373,-0.8634,1.9673
2.1541,-8.3279,-1.3791,4.4615,6.0122,3.4319,5.1669,-1.3178,-2.7055,-1.1748,2.2037
2.0819,-8.6941,-1.2696,4.3757,6.0576,3.4684,4.9656,-1.0541,-2.376,-1.2957,2.5769
1.9915,-9.0635,-1.0615,4.2749,6.1325,3.4618,4.747,-0.90129,-2.2055,-1.2317,2.7667
1.8838,-9.4315,-0.76598,4.0918,6.2206,3.4482,4.5618,-0.89719,-2.2294,-1.2281,2.7127
1.7572,-9.8025,-0.43872,3.8663,6.3487,3.4333,4.4298,-1.0253,-2.3404,-0.87241,2.6594
1.6188,-10.182,-0.065234,3.6167,6.5543,3.3831,4.3572,-1.35,-2.4347,-0.44684,2.6795
1.4855,-10.59,0.30949,3.3501,6.8016,3.2307,4.3214,-1.6333,-2.7936,-0.14816,2.4448
1.3606,-11.005,0.67724,3.0773,7.038,3.0366,4.4082,-1.8446,-3.2085,-0.16627,2.1
1.2478,-11.449,0.99932,2.8785,7.2436,2.8629,4.6295,-2.0312,-3.5344,-0.30086,1.7977
1.1361,-11.856,1.2672,2.7635,7.4186,2.7452,4.8496,-2.0917,-3.7728,-0.31356,1.6321
1.0189,-12.139,1.4107,2.741,7.5521,2.695,5.0101,-2.067,-3.8782,-0.58892,1.7244
0.90003,-12.243,1.4514,2.8221,7.5889,2.7389,5.1282,-1.9875,-3.761,-0.88305,1.8928
0.79027,-11.968,1.4316,2.9943,7.5226,2.8741,5.209,-1.7784,-3.5878,-1.176,2.0321
0.68862,-11.629,1.3903,3.2809,7.3813,3.1003,5.2101,-1.4894,-3.2085,-1.3239,2.426
0.60262,-11.261,1.3183,3.6261,7.2424,3.3824,5.131,-1.2097,-2.8285,-1.3131,2.7965
0.533,-10.848,1.1549,3.9604,7.1128,3.7283,4.949,-1.0034,-2.6729,-1.2356,2.9809
0.47913,-10.44,0.89447,4.2857,6.9543,4.1006,4.7435,-0.91296,-2.6529,-1.0564,3.0349
0.44474,-10.048,0.55071,4.5693,6.7864,4.4932,4.6224,-0.98023,-2.6558,-0.62466,3.1682
0.43512,-9.6845,0.17425,4.7787,6.6508,4.8594,4.5365,-1.2032,-2.7307,-0.22972,3.2255
0.44288,-9.3186,-0.21337,4.9048,6.6329,5.1846,4.5306,-1.5234,-3.0239,-0.15148,2.9862
0.46812,-8.9699,-0.56686,4.9436,6.651,5.3927,4.5108,-1.7942,-3.3772,-0.20732,2.5915
0.49783,-8.6071,-0.89241,4.881,6.6781,5.4382,4.5979,-2.0185,-3.6456,-0.22458,2.3375
0.53755,-8.229,-1.1939,4.7828,6.7912,5.3261,4.8413,-2.1769,-3.7942,-0.34257,2.3298
0.58921,-7.831,-1.454,4.653,6.9918,5.1707,5.134,-2.1856,-3.7161,-0.61809,2.5544
0.65385,-7.4052,-1.535,4.4501,7.2422,4.9922,5.3144,-2.1571,-3.6251,-0.96396,2.7218
0.72991,-7.0255,-1.5116,4.1998,7.5028,4.81,5.5055,-2.0026,-3.4283,-1.2152,3.0607
0.8092,-6.6617,-1.4151,3.9309,7.7649,4.6097,5.6431,-1.7158,-3.0769,-1.2865,3.4607
0.88279,-6.5224,-1.2213,3.6509,8.0261,4.4174,5.6701,-1.4044,-2.7529,-1.1986,3.789
0.94906,-6.6533,-0.91397,3.3716,8.23,4.2387,5.6011,-1.1378,-2.6517,-1.0466,3.8432
1.0195,-6.9592,-0.57223,3.1459,8.3316,4.0662,5.4351,-0.96341,-2.6628,-0.64754,3.8331
1.0978,-7.3664,-0.19973,3.0151,8.2847,3.9477,5.2348,-0.90107,-2.7327,-0.22791,3.8663
1.1734,-7.7606,0.18626,2.9819,8.1975,3.8929,5.0221,-1.012,-2.943,0.019473,3.7624
1.2417,-8.1522,0.54207,3.0474,8.1104,3.8894,4.8414,-1.2905,-3.3208,-0.0096294,3.3856
1.2977,-8.5116,0.89422,3.2139,8.0473,3.8788,4.7342,-1.591,-3.6797,-0.091879,3.0279
1.3503,-8.8577,1.1935,3.4817,7.9584,3.8423,4.6192,-1.8108,-3.9416,-0.078803,2.7583
1.411,-9.2132,1.3849,3.811,7.8395,3.8112,4.564,-2.0488,-4.11,-0.34933,2.7697
1.4748,-9.5744,1.4517,4.139,7.7447,3.7901,4.6821,-2.1563,-4.1228,-0.67569,2.8804
1.5294,-9.9429,1.447,4.4567,7.7517,3.6956,4.927,-2.1416,-4.0978,-0.97283,3.0256
1.5755,-10.313,1.419,4.739,7.8511,3.5044,5.1239,-2.0753,-3.9114,-1.1037,3.284
1.6176,-10.676,1.3524,4.9649,7.9401,3.3098,5.2533,-1.9179,-3.5771,-1.0942,3.661
1.6629,-11.043,1.2168,5.1117,8.0565,3.1687,5.3726,-1.6458,-3.3395,-1.0063,3.7757
1.718,-11.417,0.98826,5.1632,8.2715,3.0932,5.3971,-1.363,-3.3188,-0.75388,3.7104
1.7783,-11.803,0.68112,5.1176,8.5306,3.087,5.3526,-1.1279,-3.4024,-0.3191,3.6934
1.8383,-12.221,0.31378,5.0101,8.7808,3.1716,5.2339,-0.9939,-3.4617,0.04158,3.7775
1.8984,-12.661,-0.058051,4.8674,9.0114,3.3442,5.0764,-0.99967,-3.7583,0.10924,3.5217
1.9538,-13.131,-0.41984,4.6797,9.2043,3.6228,4.8957,-1.1581,-4.0742,0.085381,3.162
2.0209,-13.563,-0.74423,4.4614,9.3564,3.9434,4.7581,-1.488,-4.4066,0.042906,2.8629
2.101,-13.925,-1.053,4.2105,9.4219,4.3088,4.7136,-1.7604,-4.5958,-0.088161,2.7395
2.1781,-14.086,-1.3192,3.9392,9.328,4.6991,4.6871,-2.0373,-4.6397,-0.40871,2.8511
2.2497,-14.037,-1.4147,3.6548,9.1728,5.0866,4.6546,-2.2115,-4.5333,-0.7591,2.9952
2.3081,-13.769,-1.3916,3.4249,9.0108,5.4434,4.7826,-2.2936,-4.4058,-0.98832,3.2536
2.3554,-13.465,-1.302,3.297,8.8851,5.7528,5.1005,-2.3023,-4.0978,-0.99101,3.7138
2.3987,-13.106,-1.1373,3.3049,8.7494,5.9212,5.4115,-2.1961,-3.6952,-0.90491,4.0914
2.4416,-12.692,-0.85208,3.4034,8.6105,5.9182,5.6301,-1.9105,-3.4371,-0.73651,4.2369
2.4726,-12.298,-0.53837,3.58,8.4504,5.7777,5.8425,-1.5811,-3.3695,-0.3683,4.3032
2.488,-11.923,-0.18365,3.8178,8.398,5.6224,5.9777,-1.3044,-3.3661,0.044414,4.4543
2.487,-11.568,0.19639,4.1012,8.4498,5.4702,6.0278,-1.1112,-3.4195,0.23305,4.4656
2.4686,-11.227,0.55661,4.4171,8.517,5.3121,5.9598,-1.0266,-3.7249,0.19295,4.1616
2.4352,-10.878,0.90195,4.7438,8.5995,5.1196,5.7721,-1.0689,-4.123,0.14002,3.8005
2.3855,-10.521,1.1934,5.0465,8.7894,4.9149,5.5545,-1.2998,-4.4765,0.005728,3.5499
2.3126,-10.139,1.4074,5.2662,9.0421,4.7134,5.3784,-1.5877,-4.6749,-0.31764,3.5574
2.2174,-9.7254,1.4981,5.3796,9.3165,4.5405,5.2498,-1.8282,-4.7057,-0.68134,3.7442
2.1073,-9.313,1.5,5.3975,9.576,4.4373,5.1715,-2.036,-4.585,-1.006,3.9705
1.987,-8.9102,1.4608,5.3074,9.8226,4.4169,5.0802,-2.165,-4.3956,-1.1348,4.305
1.86,-8.5908,1.3914,5.1935,10.035,4.3896,5.0342,-2.1758,-4.0593,-1.0222,4.6807
1.7211,-8.6001,1.2559,5.0332,10.154,4.3558,5.1672,-2.1306,-3.7648,-1.0082,4.8828
1.5738,-8.9107,1.03,4.828,10.173,4.3045,5.3809,-1.9825,-3.6828,-0.67982,4.8942
1.4247,-9.3013,0.71139,4.5842,10.106,4.3049,5.5764,-1.7034,-3.711,-0.25729,4.9171
1.2762,-9.661,0.33435,4.3054,10.023,4.2878,5.6759,-1.4,-3.7367,0.063449,4.9918
1.1296,-10.004,-0.048226,4.0172,9.9472,4.1577,5.7588,-1.1643,-3.8836,0.097742,4.7766
0.98858,-10.323,-0.41934,3.7362,9.8531,3.9423,5.754,-1.0172,-4.2231,0.042123,4.4668
0.85862,-10.636,-0.7573,3.526,9.7481,3.7736,5.653,-0.97777,-4.6327,0.028002,4.1052
0.74358,-10.976,-1.0701,3.4132,9.6595,3.6787,5.4686,-1.0778,-4.9428,-0.21967,3.8811
0.6471,-11.319,-1.3661,3.4244,9.6883,3.6647,5.2529,-1.3776,-5.1249,-0.51963,3.9553
0.56735,-11.672,-1.4845,3.536,9.8126,3.7159,5.0448,-1.6717,-5.0603,-0.86771,4.0933
0.50528,-12.022,-1.496,3.7254,9.9251,3.8317,4.9111,-1.9555,-5.0362,-1.0218,4.1792
0.46078,-12.366,-1.4263,3.9869,10.05,4.0432,4.8381,-2.1677,-4.8465,-1.0239,4.4922
0.43366,-12.726,-1.2805,4.3155,10.267,4.3271,4.7818,-2.2511,-4.4927,-0.929,4.8255
0.42691,-13.106,-0.99704,4.653,10.545,4.67,4.7857,-2.2471,-4.2098,-0.82001,4.9472
0.43978,-13.507,-0.67914,4.9804,10.821,5.0336,4.9297,-2.1405,-4.1245,-0.42357,4.9581
0.46853,-13.942,-0.33732,5.2662,11.062,5.4307,5.191,-1.8982,-4.1079,-0.041953,5.0152
0.51366,-14.405,0.049259,5.4825,11.257,5.796,5.4504,-1.5794,-4.0987,0.094214,5.0021
0.57156,-14.884,0.41813,5.6166,11.421,6.1415,5.6823,-1.2935,-4.2753,0.039473,4.6953
0.64187,-15.319,0.76536,5.6644,11.508,6.4626,5.8849,-1.0868,-4.5688,0.024804,4.3114
0.72289,-15.702,1.0746,5.6174,11.459,6.6038,6.0045,-0.90994,-4.9093,-0.12074,3.9813
0.80656,-15.897,1.3112,5.5176,11.325,6.5441,5.997,-0.86293,-5.1148,-0.4291,3.8618
0.89029,-15.907,1.4237,5.3811,11.191,6.3504,5.8863,-1.0077,-5.1869,-0.77636,4.038
0.97354,-15.691,1.4413,5.1799,11.068,6.1261,5.7088,-1.301,-5.106,-1.0364,4.2023
1.0612,-15.437,1.4038,4.9393,10.915,5.8902,5.4935,-1.5835,-4.9099,-1.1406,4.4948
1.1531,-15.142,1.3401,4.6691,10.769,5.693,5.3137,-1.7867,-4.6147,-1.017,4.9213
1.2394,-14.79,1.2074,4.3954,10.612,5.5062,5.2144,-1.9058,-4.2436,-0.94889,5.2921
1.3123,-14.39,0.9919,4.1266,10.528,5.3197,5.1564,-1.901,-4.0022,-0.60497,5.3946
1.3761,-14.015,0.68558,3.9184,10.535,5.0969,5.1192,-1.795,-3.9369,-0.19548,5.4232
1.4383,-13.667,0.31417,3.7996,10.56,4.9039,5.1976,-1.6394,-3.9627,0.099781,5.4796
1.5044,-13.332,-0.063608,3.7716,10.605,4.7624,5.3787,-1.3834,-4.014,0.12992,5.4301
1.5659,-12.997,-0.43524,3.8673,10.752,4.7267,5.5823,-1.0489,-4.3278,0.067196,5.0957
1.6128,-12.656,-0.77572,4.0731,10.994,4.7033,5.7778,-0.75047,-4.6711,0.03761,4.791
1.6485,-12.291,-1.0885,4.3597,11.249,4.6638,5.963,-0.51993,-5.0011,-0.22167,4.5562
1.6805,-11.898,-1.3811,4.6927,11.5,4.6123,6.0374,-0.38695,-5.2594,-0.51436,4.5757
1.7198,-11.475,-1.5842,5.0241,11.723,4.6005,6.0182,-0.41182,-5.381,-0.79496,4.6715
1.7644,-11.017,-1.6176,5.351,11.915,4.5514,5.9248,-0.63338,-5.3053,-0.95774,4.7682
1.8114,-10.651,-1.5784,5.6402,12.043,4.3757,5.7284,-0.93915,-5.1808,-0.92546,5.0444
1.8609,-10.569,-1.4617,5.8629,12.047,4.1566,5.5266,-1.2311,-4.8804,-0.81704,5.4409
1.9108,-10.847,-1.2343,5.9898,11.986,3.9875,5.3271,-1.4452,-4.5344,-0.68222,5.6117
1.9638,-11.225,-0.9347,6.0163,11.898,3.8912,5.2124,-1.5206,-4.3543,-0.28742,5.5636
2.0282,-11.559,-0.59835,5.9599,11.805,3.8515,5.1722,-1.4734,-4.3207,0.089565,5.4773
2.111,-11.854,-0.23599,5.8541,11.696,3.9084,5.1507,-1.36,-4.3519,0.20533,5.4993
2.1983,-12.133,0.12348,5.71,11.567,4.0831,5.2055,-1.195,-4.4567,0.15092,5.1695
2.2732,-12.416,0.47398,5.5087,11.459,4.3509,5.4226,-0.91054,-4.8025,0.097986,4.8143
2.3421,-12.724,0.78954,5.2784,11.467,4.6609,5.7193,-0.5681,-5.2063,-0.085619,4.4354
2.4081,-13.044,1.0544,5.0144,11.562,5.0137,5.9763,-0.28006,-5.5155,-0.42491,4.2531
2.4724,-13.369,1.1884,4.7476,11.684,5.3825,6.1722,-0.098786,-5.6993,-0.77412,4.2908
2.5334,-13.696,1.2263,4.4936,11.819,5.7809,6.39,-0.038642,-5.6603,-1.032,4.4284
2.5894,-14.029,1.2001,4.2984,12.025,6.1721,6.5099,-0.14929,-5.5628,-1.1254,4.5858
2.628,-14.373,1.141,4.1867,12.278,6.5147,6.5124,-0.46842,-5.4083,-1.0638,4.9766
2.6499,-14.745,1.0318,4.1855,12.532,6.7788,6.4285,-0.77391,-5.0966,-0.96495,5.3433
2.6609,-15.149,0.83344,4.2994,12.757,6.8448,6.2536,-1.0438,-4.7545,-0.65685,5.4337
2.6614,-15.574,0.54796,4.515,12.947,6.7153,6.0805,-1.2561,-4.5968,-0.25253,5.4018
2.6449,-16.024,0.19083,4.8149,13.11,6.5285,5.948,-1.3002,-4.5813,-0.0099901,5.4419
2.6019,-16.5,-0.18857,5.1462,13.189,6.3152,5.9166,-1.24,-4.5776,-0.040948,5.38
2.5304,-16.904,-0.58585,5.4752,13.152,6.1066,5.9107,-1.1286,-4.7365,-0.14525,5.0925
2.4362,-17.253,-0.94501,5.7946,13.026,5.8986,5.8952,-0.90226,-5.0877,-0.23576,4.7165
2.3297,-17.422,-1.2767,6.0775,12.878,5.6803,5.9945,-0.57416,-5.4643,-0.55396,4.3975
2.2129,-17.448,-1.5858,6.2958,12.74,5.448,6.2388,-0.25222,-5.7252,-0.89336,4.3263
2.0814,-17.288,-1.841,6.4009,12.586,5.2254,6.4957,-0.0060423,-5.8641,-1.202,4.507
1.9338,-17.067,-1.8998,6.4236,12.417,5.0359,6.6668,0.14548,-5.8316,-1.3498,4.6697
1.7789,-16.814,-1.865,6.3367,12.254,4.9156,6.8193,0.1374,-5.7627,-1.3099,5.0392
1.6243,-16.495,-1.7626,6.2109,12.141,4.8692,6.9147,-0.057456,-5.5513,-1.2369,5.4574
1.4709,-16.116,-1.5714,6.0488,12.148,4.8501,6.8676,-0.35583,-5.2124,-1.0344,5.8161
1.3186,-15.743,-1.2823,5.8349,12.178,4.7893,6.7175,-0.61255,-4.8933,-0.63155,5.8588
1.1723,-15.395,-0.956,5.5832,12.244,4.7157,6.515,-0.85421,-4.7481,-0.2634,5.8648
1.0381,-15.062,-0.59947,5.303,12.398,4.6711,6.2889,-0.99243,-4.7411,-0.17243,5.9577
0.91863,-14.732,-0.22598,5.0323,12.625,4.5577,6.0579,-0.99868,-4.783,-0.26545,5.8595
0.81319,-14.396,0.12945,4.7689,12.874,4.3607,5.9681,-0.94202,-5.0034,-0.32047,5.5256
0.72373,-14.029,0.45653,4.5774,13.125,4.1422,5.9515,-0.79839,-5.3297,-0.4693,5.1945
0.65571,-13.646,0.73339,4.4754,13.37,3.9837,5.9584,-0.49489,-5.6465,-0.78835,4.9638
0.60964,-13.226,0.88811,4.4814,13.586,3.8891,6.0202,-0.13096,-5.8137,-1.1094,5.0393
0.58434,-12.768,0.93797,4.5978,13.744,3.8969,6.2306,0.17306,-5.9076,-1.3553,5.191
0.5773,-12.368,0.91981,4.8148,13.809,3.9974,6.5001,0.36565,-5.8607,-1.3974,5.3582
0.58842,-12.237,0.86524,5.1124,13.779,4.1946,6.7552,0.45802,-5.7389,-1.3035,5.6943
0.61698,-12.506,0.77018,5.4546,13.696,4.4874,6.9871,0.39661,-5.4733,-1.1237,6.1083
0.6597,-12.867,0.59669,5.7885,13.602,4.8376,7.1418,0.14644,-5.0835,-0.7306,6.2358
0.7182,-13.166,0.3288,6.111,13.49,5.2047,7.1992,-0.14726,-4.806,-0.29491,6.1928
0.79134,-13.422,-0.012236,6.3814,13.374,5.5998,7.1271,-0.41801,-4.7234,-0.071031,6.1372
0.87597,-13.676,-0.39154,6.5884,13.294,6.0025,7.0029,-0.61341,-4.7952,-0.09201,6.1517
0.96704,-13.934,-0.78689,6.7186,13.298,6.3911,6.9084,-0.67028,-4.7592,-0.13837,5.8599
1.0573,-14.205,-1.1504,6.7476,13.389,6.7399,6.8118,-0.64162,-5.0401,-0.17773,5.5281
1.1427,-14.487,-1.488,6.6698,13.488,6.9931,6.7466,-0.57065,-5.3457,-0.37994,5.2102
1.2261,-14.779,-1.801,6.5537,13.601,7.0401,6.7285,-0.3734,-5.6363,-0.66174,5.0773
1.3084,-15.088,-2.0782,6.4009,13.788,6.9238,6.6922,-0.04923,-5.8343,-0.87136,5.173
1.3894,-15.407,-2.1646,6.1752,14.044,6.7662,6.7021,0.32539,-5.8955,-0.99669,5.2398
1.4632,-15.748,-2.1295,5.9321,14.302,6.6105,6.846,0.55797,-5.8387,-0.91543,5.4523
1.5298,-16.122,-2.0389,5.6577,14.535,6.4455,7.1019,0.69252,-5.7424,-0.79228,5.8811
1.5903,-16.524,-1.8626,5.4002,14.725,6.2411,7.3902,0.6907,-5.4677,-0.5084,6.2339
1.6469,-16.957,-1.5768,5.1477,14.9,6.0228,7.6231,0.53912,-5.0583,-0.075801,6.2802
1.6999,-17.415,-1.2645,4.9667,15.019,5.8007,7.7828,0.22589,-4.8306,0.30497,6.2175
1.7479,-17.879,-0.90932,4.8729,15.003,5.591,7.8475,-0.10342,-4.7837,0.38095,6.244
1.7915,-18.27,-0.52767,4.8864,14.886,5.415,7.7982,-0.39365,-4.7988,0.33142,6.111
1.8268,-18.591,-0.17075,5.0024,14.739,5.3256,7.6723,-0.57466,-4.9156,0.2999,5.7798
1.858,-18.714,0.16049,5.2137,14.606,5.2995,7.4917,-0.66164,-5.285,0.13217,5.4353
1.8934,-18.716,0.44504,5.503,14.463,5.2726,7.3219,-0.64188,-5.6947,-0.20962,5.1764
1.938,-18.578,0.63056,5.8271,14.287,5.1935,7.147,-0.51776,-6.0605,-0.56343,5.1845
1.9894,-18.407,0.69792,6.1638,14.118,5.1216,7.08,-0.25512,-6.2651,-0.77836,5.3812
2.0434,-18.171,0.68098,6.4876,13.98,5.0778,7.0595,0.063328,-6.3053,-0.76613,5.5652
2.0996,-17.887,0.62684,6.7513,13.953,4.9536,7.0419,0.32227,-6.2067,-0.65339,5.9034
2.1613,-17.55,0.52101,6.9466,13.975,4.7184,7.1085,0.49366,-6.0601,-0.44598,6.3216
2.2324,-17.186,0.35545,7.0678,14.03,4.4947,7.2965,0.57892,-5.7364,-0.043512,6.5892
2.3197,-16.836,0.097676,7.0917,14.163,4.3313,7.5582,0.56593,-5.4187,0.35953,6.6182
2.415,-16.508,-0.23939,7.0183,14.379,4.2823,7.8155,0.38207,-5.2785,0.50389,6.6891
2.5009,-16.175,-0.6196,6.9005,14.63,4.3146,8.032,0.07208,-5.2421,0.45849,6.8056
2.5706,-15.837,-1.005,6.7551,14.894,4.4365,8.1392,-0.23038,-5.1962,0.44004,6.6341
2.6277,-15.476,-1.3683,6.533,15.158,4.6632,8.1166,-0.42781,-5.301,0.38066,6.3509
2.6839,-15.084,-1.7082,6.2867,15.377,4.9761,8.0118,-0.56788,-5.646,0.09744,6.0238
2.7446,-14.65,-2.0256,6.0273,15.546,5.343,7.8361,-0.58282,-6.0678,-0.28278,5.8685
2.8003,-14.195,-2.3171,5.7832,15.637,5.7146,7.6744,-0.45459,-6.3867,-0.54197,5.9752
2.832,-13.786,-2.4446,5.5612,15.619,6.1097,7.5302,-0.25573,-6.5508,-0.67473,6.193
2.838,-13.689,-2.4287,5.4069,15.544,6.5088,7.4731,0.081504,-6.4938,-0.51429,6.366
2.8338,-13.981,-2.3375,5.3411,15.468,6.8829,7.4646,0.40651,-6.4563,-0.41406,6.7697
2.8219,-14.309,-2.1699,5.3653,15.394,7.2233,7.4522,0.68051,-6.2792,-0.059158,7.1296
2.7958,-14.579,-1.8881,5.4978,15.309,7.4358,7.4883,0.88011,-5.9359,0.3656,7.2515
2.7389,-14.802,-1.5815,5.7192,15.22,7.4618,7.6612,0.98585,-5.6546,0.65969,7.2612
2.6504,-15.013,-1.2355,6.0206,15.19,7.3153,7.9414,0.97987,-5.5491,0.70389,7.2993
2.5445,-15.228,-0.85326,6.3698,15.258,7.12,8.2223,0.76899,-5.5238,0.69079,7.2064
2.4365,-15.476,-0.48409,6.6948,15.381,6.8993,8.4274,0.45763,-5.5549,0.76051,6.8665
2.3208,-15.724,-0.13464,7.009,15.508,6.6821,8.5716,0.13237,-5.7381,0.62192,6.5034
2.185,-15.988,0.14138,7.2834,15.682,6.4896,8.6185,-0.079181,-6.0524,0.28234,6.167
2.0292,-16.262,0.31275,7.4802,15.931,6.2815,8.5479,-0.12175,-6.4128,-0.050084,6.0334
1.8718,-16.542,0.39962,7.5718,16.193,6.0656,8.3736,-0.031544,-6.6504,-0.19326,6.1873
1.7254,-16.857,0.42343,7.5569,16.429,5.8654,8.2015,0.09403,-6.7811,-0.11815,6.3007
1.5839,-17.209,0.37613,7.4634,16.633,5.7322,8.0348,0.28444,-6.7981,0.0783,6.5827
1.4432,-17.609,0.29822,7.3387,16.779,5.6965,7.923,0.55825,-6.6855,0.25858,6.9918
1.3059,-18.034,0.15112,7.1832,16.874,5.6807,7.8839,0.87949,-6.4334,0.63159,7.2994
1.1808,-18.487,-0.090866,6.9609,16.864,5.6202,7.8831,1.1404,-6.0534,1.0113,7.3515
1.0737,-18.917,-0.41378,6.7098,16.746,5.5405,7.9269,1.3107,-5.7872,1.122,7.3177
0.98393,-19.28,-0.78503,6.4515,16.596,5.4736,8.0625,1.3161,-5.7128,1.158,7.3738
0.91315,-19.508,-1.1785,6.2031,16.437,5.3886,8.2903,1.1192,-5.7483,1.1776,7.2801
0.85838,-19.58,-1.5516,5.9888,16.271,5.2183,8.5729,0.76953,-5.7753,1.0964,6.9559
0.81669,-19.518,-1.9039,5.8183,16.081,5.0087,8.8203,0.40675,-6.0432,0.78592,6.628
0.79262,-19.313,-2.2154,5.7216,15.877,4.839,9.0028,0.14799,-6.3307,0.40711,6.4252
0.78843,-19.13,-2.5048,5.7496,15.707,4.7456,9.0996,-0.048971,-6.6338,0.12785,6.5349
0.80594,-18.931,-2.6307,5.9035,15.62,4.7242,9.0755,-0.12058,-6.8597,-0.0060723,6.7534
0.84058,-18.676,-2.6438,6.1333,15.613,4.7821,8.9252,-0.087968,-6.9669,0.15129,6.9913
0.88394,-18.379,-2.5835,6.4304,15.642,4.9506,8.7741,0.024498,-6.944,0.24513,7.3597
0.93585,-18.042,-2.4563,6.7655,15.748,5.2326,8.585,0.23589,-6.8723,0.57367,7.7652
0.99662,-17.7,-2.1833,7.0993,15.952,5.5901,8.451,0.52221,-6.6282,0.96477,7.9431
1.0644,-17.363,-1.8761,7.4302,16.198,5.9798,8.4102,0.82114,-6.2631,1.1809,7.9901
1.1366,-17.021,-1.5374,7.7148,16.454,6.3754,8.4395,1.0444,-6.0069,1.1698,8.0814
1.2102,-16.669,-1.1633,7.9199,16.688,6.8007,8.4928,1.1127,-5.9484,1.1242,8.203
1.2818,-16.292,-0.79943,8.0229,16.89,7.2027,8.5914,1.0542,-6.0115,1.1621,7.9966
1.3522,-15.883,-0.44329,8.0172,17.063,7.5676,8.7685,0.80749,-6.1001,0.94713,7.6584
1.4222,-15.437,-0.14388,7.9195,17.154,7.8706,9.0524,0.5298,-6.4559,0.63582,7.3796
1.4871,-14.991,0.063335,7.7893,17.151,7.9947,9.2958,0.23233,-6.873,0.3142,7.283
1.54,-14.633,0.14737,7.6352,17.093,7.9562,9.4974,0.050289,-7.2456,0.15061,7.4974
1.5848,-14.665,0.15763,7.4267,17.012,7.8261,9.647,-0.04576,-7.4912,0.26234,7.7133
1.6293,-14.986,0.11262,7.1869,16.914,7.644,9.7284,-0.034005,-7.5976,0.42473,7.9288
1.6785,-15.268,0.056709,6.9194,16.809,7.4553,9.6717,0.043082,-7.5544,0.60623,8.3309
1.7295,-15.495,-0.069674,6.6691,16.711,7.2714,9.4457,0.22853,-7.5285,0.97145,8.6841
1.7752,-15.678,-0.26813,6.4653,16.685,7.0617,9.2332,0.53744,-7.2742,1.33,8.7694
1.815,-15.865,-0.57877,6.3243,16.756,6.8793,9.0815,0.91942,-6.9374,1.4108,8.7431
1.8519,-16.068,-0.94368,6.2327,16.865,6.6859,9.0561,1.2509,-6.7403,1.4271,8.8064
1.8927,-16.284,-1.3302,6.2599,16.977,6.5221,9.1291,1.4313,-6.7498,1.4586,8.686
1.9375,-16.495,-1.7045,6.4039,17.132,6.4329,9.2153,1.5071,-6.8168,1.3606,8.3432
1.9899,-16.726,-2.0485,6.6254,17.358,6.4046,9.3005,1.4408,-6.9921,1.0393,7.9946
2.049,-16.964,-2.366,6.9124,17.635,6.3923,9.4769,1.1945,-7.3321,0.6633,7.7029
2.1144,-17.238,-2.6674,7.2435,17.883,6.3313,9.7121,0.91823,-7.7263,0.39007,7.6773
2.1888,-17.57,-2.8504,7.563,18.055,6.2333,9.9733,0.63,-8.1588,0.30885,7.8478
2.2648,-17.921,-2.8773,7.8638,18.171,6.1482,10.196,0.44193,-8.3752,0.51051,7.9752
2.3463,-18.325,-2.8232,8.1199,18.272,6.0132,10.375,0.33467,-8.3977,0.67905,8.3066
2.4371,-18.769,-2.6854,8.2898,18.283,5.8105,10.456,0.33515,-8.3438,1.0502,8.7089
2.5303,-19.248,-2.4324,8.3671,18.181,5.6134,10.386,0.45334,-8.2024,1.4484,8.9635
2.6215,-19.663,-2.1297,8.3331,18.023,5.4675,10.21,0.65683,-7.8767,1.6762,8.9825
2.7092,-20.001,-1.7964,8.2404,17.845,5.3847,10.041,0.95008,-7.5134,1.6786,8.975
2.7814,-20.147,-1.4342,8.104,17.667,5.3898,9.9034,1.2521,-7.3097,1.6483,9.0309
2.8375,-20.153,-1.0553,7.9465,17.455,5.4957,9.8523,1.4758,-7.2889,1.6787,8.8252
2.8837,-20.028,-0.68285,7.7295,17.239,5.7151,9.8895,1.6338,-7.2864,1.414,8.4812
2.9242,-19.83,-0.37495,7.4861,17.047,6.0322,9.9547,1.6565,-7.4917,1.1041,8.1828
2.9525,-19.668,-0.14582,7.2166,16.952,6.4048,10.005,1.5203,-7.8456,0.82875,8.0491
2.9648,-19.48,-0.039137,6.9723,16.923,6.7908,10.113,1.2015,-8.2427,0.72598,8.1735
2.9566,-19.267,-0.004112,6.7776,16.921,7.1889,10.34,0.87954,-8.6255,0.85377,8.4047
2.9261,-19.014,-0.045876,6.6445,16.992,7.6139,10.626,0.63529,-8.7921,1.0287,8.6405
2.8784,-18.721,-0.10937,6.57,17.166,7.9938,10.867,0.47216,-8.7866,1.2454,9.0896
2.8113,-18.378,-0.22872,6.6135,17.399,8.3336,11.015,0.45418,-8.7366,1.6466,9.488
2.7226,-18.035,-0.43649,6.7761,17.644,8.5424,11.095,0.56504,-8.63,1.9914,9.6638
2.61,-17.687,-0.73881,7.0222,17.857,8.5867,11.082,0.76612,-8.345,2.0939,9.7362
2.477,-17.312,-1.0998,7.3408,18.077,8.4987,10.925,1.0502,-8.0317,2.0771,9.8925
2.3309,-16.921,-1.4893,7.6838,18.281,8.3469,10.71,1.414,-7.8998,2.1475,9.8681
2.1747,-16.491,-1.8721,8.017,18.392,8.2079,10.54,1.7115,-7.9296,2.0081,9.5735
2.0138,-16.046,-2.221,8.3195,18.402,8.0348,10.433,1.9273,-8.0032,1.7015,9.2259
1.8538,-15.632,-2.5485,8.5885,18.342,7.8349,10.415,2.0797,-8.2147,1.3388,8.9257
1.705,-15.459,-2.8535,8.7686,18.247,7.6168,10.478,2.1304,-8.5629,1.0728,8.8688
1.5623,-15.642,-3.07,8.8475,18.147,7.402,10.58,1.946,-8.8886,1.068,9.0776
1.4201,-15.942,-3.1201,8.8176,18.038,7.1969,10.691,1.6309,-9.1679,1.2554,9.2643
1.2824,-16.169,-3.0716,8.7266,17.935,7.0641,10.875,1.339,-9.3538,1.4448,9.6607
1.1603,-16.349,-2.947,8.5976,17.887,7.0018,11.132,1.1381,-9.3466,1.8218,10.05
1.061,-16.506,-2.6988,8.4446,17.955,6.9793,11.37,1.0377,-9.3267,2.2254,10.282
0.98314,-16.672,-2.3943,8.2285,18.092,6.9361,11.555,1.0811,-9.1491,2.4532,10.301
0.92118,-16.85,-2.0573,7.9783,18.231,6.8606,11.664,1.2122,-8.7945,2.4492,10.322
0.8747,-17.024,-1.6994,7.7051,18.398,6.76,11.689,1.3619,-8.4809,2.4532,10.387
0.84583,-17.216,-1.3202,7.4637,18.601,6.6814,11.572,1.6662,-8.3397,2.5077,10.202
0.83596,-17.409,-0.95521,7.2815,18.845,6.5533,11.353,1.9668,-8.3201,2.2633,9.8538
0.84795,-17.632,-0.64585,7.1658,19.072,6.3355,11.167,2.2168,-8.3395,1.9221,9.4936
0.87859,-17.919,-0.41378,7.0964,19.259,6.1327,11.028,2.3759,-8.5329,1.6151,9.2935
0.92187,-18.241,-0.29289,7.1409,19.412,5.9892,10.934,2.4357,-8.8346,1.52,9.3829
0.9725,-18.614,-0.24833,7.3103,19.516,5.9358,10.916,2.3218,-9.1121,1.6499,9.5508
1.0322,-19.017,-0.27939,7.5765,19.531,5.9609,10.95,2.0208,-9.3016,1.8043,9.7245
1.1017,-19.478,-0.34779,7.9155,19.447,6.0662,10.999,1.7191,-9.3708,2.0754,10.126
1.18,-19.921,-0.47306,8.2635,19.315,6.3151,11.109,1.4586,-9.2834,2.5196,10.507
1.255,-20.282,-0.66908,8.6085,19.147,6.6887,11.314,1.2829,-9.1433,2.8755,10.65
1.3246,-20.475,-0.95166,8.9275,18.985,7.0768,11.552,1.2498,-8.83,2.9084,10.722
1.3862,-20.525,-1.2975,9.1977,18.784,7.4764,11.708,1.3221,-8.4321,2.8339,10.872
1.4396,-20.422,-1.6729,9.3794,18.578,7.8754,11.811,1.4429,-8.1049,2.8933,10.894
1.4917,-20.215,-2.0544,9.4487,18.369,8.2735,11.864,1.6532,-7.9689,2.7925,10.642
1.5401,-20.034,-2.3965,9.4173,18.229,8.6345,11.815,1.9593,-7.9253,2.502,10.253
1.5842,-19.883,-2.6994,9.3366,18.207,8.9357,11.627,2.294,-7.8753,2.1405,9.9413
1.625,-19.716,-2.9944,9.2296,18.227,9.1039,11.478,2.5917,-8.1387,1.9014,9.9176
1.663,-19.517,-3.1896,9.0855,18.295,9.1125,11.346,2.8177,-8.4434,1.923,10.186
1.7,-19.28,-3.2314,8.8792,18.444,9.0021,11.252,2.8739,-8.7494,2.0221,10.422
1.7384,-18.997,-3.197,8.6359,18.655,8.8172,11.267,2.6963,-8.9397,2.2119,10.868
1.7749,-18.669,-3.0778,8.3734,18.885,8.6142,11.361,2.4102,-8.9573,2.6064,11.289
1.8096,-18.307,-2.8475,8.1169,19.136,8.4224,11.479,2.1136,-8.9399,3.0124,11.65
1.8484,-17.935,-2.5471,7.9439,19.356,8.1904,11.633,1.9129,-8.8998,3.2162,11.792
1.8942,-17.543,-2.2205,7.8308,19.548,7.9638,11.865,1.8249,-8.6871,3.2396,11.869
1.9481,-17.114,-1.8562,7.8102,19.669,7.7515,12.133,1.8745,-8.3423,3.3067,11.983
2.0092,-16.657,-1.4817,7.8959,19.702,7.5636,12.378,1.9721,-8.1133,3.3669,11.889
2.0742,-16.214,-1.1119,8.0862,19.646,7.4703,12.549,2.1253,-8.0599,3.1273,11.482
2.1468,-15.909,-0.78734,8.3546,19.558,7.4241,12.677,2.3951,-8.1015,2.7549,11.109
2.2305,-15.995,-0.54071,8.694,19.459,7.3707,12.704,2.7076,-8.2245,2.4653,10.876
2.3227,-16.298,-0.41018,9.0326,19.348,7.2931,12.592,3.0126,-8.6256,2.3678,10.998
2.4257,-16.527,-0.37285,9.358,19.236,7.1855,12.375,3.2456,-9.0419,2.6237,11.204
2.5368,-16.703,-0.41302,9.6676,19.151,7.0593,12.175,3.3593,-9.4152,2.7188,11.321
2.6554,-16.864,-0.47081,9.923,19.17,6.9454,12.047,3.3026,-9.6414,3.0057,11.664
2.7741,-17.032,-0.58769,10.088,19.29,6.7622,12.028,3.046,-9.6777,3.4286,12.026
2.8885,-17.184,-0.76121,10.133,19.431,6.5355,12.056,2.7906,-9.6468,3.7129,12.15
2.9972,-17.335,-1.0365,10.063,19.572,6.3305,12.112,2.5186,-9.6506,3.7383,12.202
3.0991,-17.486,-1.3958,9.9512,19.78,6.2003,12.188,2.3355,-9.4328,3.7306,12.276
3.1864,-17.649,-1.7671,9.8276,20.031,6.1726,12.355,2.2836,-9.0767,3.7858,12.301
3.2471,-17.842,-2.154,9.6547,20.281,6.2263,12.575,2.2837,-8.856,3.6776,11.934
3.2821,-18.083,-2.5089,9.4371,20.49,6.3841,12.774,2.3404,-8.8232,3.3718,11.553
3.305,-18.368,-2.8237,9.192,20.624,6.6989,12.915,2.501,-8.8056,3.004,11.23
3.3184,-18.696,-3.1207,8.9467,20.714,7.0732,12.988,2.7782,-8.9503,2.7721,11.133
3.3193,-19.068,-3.3885,8.7035,20.736,7.4601,12.997,3.0967,-9.2736,2.7712,11.351
3.2937,-19.502,-3.4895,8.5274,20.655,7.8464,12.862,3.3564,-9.6862,2.8871,11.494
3.2342,-19.979,-3.4736,8.4225,20.537,8.2577,12.649,3.5182,-10.077,3.0498,11.834
3.149,-20.366,-3.3589,8.4122,20.385,8.6508,12.451,3.5466,-10.255,3.3856,12.263
3.0459,-20.569,-3.1387,8.5096,20.222,8.992,12.303,3.4038,-10.242,3.7397,12.612
2.923,-20.617,-2.8383,8.7106,20.015,9.2629,12.224,3.1141,-10.158,3.8157,12.677
2.7852,-20.512,-2.521,8.9994,19.792,9.3775,12.212,2.8433,-10.029,3.7549,12.736
2.6366,-20.291,-2.169,9.3542,19.586,9.322,12.266,2.5873,-9.6886,3.7279,12.859
2.4745,-20.116,-1.7842,9.6875,19.426,9.1864,12.345,2.4454,-9.3045,3.6542,12.751
2.3086,-19.961,-1.4012,10.01,19.386,8.9959,12.497,2.4015,-9.0761,3.3647,12.36
2.1453,-19.822,-1.0681,10.312,19.403,8.7795,12.714,2.4557,-9.0417,3.0046,11.976
1.9861,-19.652,-0.79773,10.561,19.45,8.5541,12.956,2.5584,-9.0298,2.6336,11.724
1.8338,-19.452,-0.62871,10.721,19.576,8.3318,13.155,2.7709,-9.202,2.4978,11.874
1.6875,-19.216,-0.5594,10.767,19.809,8.1176,13.303,3.1006,-9.5161,2.6156,12.2
1.5485,-18.938,-0.56131,10.706,20.063,7.9334,13.374,3.4331,-9.9168,2.657,12.455
1.4312,-18.623,-0.59528,10.619,20.3,7.8105,13.324,3.6801,-10.308,3.0171,12.855
1.3402,-18.275,-0.67682,10.499,20.512,7.7173,13.141,3.8429,-10.503,3.4452,13.243
1.28,-17.887,-0.82927,10.313,20.693,7.6469,12.986,3.8782,-10.528,3.7206,13.436
1.2391,-17.458,-1.0878,10.082,20.81,7.593,12.862,3.7298,-10.557,3.6893,13.521
1.2051,-16.994,-1.4009,9.829,20.854,7.4905,12.802,3.4625,-10.463,3.6722,13.642
1.1867,-16.544,-1.7577,9.5838,20.817,7.3682,12.806,3.1866,-10.163,3.7228,13.76
1.1874,-16.216,-2.1351,9.3578,20.75,7.2632,12.877,2.9715,-9.848,3.5482,13.503
1.2098,-16.275,-2.4897,9.1966,20.66,7.1411,12.935,2.8777,-9.7324,3.3041,13.156
1.2556,-16.558,-2.8132,9.0759,20.544,6.9585,13.025,2.925,-9.7643,2.9125,12.849
1.3106,-16.79,-3.1194,9.0519,20.417,6.7495,13.224,3.0441,-9.7867,2.7794,12.728
1.3657,-16.968,-3.3759,9.1474,20.323,6.5635,13.486,3.2135,-9.9452,2.8716,12.991
1.4206,-17.138,-3.4823,9.3534,20.323,6.474,13.691,3.4711,-10.258,3.0624,13.152
1.4804,-17.3,-3.4896,9.6505,20.405,6.4642,13.808,3.7854,-10.658,3.2813,13.431
1.5487,-17.46,-3.3965,9.9912,20.518,6.5365,13.843,4.0471,-11.04,3.7109,13.832
1.616,-17.607,-3.2022,10.319,20.668,6.7659,13.821,4.2633,-11.216,4.0771,14.203
1.6727,-17.735,-2.905,10.627,20.86,7.1484,13.661,4.3575,-11.235,4.1564,14.317
1.7166,-17.883,-2.5754,10.919,21.101,7.5438,13.409,4.2986,-11.226,4.136,14.402
1.7509,-18.056,-2.212,11.151,21.359,7.9336,13.197,4.0566,-11.076,4.2138,14.513
1.7843,-18.271,-1.8241,11.297,21.565,8.3245,13.026,3.7557,-10.676,4.1971,14.387
1.8153,-18.538,-1.4474,11.334,21.703,8.7293,12.976,3.5065,-10.334,3.921,14.006
1.8442,-18.852,-1.0998,11.276,21.787,9.0973,12.988,3.3111,-10.214,3.5544,13.603
1.8601,-19.209,-0.8093,11.164,21.808,9.414,13.03,3.2747,-10.204,3.2363,13.341
1.8635,-19.626,-0.6095,11.037,21.736,9.5723,13.08,3.3359,-10.206,3.2048,13.448
1.8663,-20.104,-0.53582,10.847,21.595,9.5993,13.226,3.4351,-10.307,3.3515,13.718
1.8778,-20.507,-0.53578,10.643,21.457,9.5162,13.447,3.5788,-10.586,3.5126,13.947
1.8974,-20.703,-0.58027,10.407,21.283,9.3889,13.662,3.8107,-10.966,3.8847,14.268
1.9156,-20.747,-0.65392,10.178,21.097,9.2421,13.813,4.1049,-11.246,4.2847,14.65
1.9353,-20.641,-0.78165,9.9799,20.898,9.0541,13.864,4.3351,-11.378,4.509,14.866
1.9624,-20.435,-0.99199,9.8441,20.704,8.8151,13.872,4.5211,-11.343,4.4944,14.983
2.0089,-20.261,-1.2715,9.7485,20.545,8.5616,13.731,4.5571,-11.251,4.5235,15.116
2.101,-19.65,-1.3244,9.5294,20.23,8.3088,13.611,4.5219,-10.967,4.4755,15.406
2.1903,-19.045,-1.5376,9.3648,20.013,8.1414,13.48,4.2644,-10.619,4.2425,15.191
2.271,-18.442,-1.8748,9.2622,19.895,8.101,13.341,3.9742,-10.422,3.9204,14.822
2.3389,-17.827,-2.2399,9.2329,19.928,8.1403,13.22,3.7542,-10.56,3.6807,14.227
2.3978,-17.206,-2.6544,9.2553,20.125,8.2142,13.097,3.4544,-10.896,3.795,13.668
2.4469,-16.571,-3.134,9.3188,20.447,8.2266,12.984,3.2396,-11.1,4.2525,13.718
2.4892,-15.926,-3.5362,9.4454,20.816,8.163,12.861,3.0999,-11.379,4.6601,13.984
2.5307,-15.278,-3.8595,9.6465,21.152,8.0552,12.836,3.0696,-11.665,4.9488,14.461
2.5664,-14.592,-4.1355,9.8741,21.474,7.8756,12.856,3.2653,-11.842,5.2663,14.916
2.583,-13.878,-4.3063,10.078,21.716,7.5744,12.928,3.7216,-11.726,5.5051,15.488
2.5772,-13.111,-4.3788,10.2,21.889,7.0918,13.031,4.3285,-11.425,5.2062,15.887
2.5605,-12.363,-4.3894,10.26,21.907,6.5428,13.162,4.8579,-11.067,4.7095,16.321
2.5377,-11.781,-4.3191,10.346,21.766,5.9994,13.393,5.2391,-10.879,4.4057,16.756
2.4913,-11.589,-4.113,10.453,21.592,5.5597,13.57,5.4339,-10.671,4.2834,16.764
2.4076,-11.793,-3.7842,10.496,21.367,5.2318,13.571,5.3339,-10.306,3.9594,16.382
2.3077,-12.153,-3.3954,10.516,21.053,5.0008,13.431,5.0889,-10.197,3.5457,15.889
2.2012,-12.645,-3.0484,10.47,20.707,5.03,13.156,4.849,-10.502,3.5274,15.246
2.08,-13.17,-2.7326,10.366,20.446,5.3181,12.902,4.5218,-10.817,3.8617,14.937
1.9354,-13.72,-2.4341,10.277,20.283,5.707,12.764,4.1758,-11.026,4.2495,15.022
1.7761,-14.294,-2.1274,10.155,20.174,6.1918,12.626,3.9507,-11.362,4.4848,15.293
1.6062,-14.857,-1.8208,9.9555,20.145,6.7241,12.483,3.8492,-11.761,4.7508,15.703
1.4193,-15.411,-1.5214,9.7398,20.273,7.2529,12.362,3.943,-12.009,5.0297,16.12
1.2195,-15.961,-1.2814,9.5608,20.549,7.7847,12.282,4.2639,-11.969,4.9774,16.641
1.0082,-16.521,-1.1628,9.47,20.896,8.254,12.252,4.7998,-11.637,4.5318,17.042
0.7983,-17.127,-1.1453,9.4559,21.252,8.6132,12.327,5.3965,-11.314,4.0915,17.482
0.58945,-17.783,-1.2102,9.4784,21.554,8.8036,12.477,5.8318,-11.153,3.9955,17.751
0.37656,-18.458,-1.345,9.5306,21.817,8.7261,12.655,6.1092,-10.916,3.8253,17.406
0.16305,-19.159,-1.6567,9.6778,21.994,8.4657,12.852,6.1387,-10.707,3.5094,16.983
-0.030308,-19.876,-2.0308,9.8824,22.087,8.2058,12.906,5.9351,-10.773,3.3271,16.407
-0.20167,-20.604,-2.4569,10.107,22.057,7.9547,12.841,5.6884,-11.103,3.5161,15.776
-0.35322,-21.17,-2.9309,10.314,21.94,7.7065,12.685,5.3878,-11.349,3.978,15.59
-0.48419,-21.349,-3.3525,10.412,21.791,7.4476,12.46,4.9943,-11.5,4.2594,15.742
-0.58215,-21.3,-3.6869,10.49,21.565,7.2258,12.293,4.6788,-11.843,4.5053,16.066
-0.65027,-20.99,-3.9644,10.559,21.224,7.1032,12.175,4.4847,-12.212,4.8784,16.494
-0.6835,-20.53,-4.1729,10.678,20.795,7.0946,12.065,4.4429,-12.261,5.1167,16.933
-0.68912,-19.99,-4.2642,10.727,20.353,7.119,11.925,4.625,-12.154,4.7829,17.311
-0.67501,-19.433,-4.2819,10.753,20.041,7.175,11.858,5.0236,-11.76,4.31,17.619
-0.64328,-18.848,-4.2178,10.723,19.787,7.1449,11.88,5.5362,-11.487,4.1028,18.04
-0.57927,-18.225,-4.0214,10.629,19.644,7.0508,11.997,6.0386,-11.338,4.052,18.109
-0.47691,-17.59,-3.73,10.571,19.656,6.9068,12.143,6.3829,-11.125,3.8413,17.71
-0.34226,-16.952,-3.3804,10.456,19.825,6.7343,12.288,6.5888,-10.827,3.4957,17.29
-0.19442,-16.3,-3.0444,10.249,20.093,6.416,12.478,6.5513,-10.888,3.5226,16.762
-0.044226,-15.646,-2.7475,10.018,20.464,5.8771,12.583,6.3461,-11.194,3.8653,16.452
0.11247,-14.975,-2.4754,9.8365,20.795,5.3036,12.505,6.1427,-11.387,4.2341,16.508
0.28419,-14.273,-2.1951,9.7275,21.114,4.7946,12.363,5.8604,-11.545,4.3962,16.882
0.46684,-13.563,-1.8947,9.7088,21.381,4.4257,12.144,5.5364,-11.95,4.712,17.369
0.65068,-12.82,-1.5972,9.7217,21.554,4.1755,11.975,5.2768,-12.197,5.0252,17.79
0.82229,-12.107,-1.3559,9.761,21.559,4.0807,11.825,5.1811,-12.27,4.9047,18.257
0.98405,-11.628,-1.2049,9.8697,21.423,4.2228,11.652,5.2777,-12.059,4.3972,18.581
1.1366,-11.467,-1.2019,10.046,21.253,4.5035,11.482,5.6137,-11.627,3.9616,19.026
1.2825,-11.429,-1.2747,10.224,21.05,4.9137,11.376,6.113,-11.45,3.824,19.394
1.4141,-11.327,-1.3846,10.383,20.784,5.4186,11.357,6.6973,-11.374,3.6305,19.171
1.5329,-11.327,-1.6159,10.479,20.429,6.0026,11.385,7.1788,-11.082,3.2893,18.729
1.6315,-11.607,-1.9192,10.539,20.12,6.5813,11.512,7.543,-10.853,3.0898,18.261
1.7137,-12.106,-2.2876,10.606,19.944,7.1373,11.667,7.6949,-11.002,3.2627,17.706
1.7875,-12.681,-2.6965,10.719,19.861,7.5658,11.85,7.5894,-11.311,3.7058,17.534
1.8512,-13.259,-3.0935,10.768,19.827,7.875,11.98,7.2966,-11.512,3.9689,17.546
1.903,-13.828,-3.426,10.8,19.901,7.9943,11.921,6.9548,-11.677,4.2875,17.869
1.9329,-14.387,-3.7139,10.733,20.126,7.8669,11.837,6.5303,-12.08,4.6974,18.35
1.9522,-14.93,-3.9505,10.66,20.484,7.6671,11.627,6.1943,-12.374,4.9217,18.77
1.9714,-15.523,-4.0589,10.597,20.855,7.4402,11.445,6.0189,-12.523,4.5821,19.109
1.9942,-16.162,-4.0873,10.455,21.197,7.2122,11.253,5.9535,-12.369,4.184,19.466
2.0109,-16.849,-4.0568,10.235,21.484,6.975,11.055,6.0076,-12.051,4.0965,19.946
2.0236,-17.587,-3.9494,10.048,21.731,6.7929,10.823,6.2893,-11.907,3.9974,19.978
2.0374,-18.388,-3.7334,9.9046,21.871,6.6349,10.683,6.7755,-11.817,3.8544,19.562
2.0636,-19.201,-3.4383,9.8281,21.879,6.5365,10.653,7.3163,-11.644,3.6789,19.1
2.0929,-19.857,-3.1149,9.8411,21.777,6.5229,10.698,7.7481,-11.582,3.8218,18.576
2.1124,-20.25,-2.8016,9.8774,21.647,6.5931,10.808,7.984,-11.796,4.239,18.179
2.1233,-20.427,-2.568,9.9699,21.426,6.6781,10.922,7.9927,-11.977,4.7092,18.035
2.1387,-20.272,-2.3425,10.115,21.128,6.7031,11.08,7.7349,-12.1,5.0257,18.193
2.1674,-19.997,-2.0951,10.314,20.768,6.652,11.224,7.4548,-12.353,5.4432,18.696
2.1899,-19.631,-1.8151,10.502,20.372,6.5165,11.268,7.2064,-12.677,5.8773,19.107
2.1934,-19.159,-1.5781,10.617,20.009,6.2725,11.197,6.8861,-12.852,5.6986,19.459
2.18,-18.63,-1.4126,10.632,19.756,5.8219,11.068,6.6142,-12.931,5.2416,19.849
2.1726,-18.034,-1.3618,10.678,19.58,5.3175,10.894,6.5113,-12.78,5.007,20.305
2.1741,-17.402,-1.3997,10.745,19.581,4.7953,10.744,6.5643,-12.524,4.9968,20.677
2.1554,-16.75,-1.4727,10.817,19.739,4.3672,10.568,6.8386,-12.329,4.7236,20.453
2.1082,-16.092,-1.5949,10.824,20.024,4.0227,10.342,7.2988,-12.233,4.3634,20.002
2.0437,-15.438,-1.885,10.843,20.365,3.7892,10.154,7.897,-11.91,4.3048,19.615
1.9584,-14.77,-2.2571,10.794,20.729,3.7567,10.101,8.4768,-11.761,4.6385,19.155
1.8509,-14.072,-2.6626,10.729,21.054,3.956,10.118,8.9082,-11.977,5.0158,18.99
1.7386,-13.359,-3.0412,10.672,21.322,4.2993,10.204,9.1501,-12.13,5.2899,18.941
1.611,-12.603,-3.3686,10.531,21.529,4.7857,10.37,9.0996,-12.22,5.5883,19.285
1.4586,-11.924,-3.6274,10.32,21.578,5.3507,10.548,8.8556,-12.43,5.9618,19.729
1.283,-11.549,-3.8618,10.141,21.489,5.9448,10.773,8.6249,-12.709,5.9641,20.116
1.1006,-11.466,-4.0168,10.02,21.355,6.5035,10.864,8.3654,-12.781,5.4505,20.405
0.91391,-11.403,-4.0784,9.9686,21.171,7.0243,10.783,8.0896,-12.751,5.0074,20.761
0.72349,-11.263,-4.0803,9.9854,20.91,7.4119,10.68,7.9237,-12.541,4.9646,21.211
0.52892,-11.075,-3.9886,10.007,20.596,7.6059,10.481,7.9111,-12.287,4.8257,21.28
0.34609,-10.859,-3.7997,10.055,20.341,7.5794,10.343,8.013,-12.19,4.545,20.816
0.19276,-10.778,-3.5284,10.18,20.176,7.4399,10.202,8.2893,-12.094,4.2627,20.275
0.065975,-11.027,-3.2111,10.348,20.096,7.2541,9.9627,8.7459,-11.818,4.3499,19.855
-0.050952,-11.504,-2.9212,10.526,20.099,7.0185,9.66,9.3155,-11.773,4.7801,19.574
-0.16128,-12.052,-2.7101,10.63,20.209,6.7895,9.484,9.8067,-11.947,5.1728,19.446
-0.25131,-12.611,-2.5036,10.64,20.457,6.5323,9.4604,10.128,-12.094,5.5804,19.407
-0.29883,-13.155,-2.2783,10.659,20.835,6.2791,9.5342,10.193,-12.079,6.066,19.714
-0.2987,-13.742,-2.0068,10.708,21.249,6.0834,9.6573,9.9658,-12.209,6.3389,20.029
-0.25896,-14.358,-1.7695,10.75,21.576,6.0365,9.8264,9.6603,-12.387,6.0691,20.225
-0.19734,-15.016,-1.591,10.767,21.868,6.1174,10.017,9.3303,-12.443,5.6007,20.521
-0.12641,-15.729,-1.5101,10.759,22.115,6.2199,10.143,8.9239,-12.356,5.501,20.966
-0.03893,-16.5,-1.5434,10.68,22.3,6.2767,10.113,8.6136,-12.158,5.566,21.296
0.084098,-17.308,-1.6075,10.591,22.34,6.2338,10.057,8.4806,-11.953,5.3517,21.127
0.24735,-17.977,-1.7082,10.524,22.252,6.1319,9.9231,8.4502,-11.941,5.049,20.591
0.43097,-18.422,-1.9714,10.393,22.117,5.94,9.796,8.5945,-11.767,5.062,20.159
0.61112,-18.621,-2.3214,10.207,21.933,5.5902,9.6888,8.9453,-11.631,5.4824,19.682
0.7811,-18.725,-2.7263,10.019,21.625,5.1255,9.5216,9.4473,-11.707,5.955,19.443
0.95536,-18.78,-3.1169,9.8963,21.216,4.6423,9.2439,10.002,-11.962,6.2541,19.211
1.1343,-18.667,-3.4311,9.8317,20.811,4.1781,9.036,10.437,-12.106,6.5881,19.428
1.309,-18.386,-3.6907,9.8633,20.474,3.787,8.9481,10.706,-12.144,6.9952,19.884
1.4675,-17.991,-3.9137,9.9302,20.217,3.495,8.9856,10.723,-12.313,6.9173,20.221
1.6026,-17.442,-4.0802,9.9997,20.01,3.323,9.1697,10.537,-12.443,6.4671,20.413
1.7099,-16.829,-4.1409,10.129,19.938,3.3317,9.3926,10.346,-12.456,6.0784,20.733
1.7973,-16.197,-4.1486,10.288,20.069,3.5739,9.638,10.139,-12.34,6.0772,21.147
1.8729,-15.554,-4.071,10.441,20.338,3.9961,9.883,9.8648,-12.165,5.8681,21.236
1.9334,-14.905,-3.8754,10.547,20.659,4.5612,9.9895,9.7116,-11.995,5.5855,20.816
1.9753,-14.226,-3.6007,10.572,20.971,5.1613,9.9299,9.7049,-11.925,5.3121,20.307
1.994,-13.546,-3.2783,10.602,21.241,5.717,9.7922,9.7869,-11.754,5.4067,19.943
1.9948,-12.831,-2.9761,10.669,21.527,6.2369,9.6176,10.074,-11.648,5.8467,19.748
1.9874,-12.071,-2.7358,10.713,21.747,6.7335,9.4961,10.551,-11.746,6.1235,19.639
1.9797,-11.472,-2.5245,10.736,21.818,7.1053,9.3661,11.156,-11.84,6.3606,19.533
1.9655,-11.172,-2.2848,10.742,21.723,7.3072,9.1544,11.716,-11.801,6.761,19.915
1.9378,-11.143,-1.9995,10.728,21.563,7.3035,8.9144,12.097,-11.776,6.9572,20.288
1.8998,-11.063,-1.7436,10.681,21.407,7.1518,8.7392,12.271,-11.984,6.6113,20.47
1.8636,-10.914,-1.5645,10.585,21.168,6.9392,8.6982,12.117,-11.989,6.1596,20.707
1.8358,-10.695,-1.4805,10.42,20.86,6.7515,8.8264,11.815,-11.937,6.0122,21.014
1.8171,-10.464,-1.4989,10.237,20.603,6.5084,9.0713,11.492,-11.767,6.0292,21.364
1.8075,-10.204,-1.5772,10.081,20.447,6.2956,9.3007,11.094,-11.605,5.7436,21.215
1.8097,-10.012,-1.6881,9.9474,20.353,6.051,9.5027,10.789,-11.433,5.513,20.754
1.8255,-9.9689,-1.9237,9.8984,20.324,5.8462,9.6091,10.646,-11.385,5.6096,20.268
1.8493,-10.259,-2.2382,9.9089,20.39,5.8379,9.5447,10.586,-11.281,6.0087,19.988
1.8786,-10.752,-2.6012,9.9158,20.622,5.9722,9.5178,10.628,-11.321,6.468,19.773
1.9113,-11.28,-3.0131,9.9668,20.997,6.0835,9.365,10.874,-11.478,6.7735,19.496
1.9499,-11.896,-3.3586,10.071,21.428,6.1155,9.2302,11.3,-11.524,7.1129,19.567
1.9953,-12.539,-3.6244,10.205,21.805,6.036,9.0661,11.888,-11.532,7.5132,19.908
2.0394,-13.217,-3.8565,10.342,22.118,5.8749,8.8289,12.33,-11.672,7.4117,20.168
2.0691,-13.928,-4.0463,10.446,22.403,5.6606,8.5678,12.58,-11.989,6.9824,20.187
2.0793,-14.699,-4.1243,10.472,22.575,5.3055,8.3615,12.595,-12.096,6.6284,20.353
2.0727,-15.445,-4.1626,10.497,22.603,4.8412,8.2813,12.329,-12.117,6.6069,20.732
2.0554,-16.009,-4.1227,10.563,22.48,4.3414,8.3631,12.065,-12.11,6.4171,20.842
2.0206,-16.399,-3.9754,10.592,22.298,3.875,8.539,11.839,-11.992,6.1307,20.541
1.9764,-16.594,-3.7185,10.628,22.102,3.4951,8.764,11.563,-12.085,5.9562,19.909
1.9097,-16.813,-3.4019,10.661,21.838,3.2523,9.0295,11.362,-12.115,6.0897,19.445
1.8213,-16.994,-3.1034,10.639,21.437,3.1362,9.2541,11.214,-12.086,6.4445,19.199
1.7128,-17.166,-2.8801,10.618,20.988,3.1822,9.2901,11.186,-12.123,6.6801,19.031
1.5845,-17.247,-2.6862,10.562,20.605,3.4045,9.1856,11.42,-12.222,6.9017,18.889
1.4475,-17.081,-2.4795,10.42,20.32,3.8346,8.9867,11.907,-12.259,7.3115,19.226
1.3009,-16.707,-2.2056,10.289,20.118,4.398,8.8369,12.523,-12.299,7.5781,19.659
1.1507,-16.186,-1.9307,10.176,20.04,5.0161,8.7188,13.121,-12.537,7.2221,19.891
0.99589,-15.588,-1.7103,10.08,20.16,5.5862,8.5386,13.528,-12.667,6.765,19.995
0.82717,-14.963,-1.5908,10.04,20.421,6.0913,8.3211,13.786,-12.789,6.629,20.364
0.64941,-14.325,-1.5849,10.057,20.771,6.5008,8.1251,13.654,-12.845,6.6043,20.817
0.47809,-13.67,-1.6552,10.087,21.129,6.7308,7.9738,13.352,-12.775,6.3229,20.907
0.33292,-13.001,-1.7664,10.182,21.472,6.8316,7.9384,13.12,-12.68,6.203,20.514
0.22725,-12.311,-1.9291,10.317,21.789,6.8277,8.0582,12.883,-12.718,6.301,20.057
0.15417,-11.573,-2.2119,10.434,22.04,6.739,8.2875,12.6,-12.707,6.669,19.747
0.10313,-11.065,-2.5564,10.538,22.111,6.5229,8.5698,12.369,-12.64,7.0737,19.727
0.066244,-10.865,-2.9274,10.589,22.042,6.2584,8.8164,12.255,-12.64,7.3263,19.505
0.05699,-10.826,-3.2102,10.561,21.932,6.0182,8.9404,12.333,-12.655,7.6562,19.602
0.0854,-10.718,-3.4917,10.572,21.802,5.7865,8.8972,12.648,-12.689,8.0881,20.1
0.15773,-10.551,-3.7248,10.631,21.596,5.5593,8.8536,13.08,-12.664,7.9609,20.57
0.26052,-10.336,-3.9027,10.644,21.303,5.39,8.7721,13.664,-12.806,7.5472,20.627
0.37079,-10.084,-3.9861,10.658,21.028,5.4149,8.7078,14.158,-12.759,7.2883,20.759
0.48213,-9.8187,-4.0383,10.674,20.883,5.5125,8.5771,14.426,-12.747,7.3574,21.105
0.59102,-9.5181,-4.0027,10.623,20.827,5.5739,8.3237,14.473,-12.802,7.2351,21.279
0.71234,-9.2444,-3.8932,10.563,20.794,5.5441,8.059,14.243,-12.735,6.9241,21.066
0.85208,-9.0805,-3.6644,10.476,20.846,5.4692,7.8924,13.917,-12.701,6.8442,20.587
1.0016,-9.0973,-3.3726,10.349,21.049,5.2863,7.8503,13.659,-12.861,6.9849,20.134
1.1446,-9.5159,-3.0842,10.232,21.365,4.9622,7.9378,13.351,-12.917,7.3825,19.917
1.2782,-10.039,-2.8785,10.095,21.736,4.4965,8.1393,13.083,-12.88,7.5804,19.665
1.3969,-10.638,-2.7414,9.9818,22.085,4.0304,8.3529,12.898,-12.88,7.823,19.445
1.5036,-11.342,-2.5925,9.9725,22.348,3.5864,8.586,12.822,-12.91,8.2049,19.648
1.5947,-12.095,-2.371,9.9831,22.595,3.1967,8.7425,12.973,-12.895,8.4093,20.021
1.6594,-12.9,-2.1044,10.033,22.767,2.8709,8.7031,13.348,-12.918,8.0507,20.144
1.687,-13.603,-1.8885,10.112,22.779,2.6501,8.6438,13.849,-12.979,7.6164,20.047
1.6842,-14.118,-1.7347,10.201,22.66,2.5766,8.4837,14.412,-12.978,7.567,20.275
1.6571,-14.387,-1.6852,10.297,22.494,2.7236,8.4073,14.838,-13.017,7.5305,20.755
1.627,-14.551,-1.7134,10.402,22.309,3.0513,8.296,15.01,-13.034,7.2116,20.843
1.5906,-14.759,-1.7971,10.455,22.024,3.5589,8.0447,14.896,-13.034,6.9993,20.518
1.5446,-15.003,-1.8991,10.464,21.629,4.1301,7.7277,14.589,-13.074,7.0521,19.939
1.4836,-15.285,-2.1424,10.503,21.214,4.7203,7.5335,14.341,-13.138,7.4207,19.549
1.4093,-15.508,-2.46,10.583,20.875,5.2892,7.4387,14.064,-13.166,7.7293,19.387
1.3337,-15.704,-2.831,10.61,20.607,5.8416,7.4834,13.755,-13.121,7.8866,19.185
1.2741,-15.671,-3.1318,10.638,20.357,6.244,7.6697,13.52,-13.121,8.1522,19.164
1.2354,-15.367,-3.4328,10.661,20.255,6.4394,7.9029,13.351,-13.135,8.423,19.559
1.2036,-14.887,-3.6818,10.658,20.345,6.4938,8.1517,13.338,-13.17,8.2371,19.983
1.1712,-14.273,-3.8566,10.634,20.646,6.4444,8.3422,13.57,-13.109,7.7879,20.095
1.1474,-13.639,-3.9589,10.558,21.015,6.341,8.4006,14.032,-13.068,7.52,20.205
1.1387,-12.988,-4.0156,10.459,21.374,6.1389,8.3844,14.61,-12.992,7.5367,20.677
1.1535,-12.343,-4.0282,10.38,21.684,5.9311,8.3001,15.114,-13.017,7.3236,21.04
1.1855,-11.669,-3.9499,10.305,21.987,5.7319,8.2778,15.401,-13.016,6.9693,21.005
1.22,-11.017,-3.7669,10.23,22.229,5.5131,8.2439,15.505,-12.993,6.835,20.638
1.2641,-10.621,-3.4825,10.236,22.318,5.2885,8.0921,15.347,-13.007,6.9925,20.235
1.328,-10.51,-3.1933,10.276,22.28,5.1814,7.8274,15.076,-13.038,7.3366,20.019
1.406,-10.458,-2.9974,10.303,22.126,5.2622,7.5827,14.851,-13.063,7.5716,19.951
1.4836,-10.348,-2.8697,10.363,22.001,5.3844,7.428,14.585,-13.023,7.8342,19.695
1.5496,-10.182,-2.7435,10.426,21.815,5.418,7.4079,14.336,-12.999,8.2113,19.898
1.5988,-9.9692,-2.5709,10.487,21.512,5.3535,7.5613,14.16,-12.942,8.3675,20.392
1.6472,-9.7343,-2.3446,10.554,21.222,5.2296,7.7699,14.087,-12.912,8.0119,20.675
1.6883,-9.4662,-2.117,10.577,21.054,5.0252,7.9799,14.225,-12.878,7.6095,20.61
1.7118,-9.1678,-1.9827,10.59,20.972,4.6654,8.1503,14.576,-12.745,7.603,20.867
1.7244,-8.8238,-1.9316,10.619,20.914,4.1704,8.24,15.053,-12.693,7.5954,21.272
1.7107,-8.5194,-1.9723,10.632,20.928,3.6477,8.1509,15.621,-12.691,7.341,21.427
1.662,-8.2761,-2.0464,10.634,21.085,3.1673,7.9708,16.022,-12.736,7.1922,21.159
1.5991,-8.2679,-2.15,10.639,21.425,2.7636,7.813,16.271,-12.762,7.2813,20.644
1.5303,-8.523,-2.3888,10.657,21.811,2.4593,7.7378,16.218,-12.788,7.6354,20.258
1.4572,-9.0486,-2.7193,10.644,22.166,2.3036,7.5608,16.015,-12.772,7.9128,20.143
1.3751,-9.6623,-3.0953,10.627,22.433,2.3069,7.2291,15.779,-12.744,8.0142,19.9
1.2807,-10.39,-3.4043,10.519,22.66,2.5025,6.8819,15.531,-12.759,8.2747,19.727
1.1737,-11.231,-3.6986,10.386,22.791,2.885,6.6388,15.169,-12.688,8.5351,19.986
1.0664,-11.927,-3.9277,10.303,22.833,3.4081,6.4782,14.892,-12.632,8.3777,20.311
0.95441,-12.408,-4.0992,10.266,22.736,3.9839,6.4918,14.69,-12.604,7.9484,20.279
0.84944,-12.63,-4.1987,10.259,22.512,4.5449,6.609,14.676,-12.533,7.7234,20.293
0.74603,-12.78,-4.2482,10.277,22.27,5.0722,6.7913,14.906,-12.407,7.7771,20.674
0.65187,-12.963,-4.2533,10.281,22.009,5.5682,7.0394,15.303,-12.262,7.5273,21.061
0.57815,-13.174,-4.1757,10.277,21.63,5.9186,7.2008,15.813,-12.2,7.3313,21.02
0.53218,-13.405,-4.0142,10.325,21.206,6.1013,7.1629,16.278,-12.18,7.26,20.676
0.51001,-13.656,-3.7432,10.407,20.851,6.1168,7.0902,16.616,-12.133,7.4263,20.139
0.50157,-13.898,-3.4507,10.485,20.609,6.0235,6.9642,16.742,-12.213,7.7391,19.813
0.51758,-14.118,-3.2057,10.562,20.389,5.8219,6.9257,16.595,-12.309,7.8946,19.675
0.55969,-14.253,-3.0512,10.578,20.275,5.6481,6.8899,16.358,-12.399,7.9045,19.372
0.63841,-14.055,-2.9103,10.612,20.347,5.4464,6.7475,16.136,-12.319,8.2938,19.432
0.73896,-13.53,-2.7403,10.671,20.577,5.2617,6.5509,15.906,-12.129,8.3561,19.864
0.84064,-12.898,-2.5286,10.712,20.907,5.0136,6.3568,15.653,-12.029,8.0286,20.15
0.94084,-12.264,-2.3041,10.766,21.26,4.776,6.2929,15.479,-12.008,7.6266,20.107
1.0486,-11.622,-2.1467,10.814,21.576,4.7185,6.329,15.416,-11.94,7.5656,20.296
1.1694,-10.966,-2.0705,10.865,21.856,4.8238,6.5256,15.55,-11.887,7.5302,20.622
1.2964,-10.423,-2.0876,10.902,22.059,4.8987,6.809,15.873,-11.795,7.2194,20.862
1.4211,-10.119,-2.1638,10.896,22.157,4.8802,7.1096,16.258,-11.798,7.152,20.72
1.5346,-10.094,-2.2433,10.814,22.088,4.7576,7.3545,16.757,-11.826,7.1829,20.238
1.6319,-10.042,-2.4632,10.722,21.894,4.5565,7.4293,17.204,-11.94,7.407,19.834
1.7159,-9.9316,-2.7541,10.684,21.716,4.2598,7.3365,17.503,-11.981,7.6208,19.789
1.7859,-9.7771,-3.109,10.668,21.508,3.8103,7.1738,17.533,-12.161,7.6417,19.641
1.8454,-9.5737,-3.4062,10.652,21.197,3.3054,7.0613,17.294,-12.29,7.8744,19.411
1.8839,-9.3522,-3.7126,10.645,20.875,2.8192,6.9632,17.019,-12.216,8.2149,19.657
1.8953,-9.105,-3.9634,10.649,20.679,2.3972,6.8006,16.702,-12.08,8.1713,20.017
1.8851,-8.8043,-4.144,10.665,20.577,2.0156,6.5439,16.371,-12.056,7.8132,20.088
1.8548,-8.4742,-4.2527,10.7,20.504,1.7611,6.2903,16.109,-12.121,7.6731,20.048
1.8111,-8.1221,-4.3028,10.76,20.491,1.6718,6.1216,15.933,-12.069,7.7743,20.334
1.7564,-7.8182,-4.3147,10.8,20.626,1.7089,6.0269,15.925,-12.139,7.6009,20.73
1.6861,-7.6103,-4.2456,10.798,20.933,1.9279,6.0584,16.036,-12.141,7.5115,20.778
1.6044,-7.6382,-4.1066,10.789,21.31,2.3662,6.2204,16.287,-12.281,7.4889,20.537
1.5218,-7.8976,-3.8551,10.769,21.617,2.9577,6.4171,16.667,-12.385,7.6214,20.073
1.4467,-8.4409,-3.569,10.805,21.881,3.6183,6.6185,17.169,-12.499,7.8759,19.747
1.3748,-9.0784,-3.3188,10.821,22.127,4.263,6.7257,17.524,-12.665,8.0558,19.584
1.3027,-9.793,-3.1632,10.848,22.291,4.8197,6.6636,17.624,-12.889,8.0106,19.279
1.2409,-10.395,-3.0272,10.866,22.343,5.2659,6.5078,17.458,-12.956,8.3351,19.159
1.1956,-10.853,-2.8706,10.91,22.262,5.5165,6.3532,17.169,-12.787,8.4072,19.492
1.1739,-11.033,-2.6464,10.955,22.051,5.6466,6.2553,16.882,-12.627,8.1631,19.796
1.169,-11.194,-2.4302,10.959,21.842,5.6943,6.0969,16.597,-12.559,7.8432,19.775
1.171,-11.367,-2.2573,10.916,21.602,5.6862,5.8836,16.364,-12.496,7.7401,19.758
1.1776,-11.556,-2.1995,10.857,21.264,5.5253,5.6883,16.125,-12.323,7.6671,20.168
1.1979,-11.733,-2.223,10.817,20.835,5.3228,5.5554,15.98,-12.318,7.3697,20.359
1.2415,-11.924,-2.2941,10.813,20.493,5.1035,5.5003,15.997,-12.37,7.2759,20.255
1.303,-12.13,-2.3703,10.845,20.235,4.8931,5.6134,16.167,-12.505,7.1743,19.875
1.3628,-12.366,-2.5025,10.856,20.031,4.647,5.8332,16.453,-12.56,7.2552,19.493
1.4257,-12.636,-2.7698,10.852,19.916,4.4485,6.0932,16.929,-12.643,7.4123,19.467
1.49,-12.804,-3.0996,10.858,19.969,4.4564,6.4106,17.389,-12.746,7.3656,19.426
1.5533,-12.658,-3.3879,10.904,20.207,4.5669,6.5886,17.656,-12.965,7.5086,19.217
1.6142,-12.117,-3.6554,10.961,20.529,4.624,6.5932,17.616,-13.023,7.8316,19.464
1.6687,-11.451,-3.9054,11.008,20.859,4.5606,6.5143,17.376,-12.831,7.8185,19.919
1.7049,-10.819,-4.1049,11.018,21.179,4.4325,6.3695,17.075,-12.681,7.4845,20.215
1.72,-10.175,-4.1906,11.003,21.486,4.2337,6.2972,16.822,-12.599,7.2804,20.199
1.7161,-9.7326,-4.2375,11.011,21.718,3.8728,6.2122,16.603,-12.535,7.2971,20.596
1.7011,-9.5477,-4.2526,11.051,21.832,3.3532,6.0059,16.362,-12.358,7.1629,21.008
1.6794,-9.58,-4.1917,11.079,21.767,2.8194,5.7423,16.126,-12.316,7.0718,21.15
1.6565,-9.546,-4.075,11.116,21.587,2.3526,5.5422,16.012,-12.392,7.0893,20.97
1.6155,-9.4541,-3.8406,11.164,21.39,1.9589,5.458,16.091,-12.593,7.1857,20.608
1.5583,-9.3056,-3.5654,11.2,21.158,1.6157,5.4199,16.33,-12.797,7.3753,20.289
1.4868,-9.1385,-3.3066,11.247,20.843,1.3903,5.5321,16.702,-12.87,7.489,20.296
1.4115,-8.9531,-3.1252,11.265,20.535,1.3437,5.7289,17.19,-12.993,7.5272,20.065
1.3381,-8.7241,-2.9894,11.222,20.352,1.4529,5.9205,17.513,-13.205,7.8124,19.943
1.2669,-8.4583,-2.8357,11.169,20.273,1.7591,6.0753,17.643,-13.223,7.9516,20.26
1.2029,-8.1655,-2.6245,11.143,20.207,2.2831,6.0594,17.535,-13.015,7.8511,20.617
1.1438,-7.8373,-2.4083,11.129,20.19,2.8772,5.9567,17.296,-12.813,7.6201,20.592
1.0906,-7.5113,-2.242,11.135,20.311,3.5051,5.7495,17.067,-12.756,7.6221,20.59
1.045,-7.2978,-2.1417,11.132,20.599,4.1013,5.5808,16.832,-12.639,7.7209,20.995
1.0126,-7.1772,-2.1312,11.106,20.965,4.6468,5.4919,16.57,-12.492,7.5213,21.308
0.99757,-7.3021,-2.1735,11.103,21.302,5.0815,5.3323,16.289,-12.453,7.5086,21.282
1.0023,-7.6206,-2.2356,11.119,21.592,5.3446,5.1019,16.09,-12.6,7.41,21.051
1.0269,-8.1893,-2.3239,11.158,21.833,5.4227,4.8555,16.078,-12.806,7.5011,20.55
1.0677,-8.8158,-2.5791,11.16,22.017,5.4007,4.7224,16.234,-12.974,7.6714,20.386
1.1178,-9.2888,-2.9119,11.164,22.069,5.2723,4.7024,16.548,-13.029,7.6943,20.251
1.1767,-9.6254,-3.2122,11.162,22.04,5.0934,4.8076,16.994,-13.201,7.774,20.038
1.2416,-9.7857,-3.4452,11.169,21.896,4.8917,5.0359,17.393,-13.415,7.9943,20.032
1.3148,-9.9811,-3.693,11.191,21.698,4.7194,5.2972,17.57,-13.403,8.0197,20.411
1.3992,-10.16,-3.9087,11.242,21.467,4.5574,5.5416,17.561,-13.216,7.805,20.652
1.4947,-10.334,-4.0326,11.286,21.123,4.3761,5.6785,17.405,-13.058,7.7325,20.568
1.5897,-10.5,-4.0979,11.32,20.719,4.2726,5.6726,17.16,-13.016,7.8514,20.709
1.6696,-10.656,-4.1047,11.385,20.384,4.318,5.5417,16.965,-12.882,7.7944,21.126
1.7294,-10.83,-4.0664,11.463,20.149,4.4331,5.3431,16.687,-12.778,7.5718,21.337
1.772,-11.021,-3.9686,11.484,19.954,4.4338,5.2345,16.374,-12.762,7.5523,21.172
1.8062,-11.252,-3.7664,11.468,19.843,4.3213,5.1327,16.08,-12.964,7.5249,20.78
1.8353,-11.513,-3.4964,11.461,19.872,4.1211,4.9674,15.966,-13.142,7.6135,20.387
1.8534,-11.675,-3.2112,11.478,20.047,3.856,4.7887,16.062,-13.308,7.7111,20.35
1.8508,-11.537,-3.0063,11.483,20.344,3.4497,4.64,16.278,-13.446,7.5527,20.304
1.8234,-10.982,-2.8697,11.479,20.668,2.9062,4.5542,16.588,-13.699,7.5494,20.136
1.7775,-10.311,-2.7287,11.468,21.002,2.3656,4.6264,16.99,-13.876,7.6014,20.409
1.7208,-9.6618,-2.5161,11.458,21.321,1.8968,4.7912,17.303,-13.797,7.4724,20.828
1.6577,-9.287,-2.2866,11.485,21.559,1.4942,5.029,17.456,-13.583,7.2802,21.038
1.5842,-9.1971,-2.0862,11.488,21.662,1.1788,5.2677,17.404,-13.387,7.2831,21.052
1.496,-9.2806,-1.9513,11.443,21.615,1.0175,5.3506,17.216,-13.446,7.3029,21.467
1.4008,-9.2846,-1.9038,11.395,21.446,1.0472,5.2403,16.964,-13.211,7.161,21.833
1.3087,-9.2194,-1.9155,11.376,21.269,1.1736,5.0899,16.796,-13.129,7.0714,21.893
1.2263,-9.1047,-1.9688,11.349,21.077,1.5215,4.8757,16.577,-13.121,7.0285,21.708
1.1511,-8.957,-2.0223,11.337,20.807,2.0413,4.7524,16.359,-13.249,6.9698,21.441
1.0775,-8.7902,-2.2466,11.363,20.516,2.6229,4.6266,16.186,-13.438,7.0719,21.302
1.0099,-8.5868,-2.5747,11.376,20.343,3.1802,4.431,16.24,-13.625,7.0656,21.32
0.95395,-8.3449,-2.8826,11.405,20.237,3.7053,4.1983,16.457,-13.741,7.0445,21.014
0.91909,-8.0624,-3.0821,11.42,20.173,4.2002,3.972,16.759,-13.961,7.1207,20.943
0.90635,-7.7493,-3.3108,11.474,20.161,4.5452,3.7998,17.135,-14.122,7.1075,21.295
0.90452,-7.4507,-3.497,11.527,20.266,4.7572,3.7584,17.555,-13.98,7.0295,21.625
0.90391,-7.1786,-3.6358,11.545,20.526,4.8238,3.8691,17.863,-13.754,6.993,21.578
0.90882,-7.027,-3.709,11.531,20.859,4.8452,4.064,17.957,-13.64,7.0553,21.743
0.93503,-6.9962,-3.7132,11.554,21.183,4.7095,4.2648,17.829,-13.558,7.1235,22.167
0.98618,-7.225,-3.6767,11.586,21.479,4.5278,4.4355,17.642,-13.252,7.0317,22.396
1.0439,-7.6448,-3.5814,11.62,21.746,4.3182,4.4443,17.454,-13.11,7.0864,22.276
1.0918,-8.1486,-3.402,11.633,21.921,4.1875,4.369,17.185,-13.02,7.108,21.922
1.1291,-8.4893,-3.1467,11.623,21.971,4.0445,4.1742,16.95,-13.144,7.1117,21.455
1.1691,-8.6781,-2.8609,11.609,21.931,3.9018,4.0154,16.7,-13.332,7.1961,21.39
1.2235,-8.751,-2.6613,11.623,21.756,3.8658,3.9345,16.594,-13.561,7.1879,21.33
1.2869,-8.9102,-2.5144,11.643,21.544,3.9654,3.8417,16.692,-13.747,7.0527,21.19
1.336,-9.1075,-2.3725,11.627,21.288,4.0494,3.6735,16.895,-14.01,7.0085,21.344
1.3493,-9.3094,-2.1606,11.586,20.969,4.0295,3.4703,17.102,-14.042,7.0289,21.718
1.343,-9.4663,-1.9382,11.551,20.588,3.8881,3.3237,17.403,-13.787,7.1032,21.86
1.3533,-9.6109,-1.7532,11.524,20.276,3.6914,3.2845,17.715,-13.554,7.191,21.837
1.3888,-9.7571,-1.639,11.509,20.003,3.4179,3.3939,17.903,-13.51,7.1675,22.146
1.4213,-9.9263,-1.5968,11.54,19.764,2.9799,3.619,17.88,-13.396,7.1681,22.545
1.4223,-10.131,-1.6108,11.573,19.66,2.4487,3.8735,17.692,-13.1,7.1015,22.685
1.4005,-10.352,-1.6731,11.611,19.699,1.9166,4.1396,17.493,-12.992,7.1512,22.478
1.3735,-10.556,-1.7233,11.631,19.851,1.5015,4.2489,17.207,-13.001,7.0256,22.164
1.3693,-10.689,-1.9142,11.693,20.125,1.1674,4.1734,16.989,-13.184,6.9946,21.852
1.3829,-10.496,-2.226,11.747,20.443,0.93324,3.9602,16.736,-13.448,6.9202,21.92
1.3891,-9.8936,-2.5407,11.769,20.768,0.8628,3.7739,16.613,-13.565,6.8897,21.686
1.3748,-9.2334,-2.753,11.812,21.066,0.90456,3.6673,16.622,-13.775,6.7156,21.615
1.3562,-8.8936,-2.9875,11.854,21.265,1.0814,3.5704,16.727,-14.033,6.7423,21.933
1.3615,-8.9019,-3.1777,11.895,21.334,1.4537,3.4154,16.875,-14.06,6.8562,22.297
1.401,-9.0181,-3.3123,11.921,21.278,2.0121,3.1877,17.115,-13.821,6.9004,22.336
1.4495,-9.0658,-3.3922,11.903,21.116,2.6226,2.9754,17.483,-13.634,6.8919,22.448
1.4793,-9.0301,-3.4343,11.902,20.939,3.2344,2.8756,17.802,-13.562,6.826,22.852
1.4918,-8.9456,-3.4116,11.869,20.739,3.793,2.9062,17.932,-13.44,6.8248,23.101
1.5148,-8.8413,-3.3045,11.818,20.484,4.2032,3.0633,17.843,-13.27,6.82,23.06
1.5652,-8.7118,-3.0998,11.766,20.189,4.4997,3.2772,17.633,-13.251,6.8188,22.799
1.6286,-8.5751,-2.8479,11.722,20.001,4.6397,3.5496,17.425,-13.379,6.6447,22.349
1.6824,-8.3827,-2.5969,11.683,19.91,4.7083,3.7097,17.272,-13.645,6.5594,22.274
1.7227,-8.1485,-2.3846,11.648,19.829,4.683,3.6579,17.168,-13.866,6.4964,22.18
1.7636,-7.8788,-2.2557,11.609,19.84,4.5374,3.4886,17.031,-14.13,6.3669,21.985
1.8167,-7.6053,-2.1321,11.585,19.966,4.3395,3.2656,16.913,-14.437,6.2974,22.004
1.874,-7.3537,-1.9506,11.581,20.206,4.1935,3.0881,16.912,-14.775,6.3808,22.331
1.913,-7.1753,-1.7101,11.576,20.541,4.0675,2.9135,17.038,-14.786,6.5997,22.531
1.9302,-7.1078,-1.5062,11.575,20.877,3.9243,2.7487,17.292,-14.531,6.6489,22.495
1.9293,-7.2461,-1.3844,11.598,21.202,3.8157,2.5854,17.708,-14.312,6.678,22.678
1.9319,-7.5998,-1.3601,11.663,21.465,3.8474,2.3695,18.101,-14.248,6.7892,23.125
1.9348,-7.9924,-1.3747,11.738,21.629,3.93,2.1866,18.308,-14.027,6.9262,23.269
1.9248,-8.3351,-1.4577,11.809,21.694,3.9436,2.1489,18.281,-13.908,7.0245,23.123
1.8982,-8.4342,-1.5173,11.859,21.681,3.8491,2.274,18.144,-13.946,7.0008,22.732
1.8518,-8.4384,-1.7179,11.897,21.576,3.678,2.4797,17.977,-14.118,6.9293,22.429
1.796,-8.5247,-1.9937,11.945,21.409,3.4536,2.7163,17.807,-14.386,6.7931,22.405
1.7416,-8.6705,-2.3283,12,21.207,3.1029,2.9015,17.651,-14.595,6.7899,22.321
1.6875,-8.8525,-2.5612,11.999,20.922,2.5981,2.9824,17.494,-14.75,6.6051,22.236
1.6261,-9.024,-2.8005,11.998,20.551,2.0302,2.8893,17.329,-14.944,6.5863,22.477
1.5536,-9.1801,-3.007,11.956,20.275,1.5287,2.6663,17.257,-15.177,6.801,22.812
1.4727,-9.3373,-3.1667,11.891,20.042,1.1378,2.462,17.286,-15.138,7.0246,22.914
1.3916,-9.5058,-3.2414,11.82,19.854,0.80486,2.3329,17.476,-14.846,7.0955,22.98
1.3232,-9.6841,-3.2758,11.752,19.782,0.61329,2.2262,17.769,-14.597,7.0252,23.424
1.2586,-9.8748,-3.2743,11.698,19.803,0.6219,2.1469,18.112,-14.476,7.2499,23.808
1.1901,-10.069,-3.1807,11.691,19.94,0.69014,1.9985,18.319,-14.158,7.2446,23.812
1.1233,-10.229,-3.0171,11.67,20.207,0.96362,1.8937,18.372,-13.875,7.2509,23.588
1.0735,-10.285,-2.7455,11.648,20.532,1.3869,1.8376,18.267,-13.789,7.0913,23.146
1.0382,-9.9178,-2.463,11.615,20.842,1.9281,1.865,18.134,-13.934,6.7616,22.926
1.0118,-9.304,-2.2316,11.598,21.123,2.5145,1.9591,17.988,-14.221,6.6629,23.001
0.98727,-9.0209,-2.0985,11.601,21.318,3.0657,2.15,17.852,-14.455,6.5208,22.835
0.96344,-9.0934,-1.9723,11.613,21.36,3.548,2.4408,17.747,-14.559,6.3216,22.828
0.95381,-9.2091,-1.8112,11.66,21.275,3.8945,2.5677,17.584,-14.789,6.3929,23.124
0.95713,-9.2608,-1.5973,11.7,21.077,4.0799,2.4696,17.438,-14.991,6.7281,23.35
0.96603,-9.2464,-1.4025,11.768,20.872,4.1472,2.2043,17.44,-14.873,6.8753,23.317
0.97416,-9.1886,-1.2656,11.843,20.657,4.1582,1.9027,17.607,-14.529,6.872,23.499
0.98541,-9.1368,-1.222,11.909,20.377,4.0475,1.6659,17.847,-14.282,7.057,23.888
1.0009,-9.0518,-1.2462,11.966,20.095,3.8556,1.4951,18.131,-14.097,7.2576,24.022
1.0214,-8.9372,-1.3173,12.012,19.904,3.6463,1.3489,18.432,-13.815,7.303,23.906
1.0405,-8.789,-1.3719,12.015,19.805,3.4877,1.2395,18.58,-13.608,7.2372,23.553
1.0521,-8.5751,-1.5194,11.997,19.753,3.4008,1.1139,18.593,-13.508,7.0061,23.158
1.0654,-8.347,-1.805,11.949,19.789,3.3137,1.0033,18.53,-13.68,6.7541,23.193
1.0789,-8.109,-2.1439,11.891,19.894,3.3363,0.96307,18.435,-13.963,6.7791,23.055
1.0882,-7.8837,-2.4014,11.835,20.113,3.403,1.0822,18.37,-14.146,6.4811,22.815
1.0995,-7.6627,-2.6545,11.765,20.433,3.4546,1.2915,18.248,-14.295,6.3479,22.936
1.1127,-7.5673,-2.8847,11.704,20.776,3.4443,1.5467,18.131,-14.629,6.5704,23.254
1.1273,-7.5994,-3.0693,11.66,21.123,3.3083,1.6984,17.982,-14.83,6.9314,23.4
1.1495,-7.8838,-3.1556,11.625,21.401,3.1184,1.6307,17.941,-14.715,7.1152,23.427
1.1775,-8.1733,-3.2152,11.568,21.612,2.8605,1.3939,18.025,-14.437,7.1441,23.754
1.2121,-8.3988,-3.2417,11.546,21.669,2.4723,1.099,18.149,-14.337,7.4637,24.165
1.2501,-8.4558,-3.1726,11.536,21.681,1.9616,0.89608,18.34,-14.152,7.7293,24.202
1.2959,-8.4313,-3.0249,11.556,21.585,1.4419,0.79154,18.544,-13.862,7.6527,23.997
1.338,-8.4596,-2.7802,11.612,21.447,1.0507,0.69507,18.754,-13.629,7.4345,23.659
1.3786,-8.5308,-2.5259,11.676,21.282,0.74129,0.5645,18.804,-13.532,7.063,23.408
1.43,-8.6314,-2.2775,11.742,21.037,0.4785,0.41392,18.752,-13.728,6.9571,23.464
1.496,-8.757,-2.1209,11.855,20.721,0.3778,0.31132,18.663,-14.01,6.9227,23.184
1.5732,-8.9166,-1.9912,11.956,20.486,0.41542,0.34311,18.507,-14.226,6.6328,23.104
1.6548,-9.0801,-1.8372,12.022,20.322,0.604,0.48424,18.291,-14.363,6.603,23.332
1.7387,-9.2495,-1.6135,12.082,20.148,0.99068,0.65297,18.115,-14.625,6.9001,23.595
1.8282,-9.4289,-1.3949,12.115,20.031,1.4843,0.86719,17.898,-14.728,7.206,23.508
1.9307,-9.5998,-1.2419,12.109,20.025,2.0541,1.0777,17.732,-14.519,7.2577,23.617
2.0411,-9.7673,-1.1739,12.089,20.171,2.58,1.134,17.744,-14.21,7.509,24.017
2.1464,-9.9251,-1.1825,12.055,20.428,3.08,1.0292,17.867,-14.027,7.7942,24.266
2.2281,-10.035,-1.2439,11.964,20.739,3.5054,0.7802,17.958,-13.863,7.9555,24.211
2.2722,-9.8526,-1.3063,11.87,21.029,3.8265,0.53295,18.08,-13.579,7.8931,23.909
2.3011,-9.4409,-1.4164,11.764,21.284,4.0063,0.33231,18.292,-13.5,7.6256,23.428
2.3481,-9.1998,-1.6634,11.688,21.454,4.104,0.15787,18.495,-13.528,7.2298,23.31
2.4124,-9.3022,-1.9814,11.64,21.499,4.0544,0.031879,18.538,-13.649,7.1081,23.082
2.4631,-9.4074,-2.2164,11.593,21.438,3.9153,-0.088573,18.467,-13.908,6.7788,22.825
2.4763,-9.4768,-2.4768,11.523,21.258,3.7175,-0.17907,18.388,-14.075,6.4378,22.885
2.4561,-9.4841,-2.7028,11.493,21.028,3.5439,-0.21168,18.259,-14.251,6.5046,23.224
2.4234,-9.4544,-2.8719,11.478,20.795,3.4289,-0.14104,18.169,-14.539,6.9267,23.308
2.3903,-9.431,-2.9455,11.499,20.529,3.3424,-0.025329,18.171,-14.606,7.1489,23.239
2.3473,-9.3832,-3.0192,11.538,20.3,3.2868,0.1781,18.095,-14.383,7.126,23.441
2.2897,-9.3223,-3.0487,11.585,20.163,3.2812,0.42711,18.126,-14.118,7.3204,23.749
2.2147,-9.2273,-2.9779,11.647,20.095,3.365,0.53177,18.212,-14.001,7.6488,23.824
2.1328,-9.0605,-2.8256,11.774,20.038,3.4179,0.48503,18.353,-13.791,7.6269,23.681
2.0495,-8.8734,-2.5792,11.886,20.045,3.3729,0.3161,18.521,-13.487,7.3702,23.264
1.9581,-8.6783,-2.3268,11.976,20.198,3.2203,0.11047,18.771,-13.457,6.8992,22.952
1.8539,-8.5025,-2.0923,12.051,20.452,3.0505,-0.023543,19.025,-13.571,6.5586,22.902
1.7443,-8.328,-1.9377,12.057,20.786,2.8306,-0.13426,19.057,-13.814,6.3283,22.639
1.6403,-8.2226,-1.801,12.042,21.12,2.4263,-0.21733,18.99,-14.089,5.9373,22.471
1.5525,-8.2591,-1.6582,11.999,21.439,1.8608,-0.30534,18.898,-14.314,5.6597,22.757
1.4727,-8.4782,-1.4767,11.922,21.703,1.364,-0.40818,18.748,-14.59,6.0206,23.052
1.3965,-8.6611,-1.2898,11.814,21.897,0.97935,-0.42436,18.634,-14.831,6.5033,23.039
1.3222,-8.7939,-1.1548,11.694,21.964,0.69561,-0.36291,18.581,-14.809,6.6092,23.025
1.2528,-8.8217,-1.1004,11.578,22.012,0.5183,-0.23745,18.492,-14.557,6.7165,23.358
1.1984,-8.8244,-1.1275,11.509,21.993,0.53439,-0.082382,18.371,-14.338,7.0097,23.68
1.1567,-8.8201,-1.2204,11.452,21.853,0.61859,0.15402,18.281,-14.292,7.2012,23.681
1.1168,-8.8351,-1.3044,11.384,21.661,0.86784,0.25995,18.223,-14.024,7.1165,23.437
1.0758,-8.8804,-1.4476,11.311,21.418,1.2641,0.19397,18.212,-13.791,6.7087,22.89
1.0382,-8.95,-1.7051,11.273,21.142,1.7913,0.02223,18.331,-13.819,6.2442,22.656
1.0082,-9.0551,-2.0203,11.254,20.925,2.3897,-0.22215,18.502,-13.972,5.9553,22.42
0.9899,-9.2032,-2.2681,11.264,20.734,2.9693,-0.42761,18.592,-14.294,5.6,22.151
0.97667,-9.3732,-2.5229,11.332,20.5,3.4443,-0.66903,18.592,-14.501,5.204,22.119
0.96038,-9.5429,-2.7619,11.394,20.37,3.8122,-0.84728,18.497,-14.61,5.2161,22.414
0.94043,-9.7014,-2.9433,11.494,20.386,4.0599,-0.97997,18.407,-14.769,5.6298,22.607
0.9273,-9.8562,-3.0424,11.604,20.522,4.1607,-1.1098,18.248,-15.007,5.9503,22.513
0.91849,-10.033,-3.1043,11.695,20.719,4.2339,-1.2515,18.182,-14.955,6.0407,22.585
0.90795,-10.168,-3.1353,11.777,20.978,4.1131,-1.2892,18.145,-14.665,6.2474,23.008
0.8848,-10.11,-3.0798,11.857,21.242,3.9491,-1.2284,18.069,-14.445,6.5791,23.18
0.85283,-9.8496,-2.9592,11.859,21.484,3.7476,-1.0963,18.047,-14.288,6.7552,23.097
0.82437,-9.6675,-2.7262,11.834,21.663,3.6094,-0.90616,18.05,-13.873,6.561,22.678
0.80104,-9.7758,-2.4558,11.79,21.705,3.5222,-0.6861,18.116,-13.601,5.9891,22.29
0.77639,-9.8739,-2.1776,11.696,21.67,3.451,-0.62103,18.265,-13.569,5.6406,22.264
0.74246,-9.9251,-2.0056,11.567,21.53,3.4242,-0.74762,18.441,-13.744,5.2937,22.101
0.70636,-9.9197,-1.8638,11.418,21.336,3.4371,-0.98066,18.598,-14.084,4.9749,21.896
0.68293,-9.9205,-1.7326,11.31,21.097,3.4816,-1.1672,18.596,-14.31,4.6677,22.132
0.67103,-9.9198,-1.5375,11.292,20.852,3.5007,-1.3348,18.599,-14.335,4.924,22.481
0.66546,-9.9063,-1.3267,11.253,20.624,3.4419,-1.4625,18.509,-14.467,5.3429,22.594
0.67144,-9.8704,-1.1801,11.167,20.513,3.285,-1.5942,18.392,-14.654,5.6027,22.614
0.69705,-9.7973,-1.1119,11.09,20.459,3.0438,-1.7242,18.388,-14.537,5.79,22.998
0.74179,-9.671,-1.1261,11.056,20.401,2.6904,-1.814,18.41,-14.224,6.076,23.372
0.79208,-9.5261,-1.1977,11.026,20.449,2.2012,-1.8176,18.384,-14.054,6.4658,23.399
0.85143,-9.3884,-1.2774,11.022,20.622,1.7074,-1.6925,18.321,-13.854,6.5642,23.228
0.92184,-9.2444,-1.3504,11.071,20.858,1.296,-1.5422,18.262,-13.52,6.3172,22.772
1.0114,-9.0914,-1.5581,11.146,21.181,0.99465,-1.3245,18.273,-13.262,5.9119,22.543
1.1212,-8.9519,-1.8656,11.254,21.491,0.74915,-1.0842,18.349,-13.195,5.549,22.431
1.2454,-8.9734,-2.1313,11.38,21.792,0.63592,-0.96562,18.424,-13.377,5.241,22.107
1.3792,-9.1479,-2.3712,11.497,22.066,0.66184,-1.0367,18.502,-13.74,5.0001,22.022
1.5193,-9.2813,-2.6085,11.609,22.248,0.78463,-1.2128,18.538,-13.993,5.0808,22.382
1.6623,-9.3644,-2.8037,11.653,22.323,1.083,-1.3778,18.504,-14.105,5.5144,22.71
1.8037,-9.379,-2.9148,11.622,22.35,1.5406,-1.5681,18.48,-14.353,5.9692,22.714
1.9466,-9.3683,-2.9942,11.603,22.314,2.0958,-1.7114,18.39,-14.592,6.3499,22.828
2.0816,-9.3522,-3.0377,11.569,22.171,2.6763,-1.8377,18.296,-14.504,6.7171,23.272
2.2084,-9.3554,-2.9973,11.497,21.977,3.2262,-1.9507,18.17,-14.217,7.0947,23.523
2.3277,-9.3684,-2.8924,11.383,21.75,3.6786,-2.069,18.077,-14.091,7.5276,23.427
2.4307,-9.3949,-2.6992,11.235,21.497,3.9929,-2.1271,17.984,-13.914,7.4254,22.999
2.5116,-9.4551,-2.4597,11.104,21.265,4.1513,-2.1082,17.911,-13.592,7.0205,22.418
2.5632,-9.5541,-2.2151,11.051,21.064,4.1989,-1.9712,17.885,-13.346,6.6489,22.219
2.5777,-9.6912,-2.0527,10.979,20.889,4.1192,-1.778,17.885,-13.314,6.0934,21.963
2.5678,-9.8376,-1.9464,10.903,20.796,3.974,-1.5063,17.874,-13.462,5.7009,21.696
2.5316,-9.9849,-1.8406,10.869,20.811,3.8183,-1.3488,17.813,-13.732,5.4909,21.811
2.4782,-10.146,-1.6671,10.88,20.917,3.6276,-1.4215,17.796,-13.862,5.5935,22.156
2.419,-10.334,-1.4895,10.876,21.097,3.4993,-1.6209,17.778,-13.891,5.9888,22.252
2.3468,-10.463,-1.3403,10.917,21.343,3.4004,-1.8508,17.788,-14.13,6.3512,22.139
2.2574,-10.447,-1.261,11.001,21.601,3.2937,-2.0635,17.762,-14.217,6.7025,22.426
2.1444,-10.316,-1.294,11.087,21.838,3.2488,-2.1955,17.699,-13.954,7.0212,22.757
2,-10.28,-1.3523,11.245,22.003,3.2563,-2.2979,17.61,-13.605,7.4247,22.757
1.8472,-10.372,-1.4252,11.409,22.066,3.2432,-2.4433,17.505,-13.44,7.4536,22.573
1.7108,-10.456,-1.515,11.542,22.056,3.1995,-2.6117,17.459,-13.27,7.0879,21.95
1.5932,-10.485,-1.7267,11.627,21.94,3.0623,-2.7162,17.467,-12.987,6.5366,21.646
1.4807,-10.493,-2.0221,11.677,21.775,2.8923,-2.6698,17.485,-12.814,5.9779,21.501
1.3606,-10.492,-2.2876,11.658,21.572,2.6309,-2.4983,17.519,-12.773,5.4175,21.244
1.2452,-10.497,-2.5165,11.626,21.354,2.2,-2.3201,17.517,-12.881,5.1617,20.986
1.1501,-10.504,-2.7619,11.58,21.192,1.6278,-2.0922,17.517,-13.035,5.1659,21.25
1.0797,-10.473,-2.9509,11.458,21.095,1.1571,-1.8403,17.544,-13.126,5.4107,21.559
1.0282,-10.413,-3.06,11.291,21.004,0.80757,-1.7672,17.588,-13.217,5.7833,21.638
0.98525,-10.32,-3.1455,11.103,20.966,0.54878,-1.8385,17.57,-13.513,6.2025,21.814
0.94838,-10.198,-3.1913,10.957,21.041,0.38463,-2.049,17.525,-13.622,6.6542,22.232
0.91715,-10.073,-3.1802,10.887,21.205,0.38096,-2.2371,17.461,-13.371,7.0609,22.519
0.90505,-9.9624,-3.0929,10.822,21.44,0.43824,-2.3874,17.368,-13.127,7.4401,22.445
0.91288,-9.8393,-2.9242,10.733,21.73,0.67427,-2.465,17.285,-13.025,7.3577,22.003
0.92571,-9.728,-2.6784,10.655,22.033,1.05,-2.5737,17.265,-12.917,6.8846,21.439
0.93318,-9.7517,-2.429,10.594,22.313,1.5518,-2.7129,17.269,-12.695,6.3634,21.214
0.93113,-9.8809,-2.2526,10.563,22.558,2.1082,-2.8332,17.286,-12.631,5.7042,21.043
0.9301,-9.9615,-2.1439,10.565,22.692,2.6305,-2.8267,17.225,-12.693,5.3005,20.721
0.93502,-9.9504,-2.0624,10.594,22.729,3.1433,-2.6452,17.177,-12.846,5.2346,20.732
0.94392,-9.959,-1.9177,10.669,22.746,3.5505,-2.4733,17.117,-13.098,5.2761,21.022
0.93981,-9.9734,-1.7781,10.815,22.712,3.8273,-2.2439,17.078,-13.272,5.5218,21.233
