StorqueUAV v0.20Serial ready on port: XbeeSerial baud rate: 57600<3:   3 d : 0  362RCI d 16 C 0 : 1200 C 1 : 1200 C 2 : 1200 C 3 : 1200  5836RNG d 1 474 0 806IMU d 16 -24.13 -6.95 0.00 0.00 0.00 0.00 0.00 0.00 4.09 0.00 0.00 0.00 -79.36 539.40 0.00 0.00  782IMU d 16 -50.16 -6.88 -127.27 0.95 -0.59 -0.92 -2.81 -9.70 3.91 -0.82 -0.40 -1.05 -79.25 539.61 410.69 0.00  1018RCI d 16 C 0 : 1200 C 1 : 1200 C 2 : 1200 C 3 : 1200  5836IMU d 16 -52.56 -6.89 -127.27 1.40 -0.52 -1.52 -2.38 -10.19 3.85 -1.36 -0.80 -1.27 -77.87 540.79 409.62 0.00  1016
IMU d 16 -54.31 -6.88 -127.23 0.98 -1.07 -1.21 -3.23 -9.52 3.91 -1.11 -0.13 -1.45 -78.08 541.54 409.20 0.00  1012RCI d 16 C 0 : 1200 C 1 : 1200 C 2 : 1200 C 3 : 1200  5836IMU d 16 -56.57 -6.89 -127.23 1.24 -0.23 -1.08 -2.99 -10.25 4.39 -0.94 -0.83 -0.94 -77.55 536.84 413.04 0.00  1015RNG d 1 457 -6.89 789IMU d 16 -58.02 -6.91 -127.20 0.82 -0.89 -0.81 -2.81 -9.77 3.97 -0.72 -0.11 -1.21 -79.57 541.00 407.49 0.00  1009RCI d 16 C 0 : 1200 C 1 : 1200 C 2 : 1200 C 3 : 1200  5836IMU d 16 -59.85 -6.92 -127.18 1.07 -0.59 -1.06 -3.11 -9.83 4.94 -0.94 -0.49 -1.12 -81.28 539.61 408.98 0.00  1005IMU d 16 -61.39 -6.92 -127.17 0.65 -0.62 -0.85 -3.11 -10.44 4.58 -0.78 -0.14 -0.89 -80.22 539.19 409.84 0.00  1005RCI d 16 C 0 : 1200 C 1 : 1200 C 2 : 1200 C 3 : 1200  5836IMU d 16 -63.36 -6.92 -127.17 1.02 -0.55 -1.18 -3.05 -9.95 4.03 -1.07 -0.47 -1.05 -127.85 596.97 361.88 0.00  964IMU d 16 -64.82 -6.91 -127.13 0.77 -0.44 -1.00 -2.69 -9.77 3.72 -0.92 -0.34 -0.82 -77.97 541.54 404.60 0.00  1002
<3:   3 d : 8120 0.77 8482RCI d 16 C 0 : 1200 C 1 : 1200 C 2 : 1200 C 3 : 1200  5836RNG d 1 440 0 772IMU d 16 -66.56 -6.94 -127.14 1.30 -0.85 -1.55 -2.62 -10.01 4.21 -1.40 -0.53 -1.47 -74.23 534.38 410.91 0.00  1001IMU d 16 -67.70 -6.95 -127.11 0.54 -1.10 -0.65 -2.81 -9.64 3.97 -0.58 0.24 -1.21 -79.04 540.15 404.92 0.00  996RCI d 16 C 0 : 1200 C 1 : 1200 C 2 : 1200 C 3 : 1200  5836IMU d 16 -69.14 -6.93 -127.13 1.21 -0.78 -0.98 -2.99 -10.13 4.88 -0.83 -0.49 -1.36 -77.87 541.75 411.33 0.00  1005IMU d 16 -70.29 -6.93 -127.14 0.99 -0.58 -1.19 -2.81 -9.40 4.76 -0.80 0.05 -1.16 -79.36 539.72 411.44 0.00  1000RCI d 16 C 0 : 1200 C 1 : 1200 C 2 : 1200 C 3 : 1200  5836IMU d 16 -71.63 -6.93 -127.16 0.48 -0.60 -0.78 -2.99 -9.40 4.03 -0.72 -0.02 -0.78 -81.71 541.96 410.48 0.00  999RNG d 1 426 -6.93 758IMU d 16 -72.70 -6.94 -127.14 1.04 -0.45 -1.37 -2.87 -9.64 4.64 -1.25 -0.56 -1.00 -104.78 570.70 386.34 0.00  979RCI d 16 C 0 : 1200 C 1 : 1200 C 2 : 1200 C 3 : 1200  5836IMU d 16 -74.05 -6.94 -127.17 1.25 -0.38 -1.08 -2.81 -10.07 4.09 -0.94 -0.76 -1.07 -121.34 588.21 371.92 0.00  962IMU d 16 -75.09 -6.97 -127.13 0.98 -0.41 -1.77 -2.44 -9.83 4.70 -1.67 -0.53 -0.92 -76.37 537.80 411.65 0.00  995RCI d 16 C 0 : 1200 C 1 : 1200 C 2 : 1200 C 3 : 1200  5836IMU d 16 -76.12 -6.94 -127.16 1.46 -0.89 -1.69 -3.05 -9.46 3.97 -1.52 -0.62 -1.59 -82.14 544.21 406.10 0.00  988IMU d 16 -77.05 -6.94 -127.16 1.04 -0.32 -1.04 -3.30 -10.07 4.03 -0.92 -0.63 -0.89 -80.54 541.86 409.73 0.00  991<3:   3 d : 7764 1.04 8126RNG d 1 412 : 744RCI d 16 C 0 : 1200 C 1 : 1200 C 2 : 1200 C 3 : 1200  5836IMU d 16 -78.01 -6.94 -127.12 0.71 -0.22 -1.06 -3.05 -10.01 4.33 -0.98 -0.43 -0.62 -73.49 530.54 410.05 0.00  986IMU d 16 -78.80 -6.98 -127.11 1.36 -0.78 -0.63 -2.93 -9.52 4.82 -0.78 -0.54 -0.51 -76.58 541.11 405.78 0.00  993
RCI d 16 C 0 : 1200 C 1 : 1200 C 2 : 1200 C 3 : 1200  5836IMU d 16 -79.85 -6.94 -127.14 0.93 -0.44 -1.32 -2.50 -10.07 3.85 -0.91 -0.85 -0.74 -118.99 586.08 371.60 0.00  957IMU d 16 -80.60 -6.92 -127.13 0.52 -0.69 -0.67 -3.05 -9.77 3.97 -0.62 0.00 -0.87 -80.54 541.11 405.24 0.00  985RCI d 16 C 0 : 1200 C 1 : 1200 C 2 : 1200 C 3 : 1200  5836IMU d 16 -81.32 -6.93 -127.14 1.07 -1.02 -1.25 -2.62 -10.19 4.21 -1.12 -0.24 -1.47 -110.66 576.46 379.82 0.00  960RNG d 1 399 -6.93 731
IMU d 16 -82.07 -6.94 -127.12 0.76 -0.44 -0.80 -3.85 -10.25 4.27 -0.71 -0.33 -0.82 -86.73 552.43 400.22 0.00  982RCI d 16 C 0 : 1200 C 1 : 1200 C 2 : 1200 C 3 : 1200  5836IMU d 16 -82.80 -6.93 -127.16 0.74 -1.07 -0.41 -2.75 -9.64 4.21 -0.33 0.05 -1.30 -77.23 540.15 411.76 0.00  991IMU d 16 -83.45 -6.95 -127.12 0.62 -0.63 -1.22 -2.62 -10.07 4.03 -1.16 -0.11 -0.89 -76.69 540.79 409.84 0.00  987RCI d 16 C 0 : 1200 C 1 : 1200 C 2 : 1200 C 3 : 1200  5836IMU d 16 -84.13 -6.94 -127.12 0.55 -0.85 -0.77 -2.75 -10.38 4.15 -0.71 0.07 -1.01 -80.54 541.11 408.24 0.00  984IMU d 16 -84.72 -6.94 -127.12 0.70 -1.10 -0.89 -2.62 -9.95 4.39 -0.82 0.11 -1.30 -77.33 541.32 407.06 0.00  986<3:   3 d : 7500 0.70 7862RNG d 1 388 : 720
RCI d 16 C 0 : 1200 C 1 : 1200 C 2 : 1200 C 3 : 1200  5836IMU d 16 -85.43 -6.94 -127.13 0.77 -0.91 -1.43 -2.87 -10.13 4.46 -1.34 -0.05 -1.20 -128.49 596.76 360.49 0.00  940IMU d 16 -85.93 -6.95 -127.12 0.66 -1.02 -1.02 -2.75 -9.70 3.91 -0.94 0.09 -1.21 -79.90 541.54 404.60 0.00  978RCI d 16 C 0 : 1200 C 1 : 1200 C 2 : 1200 C 3 : 1200  5836IMU d 16 -86.45 -6.97 -127.12 1.03 -0.73 -1.55 -2.93 -10.01 4.33 -1.43 -0.38 -1.21 -91.11 552.43 400.33 0.00  972
IMU d 16 -86.97 -6.95 -127.12 1.02 -0.70 -0.38 -2.81 -9.83 4.64 -0.27 -0.38 -1.18 -77.97 540.36 408.77 0.00  985RCI d 16 C 0 : 1200 C 1 : 1200 C 2 : 1200 C 3 : 1200  5836
IMU d 16 -87.42 -6.93 -127.14 0.71 -1.32 -0.43 -2.69 -9.83 4.82 -0.34 0.24 -1.49 -79.04 541.75 403.54 0.00  977
RNG d 1 378 -6.93 710IMU d 16 -87.82 -6.95 -127.11 1.03 -0.54 -0.99 -3.05 -10.68 3.72 -0.40 -0.36 -0.24 -80.00 539.72 409.30 0.00  979RCI d 16 C 0 : 1200 C 1 : 1200 C 2 : 1200 C 3 : 1200  5836
IMU d 16 -88.26 -6.92 -127.12 1.28 -1.21 -1.29 -2.75 -10.01 4.46 -1.14 -0.29 -1.74 -78.72 542.60 408.56 0.00  980
IMU d 16 -88.68 -6.94 -127.11 0.73 -1.10 -0.70 -2.99 -9.52 3.91 -0.62 0.09 -1.32 -75.41 540.79 411.01 0.00  986RCI d 16 C 0 : 1200 C 1 : 1200 C 2 : 1200 C 3 : 1200  5836
IMU d 16 -89.11 -6.95 -127.12 0.47 -1.00 -0.81 -2.69 -9.70 3.97 -0.76 0.24 -1.09 -127.96 595.26 368.82 0.00  946IMU d 16 -89.42 -6.97 -127.11 0.58 -0.65 -1.40 -2.62 -9.70 4.15 -1.34 -0.07 -0.87 -77.23 540.58 416.46 0.00  988<3:   3 d : 7784 0.58 8146
RNG d 1 370 : 702RCI d 16 C 0 : 1200 C 1 : 1200 C 2 : 1200 C 3 : 1200  5836IMU d 16 -89.85 -6.94 -127.10 0.99 -0.85 -0.67 -2.81 -9.83 4.52 -0.56 -0.27 -1.29 -80.86 546.88 411.55 0.00  987
IMU d 16 -90.09 -6.94 -127.10 1.07 -0.32 -1.84 -3.11 -9.28 4.46 -1.72 -0.65 -0.91 -80.96 539.61 408.13 0.00  975
RCI d 16 C 0 : 1200 C 1 : 1200 C 2 : 1200 C 3 : 1200  5836IMU d 16 -90.46 -6.93 -127.12 0.49 -0.69 -1.74 -2.99 -9.40 5.07 -1.69 0.02 -0.85 -75.09 539.29 408.98 0.00  982IMU d 16 -90.78 -6.95 -127.09 1.06 -1.18 -1.08 -2.44 -9.83 3.91 -0.96 -0.13 -1.59 -81.18 541.00 408.77 0.00  975RCI d 16 C 0 : 1200 C 1 : 1200 C 2 : 1200 C 3 : 1200  5836
IMU d 16 -91.13 -6.93 -127.12 0.74 -0.80 -0.89 -2.62 -9.77 4.09 -1.43 -0.20 -1.21 -129.78 595.69 366.69 0.00  940
RNG d 1 351 -6.93 683
IMU d 16 -91.34 -6.94 -127.11 1.39 -0.38 -0.81 -3.42 -10.19 4.39 -0.65 -0.87 -1.14 -80.00 541.54 407.92 0.00  975
RCI d 16 C 0 : 1200 C 1 : 1200 C 2 : 1200 C 3 : 1200  5836
IMU d 16 -91.57 -6.95 -127.16 1.28 -0.66 -1.40 -2.75 -9.64 4.27 -1.25 -0.62 -1.30 -112.26 573.90 381.75 0.00  950
IMU d 16 -91.80 -6.94 -127.13 0.47 -0.59 -0.51 -2.75 -10.01 4.46 -0.45 -0.02 -0.76 -80.32 542.82 409.41 0.00  979RCI d 16 C 0 : 1200 C 1 : 1200 C 2 : 1200 C 3 : 1200  5836
IMU d 16 -92.04 -6.94 -127.16 0.80 -0.69 -0.52 -2.56 -9.64 4.39 -0.43 -0.22 -1.03 -79.68 542.39 408.02 0.00  978
IMU d 16 -92.21 -6.97 -127.13 1.50 -0.47 -0.23 -2.44 -9.52 4.21 -0.05 -0.91 -1.29 -78.61 539.72 410.37 0.00  979<3:   3 d : 7772 1.50 8134RNG d 1 354 : 686RCI d 16 C 0 : 1200 C 1 : 1200 C 2 : 1200 C 3 : 1200  5836IMU d 16 -92.50 -6.93 -127.13 0.49 -0.66 -0.89 -2.87 -9.34 4.52 -0.83 0.00 -0.83 -79.04 543.57 411.23 0.00  984IMU d 16 -92.69 -6.94 -127.09 1.48 -0.74 -0.89 -2.56 -9.89 4.82 -0.72 -0.72 -1.49 -79.36 539.29 410.69 0.00  978RCI d 16 C 0 : 1200 C 1 : 1200 C 2 : 1200 C 3 : 1200  5836IMU d 16 -92.96 -6.93 -127.12 0.93 -0.69 -1.13 -3.48 -9.77 4.33 -1.01 -0.33 -1.12 -128.39 597.83 365.30 0.00  939IMU d 16 -93.11 -6.94 -127.12 0.60 -0.89 -1.00 -3.11 -10.07 4.58 -0.94 0.05 -1.09 -80.11 539.83 408.56 0.00  971
RCI d 16 C 0 : 1200 C 1 : 1200 C 2 : 1200 C 3 : 1200  5836
IMU d 16 -93.26 -6.94 -127.10 0.73 -0.44 -0.89 -2.69 -9.70 4.27 -0.82 -0.31 -0.80 -102.65 571.02 387.73 0.00  963RNG d 1 346 -6.94 678IMU d 16 -93.48 -6.94 -127.11 0.84 -0.65 -1.08 -3.05 -9.70 4.70 -1.00 -0.27 -1.03 -80.86 541.54 404.71 0.00  969RCI d 16 C 0 : 1200 C 1 : 1200 C 2 : 1200 C 3 : 1200  5836IMU d 16 -93.65 -6.94 -127.14 1.30 -0.89 -1.30 -3.17 -9.77 4.88 -1.16 -0.49 -1.50 -79.15 539.51 406.74 0.00  970IMU d 16 -93.81 -6.95 -127.10 0.41 -0.99 -0.84 -3.30 -9.77 4.27 -1.12 -0.25 -1.11 -76.58 542.07 403.32 0.00  973RCI d 16 C 0 : 1200 C 1 : 1200 C 2 : 1200 C 3 : 1200  5836IMU d 16 -93.95 -6.94 -127.13 1.29 -0.29 -0.93 -2.50 -10.19 4.09 -0.78 -0.85 -1.01 -79.47 539.72 405.67 0.00  971IMU d 16 -94.12 -6.95 -127.12 0.95 -1.00 -0.69 -2.81 -9.77 4.70 -0.58 -0.14 -1.38 -83.53 539.40 411.76 0.00  971<3:   3 d : 8092 0.95 8454RNG d 1 340 : 672RCI d 16 C 0 : 1200 C 1 : 1200 C 2 : 1200 C 3 : 1200  5836IMU d 16 -94.21 -6.95 -127.09 1.18 -0.54 -0.60 -2.50 -10.13 4.33 -0.47 -0.62 -1.14 -121.66 589.28 371.17 0.00  945IMU d 16 -94.30 -6.94 -127.07 1.35 -0.43 -1.39 -2.50 -9.77 4.15 -1.23 -0.82 -1.16 -79.47 542.82 406.42 0.00  973RCI d 16 C 0 : 1200 C 1 : 1200 C 2 : 1200 C 3 : 1200  5836IMU d 16 -94.38 -6.98 -127.09 1.10 -1.07 -0.74 -2.93 -10.19 3.97 -0.62 -0.22 -1.52 -91.54 553.50 399.05 0.00  964
IMU d 16 -94.52 -6.98 -127.08 0.63 -0.95 -1.26 -2.62 -9.34 4.76 -1.20 0.07 -1.14 -76.37 541.32 409.41 0.00  978RCI d 16 C 0 : 1200 C 1 : 1200 C 2 : 1200 C 3 : 1200  5836
IMU d 16 -94.65 -6.97 -127.10 1.00 -0.66 -0.89 -2.99 -9.77 3.91 -0.78 -0.40 -1.14 -76.80 541.54 405.03 0.00  975
RNG d 1 334 -6.97 666IMU d 16 -94.69 -6.95 -127.08 0.54 -0.54 -0.80 -2.75 -9.52 4.03 -0.74 -0.11 -0.76 -80.54 540.04 410.48 0.00  976
RCI d 16 C 0 : 1200 C 1 : 1200 C 2 : 1200 C 3 : 1200  5836IMU d 16 -94.73 -6.94 -127.11 0.58 -1.13 -1.03 -2.87 -9.77 3.97 -0.04 -0.11 -1.21 -117.07 580.52 374.38 0.00  940IMU d 16 -94.86 -6.97 -127.07 0.70 -0.65 -2.24 -2.75 -9.77 4.33 -2.16 -0.16 -0.94 -77.97 541.86 408.13 0.00  974RCI d 16 C 0 : 1200 C 1 : 1200 C 2 : 1200 C 3 : 1200  5836IMU d 16 -94.87 -6.92 -127.14 1.03 -0.85 -0.71 -2.81 -9.64 4.27 -0.60 -0.31 -1.30 -125.82 593.98 369.89 0.00  944IMU d 16 -95.01 -6.94 -127.12 1.37 -0.70 -1.02 -2.99 -10.56 3.91 -0.85 -0.67 -1.40 -77.44 540.68 407.81 0.00  972<3:   3 d : 7768 1.37 8130RNG d 1 329 : 661RCI d 16 C 0 : 1200 C 1 : 1200 C 2 : 1200 C 3 : 1200  5836IMU d 16 -95.08 -6.94 -127.09 0.85 -0.43 -0.62 -2.81 -10.56 3.91 -0.53 -0.42 -0.85 -84.70 546.66 402.36 0.00  967IMU d 16 -95.14 -6.95 -127.08 0.76 -0.85 -0.32 -3.05 -9.64 4.39 -0.24 -0.09 -1.14 -80.00 542.39 404.07 0.00  969RCI d 16 C 0 : 1200 C 1 : 1200 C 2 : 1200 C 3 : 1200  5836IMU d 16 -95.32 -6.93 -127.11 0.78 -1.24 -0.70 -2.69 -9.77 3.97 -0.62 0.13 -1.47 -78.51 538.87 409.62 0.00  972IMU d 16 -95.42 -6.95 -127.09 0.69 -0.45 -0.88 -2.81 -10.31 4.15 -0.80 -0.27 -0.78 -79.25 540.26 408.88 0.00  973RCI d 16 C 0 : 1200 C 1 : 1200 C 2 : 1200 C 3 : 1200  5836
IMU d 16 -95.54 -6.92 -127.10 1.10 -0.69 -0.70 -3.23 -10.44 4.09 -0.58 -0.45 -1.21 -123.37 593.55 367.11 0.00  941
RNG d 1 325 -6.92 657IMU d 16 -95.58 -6.93 -127.09 0.38 -0.96 -0.62 -2.87 -10.68 4.33 -0.58 0.27 -1.01 -78.72 541.22 410.48 0.00  977RCI d 16 C 0 : 1200 C 1 : 1200 C 2 : 1200 C 3 : 1200  5836IMU d 16 -95.71 -6.97 -127.08 0.98 -0.84 -1.07 -2.81 -10.07 4.33 -0.96 -0.27 -1.27 -114.82 577.53 382.07 0.00  948IMU d 16 -95.80 -6.94 -127.10 1.37 -0.45 -1.19 -2.75 -9.89 3.78 -1.03 -0.82 -1.20 -75.41 538.76 411.65 0.00  976RCI d 16 C 0 : 1200 C 1 : 1200 C 2 : 1200 C 3 : 1200  5836
IMU d 16 -95.91 -6.93 -127.16 1.25 -0.55 -1.47 -2.62 -10.01 3.48 -1.32 -0.65 -1.20 -80.00 540.90 409.62 0.00  970IMU d 16 -95.99 -6.95 -127.13 0.74 -0.80 -0.93 -2.93 -10.07 4.27 -0.85 -0.11 -1.09 -80.54 540.68 407.49 0.00  970
<3:   3 d : 7440 0.74 7802RNG d 1 306 : 638RCI d 16 C 0 : 1200 C 1 : 1200 C 2 : 1200 C 3 : 1200  5836IMU d 16 -96.09 -6.93 -127.11 1.29 -0.07 -0.78 -2.50 -9.83 3.97 -0.63 -0.98 -0.83 -79.68 542.07 405.03 0.00  972IMU d 16 -96.15 -6.95 -127.11 0.59 -0.84 -0.95 -2.87 -9.70 3.91 -0.89 0.04 -1.03 -77.33 542.71 404.71 0.00  972RCI d 16 C 0 : 1200 C 1 : 1200 C 2 : 1200 C 3 : 1200  5836IMU d 16 -96.11 -6.95 -127.14 1.14 -0.95 -1.30 -3.17 -10.44 4.03 -1.18 -0.33 -1.45 -133.94 603.49 356.75 0.00  927
IMU d 16 -96.14 -6.95 -127.13 0.33 -0.62 -0.25 -2.99 -9.64 4.03 -0.22 0.11 -0.71 -79.25 539.08 409.94 0.00  974
RCI d 16 C 0 : 1200 C 1 : 1200 C 2 : 1200 C 3 : 1200  5836
IMU d 16 -96.19 -6.97 -127.11 1.02 -0.38 -1.21 -2.93 -9.89 4.21 -1.09 -0.58 -0.92 -92.18 558.31 395.31 0.00  964
RNG d 1 317 -6.97 649IMU d 16 -96.20 -6.97 -127.08 0.99 -0.65 -1.04 -2.69 -10.07 3.85 -0.92 -0.40 -1.12 -77.97 541.22 407.59 0.00  971RCI d 16 C 0 : 1200 C 1 : 1200 C 2 : 1200 C 3 : 1200  5836IMU d 16 -96.15 -6.94 -127.10 1.07 -0.91 -1.43 -2.75 -10.07 3.97 -1.30 -0.31 -1.38 -80.00 542.50 409.94 0.00  971IMU d 16 -96.17 -6.95 -127.10 0.99 -0.63 -1.43 -2.93 -10.13 4.09 -0.74 -0.33 -1.36 -81.60 539.83 416.67 0.00  975RCI d 16 C 0 : 1200 C 1 : 1200 C 2 : 1200 C 3 : 1200  5836
IMU d 16 -96.20 -6.92 -127.11 0.78 -0.76 -0.69 -2.93 -10.38 3.72 -0.60 -0.16 -1.09 -75.73 540.90 415.71 0.00  981IMU d 16 -96.26 -6.93 -127.08 0.93 -0.51 -1.02 -3.30 -10.50 3.78 -0.91 -0.43 -0.98 -80.00 538.87 409.52 0.00  967<3:   3 d : 8124 0.93 8486RNG d 1 312 : 644RCI d 16 C 0 : 1200 C 1 : 1200 C 2 : 1200 C 3 : 1200  5836IMU d 16 -96.27 -6.94 -127.07 1.43 -0.41 -1.80 -2.81 -9.95 4.09 -1.63 -0.89 -1.20 -128.39 599.96 365.72 0.00  939
IMU d 16 -96.31 -6.92 -127.10 0.59 -0.66 -1.04 -2.69 -10.13 3.91 -0.98 -0.07 -0.89 -76.16 541.96 404.71 0.00  970RCI d 16 C 0 : 1200 C 1 : 1200 C 2 : 1200 C 3 : 1200  5836IMU d 16 -96.33 -6.92 -127.10 0.73 -0.12 -1.37 -2.50 -10.74 4.03 -1.29 -0.51 -0.54 -85.88 549.97 398.52 0.00  963IMU d 16 -96.38 -6.93 -127.10 0.62 -1.04 -0.82 -3.05 -9.83 4.03 -0.76 0.14 -1.21 -77.65 539.19 407.92 0.00  971RCI d 16 C 0 : 1200 C 1 : 1200 C 2 : 1200 C 3 : 1200  5836IMU d 16 -96.39 -6.90 -127.14 0.66 -0.29 -1.08 -2.87 -10.44 4.21 -1.01 -0.34 -0.63 -77.87 541.86 410.48 0.00  975RNG d 1 309 -6.90 641IMU d 16 -96.37 -6.93 -127.13 0.77 -0.91 -1.08 -2.75 -10.13 3.85 -1.00 -0.05 -1.20 -79.79 541.00 408.02 0.00  970
RCI d 16 C 0 : 1200 C 1 : 1200 C 2 : 1200 C 3 : 1200  5836IMU d 16 -96.33 -6.93 -127.13 0.62 -0.73 -1.21 -2.99 -10.13 4.09 -0.92 -0.72 -1.30 -139.82 608.61 355.26 0.00  926IMU d 16 -96.36 -6.94 -127.12 0.84 -1.40 -1.03 -3.23 -9.83 3.72 -0.94 0.18 -1.63 -77.33 542.82 409.52 0.00  974RCI d 16 C 0 : 1200 C 1 : 1200 C 2 : 1200 C 3 : 1200  5836
IMU d 16 -96.33 -6.97 -127.08 0.85 -0.78 -0.48 -2.81 -9.70 4.46 -0.38 -0.20 -1.14 -108.09 579.03 387.30 0.00  962IMU d 16 -96.36 -6.93 -127.08 1.50 -0.49 -1.15 -2.87 -9.83 4.21 -0.98 -0.89 -1.30 -78.61 540.26 409.20 0.00  974<3:   3 d : 7440 1.50 7802RNG d 1 307 : 639RCI d 16 C 0 : 1200 C 1 : 1200 C 2 : 1200 C 3 : 1200  5836IMU d 16 -96.36 -6.94 -127.10 0.71 -1.08 -1.79 -2.99 -9.89 3.91 -1.70 0.09 -1.30 -79.04 538.44 409.94 0.00  968
IMU d 16 -96.37 -6.97 -127.11 0.76 -0.78 -0.76 -2.99 -10.07 4.03 -0.67 -0.13 -1.09 -79.90 543.25 405.78 0.00  971RCI d 16 C 0 : 1200 C 1 : 1200 C 2 : 1200 C 3 : 1200  5836IMU d 16 -96.37 -6.93 -127.14 0.87 -0.92 -0.91 -2.93 -10.19 4.27 -0.82 -0.13 -1.27 -79.25 541.11 409.62 0.00  973
IMU d 16 -96.38 -6.94 -127.13 0.85 -0.82 -1.39 -2.75 -9.16 4.27 -1.29 -0.18 -1.18 -76.48 542.50 409.30 0.00  976
RCI d 16 C 0 : 1200 C 1 : 1200 C 2 : 1200 C 3 : 1200  5836IMU d 16 -96.42 -6.93 -127.14 0.99 -0.52 -1.18 -2.81 -9.95 3.85 -1.07 -0.47 -1.01 -146.33 617.16 351.20 0.00  923
RNG d 1 306 -6.93 638
IMU d 16 -96.42 -6.95 -127.11 0.32 -1.04 -0.34 -3.42 -9.83 4.15 -0.31 0.38 -1.03 -80.64 541.32 405.99 0.00  968RCI d 16 C 0 : 1200 C 1 : 1200 C 2 : 1200 C 3 : 1200  5836IMU d 16 -96.44 -6.94 -127.12 1.00 -0.45 -0.54 -2.69 -9.58 4.33 -0.42 -0.53 -0.98 -98.05 568.03 396.49 0.00  971IMU d 16 -96.49 -6.95 -127.09 0.54 -0.80 -0.40 -3.23 -9.83 3.97 -0.34 0.05 -0.96 -78.72 541.86 408.13 0.00  974
RCI d 16 C 0 : 1200 C 1 : 1200 C 2 : 1200 C 3 : 1200  5836
IMU d 16 -96.49 -6.95 -127.13 0.98 -1.03 -0.95 -2.81 -10.38 3.91 -0.83 -0.14 -1.41 -78.83 541.11 410.80 0.00  973IMU d 16 -96.45 -6.93 -127.10 1.17 -0.38 -0.70 -2.99 -9.83 4.27 -0.58 -0.34 -1.01 -78.93 540.58 410.91 0.00  976
<3:   3 d : 8072 1.17 8434RNG d 1 286 : 618RCI d 16 C 0 : 1200 C 1 : 1200 C 2 : 1200 C 3 : 1200  5836
IMU d 16 -96.56 -6.93 -127.11 0.74 -0.56 -0.92 -2.99 -10.25 3.78 -0.83 -0.25 -0.91 -79.15 542.07 409.41 0.00  974IMU d 16 -96.54 -6.94 -127.10 0.71 -1.02 -1.06 -2.93 -10.50 3.91 -0.98 0.05 -1.25 -78.93 541.64 407.49 0.00  970
RCI d 16 C 0 : 1200 C 1 : 1200 C 2 : 1200 C 3 : 1200  5836IMU d 16 -96.53 -6.92 -127.13 0.89 -0.87 -1.33 -2.62 -10.07 3.85 -1.23 -0.18 -1.23 -127.53 593.34 363.27 0.00  929
IMU d 16 -96.46 -6.94 -127.11 1.81 -0.16 -1.21 -2.99 -10.62 4.64 -1.00 -1.34 -1.23 -85.56 542.39 411.55 0.00  969RCI d 16 C 0 : 1200 C 1 : 1200 C 2 : 1200 C 3 : 1200  5836IMU d 16 -96.53 -6.93 -127.13 0.87 -0.36 -1.17 -3.11 -10.62 3.97 -1.07 -0.47 -0.82 -83.74 543.14 407.92 0.00  966RNG d 1 299 -6.93 631IMU d 16 -96.56 -6.94 -127.11 0.85 -0.98 -0.81 -2.93 -10.62 3.78 -0.71 -0.09 -1.30 -78.08 540.58 404.71 0.00  967
RCI d 16 C 0 : 1200 C 1 : 1200 C 2 : 1200 C 3 : 1200  5836
IMU d 16 -96.58 -6.94 -127.12 0.37 -0.82 -1.59 -3.42 -10.13 3.91 -1.56 0.20 -0.89 -77.12 542.28 407.06 0.00  972
IMU d 16 -96.57 -6.93 -127.10 1.08 -0.56 -1.30 -3.17 -10.19 3.66 -1.18 -0.53 -1.11 -78.08 539.83 406.31 0.00  966RCI d 16 C 0 : 1200 C 1 : 1200 C 2 : 1200 C 3 : 1200  5836IMU d 16 -96.65 -6.92 -127.11 1.24 -0.70 -1.28 -2.75 -9.95 4.39 -0.87 -0.22 -1.29 -143.02 612.46 354.40 0.00  927
<3:   3 d : 8096 1.24 8458IMU d 16 -96.61 -6.93 -127.10 1.25 -0.84 -1.18 -2.62 -10.38 3.78 -1.03 -0.49 -1.43 -79.57 542.82 404.07 0.00  967RNG d 1 299 -6.93 631RCI d 16 C 0 : 1200 C 1 : 1200 C 2 : 1200 C 3 : 1200  5836
IMU d 16 -96.59 -6.97 -127.12 0.81 -0.70 -0.81 -2.62 -9.77 4.76 -0.72 -0.22 -1.05 -121.34 586.93 367.75 0.00  936
IMU d 16 -96.56 -6.95 -127.10 1.07 -0.71 -0.88 -2.69 -10.13 3.91 -0.76 -0.42 -1.21 -79.47 539.72 408.66 0.00  970RCI d 16 C 0 : 1200 C 1 : 1200 C 2 : 1200 C 3 : 1200  5836
IMU d 16 -96.55 -6.93 -127.16 0.45 -0.40 -0.54 -2.56 -10.62 3.85 -0.49 -0.13 -0.60 -78.08 538.87 408.77 0.00  970IMU d 16 -96.53 -6.95 -127.12 0.59 -0.54 -0.71 -2.93 -10.68 4.09 -0.65 -0.14 -0.80 -79.57 540.15 410.16 0.00  974RCI d 16 C 0 : 1200 C 1 : 1200 C 2 : 1200 C 3 : 1200  5836RNG d 1 297 0 629IMU d 16 -96.53 -6.94 -127.17 0.41 -0.69 -1.07 -2.69 -10.19 3.78 -1.03 0.09 -0.80 -133.62 602.53 354.40 0.00  925IMU d 16 -96.53 -6.95 -127.11 0.66 -0.54 -1.07 -3.11 -10.01 4.70 -1.00 -0.20 -0.83 -78.51 543.25 404.18 0.00  970RCI d 16 C 0 : 1200 C 1 : 1200 C 2 : 1200 C 3 : 1200  5836IMU d 16 -96.53 -6.97 -127.11 1.21 -0.69 -1.77 -2.81 -10.50 4.03 -1.63 -0.54 -1.29 -148.26 619.62 350.77 0.00  923IMU d 16 -96.55 -6.95 -127.10 0.59 -1.39 -1.15 -3.05 -10.68 3.85 -1.09 0.36 -1.47 -78.40 539.61 404.18 0.00  963RCI d 16 C 0 : 1200 C 1 : 1200 C 2 : 1200 C 3 : 1200  5836
IMU d 16 -96.55 -6.95 -127.10 0.67 -0.89 -0.82 -3.11 -10.38 3.97 -0.74 0.00 -1.12 -96.34 559.69 394.46 0.00  958<3:   3 d : 7788 0.67 8150IMU d 16 -96.55 -6.93 -127.09 0.29 -0.52 -0.60 -2.69 -10.80 4.09 -0.58 0.09 -0.60 -78.61 540.58 406.42 0.00  972
RNG d 1 295 -6.93 627RCI d 16 C 0 : 1200 C 1 : 1200 C 2 : 1200 C 3 : 1200  5836IMU d 16 -96.55 -6.94 -127.09 1.08 -0.99 -1.33 -3.23 -10.25 3.97 -1.21 -0.27 -1.45 -80.00 541.11 406.74 0.00  966
IMU d 16 -96.56 -6.95 -127.07 0.63 -0.67 -0.93 -2.44 -10.56 3.66 -0.94 -0.40 -1.18 -79.36 542.39 409.52 0.00  973RCI d 16 C 0 : 1200 C 1 : 1200 C 2 : 1200 C 3 : 1200  5836IMU d 16 -96.51 -6.93 -127.10 0.52 -0.80 -0.55 -2.44 -10.01 3.78 -0.49 0.07 -0.96 -80.22 540.15 412.40 0.00  975IMU d 16 -96.46 -6.95 -127.09 0.38 -0.60 -0.49 -2.81 -10.38 3.72 -0.45 0.05 -0.72 -78.29 542.93 408.56 0.00  975RCI d 16 C 0 : 1200 C 1 : 1200 C 2 : 1200 C 3 : 1200  5836RNG d 1 294 0 626
IMU d 16 -96.47 -6.95 -127.10 1.06 -0.76 -0.59 -2.99 -10.25 4.88 -0.47 -0.38 -1.25 -79.25 540.90 410.26 0.00  974
IMU d 16 -96.45 -6.97 -127.05 0.62 -1.00 -0.99 -2.99 -10.13 3.54 -0.92 0.11 -1.18 -80.11 542.18 406.85 0.00  969RCI d 16 C 0 : 1200 C 1 : 1200 C 2 : 1200 C 3 : 1200  5836IMU d 16 -96.47 -6.94 -127.08 0.84 -0.88 -0.40 -2.69 -10.74 4.03 -0.31 -0.13 -1.21 -81.50 542.28 404.92 0.00  967
IMU d 16 -96.53 -6.95 -127.07 0.87 -0.93 -0.82 -3.48 -10.62 3.78 -0.72 -0.13 -1.27 -77.55 540.79 407.81 0.00  970
RCI d 16 C 0 : 1200 C 1 : 1200 C 2 : 1200 C 3 : 1200  5836IMU d 16 -96.57 -6.93 -127.09 0.81 -0.25 -1.77 -2.87 -10.56 3.54 -1.69 -0.49 -0.69 -79.57 541.22 405.14 0.00  967<3:   3 d : 7500 0.81 7862RNG d 1 292 : 624IMU d 16 -96.60 -6.94 -127.07 1.19 -0.45 -1.58 -3.05 -10.38 4.21 -1.45 -0.67 -1.09 -118.99 586.29 374.27 0.00  943RCI d 16 C 0 : 1200 C 1 : 1200 C 2 : 1200 C 3 : 1200  5836IMU d 16 -96.66 -6.95 -127.06 0.62 -0.80 -0.91 -2.99 -10.13 3.60 -1.09 -0.36 -1.56 -132.98 598.57 358.46 0.00  925
IMU d 16 -96.65 -6.97 -127.05 1.17 -0.52 -1.18 -2.69 -10.31 3.85 -1.05 -0.62 -1.12 -80.11 541.22 406.21 0.00  967RCI d 16 C 0 : 1200 C 1 : 1200 C 2 : 1200 C 3 : 1200  5836IMU d 16 -96.65 -6.95 -127.07 1.29 -0.47 -1.57 -2.50 -10.56 3.97 -1.41 -0.74 -1.16 -124.44 592.38 367.65 0.00  936IMU d 16 -96.60 -6.98 -127.05 0.65 -0.93 -0.80 -3.05 -10.38 3.97 -0.72 0.05 -1.14 -79.47 541.32 408.34 0.00  971RCI d 16 C 0 : 1200 C 1 : 1200 C 2 : 1200 C 3 : 1200  5836
RNG d 1 290 0 622
IMU d 16 -96.58 -6.97 -127.07 0.78 -0.43 -0.88 -3.11 -10.38 5.00 -0.80 -0.36 -0.82 -71.99 531.60 413.90 0.00  976
IMU d 16 -96.65 -6.97 -127.09 0.67 -0.71 -1.58 -3.05 -10.74 4.09 -1.50 -0.11 -0.98 -76.48 542.07 409.52 0.00  975RCI d 16 C 0 : 1200 C 1 : 1200 C 2 : 1200 C 3 : 1200  5836
IMU d 16 -96.67 -6.93 -127.14 0.62 -0.73 -0.77 -2.75 -10.56 3.72 -0.71 -0.05 -0.96 -77.55 539.19 408.13 0.00  972
IMU d 16 -96.67 -6.95 -127.11 1.13 -0.48 -1.24 -2.99 -10.50 4.33 -1.11 -0.60 -1.07 -77.65 542.93 407.81 0.00  973RCI d 16 C 0 : 1200 C 1 : 1200 C 2 : 1200 C 3 : 1200  5836IMU d 16 -96.65 -6.93 -127.11 0.77 -0.89 -1.21 -2.56 -10.19 4.33 -1.63 -1.16 -1.38 -147.19 616.31 352.05 0.00  921<3:   3 d : 7496 0.77 7858
RNG d 1 289 : 621IMU d 16 -96.65 -6.99 -127.03 1.46 -1.07 -1.57 -3.23 -9.95 4.27 -1.40 -0.51 -1.74 -104.36 570.48 383.78 0.00  950
RCI d 16 C 0 : 1200 C 1 : 1200 C 2 : 1200 C 3 : 1200  5836IMU d 16 -96.65 -6.95 -127.06 0.89 -1.14 -0.99 -2.75 -9.95 3.42 -0.89 -0.02 -1.45 -103.18 565.46 386.98 0.00  950IMU d 16 -96.60 -6.93 -127.07 1.26 -0.67 -1.07 -2.75 -10.56 3.85 -0.92 -0.60 -1.30 -78.93 540.68 403.75 0.00  966
RCI d 16 C 0 : 1200 C 1 : 1200 C 2 : 1200 C 3 : 1200  5836IMU d 16 -96.60 -6.92 -127.10 0.98 -1.17 -1.02 -3.11 -10.19 4.15 -0.91 -0.07 -1.52 -79.57 541.96 405.57 0.00  966
IMU d 16 -96.59 -6.94 -127.06 1.07 -0.84 -0.85 -3.30 -10.25 3.97 -0.85 0.20 -1.32 -83.10 540.79 405.14 0.00  964RNG d 1 288 -6.94 620RCI d 16 C 0 : 1200 C 1 : 1200 C 2 : 1200 C 3 : 1200  5836IMU d 16 -96.64 -6.93 -127.09 0.99 -1.06 -0.74 -3.30 -10.19 3.97 -0.63 -0.14 -1.45 -71.56 531.71 414.43 0.00  973IMU d 16 -96.68 -6.95 -127.08 1.06 -1.10 -0.36 -2.75 -10.44 3.72 -0.24 -0.18 -1.52 -78.51 541.32 409.84 0.00  973
RCI d 16 C 0 : 1200 C 1 : 1200 C 2 : 1200 C 3 : 1200  5836IMU d 16 -96.68 -6.93 -127.10 1.37 -0.63 -0.93 -2.62 -10.19 3.66 -0.78 -0.71 -1.34 -137.04 606.26 360.49 0.00  932IMU d 16 -96.67 -6.94 -127.06 0.29 -0.34 -1.15 -2.50 -10.31 3.72 -1.12 -0.02 -0.45 -77.97 540.79 408.24 0.00  971
RCI d 16 C 0 : 1200 C 1 : 1200 C 2 : 1200 C 3 : 1200  5836
IMU d 16 -96.70 -6.93 -127.09 1.88 -0.70 -1.40 -3.05 -10.68 3.85 -1.18 -1.07 -1.70 -84.49 548.48 408.34 0.00  970<3:   3 d : 7788 1.88 8150
RNG d 1 287 : 619IMU d 16 -96.69 -6.98 -127.01 0.41 -0.40 -1.10 -2.81 -10.25 4.52 -1.05 -0.09 -0.58 -82.35 543.03 399.90 0.00  961RCI d 16 C 0 : 1200 C 1 : 1200 C 2 : 1200 C 3 : 1200  5836IMU d 16 -96.65 -6.93 -127.07 0.77 -0.69 -1.26 -2.93 -10.25 3.85 -1.18 -0.20 -1.01 -77.33 539.51 409.09 0.00  970IMU d 16 -96.59 -6.94 -127.05 0.59 -0.95 -1.11 -2.56 -10.44 3.97 -1.05 0.11 -1.12 -77.65 542.28 407.38 0.00  972RCI d 16 C 0 : 1200 C 1 : 1200 C 2 : 1200 C 3 : 1200  5836IMU d 16 -96.59 -6.92 -127.07 1.07 -0.96 -1.55 -2.93 -10.44 4.33 -1.43 -0.27 -1.41 -78.72 541.86 409.20 0.00  973IMU d 16 -96.58 -6.93 -127.06 0.91 -0.96 -0.47 -2.62 -10.44 3.78 -0.36 -0.14 -1.32 -77.33 540.58 405.24 0.00  969
RNG d 1 287 -6.93 619
RCI d 16 C 0 : 1200 C 1 : 1200 C 2 : 1200 C 3 : 1200  5836
IMU d 16 -96.59 -6.93 -127.09 1.07 -0.63 -0.76 -2.69 -10.86 3.72 -0.63 -0.47 -1.16 -112.90 576.14 377.26 0.00  944
IMU d 16 -96.61 -6.95 -127.08 1.15 -1.13 -0.43 -2.93 -10.56 3.97 -0.29 -0.24 -1.59 -79.47 542.82 409.73 0.00  973RCI d 16 C 0 : 1200 C 1 : 1200 C 2 : 1200 C 3 : 1200  5836IMU d 16 -96.62 -6.93 -127.11 0.85 -1.28 -0.05 -3.23 -10.50 3.42 0.04 0.09 -1.54 -79.04 539.51 405.89 0.00  966IMU d 16 -96.62 -6.95 -127.11 0.56 -0.36 -0.89 -2.75 -10.80 3.97 -0.83 -0.24 -0.63 -79.79 542.82 412.08 0.00  977
RCI d 16 C 0 : 1200 C 1 : 1200 C 2 : 1200 C 3 : 1200  5836IMU d 16 -96.65 -6.95 -127.11 0.55 -0.65 -0.40 -2.81 -10.44 3.91 -0.34 -0.05 -0.85 -80.22 544.10 410.05 0.00  976<3:   3 d : 8056 0.55 8418RNG d 1 286 : 618IMU d 16 -96.65 -6.98 -127.05 1.18 0.08 -1.48 -2.62 -10.13 3.72 -1.34 -1.00 -0.63 -75.09 541.75 414.00 0.00  982RCI d 16 C 0 : 1200 C 1 : 1200 C 2 : 1200 C 3 : 1200  5836IMU d 16 -96.66 -6.97 -127.09 0.87 -0.36 -1.11 -2.81 -10.44 3.72 -1.01 -0.47 -0.82 -124.54 594.09 372.88 0.00  943IMU d 16 -96.75 -6.98 -127.08 1.02 -1.22 -1.87 -2.38 -10.62 4.03 -1.76 -0.07 -1.59 -79.90 540.36 410.69 0.00  971RCI d 16 C 0 : 1200 C 1 : 1200 C 2 : 1200 C 3 : 1200  5836
IMU d 16 -96.68 -6.98 -127.03 0.76 -0.36 -0.98 -3.05 -10.62 3.97 -0.89 -0.38 -0.74 -111.62 578.07 379.72 0.00  948
IMU d 16 -96.66 -6.95 -127.06 1.03 -0.88 -1.28 -2.81 -11.47 4.27 -1.16 -0.29 -1.32 -81.18 539.61 402.79 0.00  960RNG d 1 286 -6.95 618
RCI d 16 C 0 : 1200 C 1 : 1200 C 2 : 1200 C 3 : 1200  5836IMU d 16 -96.66 -6.94 -127.10 1.48 -0.93 -1.28 -2.81 -10.19 3.85 -1.11 -0.62 -1.65 -77.87 541.75 407.27 0.00  971
IMU d 16 -96.62 -6.94 -127.07 1.02 -0.85 -0.10 -2.75 -11.11 3.78 0.02 -0.29 -1.30 -79.90 540.47 404.82 0.00  967RCI d 16 C 0 : 1200 C 1 : 1200 C 2 : 1200 C 3 : 1200  5836IMU d 16 -96.64 -6.93 -127.09 0.63 -1.15 -0.76 -3.48 -11.17 3.97 -0.69 0.20 -1.30 -77.76 541.43 409.52 0.00  972IMU d 16 -96.71 -6.94 -127.07 0.82 -0.16 -0.66 -2.50 -10.25 3.91 -0.56 -0.56 -0.63 -79.15 541.54 411.65 0.00  975RCI d 16 C 0 : 1200 C 1 : 1200 C 2 : 1200 C 3 : 1200  5836IMU d 16 -96.69 -6.93 -127.11 0.81 -0.74 -1.21 -2.99 -10.25 4.33 -1.12 -0.20 -1.09 -134.37 602.10 362.52 0.00  931<3:   3 d : 8068 0.81 8430RNG d 1 285 : 617IMU d 16 -96.77 -6.95 -127.06 1.18 -0.60 -0.88 -2.75 -10.50 3.78 -0.74 -0.58 -1.20 -77.97 541.75 410.80 0.00  976RCI d 16 C 0 : 1200 C 1 : 1200 C 2 : 1200 C 3 : 1200  5836
IMU d 16 -96.79 -6.93 -127.07 1.06 -0.99 -1.39 -2.69 -10.31 3.66 -1.27 -0.24 -1.43 -79.79 538.97 409.73 0.00  968IMU d 16 -96.76 -6.93 -127.06 0.99 -0.82 -1.35 -2.69 -10.44 3.60 -1.23 -0.29 -1.27 -80.64 540.26 406.85 0.00  965RCI d 16 C 0 : 1200 C 1 : 1200 C 2 : 1200 C 3 : 1200  5836IMU d 16 -96.76 -6.92 -127.07 0.21 -0.22 -0.89 -2.62 -10.62 4.09 -0.87 -0.04 -0.31 -80.43 542.18 409.20 0.00  974IMU d 16 -96.81 -6.93 -127.06 0.41 -1.11 -1.00 -2.69 -10.38 3.72 -1.05 -0.27 -1.01 -80.86 540.15 406.63 0.00  964RNG d 1 285 -6.93 617RCI d 16 C 0 : 1200 C 1 : 1200 C 2 : 1200 C 3 : 1200  5836IMU d 16 -96.72 -6.93 -127.05 1.29 -0.65 -1.30 -2.50 -10.86 2.99 -1.16 -0.63 -1.30 -77.01 540.79 407.17 0.00  969IMU d 16 -96.71 -6.93 -127.05 1.21 -0.26 -1.68 -2.81 -10.50 3.91 -1.54 -0.80 -0.94 -79.25 542.71 407.17 0.00  971RCI d 16 C 0 : 1200 C 1 : 1200 C 2 : 1200 C 3 : 1200  5836
IMU d 16 -96.73 -6.92 -127.10 1.36 -0.65 -0.95 -3.23 -10.50 3.72 -0.80 -0.69 -1.34 -123.58 593.98 365.72 0.00  937IMU d 16 -96.73 -6.93 -127.06 0.51 -0.65 -0.51 -3.11 -10.56 4.03 -0.45 -0.02 -0.83 -77.65 542.28 405.67 0.00  972
RCI d 16 C 0 : 1200 C 1 : 1200 C 2 : 1200 C 3 : 1200  5836
IMU d 16 -96.68 -6.91 -127.09 0.80 -0.91 -0.78 -2.14 -10.62 4.03 -0.69 -0.09 -1.21 -81.39 546.88 404.71 0.00  971<3:   3 d : 7776 0.80 8138RNG d 1 285 : 617
IMU d 16 -96.68 -6.94 -127.01 1.03 -0.78 -0.92 -2.69 -10.99 3.91 -0.80 -0.34 -1.25 -80.11 540.04 407.06 0.00  969RCI d 16 C 0 : 1200 C 1 : 1200 C 2 : 1200 C 3 : 1200  5836
IMU d 16 -96.67 -6.94 -127.05 0.91 -0.96 -0.98 -3.23 -10.25 4.33 -0.87 -0.14 -1.32 -80.96 542.18 404.39 0.00  967
IMU d 16 -96.72 -6.94 -127.03 1.46 -0.92 -1.07 -2.69 -10.13 3.66 -0.91 -0.60 -1.61 -79.15 539.93 410.48 0.00  971RCI d 16 C 0 : 1200 C 1 : 1200 C 2 : 1200 C 3 : 1200  5836
IMU d 16 -96.78 -6.91 -127.07 0.71 -0.38 -0.76 -3.05 -10.38 3.97 -0.53 0.51 -1.29 -137.15 610.32 357.71 0.00  932IMU d 16 -96.76 -6.93 -127.03 1.21 -1.08 -1.30 -2.93 -10.38 4.15 -1.16 -0.31 -1.59 -78.61 542.71 406.21 0.00  970
RNG d 1 270 -6.93 602RCI d 16 C 0 : 1200 C 1 : 1200 C 2 : 1200 C 3 : 1200  5836IMU d 16 -96.78 -6.94 -127.05 1.15 -0.85 -1.11 -2.69 -10.07 4.15 -0.98 -0.40 -1.38 -90.26 559.37 394.88 0.00  965IMU d 16 -96.72 -6.92 -127.03 0.96 -0.67 -0.62 -2.50 -10.56 4.03 -0.51 -0.36 -1.12 -79.47 543.67 407.59 0.00  973RCI d 16 C 0 : 1200 C 1 : 1200 C 2 : 1200 C 3 : 1200  5836IMU d 16 -96.72 -6.92 -127.05 0.88 -0.37 -0.95 -2.81 -10.56 3.97 -0.85 -0.47 -0.83 -78.72 540.90 407.17 0.00  971IMU d 16 -96.73 -6.93 -127.02 0.95 -0.98 -0.96 -2.99 -10.44 3.23 -0.85 -0.16 -1.36 -77.87 541.86 403.96 0.00  968RCI d 16 C 0 : 1200 C 1 : 1200 C 2 : 1200 C 3 : 1200  5836IMU d 16 -96.80 -6.92 -127.07 1.19 -1.43 -1.17 -2.99 -10.50 3.30 -1.03 -0.09 -1.87 -76.48 543.35 408.45 0.00  974
<3:   3 d : 7508 1.19 7870RNG d 1 283 : 615
IMU d 16 -96.77 -6.97 -126.98 1.54 -0.89 -1.10 -2.93 -10.74 3.72 -0.92 -0.69 -1.65 -77.12 540.47 410.16 0.00  975RCI d 16 C 0 : 1200 C 1 : 1200 C 2 : 1200 C 3 : 1200  5836
IMU d 16 -96.81 -6.93 -127.03 1.04 -0.93 -1.11 -2.75 -10.86 3.48 -1.00 -0.27 -1.38 -137.89 606.37 350.56 0.00  921
IMU d 16 -96.81 -6.93 -127.05 0.52 -0.89 -0.56 -3.23 -10.25 4.21 -0.51 0.13 -1.03 -80.00 541.43 406.31 0.00  969
RCI d 16 C 0 : 1200 C 1 : 1200 C 2 : 1200 C 3 : 1200  5836IMU d 16 -96.83 -6.92 -127.05 1.18 -0.78 -1.69 -2.93 -10.68 3.85 -1.56 -0.47 -1.34 -96.02 587.04 400.01 0.00  991IMU d 16 -96.81 -6.92 -127.02 0.47 -1.00 -1.30 -2.75 -11.11 3.78 -1.25 0.24 -1.09 -74.13 540.68 404.28 0.00  968
RNG d 1 283 -6.92 615RCI d 16 C 0 : 1200 C 1 : 1200 C 2 : 1200 C 3 : 1200  5836IMU d 16 -96.84 -6.91 -127.05 1.40 -0.98 -1.19 -2.93 -10.68 4.27 -1.03 -0.53 -1.63 -76.37 548.16 409.84 0.00  982IMU d 16 -96.89 -6.94 -127.02 0.96 -0.45 -1.00 -2.99 -10.01 3.85 -0.58 -0.65 -1.09 -75.52 542.50 410.80 0.00  977RCI d 16 C 0 : 1200 C 1 : 1200 C 2 : 1200 C 3 : 1200  5836
IMU d 16 -96.94 -6.91 -127.08 1.21 -1.08 -1.30 -3.17 -10.62 3.42 -1.16 -0.31 -1.59 -78.83 539.40 409.62 0.00  968IMU d 16 -96.94 -6.94 -127.05 0.08 -0.67 -1.07 -2.56 -10.31 4.03 -1.07 0.34 -0.60 -85.24 541.22 407.59 0.00  965
RCI d 16 C 0 : 1200 C 1 : 1200 C 2 : 1200 C 3 : 1200  5836IMU d 16 -96.93 -6.92 -127.07 0.52 -0.66 -1.25 -2.44 -10.25 4.15 -1.20 -0.02 -0.85 -104.89 573.05 387.09 0.00  958<3:   3 d : 7472 0.52 7834RNG d 1 283 : 615IMU d 16 -96.92 -6.94 -127.03 1.19 -0.87 -1.04 -2.75 -10.25 3.97 -0.91 -0.43 -1.41 -77.23 541.64 407.81 0.00  972RCI d 16 C 0 : 1200 C 1 : 1200 C 2 : 1200 C 3 : 1200  5836IMU d 16 -96.93 -6.93 -127.05 0.80 -0.05 -1.02 -3.17 -10.19 4.03 -0.92 -0.60 -0.53 -80.43 545.17 405.03 0.00  971IMU d 16 -96.99 -6.94 -127.03 0.85 -0.27 -0.78 -2.81 -10.74 3.91 -0.69 -0.51 -0.74 -79.79 542.07 407.49 0.00  972RCI d 16 C 0 : 1200 C 1 : 1200 C 2 : 1200 C 3 : 1200  5836IMU d 16 -97.01 -6.94 -127.06 0.30 -0.40 -0.60 -2.87 -10.80 3.97 -0.58 0.00 -0.51 -77.87 541.32 403.96 0.00  969IMU d 16 -96.99 -6.95 -127.07 0.21 -1.02 -1.77 -2.75 -10.62 3.78 -1.76 0.45 -0.94 -69.00 553.07 412.08 0.00  996RNG d 1 283 -6.95 615RCI d 16 C 0 : 1200 C 1 : 1200 C 2 : 1200 C 3 : 1200  5836
IMU d 16 -96.95 -6.94 -127.07 0.58 -0.73 -0.01 -2.93 -10.80 3.78 0.33 -0.07 -1.12 -133.30 605.52 352.59 0.00  927IMU d 16 -96.98 -6.94 -127.05 0.45 -0.81 -1.15 -3.11 -10.62 4.15 -1.11 0.13 -0.92 -75.84 541.43 410.16 0.00  977RCI d 16 C 0 : 1200 C 1 : 1200 C 2 : 1200 C 3 : 1200  5836IMU d 16 -96.97 -6.98 -127.00 0.71 -1.08 -0.95 -2.62 -10.86 3.78 -0.87 0.09 -1.30 -109.06 586.93 377.37 0.00  956
IMU d 16 -96.95 -6.95 -127.02 0.59 -0.66 -1.79 -3.23 -9.95 4.21 -1.72 -0.07 -0.89 -82.03 540.79 403.54 0.00  962
RCI d 16 C 0 : 1200 C 1 : 1200 C 2 : 1200 C 3 : 1200  5836IMU d 16 -96.93 -6.92 -127.07 1.00 -0.58 -1.29 -2.81 -10.50 3.85 -1.18 -0.45 -1.07 -79.36 540.36 410.80 0.00  971<3:   3 d : 7468 1.00 7830RNG d 1 283 : 615IMU d 16 -96.93 -6.95 -127.00 0.38 -0.60 -1.03 -2.56 -10.31 3.91 -1.00 0.05 -0.72 -84.38 540.26 406.85 0.00  964RCI d 16 C 0 : 1200 C 1 : 1200 C 2 : 1200 C 3 : 1200  5836IMU d 16 -96.95 -6.94 -127.02 1.37 -0.84 -1.10 -2.93 -10.56 3.78 -0.94 -0.58 -1.50 -79.04 541.64 408.77 0.00  971IMU d 16 -96.98 -6.95 -127.03 0.49 -1.22 -0.74 -2.81 -10.44 3.85 -0.69 0.34 -1.29 -80.86 540.15 405.24 0.00  966RCI d 16 C 0 : 1200 C 1 : 1200 C 2 : 1200 C 3 : 1200  5836IMU d 16 -97.00 -6.93 -127.08 1.13 -1.07 -1.32 -2.56 -10.31 3.78 -1.20 -0.25 -1.54 -139.82 612.14 353.12 0.00  926IMU d 16 -96.95 -6.93 -127.08 1.07 -0.43 -0.48 -2.93 -10.25 4.70 -0.36 -0.60 -1.00 -79.36 541.00 409.20 0.00  975RNG d 1 281 -6.93 613RCI d 16 C 0 : 1200 C 1 : 1200 C 2 : 1200 C 3 : 1200  5836IMU d 16 -96.98 -6.95 -126.99 0.70 -0.74 -0.77 -2.99 -10.38 3.85 -0.69 -0.11 -1.01 -104.78 569.09 388.90 0.00  956IMU d 16 -96.99 -6.94 -127.00 0.77 -0.89 -1.36 -2.75 -10.19 3.42 -1.27 -0.07 -1.18 -79.25 542.18 405.35 0.00  967
RCI d 16 C 0 : 1200 C 1 : 1200 C 2 : 1200 C 3 : 1200  5836
IMU d 16 -97.06 -6.93 -127.01 0.88 -0.58 -0.78 -2.81 -10.19 3.97 -0.69 -0.34 -1.00 -78.29 540.79 409.41 0.00  972IMU d 16 -97.01 -6.95 -126.97 0.44 -1.00 -0.69 -2.99 -10.62 3.85 -0.98 0.20 -1.03 -81.18 542.60 411.44 0.00  973
RCI d 16 C 0 : 1200 C 1 : 1200 C 2 : 1200 C 3 : 1200  5836IMU d 16 -97.01 -6.93 -127.01 1.00 -0.03 -1.68 -2.50 -10.44 3.85 -1.56 -0.78 -0.63 -77.01 540.68 410.69 0.00  973<3:   3 d : 8080 1.00 8442RNG d 1 282 : 614IMU d 16 -97.00 -6.95 -126.97 1.03 -0.10 -1.29 -2.93 -10.19 3.23 -1.18 -0.76 -0.71 -80.00 538.65 408.02 0.00  968RCI d 16 C 0 : 1200 C 1 : 1200 C 2 : 1200 C 3 : 1200  5836
IMU d 16 -97.01 -6.92 -127.05 1.88 -0.19 -1.24 -2.62 -10.31 4.09 -1.01 -1.38 -1.29 -138.11 608.29 361.45 0.00  931IMU d 16 -97.01 -6.93 -126.99 1.57 -0.49 -1.76 -2.75 -10.44 4.09 -1.58 -0.94 -1.34 -79.36 543.67 408.13 0.00  973RCI d 16 C 0 : 1200 C 1 : 1200 C 2 : 1200 C 3 : 1200  5836IMU d 16 -97.06 -6.92 -126.98 0.22 -0.59 -0.84 -2.69 -10.44 4.64 -0.82 0.18 -0.62 -86.20 551.47 401.19 0.00  970IMU d 16 -97.04 -6.93 -126.98 0.56 -0.38 -0.81 -2.93 -10.86 4.21 -0.74 -0.22 -0.65 -77.97 543.67 408.98 0.00  977RNG d 1 280 -6.93 612RCI d 16 C 0 : 1200 C 1 : 1200 C 2 : 1200 C 3 : 1200  5836IMU d 16 -97.02 -6.91 -127.00 0.69 -1.03 -1.07 -2.93 -10.44 3.66 -1.00 0.07 -1.25 -76.80 540.58 405.57 0.00  968IMU d 16 -97.02 -6.93 -126.99 0.65 -0.70 -0.91 -2.93 -10.44 4.15 -0.83 -0.09 -0.96 -77.01 546.77 405.46 0.00  977RCI d 16 C 0 : 1200 C 1 : 1200 C 2 : 1200 C 3 : 1200  5836IMU d 16 -97.03 -6.92 -127.03 0.80 -1.02 -0.18 -2.81 -10.19 4.21 -0.20 0.22 -1.38 -132.66 603.49 353.33 0.00  926
IMU d 16 -97.05 -6.93 -127.01 0.59 -0.36 -0.63 -2.87 -10.44 3.66 -0.56 -0.25 -0.65 -80.54 544.95 409.52 0.00  974RCI d 16 C 0 : 1200 C 1 : 1200 C 2 : 1200 C 3 : 1200  5836<3:   3 d : 8104 1200 8466IMU d 16 -97.00 -6.93 -127.00 0.48 -0.91 -0.29 -2.75 -11.05 4.27 -0.24 0.16 -1.01 -71.99 533.74 412.40 0.00  976
RNG d 1 281 -6.93 613IMU d 16 -97.02 -6.95 -126.97 1.00 -0.93 -1.70 -2.69 -9.95 3.72 -1.59 -0.24 -1.36 -78.40 541.86 407.81 0.00  971RCI d 16 C 0 : 1200 C 1 : 1200 C 2 : 1200 C 3 : 1200  5836IMU d 16 -97.02 -6.93 -127.01 0.60 -0.11 -1.50 -2.69 -10.25 3.72 -1.43 -0.42 -0.45 -77.01 538.44 413.47 0.00  973
IMU d 16 -97.00 -6.94 -126.99 0.99 -0.47 -1.51 -2.75 -10.25 4.15 -1.40 -0.51 -0.98 -77.76 543.14 407.81 0.00  975
RCI d 16 C 0 : 1200 C 1 : 1200 C 2 : 1200 C 3 : 1200  5836IMU d 16 -96.99 -6.92 -127.01 0.65 -0.95 -1.43 -2.93 -10.25 3.91 -1.36 0.05 -1.16 -78.61 541.64 405.24 0.00  968IMU d 16 -96.99 -6.92 -127.00 1.07 -0.60 -1.70 -2.69 -10.13 4.33 -1.58 -0.49 -1.14 -79.79 543.03 406.31 0.00  971
RNG d 1 280 -6.92 612
RCI d 16 C 0 : 1200 C 1 : 1200 C 2 : 1200 C 3 : 1200  5836IMU d 16 -96.97 -6.92 -127.01 0.80 -0.93 -0.91 -2.75 -10.13 3.85 -0.82 -0.07 -1.23 -153.92 618.76 342.12 0.00  909
IMU d 16 -96.91 -6.93 -127.00 0.10 -0.88 -0.45 -2.93 -10.62 3.66 -0.45 0.45 -0.76 -78.08 539.83 405.24 0.00  969RCI d 16 C 0 : 1200 C 1 : 1200 C 2 : 1200 C 3 : 1200  5836
IMU d 16 -96.97 -6.91 -127.02 1.00 -0.78 -1.18 -2.69 -10.01 5.49 -1.07 -0.33 -1.23 -116.85 590.24 373.52 0.00  950IMU d 16 -96.97 -6.91 -127.00 0.81 -1.13 -0.63 -3.17 -9.95 4.03 -0.54 0.04 -1.40 -77.87 542.50 407.70 0.00  974RCI d 16 C 0 : 1200 C 1 : 1200 C 2 : 1200 C 3 : 1200  5836
<3:   3 d : 7484 1200 7846RNG d 1 280 : 612
IMU d 16 -96.92 -6.93 -127.02 0.98 -0.48 -1.06 -3.17 -10.74 4.21 -0.94 -0.49 -0.98 -117.39 588.43 373.95 0.00  946IMU d 16 -96.95 -6.94 -127.01 1.04 -0.45 -1.28 -2.99 -10.38 4.27 -0.85 -0.38 -0.34 -77.87 542.07 405.99 0.00  973RCI d 16 C 0 : 1200 C 1 : 1200 C 2 : 1200 C 3 : 1200  5836IMU d 16 -96.90 -6.93 -127.01 0.96 -0.43 -0.78 -2.44 -10.01 3.66 -0.67 -0.51 -0.92 -79.36 542.50 405.89 0.00  970
IMU d 16 -96.88 -6.91 -127.02 0.74 -0.91 -0.70 -3.05 -9.95 4.15 -0.62 -0.04 -1.18 -77.44 542.39 409.52 0.00  976RCI d 16 C 0 : 1200 C 1 : 1200 C 2 : 1200 C 3 : 1200  5836IMU d 16 -96.82 -6.90 -127.03 0.88 -1.17 -1.44 -2.20 -10.25 3.91 -1.34 0.00 -1.47 -143.98 614.60 352.80 0.00  923IMU d 16 -96.72 -6.93 -127.00 0.66 -1.11 -1.02 -2.50 -10.31 4.21 -0.94 0.14 -1.29 -78.29 545.38 406.21 0.00  974
RNG d 1 279 -6.93 611RCI d 16 C 0 : 1200 C 1 : 1200 C 2 : 1200 C 3 : 1200  5836IMU d 16 -96.69 -6.91 -127.01 0.93 -0.84 -0.93 -2.93 -9.64 4.33 -0.83 -0.24 -1.23 -82.67 547.41 404.82 0.00  972IMU d 16 -96.69 -6.93 -126.99 0.70 -0.93 -0.66 -2.75 -10.19 3.66 -0.58 0.00 -1.18 -80.32 538.65 411.76 0.00  972RCI d 16 C 0 : 1200 C 1 : 1200 C 2 : 1200 C 3 : 1200  5836IMU d 16 -96.71 -6.91 -127.05 0.74 -0.55 -1.26 -3.17 -10.80 4.03 -1.18 -0.25 -0.89 -79.25 544.53 408.88 0.00  973IMU d 16 -96.70 -6.90 -127.01 0.40 -0.92 -0.88 -2.81 -9.64 3.60 -0.83 0.24 -0.98 -78.61 542.39 404.71 0.00  972<3:   3 d : 7716 0.40 8078RCI d 16 C 0 : 1200 C 1 : 1200 C 2 : 1200 C 3 : 1200  5836RNG d 1 280 0 612
IMU d 16 -96.78 -6.92 -127.02 0.98 -0.84 -1.32 -2.81 -10.56 3.78 -1.21 -0.27 -1.27 -60.78 523.49 415.61 0.00  977IMU d 16 -96.80 -6.95 -126.96 0.22 -0.96 -0.55 -2.75 -10.13 4.03 -0.53 0.40 -0.91 -78.08 543.67 407.17 0.00  977RCI d 16 C 0 : 1200 C 1 : 1200 C 2 : 1200 C 3 : 1200  5836
IMU d 16 -96.81 -6.95 -127.01 1.15 -0.55 -0.85 -2.56 -9.64 3.36 -0.72 -0.58 -1.14 -126.25 597.08 368.18 0.00  943
IMU d 16 -96.79 -6.95 -126.98 0.62 -0.52 -0.36 -3.11 -10.31 4.46 -0.29 -0.18 -0.80 -78.08 541.64 411.44 0.00  977
RCI d 16 C 0 : 1200 C 1 : 1200 C 2 : 1200 C 3 : 1200  5836IMU d 16 -96.76 -6.93 -127.01 0.56 -1.40 -0.73 -2.99 -10.13 4.15 -0.67 0.40 -1.47 -77.23 544.10 408.24 0.00  977IMU d 16 -96.77 -6.94 -126.97 0.89 -0.43 -1.17 -2.87 -10.44 4.33 -1.07 -0.45 -0.89 -78.93 541.00 407.27 0.00  972
RNG d 1 280 -6.94 612RCI d 16 C 0 : 1200 C 1 : 1200 C 2 : 1200 C 3 : 1200  5836IMU d 16 -96.76 -6.92 -127.00 1.11 -0.56 -1.03 -2.56 -10.44 3.97 -0.91 -0.54 -1.12 -77.97 543.25 410.37 0.00  977
IMU d 16 -96.79 -6.93 -126.99 1.33 -0.44 -1.11 -2.50 -10.19 3.72 -0.96 -0.80 -1.16 -79.36 542.39 409.20 0.00  974
RCI d 16 C 0 : 1200 C 1 : 1200 C 2 : 1200 C 3 : 1200  5836IMU d 16 -96.80 -6.91 -127.01 1.21 -0.89 -1.29 -2.81 -10.31 4.03 -1.16 -0.42 -1.45 -152.10 623.14 344.68 0.00  917IMU d 16 -96.75 -6.92 -126.98 0.76 -0.51 -0.99 -2.50 -9.95 4.03 -0.91 -0.29 -0.87 -76.26 543.35 408.45 0.00  980<3:   3 d : 7500 0.76 7862RCI d 16 C 0 : 1200 C 1 : 1200 C 2 : 1200 C 3 : 1200  5836RNG d 1 279 0 611IMU d 16 -96.75 -6.93 -126.96 0.67 -0.65 -0.91 -2.32 -10.31 4.03 -0.83 -0.14 -0.92 -72.10 535.13 414.11 0.00  981IMU d 16 -96.78 -6.93 -126.97 0.96 -0.81 -0.89 -2.56 -10.50 4.03 -0.78 -0.27 -1.23 -77.76 541.22 405.99 0.00  972RCI d 16 C 0 : 1200 C 1 : 1200 C 2 : 1200 C 3 : 1200  5836
IMU d 16 -96.75 -6.93 -126.99 1.07 -1.11 -1.21 -2.99 -10.31 4.33 -1.09 -0.18 -1.54 -80.11 541.75 404.92 0.00  966IMU d 16 -96.70 -6.91 -126.99 0.70 -0.54 -1.08 -2.75 -10.31 4.03 -1.01 -0.24 -0.85 -77.23 543.67 408.13 0.00  976RCI d 16 C 0 : 1200 C 1 : 1200 C 2 : 1200 C 3 : 1200  5836
IMU d 16 -96.73 -6.90 -126.99 0.87 -0.81 -0.78 -3.30 -10.13 4.21 -0.69 -0.20 -1.18 -78.29 542.28 404.07 0.00  970
RNG d 1 279 -6.90 611IMU d 16 -96.75 -6.91 -126.99 0.65 -0.27 -0.89 -2.99 -10.68 4.39 -0.82 -0.34 -0.62 -77.44 540.36 408.66 0.00  975RCI d 16 C 0 : 1200 C 1 : 1200 C 2 : 1200 C 3 : 1200  5836IMU d 16 -96.72 -6.91 -127.01 0.81 -0.71 -0.41 -2.81 -10.25 3.78 -0.33 -0.22 -1.07 -151.25 620.15 347.78 0.00  918IMU d 16 -96.77 -6.92 -126.98 1.11 -0.41 -1.21 -2.62 -10.19 4.09 -1.09 -0.63 -1.00 -77.01 541.11 408.02 0.00  975RCI d 16 C 0 : 1200 C 1 : 1200 C 2 : 1200 C 3 : 1200  5836IMU d 16 -96.79 -6.91 -127.01 0.30 -0.55 -0.81 -2.75 -10.19 3.85 -0.78 0.09 -0.63 -88.12 554.14 400.97 0.00  969IMU d 16 -96.86 -6.91 -127.01 0.74 -0.66 -1.17 -2.75 -10.62 3.78 -1.09 -0.20 -0.98 -78.61 541.43 412.61 0.00  975<3:   3 d : 7456 0.74 7818RCI d 16 C 0 : 1200 C 1 : 1200 C 2 : 1200 C 3 : 1200  5836RNG d 1 278 0 610IMU d 16 -96.87 -6.91 -127.05 0.30 -0.37 -0.95 -3.11 -9.52 3.85 -0.62 0.29 -1.00 -115.46 583.73 374.27 0.00  946
IMU d 16 -96.89 -6.93 -127.01 1.00 -0.93 -1.18 -2.56 -10.44 3.72 -0.94 -0.29 -0.87 -76.48 543.99 408.88 0.00  977
RCI d 16 C 0 : 1200 C 1 : 1200 C 2 : 1200 C 3 : 1200  5836IMU d 16 -96.92 -6.93 -127.02 1.46 -1.10 -1.17 -3.05 -10.07 4.21 -1.00 -0.49 -1.76 -78.40 545.06 409.41 0.00  976IMU d 16 -96.86 -6.94 -127.00 1.21 -0.85 -1.11 -2.75 -10.19 4.15 -0.98 -0.45 -1.41 -79.79 538.65 404.82 0.00  965RCI d 16 C 0 : 1200 C 1 : 1200 C 2 : 1200 C 3 : 1200  5836IMU d 16 -96.80 -6.93 -127.05 1.29 -0.77 -1.54 -2.44 -10.31 3.85 -1.40 -0.56 -1.40 -128.17 598.25 364.44 0.00  935RNG d 1 278 -6.93 610IMU d 16 -96.79 -6.94 -127.01 0.88 -0.49 -0.98 -2.56 -10.25 4.27 -0.87 -0.40 -0.92 -77.12 541.32 410.48 0.00  977RCI d 16 C 0 : 1200 C 1 : 1200 C 2 : 1200 C 3 : 1200  5836
IMU d 16 -96.78 -6.92 -127.01 0.19 -0.48 -0.67 -2.87 -9.89 4.21 -0.65 0.13 -0.51 -82.14 545.06 401.93 0.00  969
IMU d 16 -96.79 -6.93 -127.00 1.13 -0.69 -0.45 -2.87 -10.62 4.15 -0.33 -0.49 -1.23 -78.93 543.67 408.88 0.00  976RCI d 16 C 0 : 1200 C 1 : 1200 C 2 : 1200 C 3 : 1200  5836IMU d 16 -96.81 -6.91 -127.02 0.87 -0.81 -0.71 -2.87 -10.07 4.27 -0.62 -0.20 -1.18 -78.93 540.26 408.45 0.00  972IMU d 16 -96.87 -6.92 -126.99 1.00 -0.23 -1.22 -2.75 -9.95 3.78 -1.11 -0.65 -0.80 -80.64 541.00 405.89 0.00  969<3:   3 d : 7784 1.00 8146RNG d 1 279 : 611
RCI d 16 C 0 : 1200 C 1 : 1200 C 2 : 1200 C 3 : 1200  5836IMU d 16 -96.90 -6.92 -126.98 0.69 -0.73 -0.88 -1.53 -9.83 3.48 -0.98 -0.27 -1.78 -131.81 600.50 357.07 0.00  931IMU d 16 -96.84 -6.93 -126.98 0.95 -0.84 -1.24 -2.87 -9.83 3.85 -1.12 -0.25 -1.25 -84.92 544.95 409.94 0.00  970RCI d 16 C 0 : 1200 C 1 : 1200 C 2 : 1200 C 3 : 1200  5836IMU d 16 -96.88 -6.95 -126.94 1.29 -0.98 -1.37 -2.99 -10.07 3.97 -1.23 -0.43 -1.56 -112.69 578.49 382.28 0.00  950IMU d 16 -96.90 -6.91 -126.97 0.74 -0.73 -1.10 -2.93 -10.13 3.85 -1.01 -0.14 -1.03 -77.12 543.14 407.27 0.00  973
RCI d 16 C 0 : 1200 C 1 : 1200 C 2 : 1200 C 3 : 1200  5836IMU d 16 -96.90 -6.91 -126.98 0.51 -0.85 -0.76 -2.93 -10.07 3.91 -0.71 0.11 -1.00 -78.93 541.64 407.92 0.00  974RNG d 1 279 -6.91 611IMU d 16 -96.91 -6.94 -126.87 0.71 -1.22 -1.07 -3.05 -10.44 4.21 -1.00 0.16 -1.41 -110.76 577.64 376.30 0.00  945RCI d 16 C 0 : 1200 C 1 : 1200 C 2 : 1200 C 3 : 1200  5836IMU d 16 -96.94 -6.90 -126.98 0.77 -0.89 -1.15 -3.11 -10.25 3.97 -1.07 -0.07 -1.18 -79.79 541.86 407.59 0.00  968IMU d 16 -96.95 -6.94 -126.92 0.85 -0.32 -3.12 -2.50 -10.07 4.03 -3.03 -0.49 -0.78 -85.45 537.26 397.55 0.00  947
RCI d 16 C 0 : 1200 C 1 : 1200 C 2 : 1200 C 3 : 1200  5836IMU d 16 -96.87 -6.91 -127.01 0.85 -0.30 -1.08 -2.81 -9.70 3.85 -1.00 -0.49 -0.76 -138.11 614.38 352.59 0.00  931IMU d 16 -96.94 -6.91 -126.98 0.95 -0.56 -1.39 -2.75 -9.83 3.97 -1.29 -0.42 -1.03 -76.90 541.43 411.33 0.00  977
<3:   3 d : 7768 0.95 8130
RNG d 1 263 : 595RCI d 16 C 0 : 1200 C 1 : 1200 C 2 : 1200 C 3 : 1200  5836IMU d 16 -96.91 -6.91 -126.98 0.91 -0.69 -1.19 -2.44 -10.25 3.85 -1.09 -0.31 -1.11 -101.04 563.43 395.31 0.00  958IMU d 16 -96.88 -6.91 -126.98 0.77 -0.87 -0.87 -2.50 -9.89 3.91 -0.78 -0.09 -1.16 -79.47 544.31 406.10 0.00  974RCI d 16 C 0 : 1200 C 1 : 1200 C 2 : 1200 C 3 : 1200  5836IMU d 16 -96.89 -6.90 -126.97 0.71 -0.85 -1.17 -2.69 -10.01 3.78 -1.09 -0.05 -1.12 -77.65 543.03 404.71 0.00  970IMU d 16 -96.93 -6.90 -126.94 0.63 -0.63 -1.03 -2.62 -10.01 3.85 -0.51 -0.02 -1.43 -77.55 535.98 410.16 0.00  969RCI d 16 C 0 : 1200 C 1 : 1200 C 2 : 1200 C 3 : 1200  5836
IMU d 16 -97.01 -6.88 -126.97 1.36 -0.41 -0.99 -2.99 -10.38 3.60 -0.83 -0.83 -1.16 -78.83 542.50 405.14 0.00  971RNG d 1 279 -6.88 611IMU d 16 -97.07 -6.90 -126.90 0.80 -0.91 -1.03 -2.99 -10.62 3.91 -0.94 -0.09 -1.21 -77.97 540.58 404.50 0.00  967RCI d 16 C 0 : 1200 C 1 : 1200 C 2 : 1200 C 3 : 1200  5836
IMU d 16 -97.07 -6.90 -126.94 1.11 -0.51 -1.13 -3.17 -10.68 4.64 -1.00 -0.58 -1.09 -134.37 604.77 353.33 0.00  925IMU d 16 -97.14 -6.90 -126.91 0.26 -0.95 -0.67 -2.81 -9.64 4.27 -0.65 0.36 -0.92 -79.04 542.50 410.26 0.00  978RCI d 16 C 0 : 1200 C 1 : 1200 C 2 : 1200 C 3 : 1200  5836IMU d 16 -97.13 -6.90 -126.97 0.87 -0.93 -0.10 -2.56 -10.56 3.85 0.00 -0.13 -1.27 -83.10 544.95 400.97 0.00  963IMU d 16 -97.14 -6.91 -126.95 1.03 -0.76 -1.15 -2.81 -9.89 4.03 -1.03 -0.36 -1.23 -77.65 542.82 412.94 0.00  979<3:   3 d : 8060 1.03 8422RNG d 1 278 : 610RCI d 16 C 0 : 1200 C 1 : 1200 C 2 : 1200 C 3 : 1200  5836IMU d 16 -97.10 -6.91 -126.94 1.10 -0.70 -1.14 -3.85 -10.38 4.52 -1.01 -0.45 -1.23 -76.69 541.22 411.55 0.00  976IMU d 16 -97.12 -6.93 -126.89 0.98 -0.87 -1.14 -2.93 -9.77 4.39 -1.03 -0.27 -0.43 -76.69 543.57 407.81 0.00  976RCI d 16 C 0 : 1200 C 1 : 1200 C 2 : 1200 C 3 : 1200  5836IMU d 16 -97.12 -6.91 -126.97 0.71 -0.65 -1.15 -2.81 -10.13 4.03 -0.85 0.36 -1.54 -139.71 609.47 351.95 0.00  924IMU d 16 -97.14 -6.93 -126.96 0.70 -0.66 -1.46 -2.99 -9.95 3.66 -1.38 -0.16 -0.96 -82.14 539.83 408.02 0.00  966RCI d 16 C 0 : 1200 C 1 : 1200 C 2 : 1200 C 3 : 1200  5836
IMU d 16 -97.09 -6.91 -126.94 0.59 -0.99 -0.01 -2.44 -10.25 4.27 0.05 0.13 -1.16 -100.08 569.31 382.81 0.00  955RNG d 1 280 -6.91 612IMU d 16 -97.13 -6.92 -126.91 0.80 -0.82 -0.56 -3.17 -9.70 3.78 -0.47 -0.14 -1.14 -76.90 541.00 408.77 0.00  974
RCI d 16 C 0 : 1200 C 1 : 1200 C 2 : 1200 C 3 : 1200  5836
IMU d 16 -97.17 -6.91 -126.95 0.95 -0.84 -1.41 -2.99 -10.19 4.21 -1.30 -0.25 -1.25 -79.36 542.28 411.12 0.00  974IMU d 16 -97.13 -6.91 -126.91 0.55 -0.88 -0.10 -2.62 -9.70 4.33 -0.04 0.09 -1.03 -82.89 539.93 404.60 0.00  965
RCI d 16 C 0 : 1200 C 1 : 1200 C 2 : 1200 C 3 : 1200  5836
IMU d 16 -97.07 -6.88 -126.96 0.77 -0.41 -1.10 -2.62 -10.44 4.21 -1.01 -0.36 -0.80 -78.51 541.54 408.98 0.00  972IMU d 16 -97.05 -6.91 -126.91 0.92 -0.44 -0.99 -3.42 -9.89 3.91 -0.89 -0.47 -0.91 -76.69 541.54 405.03 0.00  972
<3:   3 d : 8056 0.92 8418RNG d 1 277 : 609RCI d 16 C 0 : 1200 C 1 : 1200 C 2 : 1200 C 3 : 1200  5836
IMU d 16 -97.03 -6.91 -126.92 0.30 -0.78 -0.29 -3.11 -9.83 3.72 -0.25 0.24 -0.82 -142.49 615.66 350.66 0.00  927IMU d 16 -97.00 -6.92 -126.90 0.48 -0.58 -1.10 -2.56 -10.19 4.33 -1.05 -0.04 -0.76 -82.25 545.06 411.01 0.00  976RCI d 16 C 0 : 1200 C 1 : 1200 C 2 : 1200 C 3 : 1200  5836IMU d 16 -97.05 -6.94 -126.91 0.59 -0.88 -1.10 -2.93 -9.89 4.39 -1.03 0.05 -1.07 -104.78 572.94 383.78 0.00  954IMU d 16 -96.98 -6.92 -126.92 0.49 -0.91 -0.51 -2.81 -9.95 4.09 -0.45 0.14 -1.03 -77.12 542.82 406.74 0.00  976RCI d 16 C 0 : 1200 C 1 : 1200 C 2 : 1200 C 3 : 1200  5836
IMU d 16 -96.97 -6.92 -126.92 0.66 -0.43 -1.10 -3.30 -9.83 4.03 -1.03 -0.27 -0.74 -78.72 542.60 410.69 0.00  976RNG d 1 276 -6.92 608IMU d 16 -96.99 -6.97 -126.89 0.88 -0.47 -0.93 -2.93 -9.64 4.70 -0.89 0.43 -1.09 -75.73 542.28 405.35 0.00  977RCI d 16 C 0 : 1200 C 1 : 1200 C 2 : 1200 C 3 : 1200  5836IMU d 16 -96.99 -6.94 -126.91 0.65 -0.55 -1.08 -2.81 -9.64 4.27 -1.01 -0.18 -0.83 -76.80 540.47 406.21 0.00  973IMU d 16 -97.03 -6.93 -126.92 0.47 -0.66 -0.93 -2.99 -9.52 4.46 -0.89 0.02 -0.82 -77.76 543.14 409.30 0.00  980RCI d 16 C 0 : 1200 C 1 : 1200 C 2 : 1200 C 3 : 1200  5836
IMU d 16 -97.00 -6.92 -126.95 1.33 -1.06 -1.50 -2.50 -10.01 3.66 -1.34 -0.42 -1.65 -130.74 601.03 361.88 0.00  933
IMU d 16 -96.99 -6.92 -126.94 1.41 -0.78 -1.30 -3.11 -9.77 4.58 -1.14 -0.65 -1.49 -79.15 541.00 405.46 0.00  969<3:   3 d : 7772 1.41 8134RNG d 1 277 : 609
RCI d 16 C 0 : 1200 C 1 : 1200 C 2 : 1200 C 3 : 1200  5836IMU d 16 -97.00 -6.94 -126.90 1.11 -0.43 -1.25 -2.99 -9.89 3.85 -1.12 -0.63 -1.01 -86.41 554.35 397.77 0.00  967IMU d 16 -97.04 -6.93 -126.89 0.66 -0.84 -0.91 -2.75 -10.07 4.21 -0.83 -0.02 -1.07 -80.43 543.25 408.66 0.00  973RCI d 16 C 0 : 1200 C 1 : 1200 C 2 : 1200 C 3 : 1200  5836IMU d 16 -97.05 -6.91 -126.94 0.95 -0.65 -0.96 -2.81 -10.31 4.82 -0.85 -0.36 -1.09 -79.57 540.68 409.94 0.00  972
IMU d 16 -97.04 -6.91 -126.92 0.88 -1.03 -1.06 -2.81 -10.25 4.21 -0.96 -0.07 -1.36 -75.20 543.03 408.66 0.00  976RCI d 16 C 0 : 1200 C 1 : 1200 C 2 : 1200 C 3 : 1200  5836IMU d 16 -97.01 -6.90 -126.97 0.66 -1.11 -0.40 -2.93 -9.64 4.46 -1.09 -0.31 -1.47 -132.13 599.32 357.39 0.00  926RNG d 1 278 -6.90 610IMU d 16 -97.02 -6.91 -126.95 0.37 -0.93 -0.85 -2.99 -10.44 4.15 -0.82 0.27 -0.98 -76.80 540.90 409.20 0.00  977
RCI d 16 C 0 : 1200 C 1 : 1200 C 2 : 1200 C 3 : 1200  5836IMU d 16 -97.06 -6.88 -126.96 1.24 -1.15 -0.67 -2.75 -9.77 3.78 -0.53 -0.29 -1.67 -126.57 596.33 365.30 0.00  938
IMU d 16 -97.00 -6.91 -126.95 1.02 -0.95 -0.84 -2.99 -9.83 4.09 -0.72 -0.24 -1.38 -79.25 540.58 407.17 0.00  973
RCI d 16 C 0 : 1200 C 1 : 1200 C 2 : 1200 C 3 : 1200  5836IMU d 16 -96.98 -6.89 -126.99 0.30 -0.71 -0.71 -2.75 -8.85 5.13 -0.69 0.18 -0.76 -77.76 544.85 406.10 0.00  981IMU d 16 -96.90 -6.90 -126.94 0.37 -0.85 -0.84 -2.69 -9.52 4.09 -0.80 0.22 -0.91 -80.00 542.60 406.10 0.00  974
<3:   3 d : 7420 0.37 7782RNG d 1 276 : 608RCI d 16 C 0 : 1200 C 1 : 1200 C 2 : 1200 C 3 : 1200  5836IMU d 16 -96.91 -6.92 -126.92 0.22 -0.98 -0.56 -2.56 -9.40 4.09 -0.54 0.42 -0.92 -79.47 541.43 409.84 0.00  977IMU d 16 -96.90 -6.93 -126.91 1.36 -0.32 -1.19 -2.87 -9.89 4.76 -1.03 -0.89 -1.07 -80.00 542.28 405.24 0.00  970
RCI d 16 C 0 : 1200 C 1 : 1200 C 2 : 1200 C 3 : 1200  5836IMU d 16 -96.87 -6.92 -126.92 1.10 -0.80 -0.89 -2.81 -9.95 4.33 -0.76 -0.40 -1.30 -149.96 621.86 342.65 0.00  920IMU d 16 -96.91 -6.93 -126.91 0.23 -0.78 -0.92 -2.69 -10.07 4.76 -0.91 0.29 -0.78 -80.22 542.39 403.64 0.00  970RCI d 16 C 0 : 1200 C 1 : 1200 C 2 : 1200 C 3 : 1200  5836
IMU d 16 -96.87 -6.94 -126.90 0.99 -0.14 -0.84 -2.87 -9.77 4.09 -0.72 -0.71 -0.71 -108.84 577.85 379.82 0.00  954
RNG d 1 276 -6.94 608IMU d 16 -96.87 -6.92 -126.90 0.91 -0.56 -0.69 -2.99 -9.46 4.21 -0.58 -0.38 -1.00 -77.87 543.35 408.13 0.00  979
RCI d 16 C 0 : 1200 C 1 : 1200 C 2 : 1200 C 3 : 1200  5836IMU d 16 -96.88 -6.92 -126.95 0.22 -1.00 -0.38 -2.62 -10.01 4.58 -0.36 0.43 -0.94 -78.29 540.90 410.05 0.00  976IMU d 16 -96.89 -6.93 -126.91 0.21 -1.03 -0.56 -2.75 -9.89 4.09 -1.16 -0.05 -1.34 -76.37 540.79 408.88 0.00  974RCI d 16 C 0 : 1200 C 1 : 1200 C 2 : 1200 C 3 : 1200  5836IMU d 16 -96.89 -6.89 -126.96 0.85 -1.18 -0.59 -2.93 -9.83 4.33 -0.49 0.04 -1.47 -79.68 546.02 410.05 0.00  981
IMU d 16 -96.88 -6.91 -126.92 1.30 -0.30 -1.28 -2.75 -10.01 3.66 -1.12 -0.85 -1.03 -80.64 543.03 410.91 0.00  974
<3:   3 d : 8076 1.30 8438RNG d 1 271 : 603RCI d 16 C 0 : 1200 C 1 : 1200 C 2 : 1200 C 3 : 1200  5836IMU d 16 -96.83 -6.90 -126.91 1.32 -0.33 -1.47 -2.81 -10.19 4.27 -1.32 -0.85 -1.07 -146.33 618.01 354.40 0.00  929IMU d 16 -96.88 -6.91 -126.91 0.91 -0.84 -1.00 -2.93 -10.01 4.33 -0.91 -0.22 -1.21 -81.18 543.67 409.52 0.00  973
RCI d 16 C 0 : 1200 C 1 : 1200 C 2 : 1200 C 3 : 1200  5836IMU d 16 -96.91 -6.92 -126.92 0.93 -0.76 -0.29 -1.95 -9.95 4.15 -0.18 -0.29 -1.18 -85.56 552.32 402.89 0.00  974
IMU d 16 -96.93 -6.92 -126.89 1.00 -0.93 -0.96 -2.93 -10.56 3.91 -0.85 -0.24 -1.36 -76.80 542.50 407.81 0.00  976
RCI d 16 C 0 : 1200 C 1 : 1200 C 2 : 1200 C 3 : 1200  5836IMU d 16 -96.92 -6.90 -126.94 1.07 -0.84 -0.91 -2.99 -10.01 3.91 -0.78 -0.34 -1.32 -79.25 542.39 412.19 0.00  978RNG d 1 278 -6.90 610
IMU d 16 -96.97 -6.92 -126.88 -0.04 -0.98 -0.73 -2.93 -10.19 3.97 -0.74 0.63 -0.76 -75.41 541.86 407.49 0.00  976RCI d 16 C 0 : 1200 C 1 : 1200 C 2 : 1200 C 3 : 1200  5836IMU d 16 -96.94 -6.91 -126.90 0.65 -0.89 -1.08 -2.32 -10.50 3.78 -0.83 -0.11 -0.82 -136.08 608.94 355.36 0.00  930
IMU d 16 -96.93 -6.92 -126.89 0.89 -0.59 -0.36 -2.75 -10.25 4.21 -0.25 -0.36 -1.01 -75.52 542.60 407.81 0.00  977
RCI d 16 C 0 : 1200 C 1 : 1200 C 2 : 1200 C 3 : 1200  5836
IMU d 16 -96.92 -6.90 -126.92 1.18 -0.54 -0.66 -3.11 -10.07 4.64 -0.53 -0.62 -1.14 -134.80 605.84 359.10 0.00  934IMU d 16 -96.92 -6.92 -126.87 0.73 -0.23 -1.17 -2.99 -9.95 4.33 -1.09 -0.43 -0.63 -79.36 542.39 408.88 0.00  974<3:   3 d : 7440 0.73 7802RNG d 1 277 : 609RCI d 16 C 0 : 1200 C 1 : 1200 C 2 : 1200 C 3 : 1200  5836
IMU d 16 -96.89 -6.91 -126.88 0.69 -1.03 -0.48 -2.69 -9.77 3.91 -0.40 0.07 -1.25 -78.29 544.63 403.54 0.00  972IMU d 16 -96.89 -6.92 -126.87 1.04 -0.21 -1.03 -3.23 -10.07 3.85 -0.91 -0.71 -0.80 -78.08 542.60 408.13 0.00  974RCI d 16 C 0 : 1200 C 1 : 1200 C 2 : 1200 C 3 : 1200  5836IMU d 16 -96.84 -6.90 -126.92 0.41 -0.93 -1.36 -2.81 -10.13 4.27 -1.32 0.24 -1.00 -73.81 542.50 413.04 0.00  985
IMU d 16 -96.81 -6.91 -126.90 0.91 -0.99 -1.21 -2.87 -10.01 4.15 -1.11 -0.13 -1.34 -77.76 541.75 403.64 0.00  968RCI d 16 C 0 : 1200 C 1 : 1200 C 2 : 1200 C 3 : 1200  5836
IMU d 16 -96.83 -6.90 -126.92 0.59 -0.15 -1.58 -2.75 -10.25 4.15 -1.52 -0.38 -0.49 -160.00 635.32 332.19 0.00  910
RNG d 1 276 -6.90 608IMU d 16 -96.89 -6.92 -126.90 0.44 -0.74 -0.95 -2.75 -10.13 3.97 -0.91 0.09 -0.87 -78.61 541.75 404.92 0.00  971RCI d 16 C 0 : 1200 C 1 : 1200 C 2 : 1200 C 3 : 1200  5836IMU d 16 -96.89 -6.90 -126.91 0.59 -0.38 -1.26 -2.75 -10.31 3.60 -1.20 -0.24 -0.67 -96.88 562.26 390.83 0.00  957
IMU d 16 -96.91 -6.90 -126.92 0.58 -1.00 -0.38 -2.99 -10.13 4.03 -0.33 0.14 -1.16 -78.51 542.60 403.22 0.00  970RCI d 16 C 0 : 1200 C 1 : 1200 C 2 : 1200 C 3 : 1200  5836
IMU d 16 -96.92 -6.90 -126.97 0.18 -1.19 -0.29 -2.87 -9.89 4.03 -0.27 0.58 -1.07 -76.90 543.03 407.38 0.00  978IMU d 16 -97.00 -6.92 -126.95 0.33 -0.74 -0.58 -2.99 -10.07 3.91 -0.54 0.18 -0.80 -79.04 540.26 409.52 0.00  974<3:   3 d : 8128 0.33 8490RNG d 1 274 : 606RCI d 16 C 0 : 1200 C 1 : 1200 C 2 : 1200 C 3 : 1200  5836IMU d 16 -97.03 -6.92 -126.95 0.45 -0.66 -0.81 -2.93 -9.95 4.09 -0.76 0.04 -0.82 -79.04 541.43 408.34 0.00  975IMU d 16 -97.05 -6.93 -126.92 0.60 -1.25 -0.95 -2.81 -9.70 3.97 -0.89 0.27 -1.38 -78.19 543.67 407.49 0.00  974RCI d 16 C 0 : 1200 C 1 : 1200 C 2 : 1200 C 3 : 1200  5836IMU d 16 -97.00 -6.91 -126.95 1.30 -1.03 -1.44 -4.09 -10.62 4.76 -1.29 -0.42 -1.61 -154.24 631.26 336.24 0.00  913IMU d 16 -97.01 -6.92 -126.92 1.50 -0.14 -1.79 -2.87 -9.89 4.03 -1.61 -1.11 -1.01 -77.01 542.18 408.77 0.00  974
RCI d 16 C 0 : 1200 C 1 : 1200 C 2 : 1200 C 3 : 1200  5836IMU d 16 -97.00 -6.90 -126.96 0.44 -0.82 -1.15 -2.99 -9.58 4.09 -1.11 0.14 -0.92 -90.90 557.02 396.17 0.00  967RNG d 1 274 -6.90 606IMU d 16 -96.98 -6.91 -126.90 1.15 -0.74 -1.41 -2.93 -10.31 4.46 -1.29 -0.47 -1.29 -78.29 540.26 407.06 0.00  971
RCI d 16 C 0 : 1200 C 1 : 1200 C 2 : 1200 C 3 : 1200  5836IMU d 16 -96.94 -6.90 -126.94 0.82 -0.91 -1.14 -2.75 -9.89 4.21 -1.05 -0.11 -1.23 -79.68 543.78 408.45 0.00  974IMU d 16 -96.91 -6.90 -126.91 1.46 -0.85 -2.02 -2.93 -9.95 3.97 -1.85 -0.65 -1.56 -77.33 547.20 409.20 0.00  980RCI d 16 C 0 : 1200 C 1 : 1200 C 2 : 1200 C 3 : 1200  5836
IMU d 16 -96.89 -6.89 -126.92 0.85 -0.52 -1.13 -2.69 -10.38 3.97 -1.03 -0.36 -0.94 -77.76 543.03 408.13 0.00  975<3:   3 d : 8076 0.85 8438IMU d 16 -96.94 -6.89 -126.91 1.13 -0.12 -1.11 -2.87 -10.25 4.03 -0.98 -0.82 -0.78 -77.97 542.71 409.73 0.00  978
RNG d 1 275 -6.89 607RCI d 16 C 0 : 1200 C 1 : 1200 C 2 : 1200 C 3 : 1200  5836
IMU d 16 -96.90 -6.90 -126.90 1.00 -0.48 -1.81 -2.62 -10.07 3.85 -1.70 -0.51 -1.00 -114.61 584.69 377.90 0.00  950
IMU d 16 -96.92 -6.91 -126.87 0.48 -0.92 -0.76 -2.99 -9.89 3.97 -0.71 0.16 -1.03 -77.44 542.60 403.86 0.00  972RCI d 16 C 0 : 1200 C 1 : 1200 C 2 : 1200 C 3 : 1200  5836IMU d 16 -96.89 -6.89 -126.90 1.02 -0.52 -0.88 -2.62 -9.83 4.27 -0.76 -0.49 -1.03 -79.04 542.71 405.46 0.00  973
IMU d 16 -96.87 -6.91 -126.90 0.87 -0.98 -0.33 -2.50 -10.01 4.15 -0.24 -0.11 -1.30 -77.33 542.28 405.35 0.00  973RCI d 16 C 0 : 1200 C 1 : 1200 C 2 : 1200 C 3 : 1200  5836
IMU d 16 -96.86 -6.87 -126.97 0.77 -0.77 -1.17 -2.69 -9.83 4.03 -1.09 -0.14 -1.09 -78.51 541.86 408.45 0.00  973RNG d 1 275 -6.87 607IMU d 16 -96.83 -6.91 -126.91 0.00 -0.89 -0.19 -2.62 -10.01 3.78 -0.20 0.54 -0.72 -77.65 541.54 410.16 0.00  978RCI d 16 C 0 : 1200 C 1 : 1200 C 2 : 1200 C 3 : 1200  5836
IMU d 16 -96.86 -6.89 -126.94 0.44 -0.91 -0.81 -3.11 -9.34 4.64 -0.80 -0.45 -0.85 -151.67 622.18 347.57 0.00  923IMU d 16 -96.82 -6.90 -126.88 1.33 -0.11 -1.22 -2.93 -10.13 4.33 -1.07 -1.00 -0.89 -77.97 541.54 407.06 0.00  974RCI d 16 C 0 : 1200 C 1 : 1200 C 2 : 1200 C 3 : 1200  5836IMU d 16 -96.79 -6.92 -126.91 0.88 -0.78 -1.28 -2.62 -9.89 3.91 -1.18 -0.24 -1.16 -114.08 582.34 378.43 0.00  948<3:   3 d : 8068 0.88 8430IMU d 16 -96.72 -6.90 -126.95 0.85 0.04 -0.80 -2.93 -10.01 3.78 -0.71 -0.71 -0.47 -79.47 543.67 408.77 0.00  976RNG d 1 274 -6.90 606RCI d 16 C 0 : 1200 C 1 : 1200 C 2 : 1200 C 3 : 1200  5836
IMU d 16 -96.70 -6.92 -126.94 0.43 -0.78 -0.84 -2.93 -10.01 3.91 -0.80 0.13 -0.89 -79.15 545.92 409.20 0.00  979
IMU d 16 -96.75 -6.92 -126.89 0.92 -0.70 -1.02 -3.23 -10.01 3.60 -0.91 -0.31 -1.12 -79.04 542.82 408.77 0.00  971
RCI d 16 C 0 : 1200 C 1 : 1200 C 2 : 1200 C 3 : 1200  5836IMU d 16 -96.79 -6.91 -126.92 0.77 -0.45 -1.22 -3.11 -10.19 4.09 -1.14 -0.34 -0.83 -79.36 543.03 408.66 0.00  973IMU d 16 -96.77 -6.92 -126.90 0.92 -0.37 -0.47 -3.17 -10.25 3.85 -0.36 -0.51 -0.85 -79.47 542.82 407.92 0.00  972RCI d 16 C 0 : 1200 C 1 : 1200 C 2 : 1200 C 3 : 1200  5836RNG d 1 274 0 606IMU d 16 -96.79 -6.93 -126.89 0.78 -0.52 -1.02 -3.05 -10.56 3.78 -0.92 -0.31 -0.89 -96.24 561.72 395.31 0.00  961IMU d 16 -96.79 -6.93 -126.89 0.85 -0.44 -0.77 -3.23 -9.70 3.48 -0.67 -0.42 -0.87 -77.12 541.32 407.92 0.00  974
RCI d 16 C 0 : 1200 C 1 : 1200 C 2 : 1200 C 3 : 1200  5836IMU d 16 -96.84 -6.91 -126.91 0.98 -0.84 -1.14 -2.87 -10.56 3.60 -1.03 -0.27 -1.27 -86.30 546.88 398.30 0.00  958IMU d 16 -96.80 -6.92 -126.87 0.40 -0.98 -0.88 -2.38 -10.50 4.33 -0.83 0.27 -1.03 -79.57 542.28 403.64 0.00  970RCI d 16 C 0 : 1200 C 1 : 1200 C 2 : 1200 C 3 : 1200  5836IMU d 16 -96.78 -6.91 -126.91 0.47 -0.87 -0.80 -2.62 -10.50 3.78 -0.74 0.14 -0.98 -78.51 541.11 408.56 0.00  975<3:   3 d : 7776 0.47 8138IMU d 16 -96.79 -6.93 -126.89 0.87 -1.02 -0.62 -2.75 -10.50 3.78 -1.11 -0.49 -1.18 -135.76 605.52 360.92 0.00  931
RNG d 1 274 -6.93 606RCI d 16 C 0 : 1200 C 1 : 1200 C 2 : 1200 C 3 : 1200  5836IMU d 16 -96.79 -6.92 -126.91 0.84 -0.88 -0.99 -2.20 -10.62 3.78 -0.89 -0.14 -1.21 -79.47 543.57 406.10 0.00  972
IMU d 16 -96.73 -6.94 -126.87 1.11 -0.63 -1.61 -2.69 -10.19 3.66 -1.49 -0.51 -1.18 -76.69 542.60 407.38 0.00  974RCI d 16 C 0 : 1200 C 1 : 1200 C 2 : 1200 C 3 : 1200  5836IMU d 16 -96.76 -6.91 -126.89 0.92 -0.45 -1.72 -2.87 -10.68 3.85 -1.61 -0.45 -0.92 -129.03 603.70 362.95 0.00  938IMU d 16 -96.75 -6.93 -126.88 0.63 -0.69 -1.19 -2.75 -9.89 3.72 -1.12 -0.09 -0.94 -83.42 543.25 404.60 0.00  966RCI d 16 C 0 : 1200 C 1 : 1200 C 2 : 1200 C 3 : 1200  5836
RNG d 1 273 0 605IMU d 16 -96.72 -6.91 -126.90 1.37 -0.41 -1.10 -2.56 -10.86 3.91 -0.94 -0.85 -1.16 -68.79 531.92 411.55 0.00  976
IMU d 16 -96.75 -6.91 -126.89 0.87 -0.63 -1.25 -2.69 -10.50 4.09 -1.16 -0.31 -1.03 -77.23 543.99 406.85 0.00  973RCI d 16 C 0 : 1200 C 1 : 1200 C 2 : 1200 C 3 : 1200  5836
IMU d 16 -96.69 -6.89 -126.91 0.52 -1.00 -0.95 -2.56 -10.19 3.78 -0.89 0.18 -1.12 -79.15 541.00 407.59 0.00  971
IMU d 16 -96.71 -6.91 -126.88 1.08 -0.14 -1.15 -2.87 -10.86 3.72 -0.69 -0.87 -0.94 -76.26 541.86 409.30 0.00  977RCI d 16 C 0 : 1200 C 1 : 1200 C 2 : 1200 C 3 : 1200  5836IMU d 16 -96.75 -6.89 -126.94 1.06 -0.78 -1.33 -2.69 -10.19 3.23 -1.40 -0.43 -1.59 -142.49 615.34 350.34 0.00  925
<3:   3 d : 7504 1.06 7866
RNG d 1 274 : 606IMU d 16 -96.78 -6.91 -126.87 1.26 -1.33 -1.44 -2.56 -10.62 3.11 -1.30 -0.20 -1.83 -69.00 532.24 414.75 0.00  977
RCI d 16 C 0 : 1200 C 1 : 1200 C 2 : 1200 C 3 : 1200  5836IMU d 16 -96.86 -6.93 -126.83 0.63 -0.60 -1.07 -2.87 -10.56 4.21 -1.00 -0.14 -0.87 -109.48 580.10 381.32 0.00  956IMU d 16 -96.92 -6.92 -126.84 0.52 -0.10 -1.26 -2.99 -10.31 3.54 -1.21 -0.36 -0.40 -79.79 541.32 407.38 0.00  970
RCI d 16 C 0 : 1200 C 1 : 1200 C 2 : 1200 C 3 : 1200  5836IMU d 16 -96.88 -6.91 -126.88 0.81 -0.47 -0.52 -2.93 -10.19 3.66 -0.43 -0.36 -0.87 -80.22 542.50 409.30 0.00  974
IMU d 16 -96.90 -6.90 -126.85 -0.07 -0.48 -0.37 -2.87 -10.44 3.97 -0.38 0.34 -0.34 -80.11 543.25 403.86 0.00  969RCI d 16 C 0 : 1200 C 1 : 1200 C 2 : 1200 C 3 : 1200  5836RNG d 1 273 0 605IMU d 16 -96.90 -6.91 -126.88 0.99 -0.88 -1.77 -2.38 -10.25 2.62 -1.67 -0.25 -1.30 -157.12 631.58 334.21 0.00  908
IMU d 16 -96.93 -6.93 -126.87 1.11 -0.81 -0.85 -2.81 -10.19 3.42 -0.72 -0.40 -1.32 -78.72 540.36 411.76 0.00  976RCI d 16 C 0 : 1200 C 1 : 1200 C 2 : 1200 C 3 : 1200  5836IMU d 16 -96.97 -6.91 -126.91 0.89 -0.76 -0.82 -2.99 -10.56 3.66 -0.72 -0.25 -1.14 -149.32 619.62 349.70 0.00  922IMU d 16 -97.00 -6.91 -126.89 0.34 -0.63 -0.49 -2.81 -10.50 3.66 -0.45 0.11 -0.72 -80.86 544.53 411.12 0.00  979RCI d 16 C 0 : 1200 C 1 : 1200 C 2 : 1200 C 3 : 1200  5836IMU d 16 -97.04 -6.90 -126.89 1.21 -0.67 -1.77 -2.75 -10.44 4.15 -1.63 -0.56 -1.27 -82.03 554.25 400.97 0.00  973<3:   3 d : 7480 1.21 7842RNG d 1 272 : 604IMU d 16 -97.03 -6.91 -126.87 0.66 -0.43 -1.06 -2.81 -10.74 3.97 -0.98 -0.27 -0.74 -71.24 541.86 409.20 0.00  980RCI d 16 C 0 : 1200 C 1 : 1200 C 2 : 1200 C 3 : 1200  5836IMU d 16 -97.04 -6.91 -126.86 0.23 -0.34 -1.74 -3.85 -10.25 4.64 -1.72 0.02 -0.42 -75.94 542.28 410.91 0.00  978IMU d 16 -97.09 -6.92 -126.86 0.77 -0.71 -1.08 -2.44 -10.25 3.78 -1.47 -0.45 -1.16 -77.87 545.60 406.10 0.00  973RCI d 16 C 0 : 1200 C 1 : 1200 C 2 : 1200 C 3 : 1200  5836IMU d 16 -97.03 -6.90 -126.92 0.91 -0.33 -0.88 -2.75 -10.44 3.78 -0.78 -0.53 -0.82 -77.76 541.64 405.35 0.00  971IMU d 16 -97.07 -6.90 -126.91 0.43 -0.30 -1.28 -2.50 -10.93 3.72 -1.23 -0.16 -0.51 -80.64 543.57 410.80 0.00  973RNG d 1 273 -6.90 605RCI d 16 C 0 : 1200 C 1 : 1200 C 2 : 1200 C 3 : 1200  5836
IMU d 16 -97.03 -6.90 -126.91 0.63 -0.84 -1.62 -2.93 -10.07 5.19 -1.56 0.00 -1.05 -109.38 581.59 379.93 0.00  954IMU d 16 -97.00 -6.89 -126.89 0.22 -0.44 -0.63 -2.56 -10.68 3.30 -0.62 0.09 -0.49 -76.80 544.31 406.21 0.00  978RCI d 16 C 0 : 1200 C 1 : 1200 C 2 : 1200 C 3 : 1200  5836
IMU d 16 -96.99 -6.89 -126.89 0.95 -0.93 -1.59 -2.93 -10.19 3.97 -1.49 -0.20 -1.32 -82.35 549.12 400.55 0.00  967
IMU d 16 -97.02 -6.90 -126.89 0.58 -0.65 -1.47 -2.38 -10.68 3.36 -1.41 -0.07 -0.87 -78.19 543.03 407.17 0.00  972
RCI d 16 C 0 : 1200 C 1 : 1200 C 2 : 1200 C 3 : 1200  5836IMU d 16 -97.09 -6.89 -126.90 0.22 -1.28 -0.23 -2.62 -10.74 3.97 -0.22 0.60 -1.16 -78.40 542.07 405.03 0.00  970
<3:   3 d : 7448 0.22 7810
RNG d 1 272 : 604IMU d 16 -97.07 -6.94 -126.85 1.33 -1.17 -1.08 -2.87 -9.89 4.82 -0.92 -0.36 -1.74 -75.09 534.27 402.36 0.00  963RCI d 16 C 0 : 1200 C 1 : 1200 C 2 : 1200 C 3 : 1200  5836IMU d 16 -97.01 -6.90 -126.90 1.30 -0.92 -0.91 -2.50 -10.50 3.91 -0.78 0.11 -1.36 -136.83 608.08 353.44 0.00  929IMU d 16 -96.94 -6.86 -126.91 0.91 -1.10 -1.32 -2.69 -10.19 3.72 -1.21 -0.05 -1.43 -73.17 548.37 413.90 0.00  987
RCI d 16 C 0 : 1200 C 1 : 1200 C 2 : 1200 C 3 : 1200  5836
IMU d 16 -97.03 -6.89 -126.88 0.74 -0.49 -2.11 -2.56 -10.56 3.60 -2.03 -0.29 -0.85 -127.21 598.57 364.34 0.00  934IMU d 16 -97.02 -6.91 -126.86 0.59 -1.00 -0.77 -2.99 -10.19 3.78 -0.71 0.13 -1.16 -82.35 541.86 406.53 0.00  966RNG d 1 273 -6.91 605
RCI d 16 C 0 : 1200 C 1 : 1200 C 2 : 1200 C 3 : 1200  5836
IMU d 16 -97.02 -6.91 -126.86 0.96 -0.43 -0.91 -2.99 -10.13 4.03 -0.80 -0.51 -0.92 -81.50 542.60 406.95 0.00  970IMU d 16 -97.03 -6.92 -126.85 0.92 -0.98 -0.69 -2.69 -10.25 3.85 -0.58 -0.14 -1.34 -79.47 542.93 411.55 0.00  975RCI d 16 C 0 : 1200 C 1 : 1200 C 2 : 1200 C 3 : 1200  5836
IMU d 16 -97.03 -6.91 -126.89 0.65 -0.80 -0.78 -2.81 -10.50 3.97 -0.71 -0.04 -1.03 -77.55 547.20 405.78 0.00  976
IMU d 16 -97.00 -6.89 -126.88 0.43 -0.51 -0.10 -2.87 -10.68 3.85 -0.05 -0.04 -0.67 -75.94 539.61 410.48 0.00  977RCI d 16 C 0 : 1200 C 1 : 1200 C 2 : 1200 C 3 : 1200  5836
IMU d 16 -96.95 -6.89 -126.90 1.22 -0.87 -1.40 -2.50 -10.50 3.91 -1.27 -0.45 -1.43 -150.39 624.64 341.16 0.00  917<3:   3 d : 7776 1.22 8138RNG d 1 271 : 603IMU d 16 -97.02 -6.92 -126.85 0.71 -1.10 -0.96 -4.03 -10.50 3.85 -0.89 0.09 -1.32 -76.80 539.83 407.70 0.00  969RCI d 16 C 0 : 1200 C 1 : 1200 C 2 : 1200 C 3 : 1200  5836
IMU d 16 -97.03 -6.92 -126.84 1.50 -0.44 -0.93 -2.75 -10.38 3.48 -0.76 -0.92 -1.25 -115.25 585.86 374.91 0.00  947IMU d 16 -97.00 -6.90 -126.87 1.07 -0.78 -0.96 -2.50 -10.31 3.78 -0.83 -0.38 -1.27 -83.74 542.50 404.18 0.00  966RCI d 16 C 0 : 1200 C 1 : 1200 C 2 : 1200 C 3 : 1200  5836IMU d 16 -96.93 -6.89 -126.89 0.48 -1.10 -0.65 -2.87 -10.74 3.91 -0.60 0.27 -1.18 -80.22 543.89 406.95 0.00  971
IMU d 16 -96.99 -6.90 -126.87 0.21 -0.63 -0.81 -3.05 -10.56 3.54 -1.65 -0.56 -1.52 -78.83 545.92 406.53 0.00  973RNG d 1 272 -6.90 604RCI d 16 C 0 : 1200 C 1 : 1200 C 2 : 1200 C 3 : 1200  5836
IMU d 16 -96.94 -6.88 -126.89 0.58 -0.71 -1.24 -2.81 -10.50 3.66 -1.18 -0.04 -0.92 -77.97 542.39 404.60 0.00  970IMU d 16 -96.93 -6.90 -126.89 1.30 -0.25 -1.79 -2.50 -10.38 3.91 -1.63 -0.89 -0.98 -77.23 541.86 408.88 0.00  974RCI d 16 C 0 : 1200 C 1 : 1200 C 2 : 1200 C 3 : 1200  5836IMU d 16 -96.98 -6.88 -126.92 1.57 -0.36 -1.65 -3.42 -10.44 3.91 -1.47 -1.03 -1.23 -142.81 617.16 349.38 0.00  924IMU d 16 -97.04 -6.89 -126.89 1.03 -0.80 -2.02 -2.87 -9.77 4.03 -1.90 -0.34 -1.27 -75.73 542.39 408.13 0.00  976RCI d 16 C 0 : 1200 C 1 : 1200 C 2 : 1200 C 3 : 1200  5836
IMU d 16 -97.06 -6.90 -126.89 0.82 -0.93 -1.63 -2.38 -9.83 3.60 -1.54 -0.09 -1.25 -91.86 556.49 394.03 0.00  959<3:   3 d : 7776 0.82 8138RNG d 1 271 : 603
IMU d 16 -97.07 -6.92 -126.83 0.38 -0.96 -0.69 -2.69 -10.50 3.91 -0.65 0.27 -1.01 -75.84 540.68 407.81 0.00  974RCI d 16 C 0 : 1200 C 1 : 1200 C 2 : 1200 C 3 : 1200  5836IMU d 16 -97.03 -6.90 -126.86 0.78 -0.58 -0.88 -2.26 -10.38 3.72 -0.80 -0.27 -0.94 -78.08 543.25 406.74 0.00  973IMU d 16 -97.09 -6.91 -126.85 0.71 -0.67 -0.38 -2.50 -10.19 3.72 -0.31 -0.16 -0.98 -76.90 541.32 406.74 0.00  973RCI d 16 C 0 : 1200 C 1 : 1200 C 2 : 1200 C 3 : 1200  5836
IMU d 16 -97.05 -6.88 -126.88 1.17 -0.80 -0.71 -2.44 -10.44 3.85 -0.04 0.31 -0.85 -140.35 612.89 351.30 0.00  928IMU d 16 -97.07 -6.88 -126.87 0.78 -0.70 -0.93 -3.17 -10.25 4.09 -0.85 -0.20 -1.03 -76.58 543.57 410.16 0.00  978
RNG d 1 271 -6.88 603RCI d 16 C 0 : 1200 C 1 : 1200 C 2 : 1200 C 3 : 1200  5836
IMU d 16 -96.99 -6.89 -126.88 0.80 -1.08 -1.18 -2.50 -10.25 3.48 -1.09 0.02 -1.36 -137.36 609.26 353.97 0.00  926IMU d 16 -97.01 -6.91 -126.83 1.15 -0.74 -1.30 -2.75 -10.50 3.42 -1.18 -0.47 -1.29 -77.23 541.96 406.85 0.00  970
RCI d 16 C 0 : 1200 C 1 : 1200 C 2 : 1200 C 3 : 1200  5836
IMU d 16 -96.99 -6.89 -126.87 1.32 -0.38 -1.58 -2.69 -10.01 3.78 -1.43 -0.82 -1.11 -75.62 543.14 408.56 0.00  977
IMU d 16 -96.95 -6.91 -126.86 0.71 -1.02 -1.47 -2.69 -9.95 3.66 -1.40 0.04 -1.25 -78.40 541.54 409.84 0.00  973
RCI d 16 C 0 : 1200 C 1 : 1200 C 2 : 1200 C 3 : 1200  5836IMU d 16 -96.95 -6.88 -126.91 1.06 -0.65 -1.10 -3.30 -10.19 4.03 -0.98 -0.45 -1.16 -75.84 543.46 405.89 0.00  975
<3:   3 d : 7468 1.06 7830
RNG d 1 271 : 603IMU d 16 -96.92 -6.92 -126.86 1.07 -0.88 -1.19 -2.62 -9.83 3.91 -1.07 -0.33 -1.36 -78.19 543.14 408.13 0.00  975
: 1200 C 2 : 1200 C 3 : 1200  5836IMU d 16 -96.94 -6.97 -126.75 0.82 IMU d 16 -97.04 -7.09 -126.47 0.95 -1.36 -1.58 -2.81 -10.62 3.85 -1.47 0.05 -1.67 -55.76 522.74 408.77 0.00  973
RCI d 16 C 0 : 1200 C 1 : 1200 C 2 : 1200 C 3 : 1200  5836IMU d 16 -96.95 -7.05 -126.55 1.61 -0.66 -1.29 -2.81 -10.50 3.36 -1.11 -0.89 -1.49 -121.12 581.48 373.31 0.00  934IMU d 16 -96.89 -6.99 -126.65 0.63 -1.14 -1.14 -2.62 -10.86 4.09 -1.07 0.18 -1.30 -73.59 542.07 404.82 0.00  974RNG d 1 269 -6.99 601RCI d 16 C 0 : 1200 C 1 : 1200 C 2 : 1200 C 3 : 1200  5836IMU d 16 -96.79 -6.95 -126.74 1.24 -0.29 -0.62 -2.20 -10.38 4.03 -0.47 -0.82 -0.98 -83.74 544.95 409.09 0.00  975IMU d 16 -96.72 -6.93 -126.78 1.14 -1.08 -0.96 -2.87 -10.93 3.97 -0.38 0.63 -1.18 -75.41 541.22 404.82 0.00  973
RCI d 16 C 0 : 1200 C 1 : 1200 C 2 : 1200 C 3 : 1200  5836IMU d 16 -96.64 -6.89 -126.87 1.43 -0.44 -0.96 -2.81 -10.62 3.78 -0.80 -0.87 -1.21 -80.32 542.82 408.77 0.00  973IMU d 16 -96.58 -6.90 -126.86 1.21 -0.82 -1.14 -2.87 -10.68 3.85 -1.00 -0.47 -1.40 -78.19 541.75 408.88 0.00  973RCI d 16 C 0 : 1200 C 1 : 1200 C 2 : 1200 C 3 : 1200  5836
IMU d 16 -96.56 -6.88 -126.91 1.51 -0.40 -0.77 -2.69 -10.25 4.52 -0.60 -0.96 -1.23 -158.51 619.08 338.81 0.00  904<3:   3 d : 8044 1.51 8406
RNG d 1 271 : 603IMU d 16 -96.51 -6.92 -126.83 1.21 -0.33 -1.54 -2.32 -10.56 3.85 -1.40 -0.76 -1.00 -82.78 542.18 408.56 0.00  970
