1065,2118,3257,3927,4482,4943,5306,5631,5941,6213,6366
1064,2120,3256,3928,4480,4945,5304,5630,5945,6214,6365
1065,2120,3258,3927,4479,4947,5307,5628,5943,6213,6362
1066,2121,3258,3926,4481,4945,5307,5630,5943,6212,6368
1066,2122,3258,3927,4484,4944,5306,5630,5944,6217,6367
1066,2123,3258,3927,4483,4947,5309,5631,5942,6215,6367
1067,2124,3260,3927,4481,4946,5307,5631,5940,6214,6365
1067,2125,3262,3926,4483,4944,5306,5634,5945,6217,6368
1067,2125,3262,3929,4484,4948,5307,5632,5943,6214,6365
1068,2125,3261,3931,4483,4947,5309,5630,5942,6212,6366
1068,2128,3262,3930,4482,4947,5308,5628,5944,6212,6366
1069,2128,3264,3929,4482,4947,5309,5631,5942,6210,6366
1070,2128,3263,3930,4485,4949,5309,5629,5941,6212,6364
1071,2127,3262,3932,4485,4948,5309,5629,5943,6213,6368
1070,2127,3262,3931,4484,4949,5307,5629,5943,6210,6365
1071,2128,3264,3929,4483,4951,5307,5632,5942,6208,6365
1071,2130,3263,3930,4485,4949,5307,5631,5944,6206,6367
1071,2129,3262,3932,4485,4948,5305,5629,5943,6206,6372
1070,2128,3262,3934,4485,4950,5303,5630,5942,6208,6370
1070,2127,3264,3935,4484,4949,5303,5634,5941,6212,6373
1070,2129,3266,3935,4485,4948,5305,5632,5944,6210,6373
1071,2130,3268,3937,4484,4950,5303,5631,5943,6214,6371
1071,2130,3267,3938,4483,4950,5302,5632,5941,6212,6369
1072,2130,3266,3938,4483,4950,5302,5634,5944,6212,6375
1071,2130,3265,3936,4485,4950,5302,5632,5943,6215,6372
1071,2131,3267,3938,4486,4953,5300,5631,5941,6214,6371
1071,2133,3268,3937,4486,4952,5299,5633,5944,6212,6372
1071,2135,3270,3937,4484,4950,5303,5636,5947,6216,6370
1072,2136,3269,3936,4487,4951,5301,5634,5947,6214,6367
1073,2136,3269,3938,4486,4950,5299,5632,5946,6212,6373
1072,2136,3268,3941,4486,4949,5302,5634,5949,6217,6370
1071,2136,3268,3939,4488,4952,5305,5633,5947,6216,6369
1070,2138,3270,3939,4491,4951,5302,5630,5946,6214,6371
1071,2139,3273,3940,4490,4950,5300,5633,5943,6217,6368
1072,2139,3274,3941,4489,4953,5304,5636,5942,6216,6365
1072,2139,3272,3940,4492,4952,5303,5636,5947,6214,6368
1072,2139,3271,3939,4494,4950,5302,5634,5951,6218,6370
1072,2140,3271,3939,4493,4951,5303,5637,5948,6218,6369
1072,2142,3273,3941,4492,4954,5305,5635,5948,6217,6366
1072,2143,3275,3940,4494,4953,5304,5633,5949,6218,6370
1073,2142,3275,3941,4496,4953,5301,5633,5947,6219,6368
1073,2143,3273,3941,4496,4954,5303,5636,5945,6217,6368
1075,2143,3274,3942,4494,4953,5303,5635,5949,6216,6371
1074,2145,3273,3942,4498,4953,5302,5635,5948,6215,6370
1074,2145,3275,3941,4498,4955,5301,5634,5947,6220,6368
1074,2146,3278,3939,4498,4952,5302,5637,5950,6219,6372
1075,2147,3279,3942,4498,4951,5301,5635,5949,6219,6369
1075,2147,3278,3940,4499,4954,5300,5632,5946,6222,6368
1076,2148,3278,3939,4497,4953,5301,5633,5949,6219,6372
1076,2150,3279,3941,4496,4952,5303,5633,5950,6217,6376
1076,2150,3281,3943,4495,4953,5304,5632,5949,6220,6374
1076,2150,3282,3944,4499,4956,5303,5630,5953,6220,6373
1075,2149,3283,3944,4497,4954,5305,5632,5954,6219,6375
1077,2151,3282,3944,4496,4952,5305,5631,5952,6219,6372
1077,2152,3281,3945,4499,4953,5305,5629,5950,6217,6370
1078,2151,3281,3944,4501,4952,5304,5631,5954,6221,6374
1078,2150,3283,3943,4500,4951,5308,5634,5953,6219,6372
1078,2149,3285,3944,4498,4955,5306,5634,5950,6220,6371
1078,2152,3286,3944,4501,4953,5307,5632,5953,6223,6374
1078,2152,3285,3943,4503,4952,5309,5634,5951,6222,6371
1079,2152,3285,3941,4503,4951,5306,5636,5948,6220,6367
1079,2151,3284,3942,4502,4953,5304,5635,5952,6224,6371
1079,2150,3285,3943,4505,4951,5308,5632,5952,6221,6370
1078,2153,3287,3945,4504,4951,5308,5635,5953,6221,6367
1079,2154,3289,3944,4503,4953,5306,5639,5951,6225,6372
1079,2154,3287,3944,4502,4953,5305,5638,5954,6223,6369
1079,2155,3285,3946,4504,4952,5308,5637,5953,6222,6366
1080,2154,3284,3945,4503,4953,5310,5638,5952,6226,6368
1080,2156,3285,3943,4503,4952,5308,5637,5952,6225,6367
1080,2158,3288,3941,4505,4950,5305,5636,5951,6224,6364
1080,2158,3290,3943,4505,4952,5308,5637,5950,6228,6370
1081,2158,3289,3945,4503,4950,5306,5639,5949,6228,6367
1081,2160,3288,3945,4502,4949,5304,5638,5951,6232,6365
1080,2161,3289,3944,4504,4952,5307,5636,5950,6230,6365
1080,2162,3291,3942,4502,4951,5310,5639,5948,6230,6369
1080,2162,3292,3944,4500,4949,5309,5637,5951,6230,6366
1080,2163,3292,3943,4501,4951,5308,5633,5949,6229,6364
1080,2163,3290,3942,4503,4953,5310,5636,5950,6228,6365
1080,2164,3290,3940,4503,4952,5309,5635,5949,6233,6364
1081,2165,3289,3941,4502,4951,5307,5634,5952,6232,6362
1080,2164,3291,3940,4503,4952,5305,5633,5950,6231,6366
1080,2163,3293,3939,4507,4950,5309,5635,5949,6233,6364
1080,2165,3293,3939,4505,4951,5312,5634,5949,6231,6363
1081,2167,3292,3941,4503,4953,5310,5633,5947,6229,6363
1082,2168,3291,3943,4504,4955,5309,5633,5946,6234,6362
1081,2169,3291,3942,4506,4953,5311,5636,5950,6233,6360
1080,2169,3293,3942,4505,4952,5314,5634,5949,6232,6364
1081,2171,3294,3944,4504,4955,5312,5633,5948,6236,6361
1082,2172,3293,3946,4506,4952,5312,5634,5946,6234,6362
1083,2174,3292,3944,4509,4951,5314,5633,5948,6237,6362
1083,2173,3290,3944,4507,4955,5314,5631,5947,6235,6366
1083,2173,3290,3946,4507,4953,5313,5628,5947,6237,6364
1084,2172,3293,3946,4508,4952,5310,5629,5949,6237,6362
1084,2174,3294,3945,4506,4951,5313,5628,5947,6237,6363
1084,2175,3294,3947,4504,4955,5315,5627,5945,6235,6363
1083,2176,3294,3948,4505,4953,5315,5631,5948,6239,6362
1084,2177,3296,3948,4508,4952,5313,5631,5945,6236,6367
1085,2176,3296,3947,4508,4952,5312,5630,5943,6237,6364
1086,2176,3298,3949,4506,4952,5311,5629,5947,6240,6364
1085,2176,3297,3950,4507,4952,5312,5630,5951,6238,6363
1084,2178,3296,3948,4510,4955,5315,5632,5949,6235,6363
1083,2177,3295,3947,4509,4953,5313,5632,5948,6239,6362
1083,2177,3297,3949,4507,4953,5311,5631,5951,6237,6367
1084,2176,3297,3952,4508,4955,5311,5634,5947,6236,6364
1084,2176,3299,3952,4511,4953,5313,5632,5946,6240,6364
1085,2177,3298,3951,4509,4952,5317,5631,5946,6239,6361
1083,2179,3298,3953,4510,4953,5316,5628,5945,6237,6365
1083,2179,3298,3954,4511,4952,5314,5630,5945,6240,6363
1083,2180,3300,3953,4510,4951,5317,5629,5947,6239,6362
1083,2180,3301,3952,4509,4954,5318,5629,5951,6237,6363
1082,2180,3303,3951,4511,4953,5317,5630,5949,6241,6362
1083,2182,3302,3951,4512,4952,5315,5633,5948,6240,6360
1083,2184,3301,3951,4511,4951,5313,5632,5952,6238,6363
1083,2183,3300,3950,4510,4952,5316,5631,5950,6241,6361
1083,2182,3302,3950,4511,4950,5317,5630,5948,6240,6362
1083,2182,3302,3951,4514,4950,5320,5633,5951,6238,6361
1083,2182,3304,3949,4513,4953,5318,5633,5951,6242,6365
1083,2184,3302,3948,4512,4951,5318,5631,5949,6241,6363
1083,2184,3301,3948,4513,4950,5318,5630,5947,6241,6362
1083,2184,3303,3950,4515,4952,5320,5632,5951,6239,6361
1083,2184,3305,3948,4514,4951,5318,5630,5950,6239,6364
1084,2186,3306,3947,4512,4950,5318,5628,5948,6241,6364
1084,2188,3308,3947,4513,4952,5319,5628,5951,6239,6362
1085,2187,3308,3949,4515,4950,5322,5628,5949,6237,6360
1085,2187,3307,3950,4514,4949,5320,5627,5947,6239,6360
1085,2187,3308,3950,4514,4951,5319,5630,5946,6240,6359
1086,2190,3312,3949,4514,4951,5320,5629,5949,6239,6363
1086,2190,3311,3951,4517,4950,5322,5629,5949,6242,6362
1086,2191,3310,3950,4516,4951,5321,5630,5948,6240,6361
1088,2191,3308,3950,4515,4953,5320,5632,5950,6237,6363
1087,2191,3307,3949,4516,4951,5321,5630,5950,6239,6362
1088,2191,3309,3951,4518,4950,5324,5630,5947,6240,6359
1088,2193,3312,3952,4516,4953,5326,5631,5951,6239,6364
1087,2193,3313,3951,4516,4953,5324,5629,5949,6243,6361
1089,2194,3312,3949,4518,4951,5322,5627,5949,6241,6361
1088,2194,3311,3953,4520,4954,5324,5630,5950,6238,6361
1090,2195,3309,3954,4519,4953,5326,5627,5949,6239,6366
1090,2195,3310,3953,4518,4952,5326,5626,5947,6240,6362
1090,2196,3312,3951,4519,4953,5324,5629,5950,6243,6361
1090,2197,3313,3953,4522,4955,5326,5633,5948,6246,6361
1090,2200,3315,3955,4520,4954,5329,5631,5948,6245,6360
1090,2199,3313,3953,4518,4953,5327,5630,5947,6247,6359
1089,2198,3313,3951,4521,4955,5324,5633,5950,6249,6363
1088,2198,3312,3952,4524,4955,5326,5630,5949,6247,6361
1089,2198,3313,3954,4523,4954,5329,5629,5948,6245,6360
1090,2198,3316,3954,4521,4955,5329,5630,5946,6250,6359
1090,2199,3318,3954,4524,4955,5327,5633,5944,6248,6359
1090,2199,3317,3954,4525,4952,5325,5631,5943,6247,6358
1091,2200,3316,3957,4524,4955,5327,5628,5942,6249,6362
1091,2201,3315,3955,4521,4955,5328,5627,5940,6247,6360
1090,2202,3316,3955,4523,4955,5326,5629,5942,6250,6360
1090,2201,3318,3956,4525,4957,5324,5626,5944,6249,6360
1090,2201,3316,3957,4525,4955,5327,5624,5942,6248,6358
1090,2201,3314,3956,4525,4954,5329,5628,5940,6250,6357
1091,2202,3313,3955,4522,4956,5327,5630,5943,6249,6362
1092,2203,3314,3957,4524,4954,5324,5628,5943,6246,6361
1093,2205,3316,3960,4523,4953,5322,5627,5943,6249,6360
1092,2204,3318,3959,4522,4955,5323,5630,5946,6248,6362
1091,2204,3317,3957,4524,4958,5320,5628,5945,6248,6365
1090,2206,3316,3956,4525,4958,5318,5626,5943,6250,6363
1091,2208,3315,3957,4524,4956,5317,5630,5945,6249,6363
1092,2208,3317,3957,4522,4958,5319,5630,5944,6246,6363
1093,2209,3318,3956,4526,4958,5322,5629,5944,6250,6363
1092,2209,3319,3954,4524,4956,5320,5630,5946,6248,6360
1091,2209,3318,3955,4524,4957,5319,5633,5945,6251,6365
1091,2211,3317,3954,4523,4955,5319,5630,5944,6251,6362
1092,2212,3316,3954,4525,4953,5318,5628,5945,6250,6362
1092,2212,3319,3955,4523,4957,5317,5630,5943,6253,6364
1093,2211,3319,3955,4521,4959,5320,5630,5942,6251,6362
1093,2210,3320,3954,4520,4957,5321,5628,5946,6249,6359
1092,2211,3320,3952,4522,4956,5323,5632,5945,6250,6363
1092,2212,3320,3952,4523,4958,5321,5634,5944,6253,6361
1092,2212,3320,3953,4522,4957,5320,5632,5947,6251,6359
1093,2212,3322,3951,4525,4955,5321,5629,5944,6249,6362
1092,2211,3321,3950,4526,4958,5323,5631,5942,6251,6361
1093,2211,3321,3949,4525,4957,5321,5635,5945,6250,6358
1093,2212,3320,3951,4522,4956,5320,5634,5948,6248,6358
1094,2214,3321,3954,4524,4957,5321,5632,5946,6247,6357
1093,2216,3321,3954,4526,4960,5325,5635,5943,6245,6355
1094,2215,3322,3952,4528,4959,5322,5634,5946,6250,6359
1094,2214,3322,3955,4528,4957,5320,5633,5944,6248,6357
1095,2215,3321,3956,4527,4958,5317,5634,5943,6248,6354
1096,2217,3321,3955,4528,4957,5319,5632,5946,6248,6353
1096,2217,3322,3954,4531,4955,5322,5631,5946,6247,6355
1096,2217,3324,3955,4529,4959,5321,5629,5945,6246,6352
1096,2217,3325,3955,4527,4958,5320,5629,5947,6251,6350
1097,2219,3325,3958,4528,4957,5322,5632,5946,6249,6354
1097,2219,3325,3956,4527,4959,5324,5631,5944,6248,6354
1097,2220,3325,3956,4527,4958,5323,5629,5947,6251,6354
1097,2220,3326,3956,4530,4956,5321,5630,5945,6249,6357
1096,2220,3327,3956,4531,4957,5323,5633,5946,6245,6354
1097,2221,3328,3954,4530,4957,5325,5632,5944,6249,6351
1097,2221,3326,3953,4529,4957,5325,5630,5943,6249,6351
1097,2222,3325,3954,4530,4956,5323,5632,5941,6247,6354
1098,2222,3324,3953,4532,4957,5325,5632,5939,6251,6352
1097,2223,3326,3951,4530,4956,5327,5629,5941,6249,6349
1096,2224,3328,3950,4528,4954,5327,5632,5940,6246,6352
1097,2226,3329,3953,4530,4957,5324,5634,5938,6244,6351
1097,2226,3328,3953,4530,4954,5323,5635,5943,6245,6350
1098,2226,3328,3953,4530,4953,5326,5634,5941,6247,6352
1099,2225,3326,3953,4529,4956,5324,5637,5939,6246,6358
1098,2226,3328,3955,4530,4959,5322,5635,5940,6244,6355
1099,2227,3329,3956,4530,4957,5325,5634,5938,6248,6355
1100,2228,3330,3955,4528,4955,5326,5634,5936,6246,6356
1100,2228,3329,3954,4526,4958,5326,5633,5941,6245,6353
1100,2228,3329,3956,4528,4957,5323,5631,5939,6249,6349
1100,2230,3330,3956,4527,4955,5326,5630,5939,6247,6354
1099,2230,3333,3955,4527,4956,5325,5631,5941,6245,6352
1099,2231,3333,3954,4531,4956,5323,5630,5939,6249,6351
1098,2231,3332,3957,4529,4956,5321,5629,5938,6247,6354
1098,2231,3331,3958,4528,4959,5323,5625,5939,6245,6358
1100,2231,3332,3957,4527,4957,5326,5627,5943,6249,6355
1099,2232,3334,3956,4529,4956,5324,5626,5941,6248,6356
1099,2233,3333,3958,4527,4958,5322,5624,5940,6246,6358
1100,2234,3332,3959,4525,4956,5324,5628,5943,6248,6356
1099,2234,3331,3957,4528,4954,5328,5629,5941,6248,6354
1100,2234,3332,3955,4528,4955,5327,5628,5940,6244,6358
1100,2235,3334,3956,4528,4954,5325,5627,5944,6243,6356
1100,2236,3333,3958,4527,4953,5327,5629,5943,6241,6356
1101,2236,3332,3958,4529,4955,5330,5629,5941,6245,6359
1101,2236,3335,3958,4528,4957,5328,5629,5943,6245,6357
1100,2237,3335,3959,4528,4956,5326,5628,5943,6244,6355
1099,2238,3337,3961,4527,4955,5329,5631,5941,6245,6357
1099,2238,3336,3960,4529,4956,5331,5633,5944,6242,6356
1100,2238,3335,3958,4528,4955,5330,5631,5946,6240,6354
1100,2238,3337,3960,4528,4955,5329,5628,5947,6244,6358
1100,2239,3338,3962,4528,4957,5326,5631,5946,6243,6362
1099,2239,3338,3960,4531,4959,5328,5633,5949,6242,6360
1099,2239,3337,3959,4529,4958,5329,5633,5947,6245,6359
1098,2238,3338,3961,4528,4958,5327,5631,5945,6243,6362
1098,2237,3340,3964,4530,4961,5326,5633,5946,6241,6358
1099,2239,3339,3964,4532,4959,5329,5635,5945,6243,6356
1098,2241,3339,3964,4531,4957,5330,5634,5944,6244,6359
1097,2242,3341,3966,4530,4957,5329,5631,5948,6242,6358
1096,2244,3341,3967,4533,4960,5328,5634,5946,6246,6357
1098,2243,3341,3966,4536,4960,5330,5634,5945,6244,6359
1099,2241,3339,3965,4535,4957,5330,5633,5947,6242,6357
1099,2239,3338,3967,4533,4959,5328,5630,5944,6240,6353
1099,2238,3339,3967,4536,4959,5327,5633,5943,6239,6355
1100,2241,3338,3969,4534,4957,5330,5631,5947,6237,6356
1101,2241,3337,3968,4533,4959,5332,5629,5946,6236,6353
1100,2242,3337,3967,4531,4957,5330,5629,5944,6234,6358
1101,2243,3338,3965,4533,4957,5328,5632,5947,6238,6355
1102,2243,3338,3967,4535,4960,5330,5632,5950,6236,6352
1103,2243,3338,3968,4534,4962,5330,5631,5949,6235,6350
1103,2243,3340,3967,4533,4961,5328,5632,5948,6239,6354
1102,2243,3342,3966,4536,4961,5328,5634,5952,6238,6352
1102,2242,3341,3964,4537,4962,5331,5632,5950,6236,6349
1101,2243,3341,3965,4536,4961,5331,5629,5948,6238,6351
1102,2245,3343,3966,4535,4959,5330,5631,5951,6237,6350
1102,2246,3344,3967,4537,4961,5328,5633,5949,6235,6347
1101,2248,3344,3967,4538,4961,5330,5631,5947,6235,6351
1101,2247,3342,3967,4536,4960,5330,5629,5952,6234,6348
1101,2247,3344,3968,4534,4963,5329,5631,5951,6233,6347
1101,2247,3343,3969,4534,4961,5328,5632,5949,6230,6347
1103,2249,3344,3968,4535,4960,5331,5630,5948,6229,6347
1103,2249,3344,3967,4534,4959,5331,5629,5947,6230,6345
1103,2250,3346,3965,4533,4960,5331,5632,5945,6229,6341
1103,2251,3348,3966,4533,4959,5329,5632,5949,6227,6344
1103,2252,3347,3968,4533,4960,5331,5631,5950,6232,6345
1104,2252,3347,3966,4535,4962,5331,5633,5950,6230,6343
1103,2252,3347,3966,4534,4961,5330,5635,5948,6228,6348
1104,2252,3349,3967,4534,4960,5330,5633,5952,6231,6345
1103,2253,3348,3970,4537,4962,5333,5631,5949,6228,6342
1103,2253,3347,3969,4535,4962,5334,5634,5948,6226,6344
1102,2252,3346,3968,4535,4960,5332,5638,5948,6230,6346
1102,2251,3349,3967,4536,4957,5331,5636,5948,6229,6344
1103,2250,3347,3968,4538,4958,5333,5636,5947,6228,6341
1103,2252,3347,3968,4537,4959,5333,5638,5951,6227,6344
1103,2254,3346,3967,4535,4958,5331,5636,5949,6225,6343
1102,2255,3349,3966,4537,4961,5331,5633,5949,6229,6340
1101,2255,3348,3969,4539,4959,5333,5634,5950,6230,6344
1102,2254,3347,3970,4538,4958,5335,5637,5948,6231,6342
1103,2254,3349,3969,4537,4960,5333,5636,5946,6233,6340
1103,2256,3351,3967,4538,4958,5332,5634,5947,6232,6341
1104,2256,3350,3966,4537,4957,5332,5636,5946,6229,6341
1104,2258,3349,3968,4536,4957,5331,5635,5944,6233,6338
1104,2258,3351,3970,4535,4959,5333,5632,5948,6230,6341
1105,2258,3350,3969,4536,4958,5333,5635,5946,6229,6344
1106,2259,3350,3967,4538,4957,5332,5637,5943,6233,6344
1107,2260,3349,3966,4537,4959,5333,5636,5946,6231,6343
1107,2260,3351,3968,4537,4958,5336,5634,5946,6229,6347
1106,2259,3353,3970,4538,4956,5334,5637,5944,6232,6344
1106,2258,3352,3969,4541,4959,5331,5639,5948,6233,6342
1107,2258,3352,3967,4540,4957,5332,5638,5946,6232,6342
1108,2258,3352,3968,4540,4957,5335,5637,5944,6230,6343
1108,2259,3354,3970,4541,4959,5334,5639,5945,6236,6342
1108,2261,3353,3969,4542,4958,5332,5639,5949,6234,6346
1108,2263,3352,3968,4541,4957,5330,5639,5948,6237,6343
1108,2264,3353,3966,4540,4959,5333,5639,5947,6235,6342
1107,2265,3351,3968,4543,4957,5331,5639,5949,6233,6341
1107,2265,3350,3967,4545,4956,5329,5637,5947,6236,6342
1108,2265,3348,3968,4546,4954,5327,5638,5946,6236,6342
1108,2265,3350,3968,4545,4957,5329,5641,5949,6236,6346
1109,2265,3350,3970,4543,4956,5329,5640,5947,6237,6343
1108,2267,3350,3971,4542,4955,5327,5639,5947,6236,6343
1107,2268,3351,3970,4542,4958,5326,5642,5950,6234,6342
1107,2267,3353,3969,4544,4957,5328,5641,5948,6238,6347
1106,2266,3353,3971,4544,4957,5330,5640,5946,6236,6345
1107,2265,3352,3971,4545,4956,5328,5641,5950,6241,6349
1107,2266,3354,3972,4546,4959,5328,5639,5950,6240,6350
1107,2268,3353,3971,4548,4958,5330,5637,5949,6239,6349
1106,2268,3352,3970,4550,4958,5334,5641,5948,6241,6346
1107,2268,3350,3970,4549,4960,5331,5642,5951,6245,6351
1107,2269,3352,3972,4548,4959,5329,5641,5949,6242,6348
1107,2269,3351,3973,4546,4957,5327,5640,5948,6242,6348
1107,2270,3351,3972,4546,4960,5330,5642,5950,6245,6348
1108,2271,3353,3971,4549,4959,5327,5639,5947,6244,6347
1108,2271,3355,3972,4548,4958,5326,5636,5945,6241,6345
1107,2271,3354,3973,4547,4960,5326,5639,5948,6245,6349
1106,2271,3354,3976,4546,4959,5328,5639,5949,6243,6345
1108,2270,3356,3973,4548,4960,5329,5637,5947,6241,6345
1108,2272,3358,3972,4549,4960,5328,5639,5951,6246,6343
1109,2273,3357,3975,4551,4962,5326,5641,5954,6244,6347
1110,2274,3356,3977,4549,4962,5329,5638,5951,6243,6344
1110,2275,3357,3976,4547,4961,5328,5636,5949,6245,6343
1110,2274,3356,3974,4547,4961,5327,5638,5953,6244,6343
1111,2273,3356,3977,4549,4960,5326,5638,5957,6242,6342
1112,2271,3355,3979,4552,4958,5329,5637,5955,6246,6341
1111,2272,3357,3977,4551,4963,5330,5639,5954,6246,6345
1112,2274,3358,3976,4550,4960,5329,5641,5956,6250,6343
1112,2275,3358,3977,4552,4959,5327,5640,5953,6248,6343
1112,2276,3357,3978,4554,4958,5324,5639,5952,6247,6343
1113,2276,3358,3978,4552,4956,5325,5641,5955,6248,6341
1112,2276,3358,3978,4549,4954,5324,5640,5955,6246,6338
1114,2276,3357,3980,4548,4955,5323,5638,5953,6245,6338
1114,2277,3359,3981,4549,4957,5323,5639,5956,6249,6338
1113,2277,3359,3980,4551,4957,5324,5639,5955,6247,6337
1112,2280,3358,3979,4550,4957,5322,5637,5953,6247,6334
1111,2278,3357,3981,4549,4958,5321,5635,5955,6246,6337
1112,2278,3358,3981,4547,4958,5318,5636,5955,6244,6335
1113,2277,3360,3980,4549,4956,5319,5635,5953,6248,6334
1113,2278,3362,3979,4552,4959,5318,5635,5951,6246,6336
1113,2279,3362,3980,4551,4956,5316,5638,5952,6246,6335
1112,2280,3361,3982,4550,4955,5314,5639,5952,6247,6332
1112,2281,3362,3981,4548,4958,5316,5638,5950,6246,6336
1113,2279,3362,3980,4551,4958,5318,5636,5953,6244,6332
1112,2279,3362,3981,4552,4958,5317,5638,5952,6247,6332
1113,2279,3361,3983,4552,4959,5316,5635,5952,6245,6335
1112,2280,3363,3982,4550,4958,5314,5635,5953,6246,6333
1113,2281,3361,3981,4549,4956,5317,5637,5952,6248,6330
1113,2283,3360,3982,4551,4959,5321,5636,5951,6247,6333
1112,2285,3358,3983,4552,4956,5319,5634,5953,6245,6331
1113,2285,3359,3982,4550,4956,5318,5633,5953,6249,6330
1113,2285,3362,3982,4549,4955,5320,5633,5954,6245,6333
1115,2284,3361,3985,4549,4959,5323,5632,5953,6244,6331
1115,2285,3361,3986,4551,4957,5321,5631,5956,6248,6329
1114,2286,3361,3985,4553,4955,5320,5630,5958,6246,6331
1115,2287,3360,3984,4551,4957,5323,5631,5957,6243,6330
1116,2287,3359,3986,4550,4956,5326,5630,5957,6242,6327
1115,2287,3358,3988,4548,4956,5324,5629,5960,6240,6326
1117,2287,3359,3987,4548,4956,5322,5631,5959,6241,6325
1117,2287,3360,3985,4550,4956,5325,5631,5958,6241,6330
1118,2287,3358,3987,4550,4956,5327,5630,5960,6239,6328
1118,2288,3357,3989,4549,4958,5324,5630,5960,6238,6327
1118,2290,3356,3988,4547,4957,5322,5632,5958,6236,6328
1119,2289,3358,3986,4549,4956,5321,5634,5961,6235,6326
1119,2289,3358,3989,4551,4954,5324,5632,5958,6236,6323
1120,2288,3357,3990,4550,4957,5325,5629,5958,6234,6323
1120,2291,3356,3989,4549,4955,5324,5632,5960,6233,6321
1120,2292,3357,3988,4547,4955,5322,5629,5959,6238,6323
1121,2293,3356,3989,4548,4958,5324,5627,5957,6236,6322
1121,2293,3356,3989,4550,4957,5322,5626,5960,6235,6319
1122,2292,3358,3988,4550,4955,5320,5629,5957,6237,6324
1122,2292,3358,3987,4550,4957,5319,5627,5955,6234,6322
1123,2292,3357,3989,4550,4956,5323,5626,5953,6232,6322
1123,2293,3357,3992,4553,4954,5322,5627,5958,6232,6320
1122,2294,3358,3990,4552,4956,5321,5625,5956,6230,6319
1122,2295,3360,3988,4550,4956,5320,5622,5956,6233,6321
1122,2295,3360,3990,4548,4957,5322,5622,5958,6232,6319
1122,2294,3360,3988,4550,4957,5320,5623,5956,6229,6316
1123,2294,3359,3987,4552,4959,5318,5621,5954,6234,6321
1123,2296,3361,3985,4554,4958,5317,5619,5957,6232,6319
1123,2296,3361,3986,4553,4957,5320,5618,5957,6232,6318
1122,2298,3361,3985,4550,4958,5321,5618,5955,6233,6322
1122,2298,3360,3984,4552,4957,5320,5617,5953,6232,6319
1122,2298,3361,3986,4554,4955,5319,5616,5955,6230,6316
1123,2298,3362,3989,4553,4958,5318,5620,5953,6235,6319
1122,2301,3361,3987,4552,4961,5318,5618,5951,6232,6320
1122,2300,3361,3986,4550,4959,5321,5617,5954,6232,6318
1122,2302,3362,3987,4553,4958,5321,5619,5953,6233,6322
1122,2302,3364,3988,4555,4959,5320,5621,5951,6232,6320
1123,2303,3364,3988,4555,4959,5321,5620,5949,6230,6317
1124,2303,3363,3986,4554,4957,5323,5619,5952,6234,6318
1123,2304,3364,3985,4557,4959,5322,5622,5949,6232,6318
1123,2305,3363,3987,4558,4957,5320,5621,5946,6234,6316
1122,2306,3362,3989,4557,4957,5321,5620,5950,6235,6321
1123,2305,3361,3988,4555,4959,5323,5622,5950,6234,6318
1124,2304,3362,3987,4553,4959,5323,5620,5949,6239,6317
1125,2303,3361,3989,4554,4957,5323,5618,5951,6237,6317
1124,2303,3359,3991,4556,4959,5323,5622,5950,6236,6316
1123,2304,3361,3989,4557,4961,5325,5621,5948,6236,6315
1122,2305,3363,3989,4556,4958,5328,5620,5948,6236,6321
1121,2307,3363,3990,4556,4957,5325,5617,5948,6240,6318
1123,2307,3362,3990,4558,4958,5323,5620,5947,6238,6317
1122,2307,3362,3990,4560,4959,5321,5619,5945,6236,6318
1123,2307,3364,3988,4558,4958,5324,5617,5944,6240,6316
1124,2308,3362,3991,4557,4961,5323,5617,5944,6238,6319
1124,2308,3361,3993,4559,4960,5322,5620,5944,6236,6325
1124,2308,3363,3991,4561,4960,5320,5619,5948,6241,6322
1124,2307,3365,3988,4561,4958,5322,5618,5946,6239,6321
1125,2308,3364,3987,4561,4960,5319,5619,5945,6238,6323
1125,2309,3362,3989,4559,4959,5318,5619,5948,6240,6321
1125,2309,3364,3991,4561,4959,5317,5617,5946,6239,6324
1124,2309,3363,3989,4563,4961,5321,5619,5944,6236,6322
1125,2309,3362,3988,4561,4960,5322,5617,5947,6240,6321
1124,2308,3362,3989,4559,4958,5320,5617,5944,6238,6322
1126,2308,3364,3991,4560,4961,5318,5619,5943,6237,6322
1125,2308,3363,3991,4562,4960,5321,5618,5946,6238,6319
1125,2308,3362,3990,4564,4959,5320,5616,5946,6238,6324
1124,2307,3363,3993,4564,4961,5320,5618,5944,6241,6320
1124,2310,3365,3994,4563,4959,5319,5619,5948,6237,6321
1125,2311,3365,3993,4565,4959,5322,5617,5945,6234,6319
1125,2311,3364,3993,4567,4962,5323,5616,5944,6239,6318
1126,2311,3365,3995,4565,4960,5322,5620,5947,6238,6321
1126,2310,3365,3995,4562,4959,5320,5619,5946,6237,6318
1126,2311,3365,3993,4560,4962,5322,5618,5945,6240,6315
1126,2312,3365,3993,4563,4962,5322,5621,5946,6238,6319
1126,2313,3365,3992,4564,4960,5322,5622,5945,6236,6318
1127,2313,3367,3994,4564,4959,5321,5620,5943,6239,6316
1127,2313,3366,3992,4562,4962,5323,5620,5940,6240,6320
1127,2314,3366,3991,4563,4962,5325,5623,5939,6238,6317
1127,2315,3367,3992,4565,4960,5323,5622,5939,6237,6314
1127,2314,3369,3994,4563,4963,5322,5620,5941,6236,6315
1127,2313,3367,3993,4560,4963,5324,5622,5940,6240,6315
1127,2313,3367,3991,4559,4962,5324,5622,5939,6237,6314
1127,2314,3365,3991,4562,4963,5323,5619,5942,6237,6313
1128,2314,3366,3993,4561,4961,5321,5622,5942,6240,6310
1128,2314,3365,3993,4561,4960,5324,5620,5941,6238,6315
1128,2313,3365,3992,4559,4963,5325,5619,5940,6237,6312
1128,2316,3365,3990,4562,4964,5324,5621,5943,6240,6312
1128,2316,3367,3993,4563,4963,5322,5624,5941,6237,6316
1129,2316,3367,3992,4562,4962,5324,5622,5939,6236,6313
1129,2315,3366,3992,4561,4965,5325,5621,5937,6240,6311
1131,2315,3365,3991,4562,4962,5324,5621,5940,6238,6315
1130,2317,3366,3992,4564,4960,5323,5620,5938,6237,6312
1130,2317,3366,3990,4564,4963,5328,5620,5939,6239,6312
1130,2317,3365,3990,4563,4963,5328,5624,5941,6239,6312
1130,2317,3364,3990,4566,4963,5327,5621,5939,6237,6310
1130,2318,3364,3991,4567,4965,5325,5620,5937,6241,6316
1131,2318,3363,3991,4566,4963,5326,5617,5940,6240,6313
1131,2318,3363,3991,4565,4963,5327,5620,5938,6238,6312
1131,2318,3365,3989,4563,4966,5326,5618,5937,6240,6313
1130,2319,3367,3990,4564,4964,5325,5617,5941,6239,6312
1130,2319,3366,3992,4566,4963,5327,5620,5939,6237,6310
1131,2319,3366,3991,4565,4966,5329,5618,5938,6241,6308
1130,2319,3365,3991,4563,4969,5327,5616,5940,6240,6305
1131,2321,3367,3990,4561,4968,5324,5617,5939,6240,6309
1131,2322,3366,3993,4564,4966,5326,5616,5937,6241,6310
1131,2322,3366,3992,4565,4969,5327,5614,5941,6241,6307
1131,2322,3367,3992,4566,4968,5326,5613,5945,6240,6306
1130,2324,3369,3993,4565,4966,5326,5617,5944,6243,6305
1132,2324,3367,3995,4562,4967,5324,5616,5943,6241,6303
1132,2324,3367,3994,4561,4966,5325,5615,5946,6241,6306
1132,2324,3369,3994,4563,4964,5327,5617,5944,6244,6305
1133,2325,3371,3995,4563,4968,5325,5615,5941,6243,6303
1133,2325,3371,3997,4562,4966,5322,5613,5944,6242,6307
1133,2323,3370,3995,4562,4966,5324,5614,5944,6245,6305
1132,2322,3372,3994,4564,4968,5326,5616,5942,6243,6304
1133,2323,3373,3997,4566,4967,5325,5616,5946,6242,6305
1134,2324,3372,3999,4564,4965,5324,5614,5944,6243,6305
1134,2322,3372,3999,4562,4966,5325,5615,5942,6242,6302
1134,2321,3374,3997,4560,4965,5328,5615,5940,6246,6307
1133,2323,3374,4000,4563,4965,5326,5613,5939,6243,6304
1134,2325,3373,4000,4565,4967,5323,5616,5942,6242,6306
1134,2324,3371,4001,4563,4969,5325,5614,5941,6243,6306
1134,2324,3373,4000,4561,4968,5329,5614,5938,6243,6305
1135,2326,3375,3998,4560,4966,5326,5616,5941,6242,6303
1135,2326,3374,3996,4561,4968,5325,5614,5940,6247,6303
1135,2326,3374,3999,4563,4966,5326,5613,5937,6245,6300
1135,2325,3374,4001,4561,4966,5328,5616,5936,6245,6301
1135,2325,3375,4001,4560,4969,5326,5613,5940,6245,6303
1136,2327,3374,4001,4562,4968,5324,5612,5940,6244,6303
1136,2327,3373,4002,4565,4966,5326,5611,5939,6243,6301
1135,2326,3375,4003,4563,4968,5329,5614,5942,6242,6306
1135,2326,3373,4002,4562,4967,5327,5613,5940,6240,6303
1134,2327,3371,4001,4561,4966,5326,5612,5939,6243,6303
1134,2326,3371,4000,4563,4965,5327,5615,5940,6243,6307
1135,2326,3373,3999,4563,4966,5330,5612,5940,6240,6306
1135,2326,3375,4001,4561,4966,5327,5610,5939,6245,6310
1135,2327,3375,4000,4559,4965,5325,5608,5942,6243,6308
1134,2328,3374,4000,4559,4968,5326,5612,5941,6242,6307
1134,2328,3377,3999,4560,4967,5329,5611,5941,6244,6307
1134,2329,3377,4001,4564,4967,5328,5609,5941,6243,6307
1134,2330,3377,4002,4562,4968,5325,5611,5939,6241,6307
1135,2329,3376,4001,4560,4967,5328,5611,5938,6245,6312
1135,2328,3378,4000,4558,4965,5329,5609,5942,6243,6309
1135,2327,3379,3999,4560,4967,5326,5611,5941,6243,6308
1135,2328,3377,3999,4558,4967,5324,5610,5940,6245,6308
1135,2329,3377,4001,4556,4966,5324,5610,5942,6244,6307
1137,2329,3377,4000,4555,4970,5327,5611,5940,6242,6306
1136,2329,3379,4001,4557,4968,5325,5614,5937,6246,6312
1136,2330,3379,4000,4558,4968,5324,5612,5940,6243,6310
1136,2330,3379,4003,4557,4969,5322,5611,5943,6243,6313
1135,2331,3377,4003,4556,4966,5324,5611,5941,6244,6312
1135,2331,3380,4002,4558,4965,5321,5610,5939,6242,6310
1137,2330,3379,4001,4559,4968,5319,5610,5942,6247,6314
1136,2333,3378,4000,4557,4970,5318,5613,5939,6245,6312
1138,2332,3378,4000,4555,4969,5321,5614,5938,6241,6312
1137,2331,3379,4001,4554,4968,5323,5613,5941,6243,6312
1136,2333,3378,4003,4556,4970,5322,5611,5940,6244,6312
1136,2334,3378,4003,4560,4970,5322,5614,5938,6243,6310
1136,2335,3378,4003,4559,4968,5324,5612,5937,6247,6314
1137,2335,3378,4005,4558,4971,5324,5611,5940,6245,6312
1137,2335,3379,4005,4556,4970,5323,5614,5937,6244,6313
1137,2336,3379,4004,4558,4970,5323,5617,5935,6244,6313
1137,2337,3381,4003,4559,4972,5326,5615,5937,6243,6313
1136,2336,3381,4002,4557,4971,5323,5615,5937,6242,6310
1135,2337,3380,4003,4555,4968,5322,5616,5936,6247,6314
1136,2338,3379,4001,4555,4971,5321,5614,5939,6245,6312
1136,2338,3380,4001,4556,4970,5322,5613,5938,6244,6313
1137,2339,3382,4001,4559,4968,5324,5617,5937,6246,6314
1137,2338,3380,4002,4557,4971,5322,5617,5935,6244,6313
1137,2339,3378,4006,4555,4970,5322,5616,5939,6242,6311
1136,2339,3379,4004,4557,4971,5324,5614,5938,6247,6309
1135,2338,3381,4003,4558,4972,5327,5616,5936,6246,6306
1136,2337,3380,4004,4557,4971,5325,5614,5938,6248,6306
1136,2338,3380,4003,4557,4969,5325,5613,5938,6248,6307
1137,2340,3382,4002,4555,4971,5323,5616,5938,6245,6307
1137,2340,3381,4000,4558,4970,5325,5620,5936,6249,6312
1136,2340,3379,4001,4559,4968,5324,5617,5934,6247,6310
1136,2341,3379,4003,4557,4971,5324,5616,5934,6246,6309
1136,2343,3380,4003,4555,4971,5323,5618,5936,6248,6309
1137,2342,3380,4002,4556,4969,5326,5617,5935,6248,6309
1137,2343,3379,4002,4556,4971,5325,5616,5933,6246,6308
1137,2342,3379,4003,4558,4971,5324,5618,5936,6250,6312
1137,2344,3380,4004,4556,4970,5322,5618,5934,6248,6311
1137,2345,3380,4003,4556,4973,5324,5617,5934,6249,6311
1138,2344,3380,4002,4556,4970,5322,5619,5937,6250,6311
1139,2342,3380,4002,4559,4968,5322,5621,5935,6249,6310
1139,2343,3382,4004,4556,4972,5320,5620,5933,6247,6309
1141,2344,3382,4003,4555,4976,5323,5617,5936,6251,6313
1140,2344,3380,4003,4554,4975,5321,5620,5935,6248,6312
1139,2344,3383,4005,4556,4975,5320,5619,5933,6247,6312
1138,2346,3384,4007,4556,4976,5317,5618,5937,6251,6314
1139,2347,3384,4007,4556,4975,5320,5620,5940,6249,6311
1140,2347,3383,4007,4555,4974,5322,5622,5939,6247,6310
1140,2347,3385,4006,4558,4975,5322,5621,5938,6245,6316
1139,2346,3385,4008,4559,4975,5320,5619,5937,6243,6314
1139,2347,3384,4006,4561,4974,5324,5620,5935,6241,6314
1139,2349,3382,4004,4559,4977,5325,5620,5932,6241,6316
1139,2348,3385,4003,4559,4976,5324,5620,5935,6240,6313
1139,2348,3386,4005,4560,4976,5321,5622,5936,6238,6318
1139,2349,3386,4007,4562,4978,5324,5623,5935,6236,6317
1140,2351,3386,4005,4559,4975,5326,5622,5934,6236,6316
1140,2350,3387,4004,4559,4974,5326,5621,5932,6236,6318
1140,2349,3385,4005,4561,4976,5325,5623,5929,6235,6318
1140,2351,3384,4007,4563,4976,5328,5621,5930,6234,6315
1141,2351,3383,4006,4563,4975,5330,5621,5930,6239,6319
1141,2350,3384,4005,4562,4974,5327,5622,5929,6238,6318
1142,2349,3383,4006,4561,4975,5325,5625,5933,6237,6319
1142,2350,3382,4004,4562,4976,5324,5623,5934,6239,6320
1142,2352,3384,4002,4563,4974,5326,5622,5934,6237,6320
1142,2350,3385,4002,4565,4976,5325,5622,5935,6235,6317
1142,2351,3385,4004,4563,4975,5324,5620,5937,6240,6321
1142,2351,3384,4003,4562,4975,5322,5620,5936,6238,6319
1142,2353,3386,4003,4563,4977,5325,5624,5937,6238,6323
1142,2352,3388,4001,4566,4975,5325,5622,5938,6238,6324
1142,2351,3387,4004,4564,4973,5323,5621,5937,6236,6323
1144,2353,3386,4003,4563,4975,5321,5618,5934,6233,6327
1144,2354,3388,4002,4562,4975,5324,5621,5932,6232,6326
1144,2353,3387,4000,4563,4973,5326,5619,5933,6232,6323
1145,2353,3386,4001,4562,4975,5325,5617,5932,6230,6326
1145,2352,3387,4003,4562,4978,5322,5620,5932,6230,6327
1146,2354,3389,4003,4562,4978,5321,5619,5936,6227,6326
1146,2354,3388,4003,4564,4977,5322,5617,5933,6231,6331
1147,2354,3388,4002,4566,4979,5320,5614,5932,6230,6328
1147,2352,3390,4004,4564,4978,5319,5617,5929,6231,6327
1147,2354,3392,4006,4561,4977,5322,5613,5932,6234,6328
1147,2355,3391,4004,4563,4978,5324,5611,5931,6232,6329
1148,2355,3390,4002,4563,4980,5322,5613,5931,6236,6327
1148,2356,3392,4002,4562,4979,5320,5613,5933,6234,6333
1149,2358,3393,4001,4561,4979,5319,5612,5932,6231,6330
1148,2358,3393,4000,4560,4982,5320,5614,5931,6233,6330
1149,2358,3392,4002,4562,4980,5322,5617,5934,6237,6330
1148,2357,3390,4004,4565,4979,5320,5616,5932,6235,6329
1147,2357,3391,4004,4562,4981,5320,5614,5931,6233,6328
1146,2358,3393,4003,4561,4979,5321,5617,5936,6231,6334
1145,2358,3393,4002,4562,4978,5323,5616,5934,6230,6331
1146,2358,3393,4004,4563,4980,5324,5616,5933,6230,6331
1146,2360,3394,4003,4561,4979,5323,5617,5936,6230,6330
1147,2359,3395,4003,4559,4980,5321,5615,5934,6230,6329
1147,2358,3395,4001,4557,4981,5323,5613,5932,6233,6334
1146,2358,3395,4003,4561,4980,5326,5615,5936,6231,6333
1146,2359,3393,4004,4561,4979,5325,5618,5935,6230,6330
1147,2359,3396,4005,4560,4982,5324,5616,5935,6231,6333
1147,2358,3393,4004,4558,4980,5327,5615,5936,6230,6333
1149,2359,3392,4006,4556,4978,5329,5619,5935,6229,6329
1148,2361,3391,4007,4557,4980,5328,5617,5933,6235,6335
1148,2361,3392,4005,4558,4981,5325,5616,5935,6233,6333
1148,2361,3395,4003,4556,4980,5328,5617,5934,6232,6333
1148,2361,3394,4001,4555,4981,5330,5615,5934,6235,6334
1149,2362,3393,4002,4554,4981,5329,5614,5936,6233,6334
1147,2361,3393,4001,4556,4980,5327,5617,5935,6232,6331
1148,2360,3395,4001,4557,4980,5326,5616,5932,6231,6336
1148,2360,3394,4001,4556,4980,5328,5614,5936,6231,6334
1148,2362,3393,4002,4554,4979,5327,5617,5934,6232,6335
1147,2361,3392,4005,4556,4978,5325,5615,5932,6231,6336
1148,2362,3394,4004,4557,4981,5324,5611,5931,6229,6336
1148,2362,3391,4003,4558,4981,5327,5609,5935,6233,6334
1149,2364,3391,4004,4557,4981,5326,5612,5934,6231,6339
1149,2362,3389,4007,4557,4983,5326,5612,5934,6233,6336
1150,2361,3392,4005,4557,4982,5328,5610,5936,6233,6336
1150,2360,3394,4003,4560,4980,5331,5612,5933,6232,6339
1151,2362,3392,4004,4561,4981,5329,5615,5932,6230,6337
1150,2363,3391,4007,4559,4980,5326,5611,5936,6234,6334
1150,2363,3391,4006,4557,4979,5329,5609,5935,6232,6334
1152,2363,3393,4005,4558,4982,5332,5611,5935,6232,6331
1152,2364,3394,4004,4558,4984,5331,5611,5937,6235,6331
1152,2366,3393,4005,4561,4983,5329,5609,5936,6234,6335
1152,2365,3391,4005,4561,4982,5332,5612,5934,6238,6333
1153,2365,3393,4004,4559,4985,5335,5609,5937,6236,6331
1153,2367,3394,4005,4560,4982,5332,5608,5936,6234,6334
1152,2367,3393,4006,4563,4982,5330,5606,5935,6235,6333
1154,2367,3392,4005,4560,4984,5329,5609,5939,6236,6330
1153,2367,3392,4004,4559,4984,5332,5608,5941,6235,6335
1154,2367,3393,4006,4557,4983,5331,5608,5940,6239,6333
1155,2367,3395,4008,4559,4985,5329,5609,5937,6237,6331
1155,2368,3394,4007,4560,4985,5327,5608,5941,6236,6332
1154,2367,3394,4006,4560,4983,5330,5605,5940,6236,6332
1154,2367,3396,4008,4559,4986,5327,5607,5939,6236,6330
1155,2367,3398,4009,4562,4984,5324,5605,5942,6236,6334
1155,2368,3397,4009,4562,4984,5323,5605,5940,6234,6333
1155,2369,3395,4007,4561,4986,5326,5604,5938,6232,6334
1155,2369,3397,4007,4560,4985,5325,5607,5942,6236,6334
1156,2369,3398,4009,4558,4982,5325,5605,5940,6235,6334
1156,2368,3397,4009,4559,4982,5322,5604,5939,6233,6332
1155,2370,3397,4009,4561,4984,5325,5606,5942,6237,6336
1156,2371,3399,4009,4559,4982,5325,5604,5941,6237,6334
1156,2371,3400,4011,4558,4980,5323,5602,5939,6235,6341
1155,2372,3399,4013,4559,4982,5322,5605,5942,6233,6341
1155,2372,3397,4012,4561,4983,5325,5607,5940,6232,6339
1155,2373,3396,4010,4559,4982,5326,5606,5938,6232,6337
1156,2373,3398,4012,4557,4984,5324,5604,5943,6236,6341
1156,2372,3397,4011,4555,4983,5323,5606,5942,6234,6338
1156,2371,3396,4011,4556,4983,5322,5606,5941,6234,6339
1156,2372,3394,4010,4558,4984,5322,5603,5943,6235,6340
1157,2371,3397,4013,4558,4982,5325,5607,5943,6235,6345
1157,2371,3396,4015,4557,4981,5324,5606,5941,6233,6342
1156,2370,3396,4012,4559,4983,5323,5605,5944,6236,6341
1157,2371,3396,4011,4560,4984,5325,5606,5943,6235,6341
1158,2373,3398,4010,4559,4982,5328,5606,5942,6239,6345
1158,2372,3397,4012,4557,4986,5325,5604,5943,6239,6343
1157,2372,3397,4011,4555,4987,5323,5603,5942,6238,6341
1156,2372,3399,4009,4556,4986,5321,5603,5940,6242,6343
1156,2374,3401,4008,4558,4985,5324,5603,5944,6239,6342
1156,2373,3400,4010,4556,4987,5323,5602,5942,6236,6339
1156,2372,3399,4009,4556,4986,5323,5605,5943,6239,6343
1156,2374,3398,4009,4553,4986,5321,5603,5945,6240,6342
1156,2375,3398,4008,4556,4987,5324,5602,5944,6238,6341
1157,2374,3397,4010,4557,4986,5322,5603,5942,6243,6342
1157,2373,3396,4009,4556,4985,5321,5602,5946,6241,6342
1157,2374,3397,4007,4555,4987,5319,5600,5944,6238,6340
1157,2375,3398,4005,4556,4989,5321,5604,5941,6240,6344
1157,2374,3397,4007,4557,4986,5324,5605,5940,6240,6345
1157,2373,3396,4008,4556,4984,5324,5604,5944,6239,6345
1158,2374,3395,4007,4556,4987,5323,5601,5942,6243,6345
1158,2375,3397,4006,4554,4986,5325,5604,5941,6241,6349
1158,2377,3398,4009,4555,4985,5327,5602,5944,6240,6346
1158,2377,3398,4010,4557,4988,5325,5601,5941,6241,6345
1158,2376,3395,4009,4556,4987,5322,5603,5939,6239,6345
1159,2378,3397,4008,4555,4986,5322,5602,5942,6238,6344
1158,2378,3397,4010,4555,4987,5324,5600,5941,6243,6342
1158,2378,3397,4012,4557,4985,5324,5599,5940,6242,6340
1158,2377,3397,4010,4556,4984,5322,5602,5943,6245,6342
1158,2377,3399,4010,4556,4984,5321,5600,5941,6244,6341
1158,2377,3399,4010,4555,4985,5323,5599,5939,6242,6338
1158,2376,3398,4010,4558,4985,5324,5600,5940,6246,6343
1159,2375,3396,4010,4558,4984,5322,5600,5939,6245,6341
1159,2375,3398,4012,4558,4986,5321,5599,5938,6244,6340
1159,2375,3400,4012,4557,4985,5325,5602,5942,6246,6342
1159,2373,3399,4011,4558,4982,5326,5604,5944,6245,6341
1159,2372,3397,4011,4558,4985,5325,5603,5943,6243,6337
1160,2374,3397,4013,4558,4985,5324,5601,5941,6247,6342
1160,2374,3399,4014,4557,4984,5326,5604,5943,6245,6340
1161,2374,3399,4012,4560,4986,5326,5604,5943,6246,6340
1161,2374,3399,4011,4560,4986,5324,5603,5944,6247,6339
1161,2377,3399,4013,4562,4984,5323,5605,5945,6246,6342
1161,2377,3401,4015,4560,4983,5327,5603,5948,6248,6339
1162,2376,3400,4014,4559,4982,5328,5601,5947,6247,6336
1162,2375,3400,4013,4559,4982,5326,5604,5949,6245,6337
1162,2375,3399,4014,4561,4986,5324,5602,5951,6248,6341
1161,2376,3401,4016,4562,4984,5326,5601,5950,6248,6340
1160,2375,3400,4015,4562,4983,5327,5604,5949,6247,6337
1162,2374,3398,4014,4561,4981,5325,5607,5952,6250,6340
1161,2376,3397,4012,4563,4984,5324,5605,5950,6249,6340
1163,2376,3398,4014,4563,4982,5324,5605,5949,6246,6338
1163,2376,3397,4013,4566,4980,5325,5605,5951,6248,6342
1162,2376,3397,4013,4564,4981,5328,5607,5953,6248,6347
1160,2377,3397,4015,4562,4980,5325,5606,5952,6245,6345
1159,2377,3398,4018,4563,4980,5323,5606,5952,6250,6344
1161,2377,3397,4016,4565,4983,5321,5608,5952,6248,6348
1162,2378,3396,4015,4564,4982,5323,5606,5951,6246,6345
1161,2380,3395,4017,4564,4981,5326,5605,5949,6244,6341
1161,2381,3397,4019,4565,4983,5326,5606,5947,6243,6344
1160,2380,3396,4020,4567,4981,5325,5605,5948,6246,6344
1159,2382,3395,4018,4568,4978,5327,5603,5948,6244,6341
1160,2382,3395,4017,4566,4976,5329,5606,5947,6243,6346
1159,2382,3397,4018,4564,4980,5327,5606,5950,6246,6350
1161,2381,3397,4019,4566,4979,5325,5603,5949,6243,6346
1160,2382,3396,4019,4566,4978,5326,5603,5948,6241,6346
1160,2382,3396,4017,4569,4980,5330,5606,5946,6245,6350
1160,2383,3399,4019,4567,4979,5329,5603,5944,6243,6347
1159,2383,3398,4021,4565,4977,5327,5601,5948,6241,6343
1160,2383,3398,4020,4566,4980,5325,5602,5947,6243,6347
1160,2383,3399,4020,4567,4981,5328,5603,5946,6243,6346
1161,2383,3401,4020,4569,4979,5327,5601,5945,6241,6344
1162,2382,3400,4018,4568,4978,5325,5600,5948,6245,6348
1162,2384,3399,4017,4566,4981,5328,5602,5945,6243,6346
1162,2383,3400,4020,4568,4980,5331,5600,5942,6243,6344
1162,2382,3401,4021,4570,4980,5330,5598,5945,6244,6344
1162,2382,3401,4021,4570,4983,5329,5602,5946,6244,6345
1163,2384,3400,4020,4569,4981,5331,5600,5945,6245,6342
1163,2385,3402,4019,4567,4979,5334,5600,5947,6243,6346
1163,2383,3402,4021,4568,4981,5332,5601,5946,6241,6343
1162,2383,3401,4022,4570,4981,5331,5605,5945,6246,6343
1163,2383,3401,4021,4568,4981,5330,5602,5945,6244,6343
1164,2385,3402,4020,4566,4983,5333,5601,5945,6243,6346
1163,2383,3401,4022,4567,4982,5331,5601,5945,6246,6344
1164,2383,3401,4022,4569,4982,5330,5600,5948,6243,6341
1164,2382,3403,4022,4572,4984,5333,5598,5949,6241,6344
1165,2384,3402,4021,4570,4981,5335,5597,5949,6243,6345
1165,2384,3404,4023,4568,4980,5332,5598,5946,6243,6342
1165,2383,3403,4021,4570,4982,5331,5601,5949,6241,6347
1165,2381,3403,4020,4572,4984,5334,5600,5948,6245,6345
1165,2383,3405,4018,4570,4984,5336,5597,5948,6243,6343
1165,2384,3407,4020,4567,4983,5336,5599,5949,6241,6344
1164,2384,3406,4018,4566,4984,5334,5598,5953,6241,6344
1164,2384,3406,4018,4567,4984,5337,5598,5951,6241,6343
1164,2385,3407,4020,4566,4982,5339,5601,5948,6239,6348
1165,2386,3409,4020,4564,4985,5336,5602,5950,6243,6345
1165,2386,3408,4020,4563,4982,5334,5601,5949,6241,6345
1166,2386,3407,4020,4563,4983,5336,5600,5948,6241,6344
1165,2388,3409,4022,4563,4984,5340,5601,5952,6241,6343
1165,2387,3409,4021,4562,4983,5339,5600,5950,6239,6341
1164,2386,3408,4021,4560,4982,5338,5601,5948,6238,6346
1164,2386,3407,4022,4561,4984,5341,5602,5947,6243,6344
1164,2387,3407,4023,4563,4983,5342,5601,5949,6242,6343
1165,2388,3408,4021,4562,4981,5341,5599,5948,6241,6344
1165,2388,3407,4020,4562,4983,5340,5599,5948,6242,6342
1165,2389,3406,4020,4563,4982,5342,5599,5949,6240,6339
1165,2388,3406,4023,4565,4982,5345,5597,5953,6238,6339
1166,2389,3408,4023,4563,4981,5343,5596,5951,6242,6339
1167,2388,3407,4023,4562,4983,5341,5600,5949,6241,6338
1166,2390,3406,4022,4559,4982,5339,5602,5951,6240,6336
1166,2391,3404,4024,4561,4979,5341,5600,5949,6243,6340
1167,2391,3407,4025,4561,4980,5341,5598,5948,6241,6337
1167,2391,3407,4024,4561,4979,5340,5602,5947,6244,6337
1168,2391,3407,4023,4559,4979,5339,5599,5949,6247,6338
1168,2393,3406,4023,4558,4982,5342,5599,5947,6248,6342
1167,2392,3409,4025,4559,4981,5343,5602,5944,6246,6339
1167,2391,3410,4026,4558,4979,5341,5601,5948,6246,6338
1167,2390,3408,4024,4555,4983,5339,5600,5947,6244,6338
1168,2392,3407,4026,4553,4981,5341,5602,5947,6247,6337
1168,2391,3409,4026,4553,4978,5341,5603,5949,6246,6335
1168,2389,3410,4025,4555,4979,5340,5600,5948,6246,6333
1168,2389,3410,4025,4554,4982,5339,5598,5948,6249,6336
1166,2389,3409,4026,4554,4981,5338,5597,5951,6247,6335
1166,2390,3409,4024,4552,4981,5339,5600,5948,6245,6332
1167,2389,3411,4023,4555,4983,5337,5598,5948,6249,6337
1168,2389,3410,4024,4554,4982,5336,5595,5952,6247,6335
1168,2390,3411,4027,4552,4981,5334,5595,5955,6246,6333
1168,2392,3412,4026,4550,4984,5335,5596,5952,6250,6335
1167,2392,3415,4025,4552,4981,5334,5594,5951,6249,6338
1167,2393,3413,4024,4550,4980,5334,5594,5952,6247,6334
1167,2393,3411,4026,4549,4983,5333,5598,5951,6250,6332
1167,2394,3413,4026,4548,4983,5333,5597,5949,6248,6333
1167,2392,3415,4025,4551,4981,5335,5595,5950,6247,6334
1167,2391,3414,4025,4551,4983,5334,5599,5951,6246,6336
1166,2391,3413,4028,4550,4985,5332,5597,5950,6246,6339
1166,2392,3414,4026,4549,4984,5333,5595,5948,6250,6336
1166,2394,3415,4026,4548,4983,5335,5594,5952,6247,6334
1166,2394,3414,4028,4547,4983,5334,5597,5949,6247,6334
1167,2394,3413,4031,4549,4982,5332,5596,5949,6247,6335
1167,2395,3413,4029,4548,4981,5331,5594,5953,6246,6337
1167,2395,3415,4028,4547,4984,5334,5596,5950,6250,6341
1166,2394,3416,4031,4547,4983,5332,5596,5948,6249,6339
1167,2394,3416,4032,4548,4983,5329,5594,5951,6247,6338
1168,2394,3415,4031,4549,4986,5328,5592,5952,6249,6338
1168,2396,3416,4029,4548,4987,5330,5594,5950,6248,6341
1168,2395,3419,4031,4545,4985,5334,5594,5949,6245,6340
1168,2398,3418,4033,4543,4985,5332,5593,5953,6249,6339
1168,2399,3416,4034,4543,4987,5330,5596,5952,6247,6340
1167,2398,3418,4034,4545,4985,5332,5595,5951,6246,6339
1168,2397,3417,4034,4548,4983,5331,5594,5954,6248,6336
1168,2397,3416,4035,4547,4985,5329,5594,5957,6248,6340
1169,2400,3416,4037,4546,4987,5329,5594,5954,6246,6342
1168,2398,3418,4038,4545,4986,5331,5593,5953,6250,6342
1169,2398,3417,4038,4546,4984,5334,5596,5956,6247,6339
1169,2399,3417,4037,4547,4984,5332,5599,5955,6247,6343
1168,2400,3418,4039,4549,4984,5331,5597,5953,6246,6341
1169,2400,3419,4040,4547,4983,5333,5595,5955,6245,6339
1170,2399,3419,4039,4545,4986,5336,5598,5954,6247,6340
1171,2397,3417,4038,4547,4987,5332,5596,5952,6245,6339
1170,2398,3419,4036,4550,4985,5331,5596,5955,6244,6337
1169,2399,3418,4038,4551,4983,5334,5599,5960,6246,6342
1169,2399,3417,4039,4549,4985,5337,5598,5958,6247,6345
1169,2399,3416,4040,4548,4983,5336,5597,5957,6245,6343
1169,2399,3417,4039,4547,4983,5335,5596,5960,6249,6341
1170,2401,3419,4037,4547,4986,5336,5598,5958,6247,6345
1170,2401,3420,4039,4549,4984,5338,5596,5956,6244,6343
1169,2401,3419,4040,4547,4983,5336,5595,5959,6245,6341
1168,2400,3419,4042,4545,4984,5336,5599,5959,6245,6342
1168,2400,3420,4042,4544,4984,5338,5598,5958,6244,6341
1169,2402,3422,4041,4546,4983,5341,5597,5961,6248,6338
1169,2401,3421,4042,4546,4980,5339,5600,5959,6246,6342
1168,2400,3420,4044,4549,4982,5338,5603,5958,6245,6340
1168,2400,3422,4043,4548,4981,5340,5601,5959,6243,6339
1169,2401,3422,4043,4545,4981,5342,5599,5959,6242,6338
1169,2402,3421,4041,4546,4984,5340,5602,5959,6246,6342
1169,2400,3420,4042,4547,4983,5338,5601,5962,6244,6340
1169,2399,3423,4044,4549,4982,5341,5600,5961,6242,6337
1170,2399,3424,4043,4549,4984,5344,5602,5960,6245,6338
1169,2402,3423,4041,4548,4982,5341,5604,5962,6244,6341
1169,2401,3422,4041,4546,4980,5339,5602,5960,6242,6339
1169,2401,3423,4041,4547,4981,5337,5600,5958,6246,6336
1169,2403,3424,4043,4548,4984,5340,5601,5962,6245,6339
1171,2404,3423,4044,4550,4983,5336,5602,5961,6244,6337
1170,2404,3422,4043,4548,4981,5335,5601,5959,6246,6334
1170,2403,3421,4041,4546,4983,5335,5604,5962,6245,6338
1170,2405,3423,4040,4549,4983,5337,5606,5960,6242,6336
1169,2406,3421,4040,4551,4982,5338,5606,5958,6246,6334
1169,2406,3421,4043,4550,4983,5337,5606,5960,6244,6335
1168,2406,3420,4043,4548,4984,5336,5609,5961,6249,6334
1169,2407,3422,4042,4547,4984,5338,5608,5960,6247,6332
1169,2407,3421,4043,4548,4983,5339,5608,5964,6247,6336
1170,2406,3421,4046,4549,4987,5338,5609,5962,6249,6334
1170,2405,3422,4046,4547,4985,5336,5609,5960,6245,6333
1169,2406,3424,4046,4545,4984,5339,5608,5961,6243,6334
1171,2406,3423,4045,4543,4986,5340,5611,5965,6246,6333
1171,2407,3422,4046,4545,4984,5338,5608,5964,6246,6330
1171,2406,3423,4047,4548,4982,5336,5608,5963,6244,6335
1171,2408,3424,4049,4549,4984,5338,5611,5963,6247,6332
1170,2409,3423,4048,4546,4984,5339,5609,5963,6245,6333
1170,2409,3423,4047,4545,4984,5339,5608,5962,6242,6334
1171,2409,3424,4047,4543,4986,5338,5607,5964,6244,6333
1171,2410,3424,4050,4543,4984,5341,5610,5964,6244,6330
1172,2410,3426,4049,4545,4983,5342,5607,5965,6243,6335
1171,2410,3426,4048,4546,4985,5340,5606,5966,6246,6333
1171,2410,3426,4047,4545,4982,5337,5610,5965,6245,6333
1170,2410,3427,4048,4545,4981,5335,5609,5963,6242,6335
1169,2411,3426,4048,4544,4984,5336,5609,5966,6239,6334
1170,2411,3425,4048,4543,4984,5336,5611,5964,6238,6332
1169,2411,3425,4047,4545,4982,5335,5613,5964,6237,6337
1169,2411,3426,4049,4547,4981,5332,5613,5968,6241,6333
1169,2412,3425,4051,4545,4983,5334,5611,5966,6239,6333
1168,2411,3424,4052,4542,4981,5333,5614,5964,6238,6336
1169,2411,3426,4051,4541,4979,5331,5613,5968,6240,6335
1170,2413,3428,4051,4544,4982,5330,5612,5966,6237,6332
1171,2414,3428,4049,4546,4981,5331,5614,5964,6235,6336
1172,2414,3428,4050,4544,4980,5334,5613,5968,6240,6335
1171,2412,3429,4051,4542,4982,5332,5612,5967,6238,6333
1171,2414,3430,4050,4544,4981,5330,5614,5965,6237,6331
1170,2415,3430,4048,4545,4980,5332,5615,5967,6239,6335
1171,2414,3428,4049,4542,4982,5334,5615,5967,6236,6333
1171,2415,3430,4050,4540,4981,5331,5614,5965,6234,6332
1171,2415,3428,4049,4541,4980,5329,5617,5962,6237,6335
1171,2416,3427,4047,4543,4982,5330,5616,5965,6237,6331
1171,2416,3426,4045,4543,4982,5333,5616,5965,6236,6329
1171,2415,3428,4047,4542,4981,5336,5616,5963,6239,6333
1170,2415,3428,4049,4541,4980,5334,5615,5966,6237,6332
1171,2416,3428,4049,4543,4983,5332,5614,5964,6233,6330
1171,2416,3430,4048,4545,4981,5334,5617,5963,6236,6334
1171,2416,3431,4047,4543,4979,5336,5618,5964,6236,6332
1171,2418,3430,4049,4541,4980,5334,5618,5963,6238,6329
1171,2418,3429,4051,4542,4978,5333,5616,5961,6236,6327
1172,2419,3430,4053,4544,4976,5336,5619,5965,6234,6328
1172,2418,3431,4052,4545,4975,5338,5616,5964,6239,6328
1173,2417,3429,4052,4543,4977,5336,5615,5964,6236,6328
1173,2418,3428,4053,4541,4976,5336,5619,5966,6235,6326
1171,2420,3429,4054,4543,4974,5338,5618,5963,6238,6329
1171,2419,3430,4053,4544,4977,5339,5616,5961,6236,6327
1170,2420,3431,4051,4542,4975,5337,5618,5966,6234,6327
1170,2421,3429,4049,4541,4973,5336,5618,5965,6238,6329
1171,2420,3430,4052,4541,4975,5337,5616,5963,6236,6327
1171,2420,3432,4054,4544,4975,5340,5618,5967,6237,6332
1171,2419,3430,4053,4543,4975,5338,5621,5970,6237,6330
1171,2421,3430,4051,4542,4976,5338,5620,5967,6236,6327
1172,2419,3431,4049,4540,4976,5339,5618,5966,6240,6325
1172,2417,3432,4051,4544,4974,5341,5622,5969,6238,6326
1172,2416,3431,4053,4545,4977,5338,5621,5968,6237,6327
1173,2417,3431,4053,4543,4975,5337,5619,5966,6237,6326
1173,2416,3432,4051,4541,4974,5335,5620,5969,6235,6324
1174,2416,3434,4049,4542,4977,5338,5623,5968,6234,6328
1173,2416,3434,4047,4544,4981,5340,5622,5966,6238,6326
1174,2417,3433,4050,4546,4979,5338,5621,5970,6237,6325
1175,2416,3435,4052,4545,4977,5335,5622,5969,6237,6328
1176,2416,3433,4051,4541,4980,5337,5620,5968,6238,6327
1176,2416,3433,4050,4543,4979,5335,5618,5970,6235,6325
1175,2418,3432,4052,4545,4978,5335,5622,5968,6233,6328
1174,2418,3433,4054,4546,4979,5334,5620,5966,6238,6327
1176,2417,3433,4053,4545,4978,5336,5620,5969,6236,6328
1175,2418,3432,4051,4542,4977,5334,5622,5967,6235,6328
1177,2419,3431,4050,4540,4980,5333,5621,5967,6238,6327
1177,2419,3431,4051,4543,4978,5330,5620,5970,6236,6331
1177,2419,3431,4053,4542,4978,5333,5620,5969,6234,6329
1177,2420,3431,4053,4541,4980,5334,5620,5969,6232,6329
1177,2420,3430,4051,4539,4979,5333,5618,5972,6233,6326
1178,2420,3431,4050,4541,4978,5333,5616,5972,6233,6327
1178,2420,3433,4048,4542,4977,5334,5619,5971,6233,6327
1177,2421,3431,4051,4540,4979,5336,5619,5971,6230,6326
1176,2423,3431,4051,4537,4980,5335,5618,5974,6233,6324
1176,2422,3432,4049,4538,4979,5332,5621,5973,6231,6328
1176,2421,3434,4048,4541,4981,5329,5624,5973,6232,6327
1177,2422,3432,4049,4540,4979,5331,5621,5974,6234,6326
1178,2423,3432,4052,4540,4977,5334,5619,5972,6232,6330
1177,2423,3433,4055,4540,4980,5332,5622,5969,6230,6329
1176,2422,3434,4053,4542,4978,5330,5621,5973,6234,6328
1176,2424,3435,4052,4541,4977,5332,5620,5975,6232,6329
1176,2425,3434,4054,4540,4976,5333,5619,5974,6231,6329
1175,2425,3436,4056,4540,4979,5331,5621,5972,6232,6328
1176,2424,3437,4057,4542,4977,5329,5620,5976,6231,6332
1176,2424,3436,4056,4541,4977,5331,5618,5974,6235,6331
1177,2425,3434,4055,4542,4979,5335,5620,5976,6233,6331
1177,2424,3436,4056,4541,4977,5332,5620,5980,6231,6330
1177,2423,3435,4057,4543,4976,5331,5619,5978,6230,6330
1178,2424,3433,4057,4541,4978,5332,5622,5976,6230,6331
1178,2425,3431,4055,4541,4980,5333,5620,5979,6229,6329
1178,2425,3431,4054,4539,4980,5331,5618,5977,6233,6327
1178,2426,3433,4056,4542,4978,5329,5615,5975,6231,6333
1178,2427,3432,4058,4539,4980,5331,5618,5979,6230,6331
1179,2428,3432,4057,4539,4979,5333,5617,5977,6231,6331
1181,2427,3433,4056,4542,4979,5332,5616,5975,6229,6334
1180,2427,3434,4054,4544,4980,5330,5618,5976,6227,6332
1179,2428,3434,4055,4543,4979,5328,5616,5976,6232,6336
1178,2429,3433,4058,4542,4979,5329,5616,5975,6230,6334
1178,2430,3434,4057,4544,4982,5332,5618,5977,6229,6334
1179,2429,3437,4056,4546,4981,5329,5616,5980,6231,6334
1179,2428,3435,4057,4543,4980,5328,5616,5980,6229,6334
1179,2428,3433,4059,4541,4982,5330,5619,5978,6233,6333
1179,2430,3434,4060,4539,4981,5333,5617,5983,6231,6336
1179,2429,3436,4059,4543,4979,5330,5616,5981,6231,6334
1181,2429,3436,4057,4543,4977,5330,5618,5981,6231,6334
1180,2430,3435,4060,4542,4979,5330,5619,5981,6232,6334
1181,2431,3437,4060,4540,4978,5333,5617,5980,6230,6334
1180,2432,3436,4059,4540,4976,5331,5614,5980,6233,6337
1180,2433,3435,4059,4541,4980,5330,5617,5984,6230,6334
1179,2432,3434,4058,4538,4979,5332,5617,5981,6231,6333
1179,2433,3435,4059,4535,4978,5335,5615,5980,6232,6335
1180,2435,3434,4061,4537,4980,5333,5613,5981,6231,6335
1181,2434,3433,4062,4539,4978,5331,5616,5979,6229,6334
1181,2433,3433,4060,4539,4977,5332,5613,5977,6232,6331
1181,2432,3433,4059,4537,4980,5334,5611,5977,6230,6329
1181,2433,3433,4060,4538,4979,5332,5614,5979,6230,6328
1180,2434,3432,4061,4540,4979,5330,5614,5978,6231,6327
1181,2433,3432,4060,4539,4981,5333,5613,5977,6229,6329
1180,2433,3432,4060,4536,4980,5336,5614,5981,6233,6328
1180,2432,3432,4060,4537,4980,5334,5613,5978,6230,6332
1178,2433,3431,4061,4539,4980,5333,5612,5978,6229,6330
1178,2433,3432,4063,4538,4982,5335,5610,5982,6229,6330
1179,2435,3433,4061,4538,4981,5331,5611,5980,6228,6328
1179,2434,3433,4060,4540,4984,5329,5611,5980,6228,6329
1180,2433,3431,4062,4542,4986,5329,5610,5982,6232,6328
1180,2435,3432,4063,4540,4985,5330,5614,5981,6230,6332
1180,2436,3433,4061,4539,4983,5333,5612,5979,6229,6330
1180,2436,3432,4060,4540,4986,5331,5612,5984,6229,6328
1180,2436,3432,4059,4538,4984,5330,5612,5984,6227,6329
1181,2435,3434,4061,4535,4982,5331,5610,5983,6226,6328
1181,2436,3437,4063,4535,4985,5333,5608,5985,6230,6326
1182,2436,3435,4065,4537,4983,5330,5612,5985,6229,6331
1182,2436,3434,4063,4536,4983,5329,5611,5986,6227,6330
1184,2436,3436,4062,4535,4984,5327,5609,5989,6227,6328
1183,2435,3437,4061,4535,4983,5330,5612,5988,6224,6330
1184,2436,3437,4062,4537,4982,5332,5615,5988,6228,6328
1183,2436,3435,4062,4535,4981,5331,5613,5989,6227,6333
1185,2435,3436,4061,4533,4982,5329,5612,5988,6227,6331
1184,2435,3437,4060,4534,4980,5331,5616,5986,6228,6331
1183,2435,3436,4060,4533,4980,5333,5614,5990,6227,6331
1182,2437,3435,4061,4533,4983,5332,5613,5987,6225,6331
1181,2438,3437,4063,4533,4984,5329,5615,5986,6228,6329
1182,2438,3439,4061,4533,4983,5327,5617,5989,6226,6332
1183,2438,3438,4060,4536,4981,5329,5615,5987,6227,6331
1183,2440,3437,4062,4534,4983,5330,5613,5985,6228,6331
1183,2440,3438,4063,4533,4983,5328,5616,5988,6226,6332
1184,2439,3439,4063,4534,4981,5326,5617,5986,6224,6332
1184,2438,3437,4062,4536,4985,5329,5615,5984,6222,6329
1184,2438,3436,4061,4533,4983,5331,5618,5988,6219,6332
1184,2439,3435,4063,4532,4983,5328,5617,5987,6223,6330
1184,2439,3436,4065,4532,4984,5326,5615,5985,6222,6330
1184,2439,3435,4066,4534,4983,5328,5612,5987,6221,6332
1185,2438,3434,4065,4535,4981,5327,5615,5986,6224,6331
1184,2439,3434,4064,4533,4983,5325,5615,5983,6222,6328
1183,2439,3437,4062,4530,4984,5323,5614,5981,6220,6332
1182,2439,3437,4064,4533,4982,5326,5615,5983,6222,6330
1182,2439,3436,4064,4531,4981,5328,5615,5984,6222,6332
1181,2440,3435,4065,4530,4985,5326,5613,5983,6220,6332
1181,2441,3436,4064,4529,4983,5324,5615,5986,6224,6330
1182,2440,3438,4065,4532,4983,5325,5616,5984,6222,6335
1182,2440,3437,4065,4531,4985,5327,5616,5983,6222,6333
1182,2441,3435,4067,4530,4983,5324,5615,5983,6218,6331
1183,2441,3435,4067,4529,4980,5322,5618,5982,6216,6332
1183,2441,3437,4069,4530,4981,5322,5616,5982,6220,6331
1184,2441,3436,4068,4529,4984,5324,5616,5985,6219,6329
1184,2442,3436,4067,4526,4984,5322,5614,5988,6217,6334
1184,2443,3437,4067,4524,4983,5321,5617,5987,6219,6332
1185,2442,3439,4069,4526,4985,5320,5615,5985,6218,6332
1185,2442,3438,4069,4527,4984,5321,5615,5988,6217,6332
1185,2441,3438,4068,4526,4983,5323,5617,5987,6220,6331
1184,2441,3439,4067,4528,4986,5322,5616,5987,6219,6328
1183,2441,3441,4066,4530,4983,5322,5614,5989,6217,6328
1183,2441,3440,4066,4528,4982,5324,5618,5987,6216,6325
1182,2440,3439,4068,4526,4984,5327,5615,5986,6214,6328
1184,2442,3440,4067,4529,4984,5325,5614,5989,6211,6328
1183,2442,3440,4066,4529,4983,5324,5617,5989,6210,6326
1185,2443,3440,4066,4528,4984,5325,5620,5988,6208,6330
1185,2442,3440,4068,4528,4984,5327,5619,5988,6213,6330
1184,2444,3442,4066,4531,4983,5325,5617,5991,6210,6328
1183,2443,3442,4066,4530,4984,5325,5620,5989,6209,6330
1182,2443,3442,4066,4529,4983,5327,5618,5989,6211,6330
1182,2443,3443,4068,4528,4983,5330,5616,5990,6209,6328
1183,2443,3444,4069,4530,4985,5327,5618,5988,6206,6327
1183,2444,3444,4068,4527,4984,5326,5618,5986,6210,6324
1184,2444,3443,4066,4525,4982,5327,5616,5992,6209,6330
1184,2444,3444,4068,4528,4984,5329,5621,5991,6208,6328
1183,2444,3444,4068,4531,4983,5327,5619,5989,6211,6326
1182,2445,3443,4070,4530,4980,5327,5617,5992,6209,6329
1181,2444,3442,4068,4529,4984,5329,5618,5990,6206,6327
1182,2443,3444,4067,4531,4982,5332,5621,5988,6208,6325
1182,2445,3445,4068,4532,4982,5329,5620,5991,6208,6324
1182,2446,3444,4071,4532,4984,5328,5619,5992,6206,6324
1182,2445,3443,4071,4529,4983,5326,5620,5990,6209,6325
1181,2445,3444,4071,4531,4982,5328,5619,5988,6207,6325
1180,2445,3445,4069,4530,4984,5330,5619,5991,6206,6323
1180,2445,3444,4068,4529,4983,5330,5621,5989,6206,6327
1181,2446,3443,4070,4527,4981,5328,5621,5987,6205,6325
1182,2446,3444,4071,4531,4983,5331,5621,5991,6203,6326
1182,2446,3445,4069,4529,4985,5329,5620,5990,6208,6326
1183,2447,3443,4069,4527,4985,5328,5624,5989,6206,6326
1183,2446,3441,4068,4526,4984,5325,5622,5990,6205,6323
1184,2447,3444,4071,4527,4987,5327,5622,5990,6206,6327
1185,2447,3446,4071,4525,4986,5330,5623,5988,6204,6325
1185,2448,3445,4070,4524,4984,5329,5621,5986,6203,6329
1185,2447,3443,4068,4527,4986,5328,5619,5988,6209,6329
1185,2446,3445,4070,4530,4984,5330,5622,5989,6207,6329
1185,2447,3445,4070,4529,4982,5333,5625,5987,6205,6332
1185,2448,3445,4069,4528,4985,5331,5623,5990,6208,6330
1186,2448,3443,4067,4530,4985,5328,5622,5989,6205,6328
1186,2448,3441,4065,4528,4984,5331,5625,5987,6203,6329
1186,2450,3442,4067,4527,4983,5333,5623,5988,6207,6331
1187,2451,3443,4069,4525,4981,5333,5623,5988,6206,6329
1187,2451,3442,4070,4528,4980,5331,5626,5987,6205,6334
1187,2449,3442,4069,4527,4979,5329,5625,5990,6208,6333
1187,2450,3444,4068,4527,4982,5331,5624,5989,6207,6336
1187,2451,3444,4068,4529,4980,5332,5625,5988,6204,6336
1187,2451,3443,4069,4530,4980,5330,5627,5989,6207,6336
1188,2450,3442,4070,4529,4981,5328,5625,5987,6207,6335
1188,2451,3443,4069,4529,4980,5331,5623,5986,6205,6339
1188,2452,3445,4067,4530,4979,5331,5625,5986,6209,6337
1187,2452,3444,4068,4531,4981,5328,5625,5985,6212,6336
1186,2452,3443,4072,4530,4979,5326,5624,5984,6211,6336
1187,2452,3444,4071,4529,4977,5328,5628,5986,6211,6334
1186,2452,3443,4069,4531,4980,5326,5626,5984,6211,6332
1188,2451,3443,4068,4534,4979,5324,5624,5980,6210,6338
1187,2451,3442,4069,4533,4978,5322,5626,5980,6214,6335
1187,2451,3444,4070,4532,4979,5326,5624,5984,6212,6334
1187,2452,3446,4069,4534,4982,5327,5623,5982,6212,6336
1187,2451,3445,4066,4533,4980,5325,5628,5980,6212,6333
1188,2451,3444,4065,4532,4979,5323,5628,5984,6211,6331
1188,2451,3444,4067,4531,4980,5325,5628,5981,6209,6337
1189,2452,3444,4069,4533,4979,5326,5626,5980,6214,6334
1189,2453,3442,4071,4535,4979,5324,5629,5984,6212,6333
1188,2453,3441,4070,4535,4982,5323,5627,5982,6212,6336
1190,2451,3441,4068,4534,4981,5326,5626,5981,6213,6333
1190,2451,3439,4068,4536,4979,5327,5630,5983,6211,6329
1190,2451,3439,4069,4535,4982,5326,5629,5982,6209,6333
1190,2453,3438,4071,4535,4981,5325,5627,5980,6212,6332
1191,2451,3441,4068,4536,4978,5327,5625,5983,6212,6331
1191,2450,3443,4066,4534,4979,5327,5627,5982,6210,6335
1191,2451,3441,4065,4532,4979,5325,5624,5982,6214,6332
1191,2452,3441,4067,4532,4978,5323,5622,5983,6211,6329
1192,2451,3442,4069,4534,4982,5327,5624,5982,6209,6330
1191,2450,3443,4067,4533,4980,5328,5624,5981,6210,6331
1191,2452,3442,4066,4531,4979,5327,5622,5984,6211,6330
1191,2453,3441,4064,4530,4981,5326,5621,5982,6209,6334
1190,2453,3443,4066,4532,4983,5329,5623,5982,6213,6331
1189,2452,3443,4068,4531,4981,5329,5623,5985,6210,6331
1190,2451,3442,4065,4530,4980,5327,5622,5984,6209,6327
1190,2453,3441,4064,4530,4983,5326,5625,5981,6209,6328
1191,2452,3443,4062,4532,4983,5326,5625,5985,6208,6331
1191,2452,3445,4064,4532,4981,5327,5624,5986,6207,6329
1191,2453,3444,4065,4530,4982,5326,5626,5984,6211,6327
1191,2454,3442,4068,4532,4982,5325,5625,5983,6208,6331
1191,2454,3443,4067,4535,4979,5324,5623,5982,6207,6328
1192,2453,3443,4066,4533,4982,5324,5620,5981,6208,6327
1192,2454,3442,4067,4533,4981,5323,5621,5983,6207,6331
1192,2454,3442,4068,4532,4981,5322,5622,5986,6205,6329
1192,2454,3442,4069,4531,4983,5326,5620,5983,6205,6327
1191,2454,3441,4067,4530,4982,5326,5624,5981,6206,6330
1191,2455,3439,4066,4530,4981,5325,5622,5983,6205,6328
1190,2456,3438,4065,4531,4980,5323,5622,5984,6204,6326
1191,2456,3440,4068,4530,4983,5326,5623,5982,6201,6330
1191,2455,3440,4069,4530,4981,5326,5620,5985,6199,6329
1192,2455,3439,4068,4528,4979,5326,5618,5983,6199,6334
1192,2457,3439,4066,4531,4981,5325,5623,5982,6201,6332
1193,2456,3440,4066,4528,4981,5329,5621,5983,6199,6332
1193,2454,3440,4067,4527,4980,5329,5621,5983,6197,6333
1194,2453,3440,4067,4528,4983,5327,5619,5983,6199,6331
1194,2455,3440,4065,4528,4982,5326,5622,5986,6198,6329
1195,2454,3441,4063,4528,4980,5327,5620,5985,6197,6335
1196,2452,3439,4062,4527,4983,5328,5619,5985,6198,6333
1195,2451,3438,4064,4528,4984,5327,5622,5986,6196,6333
1195,2451,3437,4066,4526,4983,5326,5622,5984,6194,6335
1195,2451,3439,4065,4524,4984,5325,5619,5984,6197,6333
1195,2451,3441,4064,4527,4987,5326,5619,5988,6196,6331
1196,2450,3440,4062,4526,4985,5328,5617,5986,6194,6336
1194,2452,3439,4063,4525,4983,5327,5615,5986,6194,6335
1193,2453,3439,4064,4524,4985,5326,5614,5989,6193,6333
1192,2454,3441,4065,4524,4985,5326,5617,5987,6197,6336
1192,2453,3440,4064,4525,4983,5328,5616,5984,6195,6333
1192,2455,3439,4063,4524,4985,5328,5615,5987,6194,6330
1193,2455,3440,4063,4523,4984,5326,5618,5989,6196,6334
1193,2455,3441,4064,4522,4985,5328,5617,5986,6194,6334
1192,2455,3439,4066,4524,4986,5331,5615,5991,6193,6333
1191,2454,3439,4067,4522,4988,5328,5612,5990,6198,6338
1190,2455,3438,4065,4520,4988,5325,5616,5988,6196,6335
1191,2457,3441,4064,4522,4988,5326,5616,5989,6195,6333
1191,2457,3442,4063,4524,4989,5329,5616,5989,6198,6334
1192,2456,3440,4063,4524,4987,5328,5617,5988,6195,6334
1192,2457,3439,4064,4522,4985,5327,5617,5992,6193,6334
1191,2457,3440,4065,4524,4987,5329,5616,5990,6193,6338
1190,2457,3440,4067,4522,4988,5331,5618,5990,6192,6335
1190,2456,3439,4067,4521,4987,5329,5616,5991,6194,6335
1189,2458,3437,4064,4520,4990,5326,5615,5990,6194,6333
1189,2459,3437,4063,4520,4988,5325,5618,5988,6191,6338
1190,2459,3436,4064,4519,4986,5327,5617,5993,6195,6337
1190,2458,3435,4065,4519,4984,5327,5614,5991,6193,6334
1190,2458,3437,4066,4519,4987,5326,5614,5990,6193,6336
1190,2459,3439,4065,4519,4986,5325,5616,5992,6195,6337
1191,2458,3438,4063,4519,4985,5327,5614,5990,6194,6334
1192,2458,3437,4061,4518,4987,5329,5613,5988,6192,6331
1193,2457,3438,4063,4519,4985,5327,5617,5990,6197,6331
1191,2458,3440,4065,4520,4984,5326,5618,5990,6193,6331
1191,2458,3439,4067,4519,4986,5328,5618,5988,6192,6332
1190,2457,3438,4065,4517,4986,5333,5617,5992,6196,6332
1192,2456,3437,4063,4519,4985,5331,5619,5990,6195,6331
1191,2456,3439,4065,4521,4983,5329,5618,5987,6193,6328
1192,2457,3436,4066,4520,4986,5332,5617,5989,6197,6325
1193,2457,3435,4067,4519,4986,5334,5621,5989,6195,6330
1192,2457,3434,4065,4521,4985,5332,5620,5988,6193,6330
1192,2458,3436,4063,4522,4988,5331,5619,5991,6193,6328
1193,2460,3436,4062,4520,4987,5330,5621,5990,6193,6332
1193,2460,3436,4064,4517,4986,5334,5621,5989,6197,6329
1193,2460,3437,4067,4515,4986,5332,5618,5990,6195,6326
1194,2461,3438,4067,4518,4985,5330,5615,5989,6194,6328
1193,2461,3437,4065,4518,4984,5329,5618,5989,6195,6330
1193,2461,3436,4064,4517,4988,5331,5618,5993,6193,6329
1191,2461,3436,4062,4515,4986,5329,5617,5991,6191,6333
1191,2461,3436,4063,4518,4985,5328,5620,5990,6197,6330
1191,2462,3434,4064,4517,4986,5328,5619,5993,6195,6327
1191,2462,3433,4064,4516,4986,5331,5619,5991,6195,6329
1191,2461,3434,4063,4517,4986,5329,5619,5988,6197,6329
1192,2461,3436,4063,4519,4985,5328,5618,5992,6195,6326
1192,2462,3436,4062,4517,4984,5330,5617,5993,6194,6332
1192,2462,3436,4063,4517,4984,5333,5621,5991,6193,6330
1192,2461,3436,4065,4518,4987,5330,5623,5994,6193,6334
1192,2464,3436,4063,4521,4986,5329,5622,5997,6194,6332
1193,2465,3434,4063,4519,4985,5331,5620,5995,6194,6332
1191,2465,3434,4061,4518,4987,5335,5622,5993,6191,6335
1192,2465,3435,4062,4519,4986,5333,5621,5997,6195,6334
1191,2465,3434,4063,4521,4984,5331,5620,5995,6194,6330
1190,2464,3433,4064,4519,4986,5333,5619,5993,6194,6334
1191,2464,3434,4063,4518,4989,5335,5623,5996,6196,6333
1192,2464,3436,4063,4520,4987,5333,5621,5995,6195,6331
1192,2464,3435,4062,4523,4985,5333,5620,5991,6193,6335
1192,2465,3435,4064,4522,4986,5335,5622,5995,6197,6334
1193,2466,3437,4065,4520,4985,5338,5620,5993,6195,6332
1193,2465,3438,4066,4523,4983,5335,5618,5993,6194,6334
1194,2463,3438,4065,4521,4986,5334,5622,5995,6198,6334
1194,2462,3437,4064,4519,4984,5333,5624,5993,6196,6332
1196,2462,3439,4063,4520,4984,5334,5623,5992,6194,6332
1195,2461,3441,4065,4522,4987,5332,5621,5994,6199,6331
1195,2460,3439,4067,4522,4990,5331,5624,5992,6197,6337
1195,2460,3438,4068,4523,4988,5330,5622,5993,6195,6335
1194,2461,3440,4067,4523,4987,5333,5621,5991,6196,6334
1194,2461,3441,4066,4526,4989,5331,5624,5995,6196,6332
1195,2460,3441,4067,4524,4986,5331,5628,5994,6199,6329
1196,2459,3440,4068,4524,4984,5330,5626,5994,6198,6327
1196,2460,3442,4069,4524,4985,5331,5624,5994,6198,6333
1196,2461,3443,4068,4525,4985,5330,5627,5993,6198,6331
1196,2461,3442,4066,4524,4984,5330,5625,5991,6196,6330
1196,2461,3441,4067,4525,4987,5329,5622,5996,6194,6333
1196,2461,3442,4068,4527,4988,5331,5625,5994,6199,6329
1196,2462,3443,4070,4529,4988,5329,5625,5994,6197,6325
1196,2462,3442,4070,4528,4987,5329,5624,5996,6197,6330
1197,2462,3441,4068,4526,4988,5327,5627,5993,6195,6330
1197,2462,3442,4069,4529,4986,5329,5625,5990,6193,6329
1197,2461,3444,4071,4530,4986,5330,5624,5994,6192,6331
1197,2459,3443,4069,4528,4989,5329,5622,5994,6192,6329
1196,2458,3442,4067,4526,4987,5329,5625,5992,6191,6326
1198,2460,3444,4064,4529,4986,5331,5625,5996,6191,6328
1197,2460,3445,4061,4532,4988,5332,5625,5995,6194,6329
1197,2460,3445,4062,4531,4987,5332,5626,5992,6192,6327
1196,2459,3444,4064,4530,4984,5329,5625,5993,6191,6331
1196,2461,3446,4067,4532,4986,5326,5623,5997,6194,6330
1197,2461,3445,4065,4533,4988,5328,5622,5995,6195,6328
1197,2461,3442,4062,4532,4988,5328,5622,5994,6193,6325
1198,2460,3441,4060,4529,4991,5326,5622,5995,6197,6325
1197,2461,3442,4061,4531,4989,5325,5621,5995,6195,6328
1197,2461,3443,4062,4533,4987,5325,5625,5993,6193,6327
1196,2461,3443,4060,4533,4987,5327,5623,5996,6194,6324
1196,2461,3443,4058,4532,4985,5325,5622,5994,6195,6328
1198,2461,3445,4059,4534,4983,5323,5625,5994,6194,6326
1198,2461,3446,4061,4535,4982,5325,5623,5994,6193,6325
1198,2461,3445,4064,4535,4984,5327,5622,5994,6190,6329
1198,2461,3444,4062,4534,4984,5326,5625,5992,6189,6326
1198,2463,3445,4061,4536,4982,5324,5627,5995,6189,6324
1198,2464,3447,4060,4533,4986,5324,5626,5993,6188,6328
1198,2465,3445,4061,4532,4985,5326,5624,5993,6188,6326
1198,2465,3443,4063,4534,4984,5323,5627,5995,6186,6324
1198,2465,3444,4061,4537,4985,5321,5626,5999,6184,6324
1197,2465,3446,4059,4536,4982,5320,5624,5996,6184,6322
1197,2467,3445,4057,4536,4982,5323,5628,5995,6185,6328
1198,2466,3445,4059,4534,4984,5323,5627,5995,6183,6326
1198,2465,3447,4061,4537,4984,5321,5624,5993,6182,6325
1198,2465,3448,4063,4535,4983,5323,5622,5991,6187,6325
1198,2466,3447,4061,4532,4985,5325,5626,5996,6185,6325
1197,2466,3446,4060,4534,4988,5322,5623,5995,6184,6323
1197,2466,3447,4059,4536,4987,5320,5622,5994,6187,6330
1197,2465,3449,4061,4536,4985,5319,5624,5997,6185,6327
1197,2465,3448,4062,4535,4988,5322,5623,5993,6189,6327
1198,2467,3447,4060,4537,4987,5324,5622,5992,6192,6329
1198,2465,3448,4058,4539,4987,5323,5625,5995,6192,6326
1197,2465,3450,4060,4537,4988,5321,5627,5994,6194,6325
1197,2466,3449,4062,4535,4988,5323,5627,5992,6194,6323
1197,2468,3449,4061,4538,4986,5325,5625,5995,6192,6322
1198,2467,3451,4059,4535,4988,5323,5627,5992,6196,6323
1197,2466,3451,4057,4535,4986,5322,5627,5990,6193,6323
1198,2468,3451,4056,4538,4985,5324,5626,5991,6193,6321
1198,2469,3449,4057,4540,4987,5327,5624,5991,6195,6324
1199,2467,3450,4059,4539,4987,5326,5628,5990,6194,6323
1199,2466,3452,4058,4538,4986,5326,5626,5993,6192,6323
1198,2465,3451,4057,4540,4988,5326,5625,5995,6197,6323
1199,2466,3449,4058,4538,4986,5324,5623,5994,6194,6323
1200,2468,3449,4060,4536,4985,5322,5626,5994,6193,6321
1200,2467,3451,4060,4534,4988,5322,5625,5993,6197,6326
1200,2466,3450,4060,4536,4988,5323,5624,5991,6196,6323
1200,2467,3450,4059,4535,4987,5322,5625,5991,6194,6324
1200,2467,3449,4059,4534,4986,5321,5623,5991,6198,6325
1202,2466,3452,4061,4535,4990,5322,5622,5991,6197,6325
1201,2466,3451,4062,4537,4988,5324,5620,5988,6197,6323
1200,2467,3450,4060,4536,4987,5322,5622,5991,6202,6320
1199,2469,3451,4058,4535,4990,5320,5621,5989,6200,6318
1200,2469,3453,4060,4535,4987,5320,5620,5988,6199,6321
1200,2469,3452,4061,4538,4984,5322,5624,5990,6201,6322
1200,2468,3450,4061,4536,4985,5320,5626,5989,6201,6320
1202,2471,3452,4059,4536,4985,5318,5624,5986,6199,6324
1201,2470,3452,4057,4538,4985,5317,5622,5989,6203,6322
1202,2470,3453,4058,4540,4988,5317,5625,5987,6201,6320
1202,2470,3453,4059,4539,4988,5320,5624,5985,6206,6321
1202,2471,3454,4059,4538,4988,5319,5623,5988,6204,6321
1202,2470,3455,4057,4540,4990,5318,5625,5986,6204,6324
1202,2469,3455,4056,4538,4991,5320,5628,5984,6207,6329
1203,2471,3454,4057,4536,4989,5323,5626,5984,6203,6325
1202,2471,3453,4058,4537,4988,5321,5625,5986,6201,6325
1202,2472,3454,4058,4540,4990,5321,5625,5983,6206,6324
1201,2471,3453,4058,4538,4991,5320,5623,5982,6205,6324
1202,2470,3452,4058,4537,4988,5323,5622,5980,6204,6323
1202,2472,3451,4058,4538,4991,5325,5625,5979,6208,6328
1203,2471,3453,4060,4540,4990,5324,5626,5981,6205,6326
1202,2471,3454,4059,4538,4989,5323,5626,5980,6203,6326
1201,2472,3453,4057,4535,4990,5326,5625,5979,6205,6324
1200,2472,3453,4057,4535,4992,5327,5627,5982,6205,6322
1200,2473,3455,4058,4535,4991,5327,5625,5980,6204,6327
1201,2472,3455,4060,4534,4991,5325,5624,5980,6208,6325
1201,2472,3457,4059,4536,4994,5328,5622,5983,6206,6323
1201,2472,3456,4057,4538,4993,5329,5626,5981,6205,6325
1201,2473,3456,4056,4536,4992,5330,5624,5979,6206,6324
1202,2474,3457,4057,4534,4994,5328,5624,5978,6206,6322
1203,2473,3458,4059,4537,4995,5332,5622,5979,6205,6327
1203,2473,3456,4057,4537,4993,5333,5624,5977,6210,6325
1204,2475,3454,4057,4535,4992,5331,5623,5976,6207,6324
1203,2474,3457,4054,4533,4995,5329,5622,5979,6206,6321
1202,2474,3459,4056,4535,4997,5331,5625,5977,6207,6321
1202,2475,3460,4057,4537,4996,5334,5623,5976,6206,6319
1203,2476,3459,4056,4536,4996,5334,5622,5978,6205,6317
1204,2476,3459,4055,4534,4998,5332,5624,5976,6210,6314
1204,2476,3459,4057,4535,4996,5334,5622,5973,6208,6322
1203,2478,3461,4058,4537,4993,5336,5621,5976,6208,6320
1203,2477,3463,4060,4536,4991,5335,5620,5979,6209,6319
1203,2477,3461,4058,4534,4994,5333,5624,5977,6207,6321
1202,2475,3459,4057,4535,4993,5335,5622,5980,6205,6319
1203,2474,3460,4058,4534,4991,5338,5621,5983,6209,6317
1203,2476,3461,4059,4533,4989,5337,5619,5981,6209,6321
1203,2475,3461,4057,4533,4992,5335,5622,5979,6208,6320
1203,2474,3462,4057,4534,4989,5333,5620,5983,6211,6320
1203,2472,3462,4056,4533,4987,5335,5620,5981,6209,6323
1203,2474,3462,4059,4532,4986,5335,5623,5979,6212,6322
1203,2472,3461,4060,4532,4990,5333,5622,5981,6215,6319
1203,2470,3459,4062,4532,4989,5331,5620,5979,6215,6318
1204,2472,3457,4060,4531,4988,5335,5622,5977,6217,6319
1204,2472,3459,4058,4531,4989,5333,5622,5979,6216,6320
1203,2472,3461,4060,4533,4992,5332,5620,5978,6214,6319
1203,2472,3459,4061,4535,4989,5330,5623,5978,6217,6317
1203,2473,3458,4059,4534,4987,5333,5622,5978,6215,6322
1204,2474,3456,4057,4532,4988,5331,5621,5978,6215,6320
1203,2474,3457,4057,4534,4987,5329,5623,5976,6219,6323
1204,2474,3459,4059,4533,4986,5327,5625,5979,6217,6323
1203,2474,3458,4059,4531,4990,5329,5623,5978,6215,6322
1203,2475,3458,4058,4534,4988,5331,5621,5977,6219,6326
1202,2474,3457,4056,4534,4988,5330,5622,5980,6217,6324
1201,2474,3459,4055,4533,4990,5328,5621,5979,6215,6323
1202,2474,3460,4056,4533,4993,5331,5619,5977,6220,6324
1203,2475,3461,4057,4535,4990,5331,5618,5979,6218,6324
1202,2474,3459,4056,4536,4988,5329,5620,5978,6216,6322
1203,2473,3457,4056,4534,4991,5328,5619,5976,6218,6326
1203,2475,3457,4054,4532,4990,5331,5618,5979,6218,6324
1202,2476,3458,4057,4536,4989,5332,5621,5979,6216,6322
1204,2475,3460,4056,4533,4987,5331,5619,5977,6215,6320
1203,2473,3459,4053,4532,4989,5330,5619,5975,6214,6320
1205,2473,3458,4052,4531,4988,5332,5622,5977,6219,6323
1204,2474,3456,4052,4533,4987,5332,5620,5975,6217,6321
1204,2474,3457,4053,4533,4987,5331,5618,5972,6217,6318
1204,2473,3459,4052,4532,4986,5329,5622,5975,6218,6322
1203,2473,3460,4050,4531,4985,5332,5622,5974,6216,6320
1204,2474,3458,4048,4532,4984,5334,5620,5973,6215,6319
1204,2474,3457,4051,4531,4985,5332,5620,5976,6214,6323
1204,2474,3458,4053,4529,4985,5330,5624,5974,6213,6321
1203,2473,3458,4052,4531,4983,5333,5622,5972,6215,6319
1202,2474,3460,4051,4533,4983,5333,5622,5973,6218,6322
1203,2474,3459,4053,4532,4983,5330,5624,5972,6215,6321
1204,2473,3458,4054,4532,4982,5328,5622,5971,6219,6318
1204,2472,3460,4055,4533,4982,5328,5620,5974,6221,6317
1204,2472,3462,4053,4535,4985,5329,5619,5972,6222,6316
1204,2474,3461,4052,4534,4984,5328,5623,5971,6223,6315
1203,2476,3459,4049,4533,4984,5326,5622,5972,6223,6312
1204,2476,3458,4052,4535,4986,5326,5620,5970,6220,6312
1204,2475,3459,4054,4535,4985,5325,5622,5969,6224,6313
1205,2477,3460,4054,4534,4983,5328,5623,5969,6222,6316
1204,2477,3459,4053,4533,4984,5326,5620,5970,6223,6314
1203,2476,3457,4055,4536,4983,5325,5624,5969,6225,6321
1202,2475,3455,4055,4536,4984,5326,5623,5967,6224,6318
1202,2474,3457,4057,4536,4986,5329,5623,5970,6221,6318
1202,2475,3459,4055,4535,4985,5327,5624,5968,6225,6320
1202,2474,3461,4053,4537,4984,5325,5627,5967,6222,6318
1204,2472,3460,4051,4538,4982,5323,5626,5970,6221,6316
1203,2471,3459,4053,4535,4985,5326,5625,5969,6222,6320
1203,2472,3459,4054,4533,4982,5329,5625,5966,6221,6320
1203,2473,3461,4054,4535,4981,5327,5625,5969,6225,6319
1204,2473,3462,4053,4538,4984,5326,5623,5967,6227,6322
1205,2473,3461,4052,4536,4983,5329,5628,5964,6226,6320
1206,2475,3460,4053,4534,4981,5330,5626,5968,6225,6325
1205,2476,3461,4055,4536,4983,5328,5625,5967,6229,6322
1205,2475,3461,4053,4538,4983,5326,5623,5965,6227,6322
1204,2474,3460,4051,4536,4981,5324,5625,5967,6226,6324
1205,2475,3459,4049,4534,4983,5328,5624,5966,6224,6323
1205,2476,3459,4050,4535,4984,5329,5624,5964,6223,6321
1205,2476,3460,4052,4534,4984,5328,5625,5967,6225,6325
1204,2475,3461,4052,4532,4986,5326,5630,5966,6223,6322
1204,2476,3461,4050,4532,4990,5328,5628,5966,6221,6324
1203,2477,3460,4053,4532,4988,5326,5627,5968,6227,6326
1204,2477,3461,4053,4531,4987,5324,5628,5967,6225,6325
1205,2476,3463,4052,4529,4989,5322,5626,5964,6224,6323
1205,2478,3462,4051,4531,4987,5327,5625,5967,6226,6327
1206,2477,3460,4049,4529,4985,5327,5629,5965,6224,6325
1205,2478,3462,4049,4528,4986,5326,5628,5965,6222,6325
1205,2478,3463,4051,4526,4986,5324,5628,5968,6226,6328
1204,2479,3462,4050,4529,4984,5326,5630,5966,6225,6327
1204,2480,3461,4049,4529,4987,5326,5629,5965,6224,6325
1205,2480,3464,4049,4528,4989,5325,5628,5968,6223,6328
1205,2479,3463,4050,4527,4988,5324,5629,5966,6221,6327
1206,2479,3462,4051,4528,4987,5327,5632,5965,6225,6325
1205,2480,3461,4049,4528,4989,5328,5632,5968,6223,6329
1204,2480,3463,4047,4526,4987,5327,5630,5967,6224,6328
1203,2481,3463,4047,4528,4987,5325,5632,5966,6226,6326
1203,2481,3461,4046,4530,4987,5328,5631,5967,6225,6329
1204,2483,3459,4047,4530,4990,5328,5628,5967,6223,6328
1204,2481,3460,4048,4530,4988,5327,5632,5965,6227,6326
1204,2481,3462,4048,4532,4987,5326,5630,5967,6224,6330
1203,2480,3461,4048,4533,4989,5329,5629,5966,6224,6328
1204,2479,3461,4048,4532,4987,5330,5631,5966,6225,6328
1204,2482,3462,4048,4530,4986,5329,5634,5967,6224,6329
1205,2480,3464,4047,4532,4987,5327,5633,5971,6227,6329
1206,2480,3463,4045,4533,4988,5326,5631,5969,6226,6327
1206,2482,3461,4044,4532,4987,5326,5632,5967,6224,6330
1206,2483,3463,4044,4531,4990,5325,5635,5968,6225,6329
1205,2483,3465,4046,4535,4989,5324,5634,5967,6224,6334
1204,2481,3464,4045,4533,4988,5324,5632,5966,6222,6333
1204,2483,3462,4045,4533,4987,5325,5633,5970,6227,6332
1205,2483,3463,4045,4531,4989,5324,5637,5968,6224,6336
1206,2483,3465,4047,4533,4987,5322,5634,5967,6224,6333
1205,2483,3464,4047,4534,4986,5324,5631,5969,6221,6330
1204,2483,3464,4046,4533,4989,5325,5632,5966,6219,6334
1203,0,3466,4044,4532,4987,5328,5633,5964,6218,6335
0,0,3465,4043,4533,4986,5326,5631,5969,6223,6334
0,0,3465,4043,4536,4988,5326,5629,5968,6220,6337
0,0,3464,4045,4535,4989,5327,5630,5967,6220,6335
0,0,3465,0,4533,4987,5330,5630,5969,6222,6332
0,0,3465,0,4534,4986,0,5629,5967,6219,6334
0,0,0,0,0,4988,0,5631,5965,6217,6336
0,0,0,0,0,4988,0,5632,5966,6216,6334
0,0,0,0,0,4985,0,5632,5970,6215,0
0,0,0,0,0,4989,0,0,5969,6217,0
0,0,0,0,0,4986,0,0,5967,0,0
