0.050487
0.10011
0.21238
0.33314
0.37627
0.40684
0.50872
0.62807
0.67208
0.69174
0.75739
0.81653
0.81545
0.81734
0.87357
0.89149
0.82811
0.79104
0.79154
0.76769
0.69776
0.644
0.58571
0.50054
0.44559
0.43002
0.35793
0.23459
0.16868
0.17393
0.12555
0.015062
-0.04989
-0.054108
-0.099347
-0.17581
-0.18041
-0.13884
-0.16361
-0.21756
-0.19356
-0.12676
-0.10618
-0.095059
-0.029491
0.036951
0.071877
0.12964
0.21201
0.25916
0.29701
0.38659
0.49587
0.52948
0.54489
0.62552
0.73815
0.78135
0.77924
0.82919
0.88909
0.8904
0.88208
0.93321
0.97429
0.9246
0.87927
0.88174
0.87352
0.82382
0.78256
0.74023
0.65912
0.59607
0.58407
0.53709
0.43163
0.36578
0.36644
0.33076
0.2298
0.16033
0.14865
0.108
0.031105
0.0059131
0.0388
0.022383
-0.027524
-0.012392
0.047919
0.066818
0.071713
0.1297
0.18929
0.21856
0.26785
0.34951
0.39207
0.42508
0.51319
0.62949
0.67389
0.6867
0.75585
0.86005
0.90852
0.91155
0.96266
1.0313
1.0403
1.0349
1.0873
1.14
1.1141
1.0735
1.0785
1.0704
1.0213
0.99029
0.95658
0.88658
0.8191
0.79941
0.75764
0.65583
0.5843
0.57432
0.5444
0.45111
0.37633
0.35529
0.30619
0.23028
0.19703
0.22336
0.20479
0.1553
0.16359
0.21268
0.22935
0.23069
0.28729
0.34621
0.38018
0.43174
0.50767
0.55224
0.58783
0.67296
0.79096
0.84615
0.86926
0.93802
1.0385
1.0859
1.0951
1.1492
1.2144
1.2244
1.2223
1.2715
1.3154
1.2822
1.2396
1.2376
1.2231
1.1705
1.1372
1.101
1.0211
0.94734
0.91849
0.86655
0.76258
0.69361
0.68649
0.64952
0.55063
0.47594
0.45516
0.40883
0.32932
0.30118
0.32651
0.30622
0.25329
0.26456
0.32027
0.33615
0.34067
0.39804
0.4601
0.49974
0.55737
0.63804
0.6761
0.69713
0.77334
0.88181
0.92852
0.94421
1.0081
1.1057
1.1408
1.145
1.1911
1.2521
1.2661
1.2708
1.3266
1.3735
1.3428
1.3123
1.3199
1.3185
1.2729
1.2455
1.2165
1.1477
1.0855
1.0677
1.0161
0.91943
0.86284
0.86786
0.83464
0.74145
0.67816
0.663
0.61779
0.54869
0.53548
0.57363
0.56299
0.52883
0.55941
0.62145
0.63664
0.64837
0.71036
0.77949
0.82404
0.888
0.95936
0.98921
1.0182
1.1035
1.205
1.2375
1.2487
1.3083
1.3909
1.4212
1.4312
1.475
1.5166
1.5084
1.5064
1.5564
1.5812
1.5426
1.5117
1.5096
1.4835
1.434
1.4108
1.3724
1.2957
1.2443
1.2307
1.1707
1.069
1.0293
1.0488
1.0062
0.90743
0.85199
0.84624
0.79642
0.72211
0.71941
0.7462
0.71097
0.66054
0.69007
0.7455
0.75072
0.76202
0.82209
0.87388
0.89956
0.95348
1.0203
1.0432
1.068
1.1567
1.2577
1.295
1.3158
1.3907
1.4735
1.5005
1.515
1.5671
1.6106
1.6093
1.6294
1.6937
1.7126
1.6737
1.6576
1.6701
1.6388
1.5991
1.5742
1.5288
1.4501
1.4163
1.412
1.3472
1.2486
1.2158
1.2291
1.1776
1.0832
1.0377
1.0192
0.95448
0.88461
0.88725
0.89857
0.85381
0.81724
0.85219
0.89538
0.89383
0.90651
0.95945
0.99962
1.0346
1.0935
1.153
1.1786
1.2237
1.3193
1.3972
1.4288
1.4681
1.5567
1.6287
1.6556
1.6893
1.7522
1.7831
1.7765
1.8166
1.8876
1.8912
1.8564
1.8615
1.8764
1.8488
1.8105
1.7881
1.7299
1.6527
1.625
1.6117
1.5332
1.4381
1.4155
1.4123
1.3425
1.2522
1.2144
1.1805
1.1012
1.0459
1.0566
1.0527
0.99772
0.98289
1.0269
1.0536
1.0522
1.085
1.1349
1.1595
1.2038
1.2779
1.3293
1.356
1.4221
1.5247
1.5848
1.6026
1.6643
1.7635
1.8216
1.8325
1.8752
1.9454
1.9603
1.9586
2.0067
2.0646
2.0502
2.0126
2.0118
2.0076
1.9638
1.9291
1.8935
1.8194
1.7464
1.7199
1.6818
1.5871
1.5153
1.5031
1.4743
1.3849
1.317
1.2975
1.2485
1.1645
1.1262
1.1412
1.1084
1.0528
1.0603
1.1187
1.1372
1.1408
1.1887
1.2402
1.2647
1.3159
1.3938
1.4465
1.4942
1.5889
1.7016
1.7503
1.7792
1.8594
1.9688
2.0243
2.0535
2.1121
2.1591
2.1668
2.1746
2.2299
2.2548
2.224
2.2062
2.2131
2.1947
2.1596
2.1417
2.1046
2.0362
2.0034
2.0061
1.9534
1.859
1.8224
1.8387
1.799
1.7165
1.6774
1.6698
1.617
1.5463
1.5425
1.5551
1.5175
1.4796
1.5113
1.5541
1.5561
1.5675
1.6165
1.6574
1.6946
1.7496
1.8033
1.8249
1.8706
1.9637
2.0376
2.0685
2.1043
2.1789
2.2358
2.2651
2.3068
2.3672
2.3288
2.2652
2.192
2.1312
2.0935
2.0321
1.9324
1.8106
1.7281
1.6795
1.5914
1.4722
1.4019
1.3784
1.3074
1.2116
1.1995
1.2235
1.2103
1.1616
1.1616
1.1988
1.2254
1.2357
1.2496
1.2808
1.3369
1.4056
1.4771
1.5278
1.5943
1.6967
1.7985
1.8523
1.9243
2.0446
2.1184
2.1145
2.1598
2.2826
2.366
2.3523
2.3536
2.4012
2.4232
2.4041
2.386
2.3867
2.3611
2.3237
2.2904
2.2514
2.184
2.1371
2.1159
2.046
1.9114
1.8236
1.8016
1.7128
1.5837
1.5484
1.559
1.4548
1.3191
1.3244
1.3772
1.3278
1.2483
1.2507
1.2773
1.2586
1.2672
1.3247
1.3468
1.351
1.4162
1.5162
1.5583
1.594
1.7069
1.8273
1.8766
1.9471
2.0798
2.1631
2.1588
2.2238
2.3698
2.4362
2.4086
2.422
2.4896
2.501
2.4801
2.5003
2.5162
2.4547
2.4038
2.4099
2.3852
2.2812
2.2174
2.2165
2.1536
2.0146
1.9344
1.9111
1.7965
1.6566
1.6293
1.6267
1.5026
1.3737
1.3822
1.3999
1.3199
1.2594
1.2853
1.274
1.228
1.262
1.3409
1.3377
1.324
1.4322
1.5521
1.5814
1.6061
1.7408
1.8594
1.9019
1.9937
2.1391
2.2102
2.2128
2.3068
2.4543
2.4845
2.4486
2.4874
2.5722
2.5654
2.5317
2.5545
2.5446
2.4705
2.4336
2.4429
2.3808
2.235
2.1679
2.1553
2.0641
1.9249
1.8456
1.7842
1.6476
1.5407
1.5287
1.4767
1.3335
1.2498
1.277
1.2616
1.1705
1.1466
1.1907
1.1714
1.147
1.2247
1.3008
1.2824
1.2936
1.4365
1.5547
1.5821
1.6497
1.798
1.9112
1.9704
2.0812
2.2157
2.2707
2.3006
2.4129
2.5239
2.5294
2.5114
2.5793
2.637
2.6134
2.6145
2.6582
2.6231
2.5335
2.5345
2.5765
2.5055
2.3805
2.3501
2.3444
2.2468
2.1269
2.0655
1.9934
1.891
1.8188
1.7701
1.6809
1.5626
1.5031
1.4932
1.4374
1.3777
1.3645
1.3627
1.3216
1.3315
1.4116
1.4341
1.3962
1.4562
1.5959
1.6605
1.6629
1.746
1.8836
1.9672
2.0276
2.1385
2.2362
2.2804
2.3236
2.4214
2.4856
2.4641
2.4597
2.5097
2.5379
2.5111
2.4914
2.4805
2.4105
2.3601
2.3736
2.3495
2.2349
2.1413
2.1219
2.0859
1.9914
1.8823
1.7976
1.7219
1.6586
1.6097
1.5534
1.4811
1.4133
1.376
1.3454
1.2998
1.2721
1.2649
1.2515
1.2452
1.2995
1.3567
1.3448
1.3444
1.4423
1.5631
1.6057
1.6265
1.7113
1.8263
1.9173
1.9888
2.081
2.1843
2.2549
2.3204
2.3949
2.4567
2.478
2.5031
2.5407
2.5517
2.5445
2.5433
2.532
2.4923
2.4759
2.4722
2.4271
2.331
2.2407
2.1825
2.1323
2.0419
1.9134
1.8087
1.7642
1.7112
1.6161
1.5298
1.4745
1.4095
1.3393
1.3041
1.2862
1.2522
1.2188
1.2078
1.2363
1.278
1.3048
1.3172
1.3551
1.4375
1.5355
1.6014
1.6369
1.7148
1.8502
1.9632
2.0187
2.0943
2.2215
2.3209
2.3749
2.4372
2.5135
2.552
2.5496
2.5699
2.6087
2.6151
2.5901
2.5557
2.5406
2.5204
2.4797
2.4167
2.3256
2.2362
2.1726
2.1131
1.9864
1.8481
1.7792
1.7428
1.6373
1.5258
1.4928
1.4625
1.3498
1.2597
1.2509
1.2311
1.1652
1.1269
1.1663
1.2011
1.2186
1.2513
1.3018
1.3503
1.4315
1.5412
1.6115
1.6483
1.7526
1.8979
1.9865
2.037
2.1546
2.2898
2.3409
2.3633
2.4541
2.5352
2.5296
2.5199
2.5625
2.5906
2.5491
2.5127
2.4997
2.4668
2.3954
2.3308
2.2598
2.1531
2.0612
2.0227
1.9337
1.7712
1.6616
1.6452
1.5786
1.4397
1.3812
1.3918
1.3209
1.1944
1.171
1.2029
1.1554
1.0965
1.1312
1.1929
1.1994
1.231
1.3216
1.3849
1.4204
1.5251
1.6445
1.6994
1.7591
1.9036
2.0301
2.0762
2.163
2.3321
2.4525
2.4758
2.5398
2.6622
2.706
2.6774
2.7003
2.7537
2.716
2.6486
2.6527
2.6437
2.5535
2.4577
2.408
2.3043
2.1596
2.085
2.0321
1.8844
1.706
1.633
1.5865
1.4639
1.3659
1.3551
1.3257
1.1997
1.1257
1.146
1.122
1.0506
1.0519
1.1087
1.0994
1.0923
1.1707
1.245
1.244
1.297
1.4374
1.5168
1.5234
1.6081
1.748
1.81
1.845
1.9745
2.1294
2.1583
2.1503
2.2357
2.3304
2.3333
2.3238
2.3701
2.3752
2.3186
2.3127
2.3289
2.2809
2.2038
2.1859
2.1409
2.0203
1.9241
1.8804
1.7978
1.6649
1.5912
1.554
1.4548
1.3366
1.3174
1.3187
1.2187
1.1051
1.0803
1.0747
1.0125
0.99618
1.0483
1.0481
1.02
1.0823
1.1966
1.2274
1.2502
1.3643
1.4747
1.5044
1.5606
1.6942
1.7917
1.832
1.9319
2.0811
2.148
2.1414
2.2047
2.3191
2.3467
2.3212
2.3424
2.368
2.3271
2.3179
2.3453
2.3034
2.207
2.1755
2.1614
2.0745
1.9516
1.8889
1.8127
1.692
1.5959
1.5463
1.4789
1.3632
1.2953
1.2648
1.2031
1.1152
1.0626
1.0305
0.96477
0.92882
0.96235
0.97636
0.95538
1.0021
1.1085
1.1496
1.1483
1.2265
1.3478
1.4251
1.4709
1.555
1.6507
1.7228
1.818
1.9296
2.0359
2.0712
2.0994
2.1614
2.2301
2.2465
2.2203
2.2147
2.2294
2.2104
2.1693
2.1208
2.0597
1.9844
1.932
1.8808
1.7626
1.623
1.5424
1.5004
1.3893
1.2817
1.2539
1.1689
1.0528
1.0214
1.0494
0.97508
0.84007
0.78228
0.7854
0.74359
0.71002
0.74521
0.81488
0.87926
0.9736
1.0645
1.1296
1.1848
1.3191
1.4737
1.5846
1.6636
1.81
2.0027
2.1521
2.2761
2.417
2.5216
2.6127
2.7225
2.8084
2.8546
2.874
2.8524
2.8327
2.7936
2.7156
2.6504
2.5653
2.4591
2.375
2.2964
2.1752
2.0053
1.8841
1.7647
1.6023
1.424
1.2657
1.1329
0.97147
0.85926
0.81372
0.76572
0.72333
0.746
0.82465
0.91711
1.0185
1.1736
1.3857
1.6074
1.8772
2.1893
2.4423
2.6689
2.9563
3.2852
3.5477
3.7414
3.9836
4.2291
4.3737
4.4524
4.5123
4.5342
4.4942
4.4175
4.3884
4.3265
4.1617
3.9631
3.7622
3.521
3.2502
2.9672
2.6695
2.3345
1.9965
1.7051
1.3863
1.0576
0.76642
0.54977
0.33834
0.13851
0.031565
0.020238
0.038074
0.089499
0.24422
0.48962
0.71874
0.96345
1.2864
1.648
1.9811
2.3193
2.6991
3.0379
3.3416
3.6313
3.8697
4.0169
4.1524
4.292
4.3718
4.3676
4.3754
4.4201
4.4006
4.341
4.2815
4.2457
4.152
3.9995
3.9194
3.837
3.694
3.529
3.3663
3.2418
3.0225
2.8557
2.6985
2.5362
2.3526
2.1983
2.0446
1.8494
1.6462
1.5417
1.4988
1.4377
1.4096
1.452
1.5463
1.6655
1.8601
2.1194
2.3757
2.6126
2.903
3.2268
3.5085
3.7586
4.0142
4.2498
4.4655
4.6727
4.8529
4.9157
4.932
4.9477
4.9629
4.8701
4.7609
4.6898
4.6191
4.4945
4.3499
4.2359
4.062
3.8691
3.7082
3.6161
3.4824
3.3275
3.222
3.1433
3.0649
2.9906
2.9456
2.9047
2.8522
2.842
2.8569
2.8386
2.8026
2.8349
2.8973
2.9297
2.9638
3.063
3.2154
3.3725
3.5389
3.7389
3.9327
4.1022
4.281
4.4431
4.5467
4.6139
4.6806
4.7353
4.7375
4.7583
4.766
4.6902
4.5543
4.4582
4.3719
4.2553
4.0995
4.0083
3.9557
3.869
3.8065
3.7885
3.7691
3.7186
3.695
3.7384
3.7968
3.7888
3.8005
3.8236
3.8201
3.8039
3.8209
3.8211
3.8128
3.8487
3.9327
4.0123
4.0545
4.1597
4.3315
4.4705
4.5613
4.6833
4.793
4.8417
4.8475
4.8518
4.8465
4.7595
4.6756
4.6162
4.5585
4.4407
4.3228
4.2029
4.1043
4.0174
3.9773
3.9319
3.8626
3.8601
3.8957
3.8973
3.862
3.8692
3.9468
3.989
4.0106
4.0582
4.1375
4.1613
4.1489
4.1957
4.2754
4.3362
4.4367
4.6019
4.7821
4.9399
5.1108
5.2675
5.3738
5.4377
5.4945
5.4991
5.4388
5.3614
5.3205
5.251
5.1354
4.9899
4.8762
4.7438
4.5743
4.4313
4.3681
4.2975
4.2007
4.1565
4.1319
4.0757
4.0102
3.9655
3.9099
3.8651
3.8593
3.8488
3.8141
3.7875
3.7996
3.8677
3.9386
4.0828
4.2802
4.4863
4.6962
4.9513
5.1841
5.3355
5.4335
5.5534
5.6399
5.6463
5.6491
5.6946
5.6872
5.6261
5.5433
5.4901
5.3775
5.3155
5.2855
5.2565
5.1535
5.0371
4.9731
4.8835
4.6934
4.4756
4.3566
4.2318
4.0042
3.8159
3.7431
3.6044
3.4986
3.4835
3.4726
3.5144
3.5837
3.7055
3.7753
3.876
4.0085
4.1583
4.1902
4.1858
4.271
4.3859
4.4355
4.4669
4.6074
4.7515
4.8746
5.0088
5.0927
5.238
5.3366
5.4477
5.4361
5.3648
5.2972
5.2677
5.1804
4.9422
4.8025
4.7575
4.649
4.4469
4.2944
4.1799
4.0698
3.9521
3.9251
3.8792
3.7754
3.702
3.627
3.5412
3.3473
3.1931
3.1436
3.1212
3.0952
3.1098
3.1618
3.2461
3.3857
3.5357
3.6948
3.8095
3.9438
4.0909
4.1777
4.2317
4.2775
4.2649
4.2349
4.2538
4.3407
4.3974
4.4023
4.3878
4.393
4.4212
4.435
4.5077
4.4943
4.3458
4.1883
4.0996
4.0359
3.9039
3.7239
3.5869
3.447
3.365
3.3582
3.359
3.2853
3.197
3.1817
3.2224
3.2268
3.2079
3.2131
3.1364
3.0292
2.9843
3.0372
3.0523
3.0762
3.1757
3.2686
3.286
3.3089
3.4293
3.5485
3.5953
3.6736
3.6754
3.5552
3.4177
3.3951
3.4159
3.3967
3.3621
3.3527
3.3307
3.2382
3.1962
3.2528
3.2995
3.2855
3.2656
3.1882
3.0396
2.8526
2.7419
2.7087
2.6754
2.6794
2.6718
2.6613
2.6336
2.6422
2.7201
2.7509
2.7917
2.8223
2.8274
2.7573
2.6754
2.6167
2.595
2.6187
2.6696
2.7156
2.7695
2.7897
2.7818
2.809
2.8595
2.8919
2.8675
2.8616
2.8382
2.734
2.5642
2.4483
2.3929
2.318
2.3422
2.4143
2.4046
2.3522
2.3685
2.4283
2.4138
2.382
2.36
2.3215
2.2571
2.1789
2.1449
2.1207
2.1463
2.1581
2.1502
2.1321
2.1388
2.1434
2.1581
2.111
2.0353
1.9075
1.7573
1.6253
1.5198
1.3857
1.2732
1.2714
1.2656
1.2148
1.2232
1.2695
1.2531
1.2192
1.1719
1.1031
0.99393
0.88806
0.82434
0.80257
0.8323
0.90435
1.023
1.1423
1.226
1.3211
1.4169
1.4881
1.5465
1.5786
1.5819
1.5457
1.5097
1.4919
1.4484
1.4062
1.3673
1.2539
1.0988
0.92561
0.76077
0.56041
0.34938
0.11743
-0.15055
-0.40509
-0.64127
-0.85051
-1.0363
-1.1816
-1.2527
-1.2636
-1.2816
-1.2953
-1.2689
-1.2564
-1.2265
-1.161
-1.0752
-0.954
-0.82752
-0.66348
-0.46548
-0.22424
0.059537
0.34898
0.60927
0.88551
1.14
1.3746
1.5784
1.7427
1.826
1.8296
1.8188
1.7689
1.6672
1.5429
1.3789
1.177
0.91316
0.65091
0.34685
-0.020888
-0.39596
-0.76699
-1.1647
-1.5718
-1.8609
-2.0873
-2.2833
-2.4218
-2.4694
-2.4884
-2.484
-2.4469
-2.419
-2.3982
-2.3855
-2.3152
-2.3009
-2.3175
-2.2566
-2.1865
-2.0708
-1.9487
-1.8355
-1.7054
-1.5626
-1.3378
-1.1557
-1.0163
-0.89301
-0.78293
-0.67995
-0.55298
-0.40335
-0.24898
-0.15009
-0.073318
-0.021
-0.02057
-0.05157
-0.13234
-0.31343
-0.59284
-0.89884
-1.2417
-1.6281
-1.9733
-2.3212
-2.6797
-3.0335
-3.3174
-3.5602
-3.7378
-3.8639
-3.9801
-4.0963
-4.1954
-4.2103
-4.2007
-4.1263
-4.0017
-3.8568
-3.7222
-3.5801
-3.4102
-3.1984
-2.9269
-2.6709
-2.475
-2.3481
-2.2324
-2.168
-2.1486
-2.0525
-1.9851
-1.9607
-1.9661
-1.9995
-2.0543
-2.0615
-2.0229
-2.041
-2.1518
-2.2959
-2.4509
-2.5869
-2.7529
-2.8879
-3.0882
-3.3764
-3.6599
-3.9188
-4.1403
-4.3261
-4.4834
-4.6548
-4.8298
-4.9801
-5.0837
-5.1431
-5.0925
-4.9997
-4.9203
-4.8552
-4.763
-4.6187
-4.3641
-4.0843
-3.8739
-3.7561
-3.6681
-3.6037
-3.5663
-3.4162
-3.2437
-3.1594
-3.1491
-3.1873
-3.271
-3.2473
-3.1785
-3.1409
-3.232
-3.3727
-3.5243
-3.6603
-3.7307
-3.7603
-3.8573
-4.0852
-4.3649
-4.6396
-4.8632
-4.9842
-5.1139
-5.3553
-5.6152
-5.8543
-6.0287
-6.0842
-6.0253
-5.9557
-5.97
-6.0159
-6.039
-5.9498
-5.7332
-5.4939
-5.387
-5.3452
-5.3417
-5.3469
-5.2859
-5.1376
-5.015
-5.0002
-5.0703
-5.1312
-5.1579
-5.0663
-4.9884
-5.0199
-5.1319
-5.2801
-5.3871
-5.4527
-5.425
-5.4874
-5.6849
-5.9961
-6.3185
-6.5993
-6.7746
-6.9097
-7.1194
-7.3576
-7.5978
-7.7796
-7.8656
-7.7965
-7.7279
-7.714
-7.7911
-7.8257
-7.7971
-7.6306
-7.4352
-7.3022
-7.3073
-7.3809
-7.4291
-7.3946
-7.2346
-7.0749
-6.9897
-6.9954
-7.0416
-7.0238
-6.8704
-6.7285
-6.711
-6.7553
-6.7983
-6.9487
-7.0775
-7.1323
-7.1795
-7.3673
-7.6901
-8.0315
-8.2801
-8.3768
-8.4611
-8.5823
-8.7312
-8.8869
-9.0413
-9.1165
-9.055
-8.9434
-8.9136
-8.9956
-9.0299
-9.0483
-8.954
-8.8723
-8.867
-8.8894
-8.943
-8.9476
-8.7691
-8.4608
-8.2473
-8.141
-8.0411
-7.9105
-7.8101
-7.5946
-7.4607
-7.4553
-7.4951
-7.6458
-7.7343
-7.8158
-7.7344
-7.7736
-7.9053
-8.1136
-8.2063
-8.1921
-8.1398
-8.1886
-8.3079
-8.4785
-8.7053
-8.8992
-8.9425
-8.941
-8.9105
-9.1228
-9.3892
-9.5574
-9.4542
-9.3204
-9.2577
-9.2885
-9.2851
-9.1952
-9.1071
-8.9755
-8.7586
-8.5658
-8.492
-8.4803
-8.4578
-8.351
-8.2667
-8.2321
-8.2284
-8.3
-8.3159
-8.2477
-7.9879
-7.7778
-7.7601
-7.8633
-7.9941
-8.0412
-8.0352
-8.0978
-8.3134
-8.5643
-8.8643
-9.0895
-9.1199
-9.0796
-9.0874
-9.1976
-9.324
-9.332
-9.2567
-9.1869
-9.1812
-9.2239
-9.2872
-9.3194
-9.2469
-9.1306
-8.9948
-8.9791
-8.9585
-8.911
-8.8258
-8.6725
-8.5511
-8.4536
-8.3793
-8.3804
-8.3471
-8.2972
-8.189
-8.1313
-8.1556
-8.2696
-8.3701
-8.4287
-8.4321
-8.4492
-8.538
-8.5784
-8.6013
-8.6388
-8.6094
-8.5299
-8.5245
-8.7138
-8.8502
-8.9571
-8.9682
-9.0467
-9.1699
-9.2832
-9.452
-9.4822
-9.3737
-9.1132
-8.9414
-8.9291
-9.0167
-9.0599
-9.0055
-8.8959
-8.746
-8.6658
-8.6913
-8.8139
-8.8554
-8.7368
-8.4442
-8.2267
-8.0999
-8.1091
-8.1417
-8.1249
-8.1151
-8.148
-8.2679
-8.4101
-8.5227
-8.6302
-8.602
-8.6042
-8.6825
-8.8235
-8.8553
-8.8018
-8.7262
-8.7304
-8.7941
-8.9092
-9.0573
-9.1667
-9.1121
-8.9491
-8.9172
-9.012
-9.1417
-9.1919
-9.135
-9.0188
-8.8781
-8.7671
-8.7247
-8.7329
-8.6056
-8.4451
-8.3537
-8.3362
-8.3975
-8.4321
-8.4238
-8.3199
-8.273
-8.2636
-8.3182
-8.3424
-8.3691
-8.2886
-8.2003
-8.2639
-8.4366
-8.5827
-8.6662
-8.7335
-8.8176
-8.8972
-8.9671
-9.1149
-9.1578
-9.0433
-8.8359
-8.724
-8.7475
-8.8328
-8.9462
-8.9822
-8.9749
-8.9858
-9.0649
-9.1572
-9.195
-9.0463
-8.7854
-8.5011
-8.3363
-8.3076
-8.3009
-8.2725
-8.2193
-8.2191
-8.2705
-8.3616
-8.4492
-8.4709
-8.3273
-8.2278
-8.1863
-8.2293
-8.2814
-8.3257
-8.3494
-8.3809
-8.4835
-8.647
-8.7948
-8.896
-8.9143
-8.8836
-8.8616
-8.9504
-9.0664
-9.1119
-9.0693
-9.0027
-8.9892
-8.9921
-9.0504
-9.1003
-9.0534
-8.8304
-8.6893
-8.6349
-8.6838
-8.6875
-8.6361
-8.5539
-8.4993
-8.4698
-8.5211
-8.5999
-8.5475
-8.4203
-8.2989
-8.2768
-8.3703
-8.4642
-8.4793
-8.4602
-8.4395
-8.4487
-8.516
-8.6356
-8.6793
-8.5771
-8.4961
-8.5363
-8.6806
-8.7942
-8.8737
-8.8929
-8.8554
-8.8512
-8.9106
-8.9183
-8.8215
-8.6769
-8.5035
-8.42
-8.4292
-8.5143
-8.5299
-8.4948
-8.4496
-8.4349
-8.4219
-8.4288
-8.4411
-8.2918
-8.0329
-7.8921
-7.8842
-7.9789
-8.0287
-8.0212
-7.9476
-7.9737
-8.0678
-8.2143
-8.2849
-8.2565
-8.1114
-8.0092
-8.0579
-8.2198
-8.3752
-8.4155
-8.4426
-8.5004
-8.5871
-8.7354
-8.8707
-8.8283
-8.6478
-8.4678
-8.4072
-8.414
-8.4858
-8.4468
-8.3707
-8.2711
-8.2484
-8.292
-8.4089
-8.4062
-8.2599
-8.0467
-7.916
-7.9497
-7.9957
-7.9872
-7.987
-7.9778
-8.0141
-8.1076
-8.2116
-8.2384
-8.1677
-8.1108
-8.1053
-8.1571
-8.2352
-8.2294
-8.1711
-8.19
-8.2741
-8.3682
-8.4582
-8.4249
-8.2486
-8.1358
-8.1662
-8.2728
-8.3049
-8.2808
-8.1977
-8.14
-8.1059
-8.2125
-8.2961
-8.2257
-8.0367
-7.8076
-7.7388
-7.8358
-7.9539
-7.98
-7.8981
-7.8317
-7.7893
-7.87
-8.034
-8.1476
-8.0462
-7.8412
-7.7377
-7.8015
-7.9564
-8.1543
-8.1981
-8.1877
-8.1672
-8.2267
-8.31
-8.4246
-8.3976
-8.247
-8.1767
-8.1669
-8.2043
-8.2817
-8.3581
-8.3991
-8.3502
-8.3028
-8.3084
-8.2372
-8.1081
-7.9747
-7.889
-7.8165
-7.754
-7.6947
-7.6604
-7.7175
-7.7639
-7.7418
-7.7171
-7.6235
-7.4213
-7.2462
-7.232
-7.3052
-7.3228
-7.276
-7.2108
-7.2178
-7.3445
-7.5224
-7.6369
-7.6087
-7.4273
-7.2078
-7.1387
-7.2917
-7.4344
-7.482
-7.4128
-7.3431
-7.3402
-7.5196
-7.7122
-7.6975
-7.5178
-7.2388
-7.0841
-7.045
-7.1909
-7.2297
-7.1931
-7.049
-6.9627
-6.9579
-7.0852
-7.1377
-6.9669
-6.706
-6.4855
-6.4008
-6.4111
-6.4983
-6.5581
-6.5548
-6.4725
-6.4018
-6.4079
-6.4784
-6.4472
-6.3263
-6.2018
-6.1462
-6.1111
-6.1207
-6.2242
-6.3391
-6.3929
-6.3768
-6.3346
-6.2679
-6.2291
-6.1939
-6.1411
-6.115
-6.1009
-6.0048
-5.9815
-6.0523
-6.1776
-6.2359
-6.2197
-6.0706
-5.9052
-5.8332
-5.8663
-5.9298
-5.9379
-5.8482
-5.7418
-5.7112
-5.797
-5.9718
-6.0596
-5.9457
-5.7645
-5.6336
-5.75
-5.9365
-6.0239
-6.0063
-5.906
-5.8428
-5.9151
-6.1368
-6.3347
-6.329
-6.1818
-6.0244
-6.061
-6.2506
-6.3704
-6.3442
-6.2206
-6.1026
-6.0913
-6.1482
-6.3323
-6.3054
-6.1286
-5.9305
-5.8477
-5.9167
-6.0083
-6.0354
-5.941
-5.7962
-5.7026
-5.6771
-5.8107
-5.847
-5.7641
-5.6173
-5.5046
-5.4744
-5.5478
-5.6062
-5.6745
-5.6431
-5.633
-5.6457
-5.6801
-5.7163
-5.7608
-5.7456
-5.7431
-5.7287
-5.7658
-5.8561
-5.966
-5.9991
-6.0303
-6.0608
-6.0142
-5.9233
-5.8961
-5.9396
-5.9505
-5.973
-5.9031
-5.91
-5.9588
-6.0353
-6.0492
-6.0148
-5.8367
-5.6031
-5.5461
-5.6797
-5.8015
-5.8266
-5.6899
-5.6371
-5.6927
-5.8124
-5.9048
-5.9345
-5.8252
-5.6294
-5.5584
-5.7076
-5.9814
-6.08
-6.0437
-5.9156
-5.8979
-5.9993
-6.1259
-6.1831
-6.0769
-5.8513
-5.7109
-5.7809
-5.985
-6.1034
-6.0701
-5.9413
-5.8594
-5.9208
-6.0709
-6.1785
-6.0589
-5.8482
-5.6737
-5.6582
-5.7815
-5.9662
-6.0468
-5.9911
-5.9279
-5.9439
-6.0895
-6.1671
-6.0652
-5.8218
-5.6321
-5.5874
-5.6368
-5.803
-5.9127
-5.9016
-5.8216
-5.7971
-5.876
-5.9468
-5.8738
-5.7306
-5.6383
-5.6242
-5.6378
-5.7397
-5.9279
-6.0131
-6.0091
-5.9501
-5.9498
-5.9559
-5.9062
-5.7841
-5.7129
-5.6414
-5.5793
-5.6015
-5.7187
-5.8389
-5.833
-5.7817
-5.7828
-5.7448
-5.7202
-5.6734
-5.6684
-5.6471
-5.6027
-5.5937
-5.6953
-5.8551
-5.9665
-5.9887
-5.926
-5.8203
-5.7323
-5.6935
-5.7021
-5.6835
-5.6274
-5.5418
-5.6473
-5.8369
-6.016
-6.1032
-6.0266
-5.8723
-5.7503
-5.7473
-5.8131
-5.8585
-5.7717
-5.7139
-5.6659
-5.7861
-5.939
-5.9814
-5.8813
-5.682
-5.5576
-5.5685
-5.6544
-5.7024
-5.6676
-5.5733
-5.5369
-5.5936
-5.7709
-5.9278
-5.8518
-5.6501
-5.4924
-5.5168
-5.5879
-5.6084
-5.5668
-5.4745
-5.3863
-5.4864
-5.7124
-5.8936
-5.8537
-5.6277
-5.4964
-5.4988
-5.5967
-5.6548
-5.6484
-5.5861
-5.5171
-5.539
-5.7336
-5.8268
-5.7642
-5.5657
-5.427
-5.4421
-5.5139
-5.5355
-5.514
-5.4483
-5.3682
-5.3341
-5.4012
-5.4836
-5.4302
-5.2595
-5.1502
-5.1269
-5.1647
-5.2029
-5.1877
-5.1745
-5.0873
-5.0926
-5.1985
-5.3207
-5.2975
-5.2369
-5.1344
-5.0996
-5.1116
-5.14
-5.1813
-5.1637
-5.116
-5.0799
-5.1316
-5.1783
-5.1638
-5.1244
-5.098
-5.1035
-5.1221
-5.1594
-5.1755
-5.1587
-5.1145
-5.0599
-5.0532
-5.0708
-5.0802
-5.113
-5.088
-5.0717
-5.069
-5.0843
-5.1149
-5.088
-5.0374
-5.0184
-4.9786
-4.964
-5.0137
-5.0199
-5.0156
-4.967
-4.9763
-5.0228
-5.0717
-5.1037
-5.145
-5.1257
-5.0205
-4.9481
-4.9823
-5.0697
-5.1036
-5.0496
-5.0458
-5.0657
-5.1341
-5.1781
-5.2077
-5.1658
-5.0284
-4.9719
-5.0797
-5.2028
-5.2218
-5.1416
-5.0488
-5.0396
-5.0497
-5.0643
-5.094
-4.9944
-4.8482
-4.7885
-4.9015
-5.0635
-5.1049
-5.0177
-4.932
-4.9214
-4.9552
-5.0467
-5.0689
-4.9593
-4.7131
-4.6543
-4.7909
-5.0141
-5.1294
-5.0982
-5.03
-5.0101
-5.0196
-5.0926
-5.1018
-4.9419
-4.7467
-4.7117
-4.8707
-5.0523
-5.1265
-5.0958
-5.0003
-4.9359
-4.9252
-4.9952
-4.9573
-4.8072
-4.5948
-4.5737
-4.7298
-4.9226
-5.0229
-5.0132
-4.948
-4.9342
-5.0232
-5.0877
-5.0778
-4.8729
-4.7186
-4.7426
-4.9828
-5.2688
-5.4223
-5.4025
-5.3685
-5.3677
-5.4719
-5.5509
-5.5089
-5.3252
-5.1989
-5.2468
-5.4584
-5.7139
-5.8191
-5.7787
-5.7229
-5.7473
-5.8845
-5.9053
-5.8005
-5.6068
-5.4731
-5.4896
-5.7184
-5.9685
-6.0837
-6.0563
-6.0473
-6.1421
-6.2493
-6.2175
-6.1019
-5.973
-5.9317
-6.048
-6.2602
-6.5049
-6.6021
-6.6109
-6.5878
-6.6415
-6.705
-6.6683
-6.599
-6.57
-6.5462
-6.5622
-6.6989
-6.8645
-6.9527
-6.9518
-6.9715
-6.9868
-6.9266
-6.7772
-6.6571
-6.5827
-6.5379
-6.5481
-6.677
-6.8343
-6.9182
-6.939
-6.9642
-6.9428
-6.8469
-6.7229
-6.6602
-6.6305
-6.5821
-6.6105
-6.7131
-6.8814
-6.9206
-6.929
-6.9238
-6.9224
-6.8429
-6.7802
-6.7455
-6.7143
-6.6758
-6.7216
-6.8966
-7.0626
-7.1474
-7.1962
-7.1827
-7.1135
-6.9829
-6.9028
-6.9007
-6.951
-6.9587
-7.0382
-7.1806
-7.3355
-7.4392
-7.4805
-7.4762
-7.4043
-7.331
-7.3237
-7.3863
-7.4014
-7.3962
-7.4237
-7.607
-7.7586
-7.8946
-7.9352
-7.8541
-7.714
-7.6025
-7.6255
-7.6538
-7.6498
-7.5834
-7.6571
-7.7694
-7.944
-8.0179
-7.9702
-7.7579
-7.6137
-7.5727
-7.6296
-7.6671
-7.5989
-7.5187
-7.5357
-7.6216
-7.7477
-7.7868
-7.6941
-7.5341
-7.4213
-7.451
-7.4867
-7.4996
-7.4602
-7.4483
-7.4798
-7.5883
-7.7935
-7.8196
-7.7012
-7.5565
-7.5146
-7.5907
-7.6754
-7.7268
-7.7432
-7.7362
-7.8296
-7.9896
-8.126
-8.1904
-8.0839
-8.0183
-8.0116
-8.1002
-8.1344
-8.1165
-8.0773
-8.0565
-8.1631
-8.4015
-8.5497
-8.5257
-8.3603
-8.265
-8.3257
-8.3811
-8.4414
-8.4108
-8.3513
-8.37
-8.5352
-8.7548
-8.8729
-8.7393
-8.5832
-8.5376
-8.6233
-8.671
-8.6571
-8.556
-8.4473
-8.459
-8.6199
-8.8438
-8.8231
-8.6556
-8.4436
-8.4143
-8.4009
-8.404
-8.3544
-8.2884
-8.2077
-8.2563
-8.4269
-8.5416
-8.4415
-8.2549
-8.1117
-8.1506
-8.1693
-8.1727
-8.1521
-8.087
-8.0175
-8.0625
-8.224
-8.3216
-8.2407
-8.0618
-8.0312
-8.0678
-8.1431
-8.162
-8.1989
-8.1604
-8.158
-8.2902
-8.4576
-8.4836
-8.3325
-8.2125
-8.2221
-8.3145
-8.3769
-8.4244
-8.3901
-8.3319
-8.295
-8.438
-8.5983
-8.6269
-8.5032
-8.4688
-8.4713
-8.531
-8.5224
-8.5421
-8.4764
-8.3844
-8.3876
-8.5296
-8.6589
-8.5679
-8.4525
-8.3918
-8.414
-8.4463
-8.459
-8.4529
-8.4156
-8.3759
-8.4192
-8.5807
-8.615
-8.592
-8.4852
-8.4856
-8.4956
-8.4918
-8.4806
-8.4903
-8.4352
-8.4176
-8.4856
-8.5543
-8.555
-8.4484
-8.3786
-8.3863
-8.4162
-8.4804
-8.4957
-8.5102
-8.4847
-8.501
-8.5658
-8.5957
-8.5791
-8.4946
-8.5141
-8.5415
-8.6111
-8.6237
-8.6311
-8.5666
-8.5095
-8.5294
-8.5913
-8.6571
-8.6574
-8.6406
-8.6217
-8.61
-8.6445
-8.6637
-8.6537
-8.6102
-8.5869
-8.5997
-8.6334
-8.6254
-8.6358
-8.6021
-8.5594
-8.552
-8.538
-8.5145
-8.4771
-8.4498
-8.4436
-8.4381
-8.4365
-8.4289
-8.4288
-8.3903
-8.3628
-8.3613
-8.3798
-8.3691
-8.4004
-8.4539
-8.3993
-8.3501
-8.2918
-8.3005
-8.3254
-8.3901
-8.4133
-8.434
-8.4046
-8.3923
-8.3858
-8.3993
-8.4079
-8.386
-8.431
-8.4949
-8.5313
-8.5437
-8.5531
-8.5617
-8.5418
-8.5396
-8.5544
-8.5217
-8.4868
-8.4516
-8.4769
-8.5449
-8.5535
-8.545
-8.5779
-8.5752
-8.5779
-8.5869
-8.5904
-8.5844
-8.5176
-8.5132
-8.6031
-8.6118
-8.593
-8.5706
-8.5782
-8.6105
-8.6182
-8.669
-8.6853
-8.5673
-8.4819
-8.5152
-8.6002
-8.6719
-8.7053
-8.7303
-8.7365
-8.6914
-8.6931
-8.7132
-8.7042
-8.6067
-8.6139
-8.726
-8.8335
-8.8416
-8.8345
-8.8217
-8.8047
-8.8125
-8.8653
-8.9025
-8.8402
-8.7108
-8.7449
-8.8576
-8.9266
-8.9464
-8.9551
-8.9809
-9.0085
-9.025
-9.0825
-9.0927
-8.9618
-8.888
-8.9508
-9.0844
-9.153
-9.1425
-9.1364
-9.1465
-9.1509
-9.2193
-9.269
-9.1597
-8.9611
-8.9301
-9.0718
-9.2569
-9.3026
-9.2546
-9.2079
-9.1757
-9.2099
-9.2944
-9.3149
-9.1661
-9.0134
-9.0641
-9.2383
-9.3498
-9.358
-9.3004
-9.2673
-9.2483
-9.3184
-9.4477
-9.4091
-9.2193
-9.1073
-9.175
-9.3472
-9.4574
-9.4876
-9.4758
-9.4657
-9.4704
-9.5471
-9.5921
-9.4491
-9.3188
-9.327
-9.5476
-9.6998
-9.7662
-9.7049
-9.6553
-9.6213
-9.6566
-9.7494
-9.7101
-9.5387
-9.4053
-9.4903
-9.6635
-9.7858
-9.8019
-9.7842
-9.7726
-9.7959
-9.8978
-9.972
-9.8934
-9.7068
-9.6823
-9.8303
-10.016
-10.083
-10.059
-10.024
-10.001
-10.041
-10.15
-10.118
-9.9049
-9.7473
-9.7702
-9.9713
-10.151
-10.184
-10.099
-10.01
-9.9849
-10.07
-10.135
-10.037
-9.8313
-9.7125
-9.8132
-9.9556
-10.031
-9.9571
-9.8879
-9.8019
-9.8163
-9.8906
-9.8598
-9.6355
-9.4047
-9.3707
-9.5309
-9.666
-9.7043
-9.6603
-9.5554
-9.5151
-9.5207
-9.562
-9.4123
-9.1879
-9.0759
-9.1775
-9.324
-9.4343
-9.3798
-9.2479
-9.1527
-9.1317
-9.2075
-9.1646
-9.0001
-8.8178
-8.7515
-8.8656
-8.9911
-9.0316
-8.9902
-8.9296
-8.9269
-8.9752
-9.035
-8.9487
-8.7924
-8.6976
-8.8012
-8.9706
-9.1231
-9.1342
-9.0891
-9.0627
-9.0908
-9.146
-9.0978
-8.8975
-8.731
-8.6954
-8.8494
-9.0156
-9.0835
-9.0294
-8.9823
-8.9919
-9.0308
-9.0974
-9.0428
-8.9206
-8.8605
-8.9005
-9.0201
-9.1049
-9.1128
-9.1066
-9.0834
-9.1449
-9.1284
-9.0547
-8.8847
-8.6973
-8.6841
-8.8065
-8.9913
-9.0733
-9.0376
-8.9437
-8.9121
-8.9088
-8.912
-8.7975
-8.6387
-8.5277
-8.5182
-8.5931
-8.6832
-8.7037
-8.6198
-8.5663
-8.565
-8.5823
-8.4635
-8.2945
-8.1133
-8.0201
-8.1009
-8.2432
-8.3624
-8.3381
-8.249
-8.1799
-8.1743
-8.1514
-8.0513
-7.8971
-7.8067
-7.7762
-7.9179
-8.0499
-8.1341
-8.0697
-8.0197
-8.0868
-8.1039
-8.0523
-7.9379
-7.8558
-7.8085
-7.8961
-8.011
-8.1488
-8.1495
-8.091
-8.0537
-8.0945
-8.0648
-8.0068
-7.8869
-7.7653
-7.7308
-7.8132
-7.976
-8.1057
-8.08
-8.0252
-8.0215
-8.0105
-7.9189
-7.7993
-7.7033
-7.6859
-7.6836
-7.7757
-7.8637
-7.8673
-7.8263
-7.8054
-7.8474
-7.8098
-7.7054
-7.5698
-7.4424
-7.4194
-7.4628
-7.6351
-7.7708
-7.7449
-7.6886
-7.7026
-7.7222
-7.6048
-7.4409
-7.3034
-7.2811
-7.3215
-7.4682
-7.5941
-7.6109
-7.5149
-7.4979
-7.6139
-7.6369
-7.533
-7.4142
-7.3679
-7.3645
-7.523
-7.7123
-7.8659
-7.8686
-7.8959
-8.0027
-8.0825
-8.0292
-7.9109
-7.8587
-7.8862
-7.9929
-8.1783
-8.3488
-8.4068
-8.3807
-8.4026
-8.5186
-8.4917
-8.3964
-8.2957
-8.2914
-8.3387
-8.4312
-8.5625
-8.6549
-8.631
-8.6275
-8.6673
-8.7407
-8.6006
-8.4801
-8.4097
-8.3891
-8.4238
-8.5735
-8.7225
-8.7691
-8.7521
-8.7894
-8.8521
-8.8036
-8.6422
-8.5193
-8.5186
-8.5965
-8.7115
-8.8403
-8.9244
-8.9147
-8.9122
-8.9825
-9.0998
-9.0375
-8.9119
-8.8454
-8.8563
-8.9088
-9.0765
-9.282
-9.3648
-9.3954
-9.4702
-9.5485
-9.5395
-9.4172
-9.3035
-9.3088
-9.4069
-9.478
-9.6852
-9.7696
-9.7901
-9.7857
-9.8679
-9.951
-9.9103
-9.7891
-9.7801
-9.7847
-9.8098
-9.9236
-10.124
-10.238
-10.264
-10.334
-10.342
-10.284
-10.125
-10.052
-10.069
-10.076
-10.108
-10.206
-10.303
-10.374
-10.318
-10.377
-10.281
-10.15
-9.9877
-9.9704
-9.991
-9.9968
-10.009
-10.093
-10.143
-10.132
-10.172
-10.211
-10.132
-9.9758
-9.8888
-9.8981
-9.9174
-9.9892
-10.123
-10.259
-10.293
-10.347
-10.454
-10.486
-10.37
-10.266
-10.265
-10.366
-10.468
-10.588
-10.742
-10.828
-10.814
-10.867
-10.937
-10.931
-10.857
-10.82
-10.816
-10.786
-10.859
-11.019
-11.194
-11.262
-11.312
-11.284
-11.243
-11.104
-11.053
-11.074
-11.126
-11.107
-11.13
-11.202
-11.284
-11.292
-11.325
-11.307
-11.183
-11.031
-10.976
-10.987
-10.993
-11.017
-11.116
-11.241
-11.329
-11.393
-11.397
-11.343
-11.177
-11.113
-11.132
-11.185
-11.238
-11.273
-11.368
-11.43
-11.446
-11.546
-11.533
-11.47
-11.343
-11.261
-11.262
-11.279
-11.32
-11.453
-11.576
-11.634
-11.643
-11.641
-11.552
-11.457
-11.42
-11.428
-11.406
-11.395
-11.386
-11.508
-11.595
-11.674
-11.677
-11.611
-11.447
-11.351
-11.368
-11.432
-11.41
-11.405
-11.442
-11.573
-11.629
-11.721
-11.697
-11.584
-11.431
-11.355
-11.347
-11.375
-11.41
-11.442
-11.499
-11.56
-11.654
-11.669
-11.624
-11.498
-11.392
-11.372
-11.409
-11.431
-11.445
-11.501
-11.63
-11.73
-11.823
-11.782
-11.66
-11.511
-11.439
-11.455
-11.491
-11.489
-11.511
-11.591
-11.676
-11.732
-11.742
-11.678
-11.56
-11.499
-11.472
-11.502
-11.507
-11.466
-11.521
-11.591
-11.737
-11.809
-11.767
-11.592
-11.439
-11.377
-11.408
-11.443
-11.502
-11.493
-11.524
-11.565
-11.635
-11.672
-11.636
-11.521
-11.441
-11.419
-11.472
-11.544
-11.574
-11.617
-11.697
-11.849
-11.923
-11.9
-11.784
-11.679
-11.679
-11.731
-11.793
-11.81
-11.801
-11.873
-11.995
-12.152
-12.149
-12.046
-11.928
-11.893
-11.914
-12.015
-12.048
-12.025
-12.035
-12.159
-12.323
-12.421
-12.348
-12.182
-12.073
-12.05
-12.102
-12.154
-12.137
-12.074
-12.102
-12.279
-12.403
-12.389
-12.239
-12.095
-12.077
-12.112
-12.197
-12.251
-12.205
-12.188
-12.282
-12.436
-12.519
-12.437
-12.315
-12.238
-12.23
-12.299
-12.388
-12.428
-12.383
-12.415
-12.56
-12.664
-12.637
-12.515
-12.413
-12.411
-12.468
-12.579
-12.637
-12.586
-12.545
-12.646
-12.837
-12.918
-12.803
-12.651
-12.537
-12.551
-12.658
-12.774
-12.789
-12.688
-12.708
-12.794
-12.95
-12.915
-12.814
-12.702
-12.671
-12.682
-12.773
-12.814
-12.773
-12.745
-12.934
-13.076
-13.145
-12.975
-12.845
-12.811
-12.881
-12.987
-13.072
-13.071
-12.987
-13.029
-13.228
-13.309
-13.272
-13.159
-13.093
-13.099
-13.161
-13.262
-13.279
-13.289
-13.322
-13.503
-13.668
-13.646
-13.516
-13.38
-13.37
-13.385
-13.466
-13.51
-13.49
-13.442
-13.526
-13.71
-13.775
-13.669
-13.54
-13.485
-13.475
-13.556
-13.65
-13.666
-13.615
-13.654
-13.798
-13.993
-13.971
-13.858
-13.803
-13.783
-13.828
-13.955
-14.051
-14.106
-14.069
-14.199
-14.366
-14.436
-14.357
-14.283
-14.269
-14.276
-14.375
-14.485
-14.469
-14.428
-14.462
-14.678
-14.804
-14.772
-14.608
-14.507
-14.465
-14.532
-14.658
-14.783
-14.733
-14.705
-14.791
-14.966
-14.979
-14.948
-14.879
-14.835
-14.789
-14.863
-14.925
-14.917
-14.874
-14.953
-15.133
-15.235
-15.136
-15.04
-14.992
-15.034
-15.135
-15.233
-15.311
-15.257
-15.265
-15.391
-15.572
-15.624
-15.527
-15.498
-15.494
-15.515
-15.584
-15.672
-15.679
-15.711
-15.885
-16.095
-16.142
-16.006
-15.913
-15.962
-16.047
-16.126
-16.214
-16.204
-16.094
-16.189
-16.402
-16.578
-16.538
-16.389
-16.306
-16.313
-16.382
-16.476
-16.541
-16.454
-16.427
-16.528
-16.718
-16.712
-16.596
-16.52
-16.503
-16.5
-16.551
-16.588
-16.59
-16.477
-16.557
-16.703
-16.77
-16.648
-16.495
-16.432
-16.413
-16.42
-16.481
-16.469
-16.399
-16.301
-16.425
-16.554
-16.516
-16.389
-16.289
-16.216
-16.221
-16.28
-16.367
-16.284
-16.211
-16.265
-16.429
-16.471
-16.39
-16.249
-16.168
-16.121
-16.132
-16.171
-16.186
-16.073
-15.948
-15.99
-16.056
-15.98
-15.858
-15.725
-15.611
-15.523
-15.524
-15.535
-15.441
-15.301
-15.27
-15.319
-15.338
-15.205
-15.046
-14.91
-14.763
-14.739
-14.787
-14.791
-14.679
-14.559
-14.583
-14.612
-14.555
-14.496
-14.433
-14.325
-14.236
-14.294
-14.348
-14.273
-14.203
-14.227
-14.334
-14.345
-14.267
-14.198
-14.14
-14.086
-14.113
-14.23
-14.291
-14.204
-14.231
-14.341
-14.433
-14.404
-14.388
-14.368
-14.346
-14.345
-14.427
-14.507
-14.489
-14.48
-14.548
-14.597
-14.585
-14.524
-14.506
-14.492
-14.49
-14.571
-14.624
-14.574
-14.43
-14.445
-14.596
-14.689
-14.666
-14.528
-14.393
-14.282
-14.267
-14.378
-14.463
-14.399
-14.299
-14.309
-14.31
-14.265
-14.193
-14.125
-13.991
-13.866
-13.866
-13.909
-13.793
-13.679
-13.619
-13.66
-13.634
-13.535
-13.403
-13.286
-13.175
-13.218
-13.297
-13.312
-13.16
-13.059
-13.122
-13.174
-13.16
-13.1
-13.012
-12.906
-12.868
-12.965
-13.035
-12.978
-12.948
-12.982
-13.072
-13.06
-13.043
-13.014
-12.982
-12.937
-13.007
-13.086
-13.094
-12.969
-12.998
-13.073
-13.118
-13.131
-13.09
-13.02
-12.936
-12.911
-13.01
-13.056
-13.023
-12.986
-13.039
-13.062
-13.004
-12.989
-12.987
-12.924
-12.869
-12.882
-12.939
-12.918
-12.913
-12.935
-12.987
-13.001
-12.954
-12.912
-12.876
-12.792
-12.822
-12.871
-12.92
-12.827
-12.785
-12.832
-12.886
-12.861
-12.823
-12.74
-12.636
-12.592
-12.703
-12.768
-12.683
-12.574
-12.552
-12.617
-12.691
-12.654
-12.587
-12.444
-12.337
-12.377
-12.496
-12.531
-12.404
-12.34
-12.352
-12.433
-12.496
-12.488
-12.379
-12.262
-12.23
-12.341
-12.423
-12.382
-12.257
-12.223
-12.247
-12.313
-12.36
-12.336
-12.195
-12.103
-12.174
-12.328
-12.352
-12.271
-12.179
-12.177
-12.223
-12.287
-12.313
-12.208
-12.014
-11.961
-12.054
-12.154
-12.139
-11.99
-11.874
-11.842
-11.888
-11.931
-11.855
-11.683
-11.579
-11.649
-11.74
-11.652
-11.516
-11.393
-11.369
-11.38
-11.364
-11.24
-11.027
-10.845
-10.85
-10.909
-10.906
-10.687
-10.508
-10.402
-10.391
-10.391
-10.323
-10.122
-9.9089
-9.8225
-9.8793
-9.8562
-9.7233
-9.5512
-9.4555
-9.4295
-9.3949
-9.3519
-9.2123
-9.0637
-8.9996
-9.0691
-9.133
-8.9994
-8.8507
-8.7782
-8.8384
-8.9086
-8.9149
-8.8477
-8.7056
-8.6199
-8.6689
-8.7983
-8.8685
-8.7918
-8.7101
-8.6804
-8.7117
-8.7488
-8.7246
-8.6215
-8.4869
-8.4463
-8.5082
-8.5432
-8.4391
-8.3114
-8.2623
-8.278
-8.3028
-8.2551
-8.132
-7.967
-7.8777
-7.9424
-8.0496
-8.038
-7.8836
-7.7765
-7.7712
-7.8125
-7.8594
-7.8126
-7.6642
-7.4978
-7.461
-7.5568
-7.6181
-7.5972
-7.4326
-7.3343
-7.3042
-7.3269
-7.3617
-7.3351
-7.1952
-7.1134
-7.1239
-7.2003
-7.1193
-7.0392
-6.9075
-6.9156
-6.902
-6.8637
-6.7439
-6.5531
-6.3872
-6.3764
-6.4117
-6.3736
-6.1702
-5.9758
-5.8336
-5.7824
-5.7739
-5.6861
-5.4448
-5.1927
-5.0725
-5.0664
-5.0333
-4.88
-4.6767
-4.5148
-4.4512
-4.4357
-4.3807
-4.2636
-4.0534
-3.9871
-3.9849
-4.0003
-3.8958
-3.7262
-3.6404
-3.6291
-3.6911
-3.6657
-3.5943
-3.4179
-3.2984
-3.3176
-3.3878
-3.384
-3.3626
-3.2227
-3.1823
-3.146
-3.156
-3.1585
-3.115
-3.018
-2.982
-2.9331
-2.9418
-2.888
-2.8645
-2.7889
-2.7754
-2.7512
-2.741
-2.7044
-2.6257
-2.5634
-2.5651
-2.5861
-2.5701
-2.4575
-2.3914
-2.3521
-2.3598
-2.3622
-2.3308
-2.2027
-2.0676
-1.9906
-1.9852
-1.9338
-1.8467
-1.6918
-1.6085
-1.4773
-1.4
-1.3365
-1.2452
-1.0895
-1.0187
-0.97921
-0.9116
-0.79586
-0.69534
-0.57753
-0.56368
-0.51254
-0.43155
-0.33546
-0.2225
-0.17653
-0.15837
-0.13586
-0.087214
-0.017072
0.024112
0.056835
0.036457
0.048823
0.090772
0.17519
0.18149
0.17288
0.19722
0.24878
0.32405
0.38636
0.38815
0.38849
0.39808
0.47867
0.55288
0.63576
0.65828
0.6661
0.702
0.82076
0.9195
1.0285
1.0739
1.0545
1.0809
1.1437
1.2751
1.3865
1.4484
1.4625
1.5049
1.5659
1.6583
1.7436
1.8157
1.8562
1.898
1.9676
2.0409
2.0653
2.1152
2.146
2.2278
2.3188
2.3726
2.378
2.4211
2.4883
2.5848
2.6749
2.6984
2.6923
2.7501
2.8726
3.0053
3.0849
3.0969
3.1237
3.1822
3.2648
3.3675
3.4188
3.4575
3.4735
3.5608
3.6493
3.7064
3.7102
3.7291
3.7677
3.8086
3.8347
3.7966
3.7514
3.7685
3.7524
3.7068
3.6339
3.5899
3.5553
3.5459
3.5128
3.447
3.3409
3.2336
3.2098
3.2288
3.225
3.154
3.0223
2.9884
2.9506
2.976
2.9054
2.84
2.7572
2.7236
2.7453
2.7611
2.7131
2.6581
2.6415
2.7108
2.7441
2.7583
2.7196
2.7159
2.7613
2.8257
2.9095
2.9326
2.9103
2.9207
2.9738
3.0706
3.1091
3.1202
3.1056
3.0778
3.1326
3.1916
3.2502
3.2808
3.2502
3.2149
3.2048
3.2601
3.3076
3.3284
3.3007
3.2823
3.2987
3.3432
3.3844
3.3914
3.3408
3.3686
3.3675
3.3912
3.4027
3.4377
3.4507
3.4696
3.492
3.4795
3.5076
3.5325
3.6059
3.6639
3.6618
3.6602
3.632
3.6766
3.7325
3.8047
3.8283
3.807
3.835
3.8526
3.9061
3.9546
3.9294
3.8988
3.8553
3.914
3.9852
4.0247
4.0416
3.9614
3.9924
4.0422
4.1139
4.1588
4.1236
4.0747
4.0853
4.1295
4.1894
4.2182
4.2404
4.2036
4.2069
4.2377
4.2902
4.3283
4.3303
4.3037
4.3336
4.3866
4.4612
4.5189
4.5212
4.4873
4.5185
4.6199
4.6726
4.7002
4.659
4.6508
4.698
4.7363
4.7624
4.7642
4.7423
4.7316
4.7773
4.8331
4.8111
4.789
4.747
4.7707
4.8074
4.8469
4.8611
4.838
4.7867
4.815
4.8805
4.915
4.9332
4.8781
4.8724
4.9207
5.0181
5.1182
5.0873
5.0465
5.065
5.1285
5.2307
5.2415
5.2181
5.1907
5.1842
5.2128
5.224
5.2347
5.163
5.141
5.1271
5.1391
5.1427
5.1208
5.0729
5.0849
5.0702
5.0702
5.0026
4.9408
4.8756
4.9373
4.9771
4.9751
4.8852
4.8161
4.7637
4.8095
4.8656
4.8853
4.8636
4.7895
4.7804
4.8758
4.9416
4.957
4.9367
4.9592
4.9673
5.0043
5.0239
4.9859
4.9833
4.9695
5.0672
5.1676
5.1795
5.1391
5.1206
5.1905
5.2669
5.3913
5.4617
5.3861
5.3227
5.3363
5.4945
5.6575
5.6616
5.5869
5.5235
5.5112
5.6131
5.744
5.7423
5.609
5.5194
5.5808
5.7089
5.7819
5.78
5.7417
5.7149
5.7306
5.7968
5.8268
5.7413
5.6538
5.6373
5.7449
5.7736
5.7133
5.6163
5.5384
5.4872
5.5108
5.5424
5.4841
5.3085
5.2168
5.2266
5.2638
5.2424
5.1756
5.1126
5.0643
4.9954
4.9701
4.9325
4.8359
4.7551
4.7364
4.7563
4.7067
4.6516
4.6417
4.6493
4.6538
4.6164
4.6012
4.5251
4.4288
4.4099
4.5097
4.5475
4.5024
4.4551
4.4618
4.445
4.4464
4.4219
4.3771
4.2633
4.2019
4.2324
4.2729
4.2144
4.1291
4.0982
4.0556
4.0162
3.9967
3.932
3.79
3.6545
3.6679
3.7393
3.7205
3.6489
3.5727
3.5665
3.5282
3.4974
3.4851
3.4297
3.313
3.2749
3.3314
3.3895
3.3251
3.2992
3.2669
3.2563
3.2697
3.3113
3.2998
3.1403
3.0731
3.1375
3.2956
3.3336
3.3149
3.2631
3.202
3.1655
3.1769
3.2086
3.1306
2.9513
2.8562
2.8934
2.8879
2.8028
2.7269
2.6726
2.6048
2.4988
2.404
2.2436
2.0334
1.888
1.8989
1.8921
1.7286
1.5066
1.3831
1.2829
1.1884
1.0779
0.94267
0.71421
0.49442
0.38069
0.40742
0.32743
0.18708
0.12588
0.060718
-0.049651
-0.1883
-0.26174
-0.37311
-0.52195
-0.59432
-0.57067
-0.57444
-0.67257
-0.76995
-0.74441
-0.81086
-0.86037
-0.85804
-0.87597
-1.0129
-1.1519
-1.1652
-1.0654
-1.0416
-1.0576
-1.0642
-1.1437
-1.2398
-1.2936
-1.254
-1.3663
-1.5156
-1.6113
-1.51
-1.4685
-1.5045
-1.5335
-1.5535
-1.6326
-1.6724
-1.6697
-1.6864
-1.8364
-1.9416
-1.9263
-1.8407
-1.8564
-1.9258
-1.9595
-2.0276
-2.1591
-2.2065
-2.2392
-2.3712
-2.5862
-2.6986
-2.6656
-2.6794
-2.7526
-2.7909
-2.8624
-3.0055
-3.1124
-3.104
-3.1683
-3.3701
-3.4999
-3.5442
-3.4872
-3.4799
-3.445
-3.4704
-3.5962
-3.7412
-3.789
-3.7476
-3.8139
-3.9499
-3.9695
-3.9507
-3.9419
-3.927
-3.8666
-3.9066
-3.9526
-3.9819
-3.9596
-3.9983
-4.163
-4.1788
-4.078
-3.9424
-3.9272
-3.8951
-3.9108
-3.9846
-4.0683
-4.0668
-4.093
-4.177
-4.2686
-4.2187
-4.1561
-4.131
-4.1765
-4.1329
-4.1561
-4.1818
-4.2451
-4.2578
-4.3913
-4.54
-4.5196
-4.4052
-4.3457
-4.354
-4.3465
-4.3772
-4.4604
-4.5196
-4.5596
-4.6186
-4.7434
-4.9097
-4.8959
-4.8951
-4.9342
-4.9549
-4.9615
-5.0869
-5.2993
-5.4512
-5.5309
-5.6792
-5.8689
-5.9613
-5.9665
-5.9894
-6.0332
-6.0294
-6.0785
-6.2551
-6.3773
-6.4312
-6.4635
-6.5307
-6.619
-6.6155
-6.5853
-6.5128
-6.4166
-6.3547
-6.3626
-6.3835
-6.3598
-6.3191
-6.3839
-6.4075
-6.356
-6.1707
-6.0239
-5.8877
-5.7999
-5.7396
-5.8035
-5.7869
-5.6979
-5.6807
-5.6956
-5.7137
-5.6293
-5.5674
-5.4831
-5.3785
-5.3246
-5.3677
-5.432
-5.4667
-5.5311
-5.6888
-5.77
-5.7826
-5.7075
-5.6739
-5.6716
-5.7061
-5.8273
-5.9661
-6.0326
-6.0898
-6.2169
-6.4038
-6.4923
-6.4814
-6.4312
-6.3986
-6.4147
-6.4651
-6.5575
-6.6347
-6.6437
-6.7018
-6.7996
-6.8923
-6.8553
-6.7601
-6.6508
-6.601
-6.6023
-6.6266
-6.625
-6.6527
-6.7018
-6.8592
-6.9751
-6.9406
-6.7709
-6.6062
-6.5096
-6.5242
-6.5713
-6.5356
-6.4994
-6.4915
-6.611
-6.7495
-6.7867
-6.7251
-6.5808
-6.4756
-6.4143
-6.4842
-6.5069
-6.4783
-6.4939
-6.5757
-6.7181
-6.8302
-6.8171
-6.7911
-6.6767
-6.6648
-6.6943
-6.8061
-6.8462
-6.8173
-6.9297
-7.1068
-7.2742
-7.3956
-7.4063
-7.3646
-7.2362
-7.163
-7.2545
-7.4084
-7.4973
-7.466
-7.5395
-7.6546
-7.7626
-7.8745
-7.9375
-7.8364
-7.6564
-7.5844
-7.6891
-7.828
-7.8594
-7.8458
-7.9369
-8.0507
-8.123
-8.1946
-8.2
-8.0301
-7.884
-7.8096
-7.8621
-7.9323
-7.9782
-8.0117
-8.0625
-8.1316
-8.1571
-8.2207
-8.2238
-8.1131
-7.948
-7.8226
-7.7624
-7.7779
-7.8116
-7.8833
-7.866
-7.8346
-7.8497
-7.8653
-7.907
-7.8793
-7.7907
-7.659
-7.5307
-7.5989
-7.7823
-7.8721
-7.8537
-7.7886
-7.7479
-7.6897
-7.7114
-7.7356
-7.6326
-7.4372
-7.2504
-7.3007
-7.4598
-7.5471
-7.5128
-7.4265
-7.3277
-7.2934
-7.3587
-7.4793
-7.4079
-7.148
-6.9658
-7.0198
-7.2089
-7.3176
-7.2563
-7.0858
-6.8951
-6.8281
-6.8869
-7.0591
-7.0812
-6.8762
-6.6748
-6.6468
-6.713
-6.8647
-6.8922
-6.7496
-6.4843
-6.4043
-6.4649
-6.5683
-6.6769
-6.661
-6.5442
-6.4457
-6.3935
-6.5162
-6.6485
-6.6076
-6.4551
-6.4135
-6.4953
-6.5763
-6.7148
-6.8231
-6.8268
-6.7214
-6.6514
-6.6664
-6.7134
-6.7357
-6.7097
-6.6711
-6.6426
-6.6271
-6.7398
-6.9385
-7.0701
-6.9891
-6.834
-6.6935
-6.6723
-6.7971
-6.9652
-6.9525
-6.7809
-6.7196
-6.8383
-7.0932
-7.3057
-7.3721
-7.1832
-6.9154
-6.8032
-6.9683
-7.2307
-7.3305
-7.1653
-7.022
-7.0715
-7.2269
-7.4415
-7.5874
-7.5211
-7.2485
-7.0704
-7.0826
-7.2157
-7.3433
-7.3725
-7.2819
-7.1741
-7.1339
-7.1646
-7.2506
-7.2642
-7.2007
-7.0387
-6.9127
-6.8042
-6.8034
-6.888
-6.997
-6.8702
-6.6745
-6.5396
-6.4931
-6.4541
-6.4923
-6.4707
-6.2618
-5.9961
-5.928
-6.0151
-6.1314
-6.1363
-5.9387
-5.6421
-5.4546
-5.4866
-5.6425
-5.7295
-5.6432
-5.456
-5.3391
-5.3881
-5.4968
-5.5867
-5.5594
-5.3435
-5.0533
-4.918
-5.0061
-5.067
-5.06
-5.1036
-5.06
-4.9342
-4.8217
-4.8377
-4.7873
-4.7616
-4.6755
-4.5664
-4.3847
-4.2535
-4.3458
-4.5055
-4.6968
-4.7384
-4.6007
-4.4034
-4.2968
-4.2649
-4.329
-4.3642
-4.2708
-3.9567
-3.8394
-3.9583
-4.0371
-4.0468
-4.0306
-3.8602
-3.6583
-3.5179
-3.5558
-3.5196
-3.4775
-3.4297
-3.2947
-3.1381
-3.0431
-2.9975
-2.9172
-2.8103
-2.7649
-2.6613
-2.485
-2.401
-2.3667
-2.3844
-2.516
-2.5715
-2.3775
-2.1319
-2.0484
-2.0288
-2.0396
-2.133
-2.0935
-1.9286
-1.7903
-1.9311
-2.0579
-2.0584
-2.0398
-1.9784
-1.7461
-1.5924
-1.6484
-1.6997
-1.6128
-1.5981
-1.646
-1.6381
-1.6108
-1.638
-1.5783
-1.4492
-1.409
-1.4105
-1.2402
-1.0256
-0.97188
-0.93239
-1.0013
-1.0919
-1.1385
-1.0036
-0.87739
-0.80039
-0.75976
-0.75537
-0.7946
-0.72324
-0.48038
-0.38414
-0.43895
-0.44266
-0.38153
-0.40843
-0.42895
-0.30423
-0.21877
-0.23894
-0.18452
-0.011313
-0.014904
-0.12674
-0.091779
0.11454
0.21307
0.34146
0.48419
0.45887
0.32244
0.31789
0.59575
0.70681
0.70857
0.70672
0.7115
0.63671
0.76421
1.0185
1.2549
1.3191
1.4047
1.4781
1.4603
1.3415
1.328
1.3313
1.4031
1.5184
1.6938
1.6706
1.6417
1.6976
1.8613
2.0045
2.0385
1.9515
1.7176
1.5554
1.5337
1.6396
1.7214
1.7619
1.7787
1.7001
1.5781
1.6124
1.7329
1.843
1.8635
1.9163
1.8931
1.7675
1.6312
1.6986
1.798
1.8796
1.9748
1.9557
1.8049
1.5982
1.6207
1.8338
2.059
2.1692
2.2316
2.164
1.9522
1.8452
1.9611
1.9891
1.9679
1.9604
2.0098
1.9679
2.0097
2.1764
2.4174
2.5453
2.624
2.7325
2.6487
2.4049
2.2883
2.4001
2.5081
2.5464
2.673
2.719
2.6143
2.5876
2.6781
2.9338
3.0357
3.0063
2.9737
2.7973
2.596
2.5749
2.7406
2.8634
2.8295
2.7809
2.7049
2.5364
2.3862
2.4577
2.6728
2.7621
2.7447
2.7193
2.5697
2.3752
2.2891
2.3978
2.4866
2.409
2.2672
2.1514
2.028
1.9895
2.2218
2.5143
2.6708
2.6121
2.5511
2.4726
2.3552
2.2671
2.2914
2.3271
2.2807
2.2589
2.3324
2.3574
2.3762
2.5185
2.7322
2.8971
2.8884
2.8332
2.7983
2.7519
2.7033
2.8149
2.9735
3.058
3.0449
3.0153
2.9799
2.8626
2.8744
3.0685
3.2859
3.3746
3.3382
3.2858
3.2489
3.2328
3.3388
3.5304
3.525
3.3515
3.1395
3.1039
3.1119
3.2209
3.3222
3.4898
3.6126
3.6392
3.6964
3.6591
3.4842
3.3188
3.2725
3.3502
3.3494
3.2146
3.0676
3.0328
3.0671
3.1454
3.3132
3.3628
3.3063
3.1702
3.1174
3.1177
3.0537
2.9789
2.9702
3.0055
2.9976
2.926
2.8834
2.8574
2.9241
2.9423
3.0438
3.1647
3.224
3.2833
3.3377
3.4048
3.3848
3.3618
3.4115
3.4673
3.4351
3.2619
3.1457
3.1703
3.3722
3.5252
3.6443
3.6758
3.7035
3.7882
3.9226
4.0174
3.8388
3.5928
3.4395
3.4602
3.5542
3.5219
3.396
3.3601
3.4261
3.5195
3.694
3.7858
3.7902
3.6297
3.5085
3.4289
3.3982
3.3676
3.2872
3.2398
3.1052
2.976
3.0446
3.1847
3.186
3.0818
2.9109
2.9588
3.1284
3.2934
3.2596
3.1492
3.0817
3.073
3.0978
3.1459
3.143
3.0064
2.8055
2.6815
2.7054
2.8047
2.9911
3.0506
3.0676
3.0299
3.1378
3.282
3.418
3.299
2.9968
2.8134
2.806
2.8932
2.8792
2.7704
2.6731
2.6119
2.6617
2.7327
2.8875
2.9742
2.8181
2.5454
2.3454
2.3153
2.4075
2.4016
2.2207
1.9717
1.8532
1.8028
1.8512
1.9164
1.9299
1.7996
1.6964
1.6605
1.8167
2.0256
2.0814
1.9579
1.7867
1.7374
1.8313
1.967
1.9965
1.8656
1.6651
1.5626
1.6051
1.735
1.944
1.9508
1.9458
1.9451
2.0705
2.2501
2.3564
2.3383
2.1142
1.9232
1.8873
1.9699
2.1123
2.1474
2.0086
1.8249
1.7583
1.9324
2.1976
2.4193
2.4672
2.3455
2.1904
2.1095
2.1359
2.2027
2.2504
2.12
1.9111
1.8104
1.8015
1.8731
1.9328
1.9536
1.8842
1.8096
1.7946
1.907
2.1078
2.1836
2.0116
1.7896
1.6746
1.7143
1.8013
1.8658
1.8232
1.5799
1.3615
1.2825
1.4166
1.5659
1.616
1.4616
1.3366
1.3594
1.4446
1.467
1.4584
1.3678
1.1427
0.8968
0.82403
0.80269
0.76301
0.703
0.53312
0.29252
0.20234
0.28489
0.46818
0.61236
0.66344
0.5619
0.37872
0.24837
0.24772
0.30066
0.33642
0.14806
-0.14274
-0.32928
-0.36003
-0.32738
-0.33834
-0.26641
-0.32364
-0.49931
-0.59737
-0.50428
-0.41061
-0.36339
-0.51455
-0.74885
-0.98308
-1.0707
-1.0647
-1.0231
-1.0128
-1.0535
-1.1962
-1.3664
-1.3851
-1.3885
-1.3055
-1.2598
-1.2511
-1.3932
-1.4039
-1.3826
-1.4234
-1.4863
-1.494
-1.6088
-1.7694
-1.8971
-1.9038
-1.9572
-1.9834
-2.0021
-2.2234
-2.4317
-2.4767
-2.3285
-2.1913
-2.076
-2.0129
-2.128
-2.3544
-2.3999
-2.3669
-2.3843
-2.3965
-2.4173
-2.6144
-2.8411
-2.8938
-2.833
-2.8032
-2.7188
-2.6731
-2.6922
-2.717
-2.5949
-2.4609
-2.4407
-2.4086
-2.4537
-2.6423
-2.8546
-2.882
-2.8668
-2.9041
-2.9185
-2.9196
-3.0268
-3.0894
-3.019
-2.9577
-2.8894
-2.7454
-2.6017
-2.673
-2.7823
-2.793
-2.8465
-2.935
-2.9277
-2.8832
-2.9432
-3.0317
-3.0738
-3.1215
-3.1915
-3.1695
-3.1697
-3.3319
-3.4555
-3.4507
-3.3899
-3.3525
-3.2522
-3.1938
-3.2981
-3.471
-3.5783
-3.6593
-3.8238
-3.8657
-3.8757
-4.0299
-4.2944
-4.385
-4.4011
-4.4328
-4.3497
-4.1647
-4.0627
-4.1148
-4.1226
-4.1417
-4.2488
-4.3431
-4.2827
-4.3501
-4.5006
-4.6302
-4.6928
-4.8321
-4.8747
-4.769
-4.6282
-4.6088
-4.5781
-4.5517
-4.5323
-4.4657
-4.2635
-4.1765
-4.2654
-4.4656
-4.5625
-4.6868
-4.7088
-4.6051
-4.4886
-4.4826
-4.638
-4.745
-4.7569
-4.7732
-4.6803
-4.515
-4.4603
-4.5754
-4.6566
-4.6303
-4.6681
-4.7072
-4.5906
-4.4894
-4.5472
-4.6829
-4.7629
-4.8563
-4.916
-4.9357
-4.9016
-4.9676
-5.1587
-5.3201
-5.322
-5.2544
-5.1195
-4.8767
-4.7136
-4.7887
-4.9357
-5.0222
-5.1205
-5.1821
-5.1338
-5.1119
-5.2296
-5.4835
-5.669
-5.767
-5.793
-5.673
-5.4497
-5.3319
-5.3421
-5.32
-5.217
-5.1559
-5.1333
-5.0644
-5.1006
-5.2509
-5.5044
-5.6179
-5.6535
-5.7015
-5.6291
-5.5659
-5.6085
-5.7407
-5.834
-5.8155
-5.7387
-5.6514
-5.4771
-5.3722
-5.4747
-5.7432
-5.9276
-6.0262
-6.0288
-5.935
-5.7913
-5.8055
-6.0132
-6.2005
-6.2693
-6.2447
-6.2026
-6.1478
-6.1285
-6.3262
-6.4943
-6.5331
-6.353
-6.2136
-6.0957
-5.997
-6.0116
-6.1518
-6.2064
-6.1488
-6.0841
-6.0982
-6.1149
-6.1861
-6.3713
-6.6239
-6.7508
-6.7647
-6.7282
-6.6512
-6.4841
-6.305
-6.3128
-6.3956
-6.4728
-6.4667
-6.4566
-6.4197
-6.3916
-6.5492
-6.8581
-7.1309
-7.2579
-7.3159
-7.3239
-7.3111
-7.263
-7.2902
-7.3514
-7.2949
-7.1565
-7.0214
-6.9819
-6.9534
-7.022
-7.1764
-7.376
-7.5089
-7.534
-7.5893
-7.587
-7.5483
-7.5765
-7.7171
-7.8586
-7.8278
-7.6865
-7.5482
-7.5102
-7.4846
-7.4936
-7.5667
-7.5911
-7.5945
-7.6128
-7.6604
-7.7129
-7.6467
-7.6223
-7.6999
-7.8186
-7.9004
-7.9119
-7.9459
-8.002
-8.1591
-8.3109
-8.4734
-8.5564
-8.5121
-8.5065
-8.5039
-8.5326
-8.484
-8.4448
-8.4606
-8.5178
-8.553
-8.536
-8.5414
-8.5814
-8.7438
-8.902
-9.1141
-9.2234
-9.2811
-9.3168
-9.3246
-9.3073
-9.1638
-8.9808
-8.8436
-8.7869
-8.7457
-8.6473
-8.5657
-8.603
-8.6877
-8.7676
-8.8934
-8.9636
-9.1126
-9.2095
-9.3354
-9.3746
-9.3262
-9.2801
-9.2466
-9.2608
-9.1307
-8.9494
-8.8758
-8.8603
-8.8469
-8.8838
-8.9095
-9.058
-9.1826
-9.2903
-9.2942
-9.3234
-9.3911
-9.4449
-9.5219
-9.552
-9.5828
-9.6139
-9.613
-9.5559
-9.4993
-9.4476
-9.5305
-9.5823
-9.6068
-9.5468
-9.5904
-9.6074
-9.6651
-9.6106
-9.566
-9.587
-9.6508
-9.685
-9.6324
-9.6305
-9.7077
-9.7652
-9.8384
-9.8529
-9.8514
-9.8861
-9.8323
-9.7321
-9.593
-9.4737
-9.4096
-9.3307
-9.2573
-9.2047
-9.1835
-9.1442
-9.1467
-9.1894
-9.3327
-9.4571
-9.5836
-9.6707
-9.792
-9.8784
-9.9399
-9.9187
-9.8467
-9.7114
-9.614
-9.5543
-9.4828
-9.4526
-9.4135
-9.4123
-9.4389
-9.4915
-9.6386
-9.7667
-9.965
-10.083
-10.216
-10.329
-10.382
-10.366
-10.292
-10.283
-10.301
-10.254
-10.124
-9.9867
-9.8482
-9.7335
-9.6379
-9.7084
-9.8264
-9.919
-9.9498
-10.021
-10.079
-10.069
-10.02
-10.004
-10.062
-10.116
-10.096
-10.053
-9.9948
-9.9017
-9.8161
-9.7935
-9.8405
-9.8173
-9.7757
-9.7568
-9.8123
-9.8603
-9.8768
-9.8819
-9.8954
-9.9335
-9.9708
-9.9887
-10.022
-10.026
-10.071
-10.117
-10.22
-10.281
-10.303
-10.273
-10.29
-10.314
-10.253
-10.079
-9.9169
-9.8066
-9.7101
-9.6387
-9.6258
-9.5813
-9.5062
-9.4806
-9.5024
-9.5008
-9.5283
-9.6305
-9.7696
-9.8686
-9.9353
-9.9547
-9.9183
-9.8397
-9.7512
-9.6399
-9.523
-9.3803
-9.2288
-9.13
-9.0651
-9.0375
-8.9839
-9.0531
-9.1518
-9.1823
-9.2261
-9.3665
-9.4952
-9.5206
-9.5051
-9.4584
-9.4157
-9.3546
-9.2902
-9.1953
-9.0834
-8.979
-8.8636
-8.711
-8.6327
-8.5672
-8.6111
-8.6873
-8.7869
-8.8871
-9.0248
-9.0492
-9.0094
-9.0089
-9.0493
-9.0557
-9.0589
-9.0696
-9.0325
-8.9623
-8.9079
-8.8513
-8.772
-8.7376
-8.6682
-8.6629
-8.7113
-8.7675
-8.8254
-8.8442
-8.8184
-8.8099
-8.8245
-8.8037
-8.7766
-8.8071
-8.823
-8.8084
-8.7965
-8.8031
-8.7926
-8.81
-8.8013
-8.8202
-8.8496
-8.827
-8.7607
-8.6977
-8.573
-8.4772
-8.4029
-8.3202
-8.2819
-8.3132
-8.3168
-8.2961
-8.3341
-8.3794
-8.4357
-8.5448
-8.6426
-8.7794
-8.8939
-8.9739
-9.0849
-9.0943
-8.9995
-8.8962
-8.7449
-8.5791
-8.47
-8.4106
-8.3332
-8.2836
-8.2603
-8.2434
-8.265
-8.2635
-8.3763
-8.478
-8.5734
-8.7433
-8.8593
-8.8823
-8.8641
-8.8029
-8.7071
-8.6211
-8.5119
-8.3936
-8.2687
-8.1027
-7.9651
-7.8321
-7.7536
-7.7748
-7.7833
-7.8395
-7.953
-8.0713
-8.2282
-8.3773
-8.4389
-8.491
-8.4763
-8.4775
-8.4824
-8.4524
-8.4879
-8.4684
-8.3543
-8.2944
-8.1753
-8.0595
-7.9912
-7.9404
-7.9347
-7.9598
-8.0408
-8.144
-8.1422
-8.1197
-8.0929
-8.0607
-8.0454
-8.0665
-8.0817
-8.1155
-8.084
-8.0246
-7.9574
-7.9251
-7.9422
-7.9203
-7.9054
-7.8824
-7.8201
-7.8139
-7.8116
-7.7502
-7.6572
-7.5731
-7.5167
-7.464
-7.4528
-7.4977
-7.5031
-7.5488
-7.5187
-7.4793
-7.5099
-7.5394
-7.6165
-7.6736
-7.7527
-7.8381
-7.8436
-7.8449
-7.7377
-7.5562
-7.3947
-7.2018
-7.0939
-6.9974
-6.9628
-6.9211
-6.8343
-6.789
-6.7134
-6.7541
-6.8436
-6.9352
-7.0526
-7.138
-7.2535
-7.3631
-7.4435
-7.4584
-7.3665
-7.3041
-7.1823
-7.0585
-6.9553
-6.8135
-6.6906
-6.5114
-6.3668
-6.2375
-6.1854
-6.1917
-6.2
-6.2988
-6.3809
-6.5164
-6.6664
-6.7522
-6.7828
-6.7274
-6.7123
-6.6619
-6.5984
-6.5457
-6.4391
-6.3226
-6.1277
-5.9415
-5.7424
-5.5757
-5.4285
-5.3375
-5.2899
-5.2712
-5.3166
-5.3996
-5.4754
-5.5127
-5.521
-5.5649
-5.5269
-5.5465
-5.5315
-5.5558
-5.5398
-5.4823
-5.4045
-5.3001
-5.1852
-5.0718
-4.9913
-4.8877
-4.7954
-4.7331
-4.6984
-4.6835
-4.6332
-4.5688
-4.4744
-4.4423
-4.4084
-4.4068
-4.4321
-4.4455
-4.4391
-4.3695
-4.3096
-4.2478
-4.2388
-4.2348
-4.2629
-4.3008
-4.3169
-4.3299
-4.3164
-4.2617
-4.1411
-4.0481
-3.9095
-3.8292
-3.7292
-3.6845
-3.6137
-3.566
-3.5138
-3.4736
-3.4766
-3.4722
-3.5109
-3.5132
-3.5746
-3.6207
-3.731
-3.8067
-3.8763
-3.8677
-3.8159
-3.7265
-3.5968
-3.4488
-3.2794
-3.1481
-2.9733
-2.826
-2.6461
-2.5259
-2.395
-2.357
-2.3274
-2.3747
-2.4334
-2.5014
-2.5944
-2.6884
-2.8098
-2.9121
-2.9835
-2.995
-2.9907
-2.932
-2.8936
-2.7946
-2.6911
-2.5297
-2.3656
-2.1781
-2.0179
-1.8835
-1.8074
-1.753
-1.7804
-1.8295
-1.9202
-2.0468
-2.2046
-2.3185
-2.3829
-2.3869
-2.3948
-2.4102
-2.4453
-2.4394
-2.3781
-2.3037
-2.176
-2.0444
-1.9122
-1.7453
-1.5852
-1.4257
-1.2965
-1.2471
-1.2366
-1.2636
-1.293
-1.3719
-1.4359
-1.5206
-1.5642
-1.6199
-1.6463
-1.6583
-1.6605
-1.6646
-1.6398
-1.6553
-1.601
-1.5689
-1.4976
-1.4458
-1.4014
-1.3921
-1.3382
-1.2677
-1.1924
-1.1698
-1.1611
-1.1711
-1.1342
-1.1395
-1.1226
-1.1524
-1.1582
-1.1701
-1.1679
-1.1375
-1.0762
-1.0269
-1.0049
-1.0192
-1.0515
-1.0838
-1.1105
-1.1184
-1.1689
-1.1856
-1.1814
-1.1361
-1.0551
-0.95828
-0.86677
-0.76158
-0.68964
-0.60426
-0.54723
-0.4878
-0.45426
-0.45341
-0.47811
-0.45541
-0.44342
-0.42951
-0.45606
-0.51148
-0.59317
-0.71782
-0.84572
-0.92064
-0.95656
-0.94009
-0.95514
-0.88697
-0.77187
-0.59841
-0.43076
-0.29424
-0.15293
-0.075924
-0.0040766
0.029905
0.090443
0.08381
0.029776
-0.069606
-0.15683
-0.25848
-0.37834
-0.50744
-0.64215
-0.78093
-0.91537
-0.97427
-0.99097
-0.95334
-0.90824
-0.79837
-0.67732
-0.51303
-0.34241
-0.13684
0.034511
0.17989
0.27626
0.35581
0.39647
0.36644
0.31983
0.23167
0.13842
-0.030381
-0.12672
-0.19323
-0.22401
-0.2746
-0.30708
-0.31789
-0.29654
-0.25043
-0.16639
-0.061763
0.032172
0.1722
0.34882
0.55327
0.71329
0.83016
0.88312
0.88801
0.87307
0.83299
0.74415
0.58413
0.47132
0.35628
0.2644
0.18072
0.15027
0.12327
0.087839
0.088022
0.073515
0.089882
0.099391
0.20145
0.29137
0.40335
0.52414
0.63096
0.74072
0.85319
0.96365
0.9895
0.98413
0.97422
0.95868
0.92811
0.92596
0.92662
0.88474
0.87868
0.85672
0.83602
0.81219
0.80844
0.78184
0.72022
0.7146
0.69305
0.68443
0.67234
0.69079
0.66773
0.66378
0.72152
0.70225
0.7231
0.74618
0.78344
0.83494
0.89867
0.97275
0.99761
1.0499
1.0572
1.0601
1.1086
1.1461
1.1722
1.1559
1.1427
1.0615
1
0.95172
0.87321
0.81714
0.78053
0.73076
0.6886
0.71933
0.79228
0.8836
1.0231
1.1225
1.2455
1.3452
1.4225
1.4887
1.557
1.6027
1.6066
1.6327
1.6144
1.5412
1.5015
1.3726
1.2425
1.0949
0.90107
0.70787
0.57167
0.48801
0.45057
0.47078
0.52831
0.6198
0.78638
0.90692
1.0586
1.2035
1.3168
1.4545
1.579
1.6718
1.7259
1.7548
1.7363
1.7093
1.6644
1.5391
1.4118
1.2374
1.0236
0.88679
0.73413
0.62904
0.58812
0.5491
0.59812
0.66163
0.73668
0.88172
1.0119
1.1575
1.3001
1.4407
1.5281
1.6102
1.6614
1.656
1.6731
1.6234
1.5413
1.4683
1.2874
1.1624
1.0184
0.88516
0.8202
0.71513
0.6673
0.64219
0.57723
0.62273
0.6912
0.78741
0.93979
1.0593
1.2006
1.3288
1.4183
1.5634
1.6655
1.7062
1.7333
1.6821
1.6077
1.5268
1.4492
1.3961
1.3046
1.2196
1.1426
1.0732
1.0426
1.0038
0.96968
0.94342
0.92484
0.93545
0.98406
1.0235
1.1007
1.1615
1.2358
1.3332
1.3945
1.4628
1.4971
1.4759
1.4663
1.4331
1.4415
1.4314
1.4302
1.4495
1.4358
1.4163
1.4139
1.405
1.4614
1.452
1.4294
1.3887
1.305
1.2862
1.2665
1.2592
1.2815
1.2415
1.2226
1.1984
1.161
1.1851
1.195
1.2402
1.2577
1.2894
1.3312
1.3753
1.4288
1.4739
1.5236
1.5554
1.5614
1.5707
1.5539
1.5702
1.5408
1.4881
1.4108
1.2826
1.2011
1.1128
1.033
0.96916
0.87357
0.83757
0.80664
0.87351
0.96318
1.0765
1.2013
1.27
1.4029
1.5169
1.6711
1.7872
1.8605
1.9188
1.913
1.9465
1.9397
1.9354
1.8821
1.7801
1.65
1.4605
1.2949
1.0992
0.93659
0.81762
0.71665
0.69747
0.68103
0.75015
0.81984
0.94629
1.107
1.2929
1.505
1.6557
1.8105
1.8881
1.9901
2.058
2.0937
2.1017
2.0441
1.9844
1.8627
1.7452
1.5722
1.406
1.2212
1.0081
0.8516
0.71099
0.65367
0.59803
0.64067
0.68284
0.78878
0.92831
1.09
1.2699
1.3896
1.5558
1.6704
1.8161
1.8944
1.9479
1.9704
1.9464
1.891
1.7887
1.6703
1.5177
1.3891
1.225
1.1192
0.96191
0.85705
0.74745
0.6962
0.69048
0.72404
0.79878
0.86643
0.97517
1.0439
1.1766
1.3224
1.505
1.6237
1.7318
1.7918
1.8383
1.8436
1.8057
1.7251
1.6001
1.4843
1.366
1.2709
1.1634
1.0829
0.99026
0.94802
0.86823
0.84294
0.80545
0.79749
0.78105
0.79158
0.84021
0.91695
1.0182
1.1098
1.2166
1.2859
1.3783
1.4251
1.4849
1.4795
1.4813
1.4179
1.3787
1.3247
1.2963
1.2321
1.2039
1.1866
1.2023
1.1925
1.2021
1.1595
1.1091
1.028
0.97537
0.95285
0.94822
0.95004
0.93266
0.94066
0.94344
0.95885
0.98234
0.99333
0.99058
0.96683
0.95827
0.96699
0.99441
1.0244
1.0343
1.0808
1.1147
1.1746
1.2089
1.2496
1.2587
1.2416
1.199
1.156
1.1296
1.1116
1.052
0.99775
0.90681
0.85582
0.80116
0.76361
0.69231
0.63295
0.57516
0.57569
0.60507
0.67988
0.74046
0.84599
0.94439
1.0773
1.1819
1.2856
1.3517
1.3937
1.3902
1.3921
1.3887
1.386
1.3527
1.2955
1.1958
1.089
0.97405
0.85909
0.73787
0.60173
0.45405
0.30399
0.22339
0.1979
0.24397
0.30099
0.41153
0.52618
0.68867
0.85879
1.0615
1.2083
1.3437
1.4094
1.4793
1.5357
1.6022
1.6286
1.629
1.5777
1.4892
1.3722
1.2536
1.0863
0.89678
0.6817
0.47481
0.34198
0.21544
0.18244
0.14127
0.17422
0.23283
0.35441
0.50467
0.69525
0.8763
1.0405
1.1648
1.3066
1.4639
1.5942
1.7202
1.7768
1.7982
1.7532
1.6879
1.5831
1.4821
1.3133
1.1234
0.89322
0.69902
0.53815
0.4085
0.30505
0.22585
0.19323
0.20049
0.25264
0.32378
0.44272
0.5594
0.71959
0.86445
1.045
1.2306
1.4235
1.58
1.7044
1.7942
1.8226
1.8159
1.7466
1.6603
1.5166
1.3776
1.2286
1.1014
0.96818
0.82686
0.71121
0.61211
0.57324
0.51496
0.51766
0.53417
0.58342
0.64643
0.7349
0.84602
0.98967
1.1655
1.2936
1.4362
1.5345
1.6326
1.6984
1.7513
1.7427
1.6788
1.5974
1.4774
1.3767
1.2607
1.1677
1.0668
0.9784
0.90469
0.83091
0.78542
0.72544
0.70142
0.66847
0.68696
0.72452
0.80421
0.90083
0.98747
1.073
1.1584
1.2675
1.367
1.4414
1.4978
1.515
1.5598
1.5779
1.6229
1.6318
1.6245
1.6063
1.5519
1.5326
1.4893
1.4854
1.4651
1.4147
1.3616
1.2797
1.2497
1.2252
1.2397
1.2541
1.2634
1.2621
1.2444
1.2234
1.1891
1.1914
1.2022
1.2061
1.2207
1.2206
1.2685
1.3158
1.4019
1.4949
1.5616
1.6504
1.7075
1.7681
1.7998
1.8117
1.8534
1.8544
1.8908
1.8909
1.9062
1.9125
1.8992
1.8836
1.8264
1.774
1.7081
1.6308
1.5565
1.4634
1.4208
1.3849
1.4167
1.4669
1.514
1.5984
1.6743
1.8033
1.9354
2.061
2.1872
2.2884
2.382
2.4673
2.5264
2.5963
2.6401
2.6784
2.6684
2.6261
2.5641
2.4481
2.3463
2.1988
2.0482
1.9137
1.7704
1.6794
1.5864
1.5296
1.5145
1.5236
1.6039
1.6895
1.8008
1.9324
2.0558
2.254
2.4485
2.6414
2.8163
2.9466
3.0689
3.1471
3.1941
3.2449
3.2312
3.188
3.0637
2.9087
2.7496
2.5629
2.3933
2.2125
2.016
1.8643
1.7225
1.6378
1.5829
1.5504
1.5805
1.6291
1.7374
1.8855
2.0501
2.2544
2.4478
2.6462
2.8655
3.0598
3.2548
3.4008
3.4873
3.5342
3.5051
3.4495
3.3822
3.2561
3.1164
2.9172
2.6859
2.4566
2.2458
2.0724
1.9312
1.8016
1.7185
1.6454
1.6129
1.6084
1.6717
1.7877
1.9359
2.0652
2.2274
2.4065
2.6219
2.8537
3.052
3.2097
3.3161
3.3859
3.4356
3.4324
3.3666
3.2664
3.1021
2.9296
2.7591
2.5901
2.4447
2.2957
2.134
2.0169
1.8951
1.8197
1.7979
1.7952
1.8336
1.8559
1.8865
1.9842
2.1196
2.3238
2.5305
2.7186
2.8699
2.9857
3.0915
3.1911
3.2792
3.3101
3.2889
3.2123
3.0942
2.9798
2.873
2.7636
2.6365
2.5021
2.4002
2.2975
2.2137
2.1454
2.0927
2.0385
2.0028
2.0122
2.0394
2.1248
2.2074
2.3154
2.4405
2.5652
2.6843
2.8121
2.9175
3.0061
3.0621
3.1169
3.1426
3.1396
3.1066
3.065
3.0044
2.9163
2.8408
2.7643
2.6916
2.629
2.558
2.4985
2.4339
2.357
2.2951
2.2438
2.2061
2.2001
2.2473
2.3083
2.3446
2.3751
2.4035
2.4379
2.4898
2.5369
2.5885
2.6281
2.6466
2.679
2.7147
2.7647
2.8119
2.8541
2.8785
2.8972
2.9037
2.899
2.9029
2.8969
2.8719
2.8445
2.814
2.7723
2.7405
2.717
2.694
2.6612
2.6233
2.5768
2.5426
2.5001
2.4563
2.4059
2.3649
2.3041
2.2776
2.2871
2.313
2.3508
2.4141
2.5013
2.5939
2.7018
2.7975
2.8955
2.9637
3.0321
3.0756
3.1135
3.1351
3.1562
3.1925
3.2097
3.209
3.1832
3.135
3.0579
2.9635
2.8666
2.7621
2.6407
2.5189
2.4053
2.2991
2.2246
2.1775
2.1767
2.1968
2.2614
2.3559
2.4808
2.6177
2.7595
2.9033
3.0357
3.1527
3.2668
3.3677
3.4626
3.5345
3.5866
3.6181
3.6215
3.593
3.5321
3.4482
3.3302
3.1833
3.003
2.8068
2.6205
2.4347
2.2844
2.1483
2.06
1.9859
1.9723
1.9959
2.0721
2.1845
2.3277
2.495
2.6703
2.8483
3.0414
3.2329
3.4253
3.5705
3.7045
3.7971
3.8839
3.9267
3.9221
3.8731
3.7736
3.6441
3.4832
3.3091
3.1093
2.8775
2.6401
2.4221
2.2267
2.0674
1.9401
1.87
1.8445
1.859
1.9131
2.0018
2.1321
2.2912
2.4933
2.7174
2.9499
3.1911
3.3988
3.6045
3.7624
3.8864
3.9638
4.0051
4.0107
3.9726
3.8741
3.7277
3.5453
3.3335
3.1235
2.9027
2.6678
2.4278
2.1952
2.0029
1.8532
1.7494
1.6896
1.6747
1.6965
1.7671
1.8742
2.0374
2.226
2.4474
2.6869
2.9336
3.1732
3.3912
3.5683
3.7371
3.849
3.9267
3.954
3.9247
3.8564
3.7321
3.5851
3.4035
3.1976
2.9839
2.7744
2.5682
2.3876
2.2136
2.0625
1.9547
1.8899
1.8703
1.865
1.8914
1.9472
2.05
2.1962
2.3658
2.5533
2.7581
2.9784
3.2059
3.4149
3.5716
3.7
3.7903
3.8504
3.854
3.8132
3.7344
3.6294
3.4994
3.3433
3.1705
2.9858
2.8146
2.6632
2.5409
2.4263
2.3184
2.213
2.1254
2.078
2.0766
2.1218
2.1987
2.2965
2.4025
2.5194
2.6691
2.8348
3.0083
3.1708
3.313
3.4291
3.5248
3.5742
3.6008
3.6235
3.6136
3.5807
3.514
3.4071
3.2672
3.1439
3.0288
2.9284
2.8382
2.7665
2.7012
2.6252
2.5593
2.4941
2.4527
2.4406
2.4694
2.5089
2.5531
2.6042
2.6505
2.7191
2.7922
2.8775
2.9784
3.0757
3.1371
3.1785
3.2097
3.2419
3.2682
3.2778
3.2605
3.2147
3.1588
3.1083
3.0586
3.0115
2.972
2.9302
2.8842
2.8285
2.7798
2.7489
2.7259
2.7033
2.6724
2.6228
2.5958
2.5789
2.5834
2.5857
2.5818
2.592
2.5991
2.6148
2.6316
2.6573
2.6851
2.7196
2.7574
2.7788
2.8037
2.8184
2.8611
2.904
2.9373
2.9842
3.0238
3.0621
3.0833
3.0912
3.108
3.1138
3.1108
3.1051
3.0697
3.0257
2.9557
2.8894
2.8146
2.7446
2.6848
2.6209
2.547
2.4678
2.3819
2.3162
2.2805
2.2727
2.2803
2.2912
2.3147
2.353
2.4186
2.4943
2.5994
2.7227
2.8592
2.9771
3.067
3.1539
3.234
3.3024
3.3517
3.3844
3.3875
3.3814
3.3504
3.2984
3.2108
3.0954
2.9645
2.8336
2.7003
2.5568
2.4033
2.2652
2.1394
2.0325
1.9529
1.8903
1.864
1.8769
1.9502
2.0386
2.1598
2.3085
2.4848
2.67
2.8479
3.0352
3.2188
3.3823
3.5276
3.6471
3.7364
3.7883
3.8044
3.7894
3.7458
3.6812
3.5929
3.46
3.2869
3.0733
2.8436
2.6336
2.4277
2.2395
2.0617
1.893
1.761
1.6676
1.6456
1.6704
1.7366
1.8639
2.0287
2.2214
2.4157
2.6256
2.8569
3.1038
3.3555
3.5874
3.7918
3.9456
4.0575
4.137
4.1755
4.1658
4.1305
4.0765
3.9623
3.8049
3.5897
3.3509
3.1072
2.8565
2.6232
2.4092
2.2031
2.0198
1.8718
1.7752
1.718
1.7215
1.8113
1.9538
2.1283
2.327
2.5511
2.7927
3.0345
3.2989
3.5562
3.8023
4.0248
4.21
4.3479
4.4367
4.4713
4.4859
4.4553
4.3696
4.2306
4.0391
3.8216
3.5797
3.3232
3.0723
2.807
2.5482
2.3177
2.1262
1.9687
1.8544
1.8092
1.8216
1.8837
1.9741
2.1192
2.304
2.5169
2.7538
3.0164
3.2909
3.5446
3.7976
4.0292
4.2257
4.3862
4.4949
4.5873
4.6083
4.5746
4.4916
4.3484
4.1751
3.9657
3.7352
3.4982
3.2262
2.9417
2.6666
2.4009
2.1724
2.0023
1.891
1.8154
1.7799
1.7835
1.8429
1.9543
2.108
2.3094
2.5472
2.8054
3.0759
3.3614
3.6341
3.8717
4.0821
4.2758
4.4401
4.5582
4.618
4.6216
4.5655
4.4515
4.2983
4.1161
3.9089
3.6721
3.41
3.1599
2.914
2.6871
2.4851
2.3126
2.1656
2.0584
1.9817
1.9447
1.9503
1.9981
2.0996
2.2368
2.397
2.5888
2.8114
3.0495
3.2801
3.4962
3.6887
3.8465
4.0064
4.1379
4.2496
4.2949
4.2771
4.2168
4.1325
4.0113
3.8636
3.6954
3.5075
3.3124
3.1259
2.9542
2.7977
2.6511
2.5109
2.3889
2.2856
2.2196
2.1869
2.1839
2.211
2.2613
2.3469
2.4569
2.5928
2.7545
2.9264
3.0974
3.2664
3.4327
3.5783
3.7005
3.7842
3.8383
3.8752
3.8918
3.8772
3.843
3.7838
3.6935
3.5823
3.463
3.3526
3.2445
3.1438
3.0579
2.9785
2.8956
2.8025
2.7241
2.6443
2.581
2.555
2.5551
2.5736
2.6178
2.6682
2.7545
2.8362
2.9207
3.0135
3.1188
3.2265
3.3239
3.4054
3.4696
3.5032
3.5236
3.544
3.561
3.5794
3.5736
3.5606
3.5465
3.5155
3.4927
3.4533
3.4056
3.3517
3.2904
3.2437
3.1965
3.1387
3.0593
2.9786
2.9204
2.8912
2.8721
2.8487
2.8259
2.8052
2.7901
2.7822
2.7872
2.81
2.831
2.8578
2.8963
2.9259
2.9638
2.9986
3.0303
3.0941
3.1552
3.2312
3.3082
3.3729
3.4385
3.4793
3.5087
3.5404
3.5506
3.5582
3.5534
3.5356
3.506
3.4621
3.4138
3.3592
3.289
3.2039
3.1213
3.0308
2.9285
2.8306
2.7341
2.6444
2.559
2.4935
2.4565
2.4236
2.4045
2.4069
2.4354
2.4979
2.5667
2.6453
2.7584
2.8916
3.0428
3.1974
3.3383
3.4635
3.5643
3.6709
3.7618
3.8253
3.851
3.8513
3.8328
3.8041
3.7545
3.6765
3.5615
3.4259
3.2694
3.1202
2.9588
2.7909
2.6324
2.4745
2.3234
2.1802
2.0604
1.9837
1.9595
1.9676
2.0143
2.0899
2.1955
2.326
2.4753
2.6495
2.8334
3.0297
3.2274
3.4141
3.5801
3.7104
3.8128
3.9018
3.9678
4.0136
4.0245
3.9989
3.9187
3.8019
3.6509
3.459
3.2514
3.0276
2.7906
2.5399
2.2736
2.0293
1.7993
1.6088
1.4724
1.3769
1.3244
1.3019
1.3318
1.4174
1.5474
1.7302
1.9469
2.1755
2.4354
2.7111
2.9852
3.2503
3.4878
3.7102
3.9053
4.0851
4.2313
4.3177
4.3346
4.3106
4.2586
4.1609
4.0183
3.8272
3.5802
3.3009
2.9935
2.6829
2.3846
2.0899
1.8108
1.5636
1.3571
1.2089
1.1053
1.0628
1.0862
1.1723
1.3223
1.5212
1.7501
2.0099
2.2979
2.604
2.9258
3.2463
3.5545
3.8371
4.0928
4.3125
4.4646
4.5631
4.6042
4.5894
4.5216
4.4111
4.254
4.0302
3.7531
3.4344
3.0867
2.7325
2.395
2.0654
1.7477
1.4502
1.1922
0.99174
0.8586
0.80419
0.81311
0.88226
1.0047
1.18
1.4138
1.6949
1.993
2.3083
2.6328
2.9736
3.3215
3.6458
3.9359
4.1653
4.3458
4.4781
4.5624
4.5846
4.554
4.4459
4.2667
4.0334
3.7559
3.4501
3.1169
2.7786
2.4246
2.0736
1.7412
1.4306
1.1536
0.92743
0.7546
0.65389
0.61703
0.64113
0.73414
0.8787
1.0833
1.3281
1.6156
1.9292
2.2602
2.607
2.9479
3.281
3.5926
3.8638
4.0926
4.262
4.3802
4.4459
4.442
4.3645
4.2231
4.0167
3.7605
3.4747
3.1632
2.845
2.5042
2.169
1.8111
1.4788
1.1814
0.92384
0.71083
0.53777
0.43419
0.39968
0.42343
0.51553
0.65395
0.83854
1.0623
1.3363
1.6613
2.0053
2.3489
2.6747
2.9757
3.2693
3.5453
3.7744
3.9433
4.0495
4.0875
4.0694
3.9965
3.8508
3.6628
3.4126
3.1407
2.8519
2.5464
2.2194
1.8868
1.5804
1.2747
1.0038
0.78094
0.58567
0.43581
0.32461
0.2556
0.24481
0.29619
0.41579
0.58854
0.81675
1.0816
1.3601
1.6626
1.9612
2.2602
2.5517
2.8285
3.0738
3.309
3.5017
3.608
3.6474
3.6206
3.5509
3.4454
3.3069
3.1478
2.936
2.6812
2.4077
2.1327
1.8801
1.6264
1.3957
1.1778
0.96739
0.79979
0.64941
0.55415
0.4754
0.42353
0.41951
0.48134
0.6127
0.79632
1.01
1.2382
1.4622
1.7008
1.9651
2.2148
2.4434
2.6406
2.8057
2.9575
3.0836
3.1537
3.1804
3.1244
3.0238
2.9164
2.7717
2.6134
2.4141
2.1844
1.9496
1.7109
1.5056
1.3105
1.1277
0.96935
0.80605
0.67232
0.57333
0.49624
0.44627
0.4224
0.43133
0.48665
0.58619
0.72214
0.89025
1.0834
1.2755
1.4575
1.644
1.8261
1.984
2.118
2.2206
2.2997
2.3804
2.4237
2.4394
2.425
2.3679
2.2986
2.2032
2.1114
2.0178
1.9152
1.7889
1.6721
1.5622
1.4787
1.3848
1.3137
1.2448
1.1791
1.1173
1.0725
1.0446
1.023
1.0063
0.99327
1.0157
1.0912
1.1871
1.2884
1.394
1.4882
1.5894
1.6997
1.7826
1.846
1.9046
1.949
2.021
2.1247
2.1934
2.221
2.2052
2.1661
2.143
2.1205
2.0956
2.0665
2.006
1.922
1.8559
1.8011
1.7554
1.6932
1.6356
1.5641
1.5049
1.4617
1.4188
1.3711
1.2945
1.2086
1.1397
1.1086
1.1143
1.145
1.167
1.1823
1.1899
1.2178
1.2803
1.3301
1.3709
1.4133
1.4637
1.5554
1.6776
1.7719
1.8493
1.8833
1.912
1.963
2.0105
2.0652
2.1011
2.1035
2.0852
2.0652
2.0474
2.0373
2.012
1.9738
1.9243
1.8633
1.7902
1.7111
1.6302
1.5011
1.344
1.182
1.0523
0.96686
0.91214
0.87075
0.83004
0.7888
0.76265
0.78957
0.84205
0.90636
0.97017
1.0379
1.1571
1.336
1.5262
1.6901
1.8246
1.9286
2.0438
2.1634
2.2887
2.4046
2.4726
2.5027
2.5326
2.5791
2.6113
2.6077
2.5644
2.4862
2.3718
2.2477
2.1167
1.9746
1.7841
1.5488
1.2973
1.0798
0.90252
0.77014
0.67614
0.59274
0.52521
0.48851
0.51212
0.57822
0.64764
0.73919
0.8542
1.0116
1.2564
1.5307
1.7846
2.0072
2.1851
2.3615
2.5375
2.6954
2.8527
2.9808
3.0591
3.111
3.1316
3.119
3.0749
2.9895
2.8739
2.6947
2.491
2.2771
2.0464
1.7678
1.4541
1.1313
0.82839
0.58161
0.39634
0.27186
0.19065
0.12403
0.072737
0.081423
0.15924
0.28366
0.44492
0.64906
0.87269
1.1503
1.4819
1.8181
2.135
2.403
2.6432
2.8714
3.0778
3.2671
3.4258
3.5284
3.5604
3.5659
3.5322
3.465
3.3354
3.1652
2.9431
2.6815
2.3846
2.0701
1.7473
1.3901
1.019
0.66466
0.36738
0.14588
-0.0075921
-0.10156
-0.14512
-0.15283
-0.11226
0.022117
0.22067
0.44226
0.70557
0.99893
1.333
1.7224
2.1193
2.4973
2.8282
3.1015
3.3622
3.6072
3.8062
3.9655
4.0557
4.0753
4.0461
3.9556
3.8277
3.6291
3.3731
3.0679
2.7265
2.3626
1.9881
1.5929
1.1887
0.76263
0.3627
-0.0026007
-0.30166
-0.50304
-0.63261
-0.68964
-0.67435
-0.60423
-0.45953
-0.23749
0.032068
0.34125
0.68589
1.0645
1.4856
1.9564
2.4095
2.8313
3.2035
3.5284
3.8142
4.053
4.2412
4.3844
4.4392
4.4076
4.3146
4.1651
3.9768
3.7091
3.3759
2.996
2.5654
2.1435
1.726
1.2938
0.86072
0.40688
-0.02062
-0.37122
-0.61557
-0.75533
-0.81012
-0.79051
-0.70826
-0.57313
-0.34969
-0.030667
0.32254
0.69091
1.098
1.5398
2.0338
2.5742
3.0749
3.4834
3.8301
4.1044
4.3484
4.541
4.6584
4.7074
4.643
4.496
4.3061
4.0499
3.757
3.3944
2.9705
2.5304
2.0733
1.6318
1.2036
0.75608
0.32862
-0.088527
-0.45921
-0.73443
-0.90533
-0.96228
-0.92536
-0.82292
-0.64714
-0.41559
-0.11032
0.28156
0.70109
1.1267
1.5617
2.035
2.539
3.0696
3.5566
3.9475
4.2532
4.4774
4.64
4.7485
4.7808
4.736
4.6051
4.3772
4.1113
3.7806
3.4411
3.0604
2.6319
2.1896
1.7361
1.2946
0.89669
0.50685
0.14659
-0.20489
-0.51772
-0.73102
-0.82844
-0.82014
-0.70858
-0.5317
-0.31165
-0.034377
0.28986
0.71389
1.1563
1.6067
2.0536
2.5117
2.9846
3.4994
3.9837
4.3432
4.5858
4.7421
4.8406
4.8835
4.8435
4.7343
4.5596
4.2873
3.9903
3.6585
3.2947
2.9268
2.4916
2.0444
1.6126
1.2033
0.84174
0.52877
0.22275
-0.078638
-0.34863
-0.51801
-0.57009
-0.51698
-0.37632
-0.17623
0.07654
0.37091
0.70783
1.1314
1.6078
2.0502
2.4742
2.9121
3.3665
3.8447
4.2898
4.6205
4.8022
4.8885
4.9213
4.9142
4.8574
4.7104
4.4886
4.2004
3.8682
3.5188
3.1399
2.7382
2.3166
1.8874
1.4895
1.1294
0.81803
0.55899
0.31327
0.072415
-0.12973
-0.27312
-0.29884
-0.22321
-0.07415
0.15007
0.40678
0.70614
1.052
1.4387
1.8966
2.3318
2.7335
3.1412
3.5499
3.9516
4.3265
4.6196
4.7752
4.8152
4.8124
4.778
4.6851
4.5399
4.3305
4.0679
3.7498
3.4085
3.037
2.6838
2.3362
2.0012
1.676
1.367
1.0997
0.86542
0.67954
0.51295
0.3599
0.23958
0.1854
0.23196
0.37309
0.57816
0.83929
1.1082
1.3983
1.7159
2.0971
2.5332
2.9226
3.2568
3.5598
3.8399
4.1056
4.3466
4.4994
4.5347
4.4765
4.3695
4.2524
4.1073
3.9173
3.6705
3.3649
3.0422
2.745
2.4534
2.201
1.9489
1.6836
1.4147
1.1865
0.99874
0.88311
0.77739
0.65456
0.51197
0.41959
0.41515
0.50494
0.6669
0.88089
1.1245
1.367
1.6599
1.996
2.3745
2.7486
3.029
3.262
3.498
3.7224
3.9661
4.1745
4.2582
4.2472
4.1907
4.1094
4.0165
3.8715
3.6517
3.3954
3.1315
2.8855
2.6769
2.456
2.2385
2.0279
1.7989
1.616
1.4916
1.3837
1.3034
1.2127
1.121
1.0229
0.9767
1.0233
1.1279
1.2857
1.4703
1.6995
1.9461
2.2135
2.4789
2.7286
2.9645
3.1482
3.2959
3.4734
3.642
3.7795
3.9079
3.9638
3.9445
3.8929
3.7818
3.6158
3.4549
3.2818
3.1165
2.948
2.7762
2.6308
2.4788
2.3452
2.2278
2.0986
1.9753
1.8735
1.7825
1.7256
1.6813
1.6115
1.55
1.4964
1.4997
1.5476
1.6825
1.8656
2.0409
2.1903
2.3231
2.4567
2.6022
2.7542
2.8806
2.9644
3.0421
3.1464
3.2586
3.3848
3.4659
3.4305
3.3345
3.235
3.1566
3.1036
3.0532
2.9693
2.8678
2.7527
2.6643
2.5966
2.5581
2.5116
2.4147
2.2966
2.2198
2.1643
2.12
2.092
2.038
1.9651
1.8774
1.8539
1.9126
2.0049
2.0936
2.1458
2.1606
2.1715
2.2174
2.292
2.3931
2.4407
2.4422
2.4805
2.5651
2.6738
2.788
2.831
2.8079
2.7832
2.8005
2.8491
2.8807
2.8814
2.8509
2.7997
2.7502
2.7619
2.7763
2.7629
2.7487
2.7134
2.6731
2.636
2.6365
2.6182
2.5844
2.5207
2.4403
2.3643
2.3096
2.2856
2.2406
2.1749
2.1102
2.0459
2.0029
2.0081
2.0139
2.0102
2.0392
2.0643
2.1009
2.1863
2.2608
2.328
2.422
2.5173
2.6191
2.7288
2.8203
2.9018
2.9727
3.0323
3.0961
3.1596
3.2069
3.262
3.283
3.3065
3.3147
3.2951
3.2546
3.2156
3.1553
3.0837
3.0138
2.9316
2.8145
2.6566
2.4734
2.2986
2.1291
1.9693
1.8366
1.7248
1.6061
1.5211
1.4781
1.4686
1.4793
1.4813
1.4884
1.5571
1.6829
1.8739
2.1128
2.3187
2.4899
2.6695
2.8344
2.9999
3.175
3.3055
3.4266
3.5131
3.6104
3.7177
3.7808
3.8338
3.8551
3.8008
3.7483
3.6882
3.6382
3.5634
3.4354
3.2138
2.9227
2.6065
2.3121
2.0387
1.7931
1.5713
1.3425
1.1419
0.99665
0.89223
0.8176
0.76483
0.70016
0.67474
0.75859
0.94041
1.1832
1.4669
1.7455
1.9928
2.2305
2.4996
2.7756
3.014
3.2229
3.3812
3.5373
3.6898
3.8444
3.9899
4.0554
4.1017
4.1131
4.0842
4.0684
4.0478
3.9525
3.7761
3.5188
3.1757
2.8025
2.4386
2.1171
1.8168
1.5003
1.2389
1.0121
0.82448
0.68627
0.56603
0.4569
0.40683
0.45223
0.5602
0.7755
1.0472
1.3409
1.6723
1.9936
2.3208
2.6545
2.9682
3.2649
3.5191
3.7495
3.9612
4.1518
4.3173
4.4645
4.5637
4.6213
4.6604
4.6869
4.6599
4.5757
4.4285
4.1774
3.8707
3.5121
3.1071
2.6791
2.2464
1.813
1.4274
1.1067
0.83383
0.58347
0.3469
0.13851
0.0097432
-0.0052189
0.088467
0.24669
0.43826
0.69482
1.0294
1.3962
1.8119
2.2564
2.6542
3.0347
3.3826
3.7104
4.0196
4.2978
4.5248
4.7084
4.8429
4.9818
5.1037
5.1816
5.2313
5.1901
5.0358
4.7996
4.5126
4.1623
3.781
3.3725
2.9045
2.3714
1.8531
1.4127
1.0228
0.66639
0.33716
-0.0051118
-0.28004
-0.41385
-0.41037
-0.32528
-0.19266
-0.0040763
0.23283
0.55833
0.97488
1.4511
1.9282
2.4066
2.8463
3.2454
3.6713
4.0594
4.4041
4.7039
4.9418
5.1151
5.288
5.4731
5.6452
5.691
5.6285
5.4602
5.1837
4.8542
4.5033
4.1249
3.695
3.1993
2.6412
2.1039
1.5999
1.0961
0.62617
0.15514
-0.26666
-0.56984
-0.74225
-0.79457
-0.75949
-0.67638
-0.52918
-0.28643
0.025743
0.42647
0.90487
1.4162
1.9478
2.4752
3.0047
3.517
4.0017
4.4578
4.8386
5.1536
5.4305
5.679
5.8914
6.0638
6.1293
6.0638
5.8771
5.6372
5.3386
4.9767
4.5899
4.1505
3.6264
3.0845
2.5684
2.0038
1.4207
0.83735
0.26732
-0.20985
-0.52822
-0.70946
-0.82729
-0.88203
-0.85809
-0.74164
-0.55364
-0.26393
0.11513
0.51156
0.99271
1.5236
2.088
2.6989
3.319
3.8789
4.3826
4.8386
5.2377
5.6079
5.9525
6.2364
6.4281
6.5093
6.4963
6.3919
6.1866
5.9317
5.619
5.2137
4.7181
4.1768
3.6445
3.1201
2.5678
1.9747
1.3482
0.72477
0.19818
-0.16334
-0.42454
-0.60384
-0.72846
-0.79404
-0.75279
-0.59022
-0.34037
-0.018848
0.3564
0.78659
1.2495
1.7888
2.3866
3.0022
3.6065
4.1746
4.6687
5.1314
5.594
6.0233
6.3785
6.5954
6.6867
6.6735
6.5868
6.4538
6.2572
5.9542
5.589
5.127
4.5697
4.0374
3.5134
2.9364
2.3034
1.6406
0.95833
0.38338
-0.066454
-0.44094
-0.74306
-0.96737
-1.1065
-1.1359
-1.0674
-0.88971
-0.60615
-0.28793
0.10864
0.57421
1.0836
1.674
2.314
2.9574
3.587
4.1917
4.7834
5.3421
5.8714
6.3348
6.647
6.8513
6.9431
6.9385
6.8617
6.7481
6.5474
6.2284
5.8043
5.3384
4.8518
4.3354
3.7744
3.1822
2.5323
1.8859
1.2955
0.76532
0.28743
-0.12799
-0.46694
-0.70667
-0.83252
-0.83759
-0.75759
-0.61499
-0.39809
-0.098176
0.25148
0.68341
1.2181
1.7913
2.396
3.0363
3.69
4.3316
4.9978
5.6292
6.1672
6.5898
6.9053
7.0977
7.1999
7.2218
7.1656
7.0125
6.7765
6.4594
6.0418
5.5829
5.1229
4.5763
3.9651
3.3458
2.7262
2.1204
1.587
1.073
0.57331
0.12454
-0.23914
-0.51476
-0.67094
-0.72152
-0.67345
-0.5774
-0.39835
-0.12418
0.23209
0.66597
1.1804
1.7361
2.3207
2.9468
3.6068
4.281
4.9452
5.5847
6.1609
6.5932
6.9278
7.1514
7.2866
7.3423
7.3049
7.1569
6.9234
6.6177
6.2765
5.8864
5.4084
4.8634
4.2771
3.6422
3.04
2.5032
1.9825
1.4806
1.0154
0.59373
0.24583
-0.01844
-0.20777
-0.29026
-0.30532
-0.23536
-0.065794
0.14804
0.46482
0.86976
1.3138
1.8046
2.3535
2.9276
3.542
4.2116
4.8907
5.5252
6.0781
6.5661
6.9397
7.2072
7.3901
7.4663
7.4254
7.2851
7.0597
6.7638
6.4385
6.0845
5.632
5.1014
4.5418
3.9538
3.3692
2.843
2.3503
1.874
1.4383
1.051
0.7099
0.4338
0.22063
0.060965
-0.035111
-0.025422
0.092215
0.29045
0.56808
0.93633
1.3629
1.842
2.353
2.9169
3.5317
4.163
4.8174
5.4354
5.9813
6.4772
6.9038
7.2326
7.4598
7.5887
7.6025
7.5167
7.3335
7.0784
6.7846
6.4446
6.0434
5.5681
5.0279
4.4668
3.9392
3.4174
2.9102
2.4713
2.0674
1.694
1.3804
1.1182
0.89271
0.68638
0.52743
0.47129
0.50162
0.63006
0.87544
1.1728
1.5241
1.9459
2.4178
2.9225
3.5048
4.1189
4.726
5.3233
5.873
6.3802
6.8213
7.2064
7.5207
7.7029
7.7808
7.7693
7.6615
7.4839
7.2515
6.9246
6.5233
6.096
5.6174
5.0946
4.5785
4.0976
3.605
3.1288
2.7173
2.3597
2.0236
1.705
1.4345
1.1739
0.97162
0.87199
0.80338
0.83253
0.97384
1.1795
1.4254
1.7267
2.1058
2.549
3.0613
3.6059
4.1702
4.7124
5.2176
5.7003
6.1259
6.5138
6.8491
7.0987
7.2561
7.3159
7.306
7.2218
7.0657
6.8034
6.4574
6.0731
5.6817
5.3156
4.9356
4.5263
4.1038
3.7004
3.3086
2.9413
2.655
2.3922
2.1469
1.9144
1.7151
1.5732
1.4516
1.4024
1.431
1.5274
1.6893
1.9359
2.2146
2.5671
3.0141
3.5066
3.9859
4.4499
4.915
5.3546
5.7835
6.1801
6.5315
6.798
6.9921
7.1453
7.189
7.1661
7.0919
6.9128
6.6379
6.3127
5.9398
5.5686
5.232
4.9032
4.5351
4.1664
3.8365
3.5333
3.2366
2.9807
2.7447
2.4868
2.2444
2.0737
1.9335
1.8479
1.8234
1.8355
1.872
1.9981
2.211
2.4833
2.8154
3.1941
3.5946
3.9881
4.3612
4.751
5.1382
5.5056
5.8502
6.1388
6.3764
6.5811
6.7321
6.8142
6.8221
6.7346
6.5441
6.3023
6.0225
5.7096
5.4272
5.1594
4.8979
4.642
4.3557
4.0593
3.8025
3.5592
3.3215
3.1047
2.91
2.7299
2.5623
2.4494
2.3831
2.3584
2.3623
2.4
2.4983
2.6662
2.9066
3.1934
3.5027
3.8572
4.194
4.5156
4.8287
5.1613
5.5036
5.8116
6.0696
6.2807
6.4455
6.5703
6.6572
6.6812
