1656,3030,4127,4767,5330,5713,6066,6323,6658,6894,7132,7013
1655,3032,4126,4766,5333,5714,6065,6327,6658,6893,7129,7011
1655,3033,4126,4765,5330,5713,6067,6325,6659,6896,7128,7009
1654,3033,4128,4767,5327,5713,6064,6324,6659,6898,7132,7013
1655,3032,4129,4767,5324,5714,6064,6327,6657,6897,7129,7010
1653,3030,4128,4766,5326,5714,6066,6325,6653,6893,7126,7008
1652,3031,4127,4765,5329,5713,6065,6322,6655,6897,7131,7005
1652,3033,4128,4767,5330,5715,6062,6322,6658,6895,7128,7004
1652,3033,4128,4766,5329,5716,6062,6325,6656,6893,7127,7004
1653,3034,4130,4763,5326,5715,6062,6324,6655,6895,7131,7003
1652,3033,4129,4762,5325,5713,6060,6322,6657,6897,7129,7001
1652,3035,4128,4764,5324,5718,6059,6325,6654,6894,7126,7007
1653,3036,4128,4763,5326,5716,6063,6325,6652,6891,7131,7004
1653,3035,4129,4761,5329,5715,6061,6324,6656,6895,7128,7002
1653,3034,4130,4762,5331,5718,6059,6323,6660,6897,7128,7000
1653,3033,4129,4765,5329,5715,6061,6327,6658,6895,7131,6999
1653,3034,4127,4763,5326,5712,6059,6329,6657,6892,7129,7002
1652,3034,4126,4762,5324,5715,6057,6328,6658,6895,7127,7000
1653,3034,4126,4762,5325,5715,6061,6325,6656,6897,7131,6997
1652,3033,4128,4765,5327,5714,6063,6328,6655,6896,7129,7001
1651,3035,4127,4762,5328,5716,6062,6326,6659,6894,7128,6999
1652,3035,4127,4761,5327,5715,6060,6327,6660,6898,7128,7001
1652,3035,4129,4763,5326,5715,6063,6325,6659,6896,7127,7003
1651,3035,4131,4764,5322,5715,6061,6328,6656,6894,7129,7001
1650,3034,4129,4764,5324,5715,6062,6326,6658,6895,7133,7005
1651,3035,4128,4763,5326,5714,6066,6324,6657,6895,7130,7003
1651,3037,4126,4762,5327,5717,6065,6321,6658,6893,7130,7000
1650,3035,4127,4764,5327,5716,6064,6325,6659,6890,7132,7003
1649,3034,4129,4762,5326,5716,6066,6324,6663,6894,7131,7004
1648,3033,4126,4762,5324,5718,6065,6322,6661,6891,7127,7002
1648,3034,4125,4764,5326,5716,6063,6325,6657,6890,7132,7002
1648,3035,4124,4763,5327,5713,6066,6327,6659,6894,7129,7000
1647,3035,4127,4761,5329,5716,6066,6324,6658,6898,7129,7004
1645,3033,4129,4760,5331,5716,6066,6322,6657,6895,7131,7002
1645,3032,4127,4762,5329,5714,6068,6326,6659,6894,7129,7003
1646,3034,4126,4764,5327,5719,6067,6325,6662,6894,7126,7000
1645,3036,4128,4761,5325,5716,6065,6324,6659,6898,7124,7000
1644,3036,4129,4760,5328,5714,6067,6327,6657,6896,7121,7003
1644,3036,4129,4763,5329,5717,6065,6329,6659,6895,7121,7000
1644,3038,4128,4766,5331,5719,6066,6327,6664,6897,7118,6998
1645,3039,4126,4764,5332,5718,6064,6327,6662,6896,7123,7004
1644,3038,4126,4764,5331,5717,6067,6330,6660,6892,7119,7001
1643,3038,4128,4766,5329,5718,6065,6329,6662,6890,7116,7003
1643,3039,4130,4764,5331,5718,6063,6328,6659,6894,7118,7003
1643,3040,4128,4762,5332,5717,6064,6331,6656,6892,7118,7000
1643,3041,4127,4759,5335,5719,6063,6329,6655,6891,7116,7004
1642,3040,4126,4762,5337,5718,6063,6327,6656,6894,7121,7002
1641,3040,4128,4761,5334,5719,6067,6327,6655,6892,7118,6999
1641,3042,4128,4760,5333,5720,6065,6330,6652,6891,7115,6996
1642,3042,4126,4758,5331,5720,6063,6329,6655,6894,7118,6996
1641,3044,4124,4760,5328,5718,6066,6328,6656,6897,7118,6996
1640,3045,4124,4758,5329,5720,6064,6330,6656,6896,7115,6996
1640,3044,4126,4757,5331,5721,6063,6327,6654,6894,7116,6994
1641,3044,4128,4756,5334,5721,6067,6324,6657,6897,7114,6998
1640,3047,4127,4758,5333,5720,6065,6324,6654,6895,7118,6996
1639,3045,4125,4757,5331,5723,6063,6327,6651,6895,7116,6995
1638,3045,4124,4758,5330,5722,6062,6325,6653,6893,7116,6993
1637,3044,4126,4757,5331,5721,6064,6323,6652,6897,7119,6993
1638,3045,4125,4760,5332,5723,6062,6326,6650,6894,7117,6995
1637,3046,4123,4757,5334,5721,6062,6323,6654,6893,7115,6994
1636,3045,4122,4757,5332,5719,6065,6322,6657,6891,7119,6990
1638,3045,4124,4755,5330,5722,6064,6326,6654,6895,7116,6994
1637,3046,4127,4757,5327,5722,6062,6324,6652,6893,7117,6992
1638,3048,4125,4755,5329,5721,6064,6322,6655,6890,7118,6993
1637,3048,4123,4756,5331,5724,6062,6322,6653,6894,7118,6995
1637,3048,4122,4755,5332,5723,6059,6322,6650,6892,7115,6994
1637,3048,4125,4758,5329,5722,6058,6321,6649,6890,7119,6992
1639,3049,4124,4757,5327,5723,6061,6321,6651,6888,7117,6989
1638,3051,4123,4755,5327,5721,6059,6325,6648,6894,7117,6986
1638,3050,4122,4757,5328,5720,6057,6326,6646,6895,7115,6988
1637,3049,4124,4759,5330,5725,6060,6324,6650,6894,7114,6988
1637,3050,4126,4757,5332,5726,6057,6322,6649,6891,7116,6987
1637,3052,4126,4756,5330,5725,6055,6324,6646,6895,7114,6991
1637,3050,4125,4758,5328,5724,6058,6323,6643,6893,7113,6988
1636,3048,4127,4761,5325,5726,6057,6322,6646,6893,7118,6992
1636,3047,4127,4760,5326,5724,6056,6324,6643,6894,7116,6989
1636,3049,4129,4759,5329,5723,6054,6328,6642,6898,7114,6990
1636,3050,4128,4761,5331,5726,6053,6325,6644,6895,7116,6991
1636,3050,4126,4763,5328,5726,6051,6323,6642,6892,7114,6990
1635,3050,4125,4761,5326,5725,6051,6324,6639,6891,7113,6988
1634,3052,4127,4759,5323,5727,6054,6323,6637,6894,7118,6991
1635,3052,4129,4762,5325,5726,6054,6321,6638,6892,7116,6988
1634,3052,4129,4764,5325,5724,6053,6324,6636,6889,7116,6988
1633,3051,4127,4764,5327,5727,6055,6327,6635,6893,7116,6987
1632,3051,4129,4763,5330,5727,6054,6325,6638,6894,7115,6985
1630,3052,4131,4766,5328,5727,6052,6323,6635,6893,7113,6987
1631,3052,4129,4764,5325,5729,6055,6325,6634,6891,7118,6984
1631,3052,4128,4762,5323,5731,6053,6329,6635,6896,7116,6981
1632,3051,4125,4761,5325,5730,6052,6328,6633,6893,7115,6986
1631,3053,4125,4762,5326,5729,6054,6327,6631,6892,7116,6984
1631,3054,4127,4763,5328,5730,6053,6330,6629,6889,7115,6982
1631,3055,4126,4763,5325,5730,6052,6328,6630,6894,7114,6982
1633,3055,4125,4763,5324,5728,6054,6325,6628,6897,7118,6977
1632,3054,4124,4765,5321,5731,6056,6327,6626,6895,7116,6982
1630,3054,4126,4766,5323,5730,6056,6330,6627,6894,7116,6982
1629,3057,4127,4765,5325,5728,6053,6328,6626,6897,7113,6980
1629,3055,4126,4763,5326,5725,6058,6326,6625,6894,7112,6982
1629,3055,4124,4765,5328,5728,6056,6329,6626,6893,7116,6982
1630,3055,4125,4763,5324,5728,6055,6330,6625,6897,7115,6981
1629,3056,4127,4762,5323,5728,6055,6328,6624,6900,7113,6979
1628,3056,4124,4762,5321,5730,6053,6327,6621,6899,7117,6978
1627,3055,4123,4764,5323,5728,6052,6332,6623,6897,7114,6982
1628,3054,4123,4763,5324,5726,6055,6330,6622,6899,7114,6980
1628,3053,4124,4762,5326,5729,6054,6328,6620,6898,7118,6980
1627,3055,4123,4764,5324,5727,6053,6330,6624,6898,7116,6978
1626,3057,4122,4766,5321,5726,6052,6328,6621,6900,7114,6978
1627,3058,4120,4764,5318,5729,6053,6326,6619,6903,7119,6981
1627,3057,4121,4764,5321,5729,6052,6326,6620,6901,7116,6985
1628,3059,4123,4765,5324,5728,6052,6327,6619,6898,7119,6983
1626,3060,4122,4768,5324,5730,6055,6326,6618,6900,7119,6987
1625,3059,4121,4767,5326,5733,6053,6323,6621,6900,7117,6985
1625,3057,4122,4766,5324,5730,6052,6326,6623,6898,7120,6984
1625,3057,4125,4768,5323,5729,6054,6324,6621,6896,7118,6988
1625,3057,4127,4766,5320,5733,6052,6324,6617,6899,7115,6986
1624,3058,4125,4765,5322,5733,6051,6322,6620,6896,7119,6984
1624,3057,4124,4762,5324,5732,6055,6326,6618,6895,7118,6980
1625,3056,4123,4765,5325,5735,6054,6325,6615,6899,7116,6978
1624,3058,4124,4764,5324,5738,6052,6324,6614,6897,7120,6978
1624,3059,4126,4763,5320,5737,6054,6325,6616,6895,7118,6977
1624,3060,4125,4762,5319,5736,6053,6322,6613,6898,7115,6975
1625,3059,4124,4764,5320,5739,6050,6320,6611,6899,7113,6979
1624,3059,4126,4762,5321,5739,6049,6319,6615,6898,7112,6976
1624,3059,4128,4762,5322,5737,6052,6321,6613,6898,7114,6974
1622,3060,4128,4760,5325,5739,6051,6318,6611,6901,7113,6975
1622,3060,4127,4761,5322,5739,6049,6316,6614,6903,7110,6974
1622,3059,4125,4760,5320,5736,6052,6318,6611,6902,7115,6972
1622,3060,4126,4760,5318,5740,6050,6321,6607,6899,7113,6977
1621,3062,4128,4762,5320,5738,6049,6321,6611,6904,7112,6973
1620,3061,4127,4765,5321,5739,6050,6319,6613,6901,7110,6971
1621,3060,4126,4763,5322,5740,6049,6322,6610,6900,7110,6968
1621,3059,4125,4762,5320,5739,6048,6321,6607,6899,7106,6967
1620,3060,4127,4763,5319,5738,6051,6319,6610,6901,7111,6966
1620,3062,4127,4765,5317,5741,6049,6316,6607,6898,7109,6964
1619,3062,4127,4763,5318,5739,6048,6319,6606,6894,7108,6961
1620,3061,4126,4763,5320,5739,6049,6318,6609,6899,7110,6965
1619,3061,4128,4765,5322,5742,6052,6316,6613,6901,7110,6962
1619,3063,4129,4768,5320,5741,6052,6319,6610,6900,7107,6963
1619,3064,4127,4766,5317,5739,6051,6317,6609,6897,7111,6965
1618,3063,4127,4764,5315,5742,6052,6313,6609,6901,7110,6963
1619,3063,4126,4766,5318,5742,6052,6311,6606,6902,7109,6960
1619,3065,4126,4769,5319,5740,6050,6315,6605,6901,7111,6965
1619,3064,4129,4767,5320,5743,6052,6313,6608,6899,7110,6961
1617,3062,4127,4765,5319,5747,6051,6312,6610,6903,7107,6960
1617,3061,4127,4767,5318,5747,6052,6314,6607,6906,7112,6960
1618,3060,4128,4770,5316,5747,6053,6312,6604,6904,7110,6959
1618,3063,4130,4769,5317,5750,6052,6308,6607,6902,7109,6962
1618,3065,4129,4768,5319,5748,6051,6307,6604,6907,7111,6960
1618,3064,4127,4770,5322,5745,6054,6312,6603,6905,7110,6956
1617,3063,4125,4772,5320,5747,6051,6309,6602,6902,7107,6955
1617,3065,4127,4770,5318,5747,6050,6307,6605,6902,7111,6955
1618,3065,4128,4768,5316,5746,6054,6310,6602,6903,7110,6957
1617,3067,4126,4769,5317,5750,6051,6308,6600,6901,7108,6957
1616,3066,4126,4772,5318,5748,6049,6306,6602,6899,7110,6954
1616,3066,4126,4771,5319,5747,6052,6310,6601,6903,7110,6958
1616,3066,4127,4769,5317,5748,6050,6314,6600,6901,7106,6956
1616,3068,4129,4771,5316,5746,6047,6312,6602,6900,7111,6956
1616,3066,4127,4772,5314,5745,6050,6311,6600,6897,7110,6958
1615,3065,4127,4771,5313,5749,6050,6313,6597,6901,7109,6958
1615,3067,4128,4769,5314,5750,6049,6316,6595,6898,7111,6959
1615,3069,4129,4770,5316,5750,6050,6313,6598,6897,7110,6957
1615,3070,4129,4769,5316,5748,6050,6312,6597,6896,7107,6955
1614,3069,4128,4768,5318,5751,6049,6315,6594,6899,7111,6961
1613,3068,4127,4767,5317,5749,6051,6313,6597,6896,7111,6958
1613,3068,4126,4770,5315,5749,6049,6311,6598,6894,7109,6959
1613,3070,4128,4771,5312,5752,6049,6314,6595,6898,7107,6957
1613,3068,4129,4769,5314,5751,6051,6314,6593,6896,7106,6955
1612,3068,4128,4767,5316,5750,6050,6313,6597,6894,7103,6959
1613,3068,4127,4769,5316,5752,6049,6312,6598,6898,7102,6957
1614,3069,4126,4769,5317,5751,6047,6315,6597,6901,7102,6955
1614,3069,4127,4768,5315,5749,6048,6313,6595,6898,7106,6958
1614,3069,4126,4767,5314,5752,6048,6312,6598,6897,7104,6956
1613,3068,4126,4770,5312,5751,6047,6310,6595,6901,7102,6955
1613,3069,4126,4770,5310,5750,6049,6312,6594,6904,7104,6955
1615,3071,4129,4770,5312,5748,6048,6311,6592,6902,7103,6952
1614,3073,4129,4769,5313,5748,6047,6311,6595,6899,7102,6958
1613,3072,4127,4771,5314,5747,6047,6312,6593,6900,7106,6956
1612,3071,4126,4769,5314,5750,6046,6315,6589,6900,7103,6954
1612,3069,4127,4767,5312,5747,6044,6313,6587,6899,7102,6955
1613,3070,4129,4769,5311,5746,6044,6310,6591,6902,7100,6955
1612,3071,4128,4772,5308,5750,6045,6313,6590,6905,7100,6958
1611,3071,4126,4771,5309,5748,6043,6311,6588,6903,7104,6957
1612,3070,4125,4770,5310,5746,6042,6309,6591,6901,7102,6954
1612,3069,4127,4772,5313,5749,6045,6313,6588,6905,7099,6958
1613,3070,4131,4770,5312,5747,6042,6315,6586,6909,7104,6955
1612,3071,4129,4768,5311,5745,6042,6313,6589,6907,7101,6955
1611,3071,4128,4766,5309,5748,6045,6311,6588,6905,7100,6957
1610,3071,4127,4768,5308,5752,6049,6315,6585,6906,7104,6955
1611,3072,4129,4769,5309,5752,6046,6313,6583,6904,7102,6952
1611,3071,4129,4769,5311,5751,6045,6311,6586,6902,7100,6950
1610,3073,4128,4768,5312,5754,6046,6310,6584,6906,7097,6948
1610,3073,4125,4770,5312,5752,6045,6313,6587,6908,7094,6950
1610,3074,4124,4771,5310,5750,6043,6310,6586,6906,7098,6951
1611,3074,4127,4770,5308,5752,6047,6308,6585,6904,7097,6950
1610,3074,4128,4768,5310,5753,6046,6312,6587,6907,7095,6954
1609,3073,4128,4770,5311,5751,6045,6311,6584,6906,7095,6952
1608,3074,4126,4770,5314,5755,6047,6310,6581,6905,7092,6950
1609,3074,4125,4769,5312,5753,6046,6307,6584,6907,7097,6948
1610,3073,4126,4768,5311,5753,6044,6310,6582,6910,7095,6949
1610,3072,4127,4771,5309,5753,6047,6307,6581,6907,7095,6948
1609,3072,4126,4770,5306,5751,6047,6306,6583,6904,7093,6948
1608,3072,4125,4769,5307,5750,6045,6309,6582,6908,7092,6947
1610,3074,4124,4767,5310,5753,6048,6307,6580,6907,7094,6944
1609,3075,4126,4769,5309,5751,6050,6304,6583,6905,7092,6941
1609,3074,4129,4766,5306,5750,6048,6302,6581,6908,7090,6948
1608,3073,4128,4764,5304,5752,6045,6303,6580,6905,7089,6946
1608,3071,4127,4766,5306,5748,6049,6302,6582,6902,7087,6945
1609,3073,4127,4770,5308,5746,6048,6301,6581,6902,7090,6948
1609,3074,4127,4769,5306,5748,6046,6300,6578,6904,7088,6945
1608,3074,4129,4767,5305,5751,6049,6302,6582,6904,7087,6943
1608,3073,4127,4770,5304,5750,6047,6300,6579,6902,7091,6942
1607,3071,4124,4768,5306,5749,6044,6299,6578,6906,7090,6939
1607,3072,4125,4766,5307,5751,6042,6300,6582,6902,7095,6942
1608,3073,4128,4764,5306,5750,6045,6300,6579,6902,7093,6941
1607,3075,4130,4766,5304,5748,6045,6300,6577,6905,7091,6939
1605,3076,4129,4766,5303,5752,6043,6299,6581,6910,7089,6943
1603,3075,4127,4765,5303,5750,6047,6303,6577,6907,7089,6942
1604,3073,4125,4763,5305,5749,6045,6301,6577,6905,7091,6940
1604,3071,4126,4766,5304,5750,6043,6299,6580,6905,7090,6938
1604,3073,4128,4764,5304,5750,6044,6295,6577,6909,7088,6938
1604,3074,4129,4763,5304,5749,6044,6300,6575,6907,7085,6938
1603,3075,4129,4764,5306,5751,6043,6299,6579,6905,7082,6938
1604,3074,4128,4766,5305,5749,6046,6298,6575,6907,7088,6937
1605,3074,4127,4764,5302,5749,6044,6300,6574,6910,7088,6936
1604,3073,4130,4765,5301,5751,6043,6298,6578,6907,7087,6934
1604,3074,4132,4767,5303,5749,6044,6295,6576,6905,7087,6938
1604,3075,4131,4765,5305,5747,6042,6298,6574,6909,7085,6936
1605,3074,4130,4762,5306,5749,6041,6302,6577,6907,7089,6935
1604,3074,4128,4761,5305,5751,6044,6302,6574,6906,7088,6939
1603,3073,4130,4762,5303,5749,6046,6301,6572,6905,7088,6938
1603,3074,4132,4759,5302,5747,6044,6304,6575,6907,7085,6942
1602,3075,4129,4757,5303,5752,6042,6307,6574,6905,7085,6941
1603,3076,4128,4756,5304,5750,6045,6304,6572,6903,7083,6938
1602,3075,4127,4759,5302,5748,6042,6303,6570,6905,7081,6941
1602,3074,4129,4758,5301,5751,6041,6306,6568,6908,7080,6942
1602,3073,4131,4756,5299,5750,6044,6305,6570,6905,7085,6941
1603,3073,4129,4754,5302,5748,6048,6303,6568,6902,7083,6945
1603,3075,4127,4757,5303,5750,6045,6302,6567,6904,7083,6943
1603,3074,4126,4756,5302,5750,6043,6304,6571,6908,7079,6941
1602,3074,4127,4753,5299,5750,6044,6302,6569,6907,7079,6938
1601,3074,4129,4754,5298,5752,6043,6300,6567,6904,7083,6940
1602,3075,4128,4757,5300,5750,6042,6304,6569,6908,7081,6942
1602,3076,4126,4756,5302,5750,6046,6306,6566,6904,7078,6941
1601,3079,4125,4756,5301,5750,6044,6306,6564,6902,7077,6939
1601,3077,4127,4756,5298,5749,6044,6304,6569,6906,7074,6944
1600,3077,4128,4758,5299,5748,6045,6307,6567,6910,7078,6941
1601,3076,4127,4757,5302,5751,6043,6305,6565,6907,7079,6942
1601,3077,4126,4755,5299,5749,6043,6305,6567,6907,7077,6941
1602,3078,4126,4756,5297,5748,6046,6304,6570,6908,7076,6940
1601,3079,4127,4758,5297,5750,6045,6307,6568,6906,7075,6943
1601,3078,4129,4757,5299,5752,6044,6309,6568,6905,7078,6941
1600,3077,4127,4757,5302,5750,6042,6308,6569,6908,7077,6940
1600,3076,4127,4758,5303,5749,6044,6307,6569,6911,7077,6945
1599,3077,4128,4757,5302,5752,6042,6310,6572,6909,7080,6944
1601,3078,4130,4757,5300,5750,6041,6310,6573,6907,7079,6943
1599,3079,4132,4756,5302,5748,6045,6308,6571,6910,7081,6943
1601,3081,4130,4757,5303,5750,6043,6311,6571,6915,7079,6941
1599,3079,4128,4754,5305,5747,6041,6314,6572,6913,7076,6946
1597,3078,4127,4752,5305,5746,6043,6310,6571,6915,7082,6945
1596,3076,4129,4751,5303,5749,6046,6308,6569,6918,7081,6944
1597,3078,4130,4754,5302,5747,6043,6312,6571,6915,7084,6947
1597,3079,4128,4752,5304,5746,6043,6311,6569,6913,7083,6947
1598,3079,4126,4752,5306,5747,6047,6309,6569,6917,7081,6944
1597,3079,4125,4751,5304,5745,6046,6312,6572,6916,7085,6948
1597,3077,4127,4753,5303,5743,6047,6316,6571,6914,7084,6948
1597,3075,4128,4754,5305,5745,6047,6313,6569,6912,7082,6953
1597,3078,4127,4753,5308,5746,6045,6312,6572,6913,7080,6951
1596,3078,4124,4753,5309,5746,6048,6317,6568,6915,7079,6951
1595,3079,4122,4755,5308,5745,6046,6319,6567,6915,7077,6952
1594,3082,4125,4754,5306,5747,6046,6319,6570,6913,7077,6952
1595,3081,4127,4752,5304,5746,6048,6319,6569,6917,7080,6951
1594,3080,4125,4751,5305,5745,6051,6319,6566,6914,7078,6950
1594,3081,4123,4753,5306,5746,6050,6318,6570,6911,7076,6948
1593,3082,4123,4752,5306,5743,6048,6317,6568,6913,7080,6953
1594,3081,4124,4750,5305,5741,6048,6321,6567,6916,7078,6952
1594,3081,4125,4751,5305,5745,6048,6323,6571,6915,7078,6952
1594,3081,4123,4753,5307,5743,6048,6321,6570,6912,7079,6953
1593,3080,4122,4753,5310,5742,6051,6320,6568,6915,7078,6952
1593,3082,4123,4752,5308,5741,6050,6323,6571,6915,7082,6957
1594,3081,4125,4754,5306,5743,6049,6321,6569,6914,7080,6954
1593,3081,4124,4756,5308,5740,6047,6320,6565,6913,7084,6953
1593,3082,4123,4754,5311,5740,6050,6319,6569,6917,7083,6950
1593,3083,4123,4754,5312,5743,6048,6322,6568,6919,7084,6951
1592,3084,4126,4754,5310,5741,6046,6320,6566,6918,7082,6954
1593,3083,4125,4755,5309,5740,6049,6318,6569,6915,7081,6953
1592,3082,4125,4754,5307,5741,6048,6319,6568,6918,7083,6950
1592,3082,4124,4755,5308,5743,6046,6323,6566,6917,7081,6948
1592,3083,4126,4756,5310,5740,6049,6322,6569,6915,7079,6946
1593,3084,4127,4754,5308,5738,6046,6321,6568,6914,7085,6951
1593,3084,4126,4752,5309,5738,6046,6323,6567,6917,7083,6951
1592,3083,4125,4755,5307,5737,6050,6322,6569,6914,7086,6950
1592,3085,4126,4756,5309,5735,6047,6318,6568,6911,7085,6953
1591,3084,4127,4754,5310,5738,6045,6322,6565,6914,7083,6951
1592,3082,4126,4753,5310,5736,6049,6321,6569,6914,7087,6949
1591,3081,4125,4755,5307,5732,6050,6322,6567,6912,7086,6954
1590,3081,4125,4757,5305,5734,6048,6321,6567,6909,7084,6953
1591,3082,4126,4756,5307,5733,6047,6324,6569,6913,7082,6955
1591,3084,4128,4754,5309,5733,6051,6321,6567,6909,7080,6956
1590,3083,4128,4756,5311,5735,6049,6318,6565,6908,7082,6955
1590,3083,4127,4758,5309,5733,6049,6317,6568,6911,7082,6959
1589,3083,4126,4756,5308,5732,6051,6321,6565,6915,7081,6959
1590,3084,4128,4754,5307,5734,6053,6318,6564,6913,7080,6958
1591,3084,4127,4755,5309,5731,6052,6317,6566,6910,7078,6957
1591,3083,4129,4754,5310,5731,6051,6320,6565,6912,7082,6957
1590,3081,4129,4754,5308,5734,6054,6320,6563,6916,7080,6958
1590,3081,4128,4753,5307,5732,6053,6319,6567,6914,7085,6957
1589,3082,4127,4754,5306,5731,6052,6318,6565,6913,7084,6956
1590,3081,4129,4753,5307,5734,6054,6323,6564,6915,7084,6962
1590,3081,4130,4752,5309,5732,6052,6321,6566,6914,7087,6960
1589,3083,4129,4753,5307,5730,6051,6319,6564,6912,7084,6961
1590,3085,4128,4753,5304,5731,6054,6322,6561,6915,7090,6962
1590,3085,4126,4753,5306,5730,6053,6324,6564,6920,7088,6961
1591,3084,4127,4752,5308,5730,6052,6323,6561,6918,7086,6966
1590,3083,4128,4753,5311,5728,6051,6323,6559,6917,7089,6963
1590,3084,4128,4753,5309,5729,6053,6325,6562,6918,7088,6961
1589,3086,4128,4755,5307,5728,6051,6324,6562,6916,7089,6966
1590,3084,4127,4754,5305,5726,6049,6322,6559,6914,7088,6964
1590,3083,4129,4752,5306,5728,6053,6325,6563,6918,7086,6962
1590,3082,4129,4753,5307,5726,6052,6326,6560,6917,7092,6964
1589,3083,4131,4752,5306,5726,6051,6324,6558,6916,7089,6962
1588,3084,4130,4750,5306,5725,6054,6323,6557,6918,7094,6968
1590,3083,4129,4750,5307,5727,6053,6326,6560,6921,7092,6965
1589,3081,4129,4752,5306,5725,6051,6329,6557,6919,7091,6962
1589,3081,4131,4751,5309,5724,6051,6328,6556,6918,7095,6965
1589,3082,4132,4750,5307,5724,6054,6326,6554,6920,7094,6965
1589,3084,4132,4752,5306,5723,6053,6329,6556,6919,7092,6963
1589,3083,4130,4753,5306,5722,6051,6328,6555,6917,7090,6964
1590,3082,4128,4752,5307,5726,6054,6329,6560,6921,7088,6961
1589,3083,4130,4750,5311,5724,6053,6330,6558,6918,7090,6966
1589,3084,4131,4753,5310,5723,6051,6333,6557,6918,7092,6964
1589,3083,4133,4756,5309,5725,6055,6332,6554,6920,7091,6966
1590,3082,4131,4754,5306,5723,6053,6329,6552,6919,7090,6967
1589,3080,4129,4752,5309,5721,6052,6332,6550,6916,7088,6967
1588,3080,4128,4754,5309,5724,6050,6333,6550,6921,7092,6966
1587,3081,4130,4752,5311,5726,6053,6331,6551,6919,7090,6964
1588,3080,4131,4751,5308,5724,6051,6335,6550,6918,7091,6962
1588,3080,4134,4752,5308,5721,6048,6333,6547,6916,7089,6968
1587,3082,4132,4754,5307,5724,6050,6331,6550,6919,7087,6968
1587,3083,4131,4753,5309,5721,6050,6330,6547,6917,7091,6968
1587,3083,4134,4753,5310,5718,6049,6333,6547,6915,7088,6968
1587,3083,4135,4755,5309,5722,6052,6332,6549,6917,7086,6967
1587,3080,4133,4754,5306,5720,6050,6330,6548,6921,7085,6971
1587,3081,4131,4754,5304,5719,6048,6333,6551,6920,7084,6970
1587,3082,4130,4753,5306,5720,6049,6331,6549,6918,7087,6970
1587,3084,4130,4754,5308,5719,6049,6328,6546,6922,7086,6968
1587,3083,4132,4753,5310,5717,6049,6331,6545,6919,7084,6969
1586,3081,4135,4752,5309,5719,6052,6335,6544,6918,7089,6970
1585,3082,4133,4751,5309,5720,6050,6334,6542,6923,7088,6969
1585,3083,4132,4754,5307,5720,6049,6333,6539,6920,7088,6968
1586,3083,4130,4754,5309,5722,6047,6336,6542,6919,7085,6975
1585,3083,4131,4753,5310,5721,6050,6338,6540,6922,7084,6972
1584,3082,4132,4755,5313,5720,6048,6336,6538,6920,7085,6972
1585,3083,4131,4758,5314,5720,6048,6336,6541,6920,7085,6971
1585,3084,4130,4756,5313,5719,6049,6334,6539,6920,7083,6970
1585,3083,4131,4755,5311,5719,6048,6338,6538,6918,7088,6974
1584,3081,4133,4757,5308,5718,6046,6340,6540,6915,7087,6974
1583,3080,4136,4756,5307,5721,6045,6339,6539,6919,7087,6971
1584,3082,4134,4756,5307,5720,6046,6336,6536,6919,7084,6975
1586,3081,4133,4756,5309,5719,6047,6339,6540,6919,7084,6974
1584,3082,4134,4759,5307,5721,6046,6343,6539,6918,7087,6973
1583,3080,4135,4757,5307,5719,6050,6342,6537,6922,7086,6977
1585,3079,4137,4756,5308,5717,6048,6340,6539,6920,7085,6976
1585,3080,4135,4757,5310,5719,6047,6342,6538,6919,7089,6981
1584,3082,4133,4759,5312,5722,6049,6345,6535,6919,7086,6979
1583,3082,4134,4756,5310,5720,6047,6343,6539,6919,7087,6977
1582,3082,4136,4755,5308,5719,6046,6342,6538,6918,7087,6980
1583,3082,4135,4753,5306,5722,6051,6341,6536,6922,7086,6981
1584,3082,4135,4755,5309,5719,6052,6345,6539,6920,7090,6980
1583,3084,4133,4754,5310,5717,6051,6342,6537,6919,7088,6986
1582,3082,4136,4754,5312,5719,6055,6341,6534,6920,7085,6984
1583,3082,4137,4751,5311,5718,6057,6339,6532,6919,7089,6988
1583,3082,4135,4754,5309,5718,6055,6341,6530,6917,7088,6986
1582,3083,4134,4752,5308,5719,6055,6344,6530,6915,7087,6987
1581,3082,4135,4751,5309,5718,6059,6343,6531,6918,7086,6989
1580,3081,4136,4754,5310,5717,6058,6342,6530,6917,7083,6988
1581,3079,4136,4756,5313,5718,6060,6339,6528,6914,7089,6987
1581,3081,4135,4756,5315,5717,6064,6342,6530,6919,7087,6991
1581,3082,4134,4754,5313,5716,6062,6340,6528,6918,7086,6988
1581,3082,4135,4756,5313,5719,6061,6339,6528,6916,7085,6990
1581,3081,4134,4758,5310,5718,6064,6339,6530,6918,7085,6989
1582,3080,4133,4757,5308,5715,6063,6342,6533,6918,7085,6990
1581,3081,4132,4756,5306,5714,6060,6340,6531,6915,7084,6993
1581,3082,4132,4758,5308,5715,6063,6339,6529,6920,7083,6991
1580,3082,4134,4761,5311,5714,6062,6336,6530,6919,7089,6989
1582,3081,4132,4760,5310,5713,6059,6338,6529,6917,7087,6988
1582,3082,4131,4760,5308,5716,6063,6342,6528,6920,7086,6986
1580,3083,4133,4762,5305,5714,6062,6341,6531,6919,7085,6989
1579,3083,4134,4761,5307,5712,6062,6340,6532,6915,7084,6989
1579,3083,4136,4759,5308,5715,6063,6337,6532,6913,7088,6986
1579,3082,4135,4758,5305,5713,6062,6340,6529,6917,7087,6991
1580,3085,4133,4761,5303,5711,6059,6340,6533,6915,7085,6990
1579,3086,4135,4759,5307,5711,6058,6339,6531,6914,7083,6987
1578,3086,4135,4758,5307,5712,6059,6338,6528,6916,7081,6986
1579,3085,4133,4760,5310,5711,6059,6336,6531,6920,7083,6986
1579,3084,4132,4762,5308,5714,6059,6338,6534,6918,7084,6987
1578,3085,4131,4761,5308,5712,6057,6341,6531,6918,7083,6987
1578,3086,4133,4760,5307,5711,6055,6338,6534,6920,7087,6986
1577,3085,4136,4761,5310,5711,6059,6336,6532,6918,7085,6985
1578,3083,4133,4762,5308,5710,6059,6339,6531,6916,7083,6983
1577,3081,4132,4761,5307,5708,6058,6341,6533,6920,7081,6988
1576,3083,4130,4760,5306,5712,6057,6345,6536,6917,7082,6986
1575,3083,4132,4762,5308,5711,6061,6343,6534,6917,7083,6987
1575,3082,4132,4761,5311,5710,6058,6342,6537,6919,7083,6990
1576,3081,4130,4759,5309,5713,6058,6342,6538,6922,7081,6989
1576,3081,4128,4758,5306,5711,6060,6346,6538,6921,7086,6987
1575,3083,4127,4760,5303,5709,6058,6344,6536,6920,7083,6992
1574,3084,4129,4758,5306,5711,6056,6342,6534,6921,7085,6991
1575,3084,4132,4755,5308,5714,6055,6344,6532,6921,7087,6991
1576,3083,4130,4758,5306,5713,6058,6346,6535,6919,7086,6992
1576,3085,4129,4760,5304,5711,6057,6345,6532,6923,7084,6992
1576,3086,4131,4760,5307,5713,6054,6343,6532,6921,7082,6996
1576,3085,4132,4757,5307,5712,6057,6345,6535,6918,7080,6995
1577,3084,4133,4759,5305,5709,6055,6347,6534,6919,7086,6993
1577,3082,4132,4761,5303,5712,6054,6346,6532,6920,7085,6996
1576,3083,4131,4759,5302,5710,6057,6345,6536,6918,7085,6997
1576,3084,4133,4758,5304,5710,6060,6347,6532,6921,7084,6998
1576,3083,4135,4758,5307,5712,6059,6348,6531,6920,7082,6998
1577,3083,4134,4758,5305,5710,6058,6346,6534,6918,7086,6996
1576,3083,4133,4758,5304,5710,6061,6345,6537,6919,7086,7001
1576,3084,4134,4757,5302,5712,6058,6344,6535,6923,7085,6998
1576,3085,4136,4758,5304,5710,6057,6346,6535,6921,7088,6998
1577,3083,4134,4756,5306,5709,6061,6348,6535,6918,7088,7000
1577,3082,4133,4754,5305,5712,6060,6347,6534,6921,7088,7000
1576,3083,4131,4756,5304,5711,6060,6345,6534,6922,7088,6997
1576,3084,4132,4757,5302,5710,6063,6346,6531,6920,7087,6996
1575,3084,4133,4755,5303,5712,6065,6350,6528,6918,7092,6994
1575,3082,4134,4753,5305,5711,6064,6348,6528,6923,7089,7000
1573,3080,4133,4757,5303,5709,6063,6346,6529,6920,7088,6998
1571,3082,4135,4755,5300,5712,6067,6349,6527,6919,7090,6997
1572,3082,4136,4755,5300,5711,6066,6349,6525,6920,7089,6999
1573,3082,4137,4753,5303,5710,6064,6347,6530,6918,7088,6997
1572,3082,4137,4755,5305,5711,6068,6346,6528,6917,7087,7001
1572,3083,4136,4754,5303,5710,6066,6345,6528,6920,7084,7002
1572,3084,4136,4752,5301,5707,6064,6347,6530,6918,7089,7000
1573,3082,4137,4755,5299,5710,6068,6349,6532,6916,7090,7002
1573,3081,4139,4758,5301,5711,6068,6346,6530,6917,7091,7003
1574,3081,4138,4758,5301,5711,6066,6343,6530,6921,7094,7001
1573,3081,4137,4756,5304,5710,6068,6345,6531,6919,7093,7006
1572,3083,4138,4759,5303,5714,6068,6349,6530,6917,7091,7006
1571,3082,4139,4757,5300,5712,6067,6347,6527,6919,7096,7004
1572,3081,4139,4757,5302,5711,6070,6345,6530,6918,7094,7002
1572,3081,4137,4756,5305,5713,6069,6348,6527,6915,7094,7002
1571,3081,4136,4757,5306,5711,6069,6349,6527,6918,7094,7001
1571,3082,4135,4756,5305,5710,6068,6347,6529,6921,7094,7002
1570,3082,4137,4755,5303,5713,6071,6345,6527,6921,7098,7002
1571,3081,4135,4752,5305,5712,6070,6349,6525,6919,7095,7007
1572,3083,4135,4756,5308,5711,6068,6351,6523,6921,7093,7004
1571,3084,4135,4754,5309,5714,6070,6349,6524,6919,7092,7004
1570,3084,4137,4753,5307,5711,6069,6346,6524,6916,7092,7001
1569,3083,4138,4755,5304,5709,6067,6343,6523,6919,7095,7002
1569,3082,4136,4757,5302,5710,6072,6344,6521,6918,7094,7005
1570,3083,4135,4754,5303,5710,6070,6345,6519,6916,7091,7003
1570,3085,4137,4753,5305,5709,6070,6343,6518,6919,7096,7001
1570,3083,4136,4756,5303,5711,6071,6340,6520,6922,7095,7006
1568,3082,4138,4759,5302,5710,6069,6343,6518,6920,7101,7004
1568,3082,4137,4757,5300,5710,6069,6344,6517,6919,7098,7005
1569,3083,4136,4756,5303,5707,6073,6343,6522,6922,7098,7008
1569,3085,4136,4758,5305,5710,6071,6341,6520,6920,7099,7007
1569,3085,4137,4760,5302,5709,6071,6345,6519,6918,7099,7006
1568,3085,4138,4758,5300,5709,6074,6347,6518,6922,7098,7002
1568,3087,4137,4758,5302,5711,6071,6345,6515,6919,7097,7000
1569,3087,4135,4760,5304,5709,6070,6344,6518,6917,7094,7003
1569,3088,4133,4763,5306,5707,6074,6342,6517,6920,7099,7003
1570,3087,4133,4763,5305,5707,6076,6343,6516,6924,7097,7003
1571,3087,4135,4762,5303,5707,6076,6346,6518,6921,7096,7002
1571,3087,4134,4764,5305,5705,6079,6346,6518,6918,7101,7001
1571,3089,4134,4763,5306,5704,6081,6344,6516,6919,7099,7005
1572,3088,4136,4761,5308,5708,6079,6346,6519,6918,7097,7004
1571,3090,4138,4762,5306,5707,6077,6348,6523,6917,7103,7004
1572,3088,4137,4764,5306,5707,6081,6345,6521,6920,7100,7002
1572,3088,4136,4763,5307,5708,6084,6342,6521,6922,7101,7002
1571,3089,4135,4764,5310,5705,6083,6346,6523,6921,7104,7003
1572,3091,4136,4765,5311,5704,6081,6348,6521,6917,7103,7002
1573,3091,4136,4764,5312,5707,6084,6347,6520,6921,7101,7001
1572,3089,4134,4762,5310,5707,6086,6346,6522,6919,7105,7007
1571,3087,4133,4760,5308,5706,6085,6347,6522,6918,7102,7005
1570,3088,4134,4762,5307,5709,6084,6349,6522,6919,7102,7005
1569,3089,4137,4759,5310,5711,6086,6349,6525,6918,7105,7006
1570,3090,4138,4758,5313,5709,6089,6348,6524,6916,7104,7005
1569,3089,4137,4760,5313,5707,6088,6345,6522,6919,7102,7004
1570,3087,4136,4762,5312,5710,6086,6347,6524,6923,7107,7004
1569,3088,4138,4760,5309,5709,6088,6349,6525,6921,7104,7002
1569,3088,4140,4758,5308,5708,6091,6353,6523,6919,7103,7007
1568,3090,4137,4760,5307,5709,6090,6349,6526,6922,7107,7006
1569,3089,4136,4760,5310,5708,6088,6349,6525,6918,7105,7005
1570,3089,4135,4758,5309,5707,6090,6351,6524,6917,7104,7005
1570,3091,4136,4756,5307,5709,6089,6353,6525,6921,7108,7004
1570,3092,4139,4758,5306,5707,6087,6352,6524,6918,7105,7008
1570,3092,4138,4759,5308,5707,6089,6351,6523,6917,7104,7006
1571,3091,4136,4758,5310,5706,6092,6350,6527,6915,7103,7005
1571,3090,4137,4761,5307,5709,6092,6353,6525,6917,7107,7006
1571,3090,4138,4762,5306,5708,6091,6357,6524,6914,7104,7006
1570,3092,4137,4761,5304,5708,6093,6354,6524,6914,7102,7005
1570,3090,4135,4760,5307,5708,6096,6353,6523,6916,7104,7004
1571,3088,4133,4761,5309,5707,6094,6355,6523,6919,7105,7002
1572,3087,4135,4760,5306,5705,6092,6357,6526,6916,7102,7008
1570,3090,4136,4759,5304,5709,6096,6358,6524,6913,7106,7005
1570,3090,4137,4758,5303,5708,6095,6358,6524,6914,7105,7006
1569,3089,4136,4761,5303,5706,6093,6357,6525,6917,7103,7009
1570,3088,4135,4760,5306,5709,6095,6360,6523,6915,7102,7007
1571,3090,4136,4759,5304,5707,6097,6362,6523,6912,7107,7005
1570,3090,4138,4761,5303,5704,6094,6361,6526,6915,7105,7010
1570,3089,4137,4763,5301,5702,6093,6358,6525,6916,7102,7008
1570,3088,4135,4761,5304,5706,6095,6356,6524,6914,7107,7008
1570,3087,4135,4759,5306,5704,6099,6360,6526,6912,7105,7011
1571,3088,4137,4762,5304,5703,6096,6358,6523,6915,7105,7010
1570,3089,4136,4765,5301,5706,6095,6356,6521,6912,7110,7014
1569,3089,4137,4764,5302,5704,6097,6353,6526,6910,7114,7011
1568,3088,4137,4763,5305,5702,6097,6355,6527,6908,7112,7009
1567,3086,4139,4765,5308,5704,6096,6357,6527,6911,7117,7013
1568,3086,4140,4767,5305,5704,6094,6357,6525,6909,7117,7013
1568,3087,4139,4766,5303,5704,6097,6356,6528,6907,7117,7011
1569,3089,4138,4764,5302,5706,6099,6359,6525,6908,7116,7014
1569,3088,4140,4766,5304,5704,6098,6361,6525,6911,7121,7013
1569,3086,4139,4765,5305,5703,6096,6363,6527,6908,7118,7011
1569,3085,4138,4765,5303,5705,6098,6360,6525,6906,7118,7010
1570,3085,4137,4763,5303,5702,6096,6358,6523,6909,7118,7010
1571,3087,4139,4767,5302,5702,6095,6362,6527,6911,7119,7012
1571,3088,4141,4765,5305,5705,6098,6364,6524,6909,7118,7013
1571,3086,4139,4765,5305,5703,6101,6362,6523,6906,7123,7011
1571,3084,4137,4763,5304,5702,6099,6360,6527,6909,7120,7010
1572,3085,4136,4764,5302,5702,6098,6363,6530,6910,7119,7010
1572,3085,4137,4763,5300,5701,6098,6364,6528,6909,7121,7015
1573,3084,4138,4762,5302,5699,6096,6364,6528,6907,7121,7013
1573,3083,4137,4762,5304,5698,6095,6363,6528,6911,7119,7014
1572,3082,4135,4764,5303,5702,6093,6366,6526,6908,7124,7015
1571,3084,4133,4764,5300,5700,6095,6368,6525,6905,7121,7014
1571,3087,4135,4763,5298,5698,6094,6367,6530,6904,7120,7019
1572,3086,4135,4764,5300,5701,6091,6366,6527,6906,7119,7017
1573,3085,4134,4762,5302,5699,6093,6369,6526,6905,7123,7015
1572,3084,4133,4760,5300,5698,6096,6373,6527,6903,7123,7018
1571,3084,4134,4761,5299,5698,6096,6370,6531,6906,7121,7016
1572,3086,4135,4763,5299,5698,6093,6368,6528,6903,7124,7016
1571,3085,4133,4762,5302,5698,6097,6367,6528,6901,7123,7017
1572,3084,4131,4761,5302,5701,6095,6368,6529,6905,7122,7014
1571,3083,4130,4762,5301,5702,6092,6370,6532,6908,7126,7020
1571,3085,4132,4764,5299,5702,6094,6370,6530,6906,7125,7018
1571,3086,4134,4763,5297,5700,6093,6368,6526,6904,7123,7016
1571,3084,4134,4761,5297,5703,6092,6371,6528,6906,7127,7013
1571,3083,4133,4762,5300,5702,6090,6373,6529,6909,7125,7014
1570,3085,4131,4760,5300,5702,6092,6375,6527,6905,7124,7015
1570,3086,4133,4759,5299,5703,6094,6371,6531,6904,7128,7016
1571,3086,4135,4758,5297,5702,6092,6369,6528,6902,7127,7013
1571,3084,4133,4760,5299,5701,6090,6373,6525,6905,7124,7018
1571,3083,4132,4758,5302,5702,6093,6375,6527,6902,7128,7016
1570,3085,4133,4757,5299,5701,6092,6374,6527,6899,7130,7017
1571,3086,4135,4756,5298,5701,6090,6372,6525,6902,7129,7016
1570,3085,4134,4756,5296,5703,6094,6375,6523,6904,7128,7016
1571,3084,4134,4755,5300,5702,6096,6372,6526,6901,7133,7019
1570,3082,4133,4753,5301,5700,6094,6371,6524,6898,7131,7017
1569,3082,4134,4756,5299,5702,6092,6369,6521,6902,7129,7015
1571,3084,4136,4758,5297,5700,6095,6372,6524,6903,7130,7021
1571,3083,4134,4757,5296,5698,6094,6375,6523,6902,7130,7020
1570,3083,4132,4755,5298,5701,6092,6373,6522,6901,7128,7019
1569,3084,4129,4756,5299,5698,6094,6370,6523,6904,7134,7019
1569,3086,4130,4758,5298,5697,6095,6369,6522,6901,7131,7017
1570,3085,4132,4756,5299,5696,6093,6373,6520,6899,7130,7021
1569,3083,4131,4755,5298,5699,6092,6370,6523,6899,7131,7020
1567,3083,4130,4757,5301,5697,6094,6368,6523,6902,7131,7018
1566,3083,4129,4760,5302,5693,6093,6367,6522,6901,7130,7020
1567,3084,4131,4758,5301,5695,6091,6370,6524,6898,7135,7020
1566,3083,4132,4758,5299,5697,6089,6367,6523,6901,7132,7017
1567,3083,4133,4759,5298,5698,6091,6366,6521,6902,7131,7016
1567,3082,4133,4759,5300,5696,6091,6365,6524,6899,7132,7014
1566,3084,4131,4756,5302,5699,6090,6367,6522,6896,7133,7021
1565,3082,4132,4759,5301,5698,6088,6366,6523,6900,7132,7018
1565,3082,4133,4759,5300,5696,6093,6365,6524,6898,7131,7017
1566,3082,4135,4760,5299,5699,6094,6365,6523,6897,7129,7018
1566,3084,4135,4760,5300,5697,6092,6368,6521,6894,7132,7016
1565,3083,4134,4762,5302,5697,6091,6367,6524,6897,7134,7021
1565,3082,4136,4761,5301,5696,6093,6366,6522,6894,7135,7018
1567,3081,4137,4761,5300,5699,6091,6363,6523,6893,7137,7015
1566,3082,4136,4760,5300,5698,6091,6366,6525,6891,7141,7019
1568,3083,4134,4761,5302,5698,6094,6363,6523,6893,7139,7017
1567,3082,4136,4759,5303,5698,6096,6360,6523,6897,7136,7016
1566,3080,4136,4758,5305,5696,6095,6359,6525,6894,7138,7020
1566,3078,4136,4757,5303,5695,6094,6362,6523,6893,7142,7019
1566,3079,4135,4760,5301,5699,6094,6365,6524,6896,7140,7016
1566,3081,4138,4759,5303,5700,6092,6362,6526,6899,7138,7015
1566,3080,4139,4758,5306,5698,6091,6361,6525,6897,7142,7013
1565,3079,4137,4760,5304,5697,6094,6361,6523,6896,7139,7015
1566,3078,4135,4763,5302,5698,6096,6363,6526,6896,7137,7016
1566,3079,4135,4761,5301,5696,6094,6363,6524,6894,7142,7015
1567,3080,4136,4760,5302,5696,6090,6361,6524,6893,7139,7020
1566,3081,4137,4763,5305,5695,6086,6359,6528,6895,7137,7018
1565,3080,4136,4766,5305,5698,6088,6361,6527,6898,7141,7022
1563,3080,4135,4765,5305,5696,6088,6364,6524,6897,7138,7019
1564,3079,4137,4764,5304,5694,6087,6362,6528,6894,7137,7020
1564,3079,4140,4766,5303,5692,6090,6362,6526,6898,7141,7020
1563,3081,4139,4768,5305,5695,6087,6365,6525,6896,7139,7020
1562,3081,4137,4766,5307,5694,6086,6367,6528,6893,7137,7018
1560,3080,4135,4764,5305,5695,6084,6366,6527,6891,7141,7015
1561,3078,4137,4767,5303,5697,6087,6365,6524,6893,7142,7013
1561,3080,4138,4769,5304,5695,6085,6364,6528,6890,7141,7019
1562,3081,4136,4768,5305,5693,6083,6368,6527,6888,7140,7017
1562,3083,4134,4767,5309,5693,6083,6366,6525,6888,7144,7017
1563,3082,4136,4770,5310,5693,6084,6365,6529,6890,7142,7020
1564,3082,4137,4767,5308,5691,6083,6367,6533,6888,7140,7017
1563,3083,4136,4766,5306,5690,6080,6370,6531,6886,7142,7021
1562,3083,4136,4764,5308,5694,6079,6367,6530,6890,7141,7020
1562,3085,4134,4765,5309,5692,6082,6364,6532,6887,7144,7018
1563,3084,4136,4764,5311,5691,6080,6367,6529,6888,7143,7020
1562,3084,4138,4763,5313,5694,6077,6370,6527,6890,7141,7019
1562,3083,4136,4766,5312,5692,6081,6368,6531,6893,7144,7017
1563,3084,4134,4769,5309,5690,6081,6365,6529,6891,7146,7016
1563,3083,4135,4767,5307,5689,6079,6368,6527,6888,7146,7015
1562,3083,4137,4766,5306,5692,6077,6368,6531,6889,7143,7020
1561,3083,4138,4768,5308,5692,6080,6366,6534,6893,7148,7017
1561,3085,4138,4769,5306,5690,6083,6366,6532,6891,7145,7015
1561,3086,4137,4768,5303,5692,6081,6365,6532,6887,7141,7017
1562,3085,4137,4767,5301,5692,6078,6366,6536,6886,7142,7015
1561,3084,4139,4770,5303,5690,6081,6364,6534,6886,7143,7014
1560,3084,4138,4769,5307,5693,6082,6363,6537,6884,7141,7019
1561,3085,4136,4767,5308,5692,6081,6360,6536,6881,7138,7017
1560,3086,4134,4765,5307,5692,6079,6362,6534,6881,7142,7021
1561,3086,4135,4767,5305,5693,6077,6362,6537,6883,7138,7018
1560,3084,4137,4765,5303,5692,6079,6360,6537,6881,7137,7017
1558,3086,4136,4763,5305,5691,6077,6358,6535,6879,7141,7020
1557,3086,4135,4762,5307,5693,6075,6361,6539,6882,7138,7019
1557,3085,4137,4765,5306,5692,6077,6359,6537,6885,7136,7016
1558,3084,4138,4764,5306,5691,6081,6358,6534,6885,7140,7021
1558,3084,4137,4764,5305,5694,6080,6361,6536,6882,7136,7018
1558,3085,4136,4765,5307,5692,6078,6364,6536,6886,7134,7018
1558,3086,4136,4767,5309,5690,6083,6365,6534,6889,7138,7018
1559,3086,4136,4766,5309,5692,6084,6364,6537,6886,7136,7017
1559,3085,4134,4765,5307,5691,6082,6361,6535,6886,7133,7020
1558,3084,4133,4765,5306,5688,6079,6364,6534,6889,7132,7018
1556,3085,4132,4767,5305,5691,6083,6365,6535,6892,7131,7015
1556,3086,4134,4766,5307,5690,6086,6365,6535,6889,7131,7018
1556,3085,4137,4767,5309,5689,6084,6363,6534,6887,7130,7019
1557,3082,4135,4768,5307,5690,6084,6366,6539,6888,7135,7018
1556,3083,4135,4771,5305,5689,6082,6368,6536,6887,7133,7022
1556,3084,4133,4769,5302,5687,6084,6367,6536,6885,7131,7020
1557,3083,4136,4769,5301,5686,6081,6365,6537,6882,7131,7017
1557,3083,4135,4770,5304,5688,6081,6369,6535,6885,7130,7015
1556,3083,4134,4771,5306,5687,6079,6372,6535,6887,7129,7016
1556,3085,4134,4770,5304,5687,6083,6371,6539,6884,7133,7017
1555,3085,4135,4770,5302,5689,6084,6370,6537,6881,7130,7016
1556,3084,4137,4773,5304,5688,6083,6372,6536,6886,7128,7013
1556,3083,4140,4771,5305,5687,6080,6369,6538,6887,7129,7018
1555,3082,4138,4770,5307,5688,6084,6367,6536,6885,7128,7015
1555,3084,4138,4770,5306,5687,6087,6370,6536,6883,7127,7020
1555,3085,4140,4772,5306,5686,6085,6372,6541,6886,7131,7018
1555,3082,4140,4770,5304,5690,6084,6370,6539,6889,7129,7017
1555,3081,4139,4768,5308,5688,6081,6368,6538,6888,7128,7019
1554,3079,4137,4769,5310,5686,6084,6370,6541,6886,7129,7017
1553,3080,4136,4773,5308,5690,6085,6371,6538,6890,7128,7014
1555,3082,4136,4772,5306,5688,6083,6369,6537,6888,7127,7013
1555,3082,4139,4771,5305,5685,6082,6367,6541,6885,7131,7011
1555,3082,4138,4772,5307,5688,6086,6365,6543,6887,7127,7014
1555,3081,4137,4774,5310,5688,6084,6367,6542,6890,7125,7014
1555,3083,4138,4773,5308,5687,6083,6369,6545,6888,7126,7010
1556,3084,4140,4772,5306,5690,6081,6366,6548,6885,7126,7014
1555,3083,4139,4772,5308,5689,6084,6364,6546,6888,7124,7014
1555,3082,4138,4771,5309,5687,6086,6367,6545,6889,7128,7012
1554,3084,4136,4770,5310,5690,6085,6369,6548,6888,7126,7009
1554,3083,4137,4770,5309,5688,6084,6367,6546,6887,7123,7009
1553,3083,4139,4771,5309,5687,6087,6365,6549,6890,7125,7008
1552,3082,4139,4770,5307,5691,6089,6368,6548,6893,7125,7008
1552,3082,4138,4769,5305,5690,6088,6368,6546,6891,7124,7008
1553,3084,4136,4768,5307,5689,6086,6367,6549,6888,7128,7012
1553,3083,4137,4768,5309,5692,6090,6367,6550,6885,7126,7010
1553,3083,4138,4771,5307,5690,6089,6369,6548,6890,7124,7009
1552,3082,4138,4770,5305,5689,6087,6371,6552,6888,7125,7008
1552,3083,4137,4770,5304,5691,6089,6370,6551,6887,7126,7008
1552,3084,4137,4771,5307,5691,6092,6368,6549,6889,7123,7006
1552,3083,4139,4771,5310,5690,6088,6370,6551,6892,7127,7004
1552,3081,4138,4771,5311,5693,6086,6372,6552,6889,7124,7002
1550,3081,4137,4773,5309,5692,6089,6375,6551,6888,7121,7007
1551,3081,4139,4774,5308,5691,6092,6372,6554,6890,7123,7004
1552,3082,4141,4772,5307,5691,6090,6369,6552,6893,7123,7005
1550,3080,4140,4771,5307,5691,6089,6372,6549,6890,7121,7008
1550,3079,4139,4774,5309,5689,6091,6372,6551,6886,7125,7007
1550,3078,4138,4773,5309,5693,6089,6371,6550,6889,7122,7004
1551,3080,4139,4771,5307,5695,6088,6370,6549,6892,7119,7002
1550,3080,4140,4769,5306,5694,6086,6373,6553,6890,7121,6999
1550,3083,4138,4771,5308,5693,6090,6375,6551,6887,7121,7002
1550,3082,4138,4773,5311,5696,6088,6374,6550,6891,7118,7002
1552,3080,4138,4771,5310,5694,6087,6370,6551,6887,7122,7000
1552,3079,4139,4769,5309,5694,6089,6373,6550,6886,7120,7004
1552,3079,4142,4771,5308,5698,6091,6375,6549,6890,7117,7002
1551,3081,4139,4774,5308,5695,6089,6376,6553,6894,7120,7006
1551,3082,4138,4773,5309,5693,6089,6374,6551,6891,7120,7004
1552,3081,4139,4771,5312,5693,6087,6377,6549,6890,7118,7005
1552,3081,4141,4773,5310,5693,6090,6379,6550,6890,7120,7006
1552,3082,4141,4775,5309,5692,6088,6379,6550,6889,7118,7006
1551,3083,4139,4773,5307,5691,6086,6377,6549,6888,7116,7004
1551,3082,4138,4772,5304,5696,6085,6375,6554,6886,7119,7000
1552,3081,4137,4773,5307,5694,6087,6379,6551,6887,7118,6998
1551,3081,4139,4775,5310,5693,6087,6377,6550,6887,7116,7003
1551,3081,4138,4774,5307,5696,6087,6375,6551,6883,7119,7002
1551,3082,4137,4773,5305,5699,6088,6372,6549,6887,7115,7001
1552,3082,4135,4775,5307,5697,6090,6375,6547,6891,7111,7003
1552,3081,4134,4774,5309,5696,6089,6372,6551,6890,7116,7001
1551,3082,4136,4772,5310,5698,6086,6371,6549,6888,7114,7005
1551,3084,4136,4774,5308,5697,6088,6368,6548,6891,7112,7005
1551,3082,4134,4774,5308,5695,6088,6371,6550,6888,7116,7003
1551,3082,4134,4773,5306,5697,6086,6374,6547,6884,7112,7006
1550,3081,4136,4772,5309,5695,6084,6371,6546,6889,7109,7006
1549,3080,4138,4773,5310,5692,6087,6370,6546,6890,7113,7004
1550,3083,4137,4774,5312,5691,6085,6372,6545,6889,7112,7003
1551,3082,4136,4773,5310,5694,6083,6371,6543,6886,7109,7002
1551,3082,4137,4771,5308,5694,6085,6368,6540,6884,7112,7008
1551,3082,4139,4774,5308,5693,6089,6367,6544,6885,7109,7004
1552,3083,4136,4775,5311,5695,6087,6369,6542,6884,7106,7004
1552,3084,4135,4773,5313,5695,6086,6370,6545,6882,7110,7004
1552,3083,4134,4772,5313,5693,6088,6368,6548,6886,7108,7004
1551,3082,4135,4774,5316,5691,6090,6368,6547,6889,7106,7002
1551,3083,4136,4776,5317,5695,6088,6368,6546,6887,7109,7000
1552,3084,4137,4775,5315,5694,6087,6372,6544,6885,7106,6997
1552,3083,4135,4774,5313,5693,6090,6369,6541,6888,7103,7003
1552,3082,4137,4776,5311,5695,6089,6365,6543,6888,7107,6999
1551,3080,4138,4777,5311,5698,6087,6363,6548,6886,7106,6999
1552,3082,4140,4776,5312,5696,6086,6366,6546,6885,7105,7003
1552,3083,4138,4773,5315,5694,6088,6370,6545,6883,7107,7000
1551,3083,4136,4776,5315,5695,6086,6367,6548,6881,7111,7005
1551,3083,4134,4778,5317,5699,6086,6365,6546,6886,7108,7003
1551,3085,4136,4777,5315,5697,6089,6366,6545,6888,7108,7001
1552,3085,4135,4776,5312,5695,6090,6369,6549,6886,7109,7004
1552,3087,4135,4777,5311,5697,6089,6366,6548,6883,7108,7004
1551,3085,4137,4779,5313,5697,6088,6366,6547,6886,7105,7002
1551,3085,4139,4778,5316,5695,6089,6367,6550,6890,7108,7002
1552,3085,4137,4776,5317,5697,6087,6366,6549,6888,7105,7000
1550,3085,4136,4777,5318,5699,6087,6364,6547,6886,7105,7004
1550,3086,4135,4780,5317,5700,6086,6361,6550,6884,7106,7003
1550,3085,4136,4779,5315,5699,6089,6363,6550,6887,7110,7004
1551,3084,4136,4779,5313,5702,6087,6362,6550,6883,7108,7002
1550,3084,4134,4780,5315,5700,6086,6360,6548,6883,7105,7002
1549,3085,4131,4782,5318,5698,6087,6357,6547,6882,7107,7005
1549,3087,4131,4781,5319,5700,6090,6359,6548,6886,7107,7003
1550,3088,4132,4780,5321,5699,6088,6361,6547,6883,7107,7001
1550,3087,4135,4781,5319,5698,6087,6357,6546,6881,7109,7006
1550,3086,4133,4783,5318,5703,6089,6355,6550,6881,7113,7005
1549,3086,4132,4782,5315,5700,6088,6354,6549,6886,7110,7008
1549,3088,4133,4782,5317,5699,6086,6356,6548,6883,7110,7007
1550,3086,4135,4784,5319,5701,6089,6359,6550,6881,7113,7005
1550,3085,4132,4782,5322,5699,6090,6356,6548,6884,7111,7009
1549,3085,4130,4781,5319,5697,6090,6354,6548,6885,7108,7007
1549,3086,4132,4780,5316,5701,6089,6354,6553,6882,7112,7005
1549,3087,4135,4780,5316,5703,6091,6358,6551,6880,7110,7007
1550,3086,4137,4779,5312,5702,6093,6356,6550,6885,7110,7006
1549,3085,4135,4778,5315,5701,6091,6353,6553,6886,7113,7007
1549,3085,4133,4778,5316,5703,6088,6355,6550,6884,7111,7007
1548,3086,4134,4779,5318,5702,6091,6357,6549,6881,7109,7005
1549,3087,4135,4779,5320,5701,6095,6354,6553,6885,7113,7011
1549,3087,4134,4777,5319,5705,6093,6351,6552,6886,7110,7008
1548,3086,4131,4776,5316,5703,6091,6351,6551,6886,7110,7006
1548,3085,4130,4778,5314,5701,6089,6353,6554,6885,7109,7004
1547,3086,4132,4776,5316,5703,6091,6355,6552,6888,7109,7004
1549,3087,4134,4775,5316,5706,6088,6354,6550,6885,7111,7007
1548,3087,4134,4777,5317,5704,6086,6352,6554,6882,7108,7006
1548,3087,4132,4779,5319,5702,6089,6353,6554,6884,7106,7003
1546,3087,4134,4779,5320,5704,6092,6356,6552,6887,7110,7007
1547,3086,4136,4778,5319,5704,6090,6354,6555,6885,7108,7005
1547,3086,4135,4780,5317,5702,6089,6352,6554,6882,7106,7008
1547,3087,4135,4779,5316,5706,6089,6353,6553,6885,7103,7010
1548,3089,4136,4778,5316,5704,6092,6356,6556,6886,7107,7008
1548,3089,4136,4780,5317,5703,6089,6353,6556,6884,7104,7012
1549,3089,4135,4780,5319,5703,6089,6351,6554,6882,7105,7010
1550,3089,4134,4780,5322,5702,6090,6354,6558,6886,7106,7008
1549,3089,4136,4780,5318,5701,6093,6356,6557,6888,7105,7011
1549,3090,4138,4782,5316,5705,6091,6355,6554,6887,7102,7012
1549,3092,4136,4784,5315,5706,6090,6352,6557,6883,7107,7011
1550,3091,4134,4782,5315,5705,6090,6355,6557,6887,7104,7015
1550,3090,4133,4781,5316,5708,6090,6356,6555,6885,7106,7013
1549,3090,4134,4783,5317,5710,6089,6353,6553,6883,7107,7017
1548,3090,4132,4784,5319,5708,6088,6351,6557,6884,7106,7015
1549,3089,4131,4782,5318,5707,6088,6350,6554,6887,7104,7016
1549,3088,4131,4780,5316,5710,6088,6351,6552,6884,7107,7016
1549,3088,4132,4784,5314,5709,6086,6350,6555,6882,7105,7016
1549,3089,4136,4783,5312,5706,6084,6348,6554,6887,7105,7015
1549,3091,4134,4782,5313,5709,6086,6345,6558,6884,7106,7012
1550,3089,4133,4782,5313,5707,6086,6348,6556,6883,7110,7011
1550,3088,4130,4783,5314,5704,6084,6347,6554,6881,7108,7018
1549,3086,4132,4782,5316,5707,6087,6344,6556,6883,7106,7015
1548,3088,4133,4781,5315,5706,6090,6342,6554,6881,7109,7015
1548,3089,4135,4783,5312,5706,6086,6345,6553,6880,7109,7014
1549,3088,4133,4786,5310,5708,6084,6342,6557,6881,7108,7012
1548,3087,4131,4786,5308,5706,6088,6340,6556,6885,7112,7016
1548,3087,4130,4784,5310,5704,6091,6342,6556,6883,7109,7015
1549,3089,4132,4787,5311,5706,6089,6347,6557,6880,7105,7012
1549,3089,4131,4789,5308,5705,6087,6345,6560,6881,7108,7016
1549,3091,4130,4788,5307,5705,6088,6342,6558,6885,7108,7014
1549,3090,4128,4786,5306,5708,6090,6340,6558,6883,7106,7013
1549,3088,4130,4788,5307,5711,6088,6342,6560,6880,7103,7013
1549,3090,4130,4787,5308,5710,6087,6344,6559,6882,7107,7011
1551,3091,4131,4787,5308,5710,6089,6344,6556,6884,7104,7017
1550,3091,4130,4788,5306,5711,6092,6342,6560,6882,7104,7014
1548,3090,4130,4792,5305,5709,6090,6345,6558,6880,7109,7013
1550,3089,4131,4790,5305,5708,6088,6347,6559,6884,7106,7014
1549,3091,4135,4789,5307,5712,6089,6344,6557,6882,7104,7015
1549,3091,4133,4791,5306,5711,6087,6342,6556,6881,7107,7014
1548,3092,4132,4792,5304,5710,6085,6345,6558,6883,7104,7018
1547,3091,4131,4791,5306,5713,6083,6348,6555,6886,7103,7016
1548,3090,4133,4792,5308,5711,6085,6346,6553,6883,7106,7015
1549,3089,4133,4794,5309,5708,6084,6345,6558,6882,7104,7016
1548,3091,4131,4797,5306,5710,6083,6343,6557,6883,7101,7017
1547,3092,4130,4795,5305,5710,6083,6344,6556,6886,7106,7019
1546,3090,4129,4794,5307,5709,6085,6346,6559,6883,7102,7019
1547,3089,4131,4797,5309,5712,6085,6346,6556,6880,7102,7017
1548,3087,4134,4799,5310,5711,6084,6344,6553,6884,7105,7021
1547,3090,4132,4796,5308,5710,6081,6347,6557,6886,7103,7019
1546,3090,4130,4796,5306,5712,6083,6349,6556,6884,7101,7020
1547,3091,4132,4796,5305,5710,6085,6346,6555,6881,7105,7022
1547,3090,4133,4799,5304,5709,6082,6344,6559,6883,7102,7022
1546,3088,4132,4798,5306,5713,6080,6347,6556,6885,7102,7026
1545,3088,4130,4797,5305,5712,6084,6351,6554,6884,7105,7023
1544,3091,4128,4799,5303,5711,6085,6349,6556,6883,7104,7021
1545,3089,4129,4802,5301,5714,6084,6347,6555,6886,7101,7019
1546,3089,4131,4801,5303,5711,6082,6350,6553,6889,7106,7019
1545,3089,4130,4799,5306,5710,6084,6352,6556,6887,7103,7021
1545,3091,4129,4798,5305,5712,6085,6349,6555,6885,7102,7020
1545,3091,4128,4798,5303,5713,6083,6349,6553,6888,7104,7018
1546,3093,4130,4800,5301,5711,6081,6347,6554,6892,7103,7023
1545,3091,4132,4798,5301,5715,6084,6350,6554,6890,7100,7020
1546,3090,4130,4796,5301,5713,6085,6348,6553,6888,7104,7020
1546,3090,4128,4798,5304,5712,6088,6347,6556,6890,7101,7018
1547,3091,4126,4799,5302,5712,6085,6348,6555,6889,7101,7017
1547,3091,4126,4797,5300,5715,6082,6351,6554,6887,7103,7018
1546,3089,4129,4796,5298,5715,6085,6349,6555,6892,7102,7023
1545,3088,4128,4798,5299,5713,6087,6348,6553,6890,7100,7021
1545,3086,4127,4800,5301,5716,6085,6348,6552,6889,7098,7027
1545,3088,4126,4799,5300,5713,6083,6351,6556,6891,7096,7024
1546,3090,4128,4797,5298,5711,6085,6349,6554,6893,7102,7024
1546,3089,4129,4796,5295,5714,6086,6346,6553,6891,7101,7025
1545,3087,4128,4797,5296,5712,6084,6349,6553,6890,7100,7024
1546,3085,4127,4800,5298,5711,6083,6351,6552,6892,7099,7022
1546,3086,4126,4797,5295,5715,6086,6350,6551,6891,7097,7021
1545,3087,4127,4796,5294,5712,6088,6348,6555,6888,7101,7018
1545,3088,4129,4799,5293,5711,6086,6350,6553,6892,7100,7018
1545,3088,4128,4801,5295,5714,6084,6351,6553,6894,7099,7017
1545,3088,4127,4802,5297,5712,6086,6349,6554,6894,7101,7016
1545,3088,4126,4801,5298,5710,6084,6348,6552,6891,7101,7020
1545,3088,4128,4800,5296,5712,6083,6351,6550,6895,7098,7020
1544,3087,4129,4799,5294,5712,6082,6352,6555,6898,7097,7018
1545,3086,4128,4799,5295,5712,6084,6351,6553,6895,7096,7021
1546,3085,4126,4800,5296,5713,6086,6348,6552,6893,7094,7020
1546,3087,4124,4799,5295,5716,6085,6351,6555,6897,7092,7020
1546,3089,4124,4798,5295,5714,6082,6349,6552,6895,7091,7021
1546,3088,4126,4796,5292,5712,6085,6348,6550,6894,7092,7021
1546,3087,4126,4800,5294,5715,6087,6347,6556,6898,7092,7025
1546,3085,4126,4801,5295,5714,6087,6349,6554,6898,7090,7023
1546,3086,4125,4799,5297,5713,6085,6352,6552,6897,7090,7021
1545,3088,4127,4797,5294,5716,6087,6349,6555,6895,7087,7023
1545,3088,4128,4795,5292,5714,6089,6346,6554,6898,7091,7024
1546,3087,4130,4796,5291,5713,6087,6349,6551,6896,7089,7024
1546,3085,4128,4796,5293,5714,6086,6353,6550,6896,7088,7023
1545,3086,4127,4796,5294,5712,6089,6350,6551,6896,7092,7021
1544,3087,4126,4795,5292,5711,6092,6348,6552,6900,7091,7026
1544,3089,4129,4796,5289,5715,6090,6349,6551,6898,7089,7023
1545,3089,4127,4796,5287,5713,6089,6351,6550,6896,7095,7023
1545,3088,4127,4795,5284,5711,6091,6350,6552,6898,7092,7023
1545,3086,4126,4797,5286,5715,6088,6350,6550,6897,7096,7022
1544,3089,4127,4797,5288,5711,6087,6351,6551,6895,7096,7025
1545,3088,4128,4796,5288,5710,6090,6353,6553,6892,7095,7022
1545,3088,4127,4794,5286,5709,6092,6355,6552,6897,7099,7019
1544,3087,4124,4797,5283,5712,6090,6354,6550,6895,7097,7026
1543,3088,4126,4799,5284,5711,6088,6352,6552,6894,7101,7024
1542,3089,4126,4797,5285,5710,6092,6355,6551,6897,7105,7027
1543,3090,4126,4796,5283,5713,6088,6353,6551,6900,7104,7027
1543,3088,4126,4795,5281,5711,6086,6350,6553,6897,7103,7025
1544,3087,4125,4796,5284,5709,6086,6348,6553,6897,7106,7030
1544,3088,4126,4794,5285,5711,6089,6350,6551,6900,7104,7030
1543,3089,4128,4793,5287,5711,6090,6352,6554,6898,7102,7029
1542,3091,4126,4795,5285,5711,6089,6349,6551,6895,7107,7031
1544,3090,4125,4797,5283,5712,6086,6349,6550,6893,7106,7031
1544,3089,4126,4796,5281,5711,6088,6350,6554,6894,7105,7029
1546,3089,4127,4794,5281,5710,6086,6353,6552,6894,7102,7029
1545,3091,4128,4796,5282,5712,6086,6355,6550,6892,7106,7029
1544,3091,4126,4797,5281,5711,6087,6353,6554,6897,7104,7034
1546,3090,4125,4795,5279,5711,6090,6351,6551,6900,7104,7032
1545,3090,4127,4794,5277,5713,6088,6354,6550,6898,7107,7033
1545,3089,4129,4796,5276,5712,6085,6357,6554,6896,7105,7033
1546,3088,4130,4798,5277,5710,6086,6354,6553,6900,7103,7033
1545,3090,4128,4798,5279,5712,6089,6352,6551,6898,7107,7032
1546,3088,4127,4796,5277,5710,6088,6350,6553,6895,7104,7037
1546,3088,4125,4798,5276,5708,6086,6352,6552,6899,7105,7034
1546,3088,4127,4800,5275,5712,6087,6350,6550,6897,7106,7034
1546,3089,4125,4798,5278,5711,6090,6350,6554,6896,7106,7032
1545,3090,4124,4796,5279,5709,6088,6348,6553,6894,7104,7032
1546,3089,4123,4797,5277,5711,6085,6351,6550,6898,7107,7037
1545,3088,4125,4800,5276,5710,6088,6348,6553,6897,7105,7035
1544,3087,4126,4803,5274,5708,6088,6346,6551,6897,7105,7033
1543,3088,4125,4802,5274,5711,6086,6343,6548,6897,7103,7038
1544,3089,4123,4800,5277,5710,6089,6346,6552,6901,7107,7036
1544,3088,4122,4803,5280,5710,6091,6345,6552,6900,7105,7037
1544,3086,4123,4805,5277,5712,6089,6342,6550,6899,7102,7040
1544,3084,4124,4805,5276,5712,6086,6340,6552,6901,7105,7039
1543,3084,4123,4803,5274,5710,6090,6342,6552,6904,7105,7037
1544,3086,4122,4802,5276,5714,6094,6344,6549,6901,7103,7041
1545,3086,4124,4804,5276,5711,6092,6342,6553,6899,7100,7039
1545,3086,4127,4806,5274,5708,6091,6342,6551,6902,7105,7041
1545,3087,4126,4808,5272,5712,6094,6345,6550,6901,7102,7043
1545,3088,4124,4807,5270,5716,6091,6347,6552,6899,7102,7042
1545,3088,4126,4806,5272,5714,6089,6345,6551,6902,7106,7041
1546,3087,4128,4804,5274,5714,6091,6343,6548,6905,7104,7046
1546,3086,4127,4806,5276,5717,6093,6343,6552,6903,7102,7043
1546,3086,4125,4807,5274,5715,6092,6346,6551,6903,7107,7044
1545,3087,4123,4806,5271,5712,6090,6346,6551,6907,7104,7047
1545,3088,4124,4805,5273,5715,6092,6343,6549,6905,7104,7046
1546,3087,4126,4808,5274,5714,6093,6341,6547,6903,7107,7044
1546,3085,4126,4808,5277,5712,6091,6343,6545,6907,7106,7042
1545,3084,4124,4808,5275,5716,6089,6347,6548,6904,7103,7039
1545,3084,4125,4806,5274,5714,6093,6344,6546,6904,7107,7044
1546,3086,4127,4809,5275,5714,6094,6345,6546,6907,7104,7044
1545,3087,4128,4809,5277,5715,6093,6347,6549,6906,7104,7042
1544,3086,4127,4811,5278,5713,6092,6349,6547,6903,7108,7046
1543,3085,4125,4809,5276,5713,6093,6348,6545,6907,7106,7043
1543,3087,4127,4808,5275,5717,6091,6347,6549,6905,7104,7040
1544,3087,4127,4809,5276,5715,6091,6344,6545,6904,7109,7044
1543,3089,4127,4812,5280,5714,6090,6346,6545,6903,7105,7044
1543,3088,4126,4810,5281,5718,6093,6345,6548,6906,7105,7043
1543,3087,4125,4809,5279,5715,6091,6343,6547,6905,7103,7046
1543,3088,4126,4807,5277,5713,6090,6343,6546,6903,7107,7043
1544,3089,4127,4808,5274,5713,6090,6344,6549,6904,7105,7040
1543,3088,4126,4810,5275,5716,6089,6347,6546,6904,7103,7039
1543,3088,4125,4810,5278,5714,6087,6345,6546,6902,7101,7039
1542,3088,4125,4808,5277,5713,6086,6344,6550,6906,7106,7042
1541,3090,4126,4807,5274,5716,6087,6347,6548,6904,7104,7041
1542,3090,4127,4809,5274,5714,6086,6350,6546,6902,7102,7039
1543,3089,4126,4810,5275,5711,6084,6348,6549,6900,7106,7044
1544,3088,4126,4808,5278,5715,6086,6346,6547,6904,7104,7042
1543,3087,4128,4806,5275,5714,6088,6348,6545,6903,7103,7041
1543,3089,4128,4807,5274,5712,6087,6350,6549,6900,7108,7044
1542,3090,4128,4810,5273,5715,6085,6349,6553,6904,7106,7044
1543,3088,4127,4808,5275,5713,6088,6347,6552,6903,7104,7042
1543,3086,4127,4808,5277,5711,6089,6349,6551,6900,7104,7047
1544,3085,4127,4807,5279,5714,6088,6351,6549,6905,7101,7046
1543,3085,4125,4809,5277,5712,6086,6349,6547,6910,7101,7046
1543,3086,4123,4811,5276,5712,6088,6346,6551,6907,7106,7049
1542,3086,4122,4810,5273,5714,6088,6345,6550,6906,7110,7048
1544,3086,4125,4806,5276,5713,6087,6349,6548,6905,7108,7045
1543,3086,4127,4809,5279,5711,6085,6346,6551,6903,7106,7045
1543,3087,4126,4811,5278,5711,6088,6344,6550,6908,7107,7045
1543,3088,4124,4811,5277,5712,6086,6344,6548,6906,7106,7050
1542,3087,4127,4810,5279,5710,6082,6344,6551,6905,7105,7048
1543,3086,4128,4809,5280,5709,6085,6343,6551,6907,7109,7049
1543,3085,4126,4810,5281,5713,6087,6342,6550,6911,7112,7049
1544,3085,4125,4812,5278,5711,6086,6341,6552,6908,7112,7049
1543,3087,4123,4809,5276,5710,6084,6343,6552,6908,7110,7048
1543,3086,4124,4807,5275,5713,6087,6345,6549,6910,7114,7047
1543,3084,4127,4806,5278,5711,6088,6343,6552,6910,7113,7046
1543,3082,4126,4809,5281,5709,6085,6341,6551,6907,7110,7051
1544,3083,4125,4808,5279,5711,6084,6343,6552,6912,7114,7049
1544,3085,4125,4806,5278,5714,6087,6346,6550,6909,7113,7048
1544,3085,4126,4805,5276,5713,6085,6348,6549,6908,7111,7053
1543,3085,4128,4808,5277,5712,6083,6346,6551,6911,7116,7052
1544,3084,4126,4810,5279,5714,6081,6346,6550,6914,7115,7050
1545,3086,4124,4807,5278,5712,6083,6347,6548,6912,7114,7048
1546,3086,4122,4805,5277,5710,6085,6344,6553,6908,7111,7045
1546,3085,4123,4808,5275,5714,6084,6341,6552,6911,7110,7047
1545,3084,4123,4811,5276,5712,6082,6340,6552,6910,7108,7048
1547,3085,4122,4810,5278,5711,6086,6341,6554,6908,7113,7047
1548,3084,4120,4809,5280,5713,6088,6345,6553,6912,7111,7047
1546,3086,4121,4807,5277,5711,6087,6343,6552,6916,7109,7044
1545,3084,4123,4809,5275,5709,6085,6341,6556,6913,7113,7050
1545,3084,4125,4810,5275,5706,6087,6342,6555,6912,7110,7047
1546,3086,4123,4808,5278,5708,6086,6346,6555,6916,7109,7047
1547,3088,4121,4807,5279,5707,6086,6344,6559,6915,7113,7050
1546,3088,4122,4809,5281,5707,6087,6343,6556,6912,7112,7050
1545,3086,4123,4811,5279,5710,6089,6345,6555,6916,7110,7048
1546,3088,4123,4813,5277,5709,6088,6346,6558,6916,7110,7054
1546,3088,4122,4812,5274,5708,6086,6344,6558,6915,7111,7051
1545,3088,4121,4811,5277,5709,6088,6343,6556,6920,7109,7051
1544,3087,4122,4813,5280,5707,6090,6343,6560,6923,7108,7050
1543,3086,4124,4815,5281,5706,6089,6344,6559,6921,7113,7049
1542,3087,4122,4812,5280,5710,6087,6342,6557,6925,7111,7052
1542,3089,4120,4811,5278,5709,6088,6340,6558,6923,7110,7050
1543,3088,4120,4811,5277,5706,6088,6338,6563,6922,7111,7048
1543,3087,4122,4814,5277,5710,6085,6338,6562,6926,7110,7054
1543,3087,4123,4812,5279,5708,6083,6342,6560,6925,7110,7053
1542,3086,4122,4811,5280,5706,6086,6345,6563,6922,7115,7052
1543,3088,4122,4810,5280,5707,6085,6343,6562,6925,7112,7051
1544,3089,4124,4812,5279,5706,6084,6342,6561,6926,7111,7050
1544,3090,4124,4813,5277,5705,6082,6344,6564,6925,7111,7055
1544,3089,4123,4810,5278,5709,6084,6347,6564,6923,7111,7054
1544,3087,4121,4808,5279,5707,6082,6345,6562,6928,7110,7053
1544,3088,4123,4812,5282,5706,6081,6345,6565,6924,7115,7057
1544,3089,4124,4812,5280,5707,6079,6342,6565,6923,7113,7056
1544,3090,4122,4812,5278,5710,6083,6345,6562,6924,7112,7057
1544,3089,4121,4810,5278,5709,6085,6349,6566,6922,7113,7057
1544,3088,4122,4808,5279,5710,6083,6346,6566,6921,7117,7056
1543,3086,4124,4810,5281,5711,6080,6344,6565,6925,7116,7060
1543,3087,4126,4811,5283,5710,6083,6348,6568,6927,7115,7058
1543,3087,4125,4810,5281,5708,6085,6352,6567,6925,7118,7056
1544,3088,4124,4809,5278,5711,6084,6350,6564,6922,7116,7057
1544,3089,4123,4812,5278,5710,6083,6349,6569,6926,7113,7058
1544,3088,4126,4814,5280,5710,6085,6350,6568,6924,7117,7057
1545,3090,4124,4813,5284,5713,6087,6353,6567,6921,7116,7061
1544,3090,4122,4812,5283,5711,6086,6351,6569,6924,7115,7059
1543,3089,4120,4811,5281,5710,6082,6351,6569,6922,7118,7059
1542,3088,4122,4813,5283,5712,6086,6353,6566,6919,7116,7056
1542,3088,4124,4811,5286,5714,6090,6355,6571,6921,7114,7056
1543,3089,4123,4811,5286,5711,6088,6354,6569,6926,7119,7059
1543,3090,4122,4810,5284,5710,6086,6352,6569,6924,7118,7058
1543,3089,4121,4814,5282,5713,6088,6350,6571,6923,7116,7055
1543,3088,4122,4814,5285,5713,6091,6353,6570,6927,7120,7061
1544,3090,4122,4813,5286,5712,6089,6357,6568,6924,7119,7058
1544,3091,4121,4811,5289,5714,6088,6354,6572,6928,7118,7059
1543,3091,4119,4810,5287,5713,6091,6352,6570,6926,7123,7059
1543,3090,4121,4811,5285,5711,6090,6354,6571,6926,7121,7058
1543,3089,4122,4813,5282,5712,6088,6352,6573,6928,7119,7061
1543,3089,4122,4811,5284,5712,6087,6351,6572,6927,7124,7059
1544,3090,4121,4810,5286,5712,6087,6350,6570,6924,7121,7058
1544,3091,4123,4812,5286,5715,6086,6352,6574,6928,7120,7057
1544,3090,4124,4814,5284,5716,6084,6351,6572,6926,7125,7056
1543,3090,4123,4816,5287,5715,6088,6349,6573,6925,7123,7059
1542,3089,4121,4814,5288,5712,6090,6347,6576,6928,7121,7059
1543,3089,4120,4813,5289,5714,6088,6348,6575,6927,7126,7058
1543,3091,4119,4815,5286,5713,6087,6347,6572,6924,7127,7057
1543,3089,4121,4815,5285,5714,6089,6347,6576,6927,7125,7057
1542,3087,4120,4815,5284,5715,6086,6350,6573,6926,7124,7062
1542,3086,4120,4814,5287,5714,6085,6351,6572,6925,7129,7059
1542,3088,4122,4816,5289,5712,6088,6351,6576,6926,7126,7059
1543,3089,4124,4817,5290,5715,6091,6348,6575,6925,7125,7060
1543,3088,4123,4820,5288,5712,6089,6351,6572,6923,7125,7060
1542,3087,4122,4818,5286,5711,6088,6354,6577,6927,7130,7059
1542,3086,4121,4817,5284,5713,6088,6353,6574,6925,7128,7064
1541,3087,4122,4817,5284,5712,6087,6351,6573,6924,7126,7062
1542,3088,4121,4819,5286,5710,6086,6354,6572,6927,7129,7062
1542,3088,4119,4819,5286,5710,6086,6356,6576,6925,7127,7060
1543,3087,4118,4818,5283,5713,6087,6354,6574,6922,7125,7060
1542,3085,4120,4816,5285,5710,6085,6353,6578,6920,7130,7064
1541,3085,4122,4819,5286,5707,6083,6356,6579,6919,7128,7062
1540,3086,4121,4820,5288,5711,6080,6359,6578,6918,7126,7059
1539,3086,4120,4819,5286,5709,6082,6357,6577,6918,7129,7064
1541,3086,4119,4817,5286,5708,6081,6356,6581,6916,7127,7061
1541,3088,4121,4819,5288,5710,6080,6353,6579,6913,7125,7061
1541,3090,4123,4821,5290,5709,6079,6355,6578,6917,7123,7061
1541,3088,4121,4820,5291,5707,6081,6354,6580,6920,7128,7059
1542,3088,4120,4818,5289,5709,6082,6354,6579,6920,7126,7064
1542,3087,4122,4821,5286,5707,6079,6352,6577,6919,7125,7062
1543,3088,4124,4823,5283,5707,6077,6355,6582,6922,7127,7060
1543,3088,4124,4821,5283,5709,6081,6353,6581,6920,7125,7063
1542,3088,4122,4819,5286,5710,6082,6350,6580,6924,7123,7065
1542,3087,4121,4818,5285,5710,6080,6350,6582,6922,7128,7063
1542,3086,4121,4818,5284,5709,6078,6353,6579,6922,7131,7063
1543,3087,4123,4821,5284,5712,6081,6356,6578,6923,7129,7061
1543,3088,4122,4821,5286,5709,6082,6354,6583,6923,7126,7066
1542,3088,4122,4818,5288,5708,6080,6353,6582,6921,7131,7064
1541,3088,4121,4817,5286,5712,6079,6354,6581,6924,7129,7064
1541,3090,4124,4819,5283,5710,6082,6356,6584,6923,7127,7063
1541,3090,4123,4821,5285,5707,6083,6355,6582,6923,7129,7064
1542,3092,4122,4820,5288,5710,6083,6355,6582,6925,7132,7066
1542,3091,4121,4818,5287,5708,6081,6356,6585,6924,7129,7064
1541,3091,4122,4817,5284,5707,6082,6354,6584,6922,7133,7062
1540,3091,4124,4820,5282,5710,6085,6352,6584,6926,7138,7069
1539,3093,4123,4819,5283,5708,6085,6348,6587,6924,7136,7067
1540,3092,4122,4818,5284,5708,6083,6351,6586,6924,7135,7066
1540,3091,4119,4817,5281,5708,6087,6350,6584,6926,7138,7065
1541,3089,4120,4818,5279,5711,6088,6347,6583,6925,7135,7064
1541,3088,4119,4820,5277,5709,6087,6351,6583,6923,7133,7069
1540,3089,4118,4818,5278,5707,6085,6353,6585,6926,7138,7067
1539,3092,4118,4817,5281,5710,6087,6351,6584,6924,7136,7065
1539,3092,4119,4818,5282,5709,6086,6348,6582,6929,7134,7070
1540,3090,4118,4821,5280,5707,6084,6347,6585,6927,7131,7068
1541,3089,4118,4819,5278,5712,6083,6352,6583,6927,7135,7066
1541,3089,4117,4818,5275,5710,6086,6349,6584,6929,7133,7071
1540,3090,4118,4817,5276,5709,6083,6348,6586,6932,7132,7070
1539,3090,4120,4819,5278,5710,6081,6346,6585,6930,7134,7068
1538,3090,4119,4820,5277,5708,6084,6348,6584,6930,7133,7066
1538,3090,4118,4819,5274,5707,6086,6350,6586,6931,7131,7063
1538,3091,4117,4817,5271,5710,6084,6350,6584,6930,7135,7065
1539,3091,4119,4819,5272,5711,6082,6348,6584,6929,7133,7065
1539,3090,4121,4822,5275,5711,6081,6352,6588,6931,7131,7063
1538,3089,4123,4821,5275,5710,6082,6354,6587,6929,7134,7068
1538,3091,4121,4819,5274,5712,6085,6352,6585,6930,7133,7066
1538,3092,4121,4818,5272,5710,6083,6349,6583,6927,7129,7063
1538,3094,4122,4820,5274,5710,6082,6352,6581,6925,7134,7062
1538,3093,4123,4821,5276,5714,6080,6355,6582,6928,7138,7063
1538,3092,4122,4819,5277,5712,6084,6355,6583,6925,7137,7065
1539,3092,4122,4818,5275,5711,6082,6353,6582,6923,7136,7065
1538,3093,4124,4820,5273,5713,6081,6351,6586,6928,7139,7063
1538,3093,4126,4822,5271,5711,6080,6353,6584,6926,7136,7067
1536,3092,4126,4825,5273,5708,6083,6351,6583,6924,7133,7066
1536,3089,4125,4822,5276,5711,6081,6349,6585,6927,7137,7067
1537,3088,4123,4821,5274,5710,6079,6347,6584,6924,7139,7067
1537,3089,4125,4822,5271,5709,6077,6350,6583,6922,7138,7067
1538,3089,4126,4823,5269,5710,6079,6352,6587,6927,7136,7071
1537,3089,4124,4822,5271,5710,6076,6350,6584,6925,7139,7068
1537,3090,4122,4821,5271,5708,6074,6347,6583,6928,7137,7067
1538,3090,4123,4820,5269,5710,6074,6351,6583,6930,7138,7072
1539,3090,4125,4823,5267,5708,6077,6355,6583,6928,7140,7072
1540,3092,4125,4824,5267,5708,6076,6353,6587,6932,7139,7074
1541,3091,4125,4823,5268,5711,6075,6351,6590,6930,7136,7073
1541,3090,4122,4821,5270,5710,6078,6354,6588,6929,7139,7071
1539,3089,4125,4823,5268,5708,6076,6356,6587,6932,7137,7075
1538,3091,4126,4823,5266,5711,6075,6353,6585,6930,7136,7074
1538,3090,4125,4825,5264,5709,6079,6353,6585,6926,7134,7073
1539,3089,4123,4824,5265,5706,6078,6355,6589,6930,7138,7075
1539,3087,4120,4824,5267,5710,6077,6358,6592,6929,7136,7075
1540,3086,4121,4823,5267,5709,6080,6356,6590,6926,7133,7076
1540,3087,4124,4825,5264,5707,6081,6355,6590,6924,7136,7075
1540,3089,4123,4824,5262,5709,6078,6355,6590,6928,7135,7074
1539,3090,4122,4822,5263,5708,6077,6358,6588,6924,7134,7080
1538,3089,4123,4820,5265,5707,6081,6356,6586,6922,7138,7077
1539,3088,4125,4823,5266,5710,6083,6354,6591,6922,7135,7082
1539,3088,4126,4824,5263,5709,6080,6354,6589,6922,7132,7080
1539,3088,4126,4823,5262,5708,6079,6357,6588,6924,7135,7080
1540,3087,4124,4822,5264,5707,6082,6359,6590,6923,7138,7083
1539,3087,4126,4821,5267,5710,6082,6357,6593,6919,7137,7082
1538,3085,4127,4822,5265,5709,6081,6355,6590,6923,7139,7081
1537,3087,4126,4824,5264,5709,6080,6357,6590,6923,7143,7078
1537,3087,4125,4823,5262,5709,6079,6361,6593,6922,7140,7076
1537,3087,4128,4820,5263,5708,6080,6362,6591,6925,7141,7080
1538,3087,4128,4822,5264,5707,6080,6360,6589,6923,7140,7081
1539,3086,4131,4825,5263,5711,6077,6358,6592,6921,7139,7079
1539,3086,4129,4824,5263,5710,6074,6359,6589,6925,7142,7084
1538,3088,4128,4822,5260,5710,6077,6363,6590,6924,7139,7082
1538,3089,4127,4820,5261,5712,6080,6362,6592,6922,7136,7080
1538,3090,4128,4823,5263,5710,6078,6359,6596,6924,7139,7078
1539,3089,4128,4822,5265,5708,6076,6362,6594,6924,7138,7079
1540,3089,4131,4820,5263,5710,6079,6364,6593,6921,7137,7079
1539,3089,4129,4819,5262,5710,6076,6362,6593,6924,7140,7079
1539,3091,4129,4820,5264,5708,6075,6360,6593,6923,7137,7077
1538,3091,4130,4823,5267,5706,6079,6364,6591,6922,7134,7082
1538,3089,4132,4823,5266,5709,6077,6367,6590,6924,7138,7080
1539,3087,4133,4822,5264,5707,6076,6364,6593,6923,7139,7086
1539,3086,4132,4825,5261,5704,6078,6362,6591,6921,7138,7084
1539,3085,4130,4826,5263,5707,6077,6360,6593,6924,7135,7084
1539,3087,4131,4825,5263,5707,6074,6362,6597,6923,7139,7087
1539,3088,4131,4822,5261,5707,6072,6360,6596,6923,7136,7084
1538,3088,4133,4821,5260,5708,6076,6359,6595,6921,7137,7083
1537,3086,4133,4822,5259,5708,6076,6357,6597,6920,7137,7081
1537,3085,4133,4824,5260,5707,6075,6359,6594,6918,7136,7078
1538,3086,4132,4824,5261,5708,6078,6362,6592,6922,7133,7082
1538,3086,4134,4823,5264,5707,6076,6359,6592,6920,7136,7080
1536,3084,4135,4824,5261,5707,6074,6357,6594,6919,7133,7079
1535,3082,4135,4826,5258,5707,6077,6360,6592,6921,7133,7084
1535,3084,4134,4824,5256,5710,6076,6364,6589,6920,7134,7083
1534,3083,4135,4821,5259,5708,6076,6361,6593,6918,7133,7088
1533,3082,4136,4823,5260,5706,6078,6359,6594,6922,7130,7085
1535,3082,4134,4826,5262,5708,6077,6361,6592,6920,7127,7083
1535,3082,4133,4825,5260,5705,6075,6363,6591,6919,7125,7086
1535,3085,4136,4823,5259,5703,6073,6361,6597,6922,7125,7087
1535,3086,4137,4822,5256,5707,6076,6360,6596,6920,7126,7085
1535,3085,4138,4824,5257,5705,6075,6358,6594,6918,7130,7090
1535,3084,4137,4826,5258,5704,6074,6361,6597,6922,7127,7089
1537,3086,4136,4824,5260,5706,6076,6359,6597,6920,7124,7092
1537,3086,4137,4821,5259,5705,6075,6357,6596,6918,7126,7090
1538,3086,4138,4824,5256,5703,6074,6355,6595,6921,7127,7091
1537,3085,4136,4827,5253,5703,6077,6357,6598,6920,7126,7092
1537,3083,4135,4826,5255,5707,6075,6362,6595,6917,7125,7092
1536,3083,4135,4826,5257,5705,6075,6359,6592,6921,7122,7090
1536,3084,4138,4827,5254,5703,6077,6358,6596,6918,7119,7088
1537,3083,4137,4829,5252,5706,6076,6359,6599,6918,7116,7086
1537,3083,4136,4830,5255,5706,6074,6361,6597,6920,7117,7092
1537,3083,4134,4827,5258,5704,6077,6359,6595,6919,7118,7091
1536,3085,4135,4825,5258,5706,6078,6360,6595,6917,7117,7091
1536,3085,4135,4827,5257,5705,6077,6360,6595,6920,7114,7091
1536,3087,4133,4830,5255,5704,6077,6364,6594,6918,7111,7089
1537,3086,4131,4828,5253,5706,6080,6361,6597,6917,7109,7093
1536,3085,4131,4827,5253,5705,6079,6357,6593,6919,7109,7092
1537,3086,4134,4826,5255,5703,6077,6355,6597,6922,7111,7090
1537,3087,4134,4828,5257,5702,6078,6358,6596,6920,7114,7093
1536,3087,4133,4829,5256,5704,6077,6355,6595,6924,7111,7092
1535,3086,4134,4827,5254,5703,6076,6353,6593,6922,7108,7089
1535,3085,4136,4825,5256,5703,6076,6351,6595,6922,7111,7089
1536,3085,4137,4825,5257,5707,6078,6353,6598,6924,7111,7087
1536,3085,4136,4827,5258,5705,6076,6355,6596,6923,7110,7094
1536,3085,4134,4828,5255,5704,6074,6353,6595,6920,7109,7091
1537,3085,4136,4826,5253,5707,6077,6352,6598,6923,7105,7090
1537,3084,4137,4824,5251,5704,6075,6353,6597,6921,7108,7091
1536,3086,4136,4826,5253,5703,6073,6357,6595,6921,7107,7091
1537,3086,4136,4827,5255,5707,6077,6354,6592,6922,7106,7090
1537,3086,4135,4828,5256,5706,6076,6352,6594,6921,7105,7089
1538,3086,4135,4827,5255,5705,6075,6353,6593,6919,7108,7087
1537,3084,4138,4827,5253,5708,6078,6356,6591,6922,7105,7092
1537,3086,4136,4829,5250,5711,6076,6354,6589,6920,7102,7090
1537,3087,4134,4831,5252,5710,6074,6352,6592,6919,7107,7090
1537,3086,4135,4829,5254,5709,6077,6354,6590,6921,7106,7094
1537,3085,4136,4828,5252,5712,6081,6353,6589,6925,7105,7093
1538,3086,4135,4826,5249,5712,6080,6350,6593,6922,7107,7096
1538,3087,4135,4828,5248,5710,6079,6348,6592,6920,7104,7095
1537,3088,4137,4828,5249,5713,6081,6351,6590,6917,7101,7093
1536,3088,4138,4828,5250,5712,6083,6353,6589,6917,7101,7097
1536,3088,4138,4828,5251,5710,6082,6351,6591,6915,7101,7096
1536,3088,4137,4830,5249,5714,6082,6349,6589,6919,7101,7096
1536,3090,4139,4832,5248,5712,6084,6351,6588,6917,7104,7100
1537,3090,4141,4833,5246,5712,6088,6352,6593,6915,7101,7097
1537,3089,4141,4831,5244,5715,6085,6351,6592,6916,7098,7095
1536,3088,4140,4829,5246,5713,6084,6349,6590,6916,7103,7100
1536,3089,4139,4829,5248,5712,6085,6352,6594,6914,7102,7099
1535,3089,4140,4831,5246,5714,6087,6353,6597,6917,7101,7099
1534,3089,4142,4834,5244,5712,6086,6353,6595,6921,7100,7098
1534,3089,4141,4834,5242,5710,6085,6350,6595,6918,7098,7096
1535,3088,4140,4832,5245,5709,6086,6352,6597,6917,7102,7101
1536,3090,4139,4835,5246,5713,6086,6355,6595,6922,7100,7098
1535,3091,4141,4836,5249,5712,6084,6354,6593,6919,7099,7097
1533,3092,4142,4835,5246,5712,6086,6352,6591,6917,7096,7099
1533,3091,4141,4833,5245,5714,6088,6354,6591,6921,7096,7099
1533,3090,4139,4831,5242,5712,6088,6356,6595,6920,7096,7100
1534,3089,4141,4832,5244,5711,6088,6353,6594,6919,7095,7099
1535,3091,4142,4835,5245,5715,6091,6351,6592,6917,7093,7097
1534,3092,4144,4833,5247,5715,6093,6354,6595,6921,7099,7103
1533,3092,4144,4831,5246,5714,6091,6358,6594,6918,7096,7101
1533,3091,4143,4830,5244,5718,6088,6354,6592,6917,7095,7100
1534,3089,4144,4832,5243,5717,6092,6352,6590,6916,7093,7099
1534,3089,4146,4834,5245,5715,6090,6353,6594,6921,7092,7099
1535,3090,4145,4833,5246,5717,6089,6356,6594,6920,7096,7098
1535,3091,4143,4831,5246,5717,6088,6354,6593,6917,7094,7096
1534,3090,4144,4829,5245,5716,6092,6353,6596,6920,7092,7094
1534,3089,4145,4832,5244,5720,6089,6354,6599,6919,7090,7099
1535,3091,4143,4833,5243,5718,6086,6357,6596,6916,7087,7096
1535,3091,4143,4835,5244,5718,6087,6355,6596,6919,7090,7095
1536,3092,4142,4834,5246,5719,6091,6353,6598,6919,7091,7096
1535,3092,4145,4832,5248,5717,6090,6353,6597,6917,7093,7095
1535,3090,4143,4833,5246,5716,6088,6356,6593,6915,7091,7099
1535,3092,4143,4835,5245,5720,6091,6355,6591,6918,7089,7097
1534,3093,4141,4836,5246,5719,6089,6352,6592,6915,7092,7095
1535,3091,4142,4835,5248,5719,6086,6354,6596,6912,7090,7097
1535,3090,4142,4833,5250,5722,6086,6355,6595,6916,7091,7097
1536,3089,4141,4832,5248,5720,6089,6352,6595,6914,7088,7096
1535,3089,4139,4833,5245,5717,6086,6349,6597,6912,7087,7095
1534,3091,4138,4835,5244,5719,6085,6353,6596,6915,7084,7092
1533,3093,4140,4837,5242,5722,6084,6354,6593,6912,7082,7096
1534,3092,4139,4834,5243,5722,6086,6353,6597,6910,7080,7095
1535,3092,4137,4833,5245,5725,6084,6351,6601,6910,7086,7096
1536,3093,4136,4835,5245,5728,6083,6347,6599,6913,7083,7097
1536,3094,4138,4838,5243,5726,6083,6348,6597,6910,7083,7096
1536,3092,4140,4839,5241,5724,6085,6351,6595,6907,7085,7094
1536,3091,4138,4837,5242,5727,6084,6350,6598,6911,7082,7091
1535,3089,4137,4835,5244,5726,6083,6349,6596,6911,7087,7088
1536,3090,4138,4837,5245,5726,6084,6350,6596,6910,7085,7095
1536,3091,4141,4837,5242,5728,6087,6352,6597,6909,7083,7093
1537,3091,4142,4839,5241,5726,6085,6349,6601,6913,7086,7091
1537,3090,4141,4837,5243,5724,6084,6346,6599,6915,7084,7092
1536,3089,4139,4836,5246,5727,6086,6345,6596,6913,7086,7090
1536,3089,4141,4838,5246,5725,6088,6347,6595,6911,7085,7095
1535,3090,4142,4840,5248,5724,6085,6345,6599,6915,7083,7094
1534,3093,4141,4839,5246,5727,6083,6343,6597,6914,7088,7093
1535,3091,4139,4838,5244,5727,6084,6341,6596,6912,7086,7096
1535,3090,4138,4840,5242,5725,6087,6342,6598,6915,7086,7095
1537,3088,4140,4842,5244,5727,6086,6345,6600,6916,7083,7093
1535,3089,4141,4839,5247,5730,6084,6344,6598,6913,7083,7093
1535,3090,4142,4837,5245,5727,6086,6342,6596,6911,7086,7092
1535,3089,4141,4837,5244,5726,6088,6344,6600,6915,7085,7097
1534,3088,4142,4839,5242,5730,6085,6346,6600,6917,7089,7094
1535,3087,4143,4840,5243,5729,6082,6342,6598,6916,7086,7094
1535,3088,4143,4839,5244,5728,6085,6339,6601,6913,7084,7093
1536,3088,4142,4839,5242,5731,6085,6343,6604,6916,7087,7094
1536,3087,4141,4841,5240,5730,6084,6345,6602,6914,7087,7094
1536,3086,4141,4841,5240,5730,6081,6342,6601,6913,7087,7093
1536,3086,4143,4839,5240,5731,6084,6340,6604,6915,7090,7090
1536,3086,4142,4838,5242,5731,6084,6337,6602,6918,7088,7095
1535,3088,4142,4838,5240,5731,6083,6338,6600,6915,7086,7093
1536,3087,4143,4839,5238,5734,6083,6340,6604,6912,7084,7094
1536,3086,4144,4842,5235,5733,6087,6339,6601,6915,7083,7094
1537,3085,4144,4840,5238,5733,6088,6335,6600,6914,7086,7093
1537,3086,4142,4839,5239,5735,6087,6333,6603,6913,7084,7096
1537,3087,4144,4840,5241,5733,6085,6335,6602,6910,7082,7093
1536,3085,4146,4841,5240,5732,6087,6339,6599,6914,7080,7089
1535,3084,4143,4840,5238,5736,6085,6336,6602,6911,7079,7094
1536,3082,4142,4840,5239,5735,6084,6335,6604,6910,7084,7093
1536,3085,4142,4842,5240,5733,6082,6337,6603,6913,7082,7092
1537,3085,4144,4845,5238,5736,6085,6340,6602,6917,7086,7094
1536,3085,4144,4842,5236,5734,6087,6337,6607,6915,7085,7092
1535,3085,4143,4841,5234,5732,6085,6335,6604,6913,7083,7097
1534,3083,4141,4839,5237,5734,6082,6332,6603,6914,7087,7095
1535,3084,4143,4841,5239,5734,6085,6335,6603,6912,7086,7095
1535,3086,4144,4841,5239,5734,6083,6339,6603,6911,7090,7097
1537,3084,4143,4840,5239,5733,6080,6337,6602,6914,7088,7097
1536,3084,4142,4838,5236,5735,6078,6334,6606,6917,7087,7095
1535,3085,4142,4837,5238,5734,6082,6332,6604,6918,7088,7100
1534,3086,4144,4837,5239,5732,6079,6335,6603,6916,7089,7098
1533,3084,4144,4839,5238,5735,6077,6333,6601,6914,7092,7095
1535,3083,4143,4838,5238,5733,6079,6332,6604,6919,7091,7094
1534,3082,4141,4837,5236,5733,6082,6331,6603,6916,7088,7095
1536,3083,4143,4835,5236,5735,6080,6334,6602,6915,7093,7095
1535,3084,4145,4837,5239,5734,6078,6332,6604,6917,7090,7095
1534,3084,4143,4839,5240,5733,6080,6332,6604,6914,7091,7095
1534,3084,4142,4838,5237,5735,6078,6331,6601,6913,7091,7093
1535,3085,4143,4836,5234,5733,6076,6329,6598,6913,7089,7090
1535,3086,4144,4839,5237,5733,6080,6328,6602,6915,7092,7095
1536,3084,4144,4841,5240,5736,6079,6326,6602,6913,7090,7094
1537,3084,4143,4839,5240,5736,6077,6327,6599,6911,7087,7094
1536,3083,4146,4837,5240,5734,6078,6327,6602,6914,7092,7099
1535,3084,4146,4835,5237,5737,6081,6325,6601,6916,7092,7097
1535,3084,4146,4836,5239,5736,6079,6328,6599,6916,7094,7101
1536,3083,4144,4839,5239,5734,6076,6326,6598,6913,7094,7098
1536,3082,4146,4838,5241,5737,6077,6326,6601,6917,7090,7095
1537,3083,4146,4837,5239,5740,6078,6324,6599,6920,7095,7097
1537,3084,4145,4838,5240,5739,6078,6327,6597,6917,7095,7098
1536,3084,4143,4840,5239,5737,6076,6326,6595,6915,7093,7096
1536,3084,4143,4838,5240,5741,6079,6325,6596,6919,7095,7096
1536,3084,4145,4835,5243,5743,6076,6326,6599,6917,7094,7093
1535,3085,4147,4833,5240,5741,6074,6329,6597,6915,7090,7098
1535,3085,4146,4836,5237,5740,6078,6328,6596,6917,7090,7096
1535,3084,4144,4839,5235,5743,6077,6326,6598,6915,7090,7096
1536,3083,4147,4837,5237,5743,6075,6328,6597,6914,7095,7099
1536,3084,4148,4835,5239,5742,6078,6327,6595,6913,7092,7098
1535,3085,4147,4837,5237,5745,6077,6325,6591,6917,7092,7100
1533,3083,4145,4839,5235,5743,6075,6328,6594,6914,7092,7098
1533,3081,4147,4840,5234,5741,6073,6332,6594,6913,7092,7096
1534,3079,4148,4838,5236,5744,6076,6331,6593,6913,7097,7102
1534,3081,4148,4836,5237,5743,6076,6330,6596,6917,7095,7100
1535,3082,4146,4839,5237,5744,6073,6333,6600,6915,7093,7103
1534,3084,4145,4841,5236,5745,6077,6330,6597,6913,7097,7104
1534,3083,4146,4839,5236,5748,6074,6327,6596,6915,7094,7102
1534,3082,4145,4837,5234,5746,6071,6326,6600,6914,7094,7107
1535,3082,4144,4835,5235,5744,6073,6329,6603,6911,7098,7106
1535,3084,4142,4838,5236,5746,6072,6327,6602,6914,7096,7103
1536,3083,4142,4835,5238,5745,6071,6326,6601,6918,7094,7106
1536,3082,4145,4833,5236,5743,6074,6329,6602,6916,7091,7107
1536,3082,4143,4831,5235,5748,6076,6329,6600,6914,7088,7105
1535,3083,4142,4833,5234,5747,6075,6327,6599,6917,7091,7102
1535,3082,4145,4837,5237,5746,6073,6326,6604,6919,7091,7107
1536,3081,4146,4833,5238,5748,6076,6330,6602,6917,7090,7105
1536,3080,4145,4835,5236,5746,6076,6328,6601,6916,7094,7104
1538,3080,4144,4835,5233,5745,6075,6327,6603,6917,7092,7104
1537,3081,4143,4833,5230,5748,6077,6329,6605,6920,7089,7103
1537,3083,4145,4831,5231,5748,6075,6331,6604,6918,7092,7101
1536,3083,4145,4831,5233,5748,6072,6329,6604,6915,7092,7106
1536,3082,4143,4832,5235,5751,6075,6328,6606,6916,7094,7104
1536,3081,4142,4834,5234,5749,6073,6330,6605,6916,7094,7103
1537,3081,4144,4833,5232,5749,6073,6329,6602,6914,7091,7103
1536,3082,4146,4832,5235,5749,6070,6327,6599,6917,7090,7102
1535,3081,4144,4832,5236,5748,6074,6329,6601,6919,7088,7100
1534,3081,4143,4834,5234,5747,6072,6327,6601,6917,7093,7106
1535,3081,4145,4832,5231,5745,6070,6326,6599,6915,7092,7103
1535,3081,4146,4831,5229,5747,6071,6324,6603,6919,7091,7103
1534,3080,4144,4833,5231,5747,6071,6328,6601,6922,7092,7103
1535,3079,4143,4833,5233,5745,6070,6326,6598,6920,7090,7102
1536,3078,4142,4833,5235,5747,6074,6324,6596,6923,7089,7101
1536,3079,4143,4832,5233,5746,6073,6325,6600,6923,7094,7105
1536,3081,4146,4830,5231,5746,6071,6324,6599,6921,7092,7102
1536,3083,4145,4830,5228,5748,6074,6323,6597,6919,7097,7103
1535,3082,4143,4832,5231,5747,6070,6327,6599,6924,7094,7102
1537,3081,4146,4831,5231,5745,6069,6328,6597,6921,7092,7101
1537,3083,4147,4831,5230,5748,6074,6327,6595,6919,7097,7100
1538,3083,4145,4831,5229,5745,6075,6325,6594,6916,7096,7099
1537,3084,4144,4833,5230,5744,6073,6327,6598,6919,7094,7096
1537,3083,4143,4834,5231,5747,6071,6326,6596,6917,7098,7102
1537,3083,4144,4833,5233,5746,6074,6326,6595,6914,7096,7100
1537,3082,4146,4830,5231,5745,6072,6327,6593,6917,7096,7100
1537,3083,4144,4832,5229,5747,6072,6330,6596,6915,7096,7104
1537,3083,4144,4836,5227,5749,6074,6328,6594,6912,7094,7103
1538,3083,4145,4835,5229,5747,6074,6326,6595,6908,7099,7106
1537,3083,4147,4834,5232,5745,6072,6327,6593,6912,7097,7110
1537,3084,4148,4835,5233,5747,6074,6327,6596,6911,7095,7108
1536,3084,4146,4833,5231,5747,6073,6326,6594,6909,7097,7110
1537,3083,4143,4831,5228,5746,6072,6323,6591,6906,7097,7110
1537,3082,4145,4830,5231,5749,6075,6326,6589,6909,7094,7108
1537,3082,4146,4833,5231,5748,6079,6324,6593,6905,7099,7111
1537,3083,4145,4835,5233,5747,6076,6320,6592,6905,7097,7109
1536,3082,4144,4836,5230,5748,6074,6324,6590,6903,7094,7107
1535,3081,4144,4834,5230,5747,6076,6322,6594,6907,7095,7109
1534,3079,4144,4831,5227,5746,6074,6321,6592,6903,7096,7112
1535,3081,4143,4834,5230,5750,6073,6322,6590,6901,7095,7110
1535,3081,4142,4834,5232,5748,6075,6325,6594,6901,7094,7108
1536,3080,4141,4832,5229,5748,6074,6323,6593,6905,7092,7112
1536,3079,4141,4830,5226,5749,6073,6320,6591,6903,7096,7109
1535,3080,4143,4830,5224,5747,6071,6323,6593,6901,7094,7109
1534,3078,4142,4831,5227,5745,6074,6323,6594,6904,7095,7112
1533,3080,4140,4834,5228,5744,6072,6321,6593,6902,7097,7110
1534,3081,4143,4832,5227,5746,6071,6323,6591,6900,7096,7107
1535,3080,4145,4831,5224,5745,6075,6326,6595,6903,7095,7113
1535,3079,4144,4829,5223,5743,6074,6324,6597,6907,7092,7110
1534,3078,4142,4831,5225,5747,6072,6323,6596,6905,7091,7109
1534,3079,4140,4828,5225,5745,6074,6327,6593,6904,7095,7113
1534,3080,4142,4827,5226,5744,6073,6331,6590,6905,7094,7111
1535,3080,4141,4826,5226,5748,6071,6329,6592,6902,7095,7109
1535,3078,4138,4829,5225,5747,6069,6327,6592,6899,7094,7113
1536,3077,4135,4830,5224,5746,6072,6329,6591,6898,7092,7110
1535,3078,4135,4829,5224,5748,6072,6326,6595,6899,7096,7111
1535,3079,4137,4827,5226,5747,6070,6324,6597,6902,7095,7114
1535,3080,4140,4825,5224,5745,6068,6325,6594,6899,7094,7112
1536,3080,4138,4825,5221,5747,6066,6327,6593,6896,7097,7110
1536,3079,4137,4827,5219,5746,6063,6329,6596,6898,7096,7114
1537,3078,4139,4826,5222,5745,6061,6328,6595,6901,7094,7112
1536,3077,4140,4826,5225,5743,6061,6326,6593,6898,7098,7113
1535,3078,4140,4827,5226,5746,6059,6327,6596,6895,7097,7115
1534,3080,4138,4829,5224,5745,6063,6327,6598,6899,7102,7114
1533,3079,4139,4830,5223,5744,6062,6326,6596,6898,7099,7111
1533,3077,4141,4829,5222,5745,6061,6329,6595,6897,7098,7116
1535,3076,4140,4826,5222,5744,6061,6327,6599,6895,7099,7113
1533,3075,4139,4824,5224,5743,6060,6326,6598,6898,7099,7114
1533,3076,4138,4826,5224,5748,6058,6327,6597,6896,7097,7113
1533,3077,4138,4828,5224,5746,6063,6329,6600,6895,7101,7111
1532,3079,4140,4826,5223,5745,6061,6329,6603,6894,7099,7108
1533,3081,4139,4824,5224,5748,6060,6326,6601,6898,7099,7113
1534,3080,4138,4824,5226,5745,6063,6328,6600,6897,7100,7109
1533,3079,4135,4827,5225,5744,6060,6331,6602,6893,7099,7109
1533,3080,4137,4825,0,5747,6058,6328,6601,6896,7099,7111
1533,3081,4139,0,0,5748,6062,6326,6598,6894,7103,7110
1533,3082,4138,0,0,5747,6061,6329,6601,6891,7101,7107
0,0,4137,0,0,5746,6060,6328,6600,6895,7099,7111
0,0,4136,0,0,5748,6062,6325,6599,6894,7101,7108
0,0,0,0,0,5747,6061,0,0,0,7100,7108
0,0,0,0,0,5746,6060,0,0,0,7099,7110
0,0,0,0,0,5748,6059,0,0,0,7103,7108
0,0,0,0,0,5749,6062,0,0,0,7100,7105
0,0,0,0,0,5746,6061,0,0,0,7098,7109
0,0,0,0,0,5748,0,0,0,0,7100,7106
0,0,0,0,0,0,0,0,0,0,0,7107
