-0.28139
-0.53162
-0.76363
-0.94062
-1.0718
-1.1387
-1.1564
-1.1114
-1.0169
-0.84374
-0.61928
-0.36718
-0.071628
0.26974
0.62113
0.96128
1.3288
1.6966
1.9974
2.2998
2.5835
2.7718
2.907
2.9957
3.007
2.9653
2.9045
2.8177
2.6683
2.5225
2.3564
2.1112
1.8641
1.6304
1.3277
0.99977
0.70044
0.39445
0.069625
-0.20116
-0.46028
-0.6813
-0.85279
-0.97757
-1.0471
-1.0491
-0.99766
-0.88769
-0.70664
-0.47293
-0.2129
0.095911
0.4466
0.79544
1.1447
1.5111
1.8638
2.1573
2.4612
2.7374
2.9213
3.0468
3.1339
3.1323
3.0829
3.0161
2.916
2.7598
2.6125
2.4428
2.1866
1.9442
1.7088
1.4028
1.0879
0.78953
0.48321
0.16823
-0.10191
-0.3641
-0.5773
-0.74371
-0.86426
-0.92812
-0.91718
-0.86411
-0.74434
-0.55547
-0.31992
-0.053951
0.25864
0.6141
0.96123
1.3141
1.6894
2.0386
2.3277
2.6186
2.8727
3.0357
3.1625
3.2479
3.2437
3.18
3.1
2.9845
2.8251
2.6774
2.4937
2.2375
1.9901
1.7549
1.4455
1.1389
0.84713
0.54024
0.23716
-0.029277
-0.2863
-0.49103
-0.64188
-0.75335
-0.80493
-0.79477
-0.73397
-0.60155
-0.40308
-0.16272
0.11043
0.4313
0.7886
1.132
1.4954
1.8732
2.2197
2.5076
2.7916
3.0321
3.181
3.3002
3.3726
3.3622
3.2983
3.2153
3.0798
2.919
2.7646
2.572
2.3094
2.0643
1.8093
1.4976
1.1937
0.91447
0.60763
0.32129
0.064221
-0.18744
-0.37899
-0.51767
-0.61513
-0.65858
-0.63301
-0.56784
-0.42727
-0.22424
0.018736
0.29725
0.624
0.98227
1.3257
1.6872
2.0626
2.3997
2.6914
2.9695
3.1912
3.3287
3.4268
3.4854
3.4665
3.4013
3.3138
3.1697
3.0074
2.8329
2.6168
2.3509
2.1035
1.8212
1.4992
1.203
0.91549
0.59764
0.31302
0.061792
-0.18393
-0.37007
-0.50278
-0.58591
-0.61829
-0.59154
-0.51797
-0.37256
-0.16371
0.079263
0.35742
0.68321
1.0342
1.3714
1.7367
2.1074
2.4295
2.7227
3.0004
3.1998
3.33
3.4207
3.4633
3.4266
3.3619
3.2726
3.1232
2.9633
2.7886
2.553
2.2842
2.0353
1.7395
1.4045
1.0956
0.79594
0.46798
0.18489
-0.065759
-0.31011
-0.4945
-0.6272
-0.70685
-0.72931
-0.69928
-0.62118
-0.46648
-0.2542
-0.0062667
0.27649
0.60244
0.94811
1.2789
1.6454
2.0187
2.3317
2.63
2.9206
3.1162
3.2528
3.343
3.3758
3.341
3.2958
3.217
3.0829
2.9418
2.776
2.5446
2.3018
2.0643
1.7848
1.4653
1.1737
0.88287
0.5653
0.29504
0.052724
-0.17279
-0.34947
-0.47274
-0.54158
-0.55088
-0.50625
-0.40215
-0.2248
0.0037064
0.26357
0.56789
0.91806
1.28
1.6299
2.0063
2.3834
2.6964
3.0063
3.2989
3.4942
3.6301
3.7205
3.7362
3.699
3.6501
3.5678
3.4198
3.2707
3.1131
2.871
2.6268
2.3826
2.0809
1.7438
1.4254
1.111
0.78234
0.50763
0.24769
0.024056
-0.15304
-0.27554
-0.35018
-0.3555
-0.30867
-0.20183
-0.026571
0.19747
0.44878
0.74925
1.0932
1.443
1.7864
2.147
2.5046
2.7949
3.0934
3.3678
3.5428
3.6662
3.7461
3.7424
3.6918
3.6239
3.5314
3.3777
3.217
3.0415
2.7875
2.5393
2.2982
1.9939
1.6728
1.3762
1.0685
0.74158
0.46848
0.2089
-0.0028885
-0.1664
-0.2775
-0.34173
-0.33237
-0.27519
-0.15175
0.038838
0.27883
0.5448
0.85647
1.2178
1.5701
1.9215
2.2931
2.645
2.9343
3.2249
3.488
3.6593
3.7811
3.8618
3.8515
3.7935
3.7197
3.6099
3.448
3.2933
3.1153
2.8556
2.6134
2.3788
2.0723
1.762
1.4691
1.1559
0.84613
0.58249
0.3256
0.1179
-0.034811
-0.14645
-0.19999
-0.18859
-0.12995
0.0014
0.20022
0.44292
0.71339
1.0262
1.3872
1.7367
2.1037
2.48
2.8272
3.1122
3.3973
3.6435
3.7951
3.9206
3.9954
3.9853
3.9242
3.8442
3.7201
3.5618
3.4056
3.2161
2.9565
2.7039
2.4531
2.1365
1.8311
1.5334
1.2183
0.91632
0.65749
0.40097
0.20403
0.061022
-0.04724
-0.095061
-0.083311
-0.018181
0.1168
0.30937
0.54614
0.82345
1.1485
1.5142
1.8636
2.2329
2.6107
2.9556
3.2431
3.5278
3.7592
3.9135
4.0249
4.0947
4.0836
4.0195
3.9425
3.8055
3.6351
3.4696
3.2636
2.9997
2.7492
2.4868
2.1736
1.866
1.571
1.2532
0.96099
0.70935
0.46099
0.27926
0.14684
0.050613
0.0093739
0.030306
0.10386
0.2503
0.45833
0.69845
0.9769
1.3102
1.6748
2.0267
2.3989
2.7745
3.1086
3.4013
3.6871
3.9115
4.0551
4.155
4.2117
4.1933
4.1371
4.0523
3.9049
3.7416
3.5692
3.3486
3.0813
2.8315
2.8355
2.7673
2.7052
2.5875
2.3955
2.1771
1.9466
1.6616
1.3897
1.0908
0.78206
0.50056
0.2337
-0.027047
-0.22897
-0.3556
-0.47767
-0.56594
-0.53537
-0.48162
-0.42026
-0.23474
0.0017353
0.23105
0.51467
0.83851
1.1026
1.3238
1.5626
1.7451
1.8724
2.0577
2.2211
2.308
2.4474
2.5905
2.6567
2.6986
2.7709
2.7448
2.6728
2.5862
2.4517
2.2435
2.0373
1.7954
1.5116
1.2241
0.91294
0.60172
0.32281
0.052375
-0.20741
-0.3954
-0.52906
-0.64749
-0.71266
-0.67175
-0.62317
-0.56188
-0.38103
-0.13701
0.079122
0.3752
0.71154
0.96634
1.1925
1.4261
1.5892
1.7069
1.9007
2.0504
2.1264
2.2643
2.3949
2.4363
2.48
2.5321
2.5059
2.4319
2.3291
2.1735
1.9647
1.7444
1.4839
1.2004
0.9021
0.58959
0.28332
0.015017
-0.24947
-0.49288
-0.65915
-0.78145
-0.89337
-0.93384
-0.86438
-0.79111
-0.69338
-0.48781
-0.24965
-0.025592
0.29105
0.64922
0.92327
1.1758
1.4254
1.5799
1.7233
1.9321
2.0966
2.1827
2.3469
2.4853
2.5263
2.5828
2.6394
2.6043
2.5373
2.4354
2.2757
2.0607
1.8418
1.5815
1.31
1.0192
0.70675
0.40748
0.1436
-0.11039
-0.34357
-0.48887
-0.60444
-0.70608
-0.73087
-0.6491
-0.56901
-0.45448
-0.22804
0.019685
0.25013
0.5671
0.91099
1.171
1.4311
1.6709
1.8037
1.9369
2.1186
2.254
2.3387
2.4886
2.609
2.6284
2.6773
2.7175
2.6581
2.5828
2.469
2.2861
2.0594
1.8303
1.5445
1.2627
0.95688
0.62746
0.31701
0.045397
-0.22498
-0.45791
-0.61019
-0.73373
-0.84027
-0.85582
-0.78626
-0.71283
-0.58156
-0.34657
-0.099189
0.13511
0.44713
0.77426
1.0294
1.2984
1.5355
1.6938
1.8512
2.0363
2.1716
2.2923
2.4623
2.5767
2.6121
2.6758
2.7261
2.6722
2.61
2.5082
2.3304
2.1083
1.8826
1.6083
1.3313
1.0286
0.70344
0.40673
0.14036
-0.12608
-0.34456
-0.4807
-0.60141
-0.6962
-0.69457
-0.62525
-0.55567
-0.39062
-0.14602
0.10793
0.3544
0.68054
0.98937
1.2297
1.5015
1.7352
1.8965
2.0698
2.2491
2.3633
2.4986
2.6727
2.7889
2.8282
2.9106
2.9329
2.8633
2.8084
2.7024
2.5207
2.3069
2.0721
1.7924
1.5181
1.2246
0.91011
0.61615
0.34805
0.08701
-0.11592
-0.24281
-0.36535
-0.46017
-0.4453
-0.38438
-0.32965
-0.15657
0.085825
0.33656
0.59814
0.91777
1.1942
1.4164
1.6561
1.8534
1.9974
2.1675
2.3241
2.421
2.5424
2.6904
2.7646
2.7971
2.8619
2.8541
2.7764
2.7054
2.5973
2.4016
2.1839
1.9408
1.6518
1.3643
1.0533
0.73751
0.43504
0.15758
-0.11689
-0.32769
-0.46458
-0.59351
-0.68789
-0.66824
-0.62063
-0.56593
-0.38641
-0.14531
0.092014
0.37857
0.70477
0.97202
1.195
1.4366
1.6296
1.7541
1.9385
2.0963
2.1967
2.3377
2.4934
2.582
2.6334
2.7138
2.7032
2.6335
2.5637
2.4393
2.2404
2.035
1.7979
1.5122
1.2244
0.92069
0.61801
0.34335
0.075425
-0.18511
-0.37678
-0.49919
-0.60118
-0.66638
-0.61766
-0.56005
-0.49443
-0.29407
-0.049037
0.18536
0.4923
0.83127
1.1018
1.3315
1.5737
1.7641
1.8986
2.0954
2.2549
2.3494
2.4962
2.6373
2.6957
2.7524
2.8261
2.7981
2.7217
2.633
2.4843
2.2656
2.0509
1.7921
1.5042
1.2016
0.88402
0.56824
0.29266
0.021991
-0.24192
-0.42358
-0.54816
-0.66251
-0.71301
-0.66276
-0.60054
-0.52758
-0.33415
-0.088754
0.13274
0.4429
0.79302
1.0579
1.2983
1.5422
1.7012
1.8254
2.0224
2.1738
2.2544
2.4001
2.5361
2.5753
2.6393
2.6967
2.6531
2.5723
2.4653
2.3042
2.0916
1.8671
1.5913
1.3094
0.99935
0.67452
0.3523
0.078129
-0.1883
-0.44251
-0.61244
-0.75721
-0.87655
-0.9255
-0.8636
-0.79934
-0.70659
-0.49079
-0.26065
-0.041293
0.26775
0.60762
0.86457
1.1113
1.3446
1.4892
1.6174
1.7973
1.9494
2.0407
2.2034
2.335
2.3751
2.4411
2.4977
2.4491
2.3855
2.2818
2.1175
1.9161
1.6993
1.4332
1.1586
0.86433
0.55932
0.26423
0.00084787
-0.25863
-0.49204
-0.63798
-0.76
-0.85564
-0.87478
-0.79381
-0.71712
-0.58378
-0.36439
-0.11412
0.1188
0.43023
0.76387
1.0116
1.2776
1.5255
1.6802
1.829
2.0197
2.1613
2.2726
2.4427
2.5774
2.6217
2.7079
2.7708
2.726
2.6714
2.575
2.4085
2.2077
1.9902
1.7217
1.4467
1.1562
0.84645
0.56113
0.30329
0.039779
-0.18888
-0.33916
-0.46479
-0.56687
-0.58454
-0.52368
-0.47152
-0.34197
-0.11487
0.12873
0.35579
0.655
0.95882
1.1935
1.4543
1.6777
1.8226
1.9739
2.1539
2.2728
2.3786
2.5324
2.6269
2.6558
2.7308
2.7643
2.6961
2.6321
2.5216
2.3309
2.1144
1.8839
1.6035
1.3221
1.0249
0.70615
0.412
0.15027
-0.11952
-0.3337
-0.47522
-0.60587
-0.70029
-0.69312
-0.62727
-0.56142
-0.40004
-0.15139
0.10556
0.36688
0.69251
0.98833
1.2184
1.4705
1.6966
1.864
2.0384
2.2198
2.3403
2.4833
2.6473
2.7475
2.7837
2.8635
2.8583
2.7774
2.703
2.5811
2.3761
2.1679
1.9338
1.6467
1.359
1.0623
0.74971
0.46376
0.19952
-0.060945
-0.27048
-0.39722
-0.51155
-0.59048
-0.55713
-0.50298
-0.42747
-0.24088
0.0010007
0.26346
0.55411
0.86307
1.1363
1.3835
1.6358
1.8362
1.9944
2.1783
2.3721
2.5168
2.6374
2.7947
2.8662
2.9267
2.992
2.9961
2.932
2.8491
2.7103
2.5187
2.2864
2.0363
1.7485
1.4564
1.153
0.85411
0.57378
0.31253
0.059319
-0.13247
-0.26334
-0.37244
-0.4468
-0.43158
-0.38433
-0.31804
-0.15192
0.044436
0.26415
0.50971
0.76293
0.97037
1.1651
1.3619
1.5178
1.6313
1.8337
1.9722
2.0709
2.2041
2.3006
2.3713
2.4566
2.4941
2.5116
2.455
2.361
2.2382
2.0755
1.8631
1.6301
1.3835
1.1345
0.84354
0.56177
0.307
0.062106
-0.20116
-0.3961
-0.56987
-0.71043
-0.81458
-0.85252
-0.86512
-0.88486
-0.79972
-0.65612
-0.52984
-0.30518
-0.074447
0.11599
0.30087
0.52493
0.68384
0.83111
1.023
1.1987
1.2985
1.4755
1.624
1.7604
1.9219
2.0468
2.1118
2.1584
2.1395
2.0713
1.9822
1.8356
1.6293
1.4422
1.2339
0.98863
0.72304
0.50213
0.23827
-0.0083075
-0.19704
-0.34009
-0.49501
-0.62534
-0.63859
-0.68926
-0.70048
-0.61892
-0.55201
-0.47673
-0.33125
-0.13512
0.044032
0.16968
0.31202
0.46728
0.60534
0.72724
0.8204
0.96075
1.199
1.3633
1.4417
1.5864
1.7959
1.8788
1.8382
1.7495
1.7447
1.7541
1.683
1.5331
1.2834
1.0838
0.88947
0.70075
0.54998
0.32917
0.045093
-0.15366
-0.3141
-0.47696
-0.60027
-0.72414
-0.90525
-1.0236
-1.0875
-1.0873
-1.039
-0.89998
-0.73112
-0.56188
-0.37853
-0.24467
-0.15376
-0.034888
0.14077
0.30301
0.44958
0.64638
0.8228
0.96723
1.1264
1.2382
1.3417
1.4584
1.5306
1.5578
1.5536
1.539
1.5025
1.4467
1.323
1.1327
0.91833
0.70397
0.47424
0.2694
0.10002
-0.089913
-0.29785
-0.45215
-0.59286
-0.73924
-0.85187
-0.92776
-1.0187
-1.0919
-1.1076
-1.0978
-1.0683
-0.96905
-0.86
-0.74819
-0.59955
-0.41975
-0.28529
-0.11253
0.085021
0.22027
0.32551
0.48709
0.62959
0.7711
0.96323
1.1442
1.3389
1.4927
1.6169
1.6695
1.6913
1.6281
1.4835
1.2944
1.0752
0.79264
0.5154
0.28246
0.036062
-0.22559
-0.43616
-0.64617
-0.855
-1.0245
-1.1791
-1.3514
-1.5197
-1.6051
-1.6641
-1.6551
-1.5532
-1.4268
-1.2792
-1.0846
-0.87627
-0.72822
-0.56121
-0.38416
-0.2674
-0.11193
0.091834
0.29413
0.51835
0.80268
1.0521
1.2687
1.457
1.5722
1.6116
1.5722
1.4336
1.2348
1.0111
0.77519
0.51898
0.27135
0.025787
-0.26765
-0.55935
-0.81593
-1.1065
-1.4314
-1.7062
-1.9293
-2.1025
-2.2254
-2.2632
-2.2745
-2.2758
-2.225
-2.1721
-2.066
-1.9023
-1.758
-1.6295
-1.4734
-1.2684
-1.044
-0.75591
-0.39214
-0.070959
0.2222
0.51398
0.74033
0.91298
1.0317
1.1044
1.1106
1.0718
0.97694
0.8401
0.67883
0.4601
0.21128
-0.048923
-0.34904
-0.72378
-1.1456
-1.5115
-1.8763
-2.2028
-2.4123
-2.5853
-2.7272
-2.8161
-2.8292
-2.8303
-2.8449
-2.8053
-2.7882
-2.7418
-2.5725
-2.3578
-2.1228
-1.8183
-1.4872
-1.1835
-0.86944
-0.5204
-0.21269
0.073282
0.3099
0.52635
0.73256
0.93077
1.0355
1.0809
1.0413
0.9165
0.74865
0.53402
0.23014
-0.1397
-0.52299
-0.856
-1.2293
-1.5822
-1.9294
-2.3023
-2.6608
-2.9166
-3.1323
-3.34
-3.4524
-3.5075
-3.4679
-3.3805
-3.2493
-3.1519
-3.0447
-2.8255
-2.6192
-2.3917
-2.1175
-1.8083
-1.5081
-1.1203
-0.70137
-0.34211
-0.016971
0.26453
0.49482
0.6352
0.72376
0.71759
0.69262
0.62141
0.50048
0.30539
0.056822
-0.26878
-0.62803
-0.99643
-1.4626
-1.9413
-2.411
-2.7658
-3.1069
-3.4014
-3.6327
-3.8117
-3.9371
-3.985
-4.0039
-4.0069
-3.9663
-3.8461
-3.7495
-3.5726
-3.2696
-2.9548
-2.6781
-2.3598
-2.0355
-1.7019
-1.3505
-1.0369
-0.74836
-0.46317
-0.14588
0.10447
0.2912
0.4016
0.44508
0.39312
0.21615
-0.07276
-0.36839
-0.67025
-0.98112
-1.3438
-1.7172
-2.1112
-2.536
-2.9336
-3.3068
-3.6963
-4.0279
-4.2747
-4.4798
-4.5698
-4.5009
-4.4086
-4.3356
-4.2647
-4.132
-3.9638
-3.7777
-3.5288
-3.2862
-2.9811
-2.5959
-2.2451
-1.8758
-1.5027
-1.1495
-0.86928
-0.62516
-0.43932
-0.27377
-0.16243
-0.086271
-0.051892
-0.055965
-0.2114
-0.44124
-0.72697
-1.0041
-1.429
-1.9007
-2.3521
-2.7498
-3.1228
-3.4764
-3.7902
-4.1077
-4.3808
-4.607
-4.8004
-4.8971
-4.9337
-4.8939
-4.8218
-4.6155
-4.3867
-4.156
-3.9071
-3.6102
-3.3568
-3.0965
-2.7948
-2.4723
-2.1172
-1.6996
-1.3729
-1.0624
-0.76056
-0.54074
-0.43125
-0.37035
-0.37189
-0.46458
-0.58363
-0.74289
-0.88339
-1.1396
-1.4487
-1.8377
-2.2334
-2.6928
-3.1869
-3.6523
-4.0466
-4.3553
-4.6266
-4.8026
-4.9316
-5.0128
-5.0632
-5.0779
-5.0239
-4.979
-4.8846
-4.6903
-4.4398
-4.1134
-3.8093
-3.4944
-3.1585
-2.8324
-2.6054
-2.2955
-2.0112
-1.6957
-1.4488
-1.1641
-0.91951
-0.80657
-0.74029
-0.75571
-0.82817
-1.0261
-1.3142
-1.6126
-1.8971
-2.171
-2.5146
-2.8432
-3.2279
-3.6034
-3.9878
-4.3376
-4.6151
-4.8759
-5.0593
-5.13
-5.0654
-5.0392
-4.9129
-4.8228
-4.7028
-4.5998
-4.4917
-4.2568
-4.0153
-3.7624
-3.4243
-3.0886
-2.7522
-2.4323
-2.1394
-1.8637
-1.6584
-1.5438
-1.4098
-1.2907
-1.1674
-1.1442
-1.1459
-1.2431
-1.3854
-1.6435
-1.8643
-2.1593
-2.4697
-2.7949
-3.0643
-3.2643
-3.5086
-3.7449
-3.9401
-4.1438
-4.3861
-4.5274
-4.6242
-4.6706
-4.6577
-4.5542
-4.3827
-4.2352
-4.0366
-3.8754
-3.688
-3.5817
-3.4786
-3.3128
-3.0698
-2.83
-2.5764
-2.3367
-2.1297
-1.9512
-1.8191
-1.7185
-1.7373
-1.7604
-1.8123
-1.8169
-1.8616
-1.9583
-2.1305
-2.3542
-2.6178
-2.9245
-3.2303
-3.5423
-3.8132
-4.0752
-4.1617
-4.2752
-4.3654
-4.4861
-4.5575
-4.6243
-4.6861
-4.7138
-4.693
-4.5327
-4.3594
-4.1751
-4.0857
-3.9227
-3.7143
-3.5416
-3.533
-3.4511
-3.2398
-2.9462
-2.7638
-2.6855
-2.5591
-2.4465
-2.2951
-2.3066
-2.3891
-2.506
-2.7228
-2.8918
-2.9623
-3.0748
-3.2784
-3.4745
-3.6922
-3.8891
-4.059
-4.2309
-4.3593
-4.5046
-4.6368
-4.6751
-4.7284
-4.7632
-4.7811
-4.7403
-4.7211
-4.7217
-4.6856
-4.6538
-4.522
-4.3916
-4.1906
-4.0548
-3.9074
-3.737
-3.6014
-3.5444
-3.5326
-3.4979
-3.4222
-3.343
-3.3533
-3.3387
-3.3859
-3.4354
-3.5348
-3.6332
-3.8072
-4.0424
-4.2649
-4.4011
-4.5166
-4.6844
-4.817
-4.9386
-5.0876
-5.1974
-5.266
-5.2879
-5.2804
-5.2231
-5.0666
-4.9789
-4.9003
-4.8093
-4.7124
-4.7044
-4.6603
-4.6266
-4.553
-4.4096
-4.2351
-4.0131
-3.8994
-3.8174
-3.7807
-3.7954
-3.9599
-4.1254
-4.2806
-4.3635
-4.4459
-4.5253
-4.5638
-4.6243
-4.6951
-4.7565
-4.8778
-5.0678
-5.2444
-5.3799
-5.4224
-5.4656
-5.4864
-5.501
-5.4542
-5.4093
-5.3035
-5.2039
-5.1145
-5.0488
-4.9718
-4.8241
-4.7746
-4.7079
-4.6205
-4.5318
-4.5074
-4.3954
-4.2787
-4.1617
-4.0879
-3.9834
-3.9009
-3.9675
-4.0377
-4.1418
-4.2822
-4.4793
-4.6247
-4.7285
-4.7434
-4.7871
-4.7762
-4.8198
-4.8742
-4.9675
-5.0553
-5.1961
-5.3616
-5.4535
-5.466
-5.3711
-5.2968
-5.1732
-5.075
-4.9708
-4.9441
-4.8983
-4.8643
-4.8379
-4.7725
-4.6554
-4.5278
-4.4128
-4.2618
-4.1222
-4.0424
-4.0652
-4.0985
-4.206
-4.2789
-4.3517
-4.3315
-4.3797
-4.4106
-4.4482
-4.5075
-4.6301
-4.7525
-4.88
-4.9935
-5.092
-5.1539
-5.1349
-5.2452
-5.2683
-5.2315
-5.1738
-5.2064
-5.2058
-5.2163
-5.1747
-5.1181
-5.057
-4.9493
-4.8896
-4.8534
-4.7732
-4.6934
-4.6514
-4.5972
-4.5545
-4.4581
-4.463
-4.4297
-4.4348
-4.4344
-4.4757
-4.5381
-4.5866
-4.6964
-4.7534
-4.7608
-4.7687
-4.8725
-4.9518
-5.0253
-5.1515
-5.2783
-5.3934
-5.4755
-5.4925
-5.4789
-5.3641
-5.3491
-5.3259
-5.3093
-5.225
-5.2238
-5.2199
-5.207
-5.1512
-5.0197
-4.8897
-4.6962
-4.6881
-4.6663
-4.649
-4.5841
-4.6321
-4.6634
-4.6881
-4.6578
-4.5993
-4.5843
-4.5415
-4.6223
-4.7129
-4.8242
-4.9179
-5.0611
-5.182
-5.2244
-5.1753
-5.1541
-5.1477
-5.1889
-5.2532
-5.3164
-5.3696
-5.3863
-5.4585
-5.4915
-5.3471
-5.1541
-5.0406
-4.972
-4.9243
-4.9342
-4.9504
-4.9707
-4.9836
-4.9754
-4.9286
-4.7813
-4.6932
-4.6508
-4.6061
-4.614
-4.7513
-4.9206
-5.0328
-5.0963
-5.1132
-5.159
-5.1351
-5.159
-5.1658
-5.1981
-5.3021
-5.5138
-5.6497
-5.7597
-5.7884
-5.7771
-5.6998
-5.5717
-5.5267
-5.4902
-5.5039
-5.5394
-5.579
-5.6094
-5.5839
-5.4631
-5.3582
-5.2118
-5.1422
-5.0439
-4.9739
-4.9783
-5.0655
-5.1615
-5.1787
-5.086
-4.9662
-5.0011
-4.9673
-4.9406
-4.967
-5.1245
-5.2645
-5.3827
-5.5047
-5.5877
-5.5528
-5.5631
-5.5288
-5.5092
-5.5341
-5.6154
-5.7338
-5.8369
-5.9505
-5.9355
-5.897
-5.7737
-5.7722
-5.6564
-5.5288
-5.4294
-5.4865
-5.59
-5.62
-5.5917
-5.5456
-5.4768
-5.3563
-5.2809
-5.2652
-5.2246
-5.2574
-5.3387
-5.4691
-5.5674
-5.5771
-5.6343
-5.6306
-5.6315
-5.5986
-5.6454
-5.6824
-5.7917
-5.9442
-6.0297
-6.0605
-6.0481
-6.0824
-6.0546
-6.02
-6.0155
-6.0217
-6.0192
-6.0672
-6.1771
-6.2027
-6.1149
-6.0696
-6.0051
-5.8839
-5.7912
-5.7908
-5.8105
-5.8727
-5.9033
-5.9723
-5.9738
-5.9138
-5.9025
-5.8568
-5.8251
-5.8196
-5.9012
-6.0028
-6.1364
-6.1997
-6.2476
-6.2518
-6.3023
-6.3158
-6.246
-6.2502
-6.261
-6.3759
-6.4303
-6.5048
-6.5202
-6.5233
-6.4827
-6.4552
-6.4267
-6.3884
-6.2951
-6.2817
-6.3331
-6.3874
-6.3205
-6.3027
-6.2784
-6.2511
-6.2101
-6.2076
-6.2188
-6.1973
-6.225
-6.3187
-6.4215
-6.3485
-6.3849
-6.3875
-6.3771
-6.3154
-6.3289
-6.3831
-6.4413
-6.4891
-6.5514
-6.5734
-6.5225
-6.5311
-6.5103
-6.4935
-6.4528
-6.427
-6.447
-6.5035
-6.5187
-6.5089
-6.4514
-6.442
-6.3866
-6.2907
-6.2331
-6.241
-6.2738
-6.2644
-6.2661
-6.2619
-6.2595
-6.2384
-6.2235
-6.2016
-6.1444
-6.102
-6.1463
-6.1907
-6.2344
-6.2199
-6.2766
-6.2953
-6.326
-6.3127
-6.3302
-6.3029
-6.2532
-6.2781
-6.3356
-6.3462
-6.2434
-6.2307
-6.1945
-6.1441
-6.0888
-6.1079
-6.0738
-6.0299
-6.0009
-6.0326
-5.9696
-5.9072
-5.9286
-5.8837
-5.8389
-5.772
-5.8058
-5.788
-5.8116
-5.7879
-5.864
-5.8308
-5.8625
-5.8471
-5.8496
-5.7975
-5.7642
-5.8065
-5.8318
-5.8248
-5.7795
-5.8176
-5.8061
-5.7916
-5.7799
-5.7654
-5.6945
-5.6753
-5.6561
-5.6694
-5.6095
-5.5542
-5.5033
-5.4791
-5.4273
-5.3838
-5.3069
-5.307
-5.2775
-5.257
-5.2183
-5.1599
-5.1627
-5.1658
-5.1863
-5.1635
-5.1776
-5.1523
-5.1657
-5.1712
-5.1675
-5.1542
-5.1737
-5.1938
-5.1924
-5.1928
-5.1392
-5.1252
-5.0945
-5.0778
-5.0632
-5.0218
-4.9876
-4.9829
-4.9304
-4.8721
-4.8479
-4.8225
-4.7793
-4.7231
-4.6457
-4.6268
-4.5204
-4.519
-4.4729
-4.4388
-4.3515
-4.3468
-4.3661
-4.3448
-4.3106
-4.2603
-4.2989
-4.2674
-4.3038
-4.31
-4.2728
-4.2163
-4.2256
-4.2491
-4.246
-4.1711
-4.1725
-4.2007
-4.204
-4.228
-4.251
-4.1905
-4.1339
-4.1047
-4.0865
-4.0327
-3.8944
-3.9323
-3.8729
-3.8122
-3.7927
-3.8368
-3.7817
-3.7421
-3.7031
-3.7068
-3.6655
-3.5903
-3.6421
-3.613
-3.6043
-3.5972
-3.6169
-3.5894
-3.5967
-3.5505
-3.5995
-3.5556
-3.6081
-3.5989
-3.6066
-3.5258
-3.5158
-3.559
-3.5557
-3.521
-3.4664
-3.5386
-3.4718
-3.4752
-3.4888
-3.4469
-3.3284
-3.3155
-3.3083
-3.2923
-3.1664
-3.1216
-3.1569
-3.1294
-3.1203
-3.1394
-3.1453
-3.0572
-3.0554
-3.0419
-3.0306
-2.8989
-2.937
-2.9172
-2.9471
-2.9789
-3.0425
-3.0358
-3.0029
-3.0041
-3.0215
-2.9983
-2.9324
-2.9405
-2.9077
-2.8811
-2.8627
-2.8734
-2.8429
-2.7872
-2.7214
-2.732
-2.6918
-2.6992
-2.6919
-2.6691
-2.5923
-2.554
-2.5756
-2.5574
-2.5176
-2.4449
-2.5073
-2.4676
-2.4817
-2.4816
-2.5077
-2.4706
-2.5033
-2.5097
-2.5247
-2.4659
-2.4712
-2.5497
-2.5317
-2.5466
-2.6088
-2.6225
-2.5721
-2.5628
-2.5544
-2.5245
-2.4429
-2.4403
-2.4261
-2.4092
-2.3951
-2.4341
-2.4149
-2.3648
-2.32
-2.2794
-2.234
-2.1843
-2.1735
-2.1524
-2.1309
-2.1494
-2.1753
-2.1891
-2.1401
-2.0963
-2.0837
-2.0775
-2.0954
-2.099
-2.0995
-2.0622
-2.0367
-2.0344
-2.0418
-2.016
-1.9913
-2.0152
-2.0149
-2.022
-2.0156
-2.0337
-2.0073
-2.0004
-1.9915
-1.9477
-1.878
-1.8678
-1.8723
-1.8225
-1.8028
-1.7931
-1.8224
-1.7689
-1.7602
-1.7182
-1.6414
-1.6202
-1.58
-1.6201
-1.6084
-1.6339
-1.6432
-1.6467
-1.643
-1.633
-1.5899
-1.5731
-1.5927
-1.6194
-1.6201
-1.6639
-1.7283
-1.7565
-1.7971
-1.7752
-1.7239
-1.6751
-1.7094
-1.7138
-1.712
-1.668
-1.6677
-1.652
-1.6213
-1.5788
-1.4924
-1.4255
-1.396
-1.4244
-1.3944
-1.3433
-1.3226
-1.2848
-1.2485
-1.2132
-1.143
-1.1087
-1.0743
-1.1028
-1.0935
-1.0949
-1.0903
-1.1732
-1.1486
-1.1697
-1.1256
-1.0989
-1.1133
-1.1049
-1.1476
-1.1221
-1.1389
-1.1264
-1.1347
-1.1082
-1.0646
-0.93555
-0.91131
-0.88535
-0.90053
-0.84347
-0.84462
-0.85739
-0.81531
-0.80384
-0.72351
-0.65682
-0.54901
-0.61585
-0.52241
-0.51263
-0.54244
-0.57267
-0.52118
-0.49995
-0.4632
-0.42774
-0.35445
-0.3696
-0.40494
-0.42423
-0.40176
-0.42393
-0.43526
-0.41034
-0.39636
-0.31006
-0.29915
-0.23404
-0.29093
-0.27093
-0.26975
-0.24018
-0.28302
-0.26158
-0.22107
-0.15452
-0.10424
-0.087176
-0.053465
-0.086188
-0.053166
-0.032729
-0.058184
-0.047992
-0.0051287
0.039714
0.12695
0.11337
0.16939
0.163
0.18838
0.14181
0.20595
0.20639
0.2133
0.24725
0.33446
0.41891
0.3818
0.43983
0.45646
0.45103
0.45923
0.52443
0.54959
0.60484
0.66036
0.81184
0.85105
0.90743
0.9388
0.96326
0.97025
1.0524
1.1194
1.1716
1.26
1.3521
1.469
1.4254
1.4584
1.497
1.5012
1.4961
1.5558
1.6124
1.6904
1.7299
1.7893
1.8024
1.8105
1.8267
1.8547
1.8526
1.8438
1.9008
1.9479
2.0574
2.0562
2.1427
2.1251
2.1493
2.163
2.2265
2.2794
2.3004
2.365
2.464
2.5339
2.5522
2.6126
2.6345
2.6517
2.6952
2.7271
2.721
2.7523
2.8457
2.9844
2.96
2.9757
2.949
2.9476
2.9046
2.9516
2.9693
2.9854
3.0266
3.116
3.1889
3.1225
3.1358
3.1347
3.1439
3.1474
3.2114
3.2574
3.3723
3.424
3.541
3.5057
3.5511
3.5827
3.6248
3.6076
3.6312
3.6756
3.7342
3.8209
3.8059
3.8854
3.8465
3.8423
3.8472
3.8983
3.855
3.8879
3.9069
4.03
4.0391
4.0562
4.0457
4.049
4.0357
4.0395
4.0966
4.0402
4.0883
4.1638
4.2978
4.2163
4.2486
4.2464
4.2339
4.2363
4.2596
4.3014
4.3087
4.3707
4.4889
4.499
4.4634
4.508
4.5279
4.5153
4.5006
4.5492
4.5707
4.6631
4.7152
4.815
4.7676
4.8028
4.808
4.8217
4.7932
4.8266
4.8699
4.9629
4.9924
5.0264
5.021
5.0122
5.0019
5.0304
4.9972
4.9904
5.0305
5.1012
5.1941
5.154
5.2194
5.1925
5.219
5.2145
5.2446
5.1932
5.214
5.2593
5.38
5.396
5.3567
5.3625
5.3589
5.396
5.4016
5.4675
5.4258
5.4418
5.5415
5.66
5.5911
5.5856
5.5866
5.5289
5.4969
5.4774
5.4825
5.4743
5.5146
5.6112
5.5895
5.5284
5.5075
5.4495
5.3568
5.284
5.3095
5.3264
5.3544
5.3787
5.4074
5.3414
5.3262
5.3371
5.2821
5.2076
5.1962
5.2485
5.3259
5.3668
5.3884
5.3847
5.354
5.4026
5.4222
5.3627
5.3238
5.352
5.4393
5.4975
5.482
5.4258
5.4185
5.4195
5.4134
5.3546
5.2784
5.2486
5.2781
5.3596
5.3098
5.2258
5.2017
5.1499
5.0764
5.0373
4.9969
4.9872
4.9898
5.0616
5.0596
5.0331
4.9436
4.9479
4.8773
4.8303
4.7996
4.7722
4.7906
4.8899
4.916
4.9118
4.8462
4.8708
4.7922
4.7551
4.6998
4.6718
4.7238
4.7683
4.8445
4.777
4.8123
4.7552
4.7202
4.6492
4.575
4.5135
4.5088
4.5499
4.6321
4.5927
4.5556
4.5501
4.5257
4.4112
4.3908
4.3683
4.3436
4.3838
4.4529
4.5243
4.4295
4.4444
4.4213
4.3805
4.3429
4.3846
4.3975
4.4906
4.5481
4.6829
4.6497
4.6252
4.6518
4.604
4.554
4.5669
4.6091
4.6662
4.7268
4.792
4.8365
4.8026
4.846
4.8426
4.8117
4.7223
4.7794
4.8512
4.9693
5.0097
5.0507
5.0592
5.0218
5.0445
4.9928
4.956
4.9513
5.0209
5.1375
5.2282
5.2412
5.2667
5.2557
5.2302
5.2313
5.2409
5.2352
5.2687
5.3719
5.5043
5.5213
5.5029
5.5262
5.4724
5.4815
5.5303
5.5903
5.6003
5.6942
5.8543
5.9055
5.8731
5.8802
5.8406
5.8274
5.8185
5.8543
5.8907
5.9237
6.0871
6.1474
6.1703
6.1214
6.104
6.0519
5.9644
5.9683
5.9732
6.0312
6.1511
6.2349
6.2362
6.1899
6.1974
6.1357
6.0594
6.0235
6.0215
6.1171
6.2217
6.3316
6.2913
6.3179
6.2843
6.2566
6.2145
6.2016
6.2118
6.3099
6.4166
6.5486
6.5168
6.5095
6.4906
6.5347
6.4973
6.4781
6.4719
6.5135
6.6499
6.7478
6.7963
6.7114
6.7281
6.7335
6.6942
6.6749
6.7062
6.7456
6.8729
6.9413
7.0219
6.9578
6.9287
6.9455
6.9327
6.8614
6.8706
6.9121
7.0406
7.1324
7.1708
7.1622
7.0952
7.1259
7.1025
7.0789
7.0131
7.0481
7.1749
7.3458
7.383
7.4037
7.396
7.3488
7.3686
7.3832
7.3324
7.4053
7.5391
7.7916
7.8797
7.8959
7.9191
7.8963
7.9251
7.9062
7.9091
7.8864
7.9861
8.1853
8.3238
8.2799
8.2258
8.2231
8.1827
8.1157
8.1037
8.1117
8.134
8.2658
8.392
8.3622
8.2718
8.3108
8.2623
8.2305
8.2265
8.2568
8.3441
8.4586
8.6323
8.6687
8.6705
8.6461
8.715
8.7
8.658
8.6465
8.7788
8.9304
9.0835
9.1152
9.1252
9.093
9.118
9.1136
9.0372
8.9651
9.0095
9.1863
9.3014
9.3797
9.3247
9.3116
9.2923
9.3365
9.2661
9.2261
9.252
9.4114
9.5526
9.6427
9.5833
9.5594
9.5469
9.5679
9.5373
9.5408
9.5259
9.6291
9.8226
9.893
9.9092
9.822
9.7841
9.772
9.7914
9.757
9.7506
9.8022
9.9635
10.024
10.052
9.9318
9.8348
9.8013
9.7339
9.6521
9.6169
9.657
9.8074
9.9177
9.9103
9.8636
9.7326
9.7195
9.677
9.6229
9.581
9.6342
9.7965
9.9596
9.9946
9.9642
9.9631
9.8996
9.8717
9.8455
9.8118
9.867
9.9846
10.171
10.218
10.182
10.177
10.139
10.109
10.061
9.9948
10.008
10.039
10.177
10.234
10.159
10.063
10.046
9.9917
9.9193
9.8686
9.8651
9.9649
10.059
10.187
10.151
10.052
10.015
9.989
9.936
9.874
9.9027
10.057
10.158
10.278
10.275
10.218
10.138
10.154
10.096
9.9993
9.9433
10.066
10.176
10.229
10.168
10.11
10
9.9324
9.8856
9.7249
9.6348
9.6643
9.8317
9.8746
9.8938
9.7912
9.7145
9.5909
9.5612
9.4751
9.4279
9.4175
9.6089
9.6871
9.767
9.6988
9.6537
9.5756
9.5179
9.4559
9.4279
9.4871
9.5831
9.7455
9.7493
9.7296
9.6331
9.5631
9.4788
9.395
9.3556
9.3903
9.4431
9.5454
9.5562
9.5452
9.4251
9.3543
9.2402
9.138
9.0281
9.0497
9.1261
9.17
9.2187
9.1589
9.1172
9.0248
8.9427
8.8159
8.7178
8.702
8.7922
8.8249
8.9006
8.8587
8.8056
8.7149
8.6407
8.5213
8.4449
8.3827
8.4708
8.502
8.5503
8.5089
8.422
8.3441
8.2202
8.1084
7.999
7.9318
7.9867
8.0899
8.1043
8.1061
8.0232
7.9007
7.7931
7.751
7.6834
7.6389
7.6559
7.7763
7.8385
7.9225
7.8821
7.7667
7.6977
7.6303
7.5588
7.5582
7.575
7.6901
7.8007
7.856
7.8871
7.7424
7.6779
7.5449
7.5318
7.4905
7.5246
7.6285
7.7322
7.758
7.7728
7.7198
7.5971
7.5158
7.442
7.374
7.4416
7.5194
7.6557
7.6935
7.725
7.7244
7.6162
7.5387
7.4891
7.4152
7.4131
7.4829
7.567
7.6531
7.6193
7.5892
7.5119
7.3818
7.2943
7.2062
7.2023
7.2853
7.3566
7.4343
7.4283
7.3603
7.3429
7.2376
7.1306
7.1068
7.1013
7.1872
7.264
7.3756
7.4482
7.3984
7.3822
7.3273
7.3075
7.2968
7.3098
7.4313
7.5196
7.6456
7.7209
7.6885
7.6567
7.607
7.6031
7.519
7.5289
7.5755
7.6575
7.7205
7.7896
7.7841
7.6545
7.5877
7.4772
7.3756
7.336
7.3732
7.5068
7.5402
7.6039
7.6095
7.4734
7.351
7.2443
7.161
7.1288
7.218
7.3365
7.4268
7.5002
7.5421
7.5332
7.3572
7.2668
7.2134
7.1772
7.2185
7.3159
7.422
7.4778
7.4785
7.4653
7.2792
7.1837
7.1161
7.0223
7.0163
7.0478
7.166
7.1679
7.1708
7.1229
7.0083
6.8791
6.7801
6.6798
6.6539
6.6862
6.8393
6.8476
6.8858
6.8369
6.7959
6.6657
6.5971
6.5537
6.5431
6.621
6.7277
6.8387
6.9032
6.8492
6.8048
6.7195
6.5904
6.5399
6.5295
6.5909
6.6182
6.7032
6.6818
6.6148
6.5231
6.4416
6.2963
6.2334
6.228
6.2899
6.2924
6.3601
6.36
6.3386
6.2173
6.1653
6.0919
6.0413
6.0569
6.1333
6.2232
6.2784
6.3435
6.36
6.2026
6.1596
6.0736
6.0304
6.0058
6.0592
6.2097
6.2231
6.2943
6.2733
6.1602
6.0311
5.972
5.9142
5.8271
5.8675
6.0094
6.0529
6.1506
6.128
6.0567
5.8786
5.7927
5.7033
5.6283
5.6107
5.7043
5.8008
5.8672
5.8474
5.7777
5.6124
5.4901
5.4573
5.3858
5.3545
5.4389
5.6014
5.647
5.649
5.6207
5.5293
5.394
5.365
5.2877
5.301
5.3513
5.52
5.5803
5.6321
5.6041
5.5573
5.4284
5.3491
5.2829
5.2618
5.2769
5.3605
5.4205
5.4345
5.3262
5.2566
5.1177
5.0058
4.9037
4.8754
4.8796
4.8654
4.9519
4.9462
4.8544
4.7086
4.5839
4.4534
4.3558
4.3292
4.3672
4.3392
4.457
4.4598
4.4053
4.2082
4.0947
3.9803
3.8993
3.8427
3.8805
3.951
4.0114
4.0687
4.0365
3.8661
3.766
3.7032
3.6165
3.5434
3.5932
3.717
3.77
3.845
3.805
3.6755
3.5138
3.5199
3.4213
3.3539
3.3393
3.4715
3.5359
3.6083
3.5938
3.5229
3.3598
3.3244
3.242
3.1782
3.1506
3.3017
3.4413
3.5436
3.5598
3.4938
3.3999
3.3253
3.2877
3.2183
3.2082
3.298
3.4965
3.5338
3.581
3.5237
3.4858
3.3152
3.2704
3.1806
3.1701
3.1544
3.3171
3.3374
3.3527
3.2415
3.1429
3.0167
2.9067
2.8345
2.7967
2.7847
2.8355
2.8987
2.9114
2.8214
2.7004
2.6961
2.5307
2.4558
2.4542
2.5336
2.5227
2.633
2.6545
2.6539
2.5784
2.5828
2.4616
2.3933
2.3856
2.5026
2.589
2.6578
2.6822
2.6767
2.5564
2.4805
2.3699
2.2566
2.1892
2.2359
2.3555
2.3339
2.3076
2.2518
2.1163
1.9531
1.8376
1.7154
1.5931
1.6417
1.7756
1.7833
1.7962
1.7832
1.7623
1.6113
1.5551
1.444
1.3918
1.4149
1.6051
1.7182
1.7793
1.7888
1.8141
1.8013
1.7112
1.6768
1.5948
1.6147
1.7056
1.8744
1.8738
1.8481
1.8115
1.8065
1.6029
1.4998
1.3453
1.34
1.3544
1.4329
1.434
1.3958
1.2623
1.1978
1.0609
0.88266
0.74636
0.67095
0.71954
0.73575
0.78163
0.757
0.65345
0.57805
0.54583
0.43604
0.32096
0.27937
0.40991
0.50161
0.5986
0.63933
0.61898
0.53606
0.53259
0.47318
0.39011
0.37393
0.47041
0.64153
0.73271
0.76848
0.74402
0.6155
0.59765
0.49821
0.40161
0.28928
0.35124
0.50598
0.62296
0.61463
0.54437
0.49429
0.38883
0.32919
0.17679
0.066142
0.13801
0.24075
0.39416
0.38471
0.35365
0.37514
0.36919
0.30033
0.20706
0.099913
0.11866
0.26818
0.39946
0.49012
0.43086
0.41094
0.4286
0.41528
0.32873
0.21399
0.17463
0.3527
0.48892
0.59779
0.55197
0.52193
0.53703
0.52335
0.46206
0.40047
0.38952
0.53868
0.78988
0.85681
0.89447
0.83065
0.88277
0.8756
0.88006
0.81529
0.80475
0.89644
1.153
1.2777
1.328
1.2714
1.287
1.3058
1.2345
1.1565
1.154
1.2403
1.3319
1.4824
1.4266
1.4163
1.3319
1.3456
1.2404
1.1326
1.0837
1.1573
1.2594
1.3889
1.4583
1.4659
1.3706
1.3744
1.3266
1.2125
1.1755
1.2167
1.3964
1.4735
1.6006
1.617
1.5966
1.5227
1.5917
1.547
1.4834
1.5139
1.6681
1.8673
1.9439
1.9638
1.9282
1.8334
1.8706
1.8468
1.7857
1.7392
1.8307
2.0221
2.1585
2.1913
2.2261
2.1528
2.1295
2.114
2.1296
2.0984
2.218
2.3858
2.5839
2.6158
2.6064
2.6765
2.6624
2.6597
2.6488
2.6322
2.7065
2.8663
3.0234
3.1346
3.0782
3.1051
3.0596
3.0764
3.0414
3.0329
3.0486
3.1761
3.2645
3.4034
3.3332
3.3051
3.3155
3.3306
3.3248
3.2663
3.3002
3.3589
3.5506
3.6279
3.6572
3.5821
3.5395
3.5335
3.5357
3.5412
3.5432
3.6359
3.8743
3.9777
4.0258
3.9356
3.9503
3.9165
3.889
3.9163
3.9462
4.0273
4.1834
4.3461
4.3431
4.3192
4.3297
4.3034
4.2416
4.1871
4.2148
4.3353
4.4326
4.5746
4.5891
4.5729
4.4936
4.5248
4.5102
4.4488
4.4749
4.5559
4.7045
4.8342
4.9323
4.9269
4.838
4.8844
4.9355
4.8758
4.8685
4.9158
5.0875
5.214
5.2811
5.2551
5.179
5.207
5.1916
5.1764
5.09
5.1047
5.2062
5.3883
5.3979
5.3826
5.3267
5.2592
5.2223
5.2237
5.1805
5.1539
5.2784
5.4575
5.5846
5.563
5.582
5.5364
5.5677
5.5491
5.4915
5.4582
5.5429
5.6715
5.8208
5.7456
5.7268
5.7114
5.771
5.7157
5.6612
5.6163
5.6641
5.7731
5.8719
5.8454
5.7716
5.7599
5.7729
5.764
5.7134
5.6327
5.6474
5.7568
5.8153
5.8393
5.7281
5.7321
5.6861
5.6984
5.6455
5.5777
5.5809
5.7068
5.8599
5.8626
5.7556
5.7262
5.6798
5.6245
5.6434
5.6268
5.6512
5.7366
5.934
6.0057
5.9481
5.9009
5.8797
5.8666
5.8522
5.8855
5.9282
5.9755
6.1084
6.2201
6.1514
6.0583
6.102
6.105
6.0131
5.9492
5.9469
5.9931
6.1115
6.1519
6.1383
6.0071
6.0009
5.9986
5.94
5.8842
5.8342
5.8967
6.0322
6.079
6.1317
6.0607
6.0449
6.0693
6.1127
6.0603
6.054
6.1086
6.2689
6.4113
6.4037
6.408
6.3838
6.4195
6.4059
6.4086
6.389
6.4372
6.5228
6.6882
6.6951
6.6959
6.6291
6.665
6.6639
6.6053
6.5682
6.5607
6.6309
6.7177
6.7677
6.6894
6.6218
6.6151
6.6308
6.6214
6.53
6.476
6.5357
6.6409
6.6205
6.5525
6.4864
6.4331
6.4644
6.5098
6.4817
6.3767
6.3897
6.4826
6.5646
6.4454
6.3869
6.3594
6.345
6.316
6.3252
6.2606
6.2588
6.3426
6.4906
6.3919
6.2985
6.2425
6.2402
6.2187
6.1523
6.1117
6.0965
6.1661
6.2061
6.2094
6.0405
6.0302
6.0227
6.0132
5.8951
5.8617
5.8172
5.8974
5.9013
5.8801
5.7441
5.7058
5.6883
5.6568
5.6323
5.5474
5.5624
5.5815
5.6748
5.6547
5.6042
5.5583
5.5423
5.5384
5.4903
5.4466
5.478
5.5115
5.5803
5.6237
5.634
5.5816
5.6124
5.5829
5.5161
5.4093
5.4652
5.486
5.5121
5.4543
5.4857
5.4444
5.4762
5.5015
5.4871
5.3888
5.3611
5.4118
5.4899
5.4781
5.4313
5.4911
5.5661
5.5771
5.6207
5.6077
5.5723
5.5854
5.6434
5.6805
5.5731
5.597
5.594
5.5915
5.5178
5.53
5.4973
5.4816
5.4593
5.4611
5.4104
5.308
5.3021
5.2665
5.2023
5.0624
5.0827
5.0581
5.1007
5.0501
5.0571
5.0154
5.0563
5.0998
5.0773
5.0403
5.0533
5.0937
5.1455
5.1253
5.1192
5.1358
5.1979
5.2081
5.2203
5.1872
5.2212
5.2548
5.2981
5.2867
5.2748
5.2909
5.3263
5.3407
5.3135
5.2888
5.2587
5.3331
5.3371
5.3387
5.298
5.3226
5.3458
5.3633
5.37
5.3367
5.3028
5.3259
5.3725
5.4024
5.3764
5.3441
5.4071
5.4123
5.4255
5.4304
5.3934
5.3691
5.3738
5.3794
5.3468
5.2571
5.262
5.2509
5.2302
5.156
5.197
5.2057
5.2304
5.1959
5.155
5.1553
5.0524
5.129
5.0943
5.056
4.9856
5.0707
5.0842
5.0909
5.0307
5.0255
5.0605
5.0494
5.1096
5.0885
5.0219
4.9907
5.0827
5.1022
5.07
4.9681
5.0382
5.0049
5.0333
5.0064
4.9742
4.9056
4.8682
4.8634
4.8137
4.6989
4.5899
4.6772
4.625
4.6191
4.5828
4.565
4.5094
4.5069
4.5176
4.4778
4.3626
4.3776
4.428
4.4504
4.3924
4.4369
4.5178
4.5225
4.5385
4.5218
4.5784
4.5137
4.6325
4.6316
4.6256
4.6327
4.6988
4.7393
4.7212
4.665
4.6711
4.6932
4.6599
4.6693
4.6522
4.5723
4.5757
4.6309
4.6458
4.6011
4.5204
4.5894
4.5715
4.5764
4.5881
4.5946
4.5237
4.4793
4.4803
4.4548
4.4056
4.3334
4.3975
4.3525
4.3821
4.4105
4.3848
4.2997
4.2693
4.2686
4.2585
4.1456
4.1186
4.1033
4.0485
4.0419
4.0176
4.0443
3.9562
3.9527
3.8951
3.8763
3.7628
3.7916
3.7784
3.7187
3.7122
3.714
3.7542
3.7448
3.73
3.7247
3.7112
3.6793
3.7217
3.7281
3.7281
3.7165
3.7712
3.7863
3.7619
3.701
3.7676
3.7363
3.7676
3.7641
3.7267
3.6297
3.5624
3.5666
3.5133
3.4442
3.3743
3.4244
3.3524
3.3735
3.4069
3.3322
3.2482
3.2266
3.2153
3.1908
3.0622
3.085
3.0769
3.1095
3.1086
3.1364
3.1377
3.0957
3.1183
3.1112
3.0823
2.9884
3.0833
3.0665
3.0247
3.0097
3.0174
3.0135
3.0222
2.9702
2.9369
2.8385
2.8108
2.7878
2.789
2.6839
2.6177
2.6345
2.6048
2.534
2.4321
2.4454
2.3461
2.3658
2.3622
2.2779
2.1664
2.194
2.2057
2.1831
2.0647
2.0816
2.0878
2.1424
2.1799
2.1695
2.0914
2.0234
2.074
2.0745
2.0353
1.9166
1.9963
1.96
1.9835
2.0012
1.9898
1.915
1.8871
1.8722
1.8443
1.7215
1.6931
1.6982
1.6888
1.6609
1.6804
1.6983
1.6919
1.7221
1.7084
1.695
1.601
1.6988
1.7226
1.6958
1.661
1.693
1.7355
1.7614
1.7375
1.733
1.7014
1.6899
1.717
1.7218
1.6539
1.6299
1.7216
1.7249
1.6937
1.6063
1.6875
1.6406
1.7086
1.7001
1.6551
1.6511
1.6841
1.7588
1.7293
1.6477
1.6571
1.7422
1.7989
1.8204
1.8466
1.8742
1.8108
1.8935
1.9032
1.9364
1.8596
1.974
1.9836
2.0117
2.0647
2.0927
2.1143
2.1369
2.166
2.1769
2.159
2.1269
2.2065
2.1847
2.156
2.1624
2.1671
2.1793
2.1882
2.1495
2.1369
2.029
2.06
2.0377
2.0161
1.9313
1.8946
1.873
1.8977
1.8518
1.8073
1.7723
1.729
1.7505
1.7226
1.6799
1.6072
1.6795
1.6898
1.7034
1.6302
1.5824
1.5877
1.6413
1.6668
1.6149
1.6317
1.637
1.6955
1.6849
1.6725
1.6315
1.6101
1.6815
1.6815
1.6162
1.558
1.5532
1.5916
1.5764
1.5372
1.5508
1.5331
1.5624
1.5702
1.5412
1.4265
1.391
1.4473
1.465
1.4712
1.4241
1.523
1.5196
1.5954
1.637
1.6266
1.5726
1.6064
1.6966
1.7815
1.7637
1.7488
1.8243
1.8815
1.9011
1.9356
1.9549
1.9177
1.9804
2.0067
2.0125
1.87
1.9036
1.8611
1.8399
1.779
1.7261
1.734
1.7361
1.7443
1.7339
1.6729
1.585
1.628
1.6383
1.5739
1.4654
1.5799
1.6381
1.7093
1.7257
1.7479
1.7587
1.8397
1.9171
1.8772
1.8872
1.9402
2.0436
2.1141
2.1674
2.2083
2.2404
2.338
2.3749
2.4007
2.3673
2.3732
2.3605
2.4309
2.4592
2.5005
2.4371
2.4639
2.4946
2.4947
2.42
2.38
2.4248
2.4101
2.4943
2.5233
2.5997
2.5387
2.5739
2.6062
2.547
2.518
2.608
2.6959
2.7767
2.7764
2.8281
2.8147
2.8428
2.8771
2.8867
2.8512
2.8389
2.9512
3.0564
3.1129
3.0999
3.1631
3.1938
3.226
3.2057
3.2167
3.1389
3.1878
3.2702
3.3481
3.2996
3.2518
3.3081
3.2917
3.2817
3.1939
3.1793
3.1555
3.2036
3.2555
3.2424
3.1955
3.1197
3.1162
3.0502
2.9567
2.9038
2.9382
3.0033
3.0923
3.1395
3.1328
3.116
3.1225
3.1097
3.0998
3.1443
3.1544
3.2801
3.361
3.4984
3.4659
3.5488
3.5692
3.5693
3.5771
3.5875
3.6012
3.6137
3.7068
3.8395
3.8172
3.7875
3.8037
3.743
3.6751
3.6146
3.6389
3.6014
3.6149
3.702
3.7256
3.6639
3.579
3.5845
3.4774
3.3589
3.3642
3.3837
3.4632
3.5638
3.6409
3.6129
3.547
3.6216
3.6037
3.5504
3.4717
3.4958
3.6074
3.7344
3.8354
3.8065
3.8347
3.8161
3.8801
3.8379
3.8041
3.7805
3.8744
4.0176
4.1104
4.1088
4.0542
4.0691
4.0997
4.0652
4.0344
4.0459
4.0406
4.1846
4.2508
4.3328
4.24
4.2227
4.2279
4.1645
4.1052
4.0927
4.1481
4.2579
4.3115
4.3813
4.3463
4.2381
4.2635
4.2208
4.1738
4.1337
4.1882
4.3183
4.3987
4.4323
4.3998
4.3696
4.2991
4.2713
4.2833
4.1898
4.189
4.2932
4.4412
4.4722
4.4274
4.4361
4.3331
4.3188
4.3148
4.249
4.2238
4.2571
4.4342
4.5042
4.4905
4.3982
4.3443
4.3108
4.2814
4.282
4.248
4.2674
4.4063
4.5212
4.5643
4.5129
4.4336
4.3772
4.3121
4.2989
4.285
4.3276
4.4558
4.6188
4.65
4.6148
4.5218
4.4804
4.425
4.3837
4.3089
4.3735
4.4721
4.6369
4.6368
4.6088
4.565
4.4794
4.4269
4.429
4.363
4.3929
4.4747
4.635
4.6812
4.6465
4.6636
4.6237
4.584
4.5422
4.5074
4.5382
4.571
4.7206
4.795
4.7633
4.6666
4.6816
4.6376
4.5854
4.5736
4.5299
4.5913
4.6672
4.8168
4.8075
4.6688
4.6229
4.5753
4.528
4.5266
4.552
4.6972
4.7955
4.9496
4.9734
4.9224
4.8501
4.8295
4.8062
4.7677
4.7974
4.9348
5.0521
5.2001
5.1991
5.1982
5.1214
5.0974
5.0745
5.0149
4.9865
5.0784
5.2462
5.3273
5.352
5.3181
5.2656
5.211
5.2026
5.1547
5.1503
5.214
5.3635
5.4481
5.5082
5.5121
5.4625
5.4728
5.4886
5.4445
5.5011
5.5508
5.7211
5.836
5.9279
5.934
5.8268
5.8116
5.7595
5.7169
5.7291
5.8075
5.9864
6.1028
6.1556
6.1659
6.1017
6.0369
5.9416
5.8743
5.816
5.9293
6.1162
6.2451
6.2772
6.2835
6.3101
6.2029
6.1454
6.092
6.0268
6.0679
6.1841
6.3413
6.3465
6.3515
6.3797
6.3025
6.1608
6.0719
6.0092
6.014
6.0495
6.2005
6.1645
6.188
6.1394
6.1221
5.937
5.8333
5.7745
5.8003
5.8376
5.9189
5.9434
5.9359
5.8869
5.8621
5.7402
5.6225
5.5339
5.571
5.6535
5.6685
5.75
5.7787
5.7608
5.6741
5.6036
5.4633
5.3991
5.4341
5.504
5.5314
5.5934
5.6248
5.6167
5.5211
5.3973
5.2437
5.1581
5.0967
5.2
5.2689
5.2911
5.2989
5.2381
5.1439
4.9537
4.8618
4.7462
4.6436
4.676
4.7372
4.7365
4.7477
4.7292
4.627
4.494
4.4072
4.3052
4.256
4.2554
4.3999
4.4621
4.544
4.5833
4.4726
4.4808
4.4185
4.4047
4.3719
4.4179
4.567
4.6814
4.8099
4.8582
4.7983
4.7064
4.6318
4.5929
4.5741
4.5925
4.6998
4.7459
4.8447
4.8879
4.8879
4.7083
4.6359
4.541
4.4564
4.5011
4.5341
4.6446
4.6468
4.7121
4.7373
4.6252
4.5491
4.4526
4.4133
4.4656
4.5485
4.7423
4.8392
4.9775
5.0282
4.9997
4.9148
4.8534
4.8823
4.9034
5.0695
5.1934
5.346
5.4404
5.4464
5.4693
5.3584
5.3076
5.2471
5.2078
5.2786
5.3662
5.4672
5.4856
5.4641
5.3796
5.3115
5.2367
5.1519
5.1178
5.109
5.219
5.3112
5.3715
5.4267
5.3077
5.2985
5.2509
5.2882
5.3114
5.3413
5.5349
5.6508
5.8239
5.895
5.8878
5.853
5.839
5.8514
5.8461
5.9115
6.0867
6.2263
6.3261
6.3954
6.4273
6.3308
6.3
6.2638
6.2368
6.3197
6.3766
6.4936
6.5637
6.6421
6.6631
6.5717
6.5499
6.4386
6.4126
6.4181
6.5454
6.6542
6.824
6.9033
6.9154
6.8455
6.7863
6.7487
6.7095
6.7035
6.8515
7.0302
7.1425
7.2842
7.3125
7.271
7.1351
7.1422
7.1552
7.138
7.1879
7.3128
7.4522
7.5495
7.556
7.5683
7.4922
7.4845
7.437
7.3826
7.4201
7.5131
7.6772
7.7617
7.7981
7.8196
7.7378
7.6906
7.6589
7.6811
7.6923
7.7488
7.9105
8.0412
8.1515
8.1552
8.1422
8.0772
8.061
8.1192
8.1462
8.2231
8.329
8.4778
8.6175
8.6497
8.6527
8.5879
8.5668
8.614
8.6955
8.757
8.7832
8.8619
8.9537
9.0232
9.0199
9.0253
8.9976
8.9703
9.02
9.064
9.0716
9.1056
9.1577
9.2477
9.2442
9.2738
9.2502
9.259
9.3319
9.3972
9.4074
9.4125
9.4164
9.4386
9.3997
9.4451
9.4412
9.4365
9.4914
9.4998
9.5442
9.5334
9.5772
9.5697
9.4832
9.4168
9.4096
9.4771
9.499
9.6138
9.6894
9.7092
9.816
9.8696
9.8724
9.7923
9.8036
9.8563
9.9313
10.103
10.258
10.346
10.427
10.496
10.552
10.524
10.515
10.486
10.482
10.52
10.657
10.799
10.882
10.904
10.867
10.841
10.802
10.773
10.695
10.577
10.555
10.597
10.655
10.726
10.694
10.689
10.627
10.664
10.73
10.755
10.806
10.842
10.876
10.953
10.988
11.102
11.133
11.211
11.311
11.425
11.56
11.661
11.726
11.742
11.662
11.613
11.602
11.662
11.726
11.84
11.911
11.944
12.064
12.123
12.104
11.969
11.878
11.766
11.704
11.797
11.869
11.911
12.008
12.079
12.146
12.116
12.136
12.082
12.008
11.993
11.992
12.059
12.166
12.304
12.371
12.354
12.392
12.457
12.556
12.673
12.734
12.727
12.698
12.707
12.71
12.662
12.605
12.573
12.58
12.646
12.794
12.952
13.09
13.219
13.187
13.096
12.939
12.903
12.898
12.939
13.021
13.084
13.141
13.287
13.369
13.493
13.488
13.488
13.39
13.27
13.206
13.233
13.316
13.425
13.459
13.45
13.387
13.4
13.483
13.567
13.578
13.58
13.571
13.523
13.542
13.525
13.542
13.475
13.444
13.416
13.373
13.439
13.571
13.695
13.813
13.756
13.644
13.476
13.413
13.425
13.478
13.584
13.655
13.711
13.684
13.612
13.61
13.618
13.705
13.79
13.812
13.774
13.702
13.748
13.812
13.811
13.798
13.779
13.745
13.704
13.775
13.822
13.919
14.059
14.083
14.089
14.017
14.004
13.983
13.965
14.003
13.984
13.999
14.108
14.188
14.239
14.107
14.073
14.079
14.136
14.244
14.314
14.287
14.312
14.361
14.37
14.228
14.149
14.087
14.086
14.126
14.161
14.258
14.259
14.323
14.343
14.3
14.304
14.302
14.224
14.187
14.24
14.351
14.412
14.447
14.477
14.497
14.454
14.534
14.518
14.521
14.645
14.862
14.996
15.063
15.071
15.079
14.998
15.032
14.974
15.007
15.09
15.246
15.307
15.303
15.241
15.244
15.206
15.249
15.29
15.291
15.241
15.273
15.29
15.346
15.317
15.263
15.265
15.315
15.383
15.385
15.333
15.374
15.519
15.655
15.747
15.767
15.846
15.84
15.839
15.818
15.82
15.881
16.016
16.144
16.253
16.233
16.247
16.181
16.187
16.193
16.253
16.361
16.511
16.622
16.646
16.56
16.474
16.433
16.383
16.357
16.486
16.615
16.686
16.77
16.768
16.691
16.581
16.648
16.723
16.799
16.934
17.037
17.069
17.071
17.071
17.032
16.939
16.974
17
17.094
17.133
17.182
17.168
17.14
17.159
17.212
17.275
17.301
17.333
17.334
17.306
17.327
17.312
17.296
17.339
17.396
17.49
17.463
17.501
17.443
17.348
17.298
17.32
17.417
17.569
17.648
17.697
17.596
17.489
17.347
17.246
17.169
17.154
17.281
17.356
17.407
17.348
17.244
17.023
16.87
16.833
16.835
16.939
17.087
17.162
17.175
17.053
16.92
16.731
16.637
16.598
16.672
16.769
16.856
16.936
16.903
16.783
16.587
16.482
16.462
16.512
16.686
16.78
16.798
16.758
16.682
16.555
16.314
16.179
16.088
16.122
16.213
16.318
16.33
16.246
16.13
15.988
15.825
15.716
15.739
15.77
15.793
15.839
15.82
15.73
15.65
15.532
15.463
15.349
15.399
15.448
15.471
15.438
15.341
15.252
15.164
15.141
15.115
15.113
15.076
15.055
15.053
14.99
14.9
14.824
14.777
14.757
14.696
14.621
14.574
14.516
14.456
14.396
14.322
14.211
14.139
14.15
14.186
14.14
14.024
13.943
13.897
13.837
13.783
13.707
13.667
13.657
13.642
13.633
13.565
13.488
13.379
13.259
13.236
13.211
13.206
13.205
13.247
13.272
13.246
13.159
13.063
13.011
13.008
12.971
12.939
12.889
12.913
12.965
12.97
12.858
12.729
12.654
12.625
12.616
12.622
12.597
12.591
12.619
12.632
12.623
12.543
12.437
12.347
12.287
12.277
12.271
12.241
12.215
12.214
12.211
12.155
12.07
11.996
11.941
11.887
11.868
11.866
11.847
11.866
11.926
11.997
12.011
11.984
11.927
11.851
11.811
11.793
11.829
11.814
11.836
11.872
11.912
11.935
11.952
11.888
11.787
11.719
11.696
11.69
11.684
11.661
11.629
11.611
11.616
11.609
11.52
11.381
11.262
11.138
11.1
11.095
11.025
10.976
10.942
10.931
10.94
10.959
10.906
10.795
10.714
10.681
10.683
10.731
10.724
10.704
10.725
10.772
10.84
10.914
10.903
10.841
10.788
10.739
10.714
10.719
10.644
10.591
10.577
10.577
10.606
10.633
10.585
10.52
10.434
10.349
10.32
10.253
10.175
10.119
10.054
10.055
10.087
10.08
10.101
10.062
10.001
9.9709
9.9134
9.8706
9.851
9.7835
9.7618
9.7727
9.8148
9.8893
9.9275
9.9904
10.002
9.9653
9.9449
9.8934
9.8507
9.8032
9.7067
9.6458
9.6065
9.6521
9.7138
9.7331
9.7515
9.6805
9.6104
9.574
9.4928
9.4148
9.2895
9.1415
9.061
9.0491
9.1336
9.1948
9.2902
9.3431
9.3246
9.293
9.254
9.2347
9.128
9.0136
8.8678
8.7246
8.6898
8.7225
8.8177
8.8431
8.872
8.8551
8.7908
8.758
8.7285
8.694
8.5838
8.4787
8.3503
8.2862
8.2947
8.3699
8.4591
8.4949
8.5111
8.4421
8.3469
8.2596
8.2085
8.1787
8.1134
8.0561
8.0065
7.9631
7.9684
8.0474
8.1199
8.1512
8.0968
8.0309
7.9733
8.0058
8.0938
8.1774
8.1674
8.0778
7.9499
7.8467
7.8349
7.878
7.9409
7.9309
7.8891
7.7998
7.7708
7.7441
7.7597
7.7859
7.7987
7.727
7.6528
7.5375
7.439
7.3897
7.4327
7.4983
7.5685
7.5769
7.5952
7.5514
7.5255
7.5298
7.5479
7.5055
7.4229
7.2718
7.1395
7.1036
7.1036
7.1211
7.1589
7.1502
7.143
7.142
7.1836
7.1539
7.0773
6.9702
6.9013
6.8862
6.9198
6.9098
6.8952
6.8107
6.7768
6.7967
6.8056
6.7556
6.6786
6.6187
6.5494
6.5377
6.51
6.4681
6.4617
6.4381
6.4507
6.4175
6.335
6.2742
6.1636
6.1569
6.1657
6.1345
6.0827
6.0942
6.1363
6.2043
6.1771
6.1013
6.0383
5.9899
5.9905
5.8937
5.7517
5.5673
5.4835
5.4893
5.5026
5.5329
5.5504
5.578
5.5825
5.5304
5.4327
5.3788
5.3747
5.4036
5.4201
5.3973
5.4238
5.4309
5.437
5.4071
5.3997
5.4438
5.4928
5.5063
5.4852
5.457
5.3711
5.2743
5.2049
5.2337
5.3254
5.3691
5.3346
5.2526
5.1959
5.1334
5.0864
5.0749
5.0847
5.1227
5.1206
5.159
5.205
5.2062
5.1716
5.1122
5.1085
5.1465
5.1558
5.1454
5.0591
4.9696
4.8386
4.7702
4.7731
4.8052
4.8681
4.9084
4.9419
4.9294
4.8299
4.7692
4.7096
4.7015
4.7238
4.764
4.8256
4.8133
4.7618
4.6902
4.6214
4.5629
4.5531
4.6083
4.6595
4.6639
4.6447
4.5495
4.4287
4.3229
4.2875
4.3381
4.394
4.4279
4.4442
4.39
4.2832
4.1967
4.1187
4.097
4.0992
4.1703
4.2674
4.3315
4.373
4.3353
4.2353
4.1775
4.1668
4.1974
4.2531
4.2882
4.2696
4.1635
4.0108
3.888
3.8015
3.7801
3.8178
3.8769
3.9366
3.9879
3.9863
3.9002
3.8035
3.7231
3.7217
3.7755
3.8859
4.0069
4.0575
4.0487
3.9832
3.8799
3.8307
3.8217
3.8597
3.9352
4.0319
4.0854
4.0757
4.0047
3.8877
3.7718
3.7232
3.7405
3.8247
3.9087
3.9617
3.9268
3.8296
3.7067
3.6085
3.5745
3.6017
3.7047
3.8301
3.9683
4.0589
4.068
4.0128
3.9101
3.8395
3.8342
3.8999
4.0096
4.1055
4.1459
4.0722
3.9617
3.8483
3.7463
3.7214
3.7299
3.789
3.8574
3.9504
3.984
3.971
3.8937
3.7953
3.7445
3.7577
3.8629
3.9997
4.1231
4.1696
4.1556
4.0871
4.012
3.9783
3.9768
4.0117
4.0639
4.1055
4.1323
4.1231
4.0705
3.9752
3.8931
3.8234
3.8109
3.8452
3.8958
3.9623
3.9926
3.9681
3.9036
3.8461
3.8265
3.8469
3.8883
3.9413
3.9994
4.0794
4.1498
4.1943
4.2083
4.152
4.12
4.104
4.1455
4.1886
4.198
4.1697
4.1284
4.0602
3.9745
3.8872
3.8007
3.7538
3.7255
3.7189
3.7197
3.7366
3.7499
3.7645
3.7391
3.6945
3.6732
3.7119
3.7457
3.7947
3.8439
3.8904
3.918
3.9236
3.8986
3.866
3.8517
3.8177
3.7804
3.7528
3.7411
3.7289
3.6926
3.6672
3.6634
3.6153
3.5642
3.5233
3.5157
3.4986
3.4685
3.4707
3.4763
3.4665
3.4552
3.4471
3.4457
3.4261
3.4284
3.4386
3.4451
3.4531
3.4888
3.5299
3.5564
3.5745
3.5952
3.5895
3.5429
3.506
3.4678
3.4166
3.3964
3.4055
3.4119
3.4036
3.4182
3.4026
3.3756
3.3507
3.3448
3.3608
3.3746
3.4336
3.483
3.5161
3.5695
3.6058
3.6127
3.644
3.6373
3.6092
3.6007
3.6114
3.5926
3.5965
3.6101
3.5777
3.5365
3.4725
3.3708
3.3061
3.2657
3.225
3.209
3.204
3.1756
3.1861
3.207
3.2099
3.247
3.2709
3.2693
3.3162
3.3432
3.3621
3.4025
3.4361
3.4639
3.5164
3.5217
3.5161
3.504
3.4416
3.4169
3.3858
3.3307
3.2971
3.2442
3.1742
3.1534
3.0877
3.0413
2.9802
2.8885
2.8329
2.7896
2.7327
2.7237
2.694
2.6954
2.7072
2.701
2.7427
2.7325
2.7291
2.7421
2.7449
2.7882
2.8197
2.8425
2.8851
2.8959
2.9465
2.9598
2.9552
2.9424
2.8856
2.8411
2.7849
2.7234
2.6797
2.607
2.5773
2.5423
2.5091
2.4947
2.4365
2.4102
2.3489
2.3313
2.3358
2.3439
2.3982
2.4241
2.503
2.5705
2.6442
2.7147
2.7305
2.7638
2.7617
2.7921
2.7958
2.7987
2.7957
2.7681
2.7726
2.7449
2.7393
2.6906
2.6435
2.5556
2.488
2.4356
2.396
2.3813
2.3509
2.3713
2.3807
2.4344
2.4742
2.5029
2.5094
2.5113
2.524
2.5658
2.615
2.6339
2.659
2.6685
2.7128
2.7375
2.766
2.7494
2.7078
2.6316
2.5669
2.5225
2.4828
2.4443
2.3892
2.3488
2.2975
2.2846
2.2545
2.2245
2.1506
2.0945
2.0345
2.0266
2.0206
2.0446
2.0458
2.0735
2.1019
2.1836
2.2384
2.2969
2.2796
2.2666
2.2316
2.2436
2.28
2.3122
2.3247
2.3242
2.3302
2.3488
2.3597
2.3612
2.298
2.2068
2.1048
2.0342
1.975
1.9245
1.8643
1.8291
1.811
1.8226
1.832
1.8397
1.8099
1.7895
1.7593
1.7946
1.8381
1.9176
1.9809
2.047
2.1237
2.2406
2.335
2.4216
2.4521
2.4443
2.4094
2.3766
2.366
2.3497
2.3268
2.2729
2.2406
2.204
2.1912
2.1546
2.1015
2.0061
1.894
1.8149
1.7578
1.7565
1.7767
1.8047
1.8178
1.8982
1.9759
2.109
2.204
2.2554
2.2759
2.2794
2.31
2.3565
2.4358
2.4691
2.5006
2.5115
2.527
2.5409
2.5293
2.4823
2.3743
2.2702
2.1572
2.1031
2.0451
1.9983
1.9516
1.8944
1.8847
1.8709
1.9117
1.9311
1.9531
1.9402
1.9115
1.944
1.9928
2.0819
2.1486
2.1999
2.2671
2.317
2.409
2.47
2.5139
2.4991
2.4709
2.4341
2.3989
2.3991
2.3771
2.3561
2.3214
2.2696
2.2572
2.2117
2.1832
2.1329
2.0606
1.9957
1.9327
1.8958
1.8585
1.8287
1.8284
1.8115
1.847
1.8966
1.9482
2.0103
2.0207
2.0501
2.0641
2.105
2.165
2.2101
2.2588
2.2923
2.3335
2.3862
2.4119
2.449
2.4558
2.4249
2.3851
2.3172
2.2627
2.2157
2.1373
2.0747
1.9866
1.9186
1.8635
1.8058
1.7774
1.7453
1.6992
1.6832
1.6639
1.6645
1.6885
1.7033
1.7542
1.8237
1.8968
2.0117
2.108
2.1979
2.2951
2.3603
2.417
2.4588
2.4701
2.4766
2.4698
2.4374
2.4087
2.3512
2.2972
2.2356
2.1448
2.0597
1.9684
1.8749
1.7724
1.6737
1.5947
1.5467
1.517
1.5052
1.5336
1.5808
1.6414
1.7329
1.8236
1.9275
2.0434
2.1567
2.2769
2.3841
2.4731
2.5752
2.6538
2.7175
2.7766
2.8033
2.8134
2.7955
2.764
2.6957
2.6208
2.5342
2.4326
2.3259
2.2205
2.1232
2.0252
1.9377
1.862
1.8145
1.7897
1.7869
1.8208
1.8748
1.9217
1.9924
2.0702
2.16
2.2523
2.3608
2.4459
2.5408
2.6282
2.706
2.783
2.845
2.8843
2.9157
2.9164
2.913
2.8837
2.8247
2.7677
2.6874
2.5935
2.4944
2.4048
2.3193
2.2346
2.1515
2.0658
2.008
1.9635
1.9274
1.9139
1.9075
1.9213
1.9412
1.9707
2.0047
2.0421
2.1067
2.188
2.2665
2.3494
2.4122
2.4636
2.4994
2.528
2.5439
2.5575
2.5629
2.5737
2.5714
2.5799
2.5712
2.5382
2.4894
2.4235
2.3571
2.3033
2.246
2.1779
2.1107
2.0243
1.9569
1.9027
1.8596
1.8387
1.8343
1.844
1.8576
1.8849
1.9152
1.9428
1.9964
2.0498
2.1268
2.2178
2.2993
2.3609
2.4277
2.494
2.5522
2.6181
2.6837
2.743
2.7941
2.8285
2.8276
2.801
2.7364
2.6751
2.6103
2.5451
2.4689
2.3727
2.2672
2.1494
2.0571
1.9821
1.9216
1.878
1.8393
1.8306
1.8169
1.8276
1.8421
1.8645
1.92
1.999
2.1011
2.2087
2.3158
2.4058
2.5019
2.594
2.6805
2.7677
2.8419
2.8847
2.9062
2.9051
2.8647
2.8089
2.7137
2.6067
2.4856
2.3571
2.2234
2.0766
1.9328
1.7879
1.6723
1.5647
1.4703
1.3936
1.3637
1.3719
1.3938
1.4425
1.4945
1.5438
1.6304
1.7436
1.8842
2.0541
2.2195
2.3603
2.4898
2.5988
2.6698
2.7494
2.8162
2.8463
2.8626
2.8431
2.7755
2.6843
2.5523
2.4052
2.2638
2.1265
1.9851
1.8382
1.6771
1.5102
1.3702
1.2671
1.1898
1.1566
1.151
1.1737
1.2208
1.298
1.4037
1.5205
1.6602
1.8265
2.0001
2.1927
2.3811
2.5362
2.668
2.7828
2.8705
2.9434
2.9919
3.014
3.0053
2.9687
2.9183
2.822
2.7009
2.5506
2.3751
2.2249
2.0752
1.9395
1.8016
1.6537
1.5245
1.4146
1.3467
1.3085
1.3222
1.3718
1.4422
1.5399
1.6503
1.7533
1.8577
1.9904
2.1393
2.311
2.4814
2.6375
2.7548
2.8367
2.9089
2.9411
2.9653
2.9667
2.9521
2.918
2.8525
2.7741
2.6505
2.5006
2.3447
2.1944
2.0623
1.945
1.8306
1.7138
1.5904
1.4848
1.4162
1.3804
1.3736
1.3954
1.45
1.5245
1.6185
1.7129
1.8121
1.9088
2.0311
2.1673
2.3112
2.4626
2.5788
2.6672
2.7214
2.7658
2.8004
2.8189
2.8294
2.812
2.7771
2.724
2.6468
2.5366
2.4062
2.2788
2.1586
2.0528
1.9475
1.8516
1.7432
1.6289
1.5263
1.4506
1.4012
1.3755
1.3709
1.3967
1.4401
1.4986
1.5546
1.6217
1.695
1.7831
1.8981
2.014
2.1411
2.268
2.3569
2.4404
2.5036
2.5516
2.5914
2.6227
2.6457
2.6318
2.602
2.5537
2.4649
2.3544
2.236
2.123
2.012
1.8923
1.7653
1.6269
1.4778
1.3306
1.2114
1.1157
1.0509
1.0086
0.97701
0.97432
0.97638
0.99469
1.0414
1.0952
1.1825
1.3037
1.4278
1.5744
1.7289
1.8638
1.9905
2.1153
2.2349
2.3406
2.4231
2.4959
2.541
2.5474
2.5278
2.4796
2.4067
2.3198
2.2231
2.136
2.0118
1.8784
1.7188
1.5239
1.3438
1.1802
1.0312
0.91194
0.79799
0.72524
0.70252
0.69872
0.7133
0.75346
0.82159
0.92009
1.0589
1.2386
1.4132
1.6148
1.8179
2.0029
2.1914
2.3786
2.544
2.6852
2.7886
2.873
2.9213
2.9235
2.8932
2.809
2.6979
2.5708
2.4271
2.2658
2.078
1.8963
1.6694
1.4134
1.1622
0.92933
0.75208
0.61056
0.50988
0.44139
0.39799
0.40351
0.4528
0.51833
0.64155
0.79232
0.98281
1.2073
1.4366
1.6872
1.9297
2.1411
2.3532
2.551
2.713
2.846
2.9367
2.9825
2.9803
2.9305
2.8408
2.703
2.5377
2.3502
2.1392
1.9167
1.663
1.4014
1.1381
0.85199
0.58818
0.35062
0.16181
0.020831
-0.076324
-0.12867
-0.12119
-0.062406
0.046049
0.19581
0.3876
0.6145
0.88133
1.1716
1.4658
1.772
2.064
2.3258
2.5583
2.7709
2.9427
3.0624
3.1408
3.1679
3.1251
3.0238
2.8913
2.7137
2.5332
2.3035
2.0614
1.8058
1.5241
1.2548
0.98745
0.69232
0.43671
0.20481
0.031751
-0.075726
-0.14546
-0.15126
-0.10828
-0.012565
0.13444
0.31621
0.54779
0.79601
1.0773
1.394
1.7039
2.0148
2.3071
2.5466
2.7553
2.9329
3.0619
3.1345
3.1575
3.1282
3.0315
2.8862
2.6946
2.4755
2.2476
1.9724
1.7091
1.4443
1.1687
0.90236
0.64367
0.35715
0.1179
-0.10585
-0.26265
-0.36187
-0.40131
-0.37811
-0.31544
-0.19055
-0.032259
0.16826
0.40415
0.65925
0.92651
1.2281
1.5109
1.8024
2.0836
2.2973
2.4681
2.6199
2.7093
2.7478
2.7427
2.6871
2.5794
2.4293
2.2364
2.0138
1.7767
1.5241
1.2625
1.0262
0.76108
0.5227
0.2875
0.073502
-0.14778
-0.32829
-0.47353
-0.53842
-0.54984
-0.49923
-0.40201
-0.27153
-0.10064
0.10949
0.34077
0.59668
0.847
1.1106
1.377
1.6251
1.889
2.1157
2.2997
2.4508
2.5391
2.5841
2.5788
2.5304
2.4522
2.3441
2.2075
2.038
1.8515
1.6571
1.4423
1.2266
1.0286
0.81213
0.62785
0.47849
0.32329
0.19432
0.072771
-0.014632
-0.053211
-0.037389
0.037084
0.15483
0.30584
0.46927
0.64766
0.84199
1.0275
1.2077
1.4357
1.6518
1.8738
2.0977
2.265
2.3832
2.4565
2.4779
2.4759
2.4675
2.4305
2.3582
2.2545
2.111
1.9442
1.7697
1.5821
1.3972
1.2298
1.0918
0.95672
0.85402
0.73073
0.57982
0.43948
0.31466
0.26666
0.26456
0.29105
0.34454
0.42369
0.53433
0.66101
0.78341
0.92298
1.0611
1.2244
1.425
1.6015
1.7839
1.9445
2.0598
2.1643
2.2475
2.2915
2.3088
2.2976
2.2612
2.1956
2.0966
1.9822
1.8522
1.7331
1.6135
1.484
1.381
1.2769
1.1546
1.0426
0.92214
0.78565
0.65664
0.53995
0.45871
0.40683
0.39133
0.38896
0.4121
0.47209
0.53835
0.6282
0.74596
0.84104
0.9619
1.0948
1.2247
1.3982
1.5663
1.6907
1.8036
1.9043
1.9531
1.9797
1.9965
1.9731
1.9382
1.8875
1.835
1.7852
1.7265
1.6367
1.5173
1.4247
1.3213
1.2095
1.1131
0.98314
0.81155
0.63949
0.47457
0.33415
0.22746
0.152
0.098967
0.081274
0.10752
0.14376
0.18863
0.24955
0.29469
0.37775
0.52638
0.69829
0.90407
1.1169
1.275
1.4123
1.5378
1.6452
1.735
1.8014
1.8628
1.9071
1.9285
1.9467
1.9159
1.878
1.8045
1.7215
1.6619
1.5955
1.4777
1.3496
1.1794
0.95134
0.70798
0.48149
0.29838
0.1471
0.046201
-0.013845
-0.065616
-0.098184
-0.11407
-0.11545
-0.067414
0.018628
0.17238
0.36703
0.58259
0.82599
1.0763
1.2841
1.4789
1.6681
1.8364
2.0095
2.161
2.2884
2.3807
2.4301
2.439
2.4341
2.41
2.3872
2.3196
2.2337
2.1095
1.9287
1.7242
1.4829
1.1849
0.87605
0.59905
0.36645
0.18099
0.000881
-0.15838
-0.28248
-0.36927
-0.40002
-0.36723
-0.27156
-0.14967
0.013296
0.23928
0.48385
0.75126
1.0378
1.3039
1.5591
1.8328
2.0946
2.3231
2.5099
2.6404
2.7317
2.7772
2.8316
2.8598
2.8462
2.7921
2.6749
2.5178
2.3288
2.0907
1.8188
1.5232
1.1903
0.85715
0.53658
0.25136
-0.0094176
-0.2314
-0.42215
-0.55482
-0.60502
-0.59542
-0.52904
-0.4134
-0.26057
-0.072344
0.20197
0.53913
0.88811
1.2626
1.6413
1.9986
2.3428
2.652
2.9148
3.1401
3.3168
3.4547
3.5476
3.6016
3.6035
3.5342
3.4222
3.2447
3.0139
2.7527
2.4745
2.151
1.8067
1.4374
1.0388
0.61931
0.25379
-0.05168
-0.3132
-0.49826
-0.61915
-0.68085
-0.67227
-0.6067
-0.47039
-0.28176
-0.051614
0.25124
0.63119
1.0382
1.4682
1.9012
2.2748
2.5999
2.9137
3.1901
3.4367
3.6492
3.8001
3.8829
3.8938
3.8585
3.7464
3.574
3.3625
3.0928
2.8004
2.4833
2.1222
1.7262
1.2869
0.82009
0.37422
-0.042664
-0.38772
-0.64697
-0.84769
-0.99454
-1.0632
-1.0583
-0.9764
-0.82672
-0.59925
-0.31026
0.027162
0.45724
0.91998
1.3662
1.8094
2.2226
2.6114
2.9681
3.3085
3.6094
3.8348
3.9901
4.0504
4.0324
3.9569
3.8242
3.6243
3.3923
3.0997
2.7624
2.3929
1.9989
1.543
1.0743
0.6135
0.13193
-0.29753
-0.64278
-0.90916
-1.1062
-1.2412
-1.2992
-1.2715
-1.1578
-0.95229
-0.66626
-0.30807
0.084998
0.51897
1.0051
1.4849
1.9556
2.4481
2.886
3.2808
3.6744
4.0055
4.2531
4.4011
4.4647
4.4513
4.3608
4.218
3.9921
3.7083
3.3957
3.0169
2.5995
2.1589
1.6871
1.1874
0.68544
0.20222
-0.24459
-0.63214
-0.93518
-1.1542
-1.2978
-1.3643
-1.3466
-1.2233
-1.0016
-0.72705
-0.36622
0.02398
0.45929
0.92978
1.4422
1.9408
2.4381
2.9194
3.3774
3.7839
4.1483
4.3985
4.5532
4.626
4.5961
4.4821
4.3102
4.1128
3.8166
3.4699
3.1129
2.6942
2.2196
1.7476
1.2395
0.74493
0.28492
-0.1529
-0.55115
-0.86132
-1.0869
-1.2339
-1.2996
-1.2776
-1.1582
-0.95046
-0.6721
-0.35018
0.051101
0.4878
0.94065
1.4482
1.974
2.4654
2.9854
3.4711
3.8969
4.2483
4.5329
4.6901
4.7525
4.7304
4.6105
4.4142
4.1788
3.8966
3.5387
3.1547
2.7314
2.2632
1.7596
1.2584
0.77837
0.3155
-0.12738
-0.53084
-0.8642
-1.123
-1.2755
-1.3407
-1.3255
-1.2288
-1.0493
-0.78668
-0.46252
-0.070598
0.35323
0.81842
1.3037
1.8289
2.3687
2.9023
3.4215
3.8975
4.2524
4.5365
4.7213
4.7896
4.7714
4.6638
4.4798
4.2255
3.9271
3.6043
3.1875
2.7383
2.2786
1.75
1.2417
0.77942
0.31214
-0.11988
-0.50433
-0.86038
-1.1443
-1.3424
-1.4341
-1.4426
-1.3831
-1.2387
-1.0092
-0.68886
-0.31147
0.09844
0.56087
1.0323
1.5193
2.0881
2.6539
3.1902
3.6704
4.0783
4.3793
4.6088
4.7501
4.7728
4.6934
4.5439
4.3091
4.0423
3.7399
3.3553
2.9085
2.4454
1.9489
1.4554
0.99806
0.57607
0.1685
-0.18801
-0.51295
-0.80201
-1.0254
-1.1453
-1.1673
-1.1092
-0.98335
-0.78764
-0.50622
-0.1486
0.25129
0.71233
1.1709
1.6623
2.1915
2.7641
3.3497
3.8352
4.2637
4.6083
4.8252
4.9865
5.054
5.0132
4.8948
4.7
4.4401
4.1135
3.734
3.3386
2.8502
2.3572
1.8888
1.4284
0.99531
0.62372
0.25992
-0.051579
-0.33831
-0.58723
-0.75432
-0.83275
-0.81704
-0.73588
-0.58853
-0.35414
-0.063205
0.28808
0.68566
1.1073
1.5795
2.0933
2.6213
3.1678
3.6699
4.086
4.4392
4.7085
4.8756
4.9582
4.9773
4.8981
4.7454
4.5318
4.2258
3.8671
3.4807
3.048
2.5772
2.1472
1.7349
1.3258
0.97612
0.66656
0.35399
0.099466
-0.10949
-0.28019
-0.39861
-0.4253
-0.36899
-0.24151
-0.045437
0.18353
0.48685
0.86961
1.2813
1.7363
2.2391
2.7458
3.2309
3.7203
4.1684
4.5262
4.8351
5.0555
5.1665
5.2176
5.1981
5.078
4.8942
4.6289
4.2817
3.9087
3.5101
3.0895
2.6684
2.2511
1.8693
1.4964
1.1798
0.90469
0.64205
0.41172
0.24085
0.080929
-0.0091738
-0.02422
0.053147
0.19254
0.36595
0.59342
0.91105
1.2676
1.6803
2.1355
2.6109
3.0745
3.4923
3.9193
4.3108
4.6143
4.8589
5.0296
5.0917
5.0937
5.031
4.8907
4.6569
4.3341
3.9731
3.565
3.1655
2.8015
2.404
2.0172
1.6892
1.3638
1.0836
0.84994
0.64378
0.43792
0.27533
0.14011
0.06374
0.071143
0.16293
0.29251
0.46111
0.70728
1.0061
1.3714
1.8051
2.2514
2.6978
3.1183
3.5053
3.8942
4.2614
4.5281
4.7238
4.864
4.9023
4.8735
4.8066
4.6429
4.3798
4.0638
3.7194
3.3394
2.997
2.6766
2.3197
1.9827
1.6997
1.4241
1.1762
0.98616
0.82499
0.63534
0.48753
0.38301
0.31449
0.34766
0.43555
0.57041
0.75752
0.99627
1.3046
1.7029
2.1202
2.5392
2.9333
3.3072
3.6538
3.9983
4.3299
4.5627
4.7149
4.809
4.8176
4.7687
4.676
4.4872
4.2046
3.8938
3.5488
3.1956
2.8773
2.5524
2.2146
1.8894
1.6279
1.3719
1.1562
0.99973
0.85556
0.67746
0.56421
0.47418
0.43665
0.49721
0.59915
0.74656
0.9672
1.2269
1.5536
1.9482
2.362
2.7433
3.0952
3.4505
3.7863
4.1103
4.4121
4.6269
4.7462
4.8057
4.81
4.7453
4.6373
4.4385
4.176
3.8626
3.5219
3.1998
2.8835
2.5699
2.2761
1.9669
1.7163
1.5137
1.3393
1.1869
1.0382
0.89339
0.78773
0.70517
0.66189
0.70261
0.79805
0.96061
1.1693
1.4287
1.7342
2.0901
2.4558
2.7863
3.0974
3.4252
3.7425
4.0221
4.279
4.475
4.5691
4.6114
4.6156
4.5499
4.4024
4.2079
3.9543
3.6505
3.3342
3.0502
2.7314
2.4365
2.175
1.9118
1.7007
1.5612
1.4148
1.2738
1.1592
1.0551
0.92033
0.84617
0.82273
0.84675
0.9415
1.1049
1.298
1.5229
1.8133
2.1326
2.4564
2.7407
3.0191
3.3154
3.61
3.8727
4.1037
4.2856
4.369
4.3759
4.373
4.291
4.1276
3.9449
3.726
3.443
3.1749
2.9233
2.6311
2.3577
2.1306
1.9028
1.7065
1.564
1.4258
1.2825
1.1877
1.0982
0.96271
0.91092
0.91306
0.93253
1.0265
1.1924
1.4037
1.6534
1.9451
2.2494
2.5511
2.8421
3.1223
3.406
3.6979
3.9483
4.1453
4.3218
4.4126
4.4191
4.4153
4.3588
4.2132
4.0696
3.8893
3.6469
3.3969
3.1418
2.8862
2.644
2.4528
2.2889
2.1213
2.0109
1.9356
1.7961
1.7111
1.6414
1.5367
1.4679
1.459
1.4765
1.5733
1.7246
1.9047
2.1191
2.3589
2.604
2.8432
3.0975
3.346
3.587
3.8295
4.0518
4.2185
4.3638
4.465
4.4802
4.4634
4.4018
4.2672
4.1193
3.9375
3.7188
3.4798
3.2345
2.9858
2.772
2.5844
2.4318
2.2765
2.153
2.0482
1.9215
1.818
1.7306
1.6388
1.5537
1.5284
1.5229
1.5708
1.6809
1.8366
2.0341
2.2514
2.4787
2.6962
2.9348
3.186
3.4104
3.6307
3.8379
4.0099
4.1309
4.2367
4.2931
4.2879
4.2447
4.1666
4.049
3.8797
3.6927
3.4859
3.2517
3.0355
2.8681
2.7078
2.6052
2.5161
2.4026
2.302
2.2309
2.1571
2.0775
2.0193
1.9936
1.9582
1.9464
1.981
2.0645
2.1843
2.3494
2.5235
2.7116
2.8928
3.0981
3.3223
3.5302
3.6905
3.8471
3.9908
4.0915
4.1699
4.2521
4.2706
4.2073
4.1282
4.0222
3.8493
3.6652
3.4951
3.2701
3.049
2.8827
2.7384
2.6187
2.5225
2.403
2.2619
2.1658
2.0902
1.9843
1.9196
1.9089
1.8593
1.8322
1.8602
1.8893
1.9764
2.1139
2.2788
2.4406
2.5942
2.7509
2.9245
3.1041
3.2505
3.3689
3.4839
3.5762
3.6358
3.7074
3.7624
3.7049
3.6228
3.5607
3.4219
3.2628
3.1316
2.9446
2.7605
2.631
2.5281
2.4099
2.3419
2.2899
2.1887
2.0844
2.0568
1.9963
1.9306
1.9007
1.8744
1.8051
1.8108
1.8252
1.8919
2.011
2.151
2.2801
2.4119
2.5482
2.705
2.8645
3.003
3.1094
3.2253
3.3535
3.4426
3.508
3.5792
3.5699
3.4899
3.4411
3.3728
3.2588
3.1678
3.0661
2.9175
2.7935
2.6894
2.6088
2.5385
2.4958
2.4379
2.3364
2.2905
2.272
2.2062
2.1717
2.1425
2.0898
2.0621
2.0689
2.0758
2.1587
2.268
2.3508
2.4277
2.5193
2.6178
2.7342
2.842
2.9189
2.9922
3.0846
3.1889
3.2601
3.3295
3.3604
3.3298
3.2878
3.2334
3.1732
3.0937
3.0142
2.9314
2.845
2.7773
2.7255
2.6649
2.6054
2.5318
2.4536
2.3868
2.3573
2.3107
2.2603
2.2047
2.1646
2.116
2.1058
2.1233
2.178
2.2436
2.2982
2.3445
2.3968
2.4601
2.5289
2.6008
2.6622
2.7143
2.7702
2.8476
2.916
2.9661
2.9815
2.9857
2.9632
2.9323
2.914
2.8873
2.8315
2.7654
2.7071
2.6413
2.6064
2.5968
2.5507
2.4944
2.4345
2.3839
2.3371
2.2914
2.2399
2.1674
2.1104
2.0698
2.0331
2.0331
2.0485
2.074
2.0817
2.0877
2.0953
2.134
2.1796
2.2232
2.2647
2.3063
2.3442
2.3869
2.4443
2.4996
2.4991
2.4945
2.5278
2.5146
2.5174
2.559
2.5451
2.5032
2.4911
2.4536
2.4263
2.4102
2.4174
2.3736
2.3447
2.3459
2.2967
2.2424
2.2439
2.2075
2.1401
2.1008
2.0868
2.0438
2.039
2.02
1.9872
1.9613
1.9302
1.9167
1.9255
1.9365
1.9417
1.9684
2.0026
2.0225
2.0409
2.0976
2.1156
2.1169
2.1647
2.2291
2.2524
2.3119
2.3766
2.3716
2.3951
2.4398
2.4518
2.4531
2.4775
2.4783
2.4738
2.5098
2.5411
2.4907
2.5014
2.5214
2.4693
2.441
2.4804
2.461
2.4236
2.405
2.3336
2.2715
2.2219
2.1687
2.1291
2.0933
2.0561
2.0454
2.0637
2.0767
2.0586
2.0684
2.0916
2.0883
2.1434
2.2576
2.3439
2.4027
2.5019
2.5501
2.568
2.6278
2.6951
2.7259
2.777
2.8364
2.8546
2.8682
2.9096
2.9043
2.8478
2.8248
2.7946
2.7403
2.7452
2.7385
2.674
2.6284
2.5522
2.4323
2.3332
2.2521
2.1752
2.1015
2.0206
1.9574
1.9303
1.9156
1.8683
1.8149
1.8007
1.7895
1.8032
1.9118
2.0264
2.0949
2.1897
2.2982
2.3517
2.4333
2.5258
2.5949
2.6346
2.7083
2.7833
2.8139
2.8874
2.9228
2.8674
2.8502
2.8624
2.8217
2.7969
2.8218
2.8094
2.7332
2.6573
2.5361
2.4215
2.325
2.2487
2.1673
2.0827
2.0044
1.9616
1.9422
1.9016
1.8383
1.7965
1.781
1.787
1.8588
1.9794
2.094
2.1876
2.3066
2.4267
2.5207
2.6382
2.7554
2.8148
2.8909
2.968
3.0354
3.0974
3.1663
3.1976
3.1739
3.1835
3.205
3.1965
3.2189
3.2145
3.1441
3.0323
2.907
2.759
2.6154
2.4824
2.3429
2.203
2.0676
1.9452
1.8645
1.8001
1.7149
1.6303
1.591
1.5905
1.6287
1.7393
1.8556
1.9549
2.0523
2.1604
2.2721
2.3789
2.5253
2.6525
2.7306
2.8081
2.8642
2.9103
2.9753
3.0192
3.0028
2.9801
2.978
2.9799
2.9684
2.9672
2.9325
2.8427
2.7184
2.5706
2.4144
2.2837
2.1575
2.0274
1.8841
1.7427
1.6266
1.5492
1.4741
1.3917
1.3345
1.3084
1.321
1.391
1.5112
1.6286
1.7594
1.9042
2.0662
2.1985
2.3491
2.4931
2.6182
2.7202
2.8227
2.9147
3.0051
3.0872
3.1317
3.1528
3.179
3.2046
3.2016
3.2112
3.1891
3.1447
3.0312
2.9062
2.7703
2.6105
2.4569
2.3078
2.1571
1.9988
1.849
1.7346
1.6369
1.5343
1.4505
1.4054
1.3905
1.4166
1.4904
1.5856
1.6986
1.8245
1.9848
2.1628
2.341
2.4987
2.6445
2.7348
2.835
2.9179
3.0113
3.1004
3.1887
3.2338
3.2509
3.2789
3.3072
3.2983
3.2737
3.2462
3.1967
3.0676
2.9379
2.7769
2.6276
2.467
2.303
2.1257
1.9593
1.8115
1.7015
1.6044
1.511
1.4501
1.41
1.3999
1.4299
1.5141
1.6305
1.7716
1.9257
2.1007
2.279
2.4444
2.6225
2.7675
2.8794
2.9625
3.0558
3.1496
3.2474
3.3262
3.404
3.4458
3.4844
3.5205
3.5282
3.5021
3.4639
3.3864
3.2529
3.1083
2.9315
2.7626
2.5948
2.4139
2.2187
2.0324
1.8711
1.7492
1.6439
1.5512
1.4917
1.4519
1.4434
1.5071
1.6023
1.7087
1.8601
2.0216
2.2081
2.3964
2.5652
2.7119
2.8382
2.9463
3.0361
3.1251
3.216
3.299
3.3495
3.3934
3.4354
3.4643
3.4686
3.4663
3.44
3.4017
3.2746
3.1402
2.9909
2.8137
2.6317
2.4566
2.2667
2.0703
1.8841
1.7343
1.6042
1.4747
1.381
1.3205
1.2806
1.2956
1.3667
1.4681
1.5927
1.7282
1.8944
2.0828
2.2674
2.4431
2.5993
2.7047
2.8079
2.8938
2.9962
3.1068
3.2102
3.2717
3.3189
3.3644
3.3993
3.4091
3.4075
3.3823
3.3358
3.2032
3.0604
2.897
2.7221
2.5478
2.3704
2.1776
1.9917
1.8279
1.7037
1.597
1.4906
1.4141
1.358
1.3271
1.3549
1.4446
1.5661
1.7106
1.8794
2.0714
2.2622
2.4394
2.621
2.7762
2.9127
3.0254
3.1417
3.2659
3.3937
3.5029
3.5901
3.6545
3.7005
3.7388
3.7565
3.7668
3.7443
3.6691
3.5434
3.4037
3.2311
3.0526
2.8849
2.7009
2.507
2.3199
2.1541
2.0331
1.9153
1.8048
1.7167
1.6521
1.6212
1.6621
1.7572
1.87
2.0361
2.2114
2.4092
2.5961
2.7705
2.9223
3.0368
3.1535
3.255
3.366
3.4829
3.5957
3.6664
3.7327
3.7688
3.7997
3.809
3.8248
3.8004
3.7749
3.6671
3.536
3.3891
3.2033
3.0143
2.8285
2.6358
2.4318
2.2521
2.1064
1.9929
1.8762
1.7689
1.704
1.661
1.6595
1.7263
1.8263
1.9498
2.1048
2.3097
2.5344
2.745
2.9311
3.0927
3.201
3.3259
3.4326
3.5592
3.6965
3.8236
3.9004
3.9644
4.0225
4.0685
4.0839
4.1006
4.0922
4.0536
3.9298
3.8
3.6411
3.4635
3.2726
3.0682
2.8523
2.6465
2.4581
2.3117
2.1934
2.067
1.9594
1.8793
1.8449
1.8418
1.9189
2.0233
2.1546
2.3156
2.4876
2.6744
2.849
3.0351
3.1856
3.299
3.3974
3.4834
3.5749
3.6925
3.7946
3.853
3.9048
3.9443
3.9749
3.9798
4.0027
3.988
3.9233
3.8044
3.6594
3.4902
3.3084
3.1268
2.9294
2.7117
2.4973
2.3047
2.1695
2.0442
1.9059
1.7982
1.7142
1.6655
1.6675
1.7545
1.8669
1.9997
2.1696
2.3573
2.5299
2.7065
2.8674
2.9999
3.1158
3.2328
3.3587
3.473
3.6134
3.721
3.7914
3.8449
3.8972
3.9065
3.9166
3.917
3.8814
3.8005
3.6915
3.5567
3.3837
3.2213
3.0565
2.8781
2.6866
2.5116
2.3591
2.2515
2.1478
2.0464
1.9731
1.9159
1.8833
1.9153
2.0015
2.1054
2.2428
2.4293
2.6414
2.8346
3.0195
3.1736
3.263
3.3678
3.4657
3.5769
3.6985
3.8252
3.9187
3.9814
4.0471
4.1047
4.1101
4.1272
4.112
4.0727
3.9638
3.845
3.6906
3.523
3.3528
3.164
2.9652
2.7692
2.5946
2.4601
2.3546
2.2474
2.15
2.09
2.0589
2.0412
2.1082
2.2013
2.3088
2.437
2.6129
2.7935
2.9718
3.1623
3.3088
3.3969
3.4917
3.5752
3.6567
3.7827
3.9
3.968
4.0004
4.057
4.0961
4.108
4.1326
4.1265
4.073
3.9728
3.849
3.7044
3.5511
3.3916
3.2113
3.0145
2.8196
2.6356
2.514
2.411
2.289
2.1951
2.1334
2.0995
2.1
2.1866
2.2979
2.4085
2.5684
2.7283
2.8867
3.049
3.2198
3.3601
3.4583
3.5555
3.6535
3.7362
3.8564
3.9457
3.9772
4.0155
4.0539
4.0539
4.0475
4.0379
4.0041
3.9151
3.8022
3.6719
3.5041
3.3513
3.1957
3.0296
2.8485
2.6677
2.5094
2.4026
2.2931
2.1826
2.1064
2.0506
2.0194
2.0366
2.1144
2.2128
2.3288
2.4974
2.6984
2.8562
3.0213
3.1593
3.2458
3.3381
3.4346
3.5476
3.6532
3.7729
3.859
3.9086
3.975
4.025
4.019
4.024
4.0113
3.9465
3.8373
3.7186
3.563
3.3953
3.2222
3.0398
2.8462
2.658
2.4828
2.3484
2.2442
2.1297
2.0329
1.9864
1.9666
1.9585
2.0188
2.1007
2.1889
2.3074
2.4951
2.695
2.8817
3.0765
3.2281
3.3208
3.4289
3.511
3.585
3.7027
3.8238
3.894
3.9482
4.0312
4.1016
4.119
4.1465
4.1271
4.0783
3.974
3.8646
3.7196
3.5673
3.3987
3.2168
3.017
2.8179
2.6374
2.5071
2.3991
2.2849
2.2083
2.1703
2.1555
2.1646
2.2539
2.3622
2.4729
2.6301
2.8042
2.9867
3.1675
3.3531
3.5067
3.6208
3.7316
3.8211
3.8967
4.013
4.1001
4.1247
4.1597
4.2104
4.2191
4.1999
4.1969
4.1646
4.0798
3.9682
3.8424
3.6909
3.5434
3.3898
3.2245
3.0392
2.8534
2.6828
2.5612
2.4469
2.3289
2.2428
2.1903
2.1643
2.1746
2.253
2.3508
2.458
2.6241
2.828
2.9892
3.1706
3.3241
3.4353
3.546
3.6585
3.7756
3.872
3.9803
4.0662
4.1244
4.2027
4.2657
4.2718
4.2789
4.263
4.2102
4.1179
4.0197
3.885
3.7316
3.574
3.4152
3.2367
3.0681
2.905
2.7632
2.6541
2.5447
2.4404
2.386
2.3644
2.3632
2.4176
2.4983
2.5865
2.6992
2.8832
3.0876
3.288
3.4737
3.628
3.7104
3.8059
3.8869
3.9663
4.0601
4.1524
4.2105
4.2437
4.3186
4.381
4.3935
4.3977
4.3777
4.3168
4.2105
4.0942
3.9404
3.7881
3.6103
3.4196
3.2112
3.0143
2.8271
2.6811
2.5558
2.4221
2.32
2.2673
2.2517
2.2552
2.3208
2.4021
2.4889
2.61
2.7719
2.952
3.1137
3.2962
3.4393
3.5351
3.6191
3.679
3.736
3.812
3.8957
3.9402
3.9878
4.0256
4.0665
4.0694
4.0538
4.0072
3.9287
3.8274
3.7107
3.5604
3.4061
3.2403
3.0615
2.8666
2.679
2.5055
2.3768
2.2607
2.1441
2.0759
2.04
2.0405
2.0525
2.1181
2.211
2.3263
2.4878
2.6798
2.8679
3.0452
3.2112
3.3586
3.4779
3.5757
3.6632
3.7422
3.8527
3.9416
4.005
4.0643
4.1291
4.154
4.1586
4.1509
4.0951
4.0186
3.926
3.8211
3.6652
3.5096
3.3364
3.1536
2.9604
2.7771
2.6072
2.4676
2.3408
2.2327
2.175
2.1417
2.1333
2.1575
2.2059
2.2803
2.3813
2.5408
2.7403
2.9258
3.0996
3.2464
3.3512
3.4502
3.5312
3.6082
3.6917
3.7853
3.8586
3.9178
3.9929
4.0437
4.0536
4.0545
4.0264
3.9831
3.8892
3.7969
3.6771
3.5262
3.3542
3.1842
2.9991
2.8129
2.634
2.4764
2.3426
2.2139
2.12
2.0604
2.0328
2.0209
2.0477
2.1061
2.1929
2.3118
2.4768
2.6764
2.8644
3.0434
3.1975
3.3068
3.4089
3.4906
3.5769
3.6649
3.7552
3.8306
3.8919
3.9444
3.9939
4.006
3.9862
3.9548
3.8939
3.786
3.6645
3.5133
3.3555
3.1909
3.0185
2.8251
2.6383
2.4652
2.312
2.1817
2.0655
1.9849
1.9232
1.8962
1.8937
1.9284
2.0012
2.1095
2.2376
2.4074
2.5969
2.7703
2.9396
3.0905
3.2073
3.2913
3.3656
3.4618
3.5582
3.6481
3.7522
3.8186
3.8803
3.9388
3.963
3.9313
3.8863
3.8223
3.7097
3.5815
3.4071
3.2293
3.0422
2.8482
2.6367
2.4379
2.2491
2.0951
1.9519
1.8373
1.7628
1.7136
1.6985
1.719
1.7538
1.8272
1.9474
2.0722
2.2417
2.4466
2.6104
2.775
2.9132
3.0259
3.0887
3.1484
3.2425
3.3068
3.3629
3.4524
3.5161
3.5686
3.6248
3.6463
3.6269
3.5964
3.5156
3.4116
3.3104
3.1555
2.9835
2.8107
2.6166
2.4116
2.2196
2.0416
1.8922
1.7597
1.665
1.6
1.5737
1.5856
1.6322
1.69
1.7964
1.946
2.0952
2.2853
2.4943
2.6736
2.8425
2.9942
3.1092
3.1838
3.2626
3.3549
3.4343
3.5006
3.5921
3.6323
3.6756
3.7229
3.7123
3.6878
3.6595
3.5559
3.4435
3.3296
3.1752
3.0052
2.8381
2.6365
2.4438
2.2692
2.1047
1.9492
1.8204
1.7391
1.6757
1.6478
1.6706
1.7046
1.7755
1.9102
2.0568
2.2292
2.4339
2.6348
2.8048
2.9479
3.099
3.2029
3.3037
3.4253
3.5188
3.5909
3.6795
3.7594
3.8058
3.8469
3.8765
3.824
3.7679
3.6977
3.5621
3.4282
3.2756
3.0805
2.8794
2.6852
2.469
2.2712
2.0828
1.9061
1.7501
1.6298
1.5506
1.4898
1.4725
1.5187
1.5489
1.6179
1.7822
1.9435
2.1443
2.411
2.6291
2.8063
2.9505
3.0927
3.1906
3.3036
3.4447
3.5334
3.6089
3.7329
3.8132
3.8673
3.943
3.9796
3.9289
3.8925
3.8011
3.6673
3.5329
3.3755
3.1772
2.9719
2.7498
2.5201
2.3161
2.1251
1.9399
1.7701
1.6486
1.5588
1.5057
1.5073
1.5534
1.5835
1.6673
1.8321
1.97
2.1682
2.4206
2.6241
2.7939
2.9617
3.0922
3.171
3.2652
3.3997
3.4685
3.5326
3.6405
3.6917
3.741
3.8229
3.834
3.7682
3.7257
3.623
3.4696
3.3173
3.133
2.9353
2.7296
2.4968
2.2568
2.0474
1.8439
1.6486
1.4723
1.3526
1.2501
1.1969
1.2167
1.2552
1.3032
1.4148
1.5831
1.7379
1.9344
2.1779
2.3672
2.5515
2.7421
2.8785
2.975
3.0952
3.2289
3.3086
3.4228
3.5656
3.6137
3.6707
3.7649
3.7542
3.6898
3.6423
3.5283
3.3738
3.2097
2.9986
2.7863
2.5833
2.3477
2.1137
1.9128
1.7208
1.5387
1.4001
1.3119
1.2327
1.1979
1.2539
1.3011
1.3613
1.5229
1.7084
1.8885
2.1232
2.371
2.5537
2.7414
2.9447
3.0803
3.178
3.3151
3.4186
3.4804
3.5953
3.7207
3.7663
3.8298
3.9044
3.8653
3.8152
3.7525
3.6173
3.4555
3.2897
3.0594
2.8443
2.6236
2.3769
2.1399
1.9277
1.7147
1.5142
1.365
1.2679
1.1884
1.1765
1.2558
1.2964
1.3789
1.5506
1.73
1.906
2.1544
2.4021
2.5887
2.7707
2.9713
3.1026
3.2121
3.3597
3.4318
3.4705
3.5809
3.6797
3.7101
3.7646
3.8182
3.7631
3.7216
3.6294
3.4817
3.3288
3.1715
2.9504
2.7289
2.5046
2.2585
2.0319
1.8212
1.5952
1.3865
1.2458
1.1414
1.0659
1.0747
1.1585
1.2139
1.3209
1.5237
1.6876
1.8854
2.1478
2.3935
2.597
2.7994
3.0062
3.1271
3.258
3.4155
3.4756
3.5135
3.6179
3.7001
3.7405
3.8055
3.8105
3.7252
3.6566
3.5404
3.3654
3.2006
3.0256
2.8011
2.5852
2.3499
2.1114
1.8812
1.6621
1.4256
1.2137
1.0733
0.97372
0.91082
0.9405
1.011
1.0634
1.1911
1.3999
1.5778
1.7863
2.0676
2.2956
2.5022
2.7241
2.9093
3.0372
3.1939
3.3426
3.4133
3.4957
3.6212
3.6716
3.729
3.7962
3.7722
3.6648
3.5848
3.4514
3.2605
3.0776
2.8626
2.6249
2.3868
2.1351
1.8813
1.6453
1.4117
1.1731
0.9824
0.86195
0.76419
0.70992
0.76709
0.8323
0.87687
1.0276
1.2278
1.414
1.6605
1.9659
2.2024
2.4104
2.6413
2.8075
2.9395
3.1159
3.2561
3.3309
3.4621
3.6212
3.6926
3.7697
3.86
3.8386
3.76
3.6852
3.5541
3.367
3.1871
2.9608
2.7185
2.4788
2.212
1.9494
1.7128
1.4705
1.2375
1.0722
0.98386
0.90233
0.88162
0.96528
1.0248
1.0826
1.2532
1.4681
1.6704
1.956
2.2655
2.5038
2.7238
2.9641
3.1208
3.245
3.4174
3.5551
3.6257
3.772
3.9226
3.9798
4.0669
4.1585
4.1313
4.068
3.9813
3.8394
3.6561
3.4661
3.2157
2.9731
2.7217
2.4407
2.1658
1.9202
1.6671
1.4333
1.2801
1.1764
1.0878
1.077
1.16
1.2223
1.3041
1.4979
1.6939
1.8717
2.1428
2.4438
2.6776
2.901
3.1314
3.2689
3.3859
3.5455
3.663
3.7229
3.8576
3.987
4.0335
4.1071
4.1755
4.1314
4.0658
3.9766
3.8258
3.6484
3.4604
3.2064
2.9709
2.7135
2.4376
2.1747
1.9385
1.6931
1.4777
1.341
1.2463
1.1689
1.1794
1.2831
1.3625
1.4843
1.7146
1.9265
2.1239
2.4067
2.7032
2.9303
3.1825
3.4232
3.581
3.7029
3.8544
3.9521
4.0206
4.1497
4.2482
4.288
4.3543
4.379
4.2951
4.2026
4.0838
3.9009
3.7091
3.4977
3.2314
2.9766
2.7015
2.4051
2.128
1.8625
1.5873
1.3635
1.2244
1.1212
1.0431
1.0616
1.1345
1.1995
1.336
1.5696
1.7882
2.0076
2.2911
2.5647
2.7758
3.0302
3.2536
3.3983
3.5281
3.6815
3.7589
3.848
3.9756
4.0553
4.07
4.1368
4.1361
4.0371
3.9419
3.8144
3.619
3.4192
3.1827
2.9066
2.6414
2.3687
2.0761
1.7907
1.5244
1.2548
1.0429
0.92154
0.82589
0.75522
0.80024
0.88435
0.95608
1.1263
1.3707
1.6044
1.857
2.1743
2.4424
2.6668
2.9226
3.1404
3.2894
3.4551
3.6039
3.6933
3.8173
3.9762
4.0578
4.1084
4.1702
4.1464
4.0528
3.9665
3.8419
