0.00176,0.0021873,0.001036,0.0011944,0.0012354,0.0011381,0.0011103,0.00085653
0.0036217,0.0031123,0.0021262,0.0021496,0.0021516,0.002069,0.0020201,0.0025549
0.0045364,0.0051045,0.0040201,0.004156,0.0042421,0.0041032,0.0030551,0.0035694
0.0055196,0.0061214,0.0050395,0.0050546,0.0052252,0.0053646,0.0051275,0.0056183
0.0076325,0.0081478,0.0068909,0.0070801,0.0061126,0.005985,0.0060529,0.0068484
0.0085751,0.0091178,0.0079151,0.0082348,0.0081982,0.0082485,0.008075,0.0076741
0.01051,0.010122,0.0099264,0.0091632,0.0091041,0.0090831,0.0090366,0.0095798
0.011507,0.012111,0.010908,0.011119,0.011094,0.011075,0.011017,0.010566
0.013491,0.013089,0.012914,0.01206,0.01222,0.012032,0.012144,0.012647
0.014517,0.01512,0.013876,0.014157,0.014153,0.014016,0.01401,0.013607
0.016509,0.016091,0.014904,0.015101,0.015106,0.014963,0.015021,0.015532
0.017518,0.018086,0.016879,0.017083,0.016131,0.016983,0.015986,0.016502
0.019503,0.019083,0.017896,0.018117,0.018131,0.018035,0.017986,0.017502
0.020515,0.020101,0.019897,0.02012,0.019125,0.019115,0.018989,0.019555
0.021482,0.022083,0.020903,0.021105,0.02113,0.021019,0.020996,0.020583
0.023502,0.0231,0.022874,0.022099,0.022109,0.021989,0.021996,0.0225
0.024511,0.025086,0.023892,0.024101,0.024123,0.023965,0.02401,0.023535
0.026561,0.026097,0.024904,0.025126,0.025104,0.024971,0.025027,0.025507
0.027456,0.028083,0.026905,0.027126,0.027152,0.026984,0.02599,0.026536
0.029489,0.029104,0.027912,0.028102,0.028094,0.027993,0.027985,0.028504
0.030462,0.031086,0.029867,0.030152,0.029066,0.028986,0.028987,0.029466
0.032471,0.0321,0.030866,0.031084,0.031093,0.03097,0.031031,0.030511
0.033472,0.033111,0.032898,0.03315,0.032065,0.031977,0.031963,0.032581
0.034475,0.035099,0.033913,0.034071,0.034089,0.033949,0.034025,0.033572
0.036445,0.036109,0.035875,0.035048,0.035061,0.034957,0.035041,0.035532
0.037576,0.03809,0.036878,0.037057,0.037096,0.036975,0.03599,0.036505
0.039538,0.039088,0.037892,0.03806,0.038055,0.038075,0.038022,0.039656
0.040517,0.041125,0.039939,0.040067,0.039066,0.040011,0.038974,0.041672
0.042503,0.04214,0.040866,0.04107,0.041088,0.041022,0.041027,0.042562
0.043521,0.044132,0.042931,0.043137,0.042059,0.041995,0.042104,0.043598
0.045496,0.045108,0.043892,0.044099,0.044183,0.044013,0.044009,0.0455
0.046508,0.046082,0.045882,0.045071,0.045152,0.045095,0.044985,0.046461
0.047515,0.048107,0.046904,0.047072,0.047129,0.046998,0.046954,0.048465
0.049485,0.049107,0.048869,0.048073,0.048115,0.048052,0.047956,0.049465
0.050501,0.051119,0.049846,0.050077,0.05011,0.050071,0.048955,0.05154
0.052482,0.052099,0.050849,0.051078,0.051129,0.051055,0.050974,0.052461
0.053501,0.054089,0.052857,0.053153,0.052112,0.05297,0.051942,0.053465
0.055522,0.055105,0.053892,0.054148,0.054087,0.054026,0.054017,0.055468
0.056522,0.056077,0.055867,0.056118,0.055067,0.055091,0.054976,0.056574
0.058516,0.058107,0.056833,0.05707,0.057144,0.057017,0.056946,0.058509
0.059496,0.059245,0.058836,0.058071,0.058086,0.058017,0.057949,0.059491
0.061488,0.061196,0.059837,0.060073,0.060073,0.06008,0.05895,0.061546
0.062505,0.062159,0.06184,0.061074,0.061087,0.061003,0.06096,0.062467
0.063482,0.06413,0.062879,0.06315,0.062063,0.062993,0.061965,0.064475
0.065518,0.065133,0.063852,0.064112,0.06408,0.064,0.06397,0.065473
0.066488,0.067121,0.065869,0.066109,0.065094,0.064969,0.06498,0.066472
0.068515,0.068095,0.066836,0.067045,0.067084,0.066981,0.066951,0.068484
0.069487,0.069104,0.06885,0.069107,0.068062,0.067992,0.067956,0.069486
0.071509,0.07109,0.069854,0.070109,0.070089,0.070096,0.069965,0.071551
0.072482,0.072106,0.072137,0.071077,0.071061,0.071047,0.07097,0.072476
0.074528,0.074087,0.072953,0.073207,0.072074,0.073044,0.071975,0.074474
0.075464,0.075101,0.074986,0.074109,0.074064,0.074071,0.074068,0.07549
0.076471,0.077082,0.075907,0.076137,0.075076,0.075995,0.075054,0.076489
0.07854,0.078093,0.077023,0.077127,0.077065,0.077016,0.077024,0.078487
0.079533,0.079089,0.07892,0.079126,0.07808,0.078074,0.078052,0.079617
0.081514,0.081191,0.079847,0.080086,0.08017,0.080045,0.079949,0.081621
0.082516,0.082122,0.081945,0.082087,0.0811,0.080995,0.080973,0.082552
0.084537,0.08409,0.082918,0.083058,0.083068,0.082965,0.081979,0.084595
0.085487,0.085102,0.084938,0.084063,0.08418,0.083969,0.084066,0.085498
0.087484,0.0871,0.085884,0.086068,0.085119,0.085974,0.085031,0.0875
0.088552,0.088072,0.087894,0.087068,0.087104,0.086975,0.086976,0.088497
0.090511,0.09011,0.088847,0.089046,0.088094,0.089153,0.08796,0.089497
0.091463,0.091097,0.089851,0.090047,0.090082,0.089992,0.089989,0.091512
0.092474,0.092119,0.091864,0.092188,0.09106,0.091006,0.090973,0.092543
0.094451,0.094145,0.092829,0.093102,0.093091,0.092982,0.091944,0.094472
0.095459,0.095236,0.094864,0.094085,0.094065,0.093986,0.093959,0.095471
0.097575,0.097151,0.095831,0.096056,0.095081,0.09596,0.094966,0.097463
0.098542,0.098103,0.097847,0.097062,0.097063,0.096973,0.096953,0.098469
0.1005,0.10011,0.098854,0.099074,0.098083,0.099115,0.097966,0.099501
0.10181,0.10108,0.099898,0.10008,0.10011,0.099991,0.099955,0.10154
0.10347,0.10309,0.10188,0.10219,0.10108,0.10107,0.10097,0.10247
0.10449,0.1041,0.10288,0.10312,0.10306,0.10316,0.10295,0.10458
0.10545,0.10507,0.10485,0.10514,0.1042,0.10397,0.10408,0.10548
0.10748,0.10715,0.10585,0.10611,0.10612,0.10596,0.10501,0.10748
0.10855,0.10811,0.10813,0.10709,0.10707,0.10701,0.10698,0.10848
0.1105,0.11021,0.10894,0.10916,0.10813,0.1091,0.10795,0.11052
0.11148,0.11115,0.11091,0.11009,0.11023,0.11009,0.10995,0.11156
0.11348,0.11311,0.11193,0.11216,0.1111,0.11202,0.11096,0.11258
0.11445,0.11409,0.11292,0.11313,0.11307,0.11299,0.11294,0.11447
0.11647,0.1151,0.11492,0.1151,0.11408,0.114,0.11396,0.11551
0.11748,0.11709,0.11592,0.11613,0.11609,0.11604,0.11497,0.11756
0.11948,0.1181,0.11794,0.1181,0.11706,0.11697,0.11695,0.11857
0.12046,0.12009,0.11883,0.11906,0.11817,0.11906,0.11797,0.12054
0.12147,0.12111,0.12084,0.12007,0.12012,0.11999,0.11995,0.12159
0.12345,0.1231,0.12184,0.12207,0.12111,0.12201,0.12097,0.12249
0.12446,0.12411,0.12285,0.12316,0.12308,0.12298,0.12296,0.1246
0.12647,0.12609,0.12493,0.12512,0.12418,0.124,0.12409,0.12557
0.12747,0.12729,0.12593,0.12613,0.12613,0.12598,0.12501,0.1277
0.12946,0.12816,0.12795,0.12812,0.12707,0.12717,0.12701,0.12851
0.13047,0.13018,0.12888,0.12906,0.12812,0.12909,0.12798,0.13052
0.13244,0.13113,0.13091,0.13107,0.13011,0.13011,0.13002,0.13149
0.13345,0.13318,0.13191,0.13204,0.1311,0.13204,0.13096,0.13348
0.13446,0.13419,0.13392,0.13313,0.1331,0.13302,0.13297,0.13449
0.13647,0.1361,0.13489,0.1351,0.13407,0.13504,0.13406,0.13549
0.13744,0.13711,0.13591,0.13613,0.13608,0.13598,0.13601,0.13749
0.13946,0.13812,0.13791,0.13809,0.13706,0.13698,0.13695,0.13846
0.14047,0.14015,0.13887,0.13906,0.13905,0.13906,0.13795,0.14053
0.14245,0.14112,0.14085,0.14107,0.14007,0.14008,0.13998,0.14147
0.14346,0.14311,0.14185,0.14212,0.14109,0.14199,0.14095,0.14349
0.14548,0.14408,0.14386,0.14312,0.14316,0.14296,0.14297,0.1445
0.14644,0.1461,0.14483,0.14512,0.14415,0.14497,0.14397,0.14646
0.14853,0.14711,0.14684,0.14611,0.14617,0.14597,0.14596,0.14746
0.14952,0.14911,0.14785,0.14809,0.14707,0.14697,0.14697,0.14846
0.15049,0.15012,0.14885,0.14927,0.14921,0.14904,0.14797,0.15063
0.15253,0.15109,0.15088,0.15115,0.15008,0.14998,0.14996,0.15156
0.15348,0.15323,0.15185,0.15205,0.15106,0.15199,0.15097,0.15354
0.15545,0.15415,0.15397,0.15406,0.15306,0.15296,0.15296,0.1545
0.15646,0.15609,0.15493,0.15508,0.15408,0.15497,0.15408,0.15646
0.15847,0.1571,0.15687,0.15609,0.15607,0.15598,0.15599,0.1575
0.15948,0.15912,0.15789,0.15814,0.15709,0.15798,0.15697,0.1585
0.16145,0.16017,0.15886,0.15908,0.15908,0.1591,0.15894,0.1606
0.16246,0.16113,0.1609,0.16109,0.16005,0.16009,0.15995,0.16154
0.16448,0.16309,0.16197,0.16218,0.16107,0.162,0.1611,0.16355
0.16545,0.1641,0.16392,0.16414,0.16306,0.163,0.16304,0.16458
0.16645,0.16608,0.16487,0.16509,0.16407,0.16503,0.16405,0.1665
0.1686,0.16709,0.16685,0.16708,0.16607,0.166,0.16603,0.16746
0.16952,0.16911,0.16785,0.16805,0.16708,0.16808,0.16697,0.16949
0.17148,0.17011,0.16986,0.16906,0.16919,0.16906,0.16895,0.1705
0.17246,0.17209,0.17087,0.17108,0.17013,0.17102,0.16996,0.17154
0.17445,0.1731,0.17183,0.17204,0.1721,0.17208,0.17097,0.17357
0.17546,0.17412,0.17398,0.17414,0.17309,0.17299,0.17298,0.17464
0.17751,0.1761,0.17493,0.1751,0.17406,0.17496,0.17395,0.17655
0.17846,0.1772,0.17693,0.17705,0.1761,0.17596,0.17596,0.17751
0.17948,0.17916,0.17785,0.17805,0.17707,0.17798,0.17697,0.17964
0.18152,0.18013,0.17986,0.17905,0.17907,0.17908,0.17895,0.18059
0.18245,0.18214,0.18083,0.18106,0.18009,0.18106,0.17996,0.18155
0.18461,0.18317,0.18183,0.18205,0.18208,0.18203,0.18198,0.18347
0.18552,0.1852,0.18397,0.18408,0.18306,0.18298,0.18296,0.18448
0.18755,0.1861,0.18491,0.18505,0.18417,0.18496,0.18408,0.18651
0.18846,0.18712,0.1869,0.18706,0.18612,0.18597,0.18599,0.18749
0.19045,0.18908,0.18788,0.18807,0.18708,0.18801,0.18698,0.18947
0.19146,0.1902,0.1899,0.19007,0.18916,0.18905,0.18896,0.19061
0.19349,0.19211,0.19092,0.19116,0.19011,0.19099,0.18996,0.1926
0.19446,0.19315,0.19294,0.19216,0.19209,0.19196,0.19195,0.1935
0.19547,0.19511,0.19392,0.19411,0.19307,0.19398,0.19296,0.19447
0.19745,0.19609,0.19496,0.1951,0.19511,0.19499,0.19397,0.19649
0.19851,0.1971,0.19695,0.19716,0.19619,0.1961,0.19603,0.19756
0.20046,0.19909,0.19789,0.19812,0.19711,0.19808,0.19701,0.19954
0.20147,0.20023,0.19992,0.20013,0.19907,0.19905,0.199,0.20057
0.20345,0.20216,0.20087,0.20107,0.20021,0.20108,0.19998,0.20251
0.20447,0.20309,0.20303,0.20315,0.20214,0.20208,0.20198,0.2035
0.20645,0.20511,0.20397,0.20414,0.20309,0.20399,0.20295,0.20547
0.20746,0.20611,0.20585,0.20509,0.20506,0.205,0.20408,0.20648
0.20861,0.20809,0.20686,0.20707,0.20617,0.20698,0.20602,0.20749
0.21052,0.2091,0.20784,0.20808,0.20711,0.20799,0.20696,0.20948
0.21145,0.2102,0.20996,0.21009,0.20909,0.20902,0.20897,0.21164
0.21349,0.21211,0.21093,0.21106,0.21007,0.21099,0.20998,0.2126
0.21446,0.21317,0.21292,0.21307,0.2121,0.21197,0.21201,0.21362
0.21644,0.21516,0.21391,0.21407,0.21307,0.21398,0.21299,0.21551
0.21745,0.21615,0.2159,0.21608,0.21511,0.215,0.21398,0.21649
0.21956,0.21816,0.21704,0.21708,0.21616,0.21717,0.21603,0.21749
0.22052,0.2191,0.21785,0.21804,0.21715,0.21804,0.21695,0.2195
0.2225,0.22115,0.21988,0.22005,0.21911,0.21906,0.21898,0.22052
0.22348,0.22214,0.22085,0.22105,0.22011,0.22103,0.21995,0.2225
0.22446,0.22313,0.22283,0.22318,0.22209,0.22199,0.22195,0.22357
0.22646,0.22513,0.22411,0.22413,0.22306,0.22398,0.22296,0.2255
0.22748,0.22608,0.22595,0.22613,0.22507,0.22499,0.22496,0.22647
0.22958,0.2281,0.22684,0.22711,0.22614,0.22697,0.22597,0.22848
0.23047,0.22909,0.22886,0.22905,0.22815,0.22798,0.22694,0.22952
0.23247,0.23122,0.22984,0.23006,0.22915,0.23007,0.22897,0.23053
0.23344,0.2322,0.23085,0.23107,0.23012,0.231,0.22995,0.23254
0.23552,0.23415,0.23295,0.23314,0.23214,0.23198,0.23198,0.23351
0.23646,0.23517,0.23391,0.23408,0.23315,0.23396,0.23295,0.23548
0.23863,0.2361,0.23592,0.23606,0.23508,0.23496,0.23498,0.23649
0.2395,0.23817,0.23697,0.23708,0.2361,0.23698,0.23596,0.2385
0.24048,0.23915,0.23886,0.23905,0.23807,0.23807,0.23694,0.23946
0.24246,0.24117,0.23986,0.24005,0.23908,0.24008,0.23897,0.24159
0.24347,0.24214,0.24197,0.24116,0.24007,0.24099,0.23995,0.24256
0.24553,0.24415,0.24299,0.24328,0.24207,0.24196,0.24199,0.24351
0.24646,0.24516,0.24392,0.24413,0.24309,0.24407,0.24297,0.24561
0.24847,0.24616,0.24589,0.24612,0.24506,0.24497,0.24499,0.24654
0.24944,0.24819,0.24703,0.24714,0.24617,0.24699,0.24597,0.24851
0.25147,0.24918,0.24891,0.24908,0.24811,0.24796,0.24708,0.24952
0.25248,0.25119,0.24985,0.25005,0.24907,0.25003,0.24905,0.2515
0.25344,0.25216,0.25199,0.25213,0.25107,0.25101,0.25002,0.25252
0.25547,0.25414,0.25292,0.25314,0.25209,0.253,0.25203,0.25348
0.25648,0.25513,0.25495,0.25411,0.25307,0.25398,0.25297,0.25547
0.25855,0.25709,0.25585,0.25612,0.25511,0.25499,0.25496,0.25648
0.25953,0.25811,0.25686,0.25712,0.25615,0.25697,0.25598,0.25849
0.26149,0.25911,0.25884,0.25909,0.25812,0.2581,0.25797,0.25946
0.26247,0.26114,0.25984,0.26014,0.25907,0.26008,0.25894,0.26179
0.26446,0.26216,0.26185,0.26217,0.26107,0.26104,0.25996,0.26257
0.26544,0.26415,0.26285,0.26313,0.26209,0.26299,0.26197,0.26355
0.26746,0.26515,0.26487,0.2651,0.26307,0.26396,0.26295,0.26558
0.26855,0.26718,0.26584,0.26606,0.26506,0.26598,0.26495,0.2665
0.26953,0.26809,0.26685,0.26707,0.26608,0.267,0.26597,0.26849
0.27152,0.2701,0.26886,0.26904,0.26808,0.26797,0.26796,0.26961
0.27253,0.27111,0.26986,0.27005,0.26906,0.26998,0.26897,0.27155
0.27456,0.27208,0.27183,0.27216,0.27106,0.27099,0.26994,0.27253
0.27546,0.2741,0.27284,0.27313,0.27208,0.27298,0.27197,0.27453
0.27747,0.27511,0.27486,0.27516,0.27417,0.27399,0.27294,0.2755
0.27846,0.27709,0.27583,0.27611,0.27511,0.27597,0.27507,0.27647
0.28045,0.2781,0.27785,0.27816,0.27607,0.27699,0.276,0.27848
0.28146,0.2802,0.27886,0.27911,0.2781,0.27801,0.27799,0.27949
0.28247,0.28116,0.28,0.28011,0.27908,0.28008,0.27895,0.2816
0.28445,0.28211,0.28204,0.28215,0.28113,0.28109,0.28099,0.28253
0.28546,0.2841,0.28291,0.28307,0.28211,0.28303,0.28195,0.28447
0.28745,0.28511,0.28514,0.28505,0.2841,0.28398,0.28296,0.28547
0.28859,0.28708,0.28584,0.28606,0.28508,0.28596,0.28505,0.28748
0.29048,0.28809,0.28785,0.28806,0.28617,0.28698,0.28603,0.28848
0.29147,0.29009,0.28886,0.28907,0.28812,0.28909,0.28798,0.28957
0.29349,0.29111,0.29087,0.29105,0.28908,0.29013,0.28899,0.29164
0.29446,0.29309,0.29184,0.29222,0.29107,0.29109,0.29099,0.29261
0.29648,0.29409,0.29284,0.29317,0.29206,0.29307,0.29196,0.29452
0.29748,0.29521,0.29486,0.29515,0.29418,0.29396,0.29298,0.2955
0.29846,0.29711,0.29584,0.29605,0.29512,0.29599,0.29498,0.29758
0.30059,0.2981,0.29785,0.29808,0.2971,0.29696,0.29596,0.29859
0.30147,0.30017,0.29886,0.29905,0.29809,0.29914,0.29801,0.29967
0.30347,0.30118,0.30098,0.30106,0.29908,0.29998,0.29899,0.30155
0.30445,0.30319,0.30194,0.30215,0.30115,0.30101,0.30105,0.30252
0.30647,0.30409,0.3029,0.30411,0.30211,0.30304,0.30198,0.30447
0.30746,0.3061,0.30498,0.30511,0.30406,0.3042,0.30296,0.30554
0.30945,0.30711,0.30586,0.30606,0.30509,0.30603,0.30496,0.30748
0.31047,0.30808,0.30784,0.30805,0.30719,0.30699,0.30594,0.30861
0.31144,0.31017,0.30885,0.30906,0.30815,0.30901,0.30797,0.31057
0.31347,0.31117,0.31086,0.31108,0.3091,0.31004,0.30895,0.31153
0.31444,0.31311,0.31187,0.31205,0.31109,0.31199,0.31098,0.31253
0.31646,0.31411,0.31394,0.31407,0.31207,0.31297,0.31196,0.31465
0.31746,0.31609,0.31493,0.31506,0.31408,0.31398,0.31406,0.3155
0.31955,0.31711,0.3159,0.31704,0.31511,0.31596,0.315,0.31751
0.32049,0.31808,0.3179,0.31805,0.31712,0.31697,0.31597,0.3185
0.32251,0.32012,0.31884,0.31906,0.31808,0.31907,0.31795,0.32058
0.32348,0.32109,0.32086,0.32104,0.31906,0.32005,0.31897,0.3215
0.3255,0.32311,0.32183,0.32214,0.32107,0.32214,0.32096,0.32348
0.32645,0.32408,0.32396,0.32414,0.32205,0.323,0.32197,0.32448
0.32746,0.3261,0.32485,0.32508,0.32406,0.32499,0.32396,0.32549
0.32957,0.3271,0.32683,0.32708,0.32509,0.32596,0.32497,0.32745
0.3305,0.32911,0.32784,0.32806,0.32717,0.32696,0.32594,0.32846
0.33245,0.3302,0.32885,0.32907,0.32815,0.32907,0.32794,0.33062
0.33347,0.33117,0.33084,0.33109,0.33012,0.33008,0.32896,0.33156
0.33544,0.33313,0.3319,0.33221,0.33107,0.33208,0.33095,0.33349
0.33646,0.33412,0.33403,0.33413,0.33206,0.33305,0.33197,0.3345
0.33847,0.33609,0.33486,0.3351,0.33419,0.33499,0.33408,0.33547
0.33952,0.33711,0.33685,0.33706,0.33513,0.33645,0.33503,0.33757
0.34046,0.33911,0.33786,0.33807,0.33728,0.33703,0.33706,0.33863
0.34247,0.3401,0.33887,0.34017,0.33807,0.33925,0.33797,0.34066
0.34347,0.34221,0.34084,0.34113,0.34007,0.34005,0.33895,0.34157
0.34545,0.34318,0.34185,0.34313,0.34108,0.3421,0.34098,0.34355
0.34645,0.34412,0.3439,0.34413,0.34206,0.34298,0.34196,0.34458
0.34855,0.34611,0.34483,0.34506,0.34406,0.345,0.34399,0.34648
0.34955,0.34709,0.34685,0.34705,0.34508,0.34597,0.34498,0.34753
0.35151,0.34911,0.34782,0.34807,0.34719,0.34799,0.34698,0.34858
0.35245,0.35009,0.34984,0.35005,0.34811,0.349,0.34795,0.35055
0.35446,0.35215,0.35084,0.35105,0.35008,0.35005,0.34896,0.35156
0.35547,0.35324,0.35185,0.35309,0.35106,0.35208,0.35095,0.35352
0.35653,0.35412,0.35395,0.35407,0.35309,0.35308,0.35196,0.35466
0.35855,0.35612,0.35497,0.35506,0.35414,0.35505,0.35396,0.3565
0.35953,0.3571,0.35693,0.35706,0.35513,0.35605,0.35498,0.35748
0.36153,0.35912,0.35787,0.35807,0.35713,0.358,0.35698,0.35848
0.36256,0.36017,0.35985,0.36004,0.35815,0.35902,0.35796,0.36066
0.36447,0.36211,0.36086,0.36105,0.36014,0.36012,0.35897,0.36157
0.36548,0.3631,0.36183,0.36325,0.36117,0.36197,0.36097,0.36349
0.36746,0.36508,0.36399,0.36408,0.36318,0.363,0.36195,0.36446
0.36855,0.36609,0.36497,0.36611,0.36476,0.36499,0.36398,0.36648
0.36953,0.3671,0.36696,0.36711,0.36511,0.36597,0.36495,0.36748
0.37151,0.36908,0.3679,0.36812,0.36712,0.368,0.36694,0.36959
0.37249,0.37009,0.36994,0.37015,0.3683,0.36901,0.36796,0.37058
0.37448,0.37217,0.37084,0.3711,0.37017,0.37096,0.36995,0.3715
0.37545,0.37311,0.37298,0.37311,0.37114,0.37197,0.37096,0.37348
0.37748,0.37511,0.37393,0.37411,0.3731,0.37299,0.37198,0.37449
0.37849,0.37608,0.37493,0.37614,0.37408,0.3751,0.37409,0.37646
0.38046,0.3771,0.37684,0.37711,0.37619,0.37604,0.375,0.37748
0.38147,0.37908,0.37785,0.37905,0.37716,0.37805,0.37696,0.37949
0.38348,0.3802,0.37985,0.3801,0.37812,0.37906,0.37798,0.38055
0.38445,0.38214,0.38086,0.38108,0.38012,0.38099,0.37998,0.38148
0.38545,0.38308,0.38284,0.38313,0.38115,0.38198,0.38095,0.3835
0.38749,0.38516,0.38389,0.38413,0.38317,0.38414,0.38197,0.38446
0.38859,0.38618,0.38586,0.38628,0.38417,0.38508,0.38411,0.38657
0.39049,0.38827,0.38683,0.38713,0.38618,0.38609,0.38504,0.38746
0.39148,0.38918,0.38784,0.38913,0.38716,0.38806,0.38704,0.3896
0.39346,0.39016,0.38985,0.39007,0.38812,0.38906,0.388,0.39057
0.39446,0.39213,0.39086,0.39108,0.39007,0.39115,0.39006,0.39259
0.39647,0.39312,0.39296,0.39314,0.39109,0.39206,0.39096,0.3935
0.39744,0.39516,0.39395,0.39411,0.39306,0.39403,0.39198,0.39448
0.39845,0.39611,0.3959,0.39613,0.39408,0.39498,0.39404,0.39649
0.40053,0.3981,0.39686,0.39708,0.39622,0.39595,0.395,0.39749
0.40147,0.39922,0.39784,0.39907,0.39713,0.398,0.39697,0.39957
0.40346,0.40119,0.39986,0.40004,0.39814,0.39905,0.39795,0.40055
0.40447,0.40216,0.40083,0.40206,0.40016,0.40107,0.39998,0.40248
0.40649,0.40313,0.40289,0.40307,0.40114,0.40208,0.40096,0.40349
0.40751,0.40514,0.40394,0.40405,0.40315,0.40397,0.40298,0.4055
0.40976,0.40615,0.40587,0.40606,0.40411,0.40499,0.40408,0.40646
0.41057,0.40821,0.40686,0.40707,0.40616,0.40697,0.40501,0.40746
0.41254,0.40914,0.40885,0.40908,0.40715,0.40798,0.40697,0.40946
0.41352,0.41117,0.40983,0.41005,0.40912,0.40902,0.40795,0.41052
0.41451,0.41216,0.41084,0.41216,0.41014,0.41097,0.40998,0.41256
0.4165,0.41315,0.41288,0.41313,0.41113,0.41197,0.41095,0.41346
0.41746,0.41516,0.41393,0.41408,0.41313,0.41399,0.41297,0.41548
0.41952,0.41617,0.41598,0.41613,0.41414,0.415,0.41395,0.41648
0.4205,0.41818,0.41687,0.41707,0.41617,0.41697,0.41497,0.41749
0.42252,0.41909,0.41891,0.4192,0.41717,0.41809,0.41698,0.41954
0.4235,0.42116,0.4201,0.42014,0.41907,0.42007,0.41796,0.42053
0.42548,0.42216,0.42189,0.42215,0.4201,0.42104,0.42006,0.42251
0.42645,0.42417,0.42285,0.42313,0.42108,0.42223,0.42107,0.42348
0.42747,0.42513,0.42409,0.4251,0.42306,0.42407,0.42303,0.42546
0.42948,0.4261,0.42594,0.42606,0.42408,0.42504,0.42402,0.42647
0.43046,0.42808,0.42691,0.42707,0.42616,0.42707,0.42604,0.42849
0.43247,0.42921,0.42892,0.42905,0.42714,0.428,0.42695,0.42953
0.43353,0.43115,0.42985,0.43007,0.42915,0.43014,0.42797,0.4305
0.43546,0.43215,0.43184,0.43208,0.4301,0.43117,0.42996,0.43261
0.43646,0.43426,0.43299,0.43331,0.43211,0.4321,0.43097,0.43362
0.43848,0.43969,0.43393,0.4351,0.43306,0.434,0.43295,0.4355
0.43945,0.4412,0.43587,0.43606,0.43423,0.43498,0.43397,0.43658
0.44146,0.44215,0.43686,0.43808,0.4362,0.437,0.43598,0.43873
0.44256,0.44416,0.43885,0.43906,0.43716,0.438,0.43696,0.43958
0.44352,0.44515,0.43986,0.44007,0.4391,0.44007,0.43798,0.44152
0.44557,0.4472,0.44186,0.44211,0.44008,0.44104,0.43996,0.4426
0.44646,0.44812,0.44284,0.44313,0.44208,0.44303,0.44098,0.44351
0.44856,0.45017,0.44493,0.44509,0.44307,0.44398,0.44296,0.44549
0.4495,0.45115,0.44584,0.44608,0.44409,0.445,0.44397,0.44645
0.45145,0.45211,0.44686,0.44806,0.44609,0.44697,0.44599,0.4485
0.45247,0.45412,0.44884,0.44907,0.44708,0.44798,0.44697,0.44956
0.45448,0.45509,0.44985,0.45118,0.44908,0.45005,0.44896,0.45157
0.45545,0.45711,0.45183,0.45212,0.45006,0.451,0.44994,0.45254
0.45645,0.45808,0.45292,0.45309,0.45216,0.45297,0.45096,0.45356
0.45847,0.46012,0.45487,0.45512,0.45314,0.45399,0.45295,0.4555
0.45944,0.46109,0.45585,0.45612,0.45516,0.45595,0.45397,0.45647
0.46145,0.46311,0.45784,0.45813,0.45618,0.45697,0.45596,0.45848
0.46246,0.46408,0.45886,0.4592,0.45716,0.45803,0.45709,0.45953
0.46448,0.46509,0.45983,0.46108,0.45913,0.4601,0.45898,0.46151
0.46545,0.46711,0.46186,0.46216,0.46014,0.46105,0.45996,0.4625
0.46745,0.46808,0.46284,0.46323,0.46224,0.463,0.46098,0.46446
0.46858,0.47011,0.46499,0.4651,0.46314,0.46398,0.46298,0.46548
0.46951,0.47108,0.466,0.4661,0.46508,0.46609,0.46408,0.46648
0.47151,0.4732,0.46791,0.46807,0.46615,0.46703,0.46599,0.46846
0.4725,0.47419,0.46885,0.46904,0.46713,0.46804,0.46699,0.46946
0.47445,0.4761,0.47083,0.47107,0.46909,0.47003,0.46898,0.47249
0.47547,0.47708,0.47184,0.47208,0.47009,0.47104,0.46996,0.47451
0.47748,0.47809,0.47292,0.47417,0.47209,0.47304,0.47099,0.47548
0.47853,0.48015,0.47493,0.47514,0.47307,0.47402,0.47298,0.47651
0.48058,0.48116,0.47593,0.47608,0.47509,0.47624,0.4741,0.47849
0.48155,0.48318,0.47793,0.47808,0.47607,0.47706,0.47599,0.47963
0.4825,0.48418,0.47888,0.47905,0.47811,0.47908,0.47699,0.48163
0.48446,0.48609,0.48086,0.48112,0.47908,0.48012,0.47896,0.48252
0.48547,0.48711,0.48195,0.48208,0.48006,0.481,0.47998,0.4845
0.48748,0.48909,0.48393,0.48407,0.48209,0.48301,0.48196,0.48551
0.48857,0.49021,0.48484,0.48505,0.48307,0.48396,0.48298,0.48753
0.49049,0.49112,0.48585,0.48708,0.48518,0.48608,0.48396,0.4885
0.49147,0.49308,0.48783,0.48805,0.48613,0.48706,0.48595,0.48946
0.49356,0.4941,0.48887,0.48906,0.48812,0.48905,0.48697,0.49152
0.49453,0.49608,0.49084,0.49107,0.48914,0.49003,0.48896,0.49249
0.49551,0.49708,0.49185,0.49205,0.49015,0.49104,0.48994,0.4945
0.49755,0.49909,0.49392,0.49418,0.49209,0.49305,0.49197,0.49547
0.49854,0.5001,0.49496,0.49512,0.49308,0.49407,0.49295,0.4975
0.5005,0.5022,0.49684,0.49709,0.49509,0.49599,0.49409,0.49846
0.50151,0.50311,0.49785,0.49807,0.49615,0.49696,0.49599,0.50054
0.5035,0.50411,0.49886,0.50004,0.49813,0.499,0.49698,0.50159
0.50446,0.50611,0.50097,0.50109,0.49909,0.50013,0.49897,0.50254
0.50648,0.50709,0.502,0.5021,0.50008,0.502,0.49996,0.50452
0.50749,0.5091,0.50394,0.50424,0.50208,0.50298,0.50196,0.50547
0.50855,0.5101,0.50492,0.50514,0.50307,0.50399,0.50298,0.50749
0.51048,0.5121,0.50689,0.5071,0.50517,0.50597,0.50396,0.5085
0.51147,0.5131,0.50789,0.50806,0.50616,0.50698,0.50605,0.51056
0.51345,0.5151,0.50994,0.51005,0.50811,0.50905,0.5071,0.51156
0.51447,0.51608,0.51085,0.51107,0.50908,0.51,0.50905,0.51262
0.51648,0.5171,0.51186,0.51217,0.51108,0.51199,0.50999,0.51448
0.51748,0.51911,0.51393,0.51412,0.51214,0.51296,0.51198,0.5155
0.51954,0.52008,0.51484,0.51512,0.51311,0.51397,0.51296,0.51762
0.52053,0.52213,0.51685,0.51707,0.51508,0.51598,0.51504,0.51853
0.52249,0.52312,0.51786,0.51807,0.51619,0.51695,0.51603,0.52053
0.52345,0.52515,0.51984,0.52005,0.51815,0.51903,0.51704,0.52163
0.52447,0.52623,0.52085,0.52107,0.51909,0.52007,0.51898,0.52355
0.52649,0.52815,0.52286,0.52315,0.52106,0.52199,0.51999,0.52453
0.52749,0.52926,0.52391,0.52414,0.52208,0.52296,0.52198,0.52546
0.52952,0.53017,0.52485,0.52508,0.52409,0.52508,0.52295,0.52763
0.53057,0.53215,0.52686,0.52734,0.5251,0.52598,0.52497,0.52849
0.5325,0.53309,0.52783,0.5281,0.52609,0.52696,0.52596,0.53063
0.53345,0.53508,0.52985,0.53005,0.52807,0.52908,0.52697,0.53158
0.53446,0.53609,0.53085,0.53107,0.52909,0.53007,0.52896,0.53351
0.53644,0.53812,0.53306,0.53316,0.53109,0.53208,0.52995,0.53446
0.53745,0.53909,0.53393,0.53413,0.53219,0.533,0.53197,0.53547
0.53954,0.5412,0.53591,0.53609,0.53411,0.53499,0.53295,0.5375
0.54048,0.54211,0.53696,0.53715,0.53508,0.53596,0.53508,0.53847
0.54248,0.5431,0.53806,0.53814,0.53615,0.53797,0.53603,0.54047
0.54345,0.54509,0.54014,0.5401,0.53815,0.53905,0.537,0.54149
0.54547,0.5461,0.54085,0.54114,0.53911,0.54004,0.53896,0.54346
0.54648,0.54809,0.54284,0.54307,0.54126,0.54206,0.53998,0.54448
0.54846,0.54909,0.5439,0.54406,0.54214,0.54298,0.54196,0.5465
0.54948,0.55109,0.54584,0.54605,0.5441,0.54496,0.54298,0.54746
0.55045,0.55211,0.54686,0.54707,0.54508,0.54597,0.54512,0.54847
0.55247,0.55409,0.54883,0.54905,0.54618,0.54804,0.54602,0.5505
0.55348,0.55511,0.54985,0.55007,0.5482,0.54907,0.54805,0.5515
0.55545,0.55608,0.55085,0.55104,0.54912,0.55004,0.54905,0.55347
0.55646,0.55821,0.55303,0.55318,0.55107,0.55208,0.55004,0.55448
0.55857,0.55919,0.55393,0.55408,0.55206,0.55299,0.55199,0.55658
0.55947,0.56114,0.55592,0.55606,0.55413,0.55498,0.55295,0.55839
0.56046,0.56214,0.55697,0.55707,0.55511,0.55599,0.55499,0.56065
0.56245,0.56415,0.55885,0.55906,0.55718,0.55795,0.55598,0.56159
0.56346,0.56515,0.55987,0.56007,0.55812,0.55907,0.55802,0.56351
0.56548,0.56718,0.56184,0.56205,0.55909,0.56107,0.55896,0.56452
0.56645,0.56813,0.56286,0.56306,0.56107,0.56231,0.56012,0.56646
0.56846,0.56911,0.56386,0.56404,0.56206,0.56299,0.56203,0.56747
0.56947,0.57109,0.56585,0.56607,0.56406,0.56497,0.56296,0.56945
0.57145,0.5721,0.56686,0.56708,0.56507,0.56598,0.56496,0.57057
0.57246,0.57408,0.56883,0.56905,0.56707,0.56806,0.56594,0.57155
0.57346,0.57509,0.56983,0.57007,0.56809,0.56904,0.56797,0.57361
0.57547,0.57723,0.57185,0.57218,0.56907,0.57102,0.56898,0.57458
0.57648,0.57817,0.57298,0.57313,0.57107,0.57206,0.57096,0.57664
0.57847,0.58016,0.57493,0.57427,0.57212,0.57307,0.57197,0.57746
0.5795,0.58114,0.5759,0.57615,0.57422,0.57506,0.57295,0.57954
0.58163,0.58215,0.57695,0.57705,0.57516,0.576,0.57498,0.58047
0.58251,0.5842,0.57886,0.57907,0.57717,0.57799,0.57595,0.58265
0.58446,0.58516,0.57984,0.58005,0.57814,0.57909,0.57798,0.58357
0.58547,0.58712,0.58186,0.58207,0.58011,0.58099,0.57895,0.5845
0.58648,0.58809,0.58287,0.58306,0.58108,0.582,0.58098,0.58649
0.58848,0.5901,0.58497,0.58504,0.58211,0.58397,0.58195,0.58751
0.58945,0.59108,0.58591,0.58606,0.58408,0.58498,0.58297,0.58952
0.59147,0.59311,0.58802,0.58709,0.58506,0.58599,0.58498,0.59046
0.59257,0.59408,0.58884,0.58909,0.5871,0.58796,0.58596,0.59262
0.59451,0.59509,0.5899,0.5901,0.58809,0.58904,0.58795,0.59352
0.59548,0.59711,0.59212,0.5922,0.59009,0.59099,0.58896,0.59449
0.59746,0.59808,0.59295,0.5931,0.59107,0.59196,0.59097,0.59646
0.59855,0.60009,0.59492,0.59505,0.59209,0.59401,0.59205,0.59747
0.59951,0.60108,0.59593,0.59607,0.59419,0.59514,0.59302,0.5995
0.60154,0.60308,0.5979,0.59808,0.59513,0.59613,0.59505,0.60046
0.60254,0.6041,0.59886,0.59904,0.59718,0.59808,0.59595,0.60249
0.6045,0.60608,0.60092,0.60006,0.59816,0.59909,0.59795,0.60346
0.60546,0.6071,0.60187,0.60212,0.60017,0.60108,0.59896,0.60549
0.60747,0.60821,0.60288,0.60308,0.60113,0.60197,0.60098,0.60652
0.60848,0.61019,0.60496,0.60506,0.6021,0.604,0.60195,0.60746
0.60946,0.61118,0.60596,0.60608,0.60407,0.60498,0.60397,0.60956
0.61145,0.61313,0.60784,0.60805,0.60506,0.60701,0.60496,0.61075
0.61246,0.61417,0.60886,0.60905,0.60715,0.60796,0.60598,0.61253
0.61456,0.61609,0.61083,0.61106,0.60813,0.60902,0.60796,0.61349
0.61555,0.61709,0.61184,0.61217,0.61012,0.61096,0.60897,0.61547
0.61754,0.61911,0.61391,0.61307,0.61113,0.61196,0.61095,0.61647
0.61846,0.62009,0.61494,0.61506,0.61314,0.61407,0.61196,0.61745
0.62045,0.62107,0.61586,0.61607,0.61415,0.6151,0.61407,0.61948
0.62147,0.62327,0.61784,0.61804,0.61512,0.61699,0.61501,0.62059
0.62248,0.62418,0.61885,0.61905,0.61717,0.61796,0.61598,0.62254
0.62446,0.62614,0.62087,0.62127,0.61813,0.62009,0.61798,0.6236
0.62548,0.62712,0.62184,0.62215,0.62008,0.62104,0.61895,0.62547
0.62747,0.62922,0.62393,0.62312,0.62107,0.62208,0.62098,0.62649
0.62847,0.63019,0.62491,0.62514,0.62311,0.62401,0.62196,0.62847
0.63045,0.63216,0.6269,0.6261,0.6241,0.62499,0.62409,0.62948
0.63146,0.63315,0.62784,0.62815,0.6251,0.62705,0.625,0.63052
0.63347,0.63409,0.62885,0.62906,0.62713,0.62804,0.62596,0.63255
0.63448,0.63611,0.63083,0.63107,0.62811,0.63004,0.62798,0.6335
0.63545,0.63708,0.63184,0.63217,0.6301,0.63105,0.62895,0.63549
0.63747,0.63918,0.63398,0.63409,0.63109,0.63201,0.63095,0.63646
0.63858,0.64018,0.63492,0.63505,0.63306,0.63408,0.63196,0.63848
0.64052,0.64213,0.6369,0.63607,0.6341,0.63498,0.63396,0.63946
0.64146,0.64311,0.63787,0.63807,0.63621,0.63695,0.63497,0.64047
0.64345,0.64416,0.63985,0.63905,0.63713,0.638,0.63696,0.64248
0.64447,0.64618,0.64086,0.64105,0.63811,0.64006,0.63798,0.64359
0.64645,0.64718,0.64187,0.64215,0.6401,0.64098,0.63895,0.64559
0.64745,0.64909,0.64394,0.64408,0.64108,0.64299,0.64097,0.64648
0.64847,0.65018,0.64496,0.64507,0.64313,0.64396,0.64199,0.64847
0.65044,0.65213,0.64684,0.64705,0.6441,0.64499,0.64403,0.64952
0.65146,0.65309,0.64785,0.64806,0.64616,0.64701,0.64499,0.65146
0.65344,0.65512,0.64983,0.64907,0.64712,0.64819,0.64712,0.65249
0.65445,0.65609,0.65084,0.65105,0.64814,0.65012,0.64803,0.65346
0.65646,0.65807,0.65295,0.65205,0.65012,0.65102,0.649,0.65549
0.65747,0.65908,0.65394,0.65409,0.65108,0.65296,0.65103,0.65646
0.65858,0.66009,0.6549,0.65507,0.65309,0.65399,0.65195,0.65857
0.66049,0.66211,0.65688,0.65705,0.65407,0.65596,0.65406,0.65954
0.66148,0.66309,0.65784,0.65806,0.65607,0.65696,0.65498,0.6615
0.66346,0.66511,0.65985,0.65907,0.65706,0.658,0.65698,0.66247
0.66446,0.66612,0.66086,0.66104,0.65809,0.66009,0.65796,0.66346
0.66649,0.6681,0.66283,0.66218,0.66018,0.66105,0.65897,0.66548
0.6675,0.66908,0.66387,0.6641,0.66116,0.66301,0.66095,0.66645
0.66952,0.6703,0.66485,0.66505,0.66306,0.66396,0.66196,0.66855
0.67048,0.67213,0.66686,0.66706,0.66415,0.66612,0.66398,0.66948
0.67145,0.67309,0.66783,0.66821,0.66621,0.667,0.66498,0.67148
0.67347,0.67511,0.66984,0.67012,0.66708,0.66798,0.66696,0.67245
0.67445,0.67609,0.67085,0.67106,0.66917,0.67007,0.66798,0.6745
0.67647,0.67808,0.67305,0.67218,0.67011,0.67098,0.66996,0.67547
0.67746,0.67909,0.67399,0.67418,0.67107,0.67296,0.67097,0.67649
0.67948,0.6811,0.67589,0.67511,0.67308,0.67396,0.67194,0.67847
0.68048,0.68208,0.67688,0.67711,0.67407,0.67599,0.67405,0.67948
0.68258,0.68411,0.6781,0.67813,0.67617,0.67696,0.67502,0.6815
0.68352,0.68509,0.67988,0.68008,0.67712,0.67908,0.67697,0.68247
0.68452,0.6861,0.68087,0.68105,0.6791,0.6801,0.67802,0.68446
0.6865,0.68808,0.68285,0.68317,0.68007,0.68104,0.68001,0.68547
0.68748,0.68908,0.684,0.68415,0.68219,0.68307,0.68104,0.68755
0.68949,0.69119,0.68589,0.68511,0.68308,0.68396,0.68195,0.6885
0.69047,0.69217,0.68684,0.68715,0.68414,0.68599,0.68404,0.68947
0.69245,0.69415,0.68886,0.68806,0.68613,0.68695,0.68498,0.69157
0.69347,0.69512,0.68983,0.69005,0.68714,0.68896,0.68696,0.69248
0.69545,0.69614,0.69085,0.69107,0.6891,0.69006,0.68797,0.69456
0.69646,0.69825,0.69295,0.6932,0.69006,0.69198,0.68995,0.69551
0.69747,0.69916,0.69392,0.69414,0.69207,0.69295,0.69096,0.69753
0.69945,0.7011,0.69589,0.69615,0.69309,0.69407,0.69198,0.69847
0.70059,0.70209,0.69706,0.6971,0.69407,0.69601,0.69409,0.69952
0.70259,0.70412,0.69887,0.69806,0.69607,0.697,0.695,0.70146
0.70351,0.7051,0.69984,0.70009,0.69706,0.6991,0.69696,0.70248
0.70554,0.70709,0.70184,0.70107,0.69906,0.70011,0.69798,0.70447
0.70645,0.70811,0.70285,0.70309,0.70009,0.70201,0.69997,0.70548
0.70746,0.70911,0.70406,0.70407,0.7021,0.70298,0.70095,0.7075
0.70957,0.71121,0.70594,0.70605,0.70309,0.70395,0.70298,0.70847
0.71052,0.71214,0.70691,0.70707,0.70418,0.70597,0.70405,0.7095
0.71249,0.71414,0.70891,0.70804,0.70614,0.70699,0.70499,0.71147
0.71347,0.71513,0.70991,0.71018,0.70711,0.70904,0.70696,0.71245
0.71549,0.71718,0.71199,0.71114,0.7091,0.71006,0.70798,0.71462
0.71647,0.71816,0.7132,0.71314,0.71009,0.71199,0.70997,0.71553
0.71856,0.72012,0.71487,0.71405,0.71213,0.71308,0.71094,0.71756
0.71948,0.72109,0.71584,0.71611,0.71339,0.71499,0.71296,0.71851
0.72047,0.72208,0.71687,0.71707,0.71421,0.71596,0.71398,0.72053
0.72246,0.7241,0.71886,0.71906,0.71619,0.71709,0.71496,0.72153
0.72347,0.72507,0.71984,0.72007,0.71713,0.71906,0.71695,0.72258
0.72546,0.7271,0.72186,0.72215,0.71912,0.72005,0.71797,0.7245
0.72647,0.72808,0.72284,0.72311,0.7201,0.72206,0.71996,0.72548
0.72847,0.73013,0.72485,0.72406,0.72206,0.723,0.72098,0.72746
0.72945,0.73116,0.72587,0.72606,0.72309,0.72499,0.72296,0.72848
0.73147,0.73323,0.72784,0.72707,0.7251,0.72596,0.72409,0.73058
0.73248,0.73414,0.72885,0.72906,0.72614,0.72806,0.725,0.73153
0.73345,0.73518,0.72986,0.73008,0.72712,0.72908,0.72697,0.73348
0.73547,0.73717,0.73183,0.73218,0.72911,0.72997,0.728,0.7345
0.73647,0.73815,0.73298,0.7331,0.73007,0.73203,0.72999,0.73546
0.73855,0.74015,0.7349,0.73405,0.73217,0.73296,0.73097,0.73749
0.7395,0.74116,0.73584,0.73607,0.73315,0.73512,0.73303,0.73846
0.74146,0.74318,0.73786,0.73705,0.73511,0.7361,0.73407,0.74052
0.74248,0.74409,0.73883,0.73907,0.7361,0.73799,0.736,0.74147
0.74449,0.74608,0.74085,0.74005,0.73709,0.73896,0.73697,0.74351
0.74547,0.7471,0.74186,0.74206,0.73906,0.74096,0.73796,0.74448
0.74645,0.74808,0.74284,0.74308,0.74008,0.74198,0.73996,0.74546
0.74846,0.75019,0.74495,0.74508,0.74208,0.74296,0.74108,0.74748
0.74948,0.75117,0.74592,0.74605,0.74306,0.74498,0.74305,0.74846
0.75147,0.75315,0.74791,0.74706,0.74518,0.74599,0.74396,0.7506
0.7525,0.75413,0.74892,0.74905,0.74615,0.74808,0.74607,0.75158
0.75464,0.7561,0.7509,0.75006,0.74813,0.74907,0.74704,0.75348
0.75548,0.75708,0.75196,0.75218,0.74914,0.75105,0.748,0.75446
0.75646,0.7591,0.754,0.75308,0.75018,0.75202,0.75004,0.75651
0.75856,0.76015,0.75487,0.75509,0.75209,0.75402,0.75096,0.75748
0.75953,0.76115,0.75584,0.75606,0.75308,0.75505,0.75296,0.75845
0.7615,0.76315,0.75784,0.75805,0.7551,0.75597,0.75404,0.76048
0.76248,0.76421,0.75885,0.75906,0.75614,0.75796,0.75602,0.76162
0.76447,0.76617,0.76095,0.76017,0.75813,0.75903,0.75698,0.76354
0.76545,0.76712,0.76186,0.7625,0.75911,0.761,0.75809,0.76448
0.76746,0.76911,0.76392,0.76318,0.76012,0.76199,0.75997,0.76646
0.76858,0.7701,0.76504,0.76511,0.76208,0.76397,0.76096,0.76748
0.76949,0.77209,0.76699,0.76613,0.76306,0.76499,0.76295,0.76946
0.77145,0.77311,0.76789,0.76814,0.7651,0.76709,0.76397,0.77058
0.77245,0.77409,0.76887,0.76912,0.76609,0.76805,0.76603,0.77154
0.77448,0.77607,0.77084,0.7712,0.76806,0.76904,0.76699,0.77356
0.77545,0.77709,0.77185,0.77212,0.76908,0.77101,0.76898,0.7745
0.77746,0.77909,0.77395,0.77318,0.77007,0.77202,0.76997,0.7765
0.77855,0.78011,0.77494,0.77513,0.77207,0.77403,0.77094,0.77748
0.7805,0.78214,0.77686,0.7761,0.77305,0.77504,0.77297,0.77946
0.78145,0.78312,0.77784,0.77813,0.7751,0.77707,0.77395,0.78058
0.78247,0.78526,0.77986,0.77914,0.77618,0.77799,0.776,0.78158
0.78448,0.78616,0.78084,0.78112,0.7781,0.77997,0.77695,0.78354
0.78546,0.78709,0.78185,0.78214,0.77907,0.781,0.77898,0.78465
0.78757,0.78912,0.78391,0.78414,0.78108,0.78197,0.77997,0.78652
0.78855,0.79009,0.78485,0.78511,0.78206,0.78399,0.78095,0.78748
0.79055,0.79208,0.78686,0.78614,0.78309,0.78501,0.78294,0.78946
0.79153,0.7931,0.78787,0.78815,0.78513,0.78699,0.78408,0.79057
0.79248,0.79509,0.78984,0.78914,0.78616,0.78795,0.78602,0.79264
0.79446,0.79614,0.79085,0.79115,0.78809,0.79011,0.78701,0.79353
0.79547,0.79809,0.79304,0.79212,0.78909,0.79106,0.78899,0.7945
0.79748,0.7991,0.794,0.79412,0.79109,0.79296,0.78996,0.79647
0.79846,0.80008,0.79487,0.7951,0.79207,0.79397,0.79097,0.79747
0.80058,0.8021,0.79712,0.79713,0.79309,0.79499,0.79295,0.79948
0.80153,0.80308,0.79799,0.79812,0.79508,0.79695,0.79398,0.80046
0.80351,0.80511,0.79994,0.79911,0.79609,0.79797,0.79608,0.80258
0.80448,0.80609,0.80093,0.80112,0.79814,0.8001,0.797,0.8035
0.80647,0.80811,0.80292,0.80451,0.79916,0.80107,0.79897,0.80447
0.80748,0.80911,0.8039,0.80522,0.80108,0.80306,0.79996,0.80648
0.80856,0.81145,0.8061,0.80711,0.80208,0.80401,0.80195,0.80746
0.81049,0.81212,0.80687,0.80814,0.80418,0.8064,0.80297,0.80961
0.81149,0.81309,0.80786,0.81026,0.80514,0.80713,0.80405,0.81058
0.81348,0.81513,0.80987,0.81126,0.80614,0.80807,0.80602,0.81269
0.81446,0.81627,0.81084,0.81216,0.80813,0.81008,0.80697,0.8135
0.81649,0.81817,0.81286,0.81415,0.80907,0.811,0.80897,0.81548
0.81746,0.81919,0.81395,0.81514,0.81108,0.81298,0.80995,0.81657
0.81955,0.82112,0.81587,0.81713,0.81207,0.81395,0.81198,0.81765
0.82054,0.82212,0.81687,0.8181,0.81419,0.81597,0.81295,0.81948
0.82151,0.82411,0.81887,0.82012,0.81512,0.817,0.81405,0.82046
0.82347,0.82513,0.81985,0.82114,0.81611,0.81905,0.81604,0.82247
0.82447,0.8261,0.82086,0.82215,0.81809,0.82014,0.81703,0.82357
0.82645,0.82808,0.82287,0.82417,0.81907,0.82107,0.81905,0.82551
0.82747,0.8291,0.8239,0.82512,0.82108,0.82308,0.81997,0.82651
0.82945,0.83118,0.82584,0.82965,0.82207,0.82398,0.82197,0.82748
0.83047,0.83219,0.82686,0.83109,0.82408,0.82596,0.82295,0.82946
0.83245,0.83422,0.82887,0.83308,0.82507,0.82699,0.82507,0.83059
0.83346,0.83518,0.82985,0.83406,0.82609,0.82908,0.82601,0.83268
0.83447,0.83711,0.83186,0.83507,0.82809,0.83006,0.82707,0.83351
0.83645,0.83809,0.83283,0.83708,0.82907,0.83201,0.82901,0.8355
0.83746,0.83908,0.83388,0.83805,0.83116,0.83296,0.82997,0.83647
0.83953,0.84121,0.83586,0.84005,0.83215,0.83399,0.83197,0.8385
0.84069,0.84214,0.83684,0.84107,0.83417,0.83597,0.83294,0.83947
0.84251,0.84412,0.83886,0.84318,0.83519,0.83695,0.83498,0.8406
0.84346,0.8452,0.83983,0.84416,0.83715,0.83909,0.83597,0.84259
0.84447,0.84717,0.84184,0.84512,0.83811,0.84005,0.83695,0.84348
0.84657,0.84809,0.84303,0.84713,0.83909,0.84207,0.83897,0.84547
0.84751,0.85021,0.84394,0.84807,0.8411,0.84301,0.83995,0.84648
0.84946,0.85114,0.84592,0.85275,0.84208,0.84495,0.84197,0.84846
0.85045,0.85211,0.84699,0.85408,0.84415,0.84597,0.84295,0.84947
0.85246,0.85409,0.84891,0.85717,0.84511,0.84699,0.84496,0.85148
0.85344,0.85508,0.84994,0.8583,0.84714,0.84897,0.84598,0.85246
0.85546,0.8571,0.85194,0.86013,0.84811,0.85007,0.84696,0.85348
0.85646,0.85818,0.85291,0.86107,0.84908,0.85196,0.84894,0.85561
0.85748,0.86022,0.85495,0.86315,0.85108,0.85307,0.85005,0.85658
0.85959,0.86118,0.85586,0.86412,0.85206,0.8552,0.85203,0.85855
0.86054,0.86316,0.85684,0.8661,0.85418,0.856,0.85307,0.85961
0.86251,0.86408,0.85887,0.86706,0.8551,0.85697,0.855,0.86157
0.86346,0.86511,0.85983,0.86908,0.8571,0.85908,0.85595,0.86257
0.86548,0.86712,0.86195,0.87005,0.85809,0.86009,0.85795,0.8635
0.86645,0.86814,0.8629,0.87107,0.86011,0.86197,0.85897,0.86548
0.86855,0.87018,0.86497,0.87309,0.86106,0.86304,0.85995,0.86651
0.86953,0.87126,0.86592,0.87407,0.86208,0.86499,0.86198,0.86853
0.87049,0.87319,0.86791,0.87617,0.86416,0.86597,0.86296,0.86972
0.87248,0.87414,0.86886,0.87712,0.86516,0.86799,0.86496,0.87158
0.87355,0.87615,0.86983,0.87909,0.86717,0.86896,0.86598,0.87268
0.87555,0.87708,0.87185,0.88007,0.86812,0.87101,0.86797,0.87453
0.87655,0.87811,0.87286,0.88117,0.87016,0.87199,0.86895,0.87546
0.87851,0.88026,0.87485,0.88323,0.87108,0.87296,0.86997,0.87648
0.87946,0.88115,0.87587,0.88413,0.87208,0.87499,0.87195,0.87849
0.88145,0.88308,0.87784,0.8862,0.87413,0.87596,0.87297,0.87946
0.88247,0.88411,0.87887,0.88707,0.8752,0.878,0.87497,0.88148
0.88344,0.8861,0.88091,0.88906,0.87714,0.87908,0.87596,0.88246
0.88546,0.88708,0.88186,0.89007,0.87809,0.88105,0.87794,0.88448
0.88647,0.8891,0.88287,0.89216,0.88007,0.88206,0.87896,0.88546
0.88859,0.8902,0.88494,0.89312,0.8812,0.88302,0.88095,0.88648
0.88953,0.89123,0.88585,0.89408,0.88217,0.88497,0.88197,0.88846
0.89149,0.89318,0.88787,0.89608,0.88413,0.88609,0.88294,0.88947
0.89247,0.89409,0.88884,0.89715,0.88518,0.88813,0.88497,0.8916
0.89446,0.8962,0.89086,0.8991,0.88715,0.88905,0.88595,0.89264
0.89547,0.89716,0.89183,0.90006,0.8881,0.89103,0.88797,0.89454
0.89648,0.89913,0.89397,0.90206,0.89008,0.89196,0.88895,0.89563
0.89847,0.90012,0.89495,0.90316,0.89108,0.89399,0.89097,0.89757
0.89945,0.90112,0.8959,0.90414,0.89308,0.89497,0.89195,0.89865
0.90156,0.90311,0.89785,0.90617,0.89413,0.89599,0.89406,0.89948
0.90255,0.90463,0.89883,0.90714,0.89521,0.89797,0.89498,0.90148
0.90456,0.90619,0.90096,0.90906,0.89717,0.8991,0.89598,0.90253
0.90546,0.90718,0.90187,0.91005,0.89813,0.90105,0.89796,0.90466
0.90749,0.90911,0.90401,0.91216,0.90011,0.90227,0.89904,0.90551
0.90856,0.91018,0.90497,0.91311,0.90119,0.90412,0.90113,0.90748
0.90948,0.91218,0.90689,0.91507,0.90308,0.90511,0.90202,0.90846
0.91147,0.91311,0.90788,0.91605,0.9042,0.9072,0.90407,0.91065
0.91249,0.91409,0.90885,0.91706,0.90515,0.90801,0.90498,0.91159
0.91452,0.91608,0.91083,0.91915,0.90709,0.9091,0.90598,0.91265
0.91554,0.91709,0.91185,0.92015,0.90806,0.91104,0.90797,0.91451
0.91748,0.91912,0.91395,0.92212,0.91007,0.91204,0.90895,0.91548
0.91846,0.9201,0.91493,0.92314,0.91105,0.91403,0.91098,0.91749
0.92049,0.92222,0.9169,0.92511,0.91309,0.91507,0.91196,0.91846
0.92147,0.92316,0.91786,0.92608,0.91415,0.91706,0.91407,0.92057
0.92245,0.92514,0.91984,0.92706,0.91611,0.91796,0.91499,0.9216
0.92461,0.92609,0.92085,0.92905,0.91717,0.92006,0.91697,0.92257
0.92553,0.92711,0.92186,0.93006,0.91815,0.92105,0.91796,0.92458
0.92757,0.92912,0.92397,0.93211,0.92018,0.92203,0.91903,0.92559
0.92845,0.93018,0.92488,0.93313,0.92107,0.92401,0.92102,0.9275
0.93049,0.93212,0.92685,0.93514,0.92308,0.92499,0.92195,0.92847
0.93146,0.93313,0.92786,0.93623,0.92419,0.92697,0.92404,0.93057
0.93347,0.93509,0.92983,0.93812,0.92621,0.92798,0.92498,0.93158
0.93455,0.93608,0.93084,0.93907,0.92714,0.92996,0.92695,0.93354
0.93552,0.9371,0.93304,0.94006,0.92811,0.93098,0.92797,0.93447
0.9375,0.9391,0.934,0.94211,0.93006,0.93296,0.92895,0.93549
0.93852,0.94008,0.93496,0.94315,0.93106,0.93398,0.93095,0.93748
0.94051,0.94212,0.93719,0.9451,0.93307,0.93496,0.93197,0.93849
0.94147,0.9431,0.93788,0.94607,0.9341,0.93697,0.93398,0.94049
0.94346,0.94514,0.93987,0.94807,0.93611,0.93795,0.93497,0.94161
0.94447,0.94608,0.94084,0.94907,0.93707,0.94006,0.93707,0.9435
0.94645,0.94811,0.94285,0.95106,0.93907,0.94097,0.93802,0.94446
0.94745,0.94908,0.94398,0.95227,0.94006,0.943,0.94002,0.94547
0.94847,0.95019,0.94593,0.95311,0.94109,0.94397,0.94107,0.94759
0.95048,0.95213,0.94697,0.95507,0.94309,0.94596,0.94199,0.9485
0.95146,0.9534,0.94795,0.95606,0.94419,0.94698,0.94417,0.95056
0.95347,0.95515,0.94988,0.95805,0.94615,0.94796,0.94501,0.95184
0.95447,0.95612,0.95085,0.95906,0.94712,0.95008,0.94695,0.95355
0.95644,0.95824,0.95294,0.96109,0.94909,0.95101,0.94799,0.95449
0.95745,0.95913,0.95393,0.96216,0.95008,0.95299,0.94999,0.95654
0.95859,0.96118,0.9559,0.96313,0.95106,0.95396,0.95097,0.95749
0.96053,0.96214,0.95686,0.9651,0.95307,0.95598,0.95296,0.95847
0.96151,0.96315,0.95885,0.96607,0.9541,0.95695,0.95406,0.96048
0.96355,0.96512,0.95986,0.96812,0.95622,0.95906,0.95501,0.96148
0.96447,0.96608,0.96083,0.96914,0.95715,0.96011,0.95695,0.96346
0.96645,0.96808,0.96286,0.97113,0.95911,0.96101,0.95798,0.96448
0.96747,0.9691,0.96394,0.97214,0.96008,0.963,0.95998,0.9666
0.96946,0.97109,0.96589,0.9741,0.9621,0.96397,0.96098,0.96756
0.97045,0.97208,0.96685,0.97514,0.96305,0.96599,0.96297,0.96854
0.97146,0.9731,0.96898,0.97605,0.96412,0.96696,0.96408,0.97053
0.97348,0.97508,0.96994,0.97808,0.96614,0.96897,0.96502,0.97154
0.97445,0.97609,0.9719,0.97905,0.96713,0.97008,0.96695,0.97353
0.97647,0.97807,0.97292,0.98108,0.96913,0.97097,0.96798,0.97464
0.97748,0.97912,0.97395,0.98209,0.97009,0.97295,0.96997,0.97648
0.97958,0.9812,0.97593,0.98411,0.97213,0.97396,0.97095,0.97747
0.98053,0.98216,0.97685,0.98523,0.97306,0.97598,0.97297,0.97946
0.98255,0.98416,0.97887,0.98608,0.9742,0.97696,0.97407,0.98048
0.9835,0.98512,0.97986,0.98817,0.97618,0.97912,0.97601,0.98158
0.98446,0.98608,0.98183,0.98914,0.97712,0.98009,0.97698,0.98353
0.98645,0.98811,0.98285,0.9911,0.97908,0.98208,0.97796,0.98448
0.98746,0.98908,0.98488,0.99212,0.98008,0.98297,0.97997,0.98647
0.98954,0.99117,0.98585,0.99412,0.98208,0.98496,0.98095,0.98755
0.99048,0.99212,0.98687,0.99508,0.98318,0.98598,0.98298,0.98967
0.99248,0.99411,0.98897,0.99707,0.98509,0.98695,0.98408,0.99054
0.99355,0.99509,0.98995,0.99805,0.98616,0.98909,0.986,0.99158
0.99554,0.99611,0.99188,0.99931,0.98711,0.99013,0.98696,0.99353
0.99649,0.9981,0.9929,1.0011,0.98909,0.99205,0.98799,0.99447
0.99748,0.99908,0.99496,1.0021,0.99008,0.99305,0.99001,0.9965
0.99947,1.0012,0.99589,1.0041,0.99208,0.99514,0.99097,0.99747
1.0006,1.0021,0.99784,1.0051,0.99306,0.9961,0.99296,0.99965
1.0025,1.0041,0.99885,1.0071,0.99515,0.99698,0.99397,1.0006
1.0035,1.0051,0.99983,1.0081,0.99608,0.99908,0.99599,1.0026
1.0055,1.0071,1.0019,1.01,0.99707,1.0001,0.99697,1.0035
1.0064,1.0081,1.0028,1.0111,0.99906,1.0021,0.99896,1.0045
1.0086,1.0091,1.005,1.012,1.0001,1.003,0.99996,1.0065
1.0095,1.0112,1.0059,1.0141,1.0021,1.005,1.0009,1.0075
1.0105,1.0121,1.0079,1.015,1.0032,1.006,1.0029,1.0095
1.0125,1.0141,1.0089,1.0171,1.0052,1.008,1.004,1.0105
1.0136,1.0152,1.0109,1.0181,1.0061,1.009,1.006,1.0125
1.0155,1.0172,1.0119,1.0201,1.0081,1.0101,1.007,1.0135
1.0165,1.0181,1.0129,1.0211,1.0091,1.012,1.0089,1.0155
1.0185,1.0202,1.0149,1.0221,1.0101,1.013,1.01,1.0165
1.0195,1.0211,1.0159,1.0241,1.0121,1.015,1.012,1.0175
1.0205,1.0222,1.0179,1.0251,1.0131,1.016,1.013,1.0195
1.0225,1.0241,1.0189,1.0271,1.0151,1.018,1.0141,1.0205
1.0235,1.0251,1.0209,1.0281,1.0161,1.019,1.016,1.0225
1.0255,1.0271,1.0218,1.0301,1.0182,1.0211,1.017,1.0235
1.0265,1.0281,1.024,1.0311,1.0192,1.0221,1.019,1.0255
1.0285,1.0301,1.0249,1.0331,1.0201,1.023,1.02,1.0265
1.0295,1.0311,1.0259,1.0341,1.0221,1.0251,1.0221,1.0276
1.0315,1.0321,1.028,1.0351,1.0231,1.0261,1.0231,1.0295
1.0324,1.0341,1.0289,1.0371,1.0252,1.0281,1.024,1.0305
1.0335,1.0351,1.0309,1.038,1.0261,1.029,1.0261,1.0326
1.0355,1.0371,1.0319,1.0401,1.0282,1.031,1.027,1.0336
1.0365,1.0382,1.0339,1.0411,1.0291,1.032,1.029,1.0355
1.0386,1.0402,1.0349,1.0431,1.0311,1.034,1.03,1.0365
1.0395,1.0412,1.037,1.0441,1.0321,1.035,1.032,1.0385
1.0415,1.0432,1.0379,1.0451,1.0331,1.036,1.033,1.0395
1.0425,1.0442,1.0389,1.0471,1.0351,1.038,1.035,1.0405
1.0445,1.0451,1.0409,1.0481,1.0362,1.039,1.036,1.0426
1.0456,1.0474,1.0418,1.0501,1.0381,1.041,1.037,1.0437
1.0466,1.0482,1.0439,1.051,1.0391,1.042,1.039,1.0457
1.0485,1.0502,1.0449,1.0532,1.0411,1.0441,1.04,1.0465
1.0495,1.0512,1.0468,1.0542,1.0423,1.045,1.042,1.0485
1.0516,1.0531,1.0479,1.0561,1.0431,1.047,1.043,1.0495
1.0525,1.0541,1.0498,1.0571,1.0451,1.048,1.0451,1.0505
1.0545,1.0551,1.0509,1.0581,1.0462,1.0491,1.046,1.0525
1.0554,1.0571,1.0518,1.0601,1.0482,1.051,1.048,1.0535
1.0575,1.0582,1.054,1.0612,1.0491,1.052,1.049,1.0555
1.0585,1.0602,1.0549,1.0632,1.0511,1.054,1.05,1.0565
1.0595,1.0612,1.0571,1.0641,1.0521,1.055,1.052,1.0585
1.0615,1.0631,1.0579,1.0661,1.0531,1.057,1.053,1.0595
1.0625,1.0641,1.0599,1.0671,1.0551,1.058,1.055,1.0616
1.0645,1.0661,1.0609,1.0691,1.0561,1.06,1.056,1.0625
1.0655,1.0671,1.0628,1.0701,1.0582,1.061,1.058,1.0636
1.0675,1.0681,1.0639,1.0711,1.0591,1.062,1.0591,1.0656
1.0686,1.0701,1.0649,1.0731,1.0611,1.064,1.06,1.0665
1.0705,1.0711,1.0669,1.0741,1.0621,1.065,1.062,1.0686
1.0715,1.0731,1.068,1.0761,1.0642,1.067,1.063,1.0696
1.0725,1.0741,1.0699,1.0771,1.0652,1.068,1.065,1.0716
1.0744,1.0762,1.0709,1.0791,1.0662,1.0701,1.066,1.0725
1.0755,1.0772,1.0729,1.0801,1.0682,1.0711,1.068,1.0735
1.0775,1.0792,1.074,1.0811,1.0691,1.073,1.069,1.0757
1.0785,1.0802,1.0758,1.0831,1.0711,1.074,1.071,1.0765
1.0805,1.0811,1.0769,1.0841,1.0721,1.075,1.072,1.0785
1.0815,1.0831,1.0779,1.086,1.0741,1.077,1.073,1.0795
1.0825,1.0841,1.0798,1.0871,1.0751,1.0781,1.075,1.0815
1.0845,1.0861,1.0809,1.089,1.0762,1.08,1.0761,1.0825
1.0854,1.0871,1.0829,1.0901,1.0782,1.081,1.078,1.0845
1.0875,1.0891,1.0839,1.0922,1.0792,1.083,1.079,1.0855
1.0885,1.0901,1.0859,1.0933,1.0811,1.084,1.081,1.0865
1.0904,1.0921,1.0869,1.0941,1.0821,1.086,1.0819,1.0885
1.0915,1.0931,1.0888,1.0961,1.0841,1.087,1.084,1.0895
1.0935,1.0942,1.0899,1.0971,1.0852,1.088,1.085,1.0916
1.0945,1.0962,1.0909,1.0991,1.0872,1.09,1.086,1.0927
1.0955,1.0971,1.093,1.1001,1.0881,1.091,1.088,1.0945
1.0975,1.0991,1.0939,1.1021,1.0908,1.093,1.0889,1.0955
1.0985,1.1001,1.0959,1.1032,1.0911,1.094,1.091,1.0965
1.1006,1.1021,1.0972,1.1051,1.0921,1.096,1.092,1.0985
1.1015,1.1031,1.0989,1.1061,1.0941,1.097,1.094,1.0995
1.1035,1.1041,1.0999,1.1071,1.0951,1.0991,1.095,1.1016
1.1044,1.1061,1.1008,1.1091,1.0972,1.1001,1.096,1.1026
1.1065,1.1071,1.1029,1.1101,1.0981,1.101,1.098,1.1046
1.1075,1.1091,1.1039,1.1121,1.0991,1.103,1.099,1.1056
1.1086,1.1102,1.1059,1.1131,1.1012,1.104,1.101,1.1076
1.1105,1.1121,1.1069,1.1151,1.1021,1.106,1.102,1.1085
1.1115,1.1131,1.109,1.1161,1.1041,1.107,1.1041,1.1095
1.1135,1.1151,1.11,1.1181,1.1051,1.109,1.105,1.1115
1.1144,1.1161,1.1119,1.1191,1.1072,1.11,1.107,1.1125
1.1165,1.1171,1.1129,1.1201,1.1081,1.1111,1.108,1.1145
1.1175,1.1191,1.1139,1.1221,1.1101,1.1132,1.1091,1.1155
1.1195,1.1201,1.1159,1.1231,1.1111,1.114,1.1111,1.1175
1.1205,1.1221,1.1168,1.1251,1.1121,1.116,1.112,1.1185
1.1215,1.1231,1.1188,1.1261,1.1142,1.117,1.114,1.1205
1.1235,1.1251,1.1199,1.1282,1.1151,1.1191,1.115,1.1216
1.1245,1.1261,1.1219,1.1291,1.1171,1.1201,1.117,1.1225
1.1265,1.1271,1.1228,1.1301,1.1181,1.1221,1.118,1.1245
1.1275,1.1292,1.1249,1.1321,1.1201,1.123,1.12,1.1255
1.1295,1.1301,1.1259,1.1331,1.1211,1.124,1.121,1.1275
1.1305,1.1321,1.1268,1.1351,1.1221,1.126,1.122,1.1285
1.1314,1.1331,1.1289,1.1361,1.1242,1.127,1.124,1.1306
1.1336,1.1351,1.1298,1.1382,1.1252,1.1291,1.125,1.1316
1.1346,1.1361,1.1318,1.1391,1.1271,1.1301,1.127,1.1325
1.1365,1.1382,1.1329,1.1412,1.1281,1.132,1.128,1.1345
1.1375,1.1392,1.1349,1.1421,1.1301,1.133,1.13,1.1355
1.1395,1.1402,1.136,1.1431,1.1311,1.1349,1.131,1.1375
1.1405,1.1422,1.1379,1.1451,1.1321,1.136,1.132,1.1385
1.1425,1.1432,1.1388,1.1461,1.1341,1.1381,1.134,1.1406
1.1435,1.1451,1.1398,1.1481,1.1351,1.1391,1.135,1.1416
1.1445,1.1461,1.142,1.1491,1.1371,1.1401,1.137,1.1436
1.1465,1.1481,1.1429,1.1511,1.1382,1.142,1.138,1.1445
1.1475,1.1491,1.1449,1.1522,1.1402,1.143,1.14,1.1455
1.1495,1.1512,1.1459,1.1531,1.1411,1.145,1.141,1.1475
1.1505,1.1522,1.1479,1.1551,1.1432,1.146,1.1429,1.1485
1.1525,1.1532,1.1488,1.1561,1.1441,1.148,1.144,1.1505
1.1535,1.1552,1.1508,1.1581,1.1451,1.149,1.145,1.1516
1.1544,1.1561,1.1519,1.1591,1.1472,1.1511,1.147,1.1536
1.1564,1.1582,1.153,1.1611,1.1481,1.1521,1.148,1.1545
1.1575,1.1591,1.1549,1.1621,1.1501,1.153,1.15,1.1555
1.1595,1.1612,1.1559,1.1641,1.1511,1.155,1.1509,1.1575
1.1605,1.1621,1.1579,1.165,1.1531,1.156,1.153,1.1585
1.1625,1.1632,1.1589,1.1661,1.1542,1.158,1.154,1.1606
1.1635,1.1652,1.1609,1.168,1.1552,1.159,1.155,1.1616
1.1655,1.1662,1.1618,1.1691,1.1571,1.161,1.157,1.1637
1.1665,1.1681,1.1639,1.1711,1.1581,1.162,1.158,1.1645
1.1685,1.1691,1.1649,1.1721,1.1601,1.163,1.16,1.1665
1.1695,1.1711,1.1659,1.1741,1.1611,1.1651,1.161,1.1675
1.1704,1.1721,1.1679,1.1751,1.1631,1.1661,1.1631,1.1685
1.1725,1.1741,1.1688,1.1771,1.1642,1.168,1.164,1.1706
1.1735,1.1751,1.1708,1.178,1.1661,1.1691,1.166,1.1716
1.1754,1.1761,1.1719,1.1791,1.1671,1.171,1.167,1.1735
1.1765,1.1782,1.1739,1.181,1.1681,1.172,1.168,1.1745
1.1785,1.1791,1.1748,1.1821,1.1702,1.174,1.17,1.1765
1.1795,1.1812,1.1769,1.1841,1.1712,1.175,1.171,1.1775
1.1805,1.1821,1.1779,1.1851,1.1731,1.176,1.1729,1.1795
1.1825,1.1841,1.1788,1.1873,1.1741,1.178,1.174,1.1805
1.1835,1.1851,1.1808,1.1881,1.1762,1.179,1.1761,1.1816
1.1855,1.1861,1.1818,1.1891,1.1772,1.181,1.177,1.1836
1.1865,1.1883,1.1839,1.1911,1.1781,1.182,1.179,1.1845
1.1885,1.1892,1.1848,1.1925,1.1801,1.1841,1.18,1.1866
1.1895,1.1912,1.1868,1.1941,1.1811,1.1851,1.1809,1.1876
1.1915,1.1922,1.1879,1.1951,1.1831,1.187,1.183,1.1896
1.1925,1.1942,1.1898,1.1971,1.1841,1.188,1.1841,1.1905
1.1935,1.1951,1.1909,1.1981,1.1862,1.189,1.186,1.1916
1.1955,1.1971,1.1919,1.2001,1.1871,1.191,1.187,1.1935
1.1966,1.1982,1.1939,1.2011,1.1881,1.192,1.189,1.1947
1.1985,1.1992,1.1951,1.2021,1.1901,1.194,1.19,1.1965
1.1995,1.2011,1.1971,1.2041,1.1911,1.195,1.1919,1.1975
1.2015,1.2021,1.1979,1.205,1.1931,1.197,1.193,1.1995
1.2025,1.2041,1.1998,1.2071,1.1941,1.1981,1.194,1.2005
1.2045,1.2051,1.2009,1.2081,1.1962,1.2001,1.1961,1.2025
1.2056,1.2071,1.2018,1.2101,1.1971,1.201,1.197,1.2035
1.2065,1.2081,1.2039,1.211,1.1991,1.2022,1.1991,1.2045
1.2086,1.2102,1.2048,1.2131,1.2001,1.204,1.2,1.2065
1.2096,1.2112,1.2069,1.2141,1.2011,1.205,1.202,1.2075
1.2115,1.2121,1.2078,1.2151,1.2031,1.207,1.203,1.2095
1.2125,1.2141,1.21,1.217,1.2042,1.208,1.2039,1.2106
1.2145,1.2151,1.211,1.2181,1.2061,1.21,1.206,1.2126
1.2155,1.2173,1.2129,1.22,1.2072,1.211,1.207,1.2135
1.2175,1.2182,1.2139,1.2211,1.2092,1.213,1.209,1.2146
1.2185,1.2202,1.2159,1.2231,1.2102,1.214,1.21,1.2167
1.2195,1.2212,1.2169,1.2241,1.2111,1.2151,1.212,1.2175
1.2215,1.2221,1.2179,1.2252,1.2131,1.217,1.213,1.2195
1.2225,1.2242,1.2198,1.2271,1.2141,1.218,1.215,1.2206
1.2246,1.2252,1.2209,1.2282,1.2161,1.2201,1.216,1.2225
1.2255,1.2271,1.2228,1.2301,1.2171,1.221,1.217,1.2236
1.2275,1.2281,1.2243,1.2312,1.2191,1.223,1.219,1.2255
1.2285,1.2302,1.226,1.2331,1.2201,1.224,1.22,1.2265
1.2295,1.2312,1.227,1.2343,1.2211,1.226,1.222,1.2275
1.2315,1.2331,1.2279,1.2361,1.2233,1.227,1.223,1.2295
1.2325,1.2342,1.2301,1.2371,1.2242,1.228,1.225,1.2305
1.2345,1.2352,1.2309,1.2381,1.2262,1.23,1.2259,1.2325
1.2355,1.2372,1.233,1.24,1.2271,1.2311,1.227,1.2337
1.2375,1.2382,1.234,1.2411,1.2291,1.2331,1.229,1.2355
1.2385,1.2402,1.2359,1.2431,1.2301,1.2341,1.23,1.2365
1.2405,1.2411,1.2372,1.2441,1.2321,1.236,1.232,1.2375
1.2415,1.2432,1.239,1.2461,1.2331,1.237,1.233,1.2395
1.2425,1.2441,1.2399,1.247,1.2341,1.238,1.235,1.2406
1.2445,1.2461,1.2409,1.2491,1.2361,1.2401,1.236,1.2425
1.2455,1.2471,1.2429,1.25,1.2371,1.2411,1.238,1.2435
1.2476,1.2482,1.2439,1.2511,1.2391,1.243,1.239,1.2456
1.2486,1.2502,1.2459,1.2531,1.2401,1.244,1.24,1.2466
1.2505,1.2512,1.247,1.254,1.2421,1.246,1.242,1.2487
1.2516,1.2532,1.2489,1.256,1.2431,1.247,1.243,1.2495
1.2535,1.2541,1.2499,1.2571,1.2442,1.249,1.2451,1.2506
1.2545,1.2561,1.252,1.2591,1.2462,1.25,1.2461,1.2526
1.2555,1.2571,1.2529,1.2601,1.2472,1.2521,1.2481,1.2535
1.2575,1.2582,1.2539,1.261,1.2492,1.253,1.2491,1.2555
1.2585,1.2602,1.2559,1.2631,1.2501,1.254,1.25,1.2565
1.2605,1.2612,1.2572,1.2641,1.2521,1.256,1.252,1.2586
1.2615,1.2631,1.259,1.2661,1.2531,1.257,1.253,1.2596
1.2635,1.2641,1.2599,1.2671,1.2552,1.2591,1.2551,1.2608
1.2645,1.2661,1.262,1.2691,1.2561,1.2601,1.256,1.2626
1.2665,1.2671,1.2629,1.2701,1.2571,1.2621,1.258,1.2636
1.2675,1.2691,1.2649,1.2722,1.2591,1.263,1.259,1.2656
1.2686,1.2701,1.2659,1.2732,1.2601,1.265,1.26,1.2665
1.2705,1.2711,1.267,1.2741,1.2622,1.266,1.262,1.2685
1.2715,1.2731,1.269,1.2761,1.2632,1.267,1.263,1.2695
1.2735,1.2741,1.27,1.2771,1.2652,1.2691,1.265,1.2716
1.2746,1.2761,1.272,1.2791,1.2661,1.2701,1.266,1.2725
1.2765,1.2771,1.273,1.2801,1.2671,1.272,1.268,1.2735
1.2775,1.2792,1.2749,1.2821,1.2691,1.273,1.269,1.2755
1.2795,1.2802,1.2759,1.2831,1.2701,1.275,1.271,1.2765
1.2805,1.2811,1.2781,1.2841,1.2721,1.276,1.272,1.2785
1.2815,1.2832,1.279,1.2861,1.2731,1.277,1.2729,1.2795
1.2835,1.2842,1.2799,1.2871,1.2751,1.2791,1.2751,1.2816
1.2845,1.2861,1.2822,1.2891,1.2761,1.2801,1.276,1.2825
1.2865,1.2871,1.283,1.2901,1.2771,1.282,1.278,1.2835
1.2875,1.2891,1.2849,1.2921,1.2791,1.283,1.279,1.2855
1.2896,1.2902,1.286,1.2931,1.2801,1.2851,1.2811,1.2865
1.2905,1.2921,1.2879,1.2951,1.2821,1.2861,1.282,1.2885
1.2925,1.2931,1.2889,1.2962,1.2831,1.2881,1.283,1.2895
1.2935,1.2941,1.2909,1.2971,1.2851,1.2891,1.285,1.2916
1.2944,1.2961,1.292,1.2991,1.2862,1.29,1.286,1.2925
1.2965,1.2971,1.2929,1.3,1.2882,1.292,1.288,1.2945
1.2975,1.2991,1.295,1.3021,1.2891,1.293,1.289,1.2955
1.2995,1.3001,1.2959,1.3031,1.2901,1.295,1.291,1.2965
1.3005,1.3021,1.298,1.305,1.2921,1.296,1.2919,1.2987
1.3024,1.3031,1.2989,1.3061,1.2931,1.298,1.293,1.2995
1.3035,1.3051,1.301,1.3081,1.2952,1.299,1.295,1.3016
1.3055,1.3061,1.3021,1.3091,1.2961,1.3011,1.296,1.3025
1.3066,1.3071,1.304,1.31,1.2981,1.3021,1.298,1.3045
1.3076,1.3092,1.305,1.3121,1.2991,1.303,1.299,1.3055
1.3095,1.3102,1.3059,1.3132,1.3002,1.305,1.301,1.3075
1.3105,1.3121,1.3083,1.3151,1.3021,1.306,1.302,1.3085
1.3125,1.3131,1.309,1.3161,1.3031,1.308,1.3041,1.3095
1.3135,1.3151,1.311,1.3181,1.3051,1.3091,1.305,1.3116
1.3155,1.3161,1.312,1.3191,1.3062,1.3111,1.306,1.3125
1.3165,1.3171,1.314,1.3201,1.3081,1.312,1.308,1.3145
1.3175,1.3191,1.3149,1.3222,1.3091,1.314,1.309,1.3155
1.3196,1.3201,1.3174,1.3231,1.3111,1.3151,1.311,1.3175
1.3205,1.3221,1.318,1.3251,1.3121,1.316,1.3119,1.3185
1.3225,1.3231,1.3189,1.3261,1.3131,1.318,1.314,1.3195
1.3235,1.3251,1.3209,1.3281,1.3151,1.319,1.315,1.3216
1.3255,1.3261,1.322,1.3291,1.3161,1.321,1.316,1.3225
1.3265,1.3282,1.3242,1.331,1.3182,1.322,1.3179,1.3245
1.3286,1.3293,1.3249,1.3321,1.3191,1.324,1.319,1.3256
1.3295,1.3302,1.3269,1.3331,1.3211,1.3251,1.321,1.3277
1.3305,1.3321,1.3278,1.3351,1.3221,1.3271,1.3219,1.3285
1.3325,1.3331,1.3299,1.3361,1.3231,1.3281,1.324,1.3306
1.3335,1.3351,1.3309,1.3381,1.3252,1.3291,1.325,1.3315
1.3355,1.3362,1.3318,1.3391,1.3262,1.331,1.326,1.3326
1.3365,1.3382,1.334,1.3411,1.3281,1.3321,1.328,1.3348
1.3386,1.3392,1.335,1.3422,1.3291,1.334,1.3289,1.3355
1.3395,1.3412,1.3369,1.3431,1.3311,1.335,1.331,1.3375
1.3415,1.3422,1.3379,1.3451,1.3321,1.3372,1.332,1.3385
1.3425,1.3431,1.3399,1.3461,1.3342,1.338,1.334,1.3406
1.3435,1.3451,1.3408,1.3481,1.3351,1.3401,1.335,1.3417
1.3455,1.3461,1.3428,1.3491,1.3361,1.3411,1.337,1.3425
1.3465,1.3481,1.344,1.3511,1.3381,1.342,1.338,1.3446
1.3485,1.3491,1.3449,1.3521,1.3391,1.344,1.339,1.3455
1.3495,1.3512,1.3469,1.3541,1.3411,1.345,1.341,1.3475
1.3515,1.3521,1.3478,1.3551,1.3421,1.347,1.342,1.3485
1.3525,1.3531,1.3498,1.3561,1.3441,1.348,1.344,1.3506
1.3545,1.3551,1.3509,1.3581,1.3451,1.35,1.345,1.3516
1.3555,1.3561,1.3529,1.3591,1.3462,1.351,1.347,1.3536
1.3565,1.3583,1.3539,1.3611,1.3482,1.353,1.3479,1.3545
1.3585,1.3592,1.3559,1.3622,1.3492,1.354,1.349,1.3556
1.3595,1.3612,1.357,1.3643,1.3512,1.355,1.351,1.3575
1.3615,1.3621,1.3579,1.3652,1.3521,1.357,1.352,1.3585
1.3625,1.3641,1.3599,1.3671,1.3542,1.358,1.3541,1.3605
1.3645,1.3651,1.3609,1.3681,1.3551,1.3601,1.355,1.3615
1.3655,1.3661,1.3629,1.3691,1.3571,1.361,1.357,1.3635
1.3665,1.3681,1.364,1.3711,1.3581,1.363,1.358,1.3646
1.3685,1.3691,1.366,1.3721,1.3591,1.364,1.359,1.3656
1.3695,1.3711,1.367,1.3741,1.3611,1.3661,1.361,1.3675
1.3714,1.3721,1.369,1.3753,1.3621,1.367,1.362,1.3685
1.3725,1.3741,1.3699,1.3771,1.3642,1.368,1.364,1.3705
1.3744,1.3751,1.3708,1.3781,1.3651,1.3702,1.365,1.3715
1.3755,1.3762,1.373,1.379,1.3671,1.3711,1.3671,1.3735
1.3775,1.3782,1.3739,1.3812,1.3681,1.3731,1.368,1.3747
1.3785,1.3792,1.3759,1.3821,1.3691,1.374,1.37,1.3765
1.3795,1.3812,1.3771,1.3841,1.3711,1.3761,1.371,1.3775
1.3815,1.3821,1.3789,1.3851,1.3722,1.3771,1.372,1.3785
1.3825,1.3842,1.3799,1.3871,1.3747,1.3791,1.3741,1.3805
1.3845,1.3851,1.3818,1.388,1.3752,1.3801,1.375,1.3815
1.3854,1.3871,1.3829,1.3901,1.3772,1.381,1.377,1.3835
1.3875,1.3881,1.3839,1.3911,1.3781,1.383,1.378,1.3845
1.3886,1.3893,1.3858,1.3922,1.3791,1.384,1.38,1.3865
1.3905,1.3912,1.3869,1.3941,1.3811,1.386,1.3809,1.3875
1.3915,1.3922,1.3888,1.3951,1.3821,1.387,1.382,1.3895
1.3925,1.3941,1.3899,1.3972,1.3842,1.389,1.3841,1.3906
1.3945,1.3952,1.3919,1.3982,1.3851,1.39,1.385,1.3916
1.3955,1.3971,1.3929,1.4002,1.3871,1.391,1.387,1.3935
1.3976,1.3982,1.3949,1.401,1.3881,1.393,1.388,1.3945
1.3985,1.4002,1.3959,1.4031,1.3901,1.394,1.3899,1.3965
1.4005,1.4012,1.397,1.4041,1.3911,1.396,1.391,1.3975
1.4015,1.4022,1.3989,1.405,1.3921,1.397,1.393,1.3995
1.4035,1.4041,1.4,1.4071,1.3941,1.3991,1.394,1.4005
1.4045,1.4051,1.4022,1.408,1.3951,1.4001,1.395,1.4016
1.4055,1.4071,1.403,1.4101,1.3971,1.4022,1.397,1.4035
1.4075,1.4082,1.4049,1.411,1.3981,1.4031,1.398,1.4045
1.4085,1.4102,1.4059,1.4131,1.4001,1.404,1.3999,1.4065
1.4105,1.4111,1.4079,1.4141,1.4011,1.406,1.401,1.4075
1.4115,1.4122,1.4088,1.4152,1.4031,1.407,1.403,1.4095
1.4134,1.4141,1.4099,1.4171,1.4042,1.4091,1.4041,1.4106
1.4145,1.4152,1.4119,1.4181,1.4052,1.4101,1.405,1.4126
1.4164,1.4172,1.4129,1.4201,1.4072,1.412,1.407,1.4135
1.4176,1.4181,1.4148,1.4211,1.4081,1.413,1.4079,1.4145
1.4185,1.4201,1.4159,1.4231,1.4101,1.415,1.41,1.4165
1.4205,1.4211,1.4179,1.4241,1.4111,1.416,1.411,1.4175
1.4215,1.4232,1.4189,1.4261,1.4131,1.417,1.4129,1.4196
1.4235,1.4242,1.4209,1.427,1.4141,1.4191,1.4141,1.4206
1.4245,1.4251,1.4218,1.4281,1.4151,1.4201,1.415,1.4227
1.4265,1.4272,1.423,1.43,1.4171,1.4223,1.417,1.4235
1.4276,1.4282,1.425,1.4311,1.4181,1.4232,1.418,1.4255
1.4286,1.4302,1.4259,1.4331,1.4201,1.425,1.42,1.4265
1.4306,1.4312,1.428,1.434,1.4211,1.426,1.421,1.4275
1.4315,1.4331,1.4288,1.4361,1.4231,1.427,1.423,1.4296
1.4335,1.4342,1.4308,1.437,1.4241,1.4291,1.4241,1.4305
1.4345,1.4351,1.4319,1.4381,1.4251,1.4301,1.426,1.4325
1.4365,1.4371,1.4339,1.4401,1.4271,1.432,1.427,1.4335
1.4375,1.4382,1.4349,1.4411,1.4281,1.433,1.428,1.4355
1.4395,1.4402,1.4358,1.4431,1.4301,1.435,1.43,1.4365
1.4405,1.4412,1.4378,1.4441,1.4311,1.436,1.431,1.4375
1.4415,1.4431,1.4389,1.446,1.4331,1.438,1.433,1.4395
1.4435,1.4441,1.4409,1.4471,1.4341,1.439,1.434,1.4405
1.4445,1.4461,1.4418,1.4491,1.4361,1.4401,1.436,1.4425
1.4466,1.4471,1.444,1.4501,1.4371,1.4421,1.437,1.4435
1.4476,1.4482,1.4449,1.4511,1.4381,1.443,1.438,1.4455
1.4495,1.4502,1.447,1.4531,1.4401,1.445,1.44,1.4465
1.4505,1.4511,1.4479,1.4541,1.4411,1.446,1.441,1.4475
1.4525,1.4531,1.4489,1.4561,1.4431,1.4479,1.443,1.4495
1.4535,1.4541,1.4509,1.4571,1.4441,1.4491,1.444,1.4506
1.4545,1.4561,1.452,1.4591,1.4462,1.451,1.446,1.4526
1.4565,1.4571,1.454,1.4601,1.4472,1.452,1.4469,1.4535
1.4575,1.4591,1.455,1.4622,1.4481,1.453,1.448,1.4555
1.4595,1.4601,1.4572,1.4632,1.4501,1.455,1.4499,1.4565
1.4605,1.4611,1.458,1.4641,1.4512,1.4561,1.451,1.4585
1.4625,1.4631,1.4599,1.4661,1.4531,1.4581,1.453,1.4595
1.4635,1.4641,1.4609,1.4671,1.4541,1.4591,1.454,1.4605
1.4655,1.4661,1.4621,1.4693,1.4561,1.4611,1.456,1.4626
1.4665,1.4671,1.4639,1.4701,1.4571,1.4622,1.457,1.4635
1.4674,1.4692,1.465,1.4721,1.4591,1.464,1.459,1.4655
1.4696,1.4702,1.4669,1.4731,1.4601,1.4653,1.46,1.4665
1.4705,1.4712,1.4678,1.4751,1.4611,1.4662,1.461,1.4686
1.4725,1.4732,1.4699,1.4761,1.4631,1.4681,1.463,1.4696
1.4735,1.4742,1.4709,1.4771,1.4642,1.469,1.4641,1.4715
1.4755,1.4762,1.4729,1.4791,1.4662,1.4711,1.466,1.4726
1.4765,1.4772,1.4739,1.48,1.4671,1.472,1.467,1.4735
1.4775,1.4791,1.4748,1.4821,1.4691,1.474,1.469,1.4755
1.4795,1.4801,1.4769,1.4831,1.4701,1.4751,1.4699,1.4766
1.4805,1.4821,1.4778,1.4851,1.4711,1.477,1.471,1.4785
1.4825,1.4831,1.4799,1.4861,1.4731,1.478,1.473,1.4795
1.4835,1.4841,1.4808,1.4881,1.4742,1.479,1.4739,1.4815
1.4855,1.4861,1.483,1.4891,1.4761,1.481,1.476,1.4825
1.4865,1.4871,1.484,1.4901,1.4771,1.482,1.477,1.4836
1.4885,1.4892,1.4859,1.4922,1.4791,1.484,1.479,1.4855
1.4895,1.4902,1.487,1.4931,1.4801,1.485,1.48,1.4866
1.4904,1.4921,1.4878,1.4951,1.4811,1.487,1.481,1.4885
1.4925,1.4931,1.4899,1.4961,1.4831,1.488,1.483,1.4895
1.4934,1.4951,1.4909,1.4981,1.4841,1.4901,1.4841,1.4915
1.4955,1.4961,1.493,1.4991,1.4861,1.4911,1.486,1.4925
1.4964,1.4971,1.4939,1.5001,1.4871,1.492,1.487,1.4945
1.4986,1.4991,1.4959,1.5021,1.4891,1.494,1.489,1.4955
1.4995,1.5001,1.4971,1.5032,1.4901,1.495,1.4899,1.4965
1.5015,1.5021,1.4988,1.5051,1.4921,1.497,1.4919,1.4985
1.5025,1.5031,1.4999,1.5061,1.4931,1.498,1.493,1.4995
1.5034,1.5051,1.5009,1.5081,1.4942,1.5001,1.4941,1.5015
1.5055,1.5061,1.5029,1.509,1.4962,1.5011,1.496,1.5025
1.5065,1.5071,1.5039,1.5111,1.4971,1.503,1.497,1.5045
1.5086,1.5091,1.5058,1.5121,1.4991,1.504,1.499,1.5056
1.5096,1.5103,1.5069,1.5131,1.5001,1.505,1.5,1.5067
1.5115,1.5122,1.5089,1.5151,1.5021,1.507,1.502,1.5086
1.5125,1.5132,1.5098,1.5163,1.5031,1.508,1.503,1.5095
1.5145,1.5151,1.5119,1.5181,1.5041,1.5101,1.504,1.5115
1.5155,1.5161,1.5129,1.5191,1.5062,1.511,1.506,1.5125
1.5165,1.5183,1.514,1.5211,1.5071,1.5131,1.507,1.5145
1.5186,1.5192,1.516,1.5221,1.5091,1.514,1.5091,1.5156
1.5195,1.5202,1.517,1.5241,1.5101,1.516,1.51,1.5176
1.5215,1.5222,1.5188,1.5251,1.5121,1.517,1.512,1.5185
1.5226,1.5232,1.5198,1.5261,1.5131,1.518,1.513,1.5195
1.5245,1.5251,1.5219,1.5281,1.5152,1.5201,1.515,1.5215
1.5254,1.5261,1.5229,1.5291,1.5162,1.5211,1.516,1.5225
1.5275,1.5282,1.525,1.5311,1.5171,1.523,1.517,1.5245
1.5285,1.5292,1.5259,1.5321,1.5191,1.524,1.519,1.5255
1.5295,1.5301,1.527,1.5342,1.5202,1.526,1.52,1.5276
1.5315,1.5322,1.5289,1.5351,1.5221,1.527,1.5219,1.5285
1.5326,1.5332,1.5299,1.5361,1.5232,1.5281,1.523,1.5296
1.5345,1.5352,1.5319,1.5381,1.5252,1.5301,1.525,1.5316
1.5355,1.5361,1.5329,1.5391,1.5262,1.531,1.526,1.5326
1.5375,1.5382,1.5349,1.5411,1.5272,1.533,1.5269,1.5345
1.5385,1.5391,1.5359,1.5421,1.5291,1.534,1.529,1.5355
1.5395,1.5411,1.5369,1.5442,1.5301,1.536,1.53,1.5375
1.5415,1.5421,1.5389,1.5451,1.5321,1.537,1.532,1.5385
1.5425,1.5431,1.5398,1.5471,1.5331,1.539,1.5329,1.5405
1.5445,1.5451,1.5419,1.5481,1.5351,1.54,1.535,1.5416
1.5455,1.5461,1.5429,1.5491,1.5361,1.5422,1.536,1.5426
1.5475,1.5482,1.5451,1.5511,1.5381,1.5431,1.538,1.5445
1.5485,1.5491,1.546,1.552,1.5391,1.5441,1.5389,1.5455
1.5505,1.5511,1.5478,1.5541,1.5401,1.546,1.5401,1.5475
1.5515,1.5521,1.5489,1.5551,1.5421,1.547,1.5421,1.5485
1.5524,1.5541,1.5498,1.557,1.5431,1.5491,1.5431,1.5506
1.5545,1.5551,1.5518,1.5581,1.5452,1.5501,1.5451,1.5515
1.5555,1.5561,1.5529,1.5601,1.5461,1.552,1.5461,1.5535
1.5576,1.5581,1.5549,1.561,1.5481,1.553,1.5481,1.5545
1.5586,1.5591,1.556,1.5622,1.5491,1.554,1.549,1.5555
1.5605,1.5612,1.5579,1.5642,1.5501,1.556,1.55,1.5575
1.5615,1.5621,1.5589,1.5651,1.5521,1.557,1.552,1.5587
1.5635,1.5641,1.5608,1.5671,1.5531,1.5591,1.553,1.5606
1.5645,1.5653,1.5618,1.568,1.5551,1.5601,1.555,1.5616
1.5656,1.5662,1.564,1.5701,1.5561,1.562,1.5559,1.5635
1.5675,1.5682,1.565,1.5711,1.5581,1.563,1.558,1.5645
1.5685,1.5692,1.5659,1.5721,1.5591,1.565,1.559,1.5666
1.5705,1.5712,1.5679,1.5742,1.5611,1.566,1.56,1.5675
1.5715,1.5722,1.5689,1.5751,1.5621,1.567,1.562,1.5685
1.5734,1.5742,1.5708,1.5771,1.5631,1.5691,1.563,1.5706
1.5745,1.5751,1.5719,1.5781,1.5652,1.5701,1.565,1.5715
1.5754,1.5771,1.5739,1.5801,1.5662,1.5721,1.566,1.5735
1.5775,1.5781,1.5749,1.5811,1.5681,1.573,1.568,1.5745
1.5785,1.5791,1.5758,1.5831,1.5691,1.575,1.569,1.5765
1.5804,1.5812,1.578,1.584,1.5711,1.576,1.57,1.5775
1.5815,1.5821,1.5789,1.5851,1.5721,1.578,1.572,1.5785
1.5835,1.5841,1.581,1.5871,1.5731,1.579,1.573,1.5805
1.5845,1.5851,1.5818,1.588,1.5751,1.58,1.575,1.5816
1.5865,1.5871,1.5839,1.5901,1.5762,1.5821,1.576,1.5835
1.5875,1.5882,1.5849,1.5911,1.5781,1.583,1.578,1.5845
1.5886,1.5901,1.5869,1.5931,1.5791,1.585,1.579,1.5865
1.5905,1.5911,1.5879,1.594,1.5811,1.586,1.5811,1.5875
1.5915,1.5921,1.5898,1.5951,1.5821,1.5879,1.582,1.5895
1.5935,1.5941,1.5908,1.5971,1.5831,1.589,1.583,1.5906
1.5944,1.5952,1.5919,1.5981,1.5852,1.591,1.585,1.5916
1.5965,1.5971,1.5939,1.6001,1.5862,1.592,1.5859,1.5935
1.5976,1.5982,1.5949,1.6011,1.5881,1.593,1.588,1.5946
1.5995,1.6002,1.5968,1.6031,1.5891,1.5952,1.589,1.5966
1.6005,1.6011,1.5979,1.604,1.5911,1.596,1.591,1.5975
1.6015,1.6021,1.5999,1.6061,1.5921,1.598,1.592,1.5995
1.6035,1.6041,1.6009,1.6071,1.5941,1.599,1.593,1.6005
1.6045,1.6051,1.6029,1.6081,1.5952,1.6011,1.5951,1.6015
1.6065,1.6071,1.604,1.6103,1.5961,1.6021,1.596,1.6035
1.6075,1.6081,1.605,1.6111,1.5981,1.604,1.598,1.6045
1.6095,1.6102,1.607,1.6131,1.5991,1.605,1.599,1.6065
1.6105,1.6111,1.6079,1.6141,1.6012,1.606,1.601,1.6075
1.6125,1.6132,1.6099,1.6161,1.6021,1.6081,1.602,1.6096
1.6135,1.6141,1.6108,1.617,1.6041,1.609,1.603,1.6106
1.6145,1.6151,1.6129,1.6181,1.6051,1.611,1.605,1.6126
1.6165,1.6171,1.6139,1.6201,1.6062,1.612,1.6059,1.6135
1.6175,1.6182,1.6158,1.6211,1.6082,1.614,1.6081,1.6145
1.6196,1.6202,1.6169,1.6232,1.6091,1.615,1.6091,1.6165
1.6206,1.6211,1.6178,1.6241,1.6112,1.617,1.611,1.6175
1.6225,1.6231,1.6198,1.6261,1.6121,1.618,1.612,1.6195
1.6235,1.6241,1.6209,1.6271,1.6141,1.619,1.614,1.6205
1.6255,1.6261,1.623,1.6291,1.6151,1.621,1.615,1.6226
1.6265,1.6271,1.624,1.6301,1.6161,1.622,1.616,1.6235
1.6275,1.6281,1.6259,1.6311,1.6181,1.624,1.618,1.6245
1.6296,1.6303,1.6269,1.6331,1.6191,1.625,1.6189,1.6265
1.6305,1.6312,1.6279,1.6341,1.6211,1.627,1.621,1.6275
1.6325,1.6331,1.6299,1.6361,1.6221,1.6281,1.622,1.6295
1.6335,1.6341,1.631,1.6371,1.6242,1.6301,1.624,1.6306
1.6354,1.6361,1.6329,1.6391,1.6251,1.6311,1.625,1.6325
1.6365,1.6371,1.6339,1.6401,1.6271,1.632,1.6261,1.6335
1.6374,1.6392,1.6358,1.6411,1.6281,1.6341,1.6281,1.6355
1.6396,1.6402,1.6369,1.6432,1.6291,1.635,1.629,1.6365
1.6406,1.6411,1.6389,1.6441,1.6311,1.6371,1.631,1.6375
1.6425,1.6431,1.6398,1.6461,1.6322,1.6381,1.632,1.6395
1.6435,1.6441,1.6419,1.6471,1.6342,1.64,1.634,1.6405
1.6455,1.6461,1.6429,1.649,1.6351,1.641,1.635,1.6426
1.6465,1.6471,1.6439,1.6501,1.6371,1.643,1.636,1.6436
1.6486,1.6492,1.646,1.652,1.6381,1.644,1.6379,1.6457
1.6495,1.6502,1.6469,1.6531,1.6401,1.645,1.639,1.6466
1.6505,1.6511,1.6489,1.6541,1.6411,1.647,1.641,1.6475
1.6526,1.6531,1.6498,1.6562,1.6421,1.648,1.6419,1.6495
1.6535,1.6541,1.6519,1.6573,1.6442,1.6501,1.644,1.6505
1.6556,1.6561,1.6529,1.6592,1.6451,1.651,1.645,1.6525
1.6565,1.6571,1.6549,1.6601,1.6471,1.653,1.647,1.6536
1.6585,1.6594,1.6559,1.6621,1.6481,1.6542,1.6481,1.6555
1.6595,1.6601,1.6569,1.6631,1.6501,1.656,1.649,1.6566
1.6615,1.6621,1.6588,1.6651,1.6511,1.657,1.651,1.6585
1.6625,1.6632,1.6599,1.6661,1.6521,1.658,1.652,1.6595
1.6634,1.6652,1.6619,1.6671,1.6541,1.66,1.654,1.6605
1.6656,1.6661,1.6646,1.6691,1.6551,1.661,1.655,1.6625
1.6665,1.6671,1.6661,1.67,1.6572,1.663,1.657,1.6635
1.6686,1.6691,1.6679,1.6721,1.6582,1.664,1.658,1.6655
1.6695,1.6701,1.6688,1.6731,1.6602,1.666,1.659,1.6665
1.6715,1.6721,1.67,1.6751,1.6611,1.667,1.6611,1.6686
1.6725,1.6731,1.6719,1.6761,1.6621,1.669,1.662,1.6695
1.6745,1.6751,1.673,1.6781,1.6641,1.6701,1.664,1.6706
1.6755,1.6761,1.6749,1.6791,1.6652,1.6711,1.665,1.6725
1.6765,1.6781,1.6759,1.6801,1.6671,1.673,1.667,1.6735
1.6785,1.6791,1.6779,1.6821,1.6681,1.674,1.668,1.6755
1.6795,1.6802,1.6789,1.6832,1.6701,1.676,1.67,1.6765
1.6815,1.6822,1.6799,1.6851,1.6711,1.677,1.6709,1.6787
1.6825,1.6832,1.6818,1.6861,1.6731,1.6791,1.672,1.6795
1.6844,1.6851,1.6829,1.6881,1.6741,1.68,1.674,1.6816
1.6855,1.6861,1.6849,1.6891,1.6751,1.682,1.6752,1.6825
1.6875,1.6881,1.6859,1.6911,1.6771,1.683,1.6771,1.6836
1.6885,1.6891,1.6878,1.6921,1.6781,1.684,1.678,1.6855
1.6895,1.6902,1.6889,1.6931,1.6801,1.686,1.68,1.6865
1.6915,1.6922,1.6909,1.6951,1.6811,1.687,1.6811,1.6885
1.6925,1.6932,1.6918,1.6961,1.6831,1.689,1.682,1.6896
1.6945,1.6951,1.693,1.6981,1.6842,1.69,1.684,1.6916
1.6955,1.6961,1.695,1.699,1.6852,1.692,1.685,1.6926
1.6976,1.6981,1.6959,1.7011,1.6871,1.693,1.687,1.6935
1.6986,1.6991,1.6979,1.7021,1.6881,1.6951,1.688,1.6955
1.6995,1.7011,1.6988,1.7032,1.6901,1.696,1.6899,1.6965
1.7015,1.7021,1.7009,1.7051,1.6911,1.697,1.691,1.6985
1.7025,1.7031,1.7018,1.7061,1.6931,1.6991,1.6919,1.6995
1.7045,1.7051,1.704,1.7081,1.6941,1.7001,1.694,1.7016
1.7055,1.7061,1.7049,1.7091,1.6962,1.702,1.695,1.7025
1.7075,1.7081,1.7069,1.7111,1.6972,1.703,1.6969,1.7045
1.7086,1.7091,1.7078,1.7122,1.6981,1.705,1.698,1.7055
1.7105,1.7112,1.7089,1.7141,1.7001,1.706,1.7001,1.7065
1.7115,1.7122,1.7109,1.7151,1.7011,1.708,1.701,1.7085
1.7125,1.7141,1.7118,1.7161,1.7031,1.7091,1.703,1.7095
1.7145,1.7151,1.7139,1.718,1.7042,1.7101,1.7041,1.7115
1.7155,1.7161,1.7149,1.7191,1.7061,1.712,1.705,1.7125
1.7176,1.7181,1.7171,1.721,1.7071,1.713,1.707,1.7145
1.7185,1.7191,1.7179,1.7222,1.7082,1.715,1.7079,1.7155
1.7205,1.7211,1.7189,1.7241,1.7102,1.7161,1.71,1.7175
1.7215,1.7221,1.7209,1.7251,1.7111,1.718,1.7109,1.7185
1.7235,1.7241,1.7218,1.7271,1.7131,1.7191,1.7131,1.7195
1.7245,1.7251,1.7239,1.7281,1.7141,1.721,1.714,1.7215
1.7255,1.7261,1.7248,1.7291,1.7162,1.722,1.7151,1.7225
1.7276,1.7281,1.7268,1.7311,1.7171,1.723,1.717,1.7245
1.7285,1.7291,1.7279,1.7321,1.7191,1.725,1.718,1.7255
1.7305,1.7311,1.7299,1.7341,1.7201,1.726,1.72,1.7275
1.7315,1.7321,1.7308,1.7351,1.7211,1.728,1.721,1.7285
1.7335,1.7342,1.7319,1.7371,1.7231,1.729,1.723,1.7295
1.7345,1.7351,1.734,1.7381,1.7242,1.731,1.724,1.7316
1.7365,1.7371,1.735,1.7391,1.7261,1.732,1.725,1.7326
1.7375,1.7382,1.7369,1.7412,1.7271,1.733,1.7269,1.7345
1.7385,1.7391,1.7378,1.7421,1.7292,1.735,1.728,1.7355
1.7405,1.7412,1.7398,1.7441,1.7301,1.736,1.73,1.7375
1.7415,1.7422,1.7408,1.7451,1.7311,1.738,1.731,1.7385
1.7435,1.7441,1.7428,1.7472,1.7331,1.7391,1.733,1.7405
1.7445,1.7451,1.744,1.7481,1.7341,1.741,1.7341,1.7415
1.7465,1.7471,1.7449,1.7501,1.7361,1.742,1.736,1.7425
1.7476,1.7481,1.7469,1.7512,1.7371,1.744,1.737,1.7445
1.7495,1.7502,1.7479,1.7522,1.7391,1.745,1.7379,1.7455
1.7505,1.7511,1.75,1.7541,1.7401,1.746,1.74,1.7475
1.7515,1.7522,1.7509,1.7551,1.7421,1.7481,1.7411,1.7485
1.7535,1.7541,1.7529,1.7571,1.7432,1.7491,1.743,1.7506
1.7545,1.7551,1.754,1.7581,1.7442,1.751,1.7441,1.7516
1.7565,1.7572,1.7559,1.7601,1.7461,1.752,1.7461,1.7525
1.7575,1.7582,1.757,1.7611,1.7472,1.754,1.747,1.7546
1.7595,1.7602,1.759,1.7622,1.7491,1.755,1.748,1.7555
1.7606,1.7611,1.7599,1.7642,1.7501,1.757,1.75,1.7575
1.7625,1.7621,1.7609,1.7651,1.7521,1.758,1.7509,1.7585
1.7635,1.7641,1.763,1.7671,1.7531,1.759,1.753,1.7605
1.7644,1.7651,1.7639,1.7681,1.7552,1.761,1.7541,1.7616
1.7665,1.7672,1.766,1.7701,1.7561,1.762,1.756,1.7636
1.7676,1.7683,1.7669,1.7711,1.7571,1.764,1.757,1.7646
1.7695,1.7702,1.7689,1.7731,1.7591,1.765,1.758,1.7655
1.7705,1.7712,1.7698,1.7741,1.7601,1.7671,1.76,1.7676
1.7725,1.7731,1.7709,1.7751,1.7621,1.768,1.761,1.7685
1.7734,1.7741,1.7729,1.7771,1.7631,1.7701,1.763,1.7705
1.7755,1.7751,1.7739,1.7781,1.7642,1.771,1.764,1.7716
1.7765,1.7771,1.7758,1.7801,1.7661,1.772,1.766,1.7735
1.7775,1.7781,1.7768,1.7812,1.7672,1.774,1.7671,1.7745
1.7795,1.7802,1.7789,1.7832,1.7691,1.775,1.768,1.7765
1.7805,1.7811,1.7799,1.7841,1.7701,1.777,1.77,1.7775
1.7825,1.7832,1.7819,1.7851,1.7721,1.778,1.771,1.7785
1.7835,1.7841,1.7829,1.7871,1.7731,1.78,1.773,1.7805
1.7855,1.7851,1.7839,1.7881,1.7751,1.781,1.774,1.7816
1.7864,1.7871,1.7859,1.7901,1.7761,1.783,1.776,1.7835
1.7885,1.7881,1.7869,1.7911,1.7771,1.7839,1.777,1.7845
1.7896,1.7902,1.7889,1.7931,1.7792,1.785,1.7789,1.7865
1.7905,1.7911,1.7898,1.7941,1.7801,1.787,1.78,1.7875
1.7926,1.7931,1.7918,1.7961,1.7822,1.7879,1.781,1.7885
1.7935,1.7941,1.7929,1.7971,1.7831,1.7901,1.783,1.7906
1.7955,1.7961,1.7949,1.7982,1.7852,1.791,1.784,1.7916
1.7965,1.7971,1.7958,1.8001,1.7861,1.793,1.786,1.7935
1.7985,1.7981,1.7969,1.8011,1.7872,1.794,1.787,1.7945
1.7995,1.8001,1.799,1.8031,1.7891,1.7961,1.789,1.7965
1.8005,1.8011,1.8,1.8041,1.7901,1.797,1.7899,1.7976
1.8025,1.8031,1.802,1.8061,1.7921,1.798,1.791,1.7995
1.8035,1.8041,1.8029,1.8071,1.7931,1.8,1.793,1.8005
1.8055,1.8061,1.8049,1.8081,1.7951,1.8011,1.7941,1.8015
1.8065,1.8071,1.806,1.8101,1.7962,1.803,1.7961,1.8035
1.8086,1.8091,1.8079,1.8111,1.7971,1.804,1.797,1.8045
1.8095,1.8102,1.8088,1.8131,1.7991,1.806,1.799,1.8065
1.8115,1.8112,1.8099,1.8141,1.8001,1.807,1.8002,1.8075
1.8125,1.8131,1.8119,1.8161,1.8021,1.8091,1.8011,1.8095
1.8135,1.8141,1.8129,1.8171,1.8031,1.8101,1.803,1.8105
1.8155,1.8161,1.815,1.8191,1.8052,1.8111,1.804,1.8116
1.8165,1.8171,1.8159,1.8201,1.8062,1.813,1.806,1.8135
1.8186,1.8192,1.8179,1.8211,1.8082,1.814,1.807,1.8145
1.8195,1.8201,1.8188,1.8232,1.8093,1.8161,1.809,1.8165
1.8215,1.8212,1.8209,1.8241,1.8101,1.8171,1.81,1.8175
1.8225,1.8232,1.8218,1.8261,1.8121,1.8191,1.812,1.8195
1.8245,1.8241,1.824,1.8271,1.8131,1.82,1.813,1.8206
1.8256,1.8261,1.825,1.8291,1.8151,1.822,1.8141,1.8225
1.8266,1.8271,1.8259,1.8301,1.8162,1.823,1.816,1.8235
1.8285,1.8291,1.8279,1.8322,1.8181,1.824,1.817,1.8245
1.8295,1.8302,1.8288,1.8331,1.8191,1.826,1.819,1.8265
1.8316,1.8321,1.8308,1.8341,1.8201,1.827,1.82,1.8275
1.8325,1.8331,1.8319,1.8361,1.8221,1.829,1.822,1.8295
1.8345,1.8341,1.834,1.8371,1.8231,1.8301,1.823,1.8305
1.8355,1.8361,1.8349,1.8391,1.8251,1.832,1.824,1.8325
1.8375,1.8371,1.8359,1.84,1.8262,1.833,1.826,1.8335
1.8385,1.8391,1.838,1.8421,1.8281,1.835,1.827,1.8355
1.8395,1.8402,1.8391,1.8432,1.8291,1.836,1.829,1.8365
1.8415,1.8421,1.8409,1.8441,1.8311,1.837,1.83,1.8375
1.8425,1.8431,1.8419,1.8462,1.8321,1.8391,1.832,1.8395
1.8445,1.8451,1.844,1.8472,1.8331,1.84,1.8329,1.8407
1.8454,1.8461,1.845,1.8491,1.8352,1.8422,1.8351,1.8425
1.8475,1.8471,1.8469,1.8501,1.8362,1.843,1.836,1.8435
1.8485,1.8491,1.848,1.8521,1.8381,1.845,1.837,1.8455
1.8505,1.8501,1.8489,1.8531,1.8391,1.846,1.839,1.8465
1.8514,1.8522,1.8509,1.8551,1.8411,1.848,1.84,1.8485
1.8525,1.8532,1.8518,1.8561,1.8421,1.849,1.842,1.8496
1.8545,1.8552,1.854,1.857,1.8431,1.8502,1.843,1.8505
1.8555,1.8562,1.8549,1.8591,1.8451,1.8521,1.8451,1.8526
1.8576,1.8571,1.8571,1.8601,1.8462,1.8531,1.8461,1.8535
1.8585,1.8592,1.8579,1.8621,1.8481,1.8551,1.847,1.8555
1.8605,1.8602,1.8598,1.8631,1.8491,1.856,1.849,1.8565
1.8615,1.8621,1.8609,1.8651,1.8511,1.858,1.85,1.8585
1.8635,1.8631,1.8619,1.8661,1.8521,1.8591,1.852,1.8595
1.8645,1.8651,1.864,1.868,1.8531,1.861,1.8531,1.8605
1.8655,1.8661,1.8649,1.8691,1.8552,1.862,1.8551,1.8625
1.8676,1.8681,1.8669,1.87,1.8562,1.863,1.856,1.8635
1.8685,1.8691,1.8679,1.8721,1.8581,1.865,1.858,1.8655
1.8705,1.8701,1.8699,1.8731,1.8591,1.8659,1.859,1.8665
1.8715,1.8721,1.8709,1.8751,1.8611,1.868,1.86,1.8685
1.8735,1.8731,1.873,1.876,1.8621,1.869,1.862,1.8695
1.8744,1.8751,1.8739,1.8781,1.8642,1.871,1.863,1.8715
1.8765,1.8761,1.8749,1.8791,1.8652,1.872,1.8651,1.8725
1.8775,1.8781,1.8769,1.8801,1.8661,1.874,1.866,1.8735
1.8786,1.8791,1.8779,1.8821,1.8681,1.875,1.868,1.8755
1.8805,1.8802,1.8799,1.8832,1.8691,1.876,1.8689,1.8765
1.8815,1.8821,1.8809,1.8852,1.8712,1.878,1.871,1.8785
1.8835,1.8831,1.8829,1.8861,1.8721,1.8791,1.872,1.8795
1.8845,1.8851,1.8839,1.8881,1.8742,1.8811,1.873,1.8815
1.8865,1.8861,1.8859,1.8891,1.8751,1.882,1.875,1.8825
1.8876,1.8881,1.8869,1.8911,1.8761,1.884,1.876,1.8845
1.8885,1.8891,1.8879,1.8923,1.8781,1.885,1.878,1.8855
1.8905,1.8911,1.8899,1.8931,1.8791,1.8861,1.879,1.8865
1.8915,1.8921,1.8908,1.8951,1.8811,1.888,1.881,1.8885
1.8935,1.8931,1.8928,1.8961,1.8821,1.8892,1.882,1.8895
1.8945,1.8951,1.8939,1.8981,1.8841,1.8911,1.883,1.8917
1.8965,1.8961,1.8959,1.8991,1.8853,1.892,1.885,1.8925
1.8975,1.8983,1.8969,1.9011,1.8872,1.894,1.8861,1.8945
1.8995,1.8992,1.8989,1.9021,1.8882,1.895,1.888,1.8955
1.9006,1.9012,1.8998,1.9041,1.8891,1.897,1.889,1.8965
1.9015,1.9022,1.9009,1.9051,1.8911,1.898,1.8911,1.8985
1.9035,1.9031,1.903,1.9061,1.8921,1.9,1.892,1.8995
1.9045,1.9052,1.904,1.9081,1.8942,1.901,1.8941,1.9015
1.9065,1.9062,1.9059,1.9091,1.8951,1.902,1.8951,1.9026
1.9075,1.9082,1.9069,1.9111,1.8971,1.904,1.896,1.9045
1.9096,1.9091,1.9089,1.9121,1.8981,1.905,1.898,1.9055
1.9105,1.9111,1.9099,1.9148,1.8991,1.907,1.899,1.9075
1.9125,1.9121,1.9118,1.9152,1.9011,1.9079,1.901,1.9085
1.9136,1.9141,1.9129,1.9162,1.9021,1.9101,1.9019,1.9095
1.9145,1.9151,1.9139,1.9181,1.9041,1.911,1.904,1.9115
1.9165,1.9161,1.9158,1.9191,1.9051,1.912,1.9051,1.9125
1.9175,1.9181,1.9169,1.921,1.9072,1.914,1.906,1.9145
1.9196,1.9191,1.9189,1.9221,1.9081,1.915,1.908,1.9155
1.9205,1.9212,1.9198,1.9241,1.9101,1.917,1.909,1.9175
1.9225,1.9221,1.922,1.925,1.9111,1.918,1.911,1.9185
1.9235,1.9241,1.923,1.9271,1.9121,1.92,1.912,1.9195
1.9256,1.9251,1.9249,1.928,1.9142,1.921,1.914,1.9215
1.9265,1.9271,1.9259,1.9291,1.9151,1.923,1.915,1.9225
1.9275,1.9281,1.9271,1.9311,1.9172,1.924,1.917,1.9245
1.9296,1.9291,1.9289,1.9321,1.9182,1.925,1.918,1.9255
1.9305,1.9311,1.9298,1.9342,1.9202,1.927,1.919,1.9275
1.9325,1.9321,1.9318,1.9351,1.9211,1.928,1.921,1.9285
1.9335,1.9341,1.9329,1.9371,1.9222,1.9301,1.922,1.9307
1.9355,1.9351,1.9349,1.9381,1.9242,1.931,1.924,1.9315
1.9365,1.9371,1.9359,1.9393,1.9251,1.933,1.925,1.9326
1.9385,1.9381,1.9379,1.9411,1.9271,1.934,1.927,1.9346
1.9395,1.9391,1.9389,1.9421,1.9281,1.9361,1.928,1.9356
1.9405,1.9411,1.9398,1.9441,1.9301,1.937,1.929,1.9377
1.9425,1.9421,1.9418,1.9451,1.9312,1.938,1.931,1.9386
1.9435,1.9441,1.943,1.9471,1.9321,1.94,1.932,1.9405
1.9455,1.9453,1.9449,1.9481,1.9341,1.941,1.934,1.9415
1.9464,1.9472,1.9459,1.9501,1.9351,1.943,1.935,1.9435
1.9485,1.9481,1.9479,1.9511,1.9371,1.944,1.937,1.9445
1.9495,1.9502,1.9489,1.9521,1.9381,1.946,1.938,1.9455
1.9514,1.9511,1.951,1.9541,1.9401,1.947,1.94,1.9475
1.9524,1.9521,1.9519,1.9551,1.9411,1.9491,1.941,1.9485
1.9535,1.9541,1.9529,1.9571,1.9431,1.95,1.942,1.9505
1.9555,1.9551,1.9549,1.958,1.9442,1.951,1.944,1.9515
1.9564,1.9571,1.9559,1.9601,1.9452,1.953,1.9451,1.9536
1.9586,1.9581,1.9579,1.9611,1.9471,1.954,1.9471,1.9545
1.9595,1.9602,1.9588,1.9632,1.9481,1.956,1.948,1.9555
1.9615,1.9612,1.9608,1.9641,1.9501,1.9571,1.95,1.9575
1.9625,1.9622,1.9619,1.9652,1.9512,1.959,1.951,1.9585
1.9645,1.9641,1.964,1.9671,1.9532,1.9601,1.952,1.9606
1.9656,1.9651,1.965,1.9681,1.9542,1.9621,1.954,1.9615
1.9665,1.9671,1.9659,1.9702,1.9552,1.963,1.955,1.9635
1.9685,1.9681,1.9679,1.9711,1.9572,1.964,1.957,1.9645
1.9695,1.9701,1.9689,1.9731,1.9581,1.966,1.958,1.9665
1.9715,1.9711,1.971,1.9741,1.9601,1.967,1.96,1.9675
1.9725,1.9731,1.9719,1.9761,1.9611,1.969,1.961,1.9685
1.9745,1.9741,1.9739,1.9771,1.9631,1.9701,1.963,1.9705
1.9755,1.9751,1.9749,1.9781,1.9641,1.972,1.9641,1.9715
1.9765,1.9771,1.9771,1.98,1.9651,1.973,1.965,1.9735
1.9786,1.9781,1.9779,1.9811,1.9671,1.974,1.967,1.9745
1.9795,1.9802,1.9788,1.9832,1.9681,1.9761,1.968,1.9765
1.9815,1.9812,1.9808,1.9841,1.9701,1.977,1.97,1.9775
1.9825,1.9832,1.9819,1.9863,1.9711,1.979,1.971,1.9785
1.9845,1.9841,1.984,1.9872,1.9731,1.98,1.9744,1.9806
1.9855,1.9861,1.9849,1.9881,1.9742,1.982,1.975,1.9815
1.9876,1.9871,1.9869,1.9901,1.9761,1.983,1.977,1.9835
1.9886,1.9881,1.9879,1.9911,1.9771,1.9851,1.978,1.9845
1.9905,1.9901,1.9899,1.9931,1.9781,1.986,1.98,1.9866
1.9915,1.9911,1.9909,1.9941,1.9801,1.987,1.981,1.9875
1.9925,1.9932,1.9919,1.9961,1.9811,1.9891,1.9829,1.9895
1.9945,1.9943,1.9939,1.9971,1.9831,1.9901,1.984,1.9907
1.9955,1.9961,1.9949,1.9992,1.9842,1.9921,1.985,1.9915
1.9976,1.9971,1.997,2.0002,1.9862,1.993,1.987,1.9935
1.9986,1.9981,1.9979,0,1.9871,1.9951,1.988,1.9945
2.0006,2.0001,1.9999,0,1.9881,1.996,1.99,1.9965
0,0,0,0,1.9901,1.998,1.9909,1.9975
0,0,0,0,1.9911,1.999,1.993,1.9995
0,0,0,0,1.9931,2,1.9941,2.0005
0,0,0,0,1.9941,0,1.996,0
0,0,0,0,1.9962,0,1.997,0
0,0,0,0,1.9974,0,1.998,0
0,0,0,0,1.9991,0,2,0
0,0,0,0,2.0001,0,0,0
