0.599,1.6466,3.6642,5.4102,7.4278,9.9886,13.131,16.313,16.08
0.5602,1.8406,3.3926,5.4878,8.165,10.105,13.248,16.585,15.692
0.5602,1.6078,3.5478,5.5266,7.5054,10.183,13.209,16.313,16.003
0.5214,1.763,3.509,5.3326,8.0874,9.7946,13.287,16.74,15.459
0.5602,1.7242,3.6642,5.7982,7.6218,10.183,13.17,16.313,16.158
0.6766,1.7242,3.4702,5.3326,7.971,9.911,13.209,16.662,15.537
0.4826,1.7242,3.3926,5.643,7.5442,10.26,13.364,16.158,15.847
0.599,1.7242,3.315,5.3714,7.8934,9.8722,13.209,16.546,15.421
0.5602,1.6078,3.4702,5.449,7.4666,10.299,13.481,16.08,15.925
0.599,1.569,3.5866,5.4878,7.777,9.8334,13.209,16.546,15.459
0.6378,1.6466,3.3538,5.3714,7.6606,10.26,13.403,15.964,16.003
0.6378,1.7242,3.5478,5.837,7.6218,9.8722,13.131,16.546,15.421
0.599,1.8406,3.4702,5.3714,7.6606,10.299,13.442,15.925,15.886
0.599,1.6466,3.703,5.5654,7.6218,9.9498,13.054,16.391,15.188
0.599,1.6466,3.4314,5.643,7.6606,10.183,13.364,15.964,15.886
0.5602,1.6854,3.6642,5.3326,7.5442,9.8334,12.976,16.313,15.343
0.6766,1.6854,3.4702,5.6042,7.8546,10.183,13.481,15.731,15.692
0.4826,1.8406,3.3926,5.449,7.4666,9.7946,13.015,16.313,15.421
0.5602,1.569,3.315,5.3326,7.971,10.454,13.287,15.847,15.809
0.599,1.7242,3.3538,5.7982,7.5442,9.8722,13.131,16.119,15.537
0.6378,1.6854,3.7418,5.449,7.971,10.532,13.17,15.809,15.77
0.599,1.7242,3.4314,5.3714,7.4278,9.7946,13.17,16.313,15.227
0.6378,1.6854,3.7418,5.5266,7.8158,10.454,13.209,15.77,15.77
0.599,1.7242,3.3926,5.3714,7.4278,9.8334,13.325,16.197,15.265
0.599,1.6078,3.4702,5.6818,7.971,10.377,13.093,15.653,15.809
0.5602,1.6078,3.315,5.2938,7.5442,9.717,13.442,16.352,15.188
0.4826,1.763,3.5478,5.5654,8.0098,10.221,12.976,15.847,15.847
0.6378,1.6854,3.4702,5.5654,7.5054,9.717,13.519,16.197,15.382
0.599,1.6078,3.3538,5.4102,8.0486,10.454,12.976,15.77,15.77
0.599,1.6854,3.5478,5.6818,7.5442,9.8722,13.481,16.352,15.615
0.4826,1.569,3.3926,5.449,8.0098,10.493,12.937,15.692,15.653
0.599,1.763,3.5478,5.4878,7.5442,9.8334,13.364,16.352,15.77
0.5214,1.6078,3.509,5.7594,8.0874,10.144,12.86,15.692,15.847
0.6766,1.8018,3.5478,5.4102,7.5054,9.911,13.403,16.274,15.615
0.5602,1.7242,3.4314,5.5266,8.0874,10.454,13.093,15.809,15.731
0.4826,1.6078,3.3538,5.5266,7.5442,9.9886,13.364,16.274,15.459
0.599,1.6854,3.5478,5.2938,7.8546,10.144,13.209,16.003,15.886
0.5602,1.6854,3.509,5.7982,7.583,9.9498,13.287,16.546,15.731
0.4826,1.6466,3.7418,5.3326,7.8546,10.26,13.325,15.925,15.964
0.599,1.6854,3.4702,5.4878,7.5054,9.9498,13.209,16.352,15.498
0.4826,1.8018,3.5478,5.449,7.6606,10.144,13.481,15.925,15.964
0.5214,1.6854,3.4314,5.3326,7.5442,9.8722,13.093,16.546,15.615
0.6378,1.763,3.4314,5.837,7.7382,10.066,13.481,16.003,16.158
0.5602,1.569,3.4314,5.4102,7.6606,10.027,12.937,16.507,15.653
0.599,1.6466,3.5478,5.5266,7.7382,9.9886,13.519,16.08,16.041
0.599,1.5302,3.4702,5.449,7.4278,10.105,12.976,16.623,15.653
0.5214,1.6466,3.4314,5.449,7.8546,9.8722,13.519,16.003,16.158
0.4826,1.6466,3.5478,5.5654,7.583,10.26,12.821,16.546,15.576
0.5214,1.7242,3.509,5.449,7.8546,9.8722,13.519,16.429,16.197
0.5602,1.7242,3.5478,5.7982,7.5442,10.26,13.17,16.701,15.731
0.599,1.569,3.3538,5.255,7.971,9.911,13.248,16.274,16.197
0.5602,1.8406,3.7806,5.5266,7.583,10.221,13.325,16.74,15.964
0.4826,1.6078,3.315,5.5266,8.0098,9.9886,13.17,16.391,15.925
0.599,1.6466,3.6254,5.3714,7.5054,10.183,13.403,16.973,16.119
0.6378,1.6854,3.3926,5.7594,7.9322,9.7946,13.17,16.158,16.041
0.5602,1.8018,3.6254,5.4102,7.5442,10.338,13.597,16.934,16.235
0.6378,1.569,3.4702,5.5266,8.0486,9.911,13.17,16.429,16.119
0.599,1.569,3.509,5.7982,7.389,10.377,13.442,16.934,16.468
0.4826,1.6466,3.315,5.255,7.971,9.8722,13.054,16.197,15.925
0.4826,1.6854,3.509,5.449,7.4278,10.338,13.675,17.167,16.468
0.6378,1.6854,3.509,5.4102,7.9322,9.7558,13.131,16.391,16.041
0.5602,1.6466,3.5478,5.5266,7.4278,10.377,13.287,16.779,16.468
0.4826,1.8406,3.3926,5.8758,8.0486,9.9498,12.86,16.158,16.08
0.6766,1.6466,3.4702,5.3714,7.5442,10.183,13.597,16.779,16.429
0.599,1.6854,3.5478,5.449,7.9322,9.8722,12.976,16.08,16.003
0.6378,1.6854,3.4314,5.449,7.6218,10.377,13.558,16.701,16.507
0.5602,1.8018,3.4314,5.4102,7.8546,9.8334,12.86,15.964,15.847
0.4438,1.569,3.4314,5.4878,7.5442,10.338,13.481,16.701,16.391
0.599,1.6854,3.4702,5.3714,7.8546,9.7946,13.17,15.809,16.003
0.4826,1.6854,3.3926,5.7594,7.583,10.299,13.403,16.429,16.623
0.6378,1.5302,3.4314,5.3326,7.6606,9.7946,13.248,16.003,15.809
0.4826,1.6854,3.4702,5.4102,7.5054,10.26,13.364,16.352,16.274
0.6378,1.6854,3.509,5.4878,7.6606,9.8722,13.093,15.925,15.731
0.4438,1.763,3.4314,5.4102,7.6606,10.493,13.287,16.352,16.352
0.6378,1.5302,3.4702,5.643,7.8934,9.8334,13.287,15.809,15.653
0.599,1.8794,3.4314,5.4102,7.4666,10.454,13.287,16.274,16.158
0.6378,1.6078,3.6254,5.6818,7.6606,9.911,13.17,15.731,15.77
0.599,1.763,3.4702,5.449,7.6606,10.493,13.17,16.119,16.119
0.599,1.6854,3.7418,5.449,7.6994,9.8722,13.325,15.809,15.692
0.4826,1.6854,3.2762,5.5266,7.6994,10.415,13.093,16.391,16.003
0.599,1.6854,3.6254,5.4102,7.8158,9.8722,13.597,15.731,15.77
0.4826,1.7242,3.4314,5.5654,7.5054,10.377,13.209,16.352,16.197
0.6378,1.6854,3.509,5.3714,7.7382,9.911,13.636,15.925,15.77
0.4826,1.7242,3.3926,5.3326,7.6218,10.338,12.976,16.391,16.274
0.5214,1.8018,3.6642,5.7206,7.5442,9.8722,13.558,15.653,15.77
0.599,1.6078,3.4314,5.3714,7.6218,10.183,13.015,16.391,16.197
0.4826,1.8018,3.509,5.643,7.6994,9.8722,13.675,15.77,15.615
0.599,1.6078,3.3926,5.4102,7.583,10.105,12.937,16.468,15.886
0.6766,1.6078,3.3926,5.4102,7.8546,10.066,13.558,15.77,15.498
0.5214,1.6854,3.3926,5.6042,7.5054,10.027,12.899,16.546,16.158
0.6378,1.569,3.315,5.3714,7.9322,10.183,13.442,15.925,15.576
0.599,1.6078,3.4702,5.6818,7.5442,10.027,13.209,16.352,16.003
0.6378,1.6078,3.4314,5.4102,7.777,10.299,13.287,15.809,15.537
0.4826,1.763,3.5478,5.5266,7.4278,9.911,13.054,16.429,16.08
0.5602,1.6078,3.509,5.5266,7.7382,10.26,13.209,15.886,15.498
0.599,1.763,3.3926,5.255,7.583,9.9498,13.17,16.429,15.498
0.5214,1.6854,3.3926,5.643,7.7382,10.26,13.17,16.08,15.576
0.599,1.8018,3.509,5.2938,7.5442,9.911,13.325,16.623,15.615
0.599,1.6466,3.5478,5.3714,7.6218,10.221,13.17,16.003,15.692
0.6766,1.6854,3.3538,5.4878,7.6994,9.9498,13.597,16.546,15.615
0.4826,1.7242,3.4702,5.255,7.777,10.105,12.976,16.041,15.615
0.6378,1.6854,3.509,5.7594,7.6606,9.7946,13.481,16.507,15.498
0.5602,1.7242,3.5478,5.449,7.6994,10.183,12.86,16.003,15.615
0.599,1.5302,3.509,5.5654,7.6994,9.8334,13.597,16.585,15.382
0.599,1.8018,3.315,5.5654,7.777,10.26,12.86,16.313,15.692
0.4826,1.6078,3.5866,5.2938,7.583,9.6782,13.442,16.74,15.537
0.5214,1.8018,3.4702,5.5654,7.8934,10.183,12.821,16.197,15.615
0.599,1.6078,3.5866,5.4102,7.6606,9.8334,13.558,16.701,15.576
0.5602,1.7242,3.4314,5.449,7.583,10.377,12.899,16.391,15.576
0.599,1.6854,3.3538,5.5266,7.4278,9.7558,13.558,16.74,15.304
0.4438,1.6078,3.509,5.3714,7.7382,10.299,12.937,16.235,15.615
0.6766,1.5302,3.315,5.7206,7.6218,9.717,13.519,16.856,15.576
0.6378,1.6854,3.6254,5.4102,7.583,10.144,13.054,16.352,15.576
0.5602,1.8406,3.4314,5.449,7.583,9.9498,13.636,16.74,15.731
0.5602,1.6466,3.509,5.5266,7.6994,10.454,13.054,16.313,15.576
0.599,1.6854,3.4702,5.4102,7.6218,9.9498,13.558,16.74,15.886
0.599,1.6854,3.7418,5.7982,7.583,10.415,12.937,16.274,15.731
0.4438,1.763,3.3926,5.2162,7.6994,10.027,13.442,16.701,15.77
0.6766,1.6854,3.5478,5.449,7.5442,10.26,13.054,16.274,15.615
0.5602,1.569,3.4702,5.3326,7.6606,10.027,13.325,16.585,15.731
0.5214,1.6078,3.5478,5.255,7.583,10.299,13.131,16.041,15.847
0.5214,1.6466,3.4314,5.643,7.6994,10.027,13.248,16.429,15.925
0.5602,1.6466,3.5866,5.3714,7.6218,10.144,13.287,16.08,15.615
0.6766,1.6466,3.3926,5.6042,7.7382,10.027,13.248,16.468,15.964
0.4826,1.6078,3.4702,5.449,7.583,10.183,13.325,15.925,15.731
0.6378,1.7242,3.4702,5.449,7.8934,10.066,12.937,16.391,16.274
0.5214,1.763,3.5866,5.5266,7.5054,9.8334,13.403,15.964,15.809
0.6378,1.6466,3.4314,5.3714,8.0098,10.144,13.015,16.468,16.274
0.5214,1.6466,3.4702,5.7206,7.5442,9.911,13.675,15.886,15.809
0.599,1.7242,3.4314,5.2938,8.0874,10.221,12.976,16.158,16.274
0.5214,1.5302,3.3926,5.5654,7.5054,9.9498,13.636,15.886,15.731
0.4438,1.763,3.5478,5.5266,8.0486,10.221,13.054,16.158,16.352
0.5214,1.6466,3.315,5.4102,7.5054,9.8722,13.481,15.925,15.886
0.4826,1.6854,3.5478,5.5266,7.8158,10.377,12.937,16.274,16.429
0.599,1.6854,3.315,5.4102,7.5054,9.8334,13.364,16.08,16.003
0.599,1.569,3.5866,5.449,7.8546,10.183,12.937,16.08,16.507
0.5214,1.6078,3.4314,5.5654,7.583,9.9498,13.325,15.925,15.964
0.6378,1.6854,3.3926,5.3714,7.6994,10.338,12.86,16.235,16.507
0.5602,1.6466,3.3926,5.6818,7.5442,9.8722,13.287,15.925,16.003
0.5214,1.5302,3.4314,5.3714,7.6994,10.415,13.131,15.925,16.546
0.599,1.8018,3.4702,5.449,7.583,9.911,13.325,16.235,15.964
0.5602,1.6078,3.5478,5.3714,7.6994,10.415,13.364,15.964,16.507
0.6378,1.763,3.4314,5.3326,7.6606,9.717,13.209,16.041,15.925
0.599,1.7242,3.703,5.837,7.4666,10.221,13.364,15.886,16.546
0.4826,1.7242,3.3538,5.3714,7.6606,9.9498,13.015,16.352,16.08
0.599,1.6854,3.6254,5.5266,7.4278,10.377,13.558,16.197,16.391
0.599,1.6854,3.2762,5.4878,7.971,9.8722,12.937,16.197,16.119
0.6378,1.5302,3.6642,5.4102,7.389,10.493,13.442,16.313,16.546
0.4826,1.6854,3.4314,5.643,7.8934,9.6782,13.015,16.197,16.003
0.6378,1.6854,3.5866,5.2162,7.4278,10.493,13.597,16.391,16.468
0.5214,1.6466,3.3538,5.5266,7.9322,9.8334,12.937,16.08,16.08
0.6766,1.8018,3.6254,5.5654,7.5054,10.299,13.403,16.235,16.274
0.4826,1.5302,3.4314,5.1774,8.0874,9.911,13.054,16.08,16.041
0.599,1.8018,3.5478,5.5654,7.389,10.299,13.364,16.468,16.507
0.5602,1.569,3.4314,5.4102,8.0874,9.9886,13.054,15.925,16.041
0.6378,1.6466,3.6254,5.3326,7.3502,10.26,13.325,16.507,16.158
0.6766,1.6078,3.4314,5.6042,8.0874,9.8334,13.015,16.08,16.041
0.4438,1.6466,3.6254,5.3714,7.5054,10.027,13.248,16.468,15.925
0.599,1.7242,3.4314,5.4878,7.8546,9.8334,13.17,16.041,16.08
0.5602,1.6466,3.509,5.3326,7.4666,10.415,13.209,16.585,16.119
0.6378,1.8406,3.3538,5.4878,7.777,9.7558,13.325,16.274,15.925
0.4826,1.6466,3.4702,5.643,7.583,10.493,13.093,16.468,16.158
0.6378,1.7242,3.4314,5.2938,7.6994,9.8722,13.248,16.158,16.08
0.599,1.6078,3.5478,5.6818,7.6994,10.027,13.054,16.74,16.041
0.599,1.6466,3.315,5.4102,7.777,9.8334,13.481,16.197,15.886
0.5214,1.6854,3.4314,5.3714,7.6218,10.221,13.015,16.662,15.809
0.5602,1.6078,3.3926,5.5266,7.5442,9.911,13.519,16.352,15.925
0.6378,1.6854,3.4314,5.4102,7.6994,10.26,12.976,16.623,15.731
0.5602,1.569,3.4314,5.643,7.583,9.8334,13.325,16.197,15.809
0.4826,1.7242,3.4702,5.2162,7.583,10.221,12.937,16.779,15.421
0.6378,1.5302,3.509,5.3714,7.4666,9.8334,13.248,16.546,15.964
0.5602,1.8018,3.5478,5.449,7.5442,10.26,13.054,16.779,15.498
0.5602,1.6078,3.509,5.3714,7.6218,9.911,13.17,16.391,15.886
0.6378,1.6078,3.4702,5.7206,7.6606,10.377,13.093,16.468,15.537
0.599,1.6466,3.3926,5.4102,7.5054,9.6782,13.287,16.274,15.847
0.6378,1.6854,3.3538,5.4878,7.777,10.221,13.093,16.391,15.421
0.599,1.7242,3.4702,5.3714,7.5442,9.717,13.248,16.041,15.809
0.5214,1.6466,3.509,5.449,7.8546,10.183,13.093,16.429,15.459
0.4826,1.8406,3.509,5.643,7.389,9.9498,13.17,16.003,16.041
0.599,1.7242,3.4702,5.3714,7.971,10.105,13.287,16.352,15.421
0.5602,1.7242,3.5478,5.6818,7.5442,9.911,13.17,15.925,15.847
0.6378,1.569,3.509,5.2162,7.7382,10.066,13.364,16.197,15.382
0.5602,1.6854,3.3926,5.5266,7.4666,9.8722,13.015,15.925,15.886
0.6378,1.6466,3.4702,5.5266,7.9322,10.105,13.558,16.391,15.304
0.6378,1.4914,3.3538,5.3714,7.389,10.027,12.899,15.731,15.692
0.6378,1.8406,3.4702,5.6818,7.971,10.027,13.558,16.391,15.343
0.5214,1.6854,3.6254,5.2938,7.6218,10.26,12.937,15.809,15.77
0.5602,1.6466,3.4702,5.2938,8.0486,10.027,13.558,16.391,15.265
0.6378,1.6078,3.5478,5.4878,7.5054,10.027,13.015,15.77,15.809
0.6378,1.569,3.3926,5.255,7.777,9.8334,13.636,16.313,15.421
0.5602,1.8406,3.5866,5.7594,7.389,10.183,12.976,15.809,15.809
0.7154,1.6854,3.3926,5.4102,8.0098,9.9498,13.325,16.235,15.149
0.5602,1.8018,3.6254,5.2938,7.4666,10.221,12.86,15.77,15.925
0.4826,1.569,3.4702,5.4878,7.9322,9.9498,13.325,16.391,15.343
0.599,1.7242,3.6254,5.4102,7.4666,10.26,13.209,15.925,15.77
0.5602,1.6466,3.4702,5.6042,7.5442,9.7946,13.364,16.352,15.343
0.4826,1.569,3.7418,5.2162,7.5054,10.26,13.325,15.964,15.964
0.5602,1.6078,3.4702,5.5266,7.7382,9.8334,13.015,16.274,15.343
0.5602,1.6078,3.6642,5.5266,7.4278,10.144,13.403,15.886,15.886
0.6378,1.5302,3.4702,5.2162,7.6994,9.8334,13.015,16.352,15.382
0.6378,1.6466,3.703,5.449,7.4666,10.454,13.597,15.809,15.964
0.5602,1.7242,3.4702,5.3326,7.6994,9.7558,13.015,16.429,15.537
0.6378,1.5302,3.7418,5.5266,7.389,10.454,13.481,15.847,15.886
0.5602,1.8018,3.2762,5.643,7.6994,9.8722,13.015,16.391,15.77
0.4438,1.5302,3.6642,5.255,7.6606,10.105,13.519,16.041,16.158
0.5602,1.8018,3.3926,5.4102,7.6218,9.8722,12.86,16.546,15.537
0.4826,1.569,3.5478,5.2938,7.583,9.9498,13.325,15.925,15.964
0.6378,1.6854,3.509,5.3714,7.6218,9.8334,13.209,16.701,15.77
0.5602,1.6466,3.6254,5.6042,7.5442,10.183,13.209,15.925,16.08
0.6378,1.6466,3.4314,5.4102,7.7382,9.911,13.325,16.701,15.498
0.5602,1.6078,3.5478,5.6042,7.4666,10.066,13.093,16.041,16.08
0.5602,1.5302,3.2762,5.3326,7.8934,9.9886,13.442,16.429,15.77
0.599,1.6854,3.6642,5.4878,7.4278,10.027,13.054,16.041,16.313
0.5602,1.6854,3.2762,5.643,7.6994,10.144,13.558,16.391,15.692
0.4826,1.8406,3.703,5.3714,7.3114,10.027,13.015,16.08,16.235
0.6378,1.6466,3.4314,5.643,7.8934,10.105,13.481,16.623,15.925
0.5602,1.8018,3.6642,5.4102,7.4666,10.027,12.86,16.197,16.197
0.599,1.6854,3.4314,5.2938,8.0874,10.26,13.481,16.74,15.809
0.5214,1.6078,3.6642,5.5654,7.5442,9.911,13.015,16.119,15.964
0.6378,1.6854,3.4702,5.2938,8.0098,10.26,13.481,16.701,15.653
0.4826,1.6854,3.6254,5.6818,7.4278,9.8334,12.976,16.313,16.119
0.6766,1.7242,3.4314,5.4102,7.8546,10.26,13.442,16.817,15.809
0.5214,1.6854,3.5478,5.3326,7.5054,9.8722,12.86,16.235,16.391
0.4826,1.6466,3.4314,5.4102,8.0874,10.299,13.287,16.662,15.731
0.5214,1.7242,3.5866,5.2162,7.4278,9.7946,13.054,16.235,16.197
0.6378,1.6854,3.3538,5.7206,8.0098,10.377,13.403,16.701,15.653
0.5602,1.6854,3.509,5.255,7.4666,9.7558,12.86,16.235,15.964
0.599,1.6466,3.3538,5.5654,7.8546,10.299,13.054,16.779,15.731
0.5602,1.6854,3.3926,5.5654,7.3114,9.911,13.054,16.119,15.731
0.599,1.6854,3.3926,5.2162,7.8934,10.144,13.287,16.779,15.809
0.4826,1.6078,3.5866,5.7594,7.389,9.8722,13.248,16.119,15.653
0.599,1.6854,3.4702,5.2162,8.0486,10.415,13.131,16.468,15.653
0.599,1.8406,3.5866,5.4102,7.4666,9.8722,13.325,16.041,15.809
0.5602,1.6466,3.4702,5.5654,7.8546,10.454,12.976,16.429,15.77
0.599,1.6466,3.3926,5.3326,7.4666,9.8334,13.442,15.809,15.576
0.6766,1.5302,3.4314,5.5266,7.6994,10.415,13.093,16.119,15.653
0.4438,1.7242,3.4314,5.449,7.3114,9.7946,13.558,15.847,15.692
0.6378,1.5302,3.4702,5.4878,7.7382,10.377,13.403,16.274,15.809
0.4826,1.7242,3.509,5.6818,7.5054,9.717,12.937,15.731,15.304
0.5214,1.5302,3.509,5.3714,7.6994,10.454,13.442,16.235,15.731
0.5214,1.5302,3.5478,5.449,7.6218,9.717,12.821,15.809,15.343
0.6378,1.6466,3.4702,5.3714,7.6606,10.221,13.403,16.274,15.692
0.6378,1.6854,3.3926,5.2938,7.5442,9.8334,12.937,15.77,15.188
0.5602,1.8018,3.4702,5.6042,7.777,10.493,13.403,16.08,15.692
0.6378,1.5302,3.509,5.2938,7.5054,9.717,13.093,15.77,15.265
0.4826,1.7242,3.4314,5.6818,7.6606,10.105,13.403,16.274,15.537
0.6378,1.6854,3.509,5.3714,7.5054,9.8722,13.131,15.692,15.459
0.599,1.7242,3.509,5.3326,7.8158,10.027,13.131,16.274,15.653
0.5602,1.6854,3.4314,5.4102,7.6218,9.9498,13.364,15.653,15.227
0.6378,1.6854,3.5478,5.2938,7.9322,9.9886,13.209,16.274,15.459
0.4826,1.763,3.4314,5.5266,7.5442,9.9498,13.248,15.692,15.071
0.6378,1.6466,3.4702,5.255,7.6606,10.144,13.131,16.158,15.498
0.4826,1.6466,3.315,5.449,7.4278,9.8334,13.403,15.731,15.149
0.6766,1.6854,3.703,5.4102,7.6606,10.183,13.015,16.08,15.692
0.599,1.569,3.4314,5.3326,7.5054,9.911,13.713,15.615,15.149
0.599,1.6854,3.5478,5.643,7.6606,10.26,12.899,16.197,15.576
0.6378,1.7242,3.3538,5.2162,7.583,9.9886,13.597,15.731,15.033
0.599,1.569,3.509,5.5266,7.6606,10.066,12.976,16.235,15.498
0.599,1.5302,3.4314,5.6818,7.583,9.9886,12.86,15.77,14.955
0.5602,1.6078,3.5866,5.255,7.4278,10.027,13.481,16.119,15.421
0.599,1.6854,3.3926,5.5654,7.8546,10.105,13.093,15.925,15.071
0.599,1.763,3.4702,5.2938,7.3114,10.027,13.17,16.274,15.576
0.5214,1.6078,3.3926,5.5654,7.971,9.9886,13.131,15.847,15.11
0.7154,1.8018,3.3538,5.3714,7.4278,10.144,13.054,16.274,15.459
0.5602,1.6078,3.4314,5.4878,8.0098,10.027,13.325,15.886,15.149
0.5602,1.7242,3.3538,5.6042,7.5054,9.7558,12.976,16.391,15.576
0.4826,1.6466,3.509,5.255,7.9322,10.066,13.248,15.731,15.11
0.6378,1.6854,3.509,5.6818,7.5054,9.8722,13.054,16.313,15.731
0.5602,1.6466,3.509,5.3714,7.8158,10.26,13.364,15.964,15.421
0.6378,1.6854,3.3926,5.6818,7.4666,9.8722,13.015,16.429,15.653
0.599,1.763,3.4314,5.3714,7.6606,10.299,13.558,15.964,15.459
0.5602,1.569,3.3926,5.4878,7.5442,9.7558,12.899,16.429,15.653
0.599,1.6078,3.5866,5.4878,7.6994,10.532,13.481,16.119,15.265
0.4826,1.6466,3.3926,5.3326,7.4666,9.8722,13.364,16.468,15.615
0.6378,1.6466,3.5478,5.5266,7.6606,10.532,13.481,16.08,15.382
0.5602,1.6466,3.3926,5.3714,7.5442,9.8722,12.86,16.391,15.77
0.5602,1.6078,3.6642,5.7594,7.6606,10.415,13.403,16.235,15.459
0.6378,1.6854,3.4314,5.3714,7.5054,9.6782,12.86,16.701,16.003
0.5602,1.6854,3.4314,5.4878,7.5442,10.493,13.364,16.08,15.382
0.6378,1.8406,3.3926,5.5266,7.5054,9.717,12.899,16.701,15.886
0.4826,1.6466,3.5866,5.3714,7.6218,10.377,13.481,16.313,15.498
0.5602,1.8018,3.4314,5.6818,7.4666,9.7946,12.705,16.662,16.003
0.5602,1.6466,3.5866,5.2162,7.583,10.26,13.519,16.274,15.498
0.5602,1.7242,3.3926,5.7594,7.6994,9.8334,12.86,16.701,16.08
0.6766,1.6078,3.703,5.3714,7.5442,10.377,13.442,16.197,15.653
0.599,1.7242,3.3926,5.3326,7.777,9.8334,12.899,16.701,16.158
0.4826,1.569,3.6642,5.3326,7.389,10.338,13.403,16.08,15.537
0.599,1.5302,3.2762,5.449,7.5442,9.8334,12.976,16.585,16.274
0.5602,1.7242,3.5866,5.6042,7.5054,10.26,13.403,16.003,15.692
0.6378,1.5302,3.315,5.255,7.4666,9.717,12.821,16.507,16.08
0.4438,1.6078,3.5866,5.643,7.3502,10.377,13.481,15.809,15.615
0.4826,1.5302,3.3926,5.3714,7.777,9.7558,12.976,16.274,16.235
0.599,1.6466,3.6642,5.643,7.4666,10.532,13.481,15.925,15.692
0.4826,1.569,3.4702,5.3326,7.8934,9.7946,12.821,16.313,16.119
0.5602,1.763,3.6254,5.6818,7.4666,10.299,13.442,15.692,15.653
0.599,1.5302,3.3926,5.4102,7.9322,9.7558,12.782,16.197,16.197
0.599,1.6854,3.5866,5.6818,7.4666,10.377,13.481,15.809,15.653
0.6378,1.6854,3.2762,5.3326,7.9322,9.8334,12.821,16.235,16.274
0.5602,1.6854,3.6254,5.5266,7.4666,10.415,13.442,15.615,15.615
0.599,1.6854,3.509,5.449,7.6606,9.8334,12.899,16.352,16.235
0.599,1.6854,3.5478,5.3714,7.583,10.144,13.519,15.731,15.615
0.5602,1.763,3.3538,5.449,7.6218,9.7558,12.821,16.235,16.235
0.4826,1.5302,3.509,5.4102,7.583,10.377,13.325,15.77,15.731
0.6378,1.8018,3.3926,5.5266,7.5442,9.7946,12.976,16.313,16.119
0.6378,1.6078,3.3538,5.4102,7.5054,10.454,13.558,15.692,15.692
0.6378,1.6078,3.4702,5.837,7.583,9.8722,12.782,16.313,16.119
0.6378,1.6854,3.4702,5.2162,7.4666,10.415,13.558,15.809,15.77
0.6378,1.569,3.4314,5.6818,7.7382,9.717,12.976,15.886,16.158
0.5214,1.5302,3.509,5.3714,7.4666,10.066,13.558,15.692,15.731
0.599,1.569,3.4702,5.449,7.7382,9.8334,12.899,15.886,15.964
0.6378,1.6854,3.4314,5.4102,7.5442,10.299,13.403,16.041,15.498
0.5214,1.569,3.4314,5.3714,7.583,9.9498,12.976,15.925,16.158
0.6378,1.569,3.3926,5.4878,7.777,10.183,13.481,15.809,15.459
0.4826,1.5302,3.4702,5.2162,7.5054,9.8722,12.782,15.77,16.003
0.6378,1.569,3.509,5.5266,7.777,10.144,13.403,16.08,15.498
0.599,1.6078,3.4702,5.3326,7.4666,9.7946,12.86,15.731,16.08
0.599,1.569,3.5478,5.5266,7.6606,10.338,13.248,16.197,15.576
0.4826,1.7242,3.315,5.4102,7.4278,9.9498,13.015,15.77,16.041
0.599,1.6466,3.509,5.7594,7.6994,10.183,13.131,16.274,15.459
0.6766,1.5302,3.509,5.3714,7.389,9.8722,12.899,15.731,16.003
0.6378,1.6078,3.4314,5.7982,7.777,9.8722,13.248,16.429,15.304
0.4826,1.7242,3.6254,5.1774,7.389,10.105,13.054,15.886,15.925
0.5214,1.6854,3.4702,5.6818,7.583,9.7946,13.364,16.274,15.382
0.5602,1.7242,3.703,5.3714,7.583,10.26,13.015,15.886,15.731
0.5602,1.6466,3.4702,5.4878,7.389,9.911,13.248,16.429,15.304
0.5602,1.6078,3.703,5.3714,7.6606,10.221,12.976,16.08,15.731
0.5214,1.6854,3.4702,5.4102,7.4278,9.8334,13.248,16.468,15.227
0.6378,1.6854,3.5866,5.5654,7.9322,10.221,12.86,15.925,15.653
0.6378,1.5302,3.4314,5.255,7.389,9.9886,13.403,16.507,15.033
0.5214,1.763,3.4314,5.6042,7.8158,10.027,12.821,16.235,15.459
0.5214,1.6466,3.3926,5.2162,7.389,9.8334,13.17,16.74,15.227
0.599,1.7242,3.3926,5.643,7.777,10.144,13.054,16.313,15.653
0.5602,1.6466,3.5866,5.1774,7.2726,10.027,13.325,16.856,15.227
0.5602,1.763,3.509,5.4878,7.5054,10.027,12.976,16.235,15.692
0.599,1.569,3.4702,5.255,7.3502,9.7558,13.442,16.779,14.955
0.5602,1.6854,3.4702,5.3326,7.5054,10.299,12.899,16.313,15.459
0.4826,1.569,3.6254,5.4878,7.389,9.7946,13.287,16.429,14.994
0.6378,1.5302,3.3538,5.255,7.4278,10.221,13.015,16.391,15.615
0.5602,1.6078,3.6254,5.6042,7.5442,9.8334,13.403,16.546,15.071
0.5602,1.5302,3.4702,5.3714,7.5054,10.299,12.899,16.546,15.653
0.599,1.6466,3.5866,5.5654,7.777,9.717,13.248,16.08,15.11
0.5214,1.4914,3.4314,5.255,7.5054,10.299,13.093,16.546,15.459
0.5602,1.8018,3.6642,5.6818,7.6218,9.7558,13.209,15.964,15.227
0.6378,1.6078,3.4702,5.3714,7.5442,10.338,12.937,16.429,15.498
0.599,1.6854,3.6642,5.7206,7.9322,9.8334,13.093,15.925,14.994
0.6378,1.6466,3.4702,5.255,7.5442,10.26,13.325,16.235,15.653
0.599,1.5302,3.6254,5.6042,7.8934,9.8334,13.054,16.08,15.033
0.599,1.6078,3.3538,5.3326,7.5442,10.144,13.287,16.701,15.615
0.4438,1.6854,3.6254,5.6042,8.1262,9.7946,12.976,16.08,15.11
0.4826,1.6466,3.315,5.4102,7.583,10.183,13.403,16.546,15.692
0.5602,1.6466,3.6642,5.5266,8.0098,9.9498,12.86,16.08,15.227
0.5602,1.8018,3.3926,5.255,7.3114,9.911,13.442,16.546,15.615
0.6378,1.6854,3.5866,5.5266,7.6994,9.9498,12.705,16.119,15.343
0.599,1.7242,3.4702,5.5266,7.4278,10.183,13.403,16.003,15.653
0.5214,1.6466,3.509,5.3714,7.6994,9.7558,12.937,16.041,15.188
0.4826,1.7242,3.4314,5.5654,7.5054,10.183,13.248,16.158,15.576
0.6378,1.6466,3.3926,5.3714,7.5442,9.8722,12.705,16.119,15.576
0.4438,1.6854,3.509,5.6042,7.5054,10.377,13.364,15.925,15.537
0.5602,1.6854,3.4314,5.3714,7.5442,9.7558,12.976,16.08,15.576
0.6378,1.6466,3.4702,5.6818,7.389,10.027,13.248,15.653,15.653
0.5602,1.8018,3.4314,5.3714,7.4666,9.8722,12.86,15.964,15.692
0.6766,1.6854,3.4314,5.7982,7.5442,10.105,13.093,15.847,15.537
0.599,1.763,3.3926,5.4102,7.3114,10.066,13.015,16.08,15.77
0.5214,1.6854,3.3926,5.7982,7.6218,9.9886,13.287,15.576,15.692
0.5602,1.6078,3.4702,5.2162,7.5054,10.105,12.937,16.235,15.731
0.599,1.6854,3.6254,5.7594,7.583,9.8722,13.442,15.576,15.692
0.5602,1.569,3.4702,5.4102,7.389,10.377,13.015,16.197,16.041
0.5214,1.6466,3.703,5.7206,7.777,9.8334,13.558,15.653,15.692
0.5602,1.6854,3.509,5.3714,7.5442,10.415,12.821,16.158,16.08
0.5602,1.6078,3.703,5.643,7.8546,9.7946,13.248,15.576,15.77
0.6378,1.5302,3.4702,5.4102,7.4278,10.299,12.782,16.158,15.809
0.6378,1.6854,3.7418,5.5266,7.8546,9.8334,13.364,15.576,15.731
0.5602,1.7242,3.4314,5.5266,7.3114,10.299,12.899,16.003,16.041
0.5602,1.6078,3.6642,5.3326,7.971,9.8722,13.287,15.498,15.886
0.5214,1.7242,3.4314,5.7982,7.5054,10.26,13.015,16.08,15.847
0.6378,1.6466,3.703,5.255,7.971,9.911,13.17,15.615,16.119
0.5214,1.6466,3.4314,5.6818,7.5054,9.9886,13.131,16.08,15.847
0.599,1.6466,3.6254,5.3714,7.777,10.066,13.131,15.537,16.158
0.5602,1.6078,3.4314,5.449,7.4278,9.7558,13.131,15.925,15.537
0.599,1.8018,3.6254,5.2162,7.6994,10.105,12.976,15.537,15.886
0.599,1.569,3.4314,5.5654,7.6994,9.7946,13.325,16.08,15.886
0.5214,1.7242,3.5866,5.4878,7.6606,10.221,13.054,15.653,16.08
0.5602,1.6466,3.3538,5.4102,7.7382,9.7558,13.481,16.119,15.653
0.6378,1.5302,3.5866,5.4878,7.5442,10.299,13.015,15.847,16.158
0.4438,1.6078,3.4702,5.2938,7.6994,9.6782,13.597,16.352,15.537
0.599,1.569,3.5866,5.4102,7.5442,10.221,12.937,15.653,16.313
0.599,1.7242,3.4314,5.449,8.0098,9.6006,13.636,16.197,15.615
0.599,1.6466,3.4314,5.7206,7.5442,10.415,12.976,15.886,16.119
0.599,1.5302,3.4314,5.3326,7.8546,9.7946,13.597,16.468,15.537
0.599,1.7242,3.509,5.7594,7.5442,10.26,12.86,15.964,16.274
0.599,1.6078,3.315,5.4102,7.8546,9.7946,13.403,16.391,15.653
0.5214,1.6466,3.3926,5.5654,7.583,10.221,12.899,15.847,16.08
0.6378,1.6466,3.3926,5.4102,8.0098,9.6782,13.403,16.08,15.576
0.5602,1.6078,3.4702,5.5654,7.4278,10.454,12.899,16.158,16.158
0.599,1.763,3.4702,5.2938,7.7382,9.8334,13.364,16.119,15.576
0.6378,1.6466,3.315,5.449,7.6218,10.183,13.015,16.003,15.964
0.6378,1.6466,3.3538,5.449,7.6994,10.027,13.054,16.197,15.498
0.599,1.7242,3.4314,5.2938,7.7382,9.8334,13.325,16.119,16.041
0.599,1.5302,3.5866,5.6042,7.6994,10.066,12.976,16.701,15.459
0.599,1.6854,3.509,5.3326,7.6994,10.066,13.442,16.274,16.158
0.5602,1.6078,3.5478,5.6818,7.6994,9.9886,12.821,16.662,15.459
0.5214,1.6078,3.4314,5.3714,7.9322,9.911,13.403,16.158,16.041
0.6378,1.6854,3.5866,5.7594,7.6218,10.183,12.899,16.74,15.498
0.5602,1.7242,3.3538,5.4102,7.6994,9.7558,13.442,16.313,16.158
0.599,1.6854,3.509,5.7594,7.4278,10.493,13.015,16.701,15.459
0.599,1.6466,3.3538,5.4102,8.0098,9.7558,13.248,16.235,16.158
0.5214,1.7242,3.509,5.7206,7.6218,10.377,12.937,16.352,15.498
0.4438,1.6466,3.3538,5.255,8.0486,9.9498,13.364,16.197,15.925
0.6378,1.7242,3.703,5.643,7.5054,10.26,12.821,16.507,15.459
0.4826,1.6078,3.315,5.255,8.0874,9.9886,13.325,16.197,15.886
0.6378,1.6854,3.7418,5.643,7.6218,10.144,12.976,16.429,15.421
0.5602,1.6854,3.4702,5.255,7.971,9.911,13.248,16.235,15.77
0.5602,1.5302,3.5866,5.4878,7.583,9.8722,12.976,16.779,15.227
0.6766,1.8018,3.4314,5.5266,7.8934,9.9886,13.248,16.041,15.886
0.5602,1.5302,3.5478,5.3714,7.583,9.7946,13.015,16.546,15.265
0.6378,1.7242,3.4314,5.449,8.0874,9.9886,13.209,16.197,15.886
0.599,1.569,3.5866,5.255,7.6218,9.911,13.131,16.701,15.227
0.5214,1.6854,3.4314,5.4878,7.8546,10.027,13.054,16.119,15.692
0.5214,1.7242,3.3926,5.3714,7.6218,9.911,13.481,16.546,15.227
0.5602,1.6854,3.315,5.6042,7.6606,10.066,13.015,16.041,15.692
0.6378,1.7242,3.509,5.1774,7.583,9.9498,13.364,16.507,15.071
0.4826,1.569,3.4702,5.837,7.6218,10.027,12.86,16.158,15.731
0.5214,1.7242,3.3926,5.255,7.4278,9.911,13.519,16.429,15.188
0.599,1.6854,3.315,5.5654,7.8546,10.027,12.821,16.08,15.498
0.4438,1.6466,3.4702,5.4102,7.5442,10.027,13.364,16.313,15.033
0.6378,1.8018,3.4314,5.3326,7.7382,10.027,12.937,16.158,15.421
0.6378,1.6466,3.4314,5.4102,7.5442,10.027,13.248,16.507,15.149
0.5214,1.7242,3.5866,5.449,7.6218,10.105,12.937,15.964,15.498
0.4826,1.6078,3.315,5.3714,7.6994,9.911,13.093,16.391,15.188
0.6378,1.5302,3.7418,5.4102,7.5054,10.183,13.054,15.809,15.576
0.5602,1.7242,3.3926,5.643,7.6606,9.717,13.209,16.468,15.149
0.6378,1.569,3.703,5.255,7.5442,10.221,13.17,15.964,15.498
0.5214,1.8018,3.4702,5.6818,7.4666,9.8334,13.015,16.352,15.304
0.599,1.6466,3.5866,5.2162,7.583,9.9886,13.364,16.003,15.809
0.5602,1.6466,3.315,5.6818,7.5054,10.027,13.015,16.274,15.188
0.5602,1.7242,3.5478,5.3714,7.2726,10.105,13.481,15.886,15.886
0.6378,1.6466,3.4314,5.6818,7.6218,9.911,12.899,16.623,15.343
0.5602,1.6078,3.6254,5.1774,7.4278,10.027,13.519,15.847,15.77
0.6378,1.6854,3.315,5.3714,7.6218,9.8334,12.86,16.468,15.304
0.4438,1.7242,3.5478,5.1774,7.2726,10.105,13.131,15.925,16.003
0.4438,1.6466,3.3538,5.3714,7.6218,9.8722,13.015,16.546,15.382
0.599,1.6078,3.5866,5.3714,7.3114,10.26,13.248,15.964,15.731
0.4438,1.7242,3.4702,5.5654,7.777,9.7946,13.287,16.507,15.382
0.6766,1.5302,3.5478,5.2162,7.2726,10.144,13.054,15.77,15.809
0.4826,1.8406,3.4314,5.3326,7.7382,9.717,13.131,16.391,15.382
0.5214,1.6466,3.5478,5.3326,7.3502,10.493,13.054,16.041,16.041
0.5214,1.7242,3.4314,5.4878,7.8546,9.6006,13.325,16.546,15.498
0.5602,1.6854,3.3538,5.5654,7.2726,10.221,12.976,15.925,16.003
0.599,1.569,3.509,5.3326,7.8546,9.7558,13.442,16.352,15.459
0.599,1.6854,3.4314,5.6818,7.389,10.493,12.976,15.731,16.158
0.599,1.6078,3.6254,5.4102,7.8546,9.7558,13.558,16.429,15.576
0.4438,1.569,3.4314,5.837,7.4278,10.221,12.937,15.886,16.119
0.5602,1.6854,3.509,5.2162,7.777,9.7558,13.519,16.468,15.459
0.6378,1.7242,3.4702,5.6042,7.4666,10.26,12.937,15.77,16.197
0.599,1.7242,3.4702,5.3714,7.777,9.7558,13.481,16.352,15.498
0.6378,1.6078,3.4314,5.643,7.5442,10.377,12.899,15.847,16.313
0.4438,1.8018,3.703,5.3714,7.5054,9.8722,13.442,16.391,15.537
0.4438,1.4914,3.4314,5.6042,7.5442,10.066,13.209,15.809,16.235
0.599,1.5302,3.6642,5.2938,7.7382,9.7946,13.248,16.352,15.653
0.599,1.4914,3.3538,5.6042,7.4666,10.144,13.325,15.77,16.197
0.5214,1.6854,3.6642,5.3714,7.5442,10.027,13.17,16.468,15.692
0.599,1.7242,3.2762,5.5266,7.583,10.027,13.519,15.77,16.119
0.5602,1.6854,3.7418,5.5266,7.583,10.027,13.054,16.429,15.692
0.4826,1.7242,3.4702,5.3714,7.6606,9.8334,13.675,15.809,16.391
0.4826,1.6466,3.5866,5.449,7.389,10.183,12.821,16.274,15.653
0.6766,1.569,3.4314,5.3326,7.777,9.8334,13.481,15.809,16.352
0.6378,1.6854,3.509,5.7206,7.4666,10.221,12.899,16.468,15.77
0.6378,1.569,3.4702,5.3714,7.8546,9.8722,13.442,15.692,16.352
0.599,1.6466,3.5866,5.837,7.3114,10.26,13.093,16.391,15.615
0.4438,1.6078,3.4314,5.4102,7.8158,9.7946,13.17,15.809,16.391
0.5602,1.763,3.5866,5.6818,7.3114,10.338,13.131,16.429,15.77
0.5602,1.6854,3.4702,5.4102,7.6994,9.8722,13.093,15.925,16.197
0.599,1.6078,3.3926,5.643,7.3502,10.299,13.248,16.352,15.847
0.599,1.6854,3.4314,5.2938,7.7382,9.7558,13.093,15.847,16.391
0.599,1.6078,3.5478,5.4878,7.389,10.299,13.636,16.468,15.886
0.599,1.8018,3.4702,5.255,7.6994,9.6782,13.015,15.886,16.041
0.6378,1.6078,3.4314,5.7206,7.583,10.415,13.636,16.468,15.731
0.6378,1.6078,3.5478,5.3714,7.583,9.7946,12.821,15.925,16.08
0.4826,1.6466,3.4702,5.643,7.6606,10.454,13.481,16.468,15.77
0.4438,1.569,3.6642,5.3326,7.583,9.8334,12.899,15.77,15.809
0.5214,1.6854,3.3926,5.643,7.6994,10.454,13.248,16.507,15.615
0.5602,1.7242,3.6642,5.3326,7.4666,9.6006,12.899,15.77,15.964
0.599,1.8018,3.4702,5.449,7.8934,10.571,13.442,16.352,15.615
0.5602,1.6466,3.703,5.3714,7.4278,9.8334,12.899,15.886,16.197
0.6378,1.7242,3.3538,5.5266,8.0098,10.338,13.403,16.429,15.77
0.599,1.5302,3.6254,5.5266,7.2726,9.7558,12.899,16.003,15.886
0.599,1.6854,3.3926,5.3326,7.777,10.338,13.558,16.352,15.731
0.6378,1.763,3.6642,5.7594,7.4666,9.717,12.976,15.847,15.847
0.6378,1.6854,3.2762,5.4102,7.777,10.299,13.481,16.352,15.653
0.6378,1.6854,3.5866,5.7982,7.2726,9.8722,13.015,15.847,15.809
0.599,1.6466,3.3538,5.4102,7.4278,10.299,13.519,16.429,15.615
0.599,1.6078,3.6642,5.7206,7.389,9.8334,12.899,15.847,16.041
0.5602,1.6854,3.4314,5.255,7.389,10.299,13.442,16.429,15.576
0.599,1.569,3.4314,5.7206,7.4666,9.8722,13.054,15.925,16.003
0.5214,1.8406,3.4314,5.3714,7.5054,10.105,13.325,16.429,15.576
0.4826,1.6466,3.4702,5.4878,7.6606,9.7946,12.976,15.925,16.041
0.5214,1.6466,3.315,5.3714,7.389,9.9498,13.442,16.352,15.459
0.5602,1.6466,3.5478,5.4878,7.6606,9.9498,12.821,15.886,15.964
0.405,1.6466,3.2762,5.3326,7.389,10.105,13.287,16.391,15.653
0.6766,1.7242,3.5866,5.6042,7.777,9.8334,12.782,16.003,15.77
0.599,1.6466,3.315,5.2938,7.4278,10.338,13.442,16.429,15.692
0.5602,1.763,3.5866,5.6042,7.8546,9.8334,13.131,15.886,15.576
0.4826,1.6854,3.4314,5.449,7.4666,10.26,13.403,16.546,15.576
0.4438,1.7242,3.4314,5.4102,8.0098,9.9498,13.054,16.003,15.615
0.5602,1.8018,3.4314,5.3326,7.4278,10.105,13.403,16.352,15.847
0.4826,1.6466,3.3538,5.4878,7.9322,10.027,12.976,16.003,15.847
0.6378,1.6466,3.3538,5.4102,7.5054,10.105,13.442,16.468,15.847
0.599,1.6854,3.4702,5.449,7.6994,10.027,12.976,15.964,15.731
0.599,1.6466,3.4702,5.4102,7.389,10.066,13.558,16.468,16.041
0.5214,1.6854,3.509,5.255,7.6606,10.066,12.899,15.925,15.731
0.599,1.6854,3.4702,5.643,7.5054,9.911,13.519,16.429,15.964
0.5602,1.763,3.315,5.4102,7.4278,10.105,12.899,15.886,15.731
0.5602,1.6854,3.509,5.6818,7.5054,9.911,13.403,16.274,15.886
0.599,1.569,3.4702,5.255,7.5054,9.911,12.782,15.77,15.653
0.599,1.7242,3.509,5.6818,7.6218,9.8334,13.442,16.546,15.925
0.4438,1.6466,3.315,5.255,7.3114,10.183,12.976,15.925,15.847
0.4826,1.7242,3.703,5.837,7.6218,9.8722,13.403,16.507,16.041
0.6766,1.6854,3.3926,5.4102,7.3502,10.144,13.015,15.925,15.77
0.599,1.8018,3.6254,5.6818,7.777,9.9886,13.597,16.352,16.08
0.5214,1.569,3.3926,5.3714,7.5442,10.221,12.899,15.925,15.847
0.5602,1.6854,3.5866,5.643,7.8158,9.8722,13.519,16.468,16.119
0.599,1.5302,3.3926,5.3714,7.4666,10.221,12.899,15.77,15.731
0.6378,1.5302,3.6642,5.5266,7.777,9.717,13.636,16.429,16.003
0.5214,1.6854,3.4702,5.2938,7.5442,10.144,12.937,16.003,15.925
0.5602,1.6078,3.6642,5.449,7.8158,9.6782,13.481,16.313,16.235
0.6378,1.8018,3.3926,5.3714,7.5442,10.144,12.937,15.809,15.847
0.5602,1.6466,3.7806,5.449,7.7382,9.8722,13.558,16.429,16.391
0.4826,1.6466,3.4702,5.5266,7.4666,10.144,12.976,15.77,15.847
0.5602,1.6854,3.4702,5.3714,7.7382,9.8334,13.597,16.507,16.313
0.5602,1.6466,3.4702,5.4878,7.389,10.26,13.015,15.925,15.847
0.5214,1.8018,3.703,5.3714,7.8934,9.8722,13.597,16.352,16.352
0.599,1.569,3.4702,5.5654,7.389,10.183,12.937,15.731,16.08
0.4438,1.6466,3.509,5.3326,7.5442,9.911,13.636,16.352,16.352
0.6378,1.6854,3.315,5.6818,7.3114,10.26,13.093,15.886,15.964
0.4826,1.6078,3.7418,5.2162,7.6218,9.8722,13.364,16.507,16.507
0.5602,1.8018,3.3926,5.7594,7.3502,10.377,13.054,15.847,16.158
0.6378,1.4914,3.4702,5.3326,7.6218,9.8722,13.675,16.352,16.429
0.6378,1.763,3.4702,5.6042,7.5054,10.493,13.054,15.847,16.041
0.5602,1.5302,3.5866,5.3714,7.6218,9.7558,13.558,16.546,16.74
0.4826,1.7242,3.3926,5.4878,7.5442,10.377,13.015,15.925,16.235
0.4826,1.6078,3.4314,5.2938,7.5442,9.7558,13.481,16.468,16.779
0.5602,1.6854,3.4702,5.4102,7.4666,10.338,13.015,15.886,16.08
0.5602,1.8406,3.509,5.4102,7.6606,9.717,13.403,16.274,16.934
0.4826,1.6466,3.315,5.4102,7.6218,10.299,12.899,15.809,16.119
0.5214,1.7242,3.5866,5.3714,7.5442,9.7558,13.636,16.391,16.779
0.4438,1.6466,3.4314,5.4102,7.6218,10.144,12.937,15.925,16.158
0.6378,1.569,3.509,5.6042,7.5442,9.8334,13.442,16.197,16.701
0.6766,1.6466,3.4702,5.2162,7.6218,10.454,12.976,15.653,16.197
0.599,1.5302,3.4314,5.6818,7.4666,9.7558,13.519,16.352,16.779
0.5602,1.8018,3.3926,5.3714,7.6218,10.377,13.093,15.925,16.313
0.599,1.569,3.4702,5.6818,7.4666,9.8722,13.519,16.274,16.856
0.4438,1.6466,3.4702,5.3326,7.583,10.26,12.976,15.77,16.391
0.599,1.6854,3.4702,5.7982,7.4666,9.7946,13.325,16.235,16.779
0.599,1.569,3.5478,5.3326,7.6994,10.493,12.976,15.925,16.391
0.599,1.6466,3.4702,5.6042,7.3502,9.7558,13.519,16.313,16.817
0.5602,1.569,3.4314,5.3326,7.8546,10.183,12.976,15.77,16.274
0.4826,1.8018,3.2762,5.449,7.4278,10.027,13.519,16.391,16.779
0.4438,1.6854,3.5478,5.2938,7.8158,9.9498,12.976,15.77,16.313
0.5602,1.6466,3.4314,5.6042,7.3114,9.911,13.403,16.546,16.779
0.5214,1.6078,3.6254,5.255,7.6994,10.183,13.093,15.886,16.197
0.599,1.5302,3.509,5.3326,7.4666,10.027,13.325,16.468,16.585
0.4438,1.763,3.703,5.3714,7.971,9.9886,13.131,15.847,16.235
0.6378,1.6466,3.315,5.5266,7.4278,10.144,13.209,16.429,16.623
0.6378,1.6466,3.6642,5.5266,8.0098,9.9498,13.209,15.886,16.041
0.7154,1.6854,3.3926,5.255,7.4278,9.9886,13.325,16.429,16.856
0.6378,1.6466,3.7418,5.7206,7.6218,9.7558,13.248,15.964,15.964
0.6378,1.8018,3.4314,5.4102,7.3502,10.027,13.093,16.352,16.662
0.6378,1.6466,3.6254,5.5266,7.6994,9.9886,13.597,16.003,15.964
0.5602,1.5302,3.4314,5.3326,7.5054,9.9886,13.093,16.623,16.352
0.6766,1.6854,3.5478,5.7982,7.5054,10.066,13.713,15.925,16.041
0.5602,1.6466,3.2762,5.255,7.5054,10.027,12.937,16.662,16.507
0.5602,1.763,3.6642,5.7206,7.5054,9.9886,13.675,15.731,15.964
0.6378,1.6466,3.3538,5.4102,7.2726,9.8722,12.976,16.197,16.623
0.6378,1.6854,3.5866,5.4102,7.4666,9.9498,13.713,16.003,15.964
0.599,1.5302,3.315,5.4102,7.583,10.144,12.821,16.546,16.235
0.5602,1.6854,3.6642,5.5654,7.5054,9.7558,13.558,15.809,15.809
0.6378,1.6466,3.4702,5.2938,7.6606,10.183,13.054,16.429,16.158
0.5214,1.6078,3.5478,5.449,7.4278,9.8722,13.403,15.964,16.003
0.5602,1.7242,3.3926,5.4102,7.5442,10.221,13.093,16.507,16.197
0.6378,1.6854,3.5866,5.449,7.4278,9.7946,13.325,15.964,15.809
0.4438,1.6466,3.4314,5.5266,7.583,10.338,13.287,16.468,16.197
0.4826,1.6078,3.509,5.3714,7.5054,9.7558,13.015,15.847,15.847
0.6378,1.6466,3.4702,5.7594,7.9322,10.532,13.558,16.352,16.235
0.4826,1.8018,3.5478,5.2162,7.5054,9.717,12.899,15.809,15.731
0.5602,1.5302,3.4702,5.6818,7.8158,10.454,13.675,16.468,16.08
0.5602,1.7242,3.509,5.3714,7.5442,9.8334,12.976,15.809,15.731
0.5214,1.5302,3.315,5.6818,7.971,10.221,13.675,16.391,15.77
0.599,1.6854,3.4314,5.3714,7.4666,9.717,12.976,15.964,15.886
0.6378,1.5302,3.3926,5.6042,7.8158,10.299,13.675,16.391,15.653
0.6378,1.6466,3.5478,5.3714,7.389,9.6782,13.054,15.964,15.925
0.6378,1.8018,3.3538,5.4878,7.777,10.454,13.558,16.585,15.537
0.6378,1.569,3.5478,5.449,7.389,9.7558,12.899,15.886,15.886
0.5602,1.7242,3.4314,5.255,7.5442,10.26,13.481,16.119,15.576
0.4826,1.6078,3.509,5.4878,7.195,9.911,13.054,16.119,15.731
0.6766,1.6466,3.4314,5.449,7.4278,10.105,13.403,16.391,15.731
0.599,1.6854,3.4702,5.5654,7.3114,9.8334,13.131,15.925,15.809
0.5602,1.569,3.509,5.3714,7.583,10.26,13.248,16.158,15.653
0.6378,1.569,3.5866,5.7206,7.389,9.911,13.209,15.886,15.653
0.599,1.6466,3.4702,5.3326,7.5054,10.066,13.287,16.429,15.421
0.6378,1.6854,3.3926,5.7982,7.4278,9.8722,13.403,16.003,15.653
0.599,1.6854,3.3538,5.3714,7.4278,10.105,13.325,16.468,15.149
0.4438,1.5302,3.509,5.5654,7.4666,10.105,13.209,15.925,15.576
0.6766,1.8018,3.4314,5.2938,7.6218,10.066,13.17,16.546,15.265
0.599,1.6078,3.509,5.5266,7.5442,10.183,13.481,15.964,15.537
0.599,1.6466,3.4702,5.3326,7.583,9.911,13.131,16.507,15.382
0.4826,1.6466,3.4314,5.5266,7.6606,10.183,13.636,15.809,15.537
0.4826,1.6466,3.3538,5.449,7.5442,9.9498,13.093,16.391,15.149
0.6378,1.8018,3.4702,5.3326,7.4666,10.066,13.675,16.08,15.498
0.5214,1.569,3.4702,5.2162,7.5054,10.027,13.054,16.391,15.071
0.6766,1.6854,3.4314,5.5266,7.6218,10.144,13.519,16.08,15.537
0.599,1.6854,3.4702,5.3326,7.5054,10.027,13.093,16.08,15.033
0.4826,1.4914,3.3926,5.255,7.583,10.105,13.403,16.158,15.537
0.4826,1.569,3.4314,5.3326,7.5054,10.027,13.015,16.235,14.994
0.599,1.6466,3.3538,5.255,7.6606,10.105,13.364,16.08,15.459
0.599,1.8018,3.5866,5.4102,7.3114,9.9886,13.287,16.041,14.994
0.599,1.5302,3.3926,5.449,7.6994,10.105,13.403,15.886,15.537
0.5602,1.7242,3.5866,5.3326,7.389,9.9498,13.442,16.08,15.11
0.5214,1.6466,3.3926,5.3326,7.6218,10.183,13.17,16.041,15.188
0.4826,1.569,3.6642,5.449,7.2338,9.911,13.442,16.391,15.149
0.6378,1.6854,3.315,5.3714,7.6994,10.26,13.17,16.158,15.343
0.4438,1.6854,3.6642,5.4878,7.3114,9.8722,13.713,16.158,15.227
0.599,1.6854,3.4314,5.3714,7.8934,10.105,12.976,16.119,15.304
0.4438,1.6854,3.703,5.5654,7.389,9.717,13.675,16.235,15.421
0.599,1.7242,3.4314,5.3714,7.8546,10.105,13.054,16.041,15.188
0.599,1.6854,3.6254,5.5654,7.389,9.8334,13.364,16.08,15.343
0.6378,1.6466,3.4314,5.3326,7.7382,10.066,13.054,16.119,15.227
0.4826,1.6466,3.7418,5.7206,7.4278,9.8722,13.519,15.886,15.615
0.5602,1.569,3.4702,5.3714,7.8546,10.299,13.054,16.235,14.994
0.599,1.6854,3.5478,5.7206,7.4666,9.8722,13.403,16.003,15.77
0.5214,1.5302,3.3926,5.3326,7.777,10.299,13.248,16.391,15.382
0.5602,1.6854,3.5478,5.6818,7.389,9.6782,13.325,15.809,15.77
0.599,1.4914,3.3538,5.3714,7.6994,10.493,13.287,16.235,15.304
0.4826,1.6466,3.6642,5.4102,7.4278,9.8722,13.364,15.886,15.809
0.5602,1.6466,3.4702,5.3326,7.5442,10.377,13.248,16.274,15.188
0.6766,1.6466,3.5478,5.4102,7.389,9.717,13.325,16.08,15.615
0.599,1.7242,3.315,5.4102,7.4278,10.299,13.403,16.197,15.304
0.5214,1.4914,3.509,5.449,7.5054,9.7558,13.209,15.886,15.615
0.4438,1.5302,3.3926,5.2938,7.5054,10.221,13.869,16.197,15.265
0.5602,1.6854,3.509,5.4102,7.583,9.911,13.015,15.731,15.809
0.599,1.569,3.509,5.449,7.195,10.338,13.558,16.197,15.304
0.599,1.7242,3.3926,5.4878,7.6606,9.8722,12.937,15.77,15.692
0.5602,1.569,3.509,5.449,7.3114,9.9498,13.597,16.274,15.382
0.4438,1.6854,3.4702,5.449,7.6994,9.9498,13.287,16.158,15.731
0.5214,1.6466,3.5478,5.5266,7.389,10.221,13.442,16.119,15.537
0.6766,1.7242,3.509,5.3326,7.9322,9.7558,13.015,15.809,16.003
0.4826,1.569,3.5866,5.4102,7.4666,10.183,13.403,15.925,15.459
0.6378,1.569,3.4702,5.2938,7.971,10.066,13.325,16.391,16.003
0.4438,1.763,3.4702,5.6042,7.4666,10.027,13.131,16.119,15.576
0.599,1.6466,3.509,5.3326,7.9322,10.105,13.558,16.235,16.041
0.5602,1.6854,3.509,5.7982,7.4278,10.027,13.093,16.041,15.615
0.5214,1.4914,3.509,5.4102,7.8546,10.144,13.713,16.235,16.197
0.599,1.6078,3.6642,5.6818,7.389,9.8334,12.976,16.041,15.537
0.5602,1.7242,3.3926,5.3326,8.0098,10.221,13.791,16.352,16.158
0.5602,1.6466,3.6642,5.6042,7.4666,9.7946,13.054,16.041,15.615
0.6378,1.7242,3.3926,5.3714,7.8158,10.415,13.442,16.391,16.352
0.4826,1.4914,3.4314,5.6042,7.4278,9.7558,13.054,16.197,15.537
0.5602,1.4914,3.3538,5.4102,7.5442,10.221,13.442,16.119,16.119
0.599,1.6466,3.5866,5.255,7.4278,9.7946,13.209,16.235,15.615
0.6378,1.6078,3.4702,5.5266,7.4278,10.338,13.364,16.197,16.274
0.4438,1.6078,3.6254,5.4102,7.4278,9.7558,13.287,16.197,15.731
0.5214,1.6078,3.509,5.643,7.4278,10.299,13.248,16.158,16.197
0.5602,1.6854,3.5866,5.2162,7.4278,9.8334,13.481,16.08,15.847
0.599,1.6078,3.3926,5.5654,7.3114,10.26,13.17,16.235,16.003
0.4826,1.5302,3.6642,5.3326,7.4666,9.911,13.558,16.041,15.847
0.5214,1.4914,3.3926,5.4878,7.4278,10.144,13.17,16.391,16.158
0.6766,1.6854,3.6642,5.3326,7.389,9.7558,13.675,16.119,15.886
0.405,1.8018,3.4702,5.5654,7.3502,10.183,13.093,16.468,16.041
0.599,1.6078,3.5866,5.255,7.6994,9.8334,13.752,15.964,15.77
0.5602,1.8018,3.4314,5.4102,7.3114,10.221,13.054,16.197,16.158
0.6378,1.6854,3.6254,5.2938,7.8934,9.8722,13.636,16.08,15.925
0.5602,1.6466,3.3538,5.5654,7.4666,10.338,12.937,16.313,16.003
0.599,1.6078,3.7418,5.4102,7.8546,9.7946,13.519,15.964,15.809
0.5214,1.6466,3.3926,5.2938,7.3114,10.415,13.015,16.352,15.925
0.4826,1.6078,3.6642,5.449,7.971,9.8722,13.364,15.692,15.653
0.599,1.6466,3.2762,5.449,7.3502,10.454,13.131,16.429,16.041
0.4438,1.6078,3.7418,5.4102,7.8934,9.8722,13.481,15.964,15.77
0.599,1.6078,3.3538,5.3326,7.4666,10.377,13.093,16.507,16.003
0.5214,1.7242,3.703,5.4102,7.9322,9.9886,13.364,15.886,15.459
0.599,1.6854,3.315,5.5266,7.3502,10.183,13.403,16.158,15.809
0.5602,1.4914,3.703,5.449,7.971,9.9886,13.131,15.886,15.615
0.5602,1.8018,3.315,5.5266,7.389,9.911,13.287,16.507,15.692
0.6378,1.6078,3.703,5.6818,7.8546,9.8334,13.364,15.964,15.692
0.599,1.6854,3.3538,5.3326,7.3114,10.105,13.403,16.352,15.847
0.599,1.6854,3.5866,5.4878,7.7382,10.027,13.287,15.809,15.459
0.6378,1.6078,3.4314,5.2938,7.3114,9.9498,13.713,16.546,15.809
0.599,1.8018,3.4702,5.643,7.8158,10.183,13.093,15.964,15.459
0.5214,1.569,3.4702,5.2938,7.2726,10.066,13.442,16.235,15.692
0.599,1.6466,3.3538,5.643,7.8934,10.183,13.131,15.886,15.459
0.5602,1.5302,3.3926,5.255,7.389,9.9498,13.752,16.158,15.459
0.6378,1.6854,3.5478,5.7206,7.6994,10.066,13.17,16.003,15.421
0.599,1.6078,3.4314,5.3714,7.4666,9.9886,13.442,16.391,15.537
0.4826,1.6466,3.4702,5.7982,7.6606,10.105,13.093,16.041,15.421
0.6378,1.763,3.4702,5.3714,7.4666,9.9886,13.597,16.391,15.304
0.5214,1.569,3.4314,5.6818,7.6218,10.183,13.015,16.003,15.537
0.6378,1.7242,3.4314,5.3326,7.389,9.9498,13.442,16.313,15.149
0.6378,1.4914,3.3538,5.6042,7.583,10.183,13.054,16.041,15.343
0.5214,1.6466,3.4702,5.2162,7.583,9.8722,13.442,16.546,15.149
0.6378,1.6466,3.3926,5.5266,7.6218,10.338,13.054,15.847,15.537
0.4438,1.6078,3.509,5.3326,7.5442,9.911,13.364,16.429,15.071
0.599,1.763,3.5478,5.643,7.4666,10.221,13.209,15.886,15.537
0.6766,1.6466,3.509,5.255,7.6994,9.7558,13.248,16.429,15.421
0.5602,1.6078,3.4314,5.5654,7.5054,10.144,13.481,16.003,15.188
0.5602,1.6854,3.5478,5.4102,7.777,9.8722,13.287,15.964,15.576
0.5602,1.6854,3.315,5.5266,7.4666,10.338,13.364,16.119,15.188
0.6378,1.7242,3.5478,5.6042,7.7382,9.911,13.287,16.235,15.382
0.4826,1.5302,3.3538,5.255,7.389,10.415,13.519,16.003,15.304
0.599,1.6078,3.6642,5.5654,7.777,9.8334,12.976,16.468,15.77
0.6766,1.569,3.4702,5.3326,7.389,10.221,13.752,16.003,15.227
0.5602,1.7242,3.5478,5.449,7.8158,9.717,12.86,16.391,15.77
0.6378,1.6466,3.4314,5.255,7.1562,10.338,13.636,15.925,15.227
0.4438,1.6078,3.6254,5.449,7.8546,9.8722,12.821,16.507,15.77
0.6378,1.6854,3.4702,5.449,7.2726,10.377,13.597,15.809,15.227
0.5602,1.6078,3.6642,5.5266,7.7382,9.8334,13.131,16.352,15.537
0.6378,1.8018,3.4314,5.3326,7.2338,10.454,13.597,16.08,15.343
0.5602,1.5302,3.509,5.3714,7.8158,9.7558,12.937,16.507,15.77
0.4438,1.6854,3.4314,5.5266,7.5442,10.338,13.597,15.886,15.265
0.6766,1.6466,3.6254,5.3326,7.583,9.9498,12.937,16.313,15.886
0.5602,1.6078,3.2762,5.7594,7.5442,10.415,13.558,15.964,15.304
0.599,1.5302,3.509,5.3714,7.6994,9.911,13.054,16.507,15.653
0.6378,1.6854,3.4314,5.7206,7.5442,10.338,13.597,15.964,15.382
0.6766,1.6466,3.509,5.2938,7.4278,9.8334,13.054,16.507,15.925
0.4438,1.6466,3.4702,5.6042,7.5442,10.144,13.442,15.964,15.265
0.599,1.5302,3.509,5.3714,7.4666,9.8722,13.131,16.585,16.003
0.6378,1.5302,3.4702,5.6042,7.5054,10.027,13.364,15.925,15.304
0.4826,1.569,3.3926,5.3714,7.583,9.911,13.248,16.352,15.847
0.6378,1.6466,3.509,5.449,7.6994,10.221,13.17,15.692,15.498
0.4826,1.569,3.509,5.3326,7.4666,9.8722,13.364,16.274,16.003
0.599,1.7242,3.3926,5.3714,7.6606,10.299,13.248,15.809,15.459
0.5602,1.6078,3.315,5.449,7.2726,9.8722,13.403,16.468,15.847
0.4826,1.6854,3.4702,5.4102,7.7382,10.26,13.209,15.886,15.77
0.6766,1.6466,3.4314,5.3714,7.3114,9.7946,13.675,16.235,16.119
0.4438,1.6466,3.4702,5.4102,7.6606,10.183,13.093,15.925,15.615
0.599,1.7242,3.509,5.5266,7.1562,9.9886,13.675,16.352,16.003
0.599,1.569,3.5866,5.3714,7.6994,10.066,13.093,16.003,15.653
0.4826,1.6466,3.4314,5.6818,7.3502,9.7946,13.403,16.313,16.041
0.599,1.6078,3.6642,5.3714,7.6994,10.183,12.899,15.847,15.692
0.5602,1.6466,3.509,5.7594,7.2726,9.8722,13.558,16.468,16.08
0.599,1.569,3.6642,5.4102,7.6994,10.105,12.899,15.925,15.615
0.6378,1.6854,3.4702,5.7594,7.3502,10.183,13.442,16.352,15.964
0.6766,1.6078,3.703,5.4102,7.9322,9.9498,13.015,15.847,15.653
0.6378,1.6466,3.509,5.7206,7.5054,10.183,13.209,16.391,16.274
0.6378,1.6078,3.7418,5.2938,7.8546,9.8334,13.403,15.809,15.615
0.5214,1.5302,3.315,5.6818,7.4278,10.377,13.131,16.429,16.429
0.599,1.6854,3.7418,5.3326,7.7382,9.7946,13.442,15.847,15.809
0.5602,1.8018,3.3538,5.449,7.4278,10.493,13.131,16.313,16.274
0.5602,1.6466,3.5866,5.2162,7.6218,9.7946,13.597,15.692,15.77
0.599,1.569,3.3538,5.5266,7.4278,10.415,13.093,16.391,16.468
0.4826,1.6078,3.5866,5.4102,7.6994,9.7946,13.519,15.886,15.731
0.6378,1.569,3.4314,5.5266,7.5442,10.415,13.015,16.391,16.158
0.6378,1.6078,3.3538,5.5266,7.583,9.717,13.597,15.847,15.886
0.5602,1.6854,3.4702,5.2938,7.6218,10.493,13.015,16.507,16.197
0.6378,1.8018,3.509,5.643,7.4278,9.8722,13.442,15.886,15.77
0.5214,1.6078,3.4314,5.2938,7.6606,10.027,13.054,16.352,16.313
0.6378,1.6078,3.509,5.643,7.3114,9.8722,13.364,15.77,15.731
0.5214,1.6854,3.315,5.3714,7.777,10.066,12.937,16.429,16.235
0.599,1.6078,3.4702,5.6042,7.5054,9.8334,13.481,15.77,15.77
0.599,1.6854,3.4702,5.255,7.6994,10.26,13.054,16.546,16.197
0.4826,1.6466,3.509,5.6818,7.2338,9.9886,13.325,15.886,15.692
0.6378,1.6466,3.4702,5.2162,7.777,10.105,13.17,16.429,15.886
0.5214,1.569,3.3926,5.6042,7.1562,9.9886,13.248,15.886,15.692
0.4826,1.6854,3.4314,5.3714,7.6218,10.105,13.442,16.546,16.119
0.6378,1.6854,3.3926,5.5654,7.195,9.8334,13.17,15.925,15.615
0.599,1.6466,3.3926,5.4102,7.6606,10.221,13.791,16.197,16.119
0.5214,1.6854,3.3926,5.2938,7.2338,10.027,13.131,16.003,15.459
0.5602,1.4914,3.3538,5.4102,7.583,10.144,13.791,16.546,16.158
0.599,1.569,3.4702,5.255,7.3502,9.8334,13.054,15.886,15.653
0.4826,1.6854,3.4314,5.449,7.3502,9.9886,13.519,16.391,15.964
0.6378,1.6854,3.4702,5.449,7.4278,9.9498,13.015,15.886,15.576
0.5602,1.6854,3.5478,5.4878,7.4278,10.105,13.442,16.507,15.847
0.5602,1.569,3.4702,5.4102,7.4278,10.066,13.17,15.964,15.731
0.599,1.763,3.5478,5.5266,7.5054,10.066,13.403,16.507,16.08
0.6378,1.4914,3.3926,5.255,7.777,10.144,13.209,15.925,15.653
0.5602,1.6854,3.4314,5.5654,7.3114,10.105,13.287,16.585,16.158
0.4826,1.6078,3.315,5.2162,7.8934,10.144,13.209,15.847,15.692
0.5214,1.6854,3.5478,5.6042,7.389,10.066,13.364,16.468,15.847
0.5214,1.5302,3.509,5.3326,7.971,10.105,13.248,15.925,15.653
0.6378,1.569,3.5866,5.6818,7.5054,9.9886,13.248,16.468,16.119
0.4826,1.7242,3.509,5.2162,7.971,10.183,13.442,15.886,15.382
0.599,1.6078,3.5478,5.5654,7.5054,9.8334,12.976,16.468,16.119
0.6378,1.7242,3.315,5.3326,7.8934,10.299,13.713,15.886,15.731
0.5602,1.5302,3.703,5.4878,7.389,9.8722,12.937,16.274,16.158
0.6378,1.5302,3.3538,5.4102,7.9322,10.415,13.675,16.003,15.576
0.4826,1.569,3.509,5.449,7.5442,9.911,13.015,16.546,16.197
0.6766,1.6466,3.315,5.3714,7.6994,10.415,13.597,15.809,15.731
0.599,1.6466,3.6254,5.449,7.6218,9.7946,13.131,16.429,16.119
0.6378,1.6854,3.4702,5.5266,7.6606,10.493,13.325,15.886,15.847
0.5214,1.6466,3.6254,5.2938,7.6606,9.8334,13.015,16.507,16.352
0.599,1.6466,3.4702,5.5266,7.6218,10.493,13.442,15.925,15.653
0.599,1.569,3.5866,5.255,7.6606,9.8334,12.976,16.313,16.391
0.599,1.6466,3.4702,5.7594,7.4666,10.221,13.481,15.847,15.692
0.599,1.4914,3.5866,5.255,7.6994,9.7946,13.209,16.468,16.235
0.405,1.6466,3.509,5.6042,7.4666,10.415,13.248,15.809,15.809
0.6378,1.7242,3.5478,5.2938,7.8934,9.6782,13.248,16.313,16.352
0.6378,1.6466,3.3538,5.6042,7.389,10.338,13.248,15.77,15.77
0.599,1.7242,3.3926,5.3326,7.6218,9.717,13.442,16.585,16.468
0.6378,1.6078,3.4702,5.4102,7.2338,10.221,13.209,15.925,15.77
0.599,1.569,3.4702,5.2162,7.7382,9.6782,13.364,16.352,16.197
0.5602,1.6078,3.4702,5.4878,7.2338,10.26,13.054,15.925,16.041
0.6378,1.4914,3.4314,5.3714,7.4666,9.9498,13.636,16.352,16.507
0.4826,1.7242,3.7418,5.4102,7.2338,10.221,12.937,15.925,15.964
0.5602,1.6078,3.3926,5.4878,7.4278,9.7946,13.752,16.429,16.158
0.4826,1.6078,3.7418,5.3714,7.2338,10.027,13.054,15.809,15.964
0.4438,1.569,3.509,5.4102,7.5442,9.9498,13.597,16.352,16.391
0.5602,1.4914,3.703,5.255,7.3502,10.027,12.899,15.847,16.003
0.405,1.7242,3.4314,5.7206,7.4666,9.8334,13.519,16.429,16.274
0.6378,1.6854,3.703,5.3326,7.4666,9.8334,12.899,15.731,15.964
0.6378,1.7242,3.4314,5.7206,7.389,10.377,13.442,16.391,16.546
0.4438,1.6854,3.4702,5.2162,7.4278,9.8334,13.093,15.847,15.886
0.4826,1.5302,3.4702,5.7594,7.389,10.377,13.364,16.391,16.352
0.599,1.8018,3.4702,5.255,7.6606,9.717,13.093,15.886,15.77
0.6378,1.6466,3.315,5.6818,7.3502,10.377,13.325,16.158,16.468
0.599,1.6466,3.509,5.2938,7.8158,9.6782,13.403,15.77,15.615
0.4826,1.7242,3.4314,5.5266,7.3114,10.415,13.131,16.158,16.313
0.6378,1.4914,3.5866,5.3326,7.8546,9.8334,13.597,15.809,15.692
0.5602,1.8406,3.4314,5.4102,7.2338,10.454,13.131,16.235,16.391
0.6766,1.4914,3.5866,5.3714,8.0098,9.8334,13.597,15.77,15.692
0.599,1.6854,3.4702,5.3714,7.3502,10.377,13.015,16.197,15.964
0.6378,1.6078,3.4314,5.4102,7.777,9.7558,13.519,15.615,15.692
0.5602,1.6466,3.4702,5.4878,7.3114,10.377,13.054,16.235,16.235
0.6378,1.8018,3.4702,5.449,7.8546,9.8722,13.597,15.653,15.576
0.5602,1.6854,3.4702,5.3714,7.4666,10.338,12.976,16.274,16.197
0.6378,1.6854,3.5866,5.4878,7.777,9.8722,13.636,15.692,15.615
0.4826,1.6854,3.4314,5.2938,7.389,10.26,12.899,16.003,16.041
0.6766,1.7242,3.4314,5.6818,7.6994,9.7946,13.442,15.615,15.498
0.4826,1.8018,3.4314,5.3714,7.5442,10.377,13.054,15.886,15.77
0.5214,1.6466,3.6254,5.7206,7.6606,9.7558,13.403,15.77,15.498
0.599,1.7242,3.4702,5.3714,7.4278,10.299,13.17,15.925,15.576
0.599,1.5302,3.5866,5.5266,7.583,9.8334,13.248,15.847,15.653
0.6378,1.7242,3.4702,5.3326,7.6218,10.105,13.093,15.925,15.343
0.5602,1.7242,3.4314,5.5266,7.7382,9.8334,13.287,16.003,15.459
0.5602,1.6854,3.4702,5.255,7.5054,10.299,13.093,16.391,15.227
0.4826,1.8018,3.6642,5.2938,7.7382,9.8722,13.364,15.964,15.692
0.6378,1.5302,3.4314,5.3326,7.583,10.183,13.054,16.08,15.149
0.5602,1.6466,3.4702,5.2938,7.5054,9.9886,13.209,16.158,15.692
0.5214,1.6854,3.4314,5.4102,7.7382,10.183,13.093,16.119,15.265
0.599,1.6854,3.5866,5.449,7.6994,9.9886,13.364,16.235,15.459
0.5214,1.763,3.509,5.449,7.777,10.183,13.364,16.041,15.188
0.599,1.5302,3.5866,5.4102,7.6218,10.066,13.287,16.158,15.498
0.4438,1.6466,3.4314,5.5266,7.8158,9.9886,13.597,16.274,15.188
0.5602,1.569,3.5866,5.2938,7.4278,9.8722,13.131,16.158,15.847
0.6378,1.6854,3.4702,5.5266,7.6606,9.9498,13.675,16.313,15.11
0.599,1.8018,3.4702,5.2162,7.5442,10.027,12.821,16.119,15.692
0.6378,1.6466,3.315,5.7206,7.9322,10.027,13.442,16.274,15.11
0.5602,1.7242,3.5478,5.3714,7.583,10.066,13.093,16.313,15.576
0.5214,1.6466,3.509,5.5654,7.8158,9.911,13.442,16.352,15.149
0.4438,1.6078,3.3538,5.1774,7.5442,10.26,12.976,16.391,15.77
0.6378,1.6854,3.4702,5.4878,7.8158,9.9498,13.287,16.313,15.071
0.4826,1.6854,3.509,5.3326,7.389,10.299,13.209,16.546,15.653
0.5602,1.6078,3.509,5.4878,7.8934,9.717,13.248,16.391,15.149
0.4826,1.6854,3.5478,5.255,7.3502,10.066,13.248,16.546,15.847
0.6378,1.6466,3.4702,5.3714,7.8158,9.717,13.209,16.74,15.11
0.6766,1.763,3.509,5.3326,7.2338,10.299,13.481,16.391,15.692
0.599,1.569,3.509,5.4878,7.6218,9.717,12.899,16.623,15.265
0.599,1.5302,3.4702,5.4878,7.389,10.299,13.597,16.546,15.692
0.5602,1.6854,3.5866,5.2938,7.6994,9.7558,13.015,16.662,15.343
0.599,1.6854,3.2762,5.449,7.389,10.338,13.481,16.158,15.77
0.4826,1.8018,3.6254,5.3326,7.583,9.8334,12.976,16.507,15.421
0.5602,1.6466,3.3538,5.4102,7.4278,10.454,13.636,16.274,15.886
0.599,1.5302,3.6642,5.3714,7.4666,9.8722,12.937,16.507,15.459
0.6378,1.6466,3.3926,5.5654,7.5442,10.415,13.636,16.003,15.964
0.5602,1.5302,3.5478,5.3714,7.2726,9.7946,13.131,16.235,15.304
0.599,1.6466,3.315,5.5266,7.4278,10.493,13.713,16.08,15.886
0.6378,1.569,3.7418,5.3714,7.2338,9.7558,12.976,16.158,15.343
0.4826,1.6854,3.315,5.6818,7.5442,10.183,13.597,16.08,15.653
0.6378,1.5302,3.7418,5.4102,7.2726,9.8334,12.976,16.119,15.615
0.5602,1.6078,3.4702,5.5654,7.6606,10.144,13.636,16.041,16.041
0.6378,1.8018,3.6642,5.255,7.195,9.9886,13.093,16.352,15.498
0.599,1.6466,3.509,5.2938,7.5054,10.105,13.442,16.08,16.041
0.6378,1.7242,3.6642,5.4878,7.3114,10.183,12.86,15.964,15.653
0.6378,1.6466,3.3926,5.255,7.6994,9.8722,13.364,15.964,15.964
0.599,1.6854,3.703,5.4878,7.1174,10.144,13.015,16.119,15.77
0.599,1.8018,3.4314,5.3326,7.6994,9.911,13.403,15.886,16.197
0.6378,1.6466,3.6642,5.5266,7.1174,10.105,13.209,16.197,15.576
0.5602,1.6466,3.3926,5.3326,7.777,9.8334,13.209,15.925,16.158
0.599,1.569,3.7418,5.7594,7.1174,10.299,13.209,16.235,15.77
0.5602,1.6854,3.4314,5.4102,7.777,9.7558,13.364,15.886,16.08
0.4438,1.7242,3.6642,5.7982,7.2726,10.338,13.403,16.274,15.77
0.599,1.5302,3.3538,5.3714,7.6994,9.911,13.131,15.809,16.313
0.6378,1.763,3.509,5.5654,7.2338,10.454,13.519,16.158,15.692
0.599,1.6078,3.3538,5.3714,7.777,9.8722,13.17,15.847,16.391
0.6378,1.6854,3.5478,5.5654,7.2338,10.105,13.597,16.313,15.77
0.5602,1.8018,3.3926,5.4102,7.6994,10.144,13.015,15.692,16.429
0.5214,1.6854,3.6254,5.5266,7.2726,9.9498,13.597,16.352,15.77
0.6378,1.6078,3.3926,5.449,7.5054,10.027,13.131,15.886,16.352
0.5602,1.7242,3.509,5.3714,7.3114,10.066,13.442,16.391,15.886
0.599,1.4526,3.3538,5.3714,7.5442,10.183,13.054,16.08,16.391
0.4826,1.8018,3.5866,5.255,7.3114,10.027,13.325,16.429,15.809
0.599,1.6854,3.509,5.449,7.6218,10.066,13.054,15.964,16.274
0.6378,1.569,3.4314,5.2938,7.389,9.911,13.403,16.274,15.77
0.5602,1.6854,3.4314,5.449,7.583,10.027,13.131,16.197,16.274
0.6766,1.5302,3.3926,5.3714,7.4666,9.8334,13.364,16.468,15.809
0.6378,1.7242,3.5866,5.3714,7.5442,10.183,13.248,16.041,16.274
0.5602,1.6466,3.4702,5.2162,7.3502,9.9886,13.131,16.507,15.925
0.599,1.5302,3.6254,5.6042,7.7382,10.26,13.403,15.925,16.274
0.5214,1.6466,3.3538,5.1386,7.3502,9.9498,13.209,16.662,15.537
0.6378,1.6466,3.6254,5.7594,7.6994,10.26,13.597,16.197,16.274
0.4438,1.763,3.315,5.255,7.6218,9.717,13.054,16.585,15.692
0.6378,1.6854,3.7418,5.5266,7.5054,10.338,13.481,16.235,16.041
0.599,1.6466,3.4314,5.255,7.6994,9.8334,13.054,16.779,15.692
0.5602,1.7242,3.7418,5.6042,7.4666,10.26,13.675,16.235,16.235
0.6378,1.4914,3.4314,5.3326,7.777,9.8722,12.821,16.623,15.537
0.599,1.8018,3.5478,5.5654,7.6218,10.532,13.558,16.352,16.235
0.6378,1.6854,3.315,5.2162,7.8158,9.7558,13.131,16.934,15.731
0.6378,1.6466,3.6642,5.3714,7.5054,10.338,13.403,16.313,16.197
0.4826,1.7242,3.4702,5.449,8.0486,9.8334,13.131,16.701,15.692
0.599,1.5302,3.6642,5.3714,7.583,10.377,13.287,16.352,16.235
0.5602,1.8406,3.3926,5.643,7.971,9.8334,13.325,16.856,15.537
0.5602,1.6078,3.3926,5.2938,7.5054,10.338,13.131,16.274,16.08
0.599,1.6854,3.4314,5.6818,7.971,9.9498,13.248,16.779,15.265
0.5214,1.6854,3.4314,5.3714,7.583,10.26,13.093,16.235,15.964
0.6378,1.6854,3.3538,5.5654,8.0486,9.7558,13.481,16.934,15.421
0.6378,1.6854,3.4314,5.3326,7.5442,10.454,13.131,16.08,16.041
0.4826,1.6854,3.315,5.6042,8.0486,9.7946,13.597,16.468,15.343
0.5602,1.7242,3.4702,5.1774,7.5442,10.532,12.937,16.197,16.08
0.599,1.8018,3.4702,5.3714,7.8934,9.8722,13.675,16.662,15.343
0.599,1.6854,3.4314,5.3326,7.4278,10.532,13.015,16.041,15.847
0.4438,1.6854,3.509,5.4878,7.8546,9.8334,13.558,16.507,15.459
0.5214,1.6854,3.509,5.3714,7.4278,10.493,12.821,15.964,15.886
0.5214,1.6466,3.509,5.3714,7.8546,9.8334,13.519,16.468,15.227
0.5602,1.8018,3.3538,5.4102,7.4278,10.377,13.248,15.809,15.77
0.6378,1.6466,3.703,5.3326,7.6606,9.717,13.442,16.197,15.382
0.5602,1.6854,3.4702,5.4102,7.5054,10.338,13.015,15.925,15.653
0.4826,1.6078,3.5866,5.449,7.971,9.9886,13.287,16.429,15.304
0.5602,1.6466,3.509,5.4102,7.4278,10.338,12.976,15.731,15.809
0.5602,1.8018,3.7418,5.4102,7.583,9.7558,13.442,16.429,15.304
0.5214,1.4914,3.4314,5.449,7.6218,10.144,13.248,15.847,15.886
0.4438,1.6466,3.6642,5.4102,7.7382,9.911,13.287,16.468,15.304
0.599,1.5302,3.2762,5.449,7.4666,10.105,13.325,15.77,15.537
0.599,1.6466,3.4702,5.449,7.8158,9.911,13.093,16.235,15.459
0.4826,1.8018,3.4702,5.5266,7.5442,10.26,13.17,15.77,15.731
0.6378,1.569,3.5478,5.2938,7.7382,9.9498,13.131,16.391,15.149
0.6378,1.8018,3.2762,5.7206,7.389,10.183,13.597,15.77,15.77
0.5602,1.6854,3.4702,5.3326,7.6994,10.066,12.976,16.352,15.304
0.6378,1.7242,3.315,5.7594,7.5442,10.183,13.713,15.847,15.809
0.599,1.6078,3.5478,5.3326,7.4666,9.9886,12.937,16.313,15.265
0.599,1.6854,3.315,5.5266,7.4278,9.9498,13.752,15.847,16.08
0.6378,1.8018,3.3538,5.2938,7.5054,10.027,13.054,16.468,15.343
0.5602,1.4914,3.4702,5.7206,7.4666,10.027,13.481,15.77,15.886
0.5602,1.7242,3.4314,5.3326,7.6606,9.9498,12.976,16.429,15.537
0.6378,1.6078,3.4702,5.5654,7.4666,10.066,13.442,15.847,15.964
0.4826,1.7242,3.3926,5.3326,7.4666,10.066,13.093,16.391,15.537
0.6378,1.6078,3.6254,5.3714,7.6994,9.9886,13.325,15.925,16.041
0.4826,1.6854,3.3538,5.2938,7.389,10.105,13.17,16.352,15.459
0.6766,1.8018,3.509,5.3326,7.6606,9.9886,13.325,15.886,15.886
0.4826,1.6466,3.509,5.449,7.3114,10.027,13.287,16.662,15.498
0.6378,1.6854,3.5478,5.255,7.7382,9.911,13.287,16.119,16.003
0.5214,1.6466,3.2762,5.5654,7.2726,10.221,13.17,16.274,15.537
0.5214,1.5302,3.703,5.3326,7.6218,9.8722,13.325,16.313,16.003
0.5602,1.6854,3.509,5.6818,7.2338,10.183,13.442,16.507,15.576
0.4826,1.569,3.703,5.2162,7.6994,9.9498,13.209,16.197,16.197
0.599,1.8018,3.3538,5.6818,7.3502,10.221,13.558,16.429,15.77
0.599,1.6854,3.5478,5.2162,7.3502,9.7558,12.976,16.235,16.352
0.599,1.6854,3.4702,5.6818,7.4666,10.415,13.558,16.779,15.77
0.5602,1.6078,3.509,5.3714,7.3502,9.8334,13.093,16.274,16.391
0.4826,1.6854,3.4314,5.449,7.389,10.338,13.636,16.74,15.809
0.6766,1.5302,3.6254,5.3714,7.3502,9.9498,12.976,16.468,16.235
0.599,1.6854,3.3538,5.4878,7.4666,10.26,13.481,16.779,15.925
0.4438,1.8018,3.703,5.3714,7.2726,9.717,13.093,16.197,16.429
0.6378,1.6854,3.4702,5.4102,7.6994,10.338,13.248,16.546,15.925
0.5214,1.6466,3.6642,5.5266,7.1562,9.7946,13.209,16.429,16.352
0.6378,1.5302,3.4702,5.3326,7.4666,10.105,13.209,16.662,15.886
0.6378,1.7242,3.6254,5.7206,7.195,9.717,13.364,16.507,16.274
0.4826,1.5302,3.4702,5.3714,7.777,10.144,13.248,16.701,15.925
0.599,1.6854,3.6254,5.7206,7.1562,9.9498,13.442,16.507,16.468
0.6378,1.569,3.4702,5.3326,7.7382,10.144,13.131,16.856,15.847
0.6378,1.6466,3.509,5.7206,7.195,9.717,13.558,16.274,16.585
0.5602,1.763,3.509,5.255,7.6994,10.377,12.976,16.585,16.235
0.5602,1.6854,3.4314,5.7206,7.1562,9.7558,13.597,16.313,16.352
0.599,1.6854,3.509,5.3714,7.583,10.377,13.054,16.391,16.041
0.6378,1.6854,3.4702,5.4878,7.2726,9.8722,13.558,16.197,16.507
0.6378,1.7242,3.5478,5.3326,7.6606,10.532,12.899,16.119,15.964
0.5602,1.4914,3.315,5.449,7.3114,9.8722,13.519,16.468,16.352
0.6378,1.6854,3.5478,5.3714,7.5054,10.338,13.209,15.964,15.925
0.5214,1.6078,3.315,5.4102,7.5054,9.7946,13.248,16.391,16.623
0.4826,1.6854,3.7418,5.2938,7.6994,10.493,13.287,15.964,16.08
0.6378,1.6466,3.4702,5.6042,7.5442,9.7946,13.287,16.507,16.468
0.599,1.6466,3.703,5.3714,7.6606,9.9886,12.976,15.77,15.925
0.4438,1.7242,3.4314,5.5654,7.6218,10.027,13.325,16.391,16.119
0.599,1.6466,3.509,5.449,7.6994,9.9886,13.093,16.003,15.964
0.599,1.6466,3.315,5.449,7.6994,9.9886,13.248,16.352,16.235
0.4826,1.8018,3.509,5.2938,7.6606,9.8722,12.976,15.925,15.964
0.599,1.6466,3.3538,5.5266,7.6994,10.26,13.248,16.352,16.197
0.6378,1.6854,3.509,5.3326,7.6218,9.911,13.209,15.809,15.809
0.5602,1.6466,3.509,5.255,7.8546,10.144,13.248,16.08,16.158
0.599,1.6466,3.315,5.5266,7.6218,9.7558,13.248,16.08,15.77
0.4438,1.763,3.4702,5.4102,7.9322,10.144,13.093,15.886,16.041
0.5602,1.569,3.4702,5.5654,7.5442,9.7946,13.325,16.158,15.653
0.4438,1.6854,3.6642,5.255,7.9322,10.299,12.937,15.886,16.235
0.599,1.5302,3.2762,5.6042,7.583,9.8722,13.558,16.197,15.77
0.6378,1.6466,3.6254,5.2162,8.0098,10.299,13.093,15.692,16.041
0.5214,1.7242,3.3926,5.4102,7.5054,9.7946,13.597,16.197,15.653
0.6766,1.6466,3.5478,5.255,7.8934,10.338,12.937,15.809,16.041
0.599,1.7242,3.4702,5.6042,7.4278,9.8722,13.713,16.197,15.615
0.6766,1.6466,3.4314,5.3714,7.971,10.377,12.899,15.692,16.197
0.4826,1.6466,3.509,5.5266,7.3114,9.8334,13.442,16.546,15.576
0.4826,1.7242,3.4314,5.3714,7.8158,10.26,13.054,15.886,15.77
0.5602,1.6078,3.5866,5.3714,7.5054,9.8722,13.325,16.468,15.615
0.5214,1.8018,3.4314,5.5266,7.8546,10.183,13.015,16.041,15.77
0.599,1.6078,3.6254,5.2938,7.389,9.7558,13.442,16.623,15.421
0.5602,1.6854,3.509,5.6042,7.7382,10.493,13.015,16.119,16.003
0.5214,1.6854,3.7418,5.2938,7.389,9.911,13.364,16.429,15.459
0.5602,1.6854,3.4314,5.7594,7.5442,10.454,13.093,16.08,15.692
0.599,1.6466,3.6642,5.3326,7.6994,9.9498,13.364,16.468,15.304
0.5602,1.6466,3.4314,5.6818,7.5442,10.221,13.248,16.274,16.003
0.5602,1.8018,3.5866,5.3326,7.6994,9.8722,13.17,16.313,15.304
0.6378,1.5302,3.4702,5.6818,7.4278,10.338,13.675,16.158,15.731
0.6378,1.8018,3.509,5.255,7.777,9.9498,13.015,16.235,15.149
0.599,1.569,3.4702,5.5266,7.389,10.299,13.752,16.313,15.77
0.599,1.6466,3.4702,5.3714,7.7382,9.8722,12.937,16.08,15.11
0.5602,1.6854,3.6642,5.449,7.389,10.221,13.675,16.429,15.692
0.6378,1.6466,3.509,5.3326,7.8158,9.9886,12.976,16.119,15.149
0.405,1.7242,3.6642,5.4102,7.2338,10.066,13.481,16.546,15.77
0.599,1.5302,3.4314,5.3714,7.6606,10.027,13.054,16.197,15.033
0.5602,1.8018,3.6254,5.4102,7.2726,10.26,13.403,16.701,15.692
0.6378,1.569,3.4702,5.449,7.6218,10.105,13.17,16.274,14.955
0.599,1.6466,3.6254,5.3714,7.1562,10.183,13.325,16.895,15.498
0.6378,1.6854,3.4702,5.2938,7.5442,10.066,13.131,16.352,14.916
0.5602,1.6466,3.5478,5.3714,7.195,10.066,13.325,16.779,15.615
0.6378,1.8018,3.509,5.5266,7.6218,9.911,13.442,16.585,14.955
0.4826,1.6466,3.7418,5.3326,7.3502,9.911,13.17,16.507,15.421
0.4826,1.8018,3.4314,5.7594,7.6218,9.911,13.519,16.701,14.877
0.599,1.6466,3.6642,5.1774,7.2338,10.105,13.015,16.119,15.382
0.5214,1.6854,3.315,5.5654,7.5442,10.105,13.713,16.701,14.994
0.599,1.5302,3.6642,5.3326,7.5054,10.027,12.976,16.235,15.459
0.4826,1.6854,3.3926,5.3326,7.5054,9.9886,13.558,16.585,15.033
0.599,1.6854,3.5478,5.255,7.6218,10.183,12.976,16.158,15.421
0.599,1.6854,3.4314,5.3326,7.5054,10.066,13.713,16.623,14.877
0.5602,1.8018,3.509,5.5654,7.6606,10.066,12.937,15.925,15.537
0.599,1.6078,3.315,5.1774,7.6218,10.105,13.636,16.429,14.955
0.4826,1.569,3.3926,5.6042,7.6994,10.066,13.054,15.925,15.265
0.6378,1.569,3.4314,5.2938,7.5054,10.066,13.597,16.507,15.459
0.5214,1.569,3.509,5.7594,7.777,10.144,13.054,16.08,15.421
0.4826,1.6466,3.3926,5.3326,7.5054,9.9886,13.519,16.197,15.188
0.599,1.5302,3.4314,5.5266,8.0486,10.027,12.86,16.08,15.382
0.5602,1.7242,3.315,5.3714,7.5054,9.9886,13.325,16.08,15.459
0.599,1.6466,3.509,5.5654,7.9322,10.26,13.17,16.119,15.304
0.4826,1.8018,3.509,5.1774,7.5442,9.9886,13.364,15.925,15.459
0.5602,1.6466,3.4314,5.3714,8.0486,10.338,13.442,16.119,15.343
0.5602,1.7242,3.703,5.3326,7.4278,9.9886,12.976,15.692,15.459
0.5602,1.7242,3.2762,5.3714,7.9322,10.221,13.481,16.274,15.421
0.6378,1.6078,3.5866,5.3714,7.4278,9.8334,13.17,15.653,15.459
0.5214,1.7242,3.4314,5.2938,7.971,10.221,13.636,16.235,15.265
0.5602,1.6854,3.6642,5.3714,7.5054,9.911,13.015,15.692,15.692
0.5602,1.6078,3.4702,5.3326,7.7382,10.183,13.597,16.313,15.459
0.4438,1.6854,3.5478,5.4102,7.3114,10.105,12.976,15.615,15.615
0.599,1.6078,3.4702,5.449,7.6606,10.027,13.597,16.391,15.731
0.5214,1.6854,3.5478,5.449,7.4666,10.027,13.054,15.731,15.459
0.599,1.7242,3.509,5.4102,7.5054,10.144,13.442,16.274,15.847
0.6378,1.6466,3.4314,5.5654,7.4666,9.911,13.054,15.731,15.498
0.6378,1.5302,3.4702,5.3326,7.583,10.183,13.442,16.391,15.615
0.599,1.6078,3.4314,5.449,7.3502,10.105,13.015,15.886,15.459
0.4826,1.6854,3.509,5.3714,7.5054,9.8722,13.519,16.429,16.003
0.6378,1.569,3.315,5.5654,7.389,10.144,13.015,15.925,15.343
0.5602,1.6078,3.509,5.3714,7.2726,10.105,13.403,16.546,16.08
0.599,1.569,3.509,5.7594,7.5054,10.26,13.287,15.847,15.459
0.6378,1.6078,3.4702,5.255,7.3502,9.9886,13.325,16.391,15.925
0.5602,1.569,3.3538,5.6042,7.777,10.221,13.248,15.809,15.498
0.5214,1.5302,3.509,5.449,7.2726,10.066,13.248,16.468,16.119
0.4826,1.569,3.3926,5.449,7.7382,10.221,13.403,16.003,15.459
0.5214,1.6466,3.5478,5.3714,7.2726,10.105,13.131,16.507,16.041
0.599,1.569,3.509,5.4878,7.971,10.299,13.287,16.119,15.731
0.6378,1.8018,3.5478,5.255,7.4666,10.027,13.287,16.585,15.964
0.599,1.6078,3.4702,5.3714,7.8546,10.221,13.403,15.886,15.77
0.599,1.7242,3.5866,5.5266,7.5054,10.027,13.209,16.429,16.158
0.5602,1.6854,3.509,5.255,7.8546,10.26,13.597,16.119,15.498
0.599,1.6466,3.5478,5.4878,7.4666,10.027,13.093,16.817,16.274
0.5214,1.6466,3.4702,5.3326,7.777,10.26,13.713,16.235,15.77
0.5602,1.6466,3.5478,5.7206,7.4278,10.027,13.054,16.817,16.235
0.599,1.569,3.3926,5.3714,7.6994,10.221,13.481,16.197,15.653
0.5602,1.6466,3.703,5.7594,7.5054,10.027,12.976,16.779,16.391
0.5214,1.763,3.3926,5.1774,7.777,10.26,13.481,16.197,15.692
0.4826,1.6466,3.6642,5.6042,7.6606,9.911,13.054,16.973,16.468
0.5214,1.7242,3.4702,5.255,7.583,10.299,13.442,16.313,15.731
0.4826,1.6466,3.6642,5.3326,7.6606,9.8722,13.093,16.779,16.235
0.4438,1.5302,3.4702,5.2162,7.6218,10.299,13.248,16.429,15.77
0.6766,1.7242,3.703,5.3714,7.6994,9.9886,13.248,16.895,16.391
0.4826,1.6466,3.4702,5.2938,7.3502,10.454,13.287,16.158,15.77
0.6378,1.6078,3.5478,5.4102,7.6994,9.9886,13.209,16.779,16.468
0.5602,1.4914,3.2762,5.5266,7.3502,10.493,13.287,16.08,15.847
0.4826,1.6466,3.6254,5.2162,7.6994,9.717,13.287,16.623,16.274
0.599,1.6466,3.4702,5.7594,7.3114,10.571,13.131,16.08,15.886
0.599,1.6854,3.509,5.3326,7.8158,9.7558,13.675,16.74,16.235
0.5602,1.7242,3.315,5.7206,7.3502,10.377,12.937,16.313,15.77
0.5602,1.6466,3.509,5.255,7.8934,9.8334,13.675,16.701,16.468
0.6378,1.6854,3.3538,5.4878,7.3502,10.532,12.899,16.158,15.886
0.6378,1.6466,3.5478,5.3326,7.6606,9.8722,13.713,16.468,16.235
0.5214,1.569,3.315,5.4878,7.2338,10.415,12.937,16.08,15.692
0.6766,1.6854,3.509,5.4102,7.5442,9.7946,13.558,16.701,16.352
0.5214,1.6078,3.315,5.4878,7.389,10.493,12.976,16.158,15.692
0.6378,1.6854,3.5478,5.5266,7.5442,9.8722,13.442,16.701,16.274
0.5214,1.6078,3.4314,5.4102,7.3114,10.221,13.093,16.041,15.847
0.6378,1.8018,3.3926,5.643,7.6606,9.7946,13.403,16.546,16.235
0.599,1.6078,3.509,5.4102,7.583,10.299,13.093,15.886,15.692
0.6378,1.8018,3.3926,5.643,7.6994,9.911,13.287,16.468,16.197
0.6766,1.6466,3.4314,5.255,7.583,10.144,13.248,16.158,15.576
0.6378,1.5302,3.3926,5.5654,7.6218,9.911,13.248,16.585,16.197
0.5602,1.6466,3.4702,5.3326,7.6218,10.105,13.364,16.041,15.692
0.4826,1.6078,3.4702,5.643,7.583,10.066,13.287,16.468,16.119
0.6378,1.7242,3.4702,5.3326,7.6994,10.027,13.519,16.08,15.615
0.6378,1.6466,3.4702,5.6818,7.389,10.105,13.287,16.391,16.158
0.4826,1.6078,3.4702,5.3714,7.8546,10.183,13.713,15.925,15.498
0.6766,1.6854,3.4702,5.6042,7.4278,10.105,13.015,16.468,16.08
0.6378,1.6854,3.315,5.3326,7.971,10.144,13.713,16.197,15.537
0.599,1.5302,3.3926,5.5266,7.5054,10.105,12.899,16.352,15.847
0.599,1.6078,3.4702,5.4102,7.8934,10.183,13.636,16.158,15.421
0.599,1.6854,3.3538,5.4102,7.3502,10.066,12.976,16.352,16.003
0.599,1.6854,3.5478,5.449,7.8158,10.183,13.558,16.08,15.265
0.4826,1.8018,3.4702,5.3714,7.3502,10.105,12.937,16.119,15.77
0.6378,1.6854,3.4702,5.4878,7.9322,10.066,13.481,16.119,15.498
0.5602,1.7242,3.4702,5.3714,7.389,10.183,12.937,16.197,15.77
0.5214,1.6466,3.6254,5.5654,7.777,10.027,13.558,16.003,15.459
0.5214,1.6078,3.4702,5.3326,7.1562,10.299,12.937,16.041,15.537
0.5214,1.763,3.703,5.7206,7.777,9.9886,13.442,15.886,15.498
0.4826,1.6854,3.4702,5.3326,7.3114,10.066,12.937,16.08,15.576
0.6378,1.8018,3.5866,5.5654,7.6218,9.911,13.481,15.77,15.459
0.6378,1.6078,3.315,5.2938,7.3502,10.26,13.015,16.158,15.537
0.599,1.7242,3.509,5.4102,7.777,10.105,13.325,15.925,15.537
0.599,1.6854,3.4702,5.1774,7.4278,10.183,13.131,16.041,15.459
0.5214,1.6078,3.5478,5.6042,7.7382,9.9498,13.364,15.847,15.576
0.6378,1.6078,3.509,5.3326,7.4666,10.338,13.248,16.197,15.149
0.4826,1.5302,3.5478,5.4102,7.777,9.8722,13.248,15.731,15.653
0.6378,1.6854,3.3926,5.2162,7.4666,10.415,13.442,16.119,15.227
0.4438,1.5302,3.5478,5.3714,7.6606,9.7946,13.287,15.731,15.459
0.599,1.6854,3.2762,5.3326,7.5054,10.454,13.481,16.041,14.994
0.5602,1.4914,3.509,5.4878,7.6606,9.9498,13.093,15.731,15.653
0.6378,1.6854,3.4702,5.3714,7.5442,10.454,13.558,16.197,15.11
0.599,1.7242,3.5478,5.4102,7.777,9.911,13.054,15.731,15.537
0.599,1.6466,3.4702,5.449,7.583,10.532,13.675,16.158,15.11
0.5214,1.6078,3.5478,5.449,7.7382,9.911,13.054,15.77,15.692
0.6378,1.6854,3.4702,5.4102,7.4666,10.493,13.403,16.197,15.265
0.5602,1.6854,3.3926,5.3714,7.6994,9.9886,13.015,15.692,15.692
0.5602,1.6078,3.509,5.5266,7.6218,10.066,13.442,16.119,15.459
0.6378,1.6854,3.3926,5.3714,7.4666,10.027,13.015,15.77,15.653
0.4438,1.7242,3.3538,5.6818,7.5442,10.221,13.442,16.197,15.343
0.599,1.569,3.5478,5.3326,7.2726,10.066,12.86,15.77,15.847
0.5214,1.8018,3.4702,5.7594,7.6218,10.26,13.248,16.197,15.343
0.6378,1.6466,3.4314,5.2938,7.2338,10.105,13.17,15.964,15.886
0.5602,1.5302,3.315,5.5266,7.6218,10.221,13.287,16.197,15.459
0.599,1.6078,3.509,5.2938,7.195,9.911,13.131,15.809,15.77
0.4826,1.6854,3.3538,5.6042,7.7382,10.027,13.131,16.352,15.227
0.599,1.5302,3.4702,5.255,7.2338,9.9886,13.519,16.08,15.964
0.4826,1.6466,3.4314,5.3326,7.6994,10.144,12.976,16.313,15.537
0.599,1.7242,3.4702,5.3326,7.3502,9.9886,13.675,16.08,15.847
0.599,1.6078,3.315,5.3326,7.6994,10.338,13.015,16.429,16.08
0.5602,1.7242,3.4702,5.3714,7.389,10.027,13.442,16.08,15.692
0.599,1.6466,3.4702,5.449,7.6994,10.183,12.86,16.313,15.615
0.6378,1.6854,3.4314,5.3326,7.389,10.066,13.519,16.041,15.964
0.5602,1.6854,3.6642,5.449,7.6606,10.144,13.209,16.468,15.925
0.5214,1.569,3.4702,5.4102,7.4666,10.105,13.248,16.313,15.964
0.5214,1.6466,3.5866,5.255,7.777,10.066,12.976,16.507,15.925
0.5602,1.569,3.315,5.449,7.5054,10.221,13.248,16.623,15.847
0.599,1.569,3.5478,5.2938,7.8158,9.9886,13.287,16.313,16.08
0.599,1.6078,3.509,5.449,7.4278,10.183,13.287,16.74,15.964
0.5214,1.6466,3.4702,5.3714,7.8546,9.8722,13.17,16.429,16.003
0.6378,1.6854,3.3926,5.5654,7.389,10.377,13.287,17.011,16.003
0.5214,1.6078,3.3926,5.2162,7.777,9.8722,13.364,16.391,16.003
0.4438,1.8018,3.3538,5.643,7.5054,10.415,13.054,16.779,15.925
0.5214,1.6466,3.4702,5.2162,7.5442,9.8334,13.597,16.391,15.77
0.599,1.6466,3.5478,5.643,7.5054,10.493,12.976,16.973,16.197
0.5602,1.5302,3.3926,5.3714,7.6606,9.7946,13.597,16.429,15.77
0.6766,1.6854,3.509,5.6042,7.5442,10.532,13.015,17.089,16.119
0.5602,1.6466,3.315,5.2938,7.583,9.9498,13.636,16.119,15.731
0.599,1.6078,3.7418,5.255,7.5054,10.454,12.937,16.817,16.119
0.5214,1.6078,3.4702,5.3326,7.583,9.9498,13.558,15.964,15.809
0.4826,1.6078,3.5866,5.4102,7.583,10.415,13.054,16.701,16.197
0.6378,1.7242,3.315,5.449,7.5054,9.9498,13.403,16.158,15.731
0.4438,1.569,3.6254,5.2938,7.4666,10.26,13.131,16.352,16.119
0.5602,1.6078,3.3926,5.449,7.3502,9.911,13.209,16.041,15.809
0.4826,1.6078,3.6642,5.3714,7.5442,10.532,13.287,16.507,16.119
0.6378,1.6466,3.4702,5.5654,7.389,9.911,13.17,15.847,15.692
0.6378,1.6466,3.703,5.3714,7.777,10.183,13.442,16.507,16.08
0.6378,1.6466,3.3926,5.7594,7.2726,10.105,13.248,15.964,15.537
0.4826,1.7242,3.4314,5.2162,7.583,10.105,13.093,16.546,16.235
0.5602,1.5302,3.3926,5.6818,7.389,10.105,13.209,15.925,15.731
0.599,1.6854,3.509,5.1774,7.6606,10.144,13.442,16.429,16.041
0.5602,1.4914,3.4314,5.449,7.389,10.027,12.976,15.886,15.886
0.6378,1.6854,3.3538,5.4102,7.8546,9.9886,13.519,16.391,15.847
0.6378,1.7242,3.315,5.449,7.3502,10.027,12.821,15.847,15.77
0.6378,1.5302,3.509,5.4102,7.9322,10.144,13.675,16.235,15.809
0.599,1.763,3.3926,5.449,7.2726,10.066,13.015,15.886,15.847
0.599,1.6078,3.315,5.4878,7.9322,9.911,13.364,16.391,15.886
0.6766,1.569,3.509,5.2162,7.4666,9.9498,12.976,15.731,15.77
0.5214,1.6854,3.4702,5.7594,7.8546,9.911,13.442,16.274,15.847
0.599,1.5302,3.6254,5.2162,7.5054,10.066,13.015,15.847,15.576
0.5214,1.8018,3.4702,5.643,8.0098,10.105,13.481,16.274,15.964
0.4438,1.6466,3.509,5.3326,7.4278,10.183,12.976,15.537,15.459
0.599,1.7242,3.4702,5.5654,7.777,9.8334,13.519,16.274,15.77
0.6378,1.6078,3.6254,5.2162,7.5054,10.221,13.054,15.809,15.304
0.6378,1.6854,3.4702,5.449,7.6994,9.9498,13.325,16.197,15.925
0.5214,1.6854,3.3926,5.2938,7.6218,10.415,13.131,16.003,15.304
0.6378,1.6078,3.509,5.2162,7.6994,9.911,13.248,16.313,15.809
0.6378,1.763,3.509,5.3714,7.7382,10.377,13.248,15.886,15.265
0.599,1.6466,3.5478,5.2162,7.583,9.7558,13.287,16.274,15.615
0.4826,1.6078,3.4702,5.6042,7.6606,10.299,13.131,16.041,15.382
0.599,1.6466,3.509,5.3326,7.5442,9.6782,13.209,16.468,15.498
0.599,1.6466,3.509,5.6042,7.777,10.415,13.209,15.809,15.188
0.599,1.763,3.5478,5.3714,7.5442,9.8722,13.093,16.429,15.653
0.5214,1.569,3.4702,5.4878,7.777,10.532,13.403,16.08,15.537
0.599,1.763,3.5478,5.449,7.5442,9.8334,13.093,16.546,15.498
0.599,1.6078,3.4702,5.449,7.8546,10.377,13.519,15.925,15.188
0.5602,1.7242,3.7418,5.4878,7.4666,9.8334,12.937,16.507,15.615
0.599,1.7242,3.2762,5.4102,7.8546,10.415,13.558,16.119,15.227
0.599,1.6854,3.5866,5.5654,7.4278,9.911,12.976,16.701,15.615
0.4826,1.7242,3.4314,5.3326,7.6606,10.221,13.675,16.003,15.149
0.5214,1.6466,3.5866,5.5266,7.3502,9.9886,12.976,16.701,15.576
0.6378,1.6466,3.4314,5.3326,7.9322,10.26,13.558,16.158,15.188
0.4826,1.6466,3.5866,5.7206,7.3502,9.8334,13.015,16.701,15.576
0.4826,1.6854,3.4702,5.3326,7.9322,10.144,13.248,16.274,15.304
0.4438,1.7242,3.5866,5.7206,7.2338,9.9498,13.131,16.895,15.421
0.6766,1.6466,3.3538,5.2162,7.8934,10.066,13.209,16.235,15.459
0.4826,1.6078,3.509,5.6042,7.3502,9.9886,13.093,16.817,15.421
0.5602,1.569,3.509,5.255,7.6994,10.066,13.209,16.352,15.382
0.6378,1.5302,3.509,5.449,7.1174,10.027,13.325,16.856,15.576
0.4438,1.6078,3.4702,5.3714,7.6606,10.027,13.093,16.235,15.537
0.599,1.6466,3.5478,5.3714,7.3114,10.105,13.675,16.779,15.459
0.4438,1.8018,3.5478,5.2938,7.8158,10.105,12.86,16.313,15.498
0.599,1.6466,3.4314,5.4878,7.2726,10.066,13.481,16.779,15.615
0.5214,1.763,3.5866,5.5266,7.777,9.9886,12.899,16.08,15.459
0.6378,1.6466,3.4702,5.255,7.1562,10.183,13.403,16.779,15.615
0.5602,1.5302,3.7418,5.5654,7.8546,9.8722,12.976,16.08,15.304
0.4826,1.6466,3.4702,5.2938,7.3114,10.26,13.287,16.701,15.692
0.4438,1.6466,3.6642,5.6818,7.8158,9.8722,13.093,15.964,15.459
0.6378,1.6854,3.4314,5.3714,7.2726,10.221,13.248,16.468,15.77
0.599,1.569,3.7418,5.6818,7.8934,9.9886,12.937,15.964,15.265
0.4826,1.7242,3.3538,5.3326,7.2726,10.415,13.442,16.235,15.809
0.4826,1.6466,3.703,5.4102,7.971,9.9498,13.131,15.809,15.459
0.599,1.6466,3.4702,5.3714,7.4666,10.144,13.325,16.352,15.964
0.5602,1.569,3.6254,5.5654,7.8546,9.7558,13.364,15.847,15.459
0.599,1.6466,3.4702,5.3714,7.4666,10.377,13.248,16.197,16.274
0.599,1.6078,3.6642,5.4102,7.8158,9.911,13.287,15.925,15.692
0.5602,1.4914,3.3538,5.255,7.5054,10.377,13.209,16.352,16.313
0.4826,1.7242,3.6254,5.3714,7.9322,9.8334,13.481,15.847,15.847
0.4438,1.6078,3.3538,5.4102,7.5054,10.415,13.015,16.158,16.352
0.6378,1.7242,3.6642,5.449,7.8546,9.8334,13.675,15.847,15.809
0.4826,1.6466,3.3538,5.3714,7.5054,10.571,13.015,16.313,15.809
0.5602,1.6078,3.5866,5.3326,7.8934,9.8722,13.558,15.653,15.964
0.5214,1.7242,3.3538,5.3714,7.4666,10.532,13.015,16.429,16.08
0.5214,1.6854,3.7418,5.2938,7.9322,9.7558,13.287,15.77,15.964
0.4826,1.7242,3.315,5.4102,7.5442,10.454,13.093,16.235,15.809
0.6378,1.5302,3.6254,5.4878,7.6994,9.8722,13.364,15.653,16.119
0.6378,1.6854,3.4314,5.4102,7.5442,10.299,13.054,16.313,15.847
0.5602,1.6078,3.703,5.2162,7.6606,9.8722,13.131,15.847,16.197
0.599,1.6854,3.3926,5.4878,7.6606,10.105,13.054,16.352,16.003
0.6378,1.6078,3.7418,5.3714,7.6218,9.9886,13.364,15.77,16.041
0.6378,1.569,3.4314,5.5654,7.6606,10.066,13.209,16.546,15.77
0.5214,1.7242,3.6642,5.3714,7.5442,10.027,13.054,16.003,16.313
0.6378,1.569,3.4314,5.449,7.583,10.183,13.597,16.352,15.653
0.5602,1.569,3.4702,5.255,7.389,10.105,13.093,16.08,16.08
0.6378,1.569,3.3538,5.6042,7.8158,10.183,13.597,16.507,15.77
0.4438,1.6854,3.5478,5.3326,7.4666,10.144,13.093,16.041,16.391
0.599,1.6078,3.4314,5.7594,7.6218,10.105,13.597,16.391,15.615
0.5602,1.6854,3.5866,5.255,7.2726,9.9886,12.899,15.964,16.468
0.599,1.8018,3.4314,5.6042,7.5442,10.26,13.558,16.507,15.77
0.4826,1.6466,3.509,5.3714,7.3114,10.105,12.976,15.925,16.274
0.4826,1.569,3.4702,5.5654,7.583,10.027,13.558,16.701,15.809
0.6766,1.6466,3.509,5.2938,7.3114,10.221,12.976,15.925,16.235
0.5214,1.6078,3.4702,5.449,7.583,9.911,13.481,16.546,15.731
0.6766,1.6078,3.4702,5.255,7.2726,10.26,13.054,16.119,15.964
0.4826,1.569,3.2762,5.2162,7.7382,9.8722,13.287,16.701,15.847
0.5214,1.7242,3.509,5.4878,7.2726,10.299,13.17,16.08,15.847
0.5214,1.5302,3.4702,5.2938,7.7382,9.8722,13.131,16.74,16.003
0.4826,1.569,3.4702,5.6818,7.2726,10.415,13.325,16.197,15.576
0.6766,1.4914,3.4314,5.3714,7.8158,9.911,13.17,16.934,16.08
0.5602,1.8018,3.4702,5.6042,7.4666,10.493,13.481,16.158,15.459
0.6378,1.6078,3.4702,5.2938,7.8934,9.7946,12.937,16.779,15.886
0.4826,1.569,3.509,5.5654,7.4278,10.377,13.713,16.274,15.498
0.5602,1.6854,3.4702,5.4102,7.777,9.911,13.054,16.895,16.197
0.5602,1.6854,3.5478,5.4878,7.4666,10.571,13.481,16.274,15.576
0.6766,1.569,3.5478,5.449,7.7382,9.911,13.015,17.089,16.08
0.4826,1.6854,3.4702,5.4878,7.5054,10.377,13.248,16.468,15.576
0.4438,1.763,3.5478,5.3326,7.7382,9.8334,13.015,16.895,15.847
0.6378,1.5302,3.509,5.4102,7.583,10.571,13.364,16.197,15.382
0.6378,1.6854,3.6642,5.5654,7.6994,9.7558,13.209,16.662,15.964
0.6378,1.6466,3.3926,5.2162,7.6994,10.377,13.131,16.041,15.459
0.599,1.6854,3.4702,5.7594,7.4278,9.717,13.17,16.623,15.77
0.599,1.6854,3.509,5.3714,7.777,10.532,13.17,16.08,15.498
0.599,1.6466,3.509,5.3714,7.5442,9.6782,13.287,16.585,15.653
0.599,1.8018,3.4702,5.3326,7.6606,10.338,12.821,16.003,15.576
0.6766,1.6078,3.509,5.4878,7.5054,9.8722,13.636,16.468,15.459
0.4438,1.6466,3.4314,5.3326,7.9322,10.338,12.937,15.925,15.459
0.6378,1.569,3.5478,5.4102,7.4278,9.8722,13.636,16.352,15.227
0.5602,1.4914,3.509,5.4102,7.9322,10.493,13.015,15.925,15.615
0.6378,1.6854,3.5866,5.5266,7.3114,9.911,13.325,16.274,15.498
0.5602,1.6078,3.509,5.3714,8.0098,10.415,12.937,15.964,15.343
0.599,1.6854,3.5866,5.5266,7.3502,9.7558,13.325,16.429,15.576
0.5602,1.6466,3.3926,5.3714,7.6606,10.066,13.093,15.925,15.576
0.599,1.6466,3.6642,5.3714,7.3502,9.9886,13.17,16.468,15.421
0.599,1.6466,3.3926,5.6042,7.583,10.066,13.209,15.847,15.459
0.599,1.569,3.6254,5.255,7.195,9.9886,13.209,16.546,15.498
0.5602,1.763,3.4702,5.6042,7.6606,10.027,13.287,15.615,15.304
0.599,1.6466,3.5866,5.2938,7.2338,10.26,13.209,16.391,15.809
0.4826,1.6854,3.3538,5.5266,7.6218,9.9886,13.519,15.847,15.227
0.5602,1.569,3.703,5.2162,7.389,10.183,12.937,16.274,15.731
0.599,1.6854,3.3926,5.5266,7.4666,9.9886,13.364,15.809,15.459
0.6378,1.7242,3.7418,5.3326,7.5054,10.26,13.054,16.391,15.731
0.599,1.569,3.4702,5.3714,7.6994,9.9886,13.519,15.847,15.265
0.599,1.763,3.7806,5.4102,7.4278,10.105,12.976,16.391,15.77
0.599,1.6078,3.5478,5.449,7.6994,9.9498,13.675,15.77,15.304
0.4826,1.569,3.6254,5.4102,7.5054,10.144,12.976,16.274,15.925
0.6766,1.6854,3.3926,5.2938,7.5442,9.8722,13.675,15.847,15.382
0.599,1.6466,3.5478,5.5266,7.777,10.26,12.976,16.391,16.003
0.6378,1.7242,3.3926,5.3326,7.4666,9.911,13.558,16.119,15.304
0.4826,1.6466,3.6642,5.6042,7.8546,10.299,12.976,16.468,15.731
0.599,1.7242,3.315,5.255,7.3502,9.911,13.519,16.003,15.304
0.5602,1.5302,3.7418,5.6042,7.9322,10.144,12.899,16.391,15.77
0.599,1.7242,3.315,5.4102,7.5054,9.9498,13.442,16.041,15.227
0.5214,1.6078,3.6254,5.7594,7.8546,10.299,13.015,16.74,16.003
0.4438,1.6078,3.4702,5.3714,7.389,9.9498,13.248,15.77,15.343
0.6378,1.6854,3.6642,5.6818,8.0098,10.415,13.131,16.429,15.731
0.5214,1.6466,3.4702,5.2938,7.5442,9.911,13.287,16.158,15.537
0.6378,1.8018,3.7418,5.6818,8.0486,10.532,13.209,16.468,15.964
0.4826,1.6078,3.4702,5.2162,7.389,9.8334,13.17,15.964,15.421
0.599,1.5302,3.6642,5.5266,8.0098,10.493,13.325,16.74,15.964
0.6766,1.6078,3.509,5.449,7.389,9.7558,13.054,16.235,15.576
0.5602,1.569,3.6642,5.5266,7.777,10.454,13.597,16.817,16.08
0.6766,1.7242,3.4702,5.3714,7.5054,9.9498,12.976,16.197,15.615
0.5602,1.6078,3.5866,5.5266,7.583,10.299,13.597,16.817,16.274
0.6766,1.569,3.509,5.4102,7.389,9.9498,12.937,16.274,15.576
0.4438,1.6854,3.3926,5.4102,7.6994,10.338,13.558,16.779,16.119
0.599,1.6854,3.509,5.5266,7.5442,9.7558,12.899,16.352,15.77
0.4826,1.6466,3.4314,5.2938,7.5442,10.183,13.597,16.895,16.197
0.6378,1.6078,3.3538,5.5654,7.5442,9.9498,12.899,16.352,15.653
0.6766,1.6078,3.3538,5.2938,7.5054,10.027,13.558,16.585,16.235
0.599,1.569,3.509,5.6042,7.583,10.027,12.782,16.585,15.886
0.4438,1.6854,3.4314,5.3714,7.389,10.105,13.675,16.623,16.197
0.6378,1.4914,3.315,5.643,7.5442,9.8334,12.976,16.585,16.003
0.6378,1.6078,3.4314,5.2162,7.389,10.066,13.481,16.662,15.847
0.6378,1.6854,3.4702,5.7982,7.583,9.8334,12.86,16.546,16.003
0.5602,1.6078,3.3538,5.255,7.3502,10.26,13.442,16.779,15.925
0.6378,1.6466,3.3538,5.6042,7.583,10.066,13.093,16.119,16.041
0.599,1.6466,3.4702,5.4102,7.3114,10.183,13.364,16.623,16.003
0.599,1.6466,3.3926,5.4878,7.7382,10.26,13.054,16.08,16.041
0.599,1.6466,3.4314,5.2162,7.3114,9.9498,13.325,16.623,15.77
0.6378,1.6854,3.6642,5.5266,7.7382,10.26,13.209,16.158,16.197
0.5602,1.5302,3.3926,5.5266,7.3114,9.8334,13.287,16.585,15.77
0.599,1.6466,3.703,5.4102,7.8158,10.105,13.403,15.964,16.313
0.6766,1.8018,3.3926,5.643,7.2338,10.027,13.015,16.429,15.692
0.599,1.6466,3.703,5.4102,7.8158,10.26,13.442,15.847,16.197
0.4438,1.6466,3.4702,5.7206,7.2338,9.9498,13.015,16.507,15.653
0.599,1.6078,3.703,5.4102,7.6994,10.299,13.558,15.925,16.119
0.5602,1.6466,3.3538,5.7982,7.1174,9.911,12.976,16.429,15.615
0.6378,1.5302,3.6254,5.3714,7.6606,10.299,13.636,15.809,16.08
0.6378,1.6854,3.315,5.6818,7.195,9.8334,12.821,16.468,15.576
0.599,1.7242,3.6642,5.3714,7.583,10.415,13.403,15.731,16.158
0.599,1.6078,3.4314,5.643,7.1174,9.7558,12.86,16.08,15.498
0.5602,1.763,3.6254,5.4102,7.583,10.338,13.325,15.809,16.197
0.5214,1.569,3.4702,5.6042,7.195,9.8722,13.015,16.274,15.615
0.6378,1.7242,3.5866,5.449,7.5442,10.105,13.364,15.77,16.158
0.5602,1.6854,3.4314,5.3326,7.1174,9.911,12.976,16.352,15.692
0.4826,1.6854,3.3926,5.4878,7.4666,10.26,13.131,15.77,15.964
0.6378,1.8018,3.4702,5.3326,7.2338,9.8334,13.17,16.391,15.576
0.599,1.6854,3.4314,5.5266,7.5054,10.338,13.131,15.576,15.537
0.6378,1.6466,3.5866,5.2938,7.2338,9.7946,13.403,16.274,15.692
0.5214,1.6466,3.509,5.7206,7.3502,10.609,13.093,15.77,15.265
0.4826,1.6466,3.6642,5.3714,7.4666,9.911,13.519,16.429,15.653
0.5602,1.8018,3.509,5.7982,7.195,10.571,13.093,15.615,15.304
0.4826,1.6466,3.6254,5.3326,7.5442,9.717,13.675,16.429,15.809
0.4826,1.6854,3.315,5.6818,7.3502,10.377,13.015,15.925,15.11
0.5602,1.5302,3.6642,5.3326,7.6994,9.8722,13.713,16.468,15.692
0.6378,1.6466,3.4702,5.6818,7.2726,10.26,13.015,15.847,15.382
0.6378,1.6078,3.7418,5.2162,7.777,9.8334,13.442,16.585,15.459
0.5602,1.6854,3.3926,5.643,7.2338,10.532,12.937,16.003,15.304
0.4826,1.7242,3.6642,5.3326,7.8158,9.6782,13.442,16.468,15.692
0.599,1.4914,3.3926,5.3714,7.2338,10.221,13.054,16.041,15.227
0.6378,1.569,3.6254,5.2938,7.7382,9.8722,13.597,16.468,15.847
0.4826,1.5302,3.4702,5.4878,7.2726,10.144,12.899,15.964,15.265
0.6378,1.6466,3.509,5.5266,7.8158,9.9886,13.403,16.235,15.537
0.4438,1.569,3.2762,5.2938,7.3502,10.26,12.86,15.964,15.149
0.5602,1.4526,3.509,5.4878,7.6994,10.027,13.442,16.546,15.653
0.4826,1.6466,3.4702,5.2162,7.3114,10.26,13.131,16.08,15.188
0.599,1.6466,3.6642,5.7982,7.6218,9.9498,13.364,16.701,15.498
0.6378,1.6854,3.3926,5.3714,7.583,10.066,13.364,16.158,14.994
0.5602,1.5302,3.703,5.643,7.6606,9.9498,13.248,16.585,15.576
0.5602,1.6078,3.4314,5.4102,7.4278,10.144,13.519,16.235,15.033
0.6378,1.569,3.509,5.6818,7.5442,10.066,12.86,16.779,15.576
0.6378,1.6854,3.315,5.255,7.6218,10.26,13.752,16.274,14.994
0.5214,1.6078,3.4314,5.5266,7.6994,10.105,12.899,16.779,15.498
0.5214,1.5302,3.4314,5.449,7.6606,10.105,13.403,16.313,15.149
0.5602,1.6854,3.5478,5.4878,7.5054,9.8722,12.899,16.779,15.653
0.5214,1.5302,3.4702,5.4878,7.7382,10.105,13.364,16.391,15.188
0.6378,1.763,3.509,5.449,7.5054,10.183,13.015,16.779,15.847
0.599,1.6078,3.4702,5.5266,7.8546,10.066,13.287,16.235,15.227
-3.1646,1.7242,3.509,5.3714,7.6994,10.26,13.17,16.895,15.809
-3.1646,-3.1646,3.4314,5.7206,7.8546,10.027,13.248,16.158,15.265
-3.1646,-3.1646,3.4702,5.4102,7.5054,10.144,13.325,16.701,15.964
-3.1646,-3.1646,3.509,5.837,8.0098,9.8722,13.131,16.158,15.459
-3.1646,-3.1646,3.5478,-3.1646,7.2726,10.066,13.519,16.662,15.692
-3.1646,-3.1646,3.509,-3.1646,7.8546,10.105,13.093,16.003,15.498
-3.1646,-3.1646,-3.1646,-3.1646,7.4278,10.183,-3.1646,16.546,15.692
-3.1646,-3.1646,-3.1646,-3.1646,-3.1646,-3.1646,-3.1646,15.925,15.576
-3.1646,-3.1646,-3.1646,-3.1646,-3.1646,-3.1646,-3.1646,16.352,15.964
-3.1646,-3.1646,-3.1646,-3.1646,-3.1646,-3.1646,-3.1646,-3.1646,15.615
