0.00042764
0.00057832
0.001135
0.0011053
0.00070654
0.00048666
0.0011409
0.001482
0.0015861
0.0017255
0.0020533
0.0026227
0.0029315
0.0030466
0.0035043
0.0041079
0.0050639
0.0055724
0.0058935
0.0061013
0.0060053
0.0060405
0.0064192
0.0063706
0.0060378
0.0054712
0.0049476
0.0045132
0.0037508
0.0029261
0.0027905
0.0030871
0.0034342
0.0035585
0.0036093
0.0034169
0.0034334
0.0037436
0.0039445
0.0040626
0.003923
0.0041795
0.003926
0.0039
0.003681
0.0028695
0.0026883
0.0026898
0.0025774
0.0026227
0.0023027
0.0026949
0.0026838
0.0027631
0.0031987
0.0034721
0.0038163
0.0043829
0.0050222
0.005759
0.0064589
0.0068749
0.0079125
0.0083517
0.0088208
0.0084203
0.008017
0.0083103
0.0079351
0.0072187
0.0074041
0.0082214
0.0082041
0.0081784
0.0079866
0.0088901
0.0093162
0.0097479
0.010107
0.010458
0.011392
0.011916
0.011861
0.011795
0.011975
0.012067
0.012411
0.012684
0.012409
0.012028
0.012042
0.01221
0.012053
0.012021
0.012333
0.012694
0.013582
0.014053
0.014377
0.014545
0.015084
0.015915
0.016604
0.017245
0.017596
0.018025
0.018157
0.018661
0.018771
0.018489
0.01898
0.01934
0.019401
0.019794
0.019714
0.020085
0.020154
0.020662
0.021002
0.021304
0.021814
0.022369
0.022726
0.023332
0.023679
0.024059
0.024854
0.025119
0.025206
0.024805
0.024961
0.025001
0.024415
0.02393
0.024589
0.025145
0.025393
0.025629
0.025839
0.026688
0.027418
0.02809
0.028472
0.028886
0.029391
0.029208
0.028918
0.028559
0.028579
0.028994
0.029602
0.029745
0.029544
0.029192
0.028518
0.029213
0.029689
0.029995
0.03026
0.030924
0.031795
0.032208
0.032491
0.032556
0.032971
0.033877
0.03447
0.034479
0.034362
0.034797
0.034286
0.034105
0.034441
0.034119
0.034318
0.034508
0.035067
0.035587
0.035758
0.036225
0.0363
0.037002
0.037527
0.037981
0.037956
0.038311
0.038627
0.038807
0.038769
0.038939
0.039376
0.039199
0.038926
0.038694
0.038798
0.038903
0.038612
0.038211
0.038763
0.039155
0.039412
0.039714
0.040112
0.040928
0.041693
0.042467
0.042581
0.042414
0.042369
0.042009
0.041127
0.040571
0.040856
0.041433
0.042247
0.04245
0.042159
0.041825
0.041602
0.04292
0.043956
0.044664
0.045022
0.045523
0.045885
0.046057
0.046071
0.045921
0.046324
0.047011
0.047236
0.047045
0.046724
0.04718
0.046485
0.04626
0.046597
0.046882
0.047343
0.047156
0.047359
0.04827
0.049039
0.049534
0.04944
0.050669
0.051726
0.052336
0.052251
0.052201
0.052603
0.052928
0.052832
0.052694
0.053181
0.053735
0.053538
0.053853
0.05428
0.055693
0.055989
0.056289
0.056893
0.057858
0.058662
0.059292
0.059336
0.060047
0.060806
0.060983
0.06077
0.0607
0.060582
0.060952
0.060416
0.060736
0.061537
0.062691
0.063307
0.063915
0.064665
0.064884
0.065646
0.067569
0.069237
0.070032
0.070341
0.071069
0.07138
0.071877
0.072264
0.072738
0.073519
0.074376
0.074919
0.075321
0.075798
0.076873
0.077908
0.079371
0.081232
0.083133
0.084333
0.085195
0.086112
0.088024
0.089545
0.090584
0.091077
0.091975
0.092746
0.092838
0.092778
0.093571
0.094375
0.094261
0.094605
0.095171
0.096004
0.09679
0.097176
0.097997
0.098826
0.1003
0.10106
0.10144
0.10215
0.10279
0.10324
0.10347
0.10331
0.10303
0.10295
0.10272
0.10182
0.10183
0.10223
0.10318
0.10358
0.10455
0.10501
0.10504
0.1054
0.10597
0.10637
0.10605
0.10587
0.10607
0.10573
0.10514
0.10401
0.1039
0.1033
0.10328
0.10309
0.10249
0.10222
0.10224
0.10211
0.10209
0.10232
0.10237
0.10242
0.10287
0.10328
0.10311
0.10247
0.10234
0.102
0.1022
0.10207
0.10152
0.10139
0.10169
0.10176
0.10174
0.1017
0.10218
0.10305
0.1035
0.10423
0.10495
0.10558
0.10635
0.10653
0.10683
0.10666
0.10697
0.1069
0.10634
0.10575
0.1063
0.10719
0.10733
0.10717
0.10712
0.10759
0.10794
0.10824
0.10857
0.10891
0.10963
0.11012
0.1104
0.11027
0.11016
0.11026
0.11088
0.11116
0.11086
0.11031
0.11004
0.11035
0.1103
0.11038
0.11065
0.11119
0.11198
0.11256
0.11303
0.11321
0.11366
0.11448
0.11516
0.11546
0.11558
0.11614
0.11571
0.11564
0.11596
0.11579
0.11617
0.11622
0.11647
0.11694
0.11715
0.1175
0.1175
0.11848
0.11929
0.11977
0.11995
0.11999
0.12035
0.12082
0.12082
0.12071
0.12121
0.12148
0.12122
0.12092
0.12088
0.12155
0.12131
0.12108
0.1216
0.12215
0.12252
0.12306
0.12308
0.12388
0.12477
0.12532
0.12532
0.12521
0.12505
0.12489
0.12381
0.12364
0.12435
0.12517
0.12585
0.12604
0.12606
0.12594
0.12603
0.12746
0.12882
0.12957
0.12969
0.12997
0.13001
0.12992
0.12968
0.12943
0.12973
0.13006
0.13
0.12964
0.12925
0.12962
0.12928
0.12939
0.12994
0.1309
0.13128
0.13112
0.13123
0.13248
0.13324
0.13309
0.13284
0.13295
0.13358
0.1339
0.1337
0.13321
0.13326
0.13275
0.13228
0.13196
0.13185
0.13168
0.13146
0.1314
0.13127
0.13143
0.13142
0.13128
0.1317
0.13195
0.13215
0.13165
0.13148
0.13168
0.1322
0.13218
0.13157
0.13197
0.13279
0.1337
0.13352
0.13381
0.13414
0.13422
0.13454
0.13507
0.13509
0.13455
0.13441
0.13535
0.13503
0.1348
0.13407
0.13458
0.13512
0.13569
0.13576
0.13589
0.13593
0.1364
0.13612
0.13645
0.13711
0.13747
0.13753
0.13802
0.13816
0.13821
0.1375
0.13696
0.13654
0.13606
0.13585
0.13508
0.13549
0.1358
0.13571
0.13639
0.13742
0.13766
0.13722
0.13774
0.1386
0.13958
0.13915
0.13969
0.13969
0.13976
0.1393
0.1384
0.13806
0.13774
0.13728
0.1373
0.13836
0.13827
0.13818
0.13857
0.13992
0.14086
0.14167
0.14246
0.14299
0.14347
0.1436
0.14279
0.14229
0.14262
0.14298
0.14329
0.14294
0.14226
0.14157
0.14132
0.14188
0.14253
0.14287
0.14351
0.14484
0.14557
0.14618
0.14691
0.14721
0.14812
0.14913
0.15049
0.15062
0.15081
0.15167
0.1513
0.15123
0.15212
0.15259
0.15336
0.1538
0.15423
0.15546
0.1568
0.15859
0.15912
0.16075
0.16276
0.16383
0.16331
0.16322
0.16353
0.16356
0.1633
0.1626
0.16255
0.16254
0.16202
0.1619
0.16212
0.16378
0.16448
0.16512
0.16614
0.16649
0.16623
0.16659
0.16679
0.16753
0.16871
0.16786
0.16698
0.16643
0.16605
0.16574
0.16426
0.16418
0.16469
0.16546
0.16533
0.1649
0.16465
0.16451
0.16504
0.16574
0.16694
0.16693
0.16586
0.16599
0.16499
0.16427
0.16303
0.16217
0.16159
0.16082
0.1602
0.15901
0.15822
0.15793
0.15757
0.15773
0.15773
0.15801
0.15805
0.1576
0.1567
0.15736
0.15743
0.1571
0.1567
0.15675
0.15699
0.15721
0.15638
0.1564
0.15692
0.15666
0.15665
0.15643
0.15641
0.1562
0.15628
0.1569
0.15728
0.15828
0.1592
0.15963
0.15927
0.15924
0.15893
0.15863
0.1587
0.15905
0.1596
0.1582
0.15691
0.15638
0.15617
0.15666
0.157
0.15732
0.1575
0.15733
0.15671
0.1566
0.15673
0.15673
0.15659
0.15589
0.15663
0.15655
0.15602
0.15602
0.15608
0.15707
0.15735
0.15669
0.15594
0.156
0.15679
0.15608
0.15546
0.15506
0.15554
0.1554
0.15508
0.15504
0.15499
0.15548
0.15511
0.15469
0.15541
0.15514
0.15508
0.15349
0.15416
0.15469
0.15468
0.15385
0.15295
0.1526
0.15319
0.15262
0.15175
0.1519
0.15244
0.15224
0.15209
0.15144
0.15284
0.15249
0.15141
0.1505
0.15089
0.15086
0.15056
0.15023
0.15044
0.1495
0.14838
0.14781
0.14732
0.14637
0.1457
0.14418
0.14331
0.14333
0.14321
0.14287
0.1423
0.14182
0.14118
0.14025
0.14057
0.14036
0.13923
0.1375
0.13654
0.13581
0.13503
0.13314
0.13142
0.13055
0.13032
0.12936
0.12826
0.12777
0.12815
0.12689
0.12609
0.12674
0.12727
0.12709
0.12609
0.12535
0.12613
0.12617
0.12556
0.12378
0.12354
0.12364
0.12278
0.1217
0.12151
0.12165
0.12144
0.12151
0.12161
0.1222
0.12333
0.12321
0.12304
0.12246
0.12338
0.12294
0.12257
0.12295
0.12281
0.12237
0.12206
0.12211
0.12209
0.12185
0.12171
0.12126
0.12211
0.12239
0.12371
0.1239
0.12478
0.12571
0.12605
0.12623
0.12674
0.127
0.12641
0.12639
0.12685
0.12634
0.12543
0.12479
0.12553
0.12535
0.12601
0.12569
0.12581
0.12648
0.12688
0.12668
0.12696
0.12759
0.12811
0.12818
0.1281
0.12836
0.12828
0.12748
0.12712
0.12637
0.12657
0.12644
0.12633
0.12624
0.12673
0.1274
0.12809
0.12771
0.12737
0.1282
0.12881
0.12952
0.1298
0.13016
0.13068
0.13053
0.13051
0.12976
0.12959
0.12918
0.12875
0.12853
0.12887
0.12893
0.12884
0.12933
0.13035
0.13143
0.13173
0.13246
0.13295
0.13308
0.1334
0.13332
0.13296
0.13248
0.13238
0.13212
0.1322
0.13206
0.13174
0.13138
0.13071
0.13189
0.13233
0.13271
0.13358
0.1342
0.13545
0.13629
0.13676
0.13719
0.13789
0.13915
0.13936
0.13936
0.13947
0.14041
0.1405
0.1405
0.1411
0.14201
0.14315
0.14352
0.14417
0.14587
0.14748
0.14882
0.14901
0.15117
0.15302
0.15365
0.15365
0.15358
0.15364
0.15428
0.15373
0.15286
0.15304
0.15333
0.15326
0.1536
0.15417
0.1563
0.15684
0.15649
0.15646
0.15651
0.15682
0.15739
0.15761
0.15847
0.15798
0.15683
0.15581
0.15547
0.15529
0.15529
0.15443
0.15472
0.15558
0.15625
0.15642
0.15672
0.15738
0.15762
0.15746
0.15925
0.16031
0.16009
0.15878
0.15836
0.15807
0.15753
0.15569
0.15429
0.15378
0.1539
0.15263
0.15138
0.15095
0.15148
0.15071
0.15034
0.15092
0.15184
0.15192
0.15099
0.15034
0.15099
0.15061
0.14977
0.14821
0.14779
0.14767
0.14662
0.14587
0.14602
0.14671
0.14644
0.14694
0.14726
0.14819
0.14963
0.14999
0.15043
0.15068
0.15171
0.15179
0.15166
0.15198
0.15228
0.15209
0.15182
0.15193
0.1519
0.15146
0.15126
0.15126
0.15175
0.15132
0.15178
0.15037
0.15008
0.15095
0.15183
0.15224
0.15271
0.15276
0.15277
0.15183
0.15195
0.15096
0.15004
0.15007
0.15023
0.15012
0.15026
0.14954
0.14962
0.15065
0.15114
0.15155
0.15189
0.15266
0.15318
0.15419
0.15481
0.15418
0.15407
0.15468
0.15458
0.15408
0.15444
0.15624
0.15755
0.15751
0.15767
0.15802
0.15934
0.15956
0.15852
0.15863
0.16094
0.16161
0.16093
0.1609
0.16102
0.1608
0.16169
0.16148
0.16284
0.16483
0.16596
0.16569
0.16516
0.16376
0.16305
0.16425
0.16596
0.16642
0.16515
0.16585
0.16564
0.16575
0.1655
0.16564
0.16596
0.16635
0.16564
0.1657
0.16565
0.16719
0.16886
0.1702
0.1689
0.16926
0.17084
0.17046
0.17022
0.1713
0.1712
0.16991
0.17095
0.17216
0.17241
0.17296
0.173
0.17375
0.17675
0.17868
0.18183
0.18405
0.18508
0.18913
0.19113
0.19142
0.19294
0.19598
0.19683
0.19798
0.19909
0.20202
0.20458
0.2061
0.20692
0.21116
0.21484
0.21853
0.22247
0.22319
0.22654
0.23173
0.23476
0.23766
0.24316
0.24734
0.25077
0.25434
0.25854
0.26013
0.26207
0.26537
0.27006
0.27314
0.27551
0.27843
0.284
0.29399
0.3056
0.31876
0.33215
0.34235
0.34849
0.35111
0.35219
0.35568
0.35942
0.36152
0.36517
0.3696
0.37223
0.37486
0.37827
0.38271
0.38764
0.39354
0.39859
0.4025
0.40521
0.41034
0.41648
0.4203
0.42282
0.42409
0.42779
0.43103
0.43546
0.43884
0.44075
0.44312
0.44704
0.44812
0.44798
0.44843
0.45408
0.45888
0.4635
0.46564
0.46498
0.46714
0.47286
0.4738
0.47732
0.48279
0.48259
0.48551
0.49128
0.49332
0.49035
0.49545
0.499
0.50431
0.51248
0.51683
0.52017
0.52584
0.53077
0.53496
0.54221
0.54812
0.55208
0.55529
0.56146
0.56639
0.56828
0.57105
0.57733
0.58434
0.58331
0.58529
0.59195
0.59887
0.60192
0.60532
0.61003
0.61789
0.62492
0.63212
0.63523
0.6424
0.64586
0.64705
0.6504
0.65374
0.66065
0.66175
0.66772
0.67239
0.67789
0.68429
0.69208
0.69728
0.70341
0.71171
0.7196
0.72542
0.73127
0.73589
0.7436
0.74651
0.75219
0.75485
0.76147
0.76621
0.77452
0.7796
0.78631
0.79568
0.8061
0.81475
0.82166
0.8289
0.83288
0.83698
0.84339
0.84701
0.84836
0.84963
0.85287
0.86131
0.87546
0.89267
0.89652
0.89672
0.89654
0.90569
0.91904
0.93837
0.95741
0.96705
0.96592
0.95889
0.96112
0.97195
0.98615
1.0031
1.0182
1.0249
1.0269
1.0332
1.04
1.0468
1.0562
1.0693
1.0829
1.0951
1.1036
1.1106
1.1168
1.122
1.1274
1.1312
1.1365
1.1456
1.1543
1.1659
1.1775
1.189
1.2032
1.2195
1.2346
1.2464
1.2568
1.2701
1.2827
1.2971
1.3091
1.3211
1.3335
1.3433
1.3537
1.3619
1.3657
1.3679
1.3719
1.3794
1.3844
1.3883
1.3936
1.398
1.4049
1.4158
1.4259
1.4343
1.4433
1.4508
1.4543
1.4571
1.4641
1.4738
1.4845
1.4952
1.5084
1.5208
1.5335
1.5455
1.5581
1.5706
1.5837
1.5962
1.607
1.6234
1.6417
1.6575
1.6713
1.6874
1.703
1.7172
1.7293
1.7413
1.751
1.7579
1.7624
1.7677
1.7728
1.7806
1.7937
1.8069
1.8239
1.8421
1.8555
1.8689
1.881
1.8934
1.9016
1.907
1.91
1.9139
1.9261
1.9427
1.9621
1.9832
1.9978
2.0141
2.0274
2.0392
2.0461
2.049
2.0516
2.0559
2.0681
2.0835
2.1066
2.1298
2.151
2.1668
2.1763
2.1838
2.1836
2.1878
2.1969
2.2123
2.2293
2.249
2.2682
2.2856
2.2939
2.2987
2.315
2.3264
2.3411
2.3562
2.368
2.3748
2.3811
2.3914
2.4069
2.4255
2.4483
2.4649
2.476
2.4789
2.4797
2.4858
2.496
2.5138
2.5316
2.5495
2.5642
2.5737
2.5845
2.6046
2.6286
2.6512
2.6641
2.6687
2.6741
2.6861
2.7044
2.7281
2.7505
2.7669
2.772
2.7811
2.7986
2.8214
2.8376
2.8431
2.8481
2.8587
2.8751
2.8955
2.9201
2.9331
2.94
2.9452
2.9637
2.9865
3.0025
3.0081
3.0154
3.0303
3.0499
3.0757
3.0915
3.0981
3.0964
3.1072
3.1275
3.1478
3.156
3.1659
3.1827
3.2055
3.2306
3.2459
3.2495
3.2527
3.2692
3.2929
3.3052
3.312
3.3246
3.3442
3.3652
3.3858
3.3958
3.4015
3.4156
3.4376
3.4539
3.4598
3.4706
3.4906
3.5158
3.5365
3.5509
3.5607
3.5758
3.5973
3.6162
3.6198
3.6269
3.6476
3.6715
3.6923
3.7065
3.7214
3.744
3.7689
3.7817
3.7818
3.7932
3.8162
3.8329
3.8499
3.8662
3.8878
3.9125
3.9303
3.9318
3.9361
3.9533
3.9729
3.9807
3.9921
4.0099
4.0353
4.0558
4.0661
4.0754
4.0929
4.1143
4.1253
4.1305
4.1475
4.1701
4.194
4.211
4.2255
4.2491
4.2748
4.2874
4.2871
4.2993
4.3209
4.3356
4.3498
4.3662
4.3906
4.412
4.4191
4.4244
4.4399
4.4609
4.468
4.4765
4.4974
4.5222
4.5426
4.5532
4.5728
4.5948
4.6116
4.6146
4.6236
4.6454
4.6631
4.6761
4.6903
4.7137
4.7337
4.742
4.7443
4.7568
4.7789
4.7898
4.7983
4.8199
4.8444
4.865
4.8753
4.8952
4.9201
4.9341
4.9353
4.9488
4.9704
4.9867
5.0003
5.0192
5.0394
5.0573
5.0618
5.0728
5.0934
5.1084
5.1133
5.1308
5.1522
5.1743
5.1892
5.2081
5.2271
5.244
5.2467
5.2536
5.2734
5.2847
5.2934
5.3094
5.3331
5.3524
5.3586
5.373
5.3975
5.4131
5.414
5.4299
5.4481
5.4643
5.4761
5.4967
5.517
5.5282
5.5276
5.5351
5.5521
5.5581
5.5689
5.5903
5.6089
5.6252
5.6383
5.6536
5.6745
5.6802
5.6814
5.6966
5.712
5.7216
5.7358
5.7587
5.7752
5.7828
5.7946
5.8142
5.8234
5.8173
5.8228
5.8296
5.8389
5.8478
5.8703
5.8933
5.9009
5.9036
5.9185
5.9353
5.9387
5.9516
5.9751
5.9933
6.004
6.0218
6.0376
6.0492
6.0486
6.06
6.0776
6.0839
6.0948
6.1157
6.1397
6.1505
6.1631
6.1814
6.1982
6.2048
6.2132
6.2306
6.2458
6.2606
6.2842
6.2972
6.3098
6.3129
6.3304
6.3514
6.3587
6.3676
6.3881
6.4068
6.4167
6.4384
6.4594
6.4675
6.4708
6.4845
6.4997
6.5049
6.5146
6.5322
6.5502
6.5629
6.5783
6.5957
6.6094
6.606
6.6146
6.6327
6.6417
6.6504
6.6698
6.6914
6.7018
6.7161
6.7338
6.7509
6.7568
6.7663
6.7781
6.7864
6.7995
6.8219
6.8331
6.8387
6.8469
6.8687
6.8785
6.8822
6.899
6.9135
6.9271
6.9367
6.9586
6.9731
6.9755
6.9828
6.9979
7.0053
7.0085
7.0223
7.0376
7.0471
7.0585
7.0781
7.0903
7.0885
7.0926
7.1083
7.1177
7.1244
7.1427
7.1544
7.1669
7.1796
7.1911
7.1984
7.1937
7.2021
7.2172
7.2257
7.238
7.2553
7.2766
7.2886
7.3065
7.3289
7.3366
7.3324
7.3332
7.3474
7.3578
7.3744
7.3926
7.397
7.3912
7.3899
7.4052
7.4208
7.4367
7.456
7.4624
7.4643
7.4676
7.4726
7.4841
7.49
7.5051
7.5185
7.5215
7.529
7.5354
7.5418
7.5427
7.5536
7.5688
7.5728
7.58
7.5939
7.6085
7.6155
7.6246
7.6406
7.6471
7.6511
7.6645
7.6661
7.6587
7.6497
7.6591
7.6632
7.6608
7.6707
7.6755
7.6826
7.6891
7.6956
7.703
7.6957
7.7059
7.7232
7.7338
7.7484
7.7623
7.7826
7.7934
7.8086
7.828
7.8308
7.8294
7.838
7.8454
7.8499
7.8621
7.8885
7.9025
7.911
7.925
7.9337
7.9334
7.9316
7.939
7.9442
7.9486
7.9614
7.9653
7.9694
7.9712
7.9854
7.9864
7.9742
7.9772
7.9806
7.9811
7.9835
7.9898
7.9985
7.9935
8.0046
8.018
8.0255
8.036
8.0489
8.0638
8.0675
8.0732
8.0791
8.07
8.0664
8.0696
8.0744
8.0745
8.0826
8.1012
8.1178
8.1302
8.1429
8.1419
8.1306
8.1165
8.1211
8.1192
8.1191
8.1309
8.1436
8.1597
8.1758
8.1903
8.1942
8.1803
8.1735
8.17
8.1602
8.1631
8.1764
8.1917
8.2078
8.2258
8.2403
8.2324
8.2253
8.2248
8.2198
8.2174
8.231
8.2547
8.2537
8.2587
8.2678
8.2664
8.2618
8.2686
8.2788
8.2848
8.2856
8.2968
8.2906
8.2886
8.2972
8.3156
8.3263
8.327
8.3352
8.3355
8.334
8.3378
8.3394
8.3463
8.3467
8.35
8.3445
8.3293
8.3346
8.3482
8.3618
8.3658
8.369
8.3659
8.3512
8.3514
8.3653
8.3685
8.3639
8.3602
8.3656
8.377
8.3913
8.4034
8.3987
8.3865
8.378
8.3842
8.3881
8.4014
8.406
8.4041
8.4046
8.4227
8.4324
8.4252
8.4122
8.4061
8.4037
8.411
8.4349
8.446
8.4439
8.4436
8.4559
8.4612
8.4484
8.4452
8.4413
8.436
8.4534
8.474
8.4804
8.4734
8.4841
8.5
8.4947
8.4871
8.4872
8.4797
8.4875
8.5054
8.5176
8.511
8.5152
8.5355
8.5381
8.5264
8.5192
8.516
8.5143
8.5251
8.539
8.5352
8.5311
8.5486
8.5617
8.5508
8.5376
8.5369
8.5373
8.5405
8.5417
8.5335
8.5372
8.5524
8.5661
8.559
8.5489
8.5514
8.5539
8.5501
8.5459
8.5474
8.5662
8.5714
8.5768
8.5776
8.578
8.5832
8.5837
8.5778
8.5729
8.5852
8.5974
8.5885
8.5813
8.5903
8.6003
8.5951
8.5921
8.5914
8.5924
8.5952
8.595
8.5823
8.5762
8.5893
8.5977
8.5848
8.5875
8.5977
8.6013
8.5906
8.5948
8.6079
8.6092
8.5947
8.5932
8.6014
8.6043
8.6067
8.6046
8.6025
8.611
8.6139
8.6061
8.5925
8.6041
8.6174
8.6046
8.6064
8.6167
8.625
8.6123
8.6152
8.6306
8.6371
8.6302
8.63
8.6354
8.6374
8.6388
8.6392
8.6345
8.6401
8.6447
8.6382
8.6299
8.6424
8.6489
8.6396
8.642
8.6545
8.6558
8.6421
8.642
8.6614
8.6622
8.6511
8.6562
8.6689
8.6648
8.6669
8.6647
8.6635
8.6537
8.6557
8.6573
8.6619
8.6707
8.6674
8.6722
8.6795
8.6857
8.6795
8.6639
8.6678
8.6753
8.6629
8.6566
8.6756
8.6836
8.6766
8.6826
8.6883
8.6754
8.6589
8.6652
8.6801
8.676
8.6764
8.6906
8.6974
8.6891
8.6905
8.6905
8.6772
8.6639
8.6633
8.6652
8.6735
8.6782
8.684
8.6858
8.693
8.6898
8.6786
8.6698
8.6743
8.6674
8.6584
8.6782
8.6851
8.6856
8.6811
8.6921
8.688
8.6685
8.6697
8.6886
8.683
8.6793
8.6968
8.7052
8.6898
8.6919
8.7035
8.6918
8.6768
8.6802
8.6939
8.6916
8.6939
8.708
8.7098
8.7021
8.7011
8.706
8.6965
8.6884
8.6882
8.6921
8.6986
8.704
8.7077
8.7053
8.6999
8.7062
8.7009
8.7033
8.7056
8.7023
8.7065
8.7161
8.7171
8.7108
8.7052
8.7061
8.7044
8.6989
8.7095
8.7167
8.7157
8.7235
8.7358
8.7301
8.7139
8.7106
8.7132
8.7041
8.698
8.7179
8.7285
8.7216
8.7313
8.7373
8.7237
8.7064
8.7115
8.7123
8.6954
8.699
8.7138
8.7173
8.7119
8.7262
8.7284
8.7046
8.6928
8.7036
8.7014
8.6886
8.6981
8.7149
8.7101
8.7166
8.7239
8.7185
8.6961
8.6927
8.7047
8.7009
8.7045
8.7146
8.7262
8.7209
8.7223
8.7262
8.713
8.6993
8.7078
8.7139
8.723
8.7263
8.7381
8.7368
8.7351
8.742
8.7356
8.7224
8.72
8.7184
8.7255
8.7325
8.7377
8.744
8.7407
8.7424
8.7387
8.7327
8.7266
8.7221
8.7206
8.7273
8.7365
8.7384
8.7384
8.7386
8.736
8.7326
8.7279
8.7303
8.7229
8.7232
8.7383
8.7386
8.7384
8.7314
8.7319
8.7347
8.7255
8.7339
8.7324
8.733
8.7387
8.7478
8.7497
8.736
8.7329
8.7353
8.7264
8.7279
8.7383
8.7445
8.7421
8.7496
8.7546
8.7431
8.7306
8.7315
8.7272
8.7192
8.7297
8.7492
8.7485
8.7467
8.7634
8.7615
8.7465
8.7305
8.7348
8.7276
8.7237
8.7469
8.7517
8.7467
8.7574
8.7625
8.7552
8.7316
8.7352
8.7344
8.7186
8.7319
8.7465
8.7495
8.748
8.7575
8.7612
8.7365
8.7324
8.7402
8.7275
8.7269
8.7394
8.754
8.7484
8.7507
8.7608
8.7483
8.7426
8.7442
8.744
8.7326
8.7359
8.7596
8.7569
8.754
8.7591
8.7607
8.751
8.7439
8.7552
8.7492
8.7488
8.763
8.7635
8.7613
8.7539
8.7603
8.7551
8.7395
8.7497
8.7569
8.7586
8.7611
8.768
8.771
8.7553
8.7556
8.7587
8.7419
8.7454
8.7568
8.7697
8.7668
8.7758
8.7849
8.7695
8.7623
8.7635
8.7556
8.7492
8.7538
8.7768
8.7784
8.7771
8.7896
8.7867
8.7708
8.76
8.7626
8.7508
8.7462
8.7644
8.7727
8.7682
8.7796
8.7845
8.7696
8.7453
8.7506
8.7446
8.7353
8.7458
8.7594
8.762
8.7664
8.7714
8.7701
8.7442
8.7481
8.7509
8.7403
8.7392
8.7507
8.765
8.761
8.7631
8.7695
8.7542
8.75
8.7539
8.7531
8.7477
8.7504
8.7702
8.7665
8.7652
8.7716
8.7693
8.7595
8.7569
8.7629
8.7612
8.7598
8.778
8.7822
8.7766
8.7759
8.7786
8.7711
8.7606
8.7657
8.7748
8.7773
8.7821
8.788
8.7859
8.7774
8.7818
8.781
8.7644
8.7655
8.7755
8.7884
8.7846
8.7924
8.7997
8.7829
8.7804
8.7817
8.7709
8.7693
8.7744
8.7946
8.7905
8.7903
8.8042
8.7922
8.7807
8.7791
8.7779
8.7679
8.7646
8.7844
8.7913
8.7848
8.8001
8.7994
8.7804
8.7652
8.7711
8.7638
8.7533
8.7665
8.7784
8.7751
8.7846
8.7922
8.7818
8.7557
8.758
8.758
8.7479
8.7493
8.7639
8.7728
8.7706
8.7757
8.776
8.754
8.7551
8.7576
8.7537
8.7457
8.7546
8.7722
8.7687
8.7689
8.7769
8.765
8.7584
8.7564
8.7614
8.7545
8.7522
8.7749
8.7764
8.7711
8.7753
8.7759
8.7642
8.7568
8.7648
8.77
8.765
8.7782
8.7859
8.7806
8.7763
8.7807
8.7772
8.7596
8.7646
8.7792
8.7831
8.7796
8.791
8.7923
8.7776
8.7774
8.7835
8.7636
8.7622
8.7774
8.7948
8.7869
8.7942
8.8077
8.7926
8.7811
8.7857
8.7786
8.769
8.7742
8.7956
8.7995
8.791
8.8098
8.8051
8.7853
8.7788
8.7869
8.7738
8.7653
8.7828
8.7987
8.7903
8.802
8.8085
8.7917
8.7723
8.7779
8.7757
8.7603
8.7647
8.7837
8.7875
8.7854
8.7919
8.7925
8.7668
8.7617
8.7732
8.7653
8.7566
8.7705
8.7839
8.7779
8.7771
8.7875
8.7698
8.7598
8.7654
8.7679
8.7594
8.7581
8.7806
8.7825
8.7764
8.7786
8.7796
8.763
8.756
8.7694
8.7758
8.7661
8.7807
8.788
8.7798
8.7713
8.7834
8.7737
8.7593
8.7681
8.7827
8.7808
8.7777
8.7922
8.7926
8.7739
8.7731
8.7792
8.7618
8.7598
8.7797
8.794
8.7847
8.7954
8.8059
8.7912
8.7765
8.784
8.7748
8.7624
8.7743
8.7972
8.7964
8.7934
8.8129
8.8046
8.7824
8.7713
8.7789
8.7646
8.7596
8.7811
8.7916
8.7828
8.7955
8.7993
8.787
8.7644
8.7723
8.766
8.7495
8.7605
8.7793
8.7796
8.7781
8.7892
8.7881
8.7664
8.762
8.7688
8.7571
8.754
8.7684
8.7802
8.7775
8.7786
8.7857
8.7745
8.7638
8.7697
8.7661
8.7555
8.7602
8.7799
8.7793
8.773
8.7784
8.7786
8.7672
8.7621
8.7727
8.7706
8.7646
8.7765
8.782
8.7797
8.7694
8.7739
8.7678
8.7548
8.7672
8.7753
8.7696
8.7702
8.7853
8.7835
8.7653
8.7623
8.7651
8.7538
8.7561
8.7719
8.7771
8.7735
8.7829
8.7901
8.7828
8.7656
8.767
8.7614
8.752
8.7692
8.787
8.7839
8.7847
8.7992
8.7954
8.7808
8.7712
8.7668
8.7559
8.7563
8.7777
8.7854
8.7858
8.7939
8.793
8.7897
8.7733
8.7722
8.7698
8.7598
8.7725
8.7861
8.785
8.7879
8.7893
8.7913
8.7812
8.7769
8.7748
8.7614
8.7635
8.7772
8.7882
8.7918
8.79
8.789
8.7855
8.7751
8.7744
8.7707
8.7678
8.7754
8.7867
8.7855
8.7858
8.7799
8.7778
8.7772
8.7711
8.7728
8.7674
8.7706
8.7763
8.7823
8.7866
8.7773
8.7654
8.7675
8.7599
8.7631
8.7672
8.7678
8.7727
8.7792
8.7843
8.7763
8.7626
8.7533
8.7524
8.7544
8.7631
8.7662
8.7728
8.7746
8.7788
8.7759
8.766
8.7511
8.7492
8.7486
8.7553
8.7633
8.7675
8.7783
8.774
8.7743
8.7726
8.7633
8.7479
8.7497
8.7574
8.77
8.7726
8.784
8.7835
8.7787
8.7825
8.7794
8.7631
8.7595
8.7618
8.7722
8.7744
8.7835
8.7945
8.7829
8.781
8.7825
8.7751
8.7652
8.7628
8.7749
8.7774
8.7794
8.7901
8.7859
8.7743
8.7746
8.7787
8.7648
8.7584
8.7671
8.7743
8.7671
8.782
8.7885
8.7715
8.7528
8.7621
8.7565
8.7445
8.7505
8.7643
8.7642
8.7662
8.7759
8.7713
8.7452
8.7449
8.7515
8.7435
8.7374
8.7491
8.7624
8.755
8.7662
8.771
8.7553
8.7404
8.7427
8.7484
8.7383
8.7423
8.7615
8.7627
8.7572
8.765
8.7676
8.7482
8.739
8.7542
8.7527
8.7447
8.7602
8.7696
8.7619
8.7589
8.7668
8.7619
8.7441
8.7468
8.7589
8.7573
8.758
8.7745
8.7778
8.7591
8.7626
8.7719
8.755
8.7457
8.7604
8.7729
8.7631
8.7765
8.7851
8.772
8.7617
8.7683
8.7653
8.7514
8.7537
8.7716
8.7686
8.7637
8.7838
8.7816
8.7605
8.7514
8.7625
8.7504
8.7364
8.7535
8.7643
8.7556
8.7645
8.7693
8.7613
8.7352
8.7404
8.7421
8.7226
8.7273
8.7411
8.744
8.7415
8.7548
8.7591
8.7305
8.7197
8.7277
8.7182
8.7081
8.7203
8.7353
8.7345
8.7345
8.7422
8.7351
8.7216
8.7209
8.727
8.7127
8.7144
8.7345
8.7367
8.7304
8.7356
8.7452
8.7327
8.7177
8.7322
8.7268
8.7186
8.7324
8.7393
8.7401
8.7261
8.7367
8.7382
8.7204
8.7269
8.7357
8.7331
8.7299
8.7428
8.7478
8.7306
8.7269
8.7361
8.7232
8.7155
8.7301
8.7418
8.7369
8.7414
8.7542
8.7451
8.7292
8.7306
8.731
8.7181
8.7202
8.7433
8.745
8.7416
8.7541
8.7541
8.7403
8.7219
8.725
8.722
8.7092
8.7261
8.7323
8.7338
8.7334
8.7434
8.7413
8.7196
8.713
8.7176
8.7093
8.7119
8.7156
8.7272
8.7348
8.7308
8.7353
8.727
8.7181
8.7119
8.7078
8.7083
8.7117
8.7103
8.7194
8.723
8.7173
8.7023
8.7037
8.7111
8.6997
8.689
8.701
8.7166
8.7146
8.7074
8.7165
8.7215
8.7054
8.6933
8.7023
8.7013
8.6916
8.6969
8.6967
8.6971
8.6986
8.6963
8.6885
8.6845
8.6987
8.6933
8.6799
8.689
8.6989
8.6973
8.6862
8.6839
8.6892
8.6835
8.6815
8.6817
8.6781
8.6767
8.6847
8.6838
8.671
8.6664
8.6763
8.668
8.6593
8.6556
8.6603
8.6573
8.6592
8.6647
8.6551
8.6437
8.644
8.6483
8.6482
8.6375
8.6401
8.6347
8.6311
8.635
8.6355
8.6257
8.6165
8.6136
8.6154
8.6104
8.6208
8.6199
8.6046
8.5968
8.593
8.5927
8.5818
8.5835
8.5844
8.5736
8.5678
8.5707
8.5725
8.573
8.5656
8.5589
8.5391
8.5307
8.5287
8.5279
8.524
8.5279
8.536
8.5249
8.5087
8.4953
8.4869
8.4748
8.4691
8.481
8.4833
8.4802
8.4884
8.4792
8.4629
8.4421
8.4348
8.4206
8.4072
8.4111
8.4209
8.4178
8.421
8.4254
8.4173
8.3998
8.3861
8.3722
8.3501
8.3398
8.3457
8.3496
8.3439
8.3501
8.3532
8.3453
8.34
8.3351
8.3226
8.308
8.2998
8.3035
8.2874
8.273
8.2714
8.2616
8.2497
8.2411
8.2364
8.2276
8.2111
8.2112
8.2066
8.1952
8.1941
8.19
8.1804
8.1712
8.1725
8.1758
8.1667
8.1661
8.1687
8.1639
8.1621
8.1581
8.1528
8.1357
8.1275
8.1315
8.1314
8.1255
8.1316
8.1349
8.1281
8.1229
8.1214
8.1134
8.104
8.1012
8.1053
8.0991
8.0916
8.102
8.1023
8.0949
8.0871
8.0861
8.07
8.0535
8.0472
8.036
8.0141
8.0085
8.0016
7.9823
7.9644
7.957
7.9461
7.9238
7.9128
7.9152
7.91
7.902
7.9053
7.8985
7.8922
7.886
7.8884
7.875
7.864
7.8668
7.8685
7.8503
7.8389
7.8306
7.8102
7.7876
7.7751
7.7692
7.7631
7.7553
7.7651
7.7629
7.7509
7.7498
7.7373
7.7135
7.6896
7.679
7.6697
7.6555
7.6558
7.6623
7.6551
7.6551
7.652
7.6385
7.6113
7.5981
7.5961
7.5852
7.5741
7.5787
7.5822
7.5674
7.5494
7.5336
7.5145
7.5012
7.4922
7.4883
7.4716
7.4644
7.4712
7.4572
7.4367
7.4168
7.4095
7.3976
7.389
7.398
7.3949
7.371
7.3557
7.3427
7.3249
7.3153
7.3184
7.3112
7.2929
7.2784
7.2733
7.2612
7.2538
7.256
7.2483
7.2246
7.2007
7.1835
7.1576
7.1439
7.1514
7.1644
7.1481
7.1342
7.1207
7.1029
7.0836
7.0786
7.0687
7.0406
7.0139
7.0133
7.0126
7.0119
7.0135
6.9962
6.9681
6.9542
6.9503
6.9423
6.9237
6.9157
6.9093
6.8974
6.8855
6.8835
6.8655
6.8387
6.8244
6.8183
6.8105
6.7994
6.795
6.7857
6.7691
6.7564
6.749
6.7338
6.7171
6.7094
6.7003
6.6795
6.6661
6.6607
6.6483
6.6359
6.6304
6.6242
6.6006
6.5869
6.5869
6.5823
6.5669
6.5642
6.5577
6.5342
6.5125
6.4994
6.4841
6.4663
6.4607
6.4618
6.4486
6.4314
6.4307
6.4234
6.4052
6.3895
6.3803
6.3563
6.337
6.3367
6.3343
6.3162
6.3064
6.3009
6.2832
6.2638
6.2514
6.2428
6.22
6.208
6.2131
6.2065
6.1876
6.1796
6.1734
6.1517
6.1311
6.1208
6.1038
6.0795
6.0698
6.0676
6.0556
6.0418
6.0369
6.0228
6.002
5.9847
5.9825
5.9683
5.9533
5.9487
5.9404
5.9256
5.9161
5.9096
5.886
5.8687
5.8615
5.8547
5.8344
5.8204
5.816
5.8025
5.7875
5.7788
5.7704
5.7454
5.7331
5.7359
5.7272
5.7043
5.7016
5.6986
5.6754
5.6541
5.6449
5.629
5.6102
5.6009
5.6016
5.5845
5.5732
5.5755
5.5611
5.5385
5.5282
5.5225
5.4938
5.4725
5.4779
5.4768
5.457
5.4482
5.4434
5.4205
5.396
5.3844
5.3688
5.35
5.3391
5.3405
5.3278
5.3175
5.3132
5.294
5.2708
5.2564
5.2502
5.2289
5.2068
5.2006
5.1989
5.1846
5.1709
5.1594
5.1423
5.124
5.1083
5.1034
5.0826
5.0638
5.0659
5.057
5.0369
5.0223
5.0178
4.9972
4.9819
4.9747
4.9628
4.9417
4.9307
4.9267
4.9102
4.8902
4.8772
4.8657
4.8419
4.8277
4.8301
4.821
4.7984
4.7981
4.7936
4.769
4.7502
4.7419
4.7185
4.7007
4.6919
4.6903
4.6734
4.6563
4.6503
4.6351
4.6152
4.5982
4.589
4.5661
4.549
4.5509
4.5447
4.5285
4.5195
4.5087
4.4959
4.4692
4.4477
4.4409
4.4224
4.3957
4.3896
4.3849
4.3628
4.3504
4.3411
4.3321
4.3125
4.2939
4.2899
4.283
4.2708
4.2521
4.2471
4.2415
4.2169
4.2002
4.1912
4.1799
4.155
4.1374
4.1376
4.1265
4.1137
4.102
4.0935
4.0881
4.0781
4.0556
4.0374
4.0349
4.0246
4.0071
3.99
3.989
3.9811
3.9668
3.9489
3.9339
3.92
3.9093
3.8934
3.8718
3.8568
3.8566
3.8504
3.8358
3.8232
3.8161
3.8005
3.7852
3.7702
3.7575
3.7546
3.753
3.7431
3.7299
3.7155
3.7009
3.6923
3.6838
3.6678
3.6433
3.6293
3.6261
3.6268
3.6164
3.6022
3.5913
3.5725
3.5567
3.5495
3.54
3.5248
3.5077
3.4905
3.484
3.4834
3.4831
3.4732
3.4571
3.4431
3.4269
3.4154
3.4037
3.3945
3.3869
3.3761
3.3577
3.3458
3.3425
3.3331
3.3215
3.3135
3.3015
3.2843
3.2685
3.2566
3.2515
3.2493
3.2481
3.2424
3.2364
3.2214
3.2037
3.1867
3.1726
3.1605
3.1502
3.1421
3.145
3.1433
3.1389
3.1287
3.121
3.1082
3.0936
3.0778
3.0641
3.0554
3.0511
3.0481
3.0479
3.0434
3.0408
3.0341
3.0225
3.0088
2.9959
2.9818
2.9661
2.9469
2.9346
2.9266
2.9261
2.9267
2.9228
2.9252
2.9255
2.9207
2.9117
2.9018
2.8927
2.8859
2.8749
2.8697
2.866
2.8587
2.8504
2.8422
2.8334
2.8215
2.8041
2.786
2.7726
2.761
2.7483
2.738
2.7248
2.7121
2.7028
2.6916
2.6812
2.6696
2.6568
2.64
2.6247
2.6111
2.5995
2.588
2.5742
2.5597
2.5492
2.5399
2.529
2.5155
2.5008
2.4874
2.4731
2.4569
2.4457
2.4377
2.4276
2.4194
2.416
2.4162
2.418
2.4168
2.415
2.4099
2.4097
2.4063
2.3988
2.3943
2.3919
2.39
2.3884
2.3792
2.3688
2.3567
2.3449
2.3282
2.3161
2.3021
2.2916
2.2821
2.2722
2.2703
2.2708
2.2704
2.2688
2.2683
2.2674
2.2618
2.2528
2.237
2.2258
2.2142
2.2061
2.1985
2.1932
2.1911
2.1906
2.1912
2.1874
2.1796
2.1704
2.1584
2.1465
2.1368
2.1258
2.1179
2.1151
2.1148
2.1093
2.1002
2.0904
2.0804
2.0701
2.0571
2.0544
2.0579
2.061
2.0568
2.0505
2.0455
2.0384
2.0322
2.0244
2.0149
2.0124
2.0169
2.0201
2.016
2.0033
1.9934
1.9802
1.9733
1.9766
1.9847
1.9864
1.9815
1.9713
1.9558
1.9433
1.9387
1.9414
1.946
1.943
1.9319
1.9228
1.9122
1.9123
1.9167
1.9217
1.9224
1.9168
1.9064
1.8919
1.8877
1.8892
1.892
1.887
1.883
1.8716
1.8673
1.8731
1.8834
1.8832
1.8721
1.8523
1.8402
1.8433
1.8485
1.8418
1.835
1.8242
1.818
1.8153
1.8157
1.8108
1.8106
1.8031
1.803
1.804
1.8016
1.7967
1.783
1.7714
1.7702
1.7673
1.7658
1.7622
1.7567
1.7489
1.747
1.7423
1.7416
1.7387
1.7347
1.7362
1.7311
1.7241
1.7134
1.7101
1.7075
1.7045
1.7013
1.6951
1.6834
1.6787
1.6744
1.6734
1.6701
1.6722
1.6685
1.6657
1.6582
1.6585
1.6572
1.6559
1.6527
1.6452
1.6387
1.6341
1.6317
1.6286
1.6261
1.6258
1.6265
1.6258
1.624
1.6223
1.6197
1.6162
1.6111
1.6086
1.604
1.5995
1.592
1.5875
1.5835
1.5816
1.5785
1.5767
1.5765
1.576
1.5736
1.5739
1.5704
1.5679
1.5628
1.5592
1.5539
1.551
1.547
1.5447
1.5413
1.5354
1.5282
1.5261
1.5246
1.5179
1.5095
1.5062
1.5063
1.5017
1.4994
1.4951
1.4939
1.4906
1.4888
1.4854
1.4812
1.4752
1.4732
1.4716
1.4661
1.4622
1.4601
1.4585
1.454
1.448
1.4486
1.4467
1.4442
1.4409
1.4373
1.4348
1.4345
1.4338
1.4294
1.424
1.4198
1.4178
1.4062
1.4017
1.4029
1.4015
1.3944
1.3887
1.3862
1.3833
1.3804
1.3796
1.3782
1.3742
1.375
1.3692
1.3647
1.362
1.3595
1.3498
1.3456
1.3502
1.3481
1.343
1.3387
1.3367
1.3351
1.336
1.3337
1.33
1.3304
1.3318
1.3261
1.3205
1.3174
1.3139
1.3101
1.3081
1.3024
1.2971
1.2986
1.2979
1.292
1.2878
1.28
1.2808
1.2797
1.2787
1.2754
1.2725
1.2719
1.2691
1.2665
1.2619
1.259
1.2572
1.2519
1.2481
1.2453
1.2382
1.2301
1.2302
1.2291
1.2255
1.2246
1.2212
1.2214
1.2237
1.2197
1.219
1.2185
1.2167
1.2149
1.2129
1.2109
1.2078
1.2064
1.2046
1.2022
1.1959
1.1905
1.1919
1.189
1.1866
1.1885
1.1843
1.1804
1.1851
1.1852
1.1862
1.1907
1.1882
1.1863
1.1843
1.1809
1.1785
1.1749
1.169
1.161
1.1598
1.1583
1.1539
1.1522
1.1476
1.1406
1.1396
1.1397
1.1378
1.1341
1.139
1.1349
1.1281
1.1275
1.1249
1.1171
1.1162
1.1132
1.1056
1.1023
1.1008
1.0987
1.0969
1.0977
1.0937
1.0912
1.0877
1.09
1.0864
1.0838
1.0829
1.0857
1.0825
1.0752
1.0692
1.0608
1.053
1.0568
1.0563
1.049
1.042
1.0365
1.036
1.0374
1.0337
1.0315
1.0317
1.0271
1.0234
1.0217
1.0234
1.0182
1.0148
1.0136
1.0156
1.0139
1.009
1.0125
1.0147
1.0101
1.0072
1.0029
1.0026
1.0023
0.99963
0.99766
0.99145
0.99117
0.99107
0.98769
0.98525
0.98465
0.98515
0.98016
0.97658
0.97347
0.97367
0.97367
0.96968
0.97214
0.97589
0.97314
0.96888
0.96424
0.96043
0.95964
0.95974
0.95963
0.95928
0.9599
0.95828
0.95912
0.95986
0.95842
0.95452
0.95064
0.95365
0.95622
0.95282
0.94929
0.95095
0.95769
0.95666
0.95503
0.95294
0.95007
0.94822
0.94321
0.9384
0.93409
0.93466
0.93368
0.93038
0.92988
0.93095
0.93044
0.92641
0.92175
0.91943
0.92319
0.92685
0.92527
0.92053
0.91691
0.91697
0.91163
0.90847
0.90614
0.90261
0.89832
0.89517
0.89221
0.89207
0.89679
0.90368
0.91335
0.91898
0.9224
0.92104
0.92082
0.92002
0.91819
0.91405
0.90968
0.90612
0.9059
0.90715
0.90778
0.90654
0.90728
0.90521
0.90479
0.90298
0.90058
0.8992
0.89852
0.89901
0.89975
0.90336
0.90962
0.90967
0.90659
0.90465
0.9049
0.90308
0.90352
0.9033
0.90912
0.91942
0.93092
0.9443
0.95661
0.96507
0.96905
0.96411
0.96098
0.9559
0.94936
0.94306
0.94366
0.94689
0.95136
0.95575
0.95901
0.96004
0.96169
0.96308
0.9655
0.96675
0.96794
0.96818
0.97055
0.97793
0.98779
0.9956
1
1.0001
0.99491
0.98976
0.98418
0.97991
0.98565
0.99562
1.0111
1.0287
1.0473
1.0651
1.0761
1.076
1.0736
1.0667
1.0587
1.0524
1.0444
1.0424
1.0507
1.0604
1.0678
1.0757
1.084
1.089
1.0866
1.0792
1.0775
1.0741
1.0733
1.0783
1.0873
1.1006
1.115
1.1272
1.1327
1.1291
1.1195
1.1099
1.0989
1.0958
1.1052
1.122
1.1422
1.1693
1.1925
1.21
1.2183
1.2209
1.2144
1.1971
1.1762
1.1591
1.1519
1.1529
1.164
1.1779
1.1927
1.2066
1.2182
1.2224
1.218
1.2054
1.1934
1.1853
1.1862
1.1984
1.215
1.2324
1.254
1.2694
1.2762
1.2736
1.2601
1.2446
1.2327
1.2309
1.2422
1.2621
1.29
1.3201
1.3506
1.3708
1.3832
1.3869
1.3787
1.3591
1.3323
1.3088
1.2972
1.2972
1.3088
1.3282
1.3478
1.367
1.3796
1.3836
1.3802
1.3678
1.3531
1.3381
1.333
1.3426
1.3613
1.3866
1.4127
1.4357
1.4494
1.4534
1.4452
1.4247
1.4054
1.3977
1.4004
1.4149
1.4442
1.4783
1.5131
1.5368
1.5562
1.5665
1.5671
1.5541
1.5338
1.5025
1.4832
1.4723
1.4751
1.4875
1.5127
1.5389
1.5622
1.5736
1.5764
1.5712
1.555
1.5351
1.5194
1.5148
1.523
1.5439
1.5722
1.6017
1.6261
1.6399
1.6428
1.6334
1.614
1.5911
1.5822
1.5847
1.6013
1.6275
1.6647
1.701
1.7268
1.7449
1.7542
1.753
1.7412
1.7175
1.6877
1.6624
1.6496
1.648
1.6583
1.68
1.7061
1.7296
1.748
1.7532
1.751
1.7374
1.7156
1.6979
1.6892
1.6928
1.712
1.7408
1.7723
1.8031
1.8239
1.8356
1.8344
1.8222
1.8
1.7804
1.7759
1.7836
1.8057
1.8409
1.8773
1.9097
1.9322
1.9459
1.9512
1.9483
1.9347
1.914
1.8864
1.8662
1.8549
1.8532
1.8641
1.8844
1.9065
1.9288
1.9445
1.951
1.9505
1.9365
1.9204
1.9065
1.9034
1.9128
1.9293
1.9555
1.9863
2.0161
2.0352
2.0448
2.0458
2.0364
2.0204
2.0079
2.0047
2.0111
2.0323
2.0596
2.0895
2.1202
2.1414
2.1543
2.1608
2.1553
2.1417
2.1218
2.0942
2.0707
2.0569
2.0554
2.0646
2.079
2.0912
2.1052
2.1163
2.1245
2.1252
2.1143
2.1043
2.0911
2.0845
2.0884
2.1013
2.1223
2.1462
2.1657
2.184
2.198
2.2036
2.1992
2.1903
2.1829
2.181
2.1882
2.2029
2.2191
2.2375
2.2629
2.2842
2.2985
2.3074
2.308
2.3013
2.2908
2.2733
2.2558
2.2429
2.2351
2.2361
2.2395
2.2392
2.2424
2.2446
2.2471
2.2475
2.2482
2.2497
2.2516
2.2518
2.2545
2.2568
2.2621
2.2706
2.2746
2.279
2.2875
2.2921
2.2911
2.289
2.2884
2.286
2.2863
2.287
2.2869
2.2892
2.2956
2.3056
2.3121
2.3187
2.3241
2.3226
2.3185
2.3141
2.3096
2.3073
2.3045
2.3032
2.3048
2.305
2.3052
2.3062
2.3071
2.3088
2.3089
2.3078
2.3072
2.3075
2.3059
2.3059
2.3065
2.3045
2.3043
2.3043
2.3052
2.3064
2.3084
2.3099
2.3105
2.3124
2.3127
2.3119
2.313
2.3149
2.3148
2.3131
2.3125
2.3112
2.3111
2.3127
2.3134
2.3114
2.3089
2.3087
2.3087
2.3073
2.3068
2.3048
2.3025
2.3014
2.3004
2.2999
2.2986
2.2977
2.2976
2.2974
2.2959
2.2966
2.2969
2.2965
2.2957
2.293
2.2905
2.287
2.2836
2.2823
2.2846
2.2839
2.2816
2.2813
2.2829
2.282
2.2818
2.2823
2.2779
2.2751
2.2772
2.2784
2.2801
2.279
2.2757
2.2726
2.2696
2.2679
2.2669
2.2659
2.2664
2.2656
2.2646
2.2646
2.2656
2.2684
2.2693
2.269
2.2644
2.2578
2.2523
2.2498
2.2507
2.2506
2.2508
2.2533
2.2555
2.2585
2.2561
2.2534
2.2529
2.2505
2.2512
2.2505
2.2509
2.2519
2.2516
2.2514
2.2516
2.2512
2.2504
2.2501
2.2477
2.2479
2.2498
2.2509
2.252
2.2526
2.2546
2.2549
2.2522
2.2465
2.2389
2.2292
2.223
2.218
2.2173
2.2185
2.2201
2.2209
2.2208
2.2207
2.2216
2.2209
2.2178
2.2168
2.2172
2.2178
2.2174
2.2155
2.2159
2.2175
2.2168
2.2122
2.2071
2.2036
2.1986
2.1928
2.1914
2.193
2.193
2.1922
2.1948
2.1947
2.193
2.1853
2.1723
2.1578
2.143
2.13
2.1211
2.1156
2.1177
2.1224
2.1263
2.1322
2.1364
2.1338
2.1275
2.1216
2.1146
2.1082
2.103
2.1006
2.099
2.0983
2.0957
2.0923
2.0907
2.0874
2.0759
2.0627
2.0521
2.0435
2.0415
2.0461
2.0503
2.0533
2.0558
2.05
2.0386
2.0215
2.001
1.9804
1.9615
1.9504
1.9456
1.9435
1.9502
1.9583
1.9646
1.9718
1.9706
1.9599
1.9485
1.9399
1.9292
1.9183
1.9112
1.9138
1.9201
1.9238
1.927
1.9258
1.9181
1.9067
1.8888
1.8698
1.8545
1.848
1.8516
1.8626
1.873
1.8814
1.8803
1.8693
1.849
1.8235
1.7944
1.7683
1.7497
1.7374
1.734
1.7395
1.7554
1.7751
1.7912
1.7967
1.794
1.7822
1.7653
1.748
1.7318
1.7183
1.7138
1.7173
1.7277
1.7384
1.7467
1.7467
1.7321
1.7126
1.6937
1.6696
1.6509
1.6435
1.6468
1.66
1.6747
1.6855
1.6848
1.6731
1.6514
1.621
1.5885
1.5564
1.5347
1.5213
1.5172
1.5228
1.5393
1.5648
1.5878
1.598
1.5952
1.584
1.5636
1.5395
1.5168
1.5017
1.4957
1.4965
1.5077
1.5224
1.5382
1.5426
1.5319
1.5117
1.4872
1.4601
1.4352
1.4174
1.412
1.4198
1.4381
1.4558
1.4619
1.4576
1.4421
1.4124
1.3774
1.3402
1.3135
1.2943
1.2834
1.2844
1.2962
1.3177
1.3481
1.3676
1.3767
1.3733
1.3578
1.3309
1.303
1.2778
1.2642
1.2589
1.2616
1.2771
1.2976
1.3136
1.3162
1.3069
1.2835
1.2517
1.2195
1.1933
1.1782
1.173
1.1785
1.1966
1.218
1.2275
1.2227
1.2056
1.1796
1.144
1.1064
1.078
1.0588
1.05
1.0495
1.0597
1.084
1.1155
1.1399
1.1527
1.1548
1.1447
1.1211
1.094
1.0697
1.0514
1.0442
1.0453
1.0566
1.0778
1.0956
1.1052
1.1001
1.0806
1.0511
1.0177
0.98655
0.9643
0.95267
0.95286
0.96345
0.98419
1.0008
1.0018
0.9905
0.96783
0.93087
0.89245
0.85836
0.83414
0.81955
0.81213
0.81377
0.82617
0.84659
0.87315
0.89224
0.90299
0.90295
0.88867
0.8656
0.84417
0.82112
0.80571
0.79892
0.79911
0.81289
0.82767
0.84175
0.84516
0.8355
0.81684
0.79007
0.75851
0.72769
0.705
0.69305
0.69054
0.69852
0.71333
0.72502
0.7266
0.71769
0.69354
0.66429
0.63311
0.60109
0.57801
0.56201
0.55353
0.55718
0.5689
0.58692
0.61507
0.63772
0.64987
0.65071
0.64103
0.62665
0.61232
0.59746
0.58458
0.57422
0.57349
0.58444
0.59386
0.60446
0.61
0.60462
0.58955
0.56663
0.54214
0.5224
0.50271
0.48856
0.48253
0.48642
0.49392
0.49909
0.50008
0.49337
0.47884
0.46172
0.44169
0.41725
0.39663
0.38146
0.3707
0.36856
0.37415
0.38532
0.40346
0.41994
0.42972
0.43623
0.43607
0.4325
0.4292
0.42427
0.42126
0.41814
0.41546
0.41314
0.41075
0.40783
0.40629
0.40307
0.39933
0.39226
0.38048
0.37314
0.36642
0.35478
0.34742
0.34699
0.34673
0.34562
0.34574
0.34535
0.34396
0.34256
0.3398
0.33226
0.32294
0.31595
0.30936
0.30332
0.30404
0.30546
0.30901
0.31352
0.3148
0.31694
0.31633
0.31188
0.311
0.31119
0.30995
0.30857
0.30618
0.30403
0.30233
0.29978
0.29735
0.29569
0.29369
0.29209
0.29197
0.29065
0.28944
0.28849
0.28653
0.28378
0.28275
0.28335
0.28264
0.28217
0.28106
0.27824
0.27531
0.27635
0.27705
0.27577
0.27488
0.27388
0.27269
0.27203
0.27325
0.27414
0.27394
0.27373
0.27399
0.27381
0.274
0.27374
0.27314
0.27455
0.27373
0.27326
0.2718
0.27114
0.27102
0.27091
0.26972
0.26857
0.26856
0.27097
0.27243
0.27247
0.27485
0.27716
0.27726
0.27558
0.27809
0.2793
0.27855
0.27651
0.27642
0.2759
0.27487
0.27754
0.2784
0.27637
0.27616
0.27545
0.27483
0.27488
0.27524
0.27632
0.27587
0.27385
0.27293
0.27205
0.27168
0.27135
0.27176
0.26993
0.26662
0.26537
0.26376
0.26303
0.26264
0.26279
0.26122
0.26011
0.26111
0.2604
0.25833
0.25778
0.25633
0.25712
0.25906
0.25885
0.25996
0.25794
0.25672
0.25513
0.25512
0.25699
0.25594
0.253
0.25255
0.25254
0.25174
0.25291
0.25309
0.25069
0.24884
0.24836
0.2492
0.24811
0.24826
0.24893
0.24888
0.24872
0.24866
0.24717
0.24571
0.24373
0.24316
0.24348
0.24409
0.2449
0.24514
0.24584
0.24584
0.24729
0.24639
0.24618
0.24542
0.246
0.24664
0.24564
0.24446
0.24403
0.24643
0.2486
0.2498
0.25173
0.25241
0.2518
0.25101
0.25152
0.25287
0.25202
0.25173
0.2511
0.25184
0.2524
0.25269
0.25311
0.25367
0.25291
0.25372
0.25574
0.25328
0.2525
0.25238
0.25206
0.25202
0.25371
0.25406
0.25556
0.2571
0.2591
0.25987
0.2593
0.25778
0.25868
0.26002
0.25996
0.25902
0.26151
0.26457
0.2664
0.26794
0.26829
0.26865
0.26927
0.27039
0.27091
0.26975
0.26906
0.26919
0.26998
0.26987
0.26823
0.26683
0.26709
0.26895
0.26953
0.26927
0.26876
0.26877
0.26917
0.27003
0.27044
0.26907
0.26903
0.27014
0.27026
0.26701
0.26637
0.26598
0.26553
0.26572
0.26624
0.26629
0.26912
0.27173
0.27227
0.27178
0.27172
0.26949
0.26964
0.27075
0.27117
0.27007
0.27149
0.27298
0.27432
0.27375
0.27326
0.27404
0.27324
0.27159
0.26979
0.26976
0.2701
0.26999
0.2679
0.26713
0.26747
0.26765
0.26806
0.26767
0.26585
0.26487
0.26562
0.26473
0.26212
0.26094
0.26183
0.26192
0.26
0.25927
0.25897
0.25945
0.2578
0.25634
0.25672
0.25659
0.25616
0.25647
0.2556
0.25529
0.25546
0.25559
0.25576
0.25697
0.25646
0.25605
0.25771
0.25689
0.25435
0.25378
0.25512
0.25435
0.25454
0.2554
0.25637
0.25655
0.25566
0.25505
0.25644
0.25603
0.25461
0.25411
0.25481
0.25417
0.25243
0.25016
0.25006
0.25116
0.25075
0.24963
0.25049
0.25139
0.25123
0.25001
0.24901
0.24813
0.24718
0.24607
0.245
0.24431
0.24447
0.24454
0.24344
0.24287
0.2442
0.24411
0.24263
0.24192
0.24157
0.24231
0.24277
0.24266
0.24198
0.24236
0.24194
0.24127
0.23997
0.2394
0.24092
0.24096
0.2394
0.2406
0.24066
0.23923
0.23768
0.23797
0.23758
0.23828
0.23786
0.23707
0.23717
0.23642
0.23323
0.2315
0.23119
0.23028
0.2284
0.22704
0.22652
0.2253
0.22202
0.21996
0.21941
0.2181
0.21606
0.21577
0.21524
0.21453
0.21239
0.21106
0.21116
0.21037
0.21005
0.20958
0.20884
0.20876
0.20875
0.20787
0.20696
0.20649
0.20584
0.2059
0.20445
0.20421
0.20563
0.2055
0.20489
0.20598
0.20629
0.20609
0.20687
0.20739
0.2076
0.20821
0.20754
0.20785
0.20797
0.2079
0.20771
0.20868
0.20832
0.20723
0.20623
0.20575
0.20576
0.20546
0.20508
0.20623
0.20633
0.20575
0.20554
0.20628
0.20599
0.20607
0.20523
0.20504
0.20487
0.20432
0.20374
0.20349
0.20393
0.20491
0.20538
0.20618
0.20599
0.20637
0.20628
0.20682
0.20652
0.20646
0.2069
0.20688
0.20745
0.2069
0.20561
0.20599
0.20619
0.20574
0.20485
0.20497
0.20553
0.20601
0.20466
0.20468
0.20436
0.20469
0.20451
0.20363
0.20283
0.20334
0.20199
0.20058
0.20019
0.20156
0.2027
0.20238
0.20204
0.20287
0.20224
0.20083
0.20009
0.20069
0.20049
0.2003
0.19968
0.19924
0.1991
0.1984
0.19792
0.19843
0.19895
0.19895
0.1984
0.19867
0.19791
0.19753
0.1971
0.19816
0.19769
0.19698
0.19605
0.19578
0.19562
0.19612
0.19647
0.19637
0.19716
0.19806
0.19803
0.19793
0.19829
0.19968
0.2014
0.20231
0.20213
0.20284
0.20386
0.20408
0.2034
0.20395
0.20509
0.20605
0.20559
0.20555
0.20527
0.20602
0.20693
0.20716
0.20737
0.20774
0.20645
0.20531
0.20484
0.20442
0.20381
0.20349
0.2028
0.20307
0.20351
0.20329
0.20396
0.20524
0.20622
0.2062
0.20648
0.20635
0.20674
0.20662
0.20785
0.20814
0.20821
0.2077
0.2076
0.20831
0.20988
0.21112
0.21147
0.21209
0.21323
0.21455
0.21576
0.21661
0.2182
0.22026
0.22104
0.22096
0.22113
0.22149
0.2227
0.22332
0.2238
0.22383
0.22428
0.22417
0.22436
0.22472
0.22466
0.22443
0.22506
0.22541
0.2251
0.22417
0.22485
0.22643
0.22718
0.22737
0.22697
0.22722
0.22802
0.22782
0.2268
0.22736
0.2274
0.22554
0.22443
0.22513
0.22506
0.2244
0.22477
0.22472
0.2243
0.22363
0.22401
0.22442
0.22434
0.22461
0.22497
0.22459
0.22421
0.22405
0.22394
0.2241
0.22335
0.22301
0.22311
0.22315
0.22319
0.22271
0.22229
0.22167
0.22148
0.22121
0.22036
0.22023
0.22018
0.21939
0.21896
0.21859
0.2166
0.21505
0.21588
0.21722
0.21757
0.21796
0.21828
0.21805
0.21906
0.21944
0.21872
0.21888
0.21968
0.21884
0.21803
0.21798
0.21952
0.21846
0.21783
0.21721
0.21752
0.21783
0.21824
0.2171
0.21722
0.21742
0.21624
0.2155
0.21642
0.21628
0.21584
0.21522
0.21434
0.21453
0.21503
0.21523
0.21416
0.21367
0.2126
0.21285
0.21249
0.21261
0.21255
0.21337
0.21263
0.21171
0.21239
0.21351
0.21344
0.21292
0.21273
0.21258
0.21252
0.21206
0.21031
0.20917
0.20943
0.20872
0.20694
0.20606
0.20623
0.20616
0.20593
0.20495
0.20449
0.20486
0.20417
0.20272
0.20207
0.20241
0.20117
0.20104
0.20113
0.20078
0.20102
0.20019
0.19817
0.1972
0.19623
0.19506
0.19371
0.19223
0.19114
0.19059
0.18922
0.18814
0.18811
0.18809
0.1866
0.18419
0.18217
0.18139
0.18155
0.18092
0.17961
0.179
0.17815
0.17808
0.17797
0.17748
0.17632
0.1759
0.17529
0.1741
0.17409
0.17428
0.17338
0.17271
0.17291
0.17327
0.17337
0.17349
0.1726
0.17199
0.17243
0.17155
0.17048
0.17052
0.17118
0.17131
0.17168
0.17125
0.17105
0.17165
0.17093
0.16984
0.16962
0.16907
0.16927
0.17039
0.16987
0.1691
0.16814
0.16828
0.16829
0.16857
0.1685
0.16974
0.17036
0.1704
0.17127
0.17229
0.17268
0.17167
0.17112
0.17218
0.17338
0.17328
0.17366
0.17408
0.17446
0.17352
0.17336
0.17412
0.17469
0.17512
0.17541
0.17516
0.17658
0.17772
0.17783
0.17772
0.17814
0.17837
0.17958
0.18018
0.17906
0.17881
0.17948
0.1785
0.178
0.178
0.17734
0.17708
0.17608
0.1742
0.17333
0.17493
0.17397
0.17384
0.17432
0.17438
0.17419
0.17475
0.17352
0.17298
0.17246
0.17226
0.17326
0.17378
0.17295
0.17267
0.17316
0.17345
0.17342
0.17364
0.17404
0.17452
0.17441
0.17539
0.17685
0.177
0.17628
0.17572
0.17616
0.17703
0.17697
0.1767
0.17679
0.17739
0.17633
0.17591
0.17639
0.17648
0.17664
0.17666
0.17558
0.17659
0.17764
0.17785
0.17736
0.17664
0.1772
0.17815
0.17714
0.17582
0.17643
0.17749
0.17761
0.17786
0.17696
0.17636
0.17717
0.17644
0.17611
0.17704
0.17852
0.17749
0.17783
0.17682
0.17623
0.17701
0.17747
0.1772
0.17821
0.17783
0.17876
0.17992
0.1793
0.17849
0.1787
0.17966
0.18121
0.18149
0.18204
0.18323
0.18362
0.18393
0.18432
0.18457
0.18584
0.18655
0.1869
0.18887
0.19032
0.19082
0.19072
0.19012
0.19075
0.19232
0.19353
0.19407
0.19527
0.19477
0.19591
0.1964
0.19569
0.19561
0.19666
0.19639
0.19647
0.19699
0.19662
0.19643
0.1957
0.19513
0.19666
0.19709
0.19693
0.197
0.19673
0.19684
0.19745
0.19785
0.19861
0.19985
0.20034
0.20031
0.20118
0.20099
0.20004
0.20017
0.20123
0.20193
0.2021
0.20226
0.20326
0.20421
0.20497
0.20525
0.2059
0.20693
0.20719
0.20722
0.20658
0.20673
0.20716
0.20654
0.20703
0.20761
0.20823
0.20841
0.20708
0.20726
0.20673
0.20648
0.20616
0.20601
0.20611
0.20492
0.20467
0.20464
0.20375
0.20208
0.20222
