0.0209
0.037502
0.039308
0.032333
0.030056
0.041557
0.044768
0.030763
0.0067629
-0.0079632
-0.013244
-0.020507
-0.04893
-0.084433
-0.10865
-0.11631
-0.12983
-0.1595
-0.18339
-0.19523
-0.21104
-0.24087
-0.26587
-0.27927
-0.28729
-0.29654
-0.30666
-0.32182
-0.33861
-0.3404
-0.33494
-0.33989
-0.34595
-0.34586
-0.33484
-0.32688
-0.32026
-0.30713
-0.29151
-0.27635
-0.26085
-0.2487
-0.23451
-0.21161
-0.18098
-0.15706
-0.13712
-0.11433
-0.076565
-0.046423
-0.020927
0.0022746
0.022414
0.046792
0.073549
0.10062
0.11969
0.13666
0.16223
0.19229
0.20447
0.20831
0.21276
0.22558
0.23889
0.25035
0.25225
0.24556
0.23816
0.24242
0.24163
0.22681
0.20333
0.18995
0.18637
0.17979
0.15193
0.11498
0.089816
0.081122
0.066867
0.035956
0.0093631
-0.0078484
-0.030195
-0.065316
-0.097371
-0.11583
-0.12784
-0.14228
-0.15667
-0.17766
-0.20032
-0.20894
-0.20819
-0.2169
-0.22653
-0.2316
-0.22462
-0.21997
-0.21659
-0.20597
-0.18998
-0.17199
-0.15282
-0.1368
-0.11949
-0.093536
-0.06007
-0.030913
-0.0053397
0.023437
0.06536
0.097942
0.12809
0.15506
0.18015
0.20872
0.24094
0.27018
0.29057
0.30874
0.33687
0.36736
0.38097
0.38441
0.38855
0.40183
0.41695
0.43131
0.42933
0.41738
0.40808
0.41531
0.41814
0.40494
0.38061
0.36606
0.36276
0.3593
0.33586
0.29676
0.26846
0.25622
0.24254
0.21434
0.18385
0.16684
0.14539
0.11044
0.076829
0.060416
0.048665
0.032178
0.018453
-0.0035962
-0.027521
-0.03825
-0.035005
-0.038516
-0.046066
-0.050298
-0.044426
-0.040206
-0.037915
-0.027234
-0.01166
0.0057175
0.024417
0.039108
0.05433
0.078684
0.10891
0.13742
0.16247
0.19062
0.23038
0.26649
0.29674
0.32386
0.35196
0.38072
0.4126
0.44
0.46268
0.4788
0.50691
0.53762
0.55615
0.56065
0.56726
0.57916
0.59684
0.61031
0.61096
0.599
0.59135
0.5992
0.60511
0.5963
0.57566
0.56153
0.55792
0.55663
0.53963
0.50217
0.47457
0.4627
0.45152
0.42087
0.38342
0.36304
0.34337
0.31302
0.2825
0.26288
0.24795
0.23224
0.21668
0.20043
0.17965
0.16668
0.16908
0.17018
0.16097
0.15612
0.16057
0.16653
0.17045
0.18304
0.19727
0.21317
0.23165
0.24629
0.25842
0.28287
0.31469
0.34522
0.36911
0.39474
0.43195
0.47188
0.49934
0.52774
0.55433
0.58294
0.61232
0.64295
0.66424
0.67865
0.70036
0.72851
0.74898
0.75241
0.75925
0.76887
0.78401
0.79262
0.7944
0.7856
0.77704
0.78287
0.79126
0.78308
0.76183
0.74188
0.73795
0.7376
0.7233
0.68678
0.65135
0.63361
0.62342
0.59248
0.55593
0.53313
0.51615
0.4889
0.46029
0.4328
0.41668
0.40247
0.38569
0.37467
0.35433
0.33773
0.33576
0.3341
0.32232
0.31149
0.3097
0.31305
0.3152
0.31921
0.32846
0.33936
0.35562
0.37007
0.37836
0.39731
0.42742
0.45602
0.47819
0.50054
0.53686
0.57044
0.60224
0.62774
0.65145
0.6819
0.71368
0.74644
0.76902
0.78912
0.81075
0.84432
0.86952
0.88334
0.89114
0.90428
0.9224
0.94293
0.95356
0.95353
0.94814
0.95759
0.97048
0.97146
0.95593
0.93805
0.92932
0.92985
0.91848
0.8828
0.84429
0.82276
0.81409
0.78979
0.75377
0.73511
0.72606
0.70801
0.67938
0.65692
0.64248
0.63387
0.6313
0.62161
0.60511
0.58615
0.58561
0.58679
0.58101
0.57502
0.57828
0.5904
0.59656
0.60147
0.61526
0.6302
0.64889
0.66914
0.68381
0.69786
0.72363
0.75424
0.77681
0.79662
0.82389
0.86019
0.88855
0.90996
0.93554
0.95724
0.98019
1.0044
1.0297
1.0453
1.0624
1.0874
1.1111
1.1159
1.1192
1.1251
1.14
1.1525
1.158
1.1532
1.1421
1.1369
1.1442
1.1421
1.1238
1.0989
1.0851
1.0813
1.0742
1.0445
1.0069
0.98279
0.97673
0.96237
0.9295
0.90011
0.88382
0.86492
0.83282
0.7986
0.77681
0.76204
0.74735
0.73492
0.71254
0.68796
0.67563
0.67587
0.66949
0.66006
0.65205
0.65556
0.66031
0.66284
0.67307
0.68663
0.70126
0.71701
0.73088
0.74702
0.77111
0.80022
0.82705
0.8507
0.8784
0.91776
0.95466
0.9824
1.0072
1.0334
1.0618
1.0941
1.1225
1.145
1.1607
1.1885
1.2173
1.235
1.2379
1.2451
1.2559
1.2711
1.2797
1.2773
1.2634
1.254
1.259
1.2651
1.2552
1.2331
1.2148
1.2098
1.206
1.1863
1.146
1.1135
1.0996
1.0896
1.0592
1.0214
0.99905
0.97951
0.95054
0.9229
0.89943
0.88404
0.87006
0.85336
0.84109
0.82154
0.8093
0.81052
0.80925
0.79589
0.78768
0.78957
0.79479
0.79759
0.80511
0.81426
0.82435
0.84079
0.85368
0.86073
0.8797
0.90978
0.93857
0.96006
0.98352
1.0202
1.0553
1.0859
1.0931
1.0987
1.1241
1.1589
1.1929
1.2027
1.2175
1.2517
1.305
1.3391
1.3523
1.3653
1.4037
1.4549
1.4965
1.5112
1.5194
1.5396
1.5685
1.5887
1.6007
1.6132
1.6198
1.6218
1.627
1.6231
1.5974
1.5746
1.5705
1.5607
1.525
1.4879
1.4702
1.4568
1.4229
1.3811
1.3476
1.3131
1.2817
1.2556
1.2228
1.1884
1.1517
1.1256
1.0927
1.0586
1.0253
0.9987
0.96889
0.94161
0.91878
0.90686
0.89947
0.89171
0.88502
0.87537
0.87482
0.88587
0.89256
0.88609
0.89377
0.91791
0.95432
0.97552
0.98682
0.99991
1.0197
1.0528
1.0846
1.1053
1.1221
1.1536
1.2031
1.2442
1.2562
1.2647
1.2961
1.348
1.3852
1.399
1.4082
1.4287
1.4493
1.4749
1.4993
1.5204
1.5277
1.5318
1.5415
1.5518
1.5393
1.521
1.5183
1.5175
1.5033
1.481
1.4594
1.4433
1.4109
1.371
1.3315
1.3005
1.2688
1.2329
1.1974
1.1565
1.1142
1.0747
1.0407
1.0046
0.96502
0.92602
0.88774
0.86076
0.83146
0.8125
0.7972
0.78107
0.7651
0.74883
0.73993
0.74261
0.74022
0.73556
0.74408
0.76665
0.79884
0.8237
0.8344
0.84628
0.87262
0.91031
0.94918
0.97478
0.99714
1.0298
1.0803
1.1253
1.1504
1.16
1.1932
1.2446
1.2918
1.316
1.3364
1.3604
1.3872
1.4147
1.4487
1.4792
1.4971
1.498
1.5072
1.5245
1.5252
1.5121
1.5006
1.4935
1.4815
1.4534
1.424
1.4066
1.389
1.3611
1.3315
1.2968
1.2713
1.247
1.2214
1.2019
1.171
1.1332
1.106
1.0793
1.0473
1.0133
0.9774
0.95336
0.92959
0.90946
0.89499
0.87912
0.86523
0.85571
0.84802
0.85074
0.85334
0.85169
0.85388
0.86875
0.89317
0.91308
0.92598
0.93164
0.95294
0.98697
1.021
1.04
1.0586
1.082
1.1184
1.1574
1.1821
1.192
1.2129
1.2568
1.2978
1.3269
1.3453
1.3713
1.4
1.4192
1.4448
1.4732
1.4861
1.4828
1.4826
1.4941
1.5013
1.4859
1.4722
1.463
1.4513
1.428
1.3983
1.3778
1.3608
1.3381
1.3014
1.2555
1.2168
1.1873
1.1589
1.1314
1.0976
1.0484
1.008
0.98018
0.94972
0.91589
0.87501
0.84279
0.82159
0.79705
0.77896
0.7624
0.74975
0.73994
0.73532
0.73859
0.74129
0.74097
0.74612
0.7668
0.78796
0.81819
0.83666
0.85644
0.87814
0.9115
0.94794
0.97325
0.99043
1.0205
1.0592
1.106
1.1364
1.1513
1.167
1.2097
1.2573
1.2901
1.3079
1.3358
1.3617
1.3793
1.4028
1.4342
1.4522
1.4585
1.4583
1.4709
1.4881
1.4816
1.4638
1.452
1.4436
1.4368
1.4189
1.3921
1.3724
1.3482
1.317
1.284
1.2511
1.2247
1.1955
1.1661
1.1432
1.1023
1.0566
1.0288
1.0069
0.97363
0.92889
0.89758
0.87257
0.85274
0.83826
0.81818
0.79737
0.78174
0.77439
0.76625
0.76856
0.76876
0.77317
0.78274
0.80197
0.82884
0.84791
0.85833
0.87529
0.89774
0.93137
0.95198
0.97108
0.99088
1.0249
1.0643
1.1029
1.1202
1.1373
1.1766
1.2249
1.2632
1.2897
1.3197
1.3494
1.3575
1.3726
1.4005
1.4257
1.429
1.4231
1.422
1.4268
1.4285
1.4119
1.3936
1.3736
1.3639
1.3435
1.314
1.2914
1.269
1.2415
1.2045
1.1662
1.1322
1.0993
1.0708
1.0424
1.0062
0.95619
0.92089
0.89683
0.86885
0.83116
0.79258
0.77088
0.75149
0.72802
0.71794
0.70841
0.7014
0.69617
0.69694
0.69819
0.70112
0.71012
0.73054
0.7495
0.77558
0.80154
0.82048
0.83943
0.87111
0.90539
0.93794
0.96154
0.99299
1.0294
1.0733
1.1151
1.146
1.1615
1.1963
1.2395
1.2791
1.3005
1.3246
1.3524
1.37
1.3811
1.4079
1.4398
1.4578
1.4555
1.4572
1.469
1.477
1.4731
1.4602
1.4478
1.4393
1.4305
1.4059
1.3834
1.3628
1.3371
1.3014
1.2557
1.2213
1.1904
1.1564
1.1265
1.0863
1.0367
0.9943
0.96683
0.93701
0.89902
0.85292
0.82096
0.79821
0.7739
0.75517
0.73746
0.71931
0.70648
0.69642
0.69362
0.69021
0.68914
0.69604
0.71294
0.72903
0.75333
0.77472
0.79226
0.81667
0.85158
0.88509
0.91125
0.93616
0.96933
1.0069
1.05
1.0822
1.1051
1.1303
1.1808
1.2258
1.2587
1.2821
1.3168
1.3454
1.3591
1.3864
1.4272
1.4517
1.4612
1.4611
1.4713
1.49
1.4905
1.4773
1.4581
1.4422
1.434
1.4178
1.3909
1.3685
1.3468
1.317
1.2837
1.2515
1.2301
1.2035
1.178
1.1616
1.1242
1.0826
1.0573
1.0371
1.0051
0.9639
0.93358
0.91312
0.89327
0.88059
0.86621
0.85307
0.84138
0.83753
0.83236
0.83453
0.83858
0.8454
0.85526
0.86915
0.89395
0.9126
0.92661
0.94084
0.96277
0.99376
1.0146
1.0354
1.0595
1.0909
1.1229
1.1593
1.1784
1.1954
1.2321
1.2756
1.3089
1.3371
1.3726
1.4064
1.4158
1.4303
1.4611
1.4924
1.502
1.5009
1.5048
1.5118
1.5162
1.5046
1.4928
1.4737
1.4592
1.4392
1.4168
1.4012
1.3683
1.3258
1.2932
1.2657
1.2331
1.1857
1.1391
1.1062
1.0737
1.0351
0.98701
0.94535
0.90665
0.87611
0.8472
0.81816
0.79192
0.77277
0.76021
0.74994
0.74751
0.74594
0.75766
0.77084
0.77524
0.78951
0.82321
0.86594
0.90003
0.93289
0.96724
1.0025
1.0453
1.0942
1.1387
1.1742
1.21
1.2626
1.3203
1.3544
1.3892
1.421
1.4641
1.5143
1.5417
1.5492
1.5548
1.5728
1.574
1.5543
1.5325
1.5158
1.4963
1.4628
1.3952
1.3186
1.2446
1.1813
1.1084
1.0438
0.97056
0.91175
0.86619
0.84221
0.79262
0.7563
0.75722
0.74831
0.73229
0.77831
0.814
0.85355
0.92944
1.0284
1.0913
1.1702
1.2796
1.3907
1.4927
1.6002
1.7085
1.808
1.9016
1.9829
2.0536
2.0946
2.1072
2.1083
2.0815
2.0179
1.921
1.8228
1.6978
1.5431
1.3601
1.1646
0.94565
0.73701
0.53906
0.34181
0.13921
-0.015404
-0.13573
-0.23113
-0.29058
-0.32794
-0.30011
-0.23075
-0.10317
0.081412
0.2961
0.57212
0.86939
1.1903
1.5134
1.9042
2.291
2.6503
2.9539
3.2305
3.4532
3.6181
3.7408
3.7807
3.7415
3.6429
3.4994
3.2847
3.0221
2.7027
2.3474
1.9844
1.6192
1.2666
0.95477
0.68046
0.46451
0.31169
0.21115
0.17526
0.2212
0.3556
0.54118
0.77888
1.0805
1.4474
1.7998
2.1525
2.4861
2.7915
3.0739
3.339
3.5454
3.6628
3.7224
3.7439
3.6961
3.6116
3.4805
3.327
3.169
2.9989
2.824
2.6303
2.4406
2.267
2.1327
2.0351
1.9303
1.8212
1.7121
1.6242
1.5714
1.5301
1.4871
1.5101
1.5533
1.6062
1.707
1.8499
2.0683
2.3492
2.644
2.9659
3.3106
3.6395
3.9835
4.3262
4.6018
4.7924
4.925
4.9853
4.9832
4.9171
4.7888
4.6018
4.3772
4.1256
3.8702
3.6436
3.4284
3.2394
3.0556
2.8881
2.7609
2.6629
2.59
2.5128
2.4339
2.3717
2.3376
2.3276
2.3449
2.3798
2.4421
2.5394
2.6898
2.8895
3.1382
3.4034
3.6766
3.9516
4.2035
4.4139
4.5722
4.6718
4.7074
4.679
4.5922
4.4594
4.3184
4.1684
4.019
3.8856
3.7895
3.7125
3.6391
3.5819
3.5169
3.4469
3.3833
3.3007
3.1986
3.1258
3.0868
3.0659
3.0599
3.0776
3.1805
3.3858
3.622
3.875
4.1433
4.4122
4.6873
4.9478
5.1118
5.1909
5.2368
5.2432
5.1968
5.1092
5.0129
4.9471
4.9246
4.8935
4.8121
4.7307
4.6828
4.6255
4.5122
4.3319
4.1445
3.9831
3.8294
3.6518
3.4835
3.3789
3.3686
3.4042
3.4322
3.4879
3.5868
3.7143
3.8298
3.8859
3.9369
4.0282
4.1185
4.1649
4.2053
4.3286
4.4845
4.6245
4.7284
4.8467
4.9737
5.05
5.009
4.9005
4.8213
4.7617
4.6535
4.4892
4.3819
4.3682
4.3495
4.3062
4.2673
4.2836
4.3033
4.2821
4.2017
4.1457
4.169
4.2082
4.22
4.2536
4.3905
4.5299
4.6544
4.7568
4.8776
4.9813
5.0206
4.9992
4.9912
5.0243
5.0466
5.01
5.0043
5.086
5.0918
5.0396
4.9895
4.9254
4.8019
4.6152
4.4169
4.2901
4.1957
4.0787
3.9984
4.0124
4.0675
4.0543
4.0139
4.032
4.0151
3.9233
3.8298
3.7979
3.841
3.8613
3.9302
4.1053
4.3282
4.4529
4.5212
4.6404
4.7071
4.6424
4.502
4.4058
4.4071
4.3812
4.3514
4.4094
4.5277
4.5883
4.5568
4.5234
4.4842
4.367
4.1713
4.0475
4.0229
4.0224
4.0355
4.1381
4.3119
4.3874
4.3806
4.4171
4.52
4.5
4.4097
4.3777
4.4271
4.4532
4.5043
4.64
4.7947
4.9026
4.9513
4.9828
4.9579
4.8349
4.659
4.5734
4.5012
4.422
4.3719
4.3742
4.3511
4.2578
4.1425
4.0788
3.9885
3.8408
3.6581
3.5297
3.4599
3.4632
3.5052
3.5726
3.6061
3.582
3.5637
3.6181
3.6779
3.6899
3.7124
3.7425
3.8048
3.9482
4.0914
4.1938
4.249
4.2651
4.2702
4.2533
4.2631
4.2768
4.2786
4.2463
4.2646
4.3057
4.3213
4.3063
4.2001
4.0501
3.9018
3.8028
3.7307
3.6924
3.6392
3.6383
3.6861
3.731
3.7594
3.6983
3.6175
3.5811
3.6058
3.6053
3.603
3.6471
3.7906
3.9049
3.9794
4.0065
3.963
3.9103
3.8965
3.8484
3.7856
3.7255
3.7347
3.7861
3.7979
3.7579
3.6472
3.5198
3.411
3.2913
3.1298
2.9891
2.9287
2.9554
2.9406
2.9152
2.8855
2.8661
2.8547
2.7869
2.6783
2.6031
2.6297
2.7196
2.7883
2.8834
2.9718
3.0985
3.2209
3.2194
3.1573
3.195
3.268
3.2914
3.3085
3.4249
3.5323
3.5897
3.6089
3.5617
3.5099
3.477
3.4162
3.321
3.2519
3.2781
3.3015
3.2711
3.1938
3.1248
3.0989
3.0125
2.875
2.7756
2.7511
2.748
2.7008
2.7095
2.7282
2.7535
2.6897
2.5645
2.4926
2.4922
2.4583
2.3891
2.3827
2.4688
2.4879
2.4377
2.3399
2.2994
2.2508
2.1269
2.0123
1.9633
1.9713
1.9423
1.9206
1.9005
1.8876
1.7999
1.6646
1.5651
1.5849
1.6159
1.6075
1.6518
1.8372
1.9606
2.009
2.0344
2.1214
2.1842
2.1667
2.1877
2.2834
2.3697
2.4168
2.4934
2.5357
2.5682
2.4942
2.3131
2.2217
2.1661
2.0416
1.8808
1.8542
1.8009
1.6447
1.4407
1.2776
1.0828
0.81683
0.55204
0.41317
0.3302
0.21935
0.1442
0.16212
0.15857
0.10613
0.087462
0.12876
0.22499
0.29279
0.4083
0.63159
0.89426
1.1161
1.3121
1.5164
1.6747
1.7587
1.786
1.9185
2.0277
2.0358
2.0673
2.1387
2.1005
1.9206
1.6702
1.3952
1.0593
0.65688
0.30192
0.014771
-0.34448
-0.72644
-1.0167
-1.2917
-1.6191
-1.8966
-2.1096
-2.2149
-2.2801
-2.2546
-2.0833
-1.852
-1.6125
-1.3648
-1.0313
-0.72342
-0.47093
-0.20343
0.15796
0.4525
0.67016
0.92513
1.1367
1.1901
1.1225
1.0243
0.80053
0.43547
0.037551
-0.30977
-0.69876
-1.0984
-1.4488
-1.775
-2.1499
-2.5683
-2.8909
-3.1276
-3.3254
-3.4743
-3.4803
-3.3719
-3.2881
-3.1356
-2.9612
-2.7997
-2.7094
-2.6353
-2.4323
-2.2505
-2.0945
-1.8817
-1.6505
-1.4986
-1.4324
-1.3092
-1.2043
-1.2003
-1.2584
-1.2025
-1.1962
-1.2518
-1.2494
-1.2672
-1.4044
-1.6838
-1.9823
-2.3359
-2.7892
-3.2326
-3.5462
-3.8626
-4.1925
-4.4038
-4.5561
-4.735
-4.8873
-4.8957
-4.8326
-4.7693
-4.6047
-4.3192
-4.0156
-3.7711
-3.5145
-3.2795
-3.14
-3.0466
-2.9658
-2.8546
-2.8142
-2.78
-2.6731
-2.5696
-2.5399
-2.5783
-2.6195
-2.7935
-2.996
-3.1496
-3.2765
-3.472
-3.723
-3.9268
-4.2035
-4.5545
-4.9064
-5.1978
-5.527
-5.8371
-5.9267
-5.9033
-5.8883
-5.7726
-5.5473
-5.3919
-5.313
-5.2193
-5.1527
-5.1647
-5.135
-4.9699
-4.8262
-4.7219
-4.5688
-4.4317
-4.3741
-4.3667
-4.3066
-4.2469
-4.2761
-4.2687
-4.1923
-4.2289
-4.4292
-4.6322
-4.8655
-5.2191
-5.5723
-5.9024
-6.1592
-6.3454
-6.3884
-6.3508
-6.3336
-6.2901
-6.2359
-6.1875
-6.2743
-6.394
-6.3827
-6.3376
-6.2929
-6.2083
-6.0829
-5.9849
-5.9088
-5.7959
-5.7446
-5.733
-5.655
-5.4846
-5.3878
-5.3933
-5.3522
-5.3521
-5.4791
-5.682
-5.8689
-6.0822
-6.2926
-6.3516
-6.3951
-6.5097
-6.5155
-6.4711
-6.583
-6.8633
-7.1292
-7.3205
-7.5585
-7.7461
-7.7625
-7.6856
-7.5425
-7.3654
-7.2365
-7.2007
-7.1566
-7.0685
-7.0491
-7.101
-7.0448
-6.9074
-6.8549
-6.8337
-6.7698
-6.6903
-6.7252
-6.7826
-6.819
-6.8427
-6.8993
-6.9711
-7.0286
-7.1329
-7.2173
-7.3374
-7.5001
-7.6511
-7.7381
-7.7509
-7.8562
-7.9103
-7.8281
-7.8099
-7.9128
-8.0006
-8.018
-8.1174
-8.2035
-8.1353
-7.9925
-7.8249
-7.6929
-7.563
-7.4497
-7.467
-7.5348
-7.6454
-7.7502
-7.8313
-7.8726
-7.8638
-7.7988
-7.6364
-7.5688
-7.6643
-7.765
-7.8613
-8.114
-8.4808
-8.6167
-8.6421
-8.7585
-8.7538
-8.591
-8.4239
-8.4022
-8.4594
-8.4677
-8.561
-8.7056
-8.7776
-8.7955
-8.7224
-8.5982
-8.5009
-8.4458
-8.3378
-8.2406
-8.2625
-8.3478
-8.3484
-8.3729
-8.4989
-8.5317
-8.4892
-8.5449
-8.7371
-8.7363
-8.6738
-8.7317
-8.8213
-8.799
-8.8055
-8.9392
-9.0786
-9.1839
-9.3163
-9.4425
-9.5022
-9.4265
-9.3215
-9.2383
-9.1317
-9.0693
-9.0273
-9.0511
-9.0757
-9.1229
-9.1421
-9.1251
-9.1094
-8.9928
-8.779
-8.6302
-8.5634
-8.6209
-8.7051
-8.897
-9.0687
-9.1001
-9.1068
-9.1727
-9.2235
-9.1737
-9.1939
-9.2846
-9.3794
-9.5462
-9.7942
-10.028
-10.064
-10.044
-10.056
-9.946
-9.8931
-9.9106
-9.9488
-9.9284
-10.035
-10.208
-10.196
-10.114
-10.01
-9.8168
-9.5607
-9.4483
-9.4408
-9.4709
-9.5005
-9.6444
-9.7714
-9.7765
-9.7835
-9.7343
-9.5779
-9.5302
-9.6735
-9.8139
-9.8865
-10.017
-10.287
-10.412
-10.462
-10.516
-10.453
-10.383
-10.463
-10.563
-10.554
-10.553
-10.676
-10.764
-10.734
-10.679
-10.577
-10.42
-10.335
-10.323
-10.223
-10.121
-10.074
-10.133
-10.089
-10.003
-9.9679
-9.8978
-9.864
-9.8403
-9.8352
-9.8414
-9.8456
-9.9557
-10.008
-10.019
-10.061
-10.141
-10.258
-10.279
-10.335
-10.459
-10.513
-10.55
-10.565
-10.61
-10.628
-10.661
-10.716
-10.682
-10.7
-10.771
-10.755
-10.632
-10.545
-10.559
-10.469
-10.409
-10.405
-10.397
-10.392
-10.411
-10.413
-10.288
-10.249
-10.293
-10.19
-10.149
-10.222
-10.368
-10.364
-10.374
-10.496
-10.563
-10.525
-10.498
-10.512
-10.531
-10.598
-10.698
-10.713
-10.781
-10.882
-10.876
-10.764
-10.688
-10.721
-10.622
-10.56
-10.611
-10.703
-10.631
-10.519
-10.501
-10.473
-10.378
-10.309
-10.297
-10.324
-10.378
-10.457
-10.425
-10.431
-10.493
-10.426
-10.327
-10.309
-10.368
-10.321
-10.352
-10.48
-10.593
-10.535
-10.417
-10.433
-10.43
-10.303
-10.228
-10.293
-10.318
-10.311
-10.377
-10.417
-10.351
-10.265
-10.142
-10.026
-9.958
-9.9607
-9.9632
-9.994
-10.137
-10.208
-10.181
-10.156
-10.167
-10.087
-9.9587
-10.012
-10.124
-10.139
-10.181
-10.322
-10.398
-10.253
-10.103
-10.117
-10.02
-9.9023
-9.9431
-10.095
-10.09
-10.124
-10.195
-10.093
-9.9559
-9.8354
-9.7235
-9.6257
-9.6597
-9.7329
-9.7844
-9.8771
-9.9599
-9.9239
-9.805
-9.7763
-9.7221
-9.5936
-9.6478
-9.8081
-9.8908
-9.8922
-10.003
-10.075
-9.9392
-9.7788
-9.8058
-9.7434
-9.6349
-9.7466
-9.9406
-9.9385
-9.8982
-9.9801
-9.9075
-9.6727
-9.5252
-9.5081
-9.4232
-9.4098
-9.5455
-9.6182
-9.5894
-9.5376
-9.5277
-9.4596
-9.3317
-9.2589
-9.2201
-9.2713
-9.3528
-9.4703
-9.538
-9.539
-9.4983
-9.3798
-9.2932
-9.2529
-9.2276
-9.2724
-9.3859
-9.5504
-9.5844
-9.5815
-9.6092
-9.5444
-9.3358
-9.2475
-9.2678
-9.2285
-9.2474
-9.4318
-9.5417
-9.4709
-9.407
-9.3207
-9.143
-8.9263
-8.9114
-8.9465
-8.9568
-9.0474
-9.2227
-9.2815
-9.1216
-9.0677
-9.0829
-8.925
-8.8212
-8.9306
-9.0918
-9.0961
-9.2662
-9.4639
-9.3949
-9.2733
-9.2261
-9.1894
-9.0324
-9.0438
-9.2121
-9.285
-9.3388
-9.4352
-9.4675
-9.2859
-9.1124
-9.0382
-8.9224
-8.8757
-8.9329
-9.0807
-9.0988
-9.1033
-9.1481
-9.0872
-8.9009
-8.7579
-8.7053
-8.6589
-8.6623
-8.8034
-8.9123
-8.9367
-8.9404
-8.8607
-8.6985
-8.5541
-8.4768
-8.4357
-8.4824
-8.5987
-8.7056
-8.7401
-8.7103
-8.6184
-8.5325
-8.4505
-8.3571
-8.2727
-8.325
-8.4279
-8.5115
-8.5684
-8.5554
-8.5109
-8.437
-8.2895
-8.239
-8.2113
-8.2355
-8.3252
-8.487
-8.5871
-8.5659
-8.5655
-8.4481
-8.2447
-8.1298
-8.1165
-8.1148
-8.1646
-8.343
-8.4818
-8.4625
-8.4019
-8.3077
-8.1609
-7.9593
-7.951
-7.9925
-8.0282
-8.1325
-8.2948
-8.3624
-8.222
-8.1328
-8.0478
-7.7783
-7.6845
-7.7723
-7.8392
-7.8739
-8.0414
-8.1957
-8.0643
-7.8856
-7.806
-7.617
-7.4125
-7.4681
-7.5938
-7.661
-7.7802
-7.9409
-7.901
-7.7095
-7.6259
-7.5852
-7.376
-7.3392
-7.4935
-7.6165
-7.6452
-7.714
-7.7927
-7.658
-7.5344
-7.5033
-7.3804
-7.2926
-7.4011
-7.5686
-7.5798
-7.5923
-7.6741
-7.6085
-7.4045
-7.2628
-7.2127
-7.0997
-7.092
-7.227
-7.2877
-7.3124
-7.2875
-7.2741
-7.0937
-6.8969
-6.8748
-6.8117
-6.7968
-6.8701
-7.0112
-7.1125
-7.0414
-7.0577
-7.0077
-6.8174
-6.6871
-6.6485
-6.6489
-6.6361
-6.8202
-6.9787
-6.9439
-6.901
-6.8811
-6.7112
-6.4687
-6.4284
-6.4942
-6.4863
-6.5988
-6.7869
-6.8632
-6.7703
-6.6766
-6.584
-6.3112
-6.1878
-6.2446
-6.2756
-6.2967
-6.4674
-6.6414
-6.5144
-6.3578
-6.3372
-6.1627
-5.996
-6.0094
-6.1279
-6.1677
-6.2913
-6.4846
-6.4507
-6.2862
-6.2764
-6.2034
-6.0159
-5.9585
-6.0872
-6.2053
-6.2765
-6.4248
-6.4977
-6.3696
-6.2679
-6.19
-6.0485
-5.953
-6.0444
-6.2084
-6.2396
-6.2775
-6.3563
-6.2932
-6.0971
-5.9695
-5.8631
-5.7534
-5.7485
-5.8883
-5.9365
-5.9391
-5.9483
-5.9186
-5.7144
-5.5346
-5.4459
-5.373
-5.3446
-5.4155
-5.5266
-5.5592
-5.5103
-5.4971
-5.4033
-5.2169
-5.0611
-5.0329
-5.0394
-5.0175
-5.1972
-5.3494
-5.3056
-5.2726
-5.23
-5.0362
-4.8274
-4.7841
-4.8652
-4.8392
-4.98
-5.1966
-5.1761
-5.0982
-5.0234
-4.8774
-4.6578
-4.5214
-4.6047
-4.6292
-4.6778
-4.8795
-4.9501
-4.8227
-4.6923
-4.6249
-4.4466
-4.2829
-4.3347
-4.4502
-4.4426
-4.5574
-4.7362
-4.6486
-4.4788
-4.4796
-4.3498
-4.162
-4.1239
-4.2635
-4.314
-4.3725
-4.5567
-4.5629
-4.3852
-4.3365
-4.2364
-4.1101
-4.0317
-4.1436
-4.2953
-4.339
-4.4767
-4.5655
-4.4671
-4.3465
-4.2316
-4.1511
-4.0532
-4.0885
-4.2808
-4.3467
-4.3779
-4.4489
-4.4143
-4.2122
-4.0571
-3.9896
-3.9163
-3.873
-4.0049
-4.0835
-4.0859
-4.084
-4.0852
-3.9216
-3.7311
-3.642
-3.6204
-3.5929
-3.6199
-3.7786
-3.8781
-3.8134
-3.8058
-3.7647
-3.5705
-3.4032
-3.4187
-3.4812
-3.4351
-3.6329
-3.8552
-3.8091
-3.74
-3.7557
-3.5944
-3.3662
-3.3099
-3.4184
-3.398
-3.4981
-3.7427
-3.7606
-3.6229
-3.5683
-3.4826
-3.2565
-3.1084
-3.1979
-3.3023
-3.2909
-3.4417
-3.5943
-3.4901
-3.3354
-3.3295
-3.178
-2.955
-2.9561
-3.1131
-3.1127
-3.1706
-3.3998
-3.3996
-3.1957
-3.1726
-3.1062
-2.9163
-2.8507
-2.9841
-3.1051
-3.1391
-3.2982
-3.4072
-3.2656
-3.1515
-3.1104
-3.0214
-2.9022
-2.9343
-3.131
-3.1986
-3.2148
-3.3383
-3.3446
-3.1369
-3.0257
-2.9999
-2.9186
-2.8785
-3.0799
-3.2107
-3.2061
-3.2601
-3.3574
-3.1848
-2.989
-2.9612
-2.9341
-2.9061
-2.9786
-3.1782
-3.2897
-3.2671
-3.311
-3.2707
-3.0462
-2.9104
-2.9391
-2.9952
-2.9647
-3.192
-3.4224
-3.366
-3.2922
-3.3418
-3.1608
-2.9167
-2.9214
-3.0228
-3.0065
-3.1165
-3.368
-3.4085
-3.2788
-3.2792
-3.2116
-2.959
-2.8886
-3.0017
-3.1033
-3.1079
-3.3147
-3.4903
-3.403
-3.2823
-3.3088
-3.1602
-2.9567
-2.9949
-3.1552
-3.1867
-3.3219
-3.56
-3.5918
-3.4168
-3.4024
-3.3624
-3.1398
-3.1125
-3.2707
-3.3895
-3.4299
-3.5716
-3.6635
-3.5284
-3.4269
-3.4
-3.2627
-3.175
-3.2266
-3.3896
-3.4093
-3.4526
-3.535
-3.4982
-3.3399
-3.2522
-3.2329
-3.1454
-3.1257
-3.2759
-3.3833
-3.43
-3.4528
-3.5152
-3.3749
-3.2019
-3.1979
-3.1363
-3.124
-3.2052
-3.4279
-3.5701
-3.5633
-3.6077
-3.5489
-3.3481
-3.2574
-3.2615
-3.3091
-3.3375
-3.5486
-3.7137
-3.7092
-3.6514
-3.6388
-3.4695
-3.2306
-3.2616
-3.3436
-3.3671
-3.4545
-3.631
-3.7194
-3.5774
-3.5375
-3.4384
-3.1664
-3.1261
-3.1895
-3.2517
-3.294
-3.4699
-3.6002
-3.5412
-3.4606
-3.4126
-3.2426
-3.0734
-3.1104
-3.2299
-3.3187
-3.4761
-3.5865
-3.6127
-3.5167
-3.4661
-3.3904
-3.1976
-3.1929
-3.3123
-3.427
-3.5232
-3.6199
-3.6901
-3.6188
-3.5277
-3.4685
-3.3475
-3.3129
-3.3809
-3.4993
-3.5673
-3.6665
-3.7018
-3.6757
-3.5999
-3.5139
-3.468
-3.4076
-3.4311
-3.5165
-3.6423
-3.8179
-3.8237
-3.803
-3.7394
-3.5972
-3.5507
-3.4858
-3.5069
-3.586
-3.7551
-3.9179
-3.9498
-3.937
-3.8504
-3.7259
-3.6126
-3.5787
-3.6229
-3.7102
-3.839
-3.9597
-4.0644
-4.0434
-3.9354
-3.8329
-3.6822
-3.627
-3.6632
-3.7563
-3.862
-3.9626
-4.09
-4.0796
-4.006
-3.8927
-3.7377
-3.6808
-3.7047
-3.7764
-3.9508
-4.0683
-4.1402
-4.1656
-4.1376
-3.99
-3.8379
-3.7809
-3.7853
-3.8196
-3.9884
-4.1443
-4.1565
-4.1856
-4.1816
-4.0549
-3.8984
-3.843
-3.8631
-3.8923
-4.0105
-4.1901
-4.2392
-4.2044
-4.1825
-4.1254
-3.9939
-3.8926
-3.8913
-3.9294
-3.9533
-4.1588
-4.3101
-4.2355
-4.1827
-4.2056
-4.0761
-3.9228
-3.9191
-4.0243
-4.0404
-4.199
-4.4113
-4.4126
-4.3145
-4.303
-4.2565
-4.1247
-4.076
-4.1944
-4.3068
-4.3349
-4.5299
-4.6724
-4.5972
-4.5008
-4.471
-4.3969
-4.2687
-4.3333
-4.5293
-4.5627
-4.6873
-4.8436
-4.8468
-4.6851
-4.5753
-4.5499
-4.408
-4.3647
-4.5242
-4.6688
-4.7029
-4.7649
-4.8639
-4.7519
-4.5593
-4.4916
-4.4389
-4.3573
-4.3965
-4.6462
-4.696
-4.6737
-4.7531
-4.7406
-4.5488
-4.3819
-4.4305
-4.4107
-4.3627
-4.5915
-4.7579
-4.7382
-4.6902
-4.7471
-4.635
-4.3899
-4.385
-4.4468
-4.4085
-4.4786
-4.7214
-4.797
-4.6958
-4.6855
-4.6457
-4.4053
-4.2589
-4.3271
-4.3574
-4.3323
-4.5527
-4.7386
-4.6644
-4.5541
-4.5553
-4.4667
-4.2597
-4.2612
-4.3796
-4.4101
-4.5023
-4.699
-4.7954
-4.6369
-4.5984
-4.6329
-4.4713
-4.3834
-4.5104
-4.6657
-4.6986
-4.8348
-5.003
-4.9222
-4.8254
-4.8222
-4.777
-4.6264
-4.6774
-4.85
-4.9176
-4.9795
-5.0952
-5.1638
-5.0102
-4.8553
-4.8587
-4.7267
-4.6722
-4.798
-4.9523
-5.0035
-4.9842
-5.114
-4.9941
-4.7745
-4.7802
-4.7618
-4.6808
-4.727
-4.9142
-5.02
-4.944
-4.9811
-4.9733
-4.788
-4.6611
-4.6739
-4.6594
-4.6267
-4.7686
-4.9482
-4.9552
-4.8723
-4.9439
-4.8915
-4.6345
-4.5918
-4.6673
-4.6468
-4.7042
-4.9282
-5.0885
-5.002
-5.0178
-5.0075
-4.7813
-4.6474
-4.7291
-4.7747
-4.8455
-5.0055
-5.2263
-5.2583
-5.123
-5.0701
-4.9906
-4.808
-4.7826
-4.8537
-4.9846
-5.0442
-5.1733
-5.2919
-5.1454
-5.0413
-4.9771
-4.842
-4.7113
-4.7079
-4.7771
-4.9182
-4.9588
-5.0145
-5.0184
-5.0024
-4.9238
-4.8371
-4.8049
-4.8483
-4.8848
-4.97
-5.1166
-5.2019
-5.1647
-5.1449
-5.1176
-5.0561
-4.9071
-4.9137
-5.0452
-5.1333
-5.1377
-5.18
-5.3385
-5.2476
-5.0505
-5.0522
-5.036
-4.9497
-4.9656
-5.0129
-5.1173
-5.1197
-5.1633
-5.082
-4.9744
-4.9879
-4.9849
-4.8843
-4.8643
-4.9854
-5.092
-5.0589
-5.0365
-5.1073
-5.1514
-5.1025
-5.1219
-5.1382
-5.0764
-5.1604
-5.2888
-5.3246
-5.236
-5.2996
-5.3513
-5.2683
-5.2261
-5.2885
-5.2641
-5.2918
-5.3663
-5.4023
-5.3182
-5.2423
-5.2444
-5.2365
-5.2351
-5.3016
-5.3157
-5.321
-5.3814
-5.4141
-5.3815
-5.2895
-5.2352
-5.2173
-5.185
-5.2742
-5.432
-5.5175
-5.5552
-5.536
-5.4809
-5.3313
-5.2994
-5.3339
-5.3006
-5.2514
-5.3355
-5.4654
-5.5212
-5.5818
-5.616
-5.5261
-5.3606
-5.1978
-5.1252
-5.052
-5.0658
-5.231
-5.3768
-5.4433
-5.4394
-5.4594
-5.2602
-4.9674
-4.8793
-4.8436
-4.7826
-4.8593
-5.0255
-5.1864
-5.2042
-5.2454
-5.2322
-5.1011
-4.9597
-4.8607
-4.7855
-4.7609
-4.8695
-4.9232
-4.9655
-5.0495
-5.1444
-5.1089
-5.0152
-5.0323
-5.0087
-4.8335
-4.8237
-4.8822
-4.823
-4.7311
-4.7757
-4.8405
-4.7881
-4.7724
-4.9159
-4.9666
-4.9169
-4.9304
-4.8789
-4.7815
-4.6462
-4.5588
-4.5317
-4.5293
-4.6303
-4.7481
-4.8114
-4.909
-4.9188
-4.8027
-4.5936
-4.5184
-4.4716
-4.3307
-4.2598
-4.3907
-4.5416
-4.6556
-4.7496
-4.7963
-4.7434
-4.6174
-4.4658
-4.3884
-4.2612
-4.193
-4.2224
-4.2329
-4.3276
-4.4141
-4.4846
-4.3974
-4.2489
-4.2231
-4.129
-3.9706
-3.9866
-3.995
-3.9399
-3.8465
-3.8634
-3.8284
-3.7591
-3.8162
-3.906
-3.9142
-3.9777
-4.1091
-4.1129
-4.0558
-3.9973
-4.0091
-3.9251
-3.8225
-3.931
-4.0557
-4.1046
-4.252
-4.3278
-4.3253
-4.244
-4.2214
-4.1083
-3.9132
-3.8634
-3.9253
-3.8993
-3.9283
-4.0819
-4.1775
-4.1331
-4.0612
-4.0255
-3.9527
-3.83
-3.8261
-3.8167
-3.7992
-3.8806
-3.8923
-3.8233
-3.7018
-3.7011
-3.7227
-3.6242
-3.6068
-3.724
-3.8144
-3.8748
-3.9699
-4.0002
-3.9314
-3.8481
-3.778
-3.6423
-3.5028
-3.5056
-3.6134
-3.6433
-3.719
-3.8584
-3.9924
-3.996
-3.8785
-3.8805
-3.7952
-3.7156
-3.7429
-3.6933
-3.6377
-3.5536
-3.5452
-3.4216
-3.2796
-3.3409
-3.5047
-3.6294
-3.7441
-3.891
-3.8406
-3.7147
-3.6735
-3.5829
-3.3356
-3.1889
-3.2153
-3.2118
-3.2295
-3.3992
-3.5497
-3.6902
-3.7684
-3.8438
-3.7586
-3.5882
-3.5634
-3.5994
-3.4849
-3.4685
-3.5409
-3.4839
-3.4123
-3.3904
-3.4517
-3.4669
-3.4326
-3.5228
-3.6347
-3.7212
-3.7914
-3.8597
-3.8031
-3.5764
-3.4726
-3.4375
-3.2113
-3.1423
-3.1779
-3.222
-3.2903
-3.4474
-3.5541
-3.5045
-3.4797
-3.4867
-3.5004
-3.3996
-3.4308
-3.4829
-3.3876
-3.3908
-3.3551
-3.3112
-3.1864
-3.1305
-3.2037
-3.2585
-3.303
-3.4784
-3.6206
-3.7235
-3.7329
-3.7756
-3.6673
-3.4321
-3.3584
-3.3046
-3.2313
-3.2296
-3.3316
-3.3643
-3.3537
-3.3453
-3.4103
-3.326
-3.2761
-3.4057
-3.4775
-3.4057
-3.4546
-3.5119
-3.4158
-3.2405
-3.1651
-3.0105
-2.8041
-2.7881
-2.8673
-2.9217
-2.9822
-3.1605
-3.2679
-3.2505
-3.2703
-3.3429
-3.2748
-3.1468
-3.1655
-3.2282
-3.2079
-3.2063
-3.2481
-3.198
-3.0531
-3.0554
-3.0952
-3.0218
-3.0894
-3.2378
-3.3424
-3.4098
-3.5376
-3.5889
-3.4726
-3.3438
-3.3077
-3.2374
-3.0963
-3.0305
-3.0551
-3.0178
-2.9821
-3.0135
-3.0153
-2.9381
-2.9191
-3.034
-3.068
-3.1213
-3.3144
-3.4544
-3.4358
-3.4057
-3.4178
-3.2856
-3.0753
-2.9846
-2.9542
-2.9173
-2.9504
-3.0949
-3.1619
-3.1879
-3.2284
-3.3179
-3.2856
-3.2422
-3.3939
-3.4599
-3.4321
-3.4908
-3.5415
-3.4342
-3.2717
-3.2185
-3.0624
-2.8089
-2.8034
-2.8768
-2.8963
-2.9393
-3.1311
-3.2191
-3.2061
-3.2603
-3.3106
-3.2597
-3.1475
-3.2037
-3.2227
-3.1808
-3.2074
-3.1843
-3.0794
-2.9064
-2.8787
-2.8344
-2.717
-2.7816
-2.9356
-3.0348
-3.1391
-3.2808
-3.4115
-3.3881
-3.3816
-3.4154
-3.3647
-3.2904
-3.3056
-3.3199
-3.2377
-3.155
-3.1206
-3.033
-2.8834
-2.812
-2.8773
-2.8535
-2.9075
-3.1328
-3.3005
-3.3665
-3.4695
-3.5911
-3.5069
-3.3817
-3.3838
-3.3283
-3.2224
-3.2275
-3.2666
-3.1712
-3.0721
-3.0342
-2.9431
-2.7997
-2.7281
-2.8165
-2.9209
-2.9972
-3.1796
-3.3883
-3.4342
-3.4027
-3.4686
-3.4164
-3.2394
-3.2378
-3.2421
-3.2136
-3.1781
-3.1748
-3.1879
-3.1015
-2.9309
-2.9441
-2.9426
-2.8388
-2.9203
-3.1195
-3.2075
-3.3009
-3.431
-3.5358
-3.5502
-3.4382
-3.3591
-3.3275
-3.2378
-3.1431
-3.1455
-3.1724
-3.0703
-2.9624
-2.8917
-2.8747
-2.7918
-2.6995
-2.7317
-2.8152
-2.9489
-3.0721
-3.2028
-3.3612
-3.4664
-3.4104
-3.3682
-3.3515
-3.3608
-3.2689
-3.1333
-3.0942
-3.0865
-3.0354
-2.9551
-2.8528
-2.809
-2.7898
-2.7762
-2.6996
-2.6351
-2.7498
-2.8879
-2.9969
-3.1138
-3.1573
-3.1665
-3.2087
-3.1568
-3.0577
-2.9473
-2.9005
-2.8613
-2.7993
-2.7297
-2.653
-2.5999
-2.5861
-2.5745
-2.5328
-2.4557
-2.4104
-2.4574
-2.533
-2.661
-2.7939
-2.8946
-2.973
-3.0076
-3.0639
-3.0559
-2.9513
-2.7928
-2.6542
-2.5252
-2.436
-2.3839
-2.3527
-2.3361
-2.3142
-2.2582
-2.219
-2.2211
-2.2481
-2.2896
-2.3308
-2.4058
-2.5152
-2.6633
-2.8176
-2.9377
-3.0642
-3.0861
-3.0448
-2.9581
-2.8057
-2.689
-2.5687
-2.457
-2.4519
-2.4954
-2.51
-2.5388
-2.5672
-2.5585
-2.5315
-2.412
-2.4421
-2.5068
-2.558
-2.6687
-2.8554
-3.0666
-3.1695
-3.1962
-3.2086
-3.1861
-3.0565
-2.8437
-2.6617
-2.488
-2.3384
-2.2309
-2.2295
-2.3004
-2.3654
-2.3952
-2.452
-2.5059
-2.4423
-2.3971
-2.3967
-2.4483
-2.4766
-2.5254
-2.6696
-2.8125
-2.9316
-2.98
-3.0097
-3.0452
-2.968
-2.8087
-2.6386
-2.4654
-2.3165
-2.2121
-2.1921
-2.2559
-2.3198
-2.364
-2.4582
-2.5687
-2.6703
-2.7083
-2.7274
-2.7514
-2.809
-2.8915
-2.9651
-3.0865
-3.2199
-3.3038
-3.3387
-3.3804
-3.39
-3.3187
-3.1456
-2.94
-2.7814
-2.6514
-2.5914
-2.5689
-2.5888
-2.6827
-2.7784
-2.8927
-3.0448
-3.1902
-3.2966
-3.3412
-3.3817
-3.4025
-3.4498
-3.4807
-3.5015
-3.5074
-3.5235
-3.5051
-3.4759
-3.3942
-3.2761
-3.1432
-2.9756
-2.7794
-2.627
-2.5104
-2.4841
-2.458
-2.4761
-2.5493
-2.6932
-2.8215
-2.9364
-3.0544
-3.1969
-3.2939
-3.3682
-3.3909
-3.4407
-3.4657
-3.4782
-3.4488
-3.442
-3.4115
-3.3805
-3.2868
-3.1805
-3.0926
-3.0156
-2.9228
-2.7976
-2.7165
-2.7
-2.6728
-2.6733
-2.6884
-2.7426
-2.7868
-2.8857
-3.0056
-3.1518
-3.3104
-3.554
-3.7324
-3.838
-3.849
-3.8253
-3.7683
-3.6127
-3.4074
-3.2107
-3.1054
-3.0124
-2.9646
-2.9222
-2.8932
-2.9338
-2.9515
-2.9943
-3.057
-3.1211
-3.1848
-3.1872
-3.137
-3.0864
-3.1303
-3.2203
-3.3898
-3.5771
-3.6994
-3.8287
-3.9824
-4.0121
-3.9938
-3.9659
-3.8673
-3.7235
-3.5462
-3.2673
-2.9893
-2.7748
-2.6754
-2.5995
-2.5532
-2.5602
-2.6824
-2.7835
-2.9019
-3.0419
-3.124
-3.2153
-3.2564
-3.2903
-3.3698
-3.452
-3.505
-3.4957
-3.5351
-3.5467
-3.5592
-3.6316
-3.6586
-3.6029
-3.613
-3.5071
-3.3997
-3.231
-3.0284
-2.781
-2.6008
-2.4874
-2.4304
-2.4124
-2.378
-2.4608
-2.533
-2.6625
-2.9052
-3.081
-3.3092
-3.4845
-3.6199
-3.6987
-3.7412
-3.7077
-3.6715
-3.6365
-3.5567
-3.4244
-3.3252
-3.1954
-3.0483
-2.9906
-2.9117
-2.86
-2.7901
-2.7303
-2.6584
-2.5984
-2.5263
-2.516
-2.4749
-2.4888
-2.5137
-2.5458
-2.6339
-2.8111
-2.9815
-3.1574
-3.3396
-3.5168
-3.688
-3.8239
-3.906
-3.9124
-3.851
-3.739
-3.6054
-3.4165
-3.1958
-2.9921
-2.7762
-2.5652
-2.4081
-2.3177
-2.2678
-2.2371
-2.2381
-2.2996
-2.3879
-2.4859
-2.6063
-2.7112
-2.8205
-2.9527
-3.0428
-3.1426
-3.2191
-3.2726
-3.309
-3.362
-3.4184
-3.4669
-3.4889
-3.5004
-3.479
-3.4369
-3.3494
-3.2355
-3.0992
-2.9115
-2.722
-2.5154
-2.3613
-2.1533
-1.9916
-1.8938
-1.83
-1.8243
-1.894
-2.0277
-2.1891
-2.3828
-2.6043
-2.8639
-3.069
-3.2496
-3.4285
-3.5356
-3.5944
-3.5893
-3.578
-3.4889
-3.3331
-3.1797
-2.9797
-2.8106
-2.66
-2.5349
-2.3822
-2.2737
-2.1632
-2.0894
-2.0447
-2.0467
-2.0045
-1.9666
-1.9602
-2.0222
-2.0619
-2.1106
-2.1901
-2.2714
-2.3916
-2.5084
-2.7177
-2.8927
-3.0912
-3.2734
-3.4441
-3.6062
-3.7047
-3.7662
-3.7398
-3.6726
-3.552
-3.3499
-3.1171
-2.844
-2.5603
-2.3086
-2.0188
-1.7708
-1.5923
-1.4746
-1.427
-1.4326
-1.5078
-1.6328
-1.8252
-2.0876
-2.3379
-2.5808
-2.7816
-3.0098
-3.1697
-3.3113
-3.4021
-3.4329
-3.4547
-3.4771
-3.4364
-3.3585
-3.2708
-3.1715
-3.0701
-2.9503
-2.8328
-2.7004
-2.5645
-2.4468
-2.3118
-2.1591
-2.0324
-1.864
-1.7325
-1.6509
-1.5557
-1.4991
-1.4984
-1.4948
-1.5851
-1.7134
-1.8778
-2.0536
-2.2943
-2.5435
-2.8067
-3.0627
-3.2822
-3.5426
-3.7234
-3.8599
-3.9636
-3.8985
-3.766
-3.627
-3.3794
-3.0805
-2.7913
-2.4371
-2.0946
-1.7988
-1.5457
-1.3532
-1.1985
-1.0897
-1.0445
-1.0613
-1.1326
-1.2768
-1.5059
-1.748
-1.9684
-2.2297
-2.4736
-2.6504
-2.8127
-2.9935
-3.0829
-3.1478
-3.2374
-3.2732
-3.319
-3.3794
-3.3716
-3.2955
-3.1629
-3.065
-2.9734
-2.8343
-2.6636
-2.4789
-2.2913
-2.083
-1.8654
-1.6287
-1.3812
-1.1996
-1.1058
-0.96312
-0.85963
-0.8601
-0.89904
-1.018
-1.2003
-1.396
-1.6353
-1.8586
-2.142
-2.4487
-2.733
-3.0086
-3.2824
-3.5706
-3.7722
-3.8794
-3.9259
-3.8743
-3.7377
-3.5457
-3.3147
-3.0286
-2.6479
-2.2481
-1.8995
-1.5446
-1.2252
-0.9474
-0.70975
-0.55003
-0.4571
-0.43357
-0.51304
-0.64318
-0.84731
-1.1193
-1.3936
-1.6591
-1.9234
-2.199
-2.4445
-2.6684
-2.8414
-3.0018
-3.1047
-3.1842
-3.2618
-3.3193
-3.3449
-3.301
-3.2434
-3.1279
-2.9762
-2.8168
-2.6371
-2.4205
-2.1923
-1.9357
-1.7064
-1.4829
-1.1943
-0.90784
-0.6718
-0.46828
-0.36056
-0.22743
-0.14689
-0.13332
-0.1779
-0.28546
-0.47177
-0.72193
-0.99752
-1.294
-1.6162
-1.9612
-2.3029
-2.6681
-3.0183
-3.3173
-3.5796
-3.7788
-3.9004
-3.8927
-3.812
-3.6646
-3.4296
-3.1698
-2.774
-2.3087
-1.8144
-1.3278
-0.85717
-0.4123
-0.039477
0.29149
0.53998
0.69629
0.76653
0.75087
0.659
0.46704
0.18825
-0.13519
-0.48639
-0.84841
-1.2367
-1.6436
-1.98
-2.2741
-2.5469
-2.7705
-2.9429
-3.0705
-3.1331
-3.1484
-3.1234
-3.0657
-2.9369
-2.7728
-2.5461
-2.3013
-2.0111
-1.692
-1.3582
-1.0432
-0.75022
-0.44077
-0.15675
0.11059
0.33092
0.49756
0.62461
0.71619
0.77246
0.78718
0.74584
0.66478
0.52423
0.33386
0.1021
-0.14633
-0.4345
-0.73984
-1.085
-1.4428
-1.8061
-2.1347
-2.4426
-2.715
-2.9283
-3.0864
-3.1837
-3.1759
-3.0765
-2.8442
-2.5436
-2.1596
-1.7062
-1.2016
-0.69318
-0.17011
0.37082
0.90606
1.3526
1.7462
2.0802
2.3139
2.4387
2.4812
2.4253
2.2719
2.0129
1.6664
1.2789
0.8573
0.39233
-0.081775
-0.54353
-0.99683
-1.4245
-1.7876
-2.1111
-2.3157
-2.4255
-2.4354
-2.3758
-2.2605
-2.0602
-1.7876
-1.4465
-0.9902
-0.4958
-0.015522
0.43742
0.86465
1.2987
1.7052
2.061
2.37
2.5989
2.7553
2.8649
2.9064
2.8736
2.8061
2.679
2.5135
2.3168
2.1107
1.8997
1.6688
1.4246
1.1628
0.89283
0.62553
0.38504
0.178
-0.036424
-0.21958
-0.35084
-0.4396
-0.48215
-0.50966
-0.49243
-0.42606
-0.27018
-0.037641
0.20851
0.46753
0.77937
1.1266
1.5218
1.9406
2.3668
2.7979
3.2219
3.552
3.8381
4.0963
4.2908
4.4435
4.5015
4.4611
4.3359
4.1616
3.9134
3.6241
3.2862
2.8718
2.42
1.9527
1.4933
1.029
0.58399
0.16495
-0.15708
-0.38483
-0.48794
-0.51471
-0.4669
-0.33666
-0.094819
0.26519
0.69649
1.2061
1.791
2.392
3.0173
3.6262
4.1882
4.7014
5.1551
5.5539
5.827
6.0073
6.0999
6.1113
5.9898
5.7557
5.4043
5.0257
4.6228
4.2055
3.7583
3.3111
2.8442
2.371
1.9614
1.6204
1.3389
1.1226
0.96521
0.9073
0.97456
1.1079
1.2813
1.5003
1.7932
2.1347
2.5508
2.9874
3.429
3.8819
4.3271
4.7521
5.1175
5.4237
5.6844
5.9112
6.1041
6.2214
6.2554
6.2496
6.2084
6.1299
5.9889
5.7751
5.58
5.3949
5.2108
5.0253
4.8298
4.5994
4.3366
4.0887
3.8701
3.6765
3.4776
3.2847
3.1549
3.0722
3.0059
2.9976
2.9784
2.9897
3.0659
3.2102
3.3929
3.6118
3.8834
4.2102
4.5809
4.9359
5.3105
5.699
6.093
6.4984
6.8939
7.2271
7.5051
7.7507
7.9164
8.0108
8.0039
7.9265
7.8187
7.677
7.4578
7.1873
6.8658
6.4862
6.0303
5.56
5.0778
4.6023
4.1438
3.7071
3.3331
3.064
2.8673
2.7472
2.6912
2.748
2.9291
3.2337
3.6368
4.1152
4.6665
5.2613
5.9011
6.5565
7.1999
7.8072
8.3831
8.9323
9.3909
9.7403
9.9988
10.167
10.201
10.111
9.8933
9.5668
9.1959
8.7727
8.2976
7.7755
7.2137
6.6479
6.0463
5.4799
4.9764
4.5332
4.1587
3.8559
3.6959
3.6395
3.6914
3.8578
4.077
4.3957
4.7879
5.2797
5.8496
6.4321
7.0377
7.634
8.2102
8.7686
9.2858
9.724
10.098
10.397
10.608
10.703
10.686
10.572
10.388
10.106
9.7776
9.3846
8.9501
8.5223
8.125
7.7541
7.3982
7.0652
6.7561
6.4941
6.3011
6.1325
5.9969
5.8933
5.8745
5.9141
5.9944
6.0935
6.213
6.4257
6.72
7.0223
7.3438
7.6521
7.9436
8.2146
8.4691
8.6988
8.8753
9.0545
9.2392
9.384
9.5219
9.5908
9.5838
9.5403
9.5033
9.4411
9.3487
9.2615
9.1657
9.0761
8.9727
8.8773
8.7722
8.6509
8.516
8.3786
8.2344
8.0708
7.9197
7.7824
7.6959
7.5918
7.4569
7.2825
7.1145
6.9697
6.8615
6.7984
6.731
6.6868
6.6971
6.7117
6.7784
6.8935
7.0246
7.1641
7.3843
7.6215
7.8441
8.1116
8.4363
8.7465
9.0256
9.2853
9.4984
9.6297
9.7453
9.8407
9.8734
9.8694
9.8295
9.7668
9.6745
9.5226
9.3146
9.0574
8.7667
8.4578
8.1327
7.7965
7.4591
7.1284
6.8322
6.6114
6.4256
6.2732
6.1515
6.1037
6.1092
6.2054
6.3778
6.5787
6.8115
7.1276
7.4542
7.7775
8.1303
8.4519
8.7332
9.0099
9.287
9.4679
9.5935
9.7406
9.8362
9.8467
9.8157
9.7371
9.5418
9.3088
9.0719
8.8069
8.5082
8.1743
7.8309
7.5089
7.241
6.9999
6.756
6.566
6.4507
6.3957
6.3763
6.4411
6.5777
6.724
6.9382
7.2238
7.525
7.7931
8.0562
8.3241
8.5562
8.7906
8.9761
9.1054
9.1819
9.2543
9.2612
9.2276
9.1647
9.0148
8.7813
8.5389
8.2846
7.9882
7.6473
7.3285
7.0011
6.67
6.3939
6.1788
5.9953
5.858
5.8326
5.8734
5.9687
6.1502
6.3856
6.6459
6.9648
7.3358
7.7033
8.067
8.4464
8.8026
9.0659
9.3119
9.5351
9.7031
9.7875
9.8246
9.7931
9.702
9.5696
9.3708
9.0842
8.7413
8.338
7.8837
7.4044
6.8877
6.368
5.8744
5.4272
5.0506
4.7312
4.4697
4.3157
4.2788
4.3123
4.4332
4.6806
4.9983
5.3515
5.782
6.2788
6.7938
7.3045
7.8295
8.3346
8.7997
9.2296
9.612
9.9224
10.151
10.307
10.356
10.302
10.195
9.9925
9.6925
9.3031
8.8382
8.31
7.7275
7.1387
6.5346
5.9576
5.3857
4.8296
4.3461
3.9544
3.6474
3.4124
3.3071
3.278
3.3546
3.5247
3.7838
4.1437
4.5853
5.0318
5.5038
6.0276
6.5631
7.0472
7.5276
8.0274
8.4486
8.7914
9.0747
9.295
9.369
9.3591
9.3075
9.1824
8.9427
8.6
8.177
7.6712
7.1438
6.6103
6.0645
5.5039
4.961
4.4764
4.0297
3.6536
3.3598
3.1343
3.0009
2.9271
2.949
3.0684
3.2584
3.5245
3.8437
4.1956
4.5331
4.9091
5.3266
5.7371
6.1342
6.5026
6.8372
7.1239
7.3374
7.4648
7.4922
7.4617
7.4056
7.2865
7.0795
6.7895
6.4301
6.0093
5.5639
5.14
4.7035
4.2607
3.8558
3.4979
3.1663
2.8682
2.6814
2.5733
2.521
2.5348
2.6106
2.7695
3.0036
3.2936
3.5947
3.9166
4.2484
4.5877
4.9445
5.3059
5.6301
5.8934
6.1279
6.3326
6.4785
6.5291
6.4902
6.3793
6.2109
6.0145
5.7669
5.442
5.0433
4.5997
4.1166
3.6202
3.1534
2.6912
2.2491
1.8686
1.5526
1.2598
1.0172
0.91119
0.87232
0.89131
0.9835
1.1836
1.443
1.7821
2.156
2.5271
2.8932
3.2832
3.7074
4.1368
4.5674
4.9389
5.257
5.5216
5.726
5.8962
5.9793
5.9526
5.8525
5.6872
5.4778
5.1825
4.8149
4.3564
3.8777
3.3747
2.8322
2.2706
1.7296
1.2295
0.76266
0.34653
-0.009525
-0.3133
-0.52481
-0.64417
-0.69784
-0.67455
-0.57341
-0.38046
-0.089465
0.23442
0.57338
0.91857
1.2889
1.7125
2.1686
2.6126
3.0448
3.4583
3.8097
4.1189
4.3927
4.5775
4.6627
4.6873
4.6449
4.5634
4.3982
4.1373
3.8029
3.4146
2.9836
2.5208
2.0441
1.5591
1.0749
0.61523
0.17985
-0.22853
-0.5985
-0.9448
-1.1779
-1.3377
-1.4356
-1.4731
-1.4294
-1.2886
-1.0862
-0.8803
-0.6528
-0.37338
-0.074727
0.2483
0.59569
0.9653
1.3122
1.6535
1.9757
2.2632
2.532
2.7254
2.822
2.8596
2.8736
2.8553
2.7408
2.5608
2.3158
2.0199
1.6895
1.329
0.94716
0.54759
0.14791
-0.2174
-0.56589
-0.90856
-1.2443
-1.5134
-1.7102
-1.8633
-1.9656
-1.9839
-1.9264
-1.7933
-1.6085
-1.4231
-1.2362
-1.032
-0.79665
-0.52371
-0.24874
0.0853
0.39525
0.66134
0.89785
1.1331
1.3263
1.4352
1.5072
1.5278
1.493
1.4351
1.3124
1.1007
0.82212
0.49534
0.151
-0.226
-0.61139
-0.9921
-1.3775
-1.7579
-2.098
-2.4191
-2.7367
-2.9848
-3.1517
-3.2522
-3.2978
-3.2828
-3.1848
-3.0198
-2.7964
-2.519
-2.2243
-1.9385
-1.6451
-1.3214
-0.98515
-0.64447
-0.30479
0.032073
0.35911
0.65675
0.91081
1.0864
1.1941
1.2534
1.2938
1.2711
1.1515
0.94121
0.67784
0.33478
-0.064027
-0.48355
-0.91941
-1.3721
-1.806
-2.2207
-2.661
-3.0968
-3.4678
-3.7947
-4.0672
-4.2269
-4.3104
-4.352
-4.3091
-4.1851
-4.0041
-3.7701
-3.4725
-3.1203
-2.7597
-2.3836
-1.9956
-1.5911
-1.1987
-0.80841
-0.41267
-0.044327
0.27398
0.5252
0.74342
0.92277
1.0507
1.1104
1.1086
1.0355
0.88146
0.68609
0.45024
0.16197
-0.13632
-0.47228
-0.85998
-1.2409
-1.5797
-1.9503
-2.2952
-2.5725
-2.8329
-3.0819
-3.272
-3.3976
-3.4816
-3.505
-3.4632
-3.3797
-3.2628
-3.1056
-2.9294
-2.7189
-2.486
-2.2462
-1.9927
-1.7288
-1.49
-1.2771
-1.0732
-0.87835
-0.72098
-0.58705
-0.47876
-0.39402
-0.38905
-0.41601
-0.45025
-0.51703
-0.61997
-0.71832
-0.85009
-0.99742
-1.1332
-1.2441
-1.3794
-1.4834
-1.5605
-1.6703
-1.7421
-1.7769
-1.7918
-1.8192
-1.7752
-1.7175
-1.6987
-1.6574
-1.5696
-1.504
-1.4512
-1.3578
-1.2981
-1.2695
-1.2365
-1.2175
-1.2352
-1.2666
-1.3064
-1.3819
-1.4867
-1.5741
-1.6656
-1.7959
-1.9088
-1.9879
-2.084
-2.1912
-2.2568
-2.3023
-2.3529
-2.3749
-2.3371
-2.2888
-2.2238
-2.1114
-1.9964
-1.8524
-1.6677
-1.4744
-1.2879
-1.0818
-0.88638
-0.72401
-0.54645
-0.352
-0.21627
-0.11469
-0.023097
0.03786
0.021152
-0.010936
-0.051291
-0.14902
-0.29452
-0.43924
-0.60424
-0.82531
-1.0528
-1.2664
-1.5208
-1.7737
-1.9896
-2.1958
-2.3943
-2.5604
-2.6843
-2.7827
-2.85
-2.8588
-2.842
-2.7966
-2.7206
-2.5826
-2.4057
-2.223
-2.0316
-1.8444
-1.6341
-1.4072
-1.2037
-0.99748
-0.79321
-0.61335
-0.44219
-0.29462
-0.17278
-0.086584
-0.061105
-0.052904
-0.052947
-0.10584
-0.22799
-0.35342
-0.49057
-0.69329
-0.88984
-1.0661
-1.2645
-1.4852
-1.6713
-1.828
-1.9934
-2.1482
-2.2653
-2.3535
-2.4024
-2.3962
-2.3637
-2.3198
-2.2409
-2.1119
-1.9857
-1.8334
-1.6682
-1.5107
-1.3567
-1.1966
-1.0336
-0.90107
-0.75787
-0.64599
-0.54684
-0.46176
-0.41537
-0.39897
-0.40759
-0.43087
-0.48024
-0.56081
-0.66984
-0.79853
-0.9275
-1.0811
-1.2474
-1.3918
-1.525
-1.6791
-1.8307
-1.9259
-2.0123
-2.1025
-2.1334
-2.1175
-2.1081
-2.1049
-2.0309
-1.9319
-1.8467
-1.7455
-1.6209
-1.4912
-1.3607
-1.2148
-1.0762
-0.95587
-0.82687
-0.70451
-0.60673
-0.53397
-0.48163
-0.45111
-0.43031
-0.42555
-0.44042
-0.45974
-0.50212
-0.57208
-0.64729
-0.72017
-0.80294
-0.89333
-0.96146
-1.0387
-1.116
-1.1723
-1.2329
-1.2835
-1.3133
-1.3264
-1.3387
-1.3374
-1.2997
-1.2838
-1.2801
-1.2464
-1.1923
-1.1704
-1.1621
-1.1133
-1.0719
-1.0691
-1.0679
-1.0603
-1.0717
-1.095
-1.1026
-1.1152
-1.156
-1.2021
-1.2375
-1.2801
-1.324
-1.3551
-1.3748
-1.397
-1.411
-1.4133
-1.4129
-1.392
-1.3518
-1.2961
-1.225
-1.1306
-1.0439
-0.95648
-0.85001
-0.7367
-0.62597
-0.522
-0.41602
-0.3218
-0.24712
-0.19276
-0.15594
-0.1236
-0.10457
-0.10045
-0.13835
-0.18574
-0.25883
-0.36269
-0.48042
-0.58782
-0.72122
-0.88648
-1.0289
-1.1653
-1.3304
-1.5016
-1.6437
-1.7695
-1.9064
-2.0104
-2.0712
-2.1217
-2.1736
-2.1888
-2.1641
-2.1102
-2.0344
-1.9357
-1.8106
-1.6698
-1.5238
-1.3797
-1.2198
-1.0493
-0.87489
-0.70365
-0.54271
-0.37975
-0.24481
-0.13444
-0.022652
0.079274
0.14331
0.18219
0.22164
0.23327
0.21381
0.17141
0.1107
0.038644
-0.036956
-0.1189
-0.221
-0.34322
-0.47597
-0.6107
-0.7318
-0.83515
-0.93904
-1.0618
-1.1641
-1.2426
-1.3288
-1.4126
-1.4586
-1.4966
-1.5331
-1.5539
-1.5507
-1.5544
-1.5688
-1.5645
-1.5458
-1.517
-1.488
-1.4432
-1.396
-1.3575
-1.339
-1.3222
-1.2844
-1.2326
-1.1679
-1.1076
-1.0535
-0.99245
-0.94448
-0.89514
-0.83348
-0.76296
-0.69698
-0.63935
-0.56993
-0.4928
-0.43449
-0.38558
-0.33568
-0.29346
-0.25285
-0.21615
-0.17974
-0.17261
-0.17903
-0.18489
-0.20542
-0.23972
-0.272
-0.30986
-0.37561
-0.46292
-0.54619
-0.64813
-0.76215
-0.88703
-1.0084
-1.1209
-1.242
-1.374
-1.4997
-1.6058
-1.7034
-1.7906
-1.857
-1.8976
-1.9307
-1.9533
-1.9559
-1.9405
-1.9211
-1.8868
-1.8303
-1.7471
-1.6477
-1.5374
-1.4311
-1.3147
-1.184
-1.0565
-0.91544
-0.76809
-0.63549
-0.51802
-0.399
-0.29166
-0.20526
-0.13366
-0.068192
-0.02502
0.0028726
0.030374
0.037082
0.013696
-0.022602
-0.067346
-0.12886
-0.20072
-0.2623
-0.34048
-0.44335
-0.54365
-0.62634
-0.72638
-0.82812
-0.91865
-0.99905
-1.0818
-1.1693
-1.2419
-1.2926
-1.3489
-1.4059
-1.4405
-1.4527
-1.4789
-1.5021
-1.4944
-1.4707
-1.4657
-1.463
-1.4418
-1.4093
-1.3806
-1.3358
-1.2856
-1.244
-1.1977
-1.1512
-1.105
-1.0493
-0.99253
-0.93434
-0.88058
-0.82537
-0.75548
-0.69704
-0.65568
-0.60521
-0.54646
-0.50289
-0.46074
-0.41477
-0.38525
-0.36662
-0.34662
-0.32833
-0.31895
-0.31814
-0.32529
-0.3411
-0.3762
-0.4175
-0.45262
-0.49325
-0.55134
-0.60489
-0.65905
-0.72681
-0.79675
-0.86198
-0.92227
-0.98481
-1.0498
-1.1115
-1.1707
-1.2223
-1.2592
-1.3026
-1.3476
-1.3838
-1.3969
-1.4126
-1.425
-1.4136
-1.3825
-1.3667
-1.3491
-1.2992
-1.2501
-1.2124
-1.1657
-1.1013
-1.0327
-0.98295
-0.92294
-0.85634
-0.79592
-0.75074
-0.69524
-0.64516
-0.60241
-0.56311
-0.52828
-0.50321
-0.49236
-0.47661
-0.46563
-0.46184
-0.46103
-0.46948
-0.49116
-0.52382
-0.5606
-0.58709
-0.61571
-0.64484
-0.67725
-0.70795
-0.74689
-0.7784
-0.81109
-0.83948
-0.8742
-0.90769
-0.92968
-0.93565
-0.94311
-0.94413
-0.93551
-0.93934
-0.94948
-0.96137
-0.9615
-0.9475
-0.93559
-0.93705
-0.91789
-0.90033
-0.89536
-0.89651
-0.87852
-0.85881
-0.8472
-0.83127
-0.80436
-0.77974
-0.76254
-0.73684
-0.71362
-0.71042
-0.69903
-0.69018
-0.68143
-0.66845
-0.65561
-0.64415
-0.64976
-0.64561
-0.6347
-0.62345
-0.61591
-0.61217
-0.61881
-0.62484
-0.63301
-0.64053
-0.64141
-0.65176
-0.6738
-0.69568
-0.71621
-0.74397
-0.76782
-0.78764
-0.80625
-0.83202
-0.85158
-0.86392
-0.86808
-0.87995
-0.88646
-0.89334
-0.909
-0.91525
-0.90526
-0.89478
-0.87757
-0.85662
-0.84409
-0.83372
-0.81989
-0.78962
-0.76368
-0.75075
-0.73548
-0.69338
-0.66319
-0.64678
-0.63578
-0.60744
-0.5981
-0.60883
-0.60336
-0.59135
-0.59005
-0.5918
-0.5965
-0.60844
-0.63396
-0.66133
-0.68257
-0.69922
-0.71919
-0.74488
-0.77114
-0.80205
-0.8329
-0.85879
-0.88281
-0.8996
-0.91358
-0.91874
-0.92625
-0.93524
-0.93447
-0.92228
-0.91278
-0.90543
-0.9019
-0.89459
-0.87387
-0.84776
-0.81036
-0.77996
-0.76038
-0.73885
-0.70693
-0.67875
-0.65187
-0.62548
-0.60817
-0.57697
-0.53961
-0.50448
-0.47021
-0.4443
-0.43055
-0.43524
-0.4321
-0.40184
-0.39297
-0.41932
-0.4246
-0.40789
-0.41812
-0.45859
-0.47265
-0.47699
-0.50858
-0.54682
-0.56813
-0.58714
-0.62323
-0.65662
-0.68218
-0.70762
-0.74462
-0.77925
-0.81697
-0.85863
-0.89196
-0.92355
-0.95501
-0.98199
-1.0039
-1.0162
-1.0228
-1.0301
-1.0366
-1.0321
-1.0232
-1.009
-0.98116
-0.96083
-0.93662
-0.91136
-0.89098
-0.86199
-0.83335
-0.81087
-0.78688
-0.75579
-0.72169
-0.68643
-0.64798
-0.61185
-0.57454
-0.55126
-0.52284
-0.491
-0.45578
-0.43037
-0.40664
-0.36899
-0.35272
-0.36617
-0.37382
-0.3585
-0.35153
-0.38202
-0.39778
-0.39596
-0.40808
-0.43908
-0.46867
-0.49184
-0.52722
-0.57424
-0.61576
-0.64174
-0.67455
-0.71539
-0.75525
-0.80038
-0.85646
-0.90663
-0.95519
-0.99805
-1.0296
-1.0581
-1.0862
-1.1094
-1.1214
-1.1258
-1.1252
-1.1146
-1.1089
-1.1035
-1.0769
-1.0334
-0.99138
-0.9478
-0.89752
-0.85265
-0.80072
-0.75152
-0.69956
-0.64406
-0.58915
-0.52923
-0.45979
-0.3967
-0.34223
-0.28423
-0.23717
-0.19822
-0.17494
-0.13468
-0.091837
-0.065914
-0.049417
-0.028104
-0.016801
-0.038869
-0.073901
-0.096203
-0.1121
-0.13711
-0.18613
-0.22974
-0.27029
-0.31482
-0.37112
-0.42581
-0.47784
-0.52909
-0.59841
-0.66727
-0.71692
-0.76557
-0.82496
-0.87257
-0.91444
-0.96923
-1.014
-1.055
-1.0852
-1.1023
-1.1169
-1.129
-1.1296
-1.1266
-1.1191
-1.0987
-1.0693
-1.0488
-1.026
-0.98293
-0.93096
-0.87968
-0.82419
-0.77137
-0.71806
-0.66993
-0.61493
-0.54352
-0.47972
-0.43082
-0.36814
-0.30553
-0.24593
-0.19625
-0.1358
-0.080014
-0.046039
-0.034094
-0.0067767
0.023269
0.03432
0.041013
0.055622
0.060337
0.043442
0.014766
-0.020052
-0.058084
-0.096494
-0.14848
-0.22163
-0.27006
-0.30949
-0.37487
-0.4664
-0.54989
-0.61497
-0.69619
-0.78308
-0.84948
-0.9012
-0.95744
-1.0142
-1.0583
-1.1009
-1.1504
-1.1794
-1.1906
-1.2013
-1.2042
-1.1934
-1.18
-1.1509
-1.1181
-1.071
-1.0164
-0.96054
-0.91034
-0.84386
-0.7732
-0.7067
-0.6319
-0.55115
-0.46325
-0.39071
-0.33269
-0.26106
-0.19066
-0.133
-0.074949
-0.0041143
0.057294
0.090291
0.1259
0.16857
0.20258
0.20777
0.20754
0.22287
0.23062
0.22748
0.22396
0.21049
0.18363
0.13952
0.093581
0.044916
0.011835
-0.024585
-0.088834
-0.16564
-0.23659
-0.29
-0.35912
-0.43865
-0.50307
