971,1998,2818,3346,3747,4182,4487,4852,5270,5622,5888,5887
970,1998,2818,3346,3749,4185,4488,4854,5273,5621,5890,5886
971,1999,2817,3348,3748,4184,4490,4853,5272,5620,5893,5886
970,2000,2818,3345,3746,4182,4488,4852,5270,5622,5891,5885
971,2001,2818,3343,3745,4185,4487,4854,5272,5622,5888,5887
972,2000,2817,3344,3747,4185,4489,4853,5270,5621,5885,5885
971,1999,2814,3346,3748,4185,4492,4852,5268,5624,5888,5884
972,1998,2813,3345,3746,4187,4491,4855,5267,5621,5886,5887
972,1999,2814,3345,3744,4188,4490,4854,5269,5619,5884,5886
972,1999,2815,3346,3747,4186,4490,4854,5268,5622,5888,5886
971,1999,2814,3348,3749,4185,4489,4853,5268,5622,5885,5889
971,1998,2814,3347,3748,4186,4487,4851,5270,5621,5883,5886
972,1999,2815,3346,3747,4185,4489,4853,5268,5624,5885,5883
972,2000,2817,3348,3747,4184,4491,4853,5267,5621,5883,5886
972,1998,2815,3348,3747,4186,4491,4853,5269,5619,5882,5886
972,1998,2814,3347,3746,4186,4490,4854,5268,5618,5884,5885
972,1998,2815,3347,3747,4185,4491,4854,5266,5620,5882,5889
973,1999,2816,3348,3747,4186,4490,4853,5269,5621,5882,5887
973,1999,2815,3350,3746,4187,4487,4857,5268,5619,5885,5885
972,1999,2814,3348,3747,4187,4490,4855,5267,5617,5882,5887
971,1998,2815,3346,3748,4185,4491,4854,5269,5619,5881,5886
971,1999,2815,3347,3749,4188,4490,4855,5266,5618,5883,5884
972,2000,2815,3349,3749,4186,4489,4855,5264,5618,5881,5886
972,2000,2813,3348,3750,4185,4492,4855,5267,5621,5880,5889
973,2000,2815,3347,3749,4188,4491,4857,5265,5620,5883,5888
972,2001,2814,3349,3748,4186,4491,4856,5264,5618,5886,5886
973,2001,2812,3350,3750,4185,4493,4856,5267,5621,5883,5889
973,2001,2812,3349,3751,4184,4494,4855,5266,5620,5881,5886
973,2000,2813,3349,3750,4184,4492,4857,5263,5618,5884,5885
974,2000,2812,3350,3748,4183,4491,4855,5265,5617,5882,5888
974,2000,2811,3351,3750,4181,4492,4854,5265,5617,5880,5891
974,1999,2812,3350,3752,4183,4495,4856,5265,5620,5883,5890
974,2000,2814,3349,3751,4185,4492,4855,5266,5617,5883,5888
974,1999,2813,3350,3751,4184,4492,4854,5267,5615,5879,5890
974,2000,2812,3352,3752,4183,4493,4857,5266,5619,5882,5889
975,2000,2812,3352,3753,4185,4496,4860,5265,5618,5881,5888
975,1999,2814,3352,3752,4185,4494,4859,5262,5617,5878,5886
974,2000,2813,3353,3750,4184,4493,4857,5260,5621,5882,5889
973,2001,2811,3354,3752,4182,4494,4859,5262,5619,5881,5888
974,2001,2813,3353,3751,4184,4496,4857,5261,5618,5880,5886
974,2002,2813,3351,3750,4181,4494,4856,5260,5620,5883,5888
973,2001,2812,3351,3748,4180,4493,4858,5263,5619,5880,5886
973,2001,2811,3353,3749,4182,4496,4860,5263,5619,5878,5885
974,2001,2813,3352,3749,4181,4497,4860,5262,5622,5882,5888
974,2003,2812,3351,3749,4180,4496,4859,5261,5620,5880,5891
973,2002,2812,3352,3748,4183,4493,4861,5263,5620,5879,5890
972,2002,2812,3352,3750,4185,4491,4862,5261,5622,5884,5888
972,2002,2813,3351,3748,4184,4493,4860,5260,5621,5881,5889
972,2004,2811,3352,3747,4183,4491,4858,5262,5619,5878,5888
973,2003,2811,3354,3748,4183,4488,4861,5261,5622,5882,5887
972,2001,2812,3355,3749,4183,4490,4859,5260,5620,5880,5885
971,2001,2812,3354,3748,4183,4489,4858,5262,5619,5879,5885
971,2003,2811,3352,3746,4184,4488,4857,5260,5623,5882,5885
971,2002,2811,3352,3747,4186,4486,4860,5259,5623,5882,5887
972,2000,2812,3354,3748,4184,4488,4858,5260,5622,5880,5888
972,2001,2813,3353,3747,4184,4488,4857,5259,5623,5883,5886
972,2002,2812,3352,3747,4186,4487,4859,5258,5622,5881,5886
973,2001,2811,3354,3748,4185,4487,4861,5260,5622,5880,5888
973,2000,2813,3355,3747,4184,4488,4860,5260,5624,5882,5886
974,2001,2814,3353,3745,4185,4487,4858,5259,5623,5881,5885
974,2002,2814,3352,3747,4184,4486,4862,5258,5623,5880,5888
974,2003,2814,3354,3746,4184,4485,4861,5260,5625,5882,5889
974,2001,2815,3355,3745,4185,4488,4860,5258,5624,5884,5888
974,2001,2816,3355,3747,4183,4487,4861,5256,5623,5883,5887
974,2002,2814,3354,3746,4182,4485,4864,5259,5626,5882,5890
974,2003,2813,3354,3747,4182,4487,4862,5258,5624,5884,5888
975,2003,2814,3355,3747,4184,4488,4861,5258,5622,5883,5887
975,2003,2814,3354,3749,4183,4486,4863,5260,5625,5882,5886
974,2003,2814,3354,3748,4182,4485,4862,5261,5624,5884,5888
974,2004,2813,3355,3746,4183,4487,4862,5259,5621,5883,5886
974,2004,2815,3356,3747,4185,4486,4864,5257,5623,5881,5884
974,2003,2815,3354,3745,4184,4486,4866,5260,5622,5884,5885
973,2001,2814,3353,3744,4182,4488,4864,5259,5620,5886,5885
973,2002,2815,3355,3743,4183,4489,4862,5259,5623,5884,5883
973,2002,2816,3354,3745,4183,4487,4861,5261,5622,5884,5887
974,2002,2817,3354,3743,4183,4485,4863,5260,5622,5886,5885
973,2002,2815,3353,3742,4185,4487,4862,5258,5625,5884,5884
973,2003,2813,3354,3743,4184,4489,4861,5260,5623,5883,5886
972,2003,2814,3355,3744,4181,4488,4864,5259,5622,5885,5886
972,2002,2813,3353,3746,4180,4487,4863,5257,5625,5884,5885
974,2000,2813,3352,3744,4182,4489,4861,5260,5623,5883,5889
973,2000,2812,3353,3743,4181,4492,4860,5259,5623,5886,5889
973,2000,2813,3355,3744,4179,4490,4861,5258,5626,5886,5887
972,2001,2813,3353,3746,4182,4489,4861,5261,5625,5884,5889
973,2000,2813,3352,3745,4181,4491,4859,5260,5623,5886,5887
973,2000,2813,3354,3744,4180,4489,4861,5259,5624,5884,5886
973,2001,2815,3355,3745,4180,4488,4864,5261,5626,5882,5889
974,2002,2814,3355,3744,4182,4486,4863,5259,5625,5880,5888
974,2002,2814,3354,3745,4180,4487,4862,5257,5623,5884,5886
974,2002,2815,3355,3745,4178,4487,4863,5257,5626,5882,5884
975,2002,2814,3355,3746,4180,4487,4865,5260,5626,5881,5886
974,2003,2813,3354,3744,4182,4486,4864,5259,5625,5883,5884
973,2002,2813,3354,3742,4181,4487,4862,5256,5627,5882,5882
973,2001,2815,3353,3743,4180,4486,4863,5259,5626,5881,5886
973,2000,2814,3354,3745,4182,4486,4866,5258,5625,5883,5885
973,2000,2813,3352,3744,4182,4487,4867,5256,5627,5883,5885
972,2001,2814,3350,3743,4181,4486,4866,5259,5626,5882,5887
972,2000,2814,3348,3744,4183,4485,4867,5258,5625,5884,5886
972,1999,2814,3350,3746,4185,4484,4869,5257,5628,5883,5885
972,1999,2814,3352,3745,4183,4486,4867,5260,5626,5882,5883
971,2000,2816,3351,3744,4181,4486,4866,5257,5624,5885,5882
970,1999,2817,3351,3746,4183,4484,4867,5257,5623,5887,5885
971,1999,2816,3351,3748,4183,4482,4869,5258,5625,5887,5885
971,2000,2815,3352,3745,4183,4484,4869,5257,5624,5891,5884
971,2000,2812,3352,3743,4184,4485,4868,5256,5624,5889,5886
971,2001,2810,3351,3745,4184,4485,4870,5260,5626,5886,5888
970,2001,2812,3352,3745,4183,4485,4871,5262,5625,5884,5886
970,2000,2812,3353,3744,4185,4487,4869,5261,5623,5887,5884
971,2002,2811,3352,3746,4187,4486,4867,5259,5626,5886,5888
970,2002,2811,3351,3747,4185,4485,4866,5257,5624,5885,5887
969,2002,2811,3353,3747,4183,4484,4868,5254,5622,5889,5886
970,2001,2811,3355,3747,4185,4485,4866,5253,5625,5887,5887
971,2002,2811,3355,3748,4184,4482,4866,5255,5625,5884,5889
971,2003,2812,3355,3747,4183,4481,4865,5255,5625,5887,5888
971,2002,2813,3356,3746,4185,4480,4867,5254,5626,5885,5886
971,2001,2813,3355,3747,4184,4482,4864,5257,5625,5884,5889
971,2002,2812,3353,3749,4183,4483,4863,5255,5624,5887,5888
972,2002,2813,3352,3748,4186,4482,4862,5253,5626,5886,5886
971,2002,2813,3353,3750,4184,4482,4864,5255,5628,5884,5884
971,2001,2812,3353,3751,4183,4483,4863,5254,5627,5886,5886
971,2002,2812,3353,3749,4183,4485,4863,5252,5626,5889,5886
972,2003,2811,3353,3748,4185,4483,4866,5256,5628,5887,5885
971,2003,2813,3354,3750,4184,4482,4868,5255,5625,5885,5887
972,2003,2811,3355,3752,4183,4484,4866,5253,5623,5889,5888
971,2003,2810,3354,3750,4184,4485,4864,5255,5626,5888,5887
972,2003,2810,3356,3747,4184,4484,4865,5254,5625,5886,5889
972,2004,2811,3357,3748,4184,4483,4868,5254,5624,5889,5886
972,2003,2813,3355,3750,4186,4486,4866,5257,5624,5886,5883
971,2003,2812,3354,3749,4187,4488,4865,5255,5627,5884,5886
972,2004,2812,3355,3748,4185,4486,4868,5255,5624,5887,5886
973,2005,2813,3356,3749,4185,4485,4870,5258,5622,5885,5886
973,2005,2813,3355,3748,4186,4487,4869,5257,5624,5886,5889
973,2004,2812,3354,3749,4185,4485,4867,5255,5627,5888,5886
973,2005,2811,3354,3749,4184,4484,4869,5257,5624,5890,5884
973,2006,2812,3355,3751,4186,4481,4871,5255,5623,5888,5885
973,2005,2813,3355,3749,4188,4483,4869,5254,5626,5886,5888
972,2004,2812,3354,3747,4188,4485,4868,5256,5625,5889,5887
971,2003,2811,3353,3748,4187,4484,4867,5255,5624,5887,5888
971,2003,2812,3355,3746,4188,4483,4870,5255,5625,5887,5890
971,2004,2813,3353,3745,4186,4484,4868,5255,5624,5890,5889
972,2004,2812,3351,3744,4184,4486,4866,5256,5623,5887,5887
971,2003,2812,3353,3745,4182,4483,4865,5255,5625,5886,5889
972,2001,2813,3353,3745,4184,4482,4867,5254,5629,5888,5892
972,2002,2814,3353,3744,4183,4483,4866,5255,5627,5890,5889
970,2003,2813,3352,3743,4182,4482,4864,5255,5625,5889,5888
970,2003,2812,3354,3745,4182,4481,4863,5254,5626,5888,5886
968,2003,2811,3355,3744,4184,4481,4866,5258,5626,5890,5890
969,2004,2812,3353,3743,4183,4482,4865,5257,5624,5889,5887
969,2004,2811,3352,3744,4181,4484,4864,5256,5626,5887,5886
969,2004,2810,3353,3746,4182,4481,4861,5257,5629,5889,5888
967,2004,2811,3356,3744,4182,4480,4863,5255,5629,5893,5887
966,2004,2812,3354,3742,4182,4479,4862,5254,5627,5890,5887
966,2005,2810,3352,3741,4183,4480,4860,5257,5629,5889,5890
966,2005,2808,3350,3743,4185,4482,4858,5256,5628,5892,5889
966,2004,2810,3352,3741,4183,4481,4861,5255,5626,5894,5888
967,2003,2811,3350,3740,4183,4480,4861,5257,5629,5892,5889
967,2004,2811,3349,3743,4185,4478,4860,5255,5628,5890,5892
967,2004,2812,3348,3744,4185,4480,4861,5254,5627,5893,5890
967,2004,2813,3349,3743,4183,4481,4863,5257,5630,5889,5890
967,2003,2813,3348,3741,4184,4480,4862,5256,5631,5887,5893
968,2003,2813,3348,3742,4182,4478,4862,5254,5628,5891,5891
968,2003,2811,3347,3745,4180,4478,4863,5257,5625,5893,5889
969,2004,2812,3349,3743,4179,4479,4862,5257,5628,5890,5891
968,2004,2811,3351,3742,4181,4478,4862,5256,5626,5889,5894
967,2003,2810,3349,3743,4180,4477,4865,5257,5626,5891,5891
968,2004,2809,3348,3745,4179,4476,4864,5255,5629,5889,5890
969,2004,2810,3349,3744,4181,4478,4862,5255,5627,5888,5893
970,2003,2809,3351,3742,4181,4475,4860,5257,5624,5887,5891
970,2003,2807,3350,3744,4180,4473,4862,5256,5626,5890,5889
970,2003,2809,3349,3746,4178,4470,4860,5255,5629,5888,5891
970,2003,2810,3351,3745,4180,4473,4859,5255,5627,5887,5893
970,2005,2810,3349,3744,4179,4472,4858,5257,5627,5889,5891
971,2004,2811,3348,3746,4178,4470,4862,5256,5630,5891,5890
971,2003,2811,3351,3744,4180,4474,4861,5255,5628,5890,5894
970,2004,2812,3352,3742,4178,4475,4859,5257,5626,5889,5892
970,2005,2811,3351,3741,4177,4474,4861,5256,5628,5891,5890
970,2005,2810,3350,3743,4181,4472,4863,5254,5626,5893,5892
971,2004,2811,3351,3742,4180,4473,4861,5258,5624,5891,5891
971,2003,2811,3352,3743,4179,4472,4860,5257,5626,5890,5890
970,2004,2811,3350,3744,4179,4470,4862,5256,5630,5891,5892
970,2004,2810,3349,3745,4179,4470,4862,5258,5629,5894,5895
970,2004,2811,3347,3744,4179,4472,4861,5257,5628,5894,5894
969,2003,2810,3349,3743,4178,4470,4864,5257,5629,5892,5892
967,2003,2810,3348,3744,4180,4470,4865,5259,5628,5894,5894
967,2004,2809,3346,3745,4178,4472,4863,5258,5627,5891,5892
968,2004,2810,3345,3744,4177,4473,4862,5258,5629,5889,5890
967,2003,2811,3348,3743,4180,4473,4864,5261,5628,5891,5892
968,2002,2812,3347,3744,4179,4472,4866,5260,5626,5894,5896
967,2003,2811,3346,3747,4177,4474,4864,5258,5623,5893,5894
968,2004,2813,3345,3746,4180,4472,4864,5260,5625,5891,5893
969,2003,2811,3345,3744,4178,4471,4863,5259,5623,5893,5895
969,2003,2810,3344,3747,4176,4472,4865,5258,5621,5892,5892
969,2004,2811,3343,3745,4175,4475,4866,5260,5623,5891,5890
970,2006,2812,3342,3745,4177,4474,4865,5260,5622,5894,5893
970,2005,2810,3343,3744,4176,4473,4864,5259,5622,5892,5893
971,2004,2808,3342,3746,4176,4475,4866,5261,5625,5891,5892
970,2005,2807,3341,3744,4178,4476,4868,5259,5623,5890,5894
968,2005,2808,3339,3743,4180,4474,4867,5257,5622,5891,5891
968,2005,2808,3342,3743,4179,4473,4866,5260,5624,5890,5890
969,2004,2807,3342,3745,4177,4472,4868,5258,5622,5888,5892
969,2003,2807,3341,3745,4179,4473,4870,5257,5620,5890,5891
968,2004,2808,3343,3744,4180,4472,4868,5261,5623,5893,5890
967,2005,2808,3344,3746,4179,4472,4866,5260,5623,5892,5888
968,2004,2807,3343,3747,4178,4474,4866,5259,5621,5891,5891
968,2002,2808,3343,3746,4181,4476,4868,5261,5623,5892,5888
968,2002,2809,3344,3744,4179,4474,4871,5259,5622,5895,5886
968,2002,2808,3343,3745,4179,4474,4870,5258,5621,5893,5889
969,2003,2806,3343,3745,4182,4475,4868,5260,5622,5891,5890
970,2002,2807,3344,3744,4181,4478,4870,5259,5622,5894,5890
969,2001,2808,3345,3744,4179,4476,4872,5259,5621,5893,5889
968,2002,2808,3344,3745,4180,4475,4869,5262,5623,5891,5891
969,2003,2807,3344,3744,4180,4475,4868,5260,5622,5889,5888
970,2002,2808,3345,3742,4178,4478,4870,5258,5620,5891,5886
970,2002,2809,3347,3740,4181,4477,4873,5260,5623,5890,5885
969,2003,2808,3346,3741,4182,4475,4871,5259,5620,5889,5888
969,2004,2807,3344,3739,4181,4477,4870,5258,5618,5890,5887
970,2003,2808,3345,3738,4181,4479,4871,5260,5622,5890,5886
971,2003,2810,3344,3737,4184,4477,4873,5260,5621,5889,5889
970,2003,2810,3343,3739,4182,4476,4871,5259,5620,5886,5886
969,2003,2809,3342,3739,4180,4477,4873,5262,5621,5889,5884
968,2002,2810,3343,3738,4181,4480,4875,5260,5621,5888,5887
968,2001,2810,3341,3740,4181,4482,4874,5258,5619,5887,5886
968,2000,2809,3339,3742,4181,4481,4873,5256,5621,5889,5887
968,2001,2808,3338,3741,4181,4480,4871,5258,5620,5892,5890
968,2001,2807,3339,3741,4183,4481,4873,5257,5620,5891,5890
968,2001,2808,3340,3741,4182,4482,4871,5258,5623,5889,5888
968,2001,2808,3338,3741,4181,4481,4870,5260,5621,5891,5891
968,2002,2808,3338,3738,4184,4480,4869,5259,5619,5889,5889
968,2002,2807,3338,3740,4182,4481,4870,5258,5621,5888,5888
968,2001,2809,3337,3742,4181,4483,4870,5260,5620,5887,5891
969,2000,2808,3336,3741,4182,4485,4870,5258,5618,5890,5894
967,2001,2807,3335,3740,4184,4484,4869,5257,5622,5889,5892
966,2001,2810,3337,3741,4182,4482,4870,5259,5621,5887,5889
965,2002,2811,3336,3741,4181,4483,4866,5259,5620,5888,5891
965,2001,2810,3336,3741,4182,4482,4866,5258,5622,5891,5893
965,2002,2809,3335,3743,4182,4480,4866,5260,5620,5888,5891
966,2003,2807,3337,3745,4182,4478,4866,5258,5623,5886,5890
967,2003,2809,3339,3743,4184,4480,4865,5258,5625,5890,5894
968,2003,2807,3339,3741,4183,4482,4867,5260,5624,5890,5892
967,2002,2805,3337,3742,4181,4480,4865,5261,5623,5887,5890
967,2002,2807,3338,3744,4182,4478,4863,5260,5626,5889,5888
967,2002,2806,3339,3743,4184,4481,4861,5260,5624,5888,5890
968,2001,2806,3339,3742,4183,4482,4864,5263,5621,5887,5889
967,2001,2807,3337,3743,4182,4481,4862,5262,5624,5886,5888
967,2001,2808,3339,3742,4184,4480,4861,5260,5621,5889,5892
968,2002,2807,3338,3742,4183,4482,4861,5262,5620,5888,5895
968,2001,2806,3337,3742,4183,4483,4863,5261,5624,5887,5892
968,1999,2808,3339,3743,4185,4482,4862,5260,5626,5888,5890
968,2001,2807,3341,3744,4184,4481,4860,5262,5625,5886,5892
969,2001,2807,3341,3743,4182,4483,4862,5261,5622,5884,5891
968,2001,2808,3340,3742,4183,4485,4864,5260,5622,5887,5890
967,2000,2809,3341,3744,4186,4483,4862,5262,5620,5885,5894
966,2000,2807,3340,3743,4184,4480,4861,5260,5622,5884,5893
967,2001,2806,3340,3742,4183,4479,4864,5258,5622,5887,5890
967,2002,2807,3339,3741,4185,4481,4863,5261,5622,5884,5887
968,2002,2806,3340,3743,4184,4478,4863,5260,5624,5882,5891
969,2001,2805,3341,3741,4183,4476,4862,5257,5626,5884,5889
970,2002,2803,3341,3741,4182,4475,4863,5262,5624,5887,5888
970,2002,2805,3340,3743,4184,4477,4862,5261,5623,5886,5891
970,2002,2804,3341,3744,4182,4479,4861,5260,5625,5886,5890
970,2002,2804,3339,3742,4180,4478,4864,5261,5623,5889,5889
971,2002,2805,3339,3742,4182,4477,4865,5260,5622,5887,5891
970,2002,2807,3340,3743,4181,4478,4865,5258,5626,5885,5893
970,2001,2806,3343,3744,4180,4480,4864,5260,5624,5888,5891
970,2000,2806,3341,3743,4182,4478,4865,5260,5622,5886,5889
970,1999,2807,3340,3741,4184,4477,4867,5260,5624,5885,5892
970,2000,2805,3341,3742,4183,4479,4865,5263,5622,5888,5891
970,2001,2803,3340,3745,4182,4482,4863,5262,5619,5887,5889
969,2000,2805,3339,3745,4184,4481,4862,5260,5622,5884,5885
968,2000,2804,3338,3745,4182,4480,4864,5263,5622,5886,5889
969,2001,2803,3339,3747,4180,4481,4866,5262,5621,5885,5888
969,2001,2801,3339,3745,4182,4483,4865,5260,5623,5884,5886
969,2001,2803,3338,3744,4184,4481,4864,5263,5620,5886,5891
968,1999,2802,3338,3745,4183,4479,4865,5263,5617,5886,5890
968,1999,2802,3339,3747,4182,4478,4867,5262,5620,5886,5888
968,2000,2803,3339,3745,4185,4480,4865,5265,5618,5887,5889
968,2001,2803,3339,3744,4184,4482,4863,5262,5618,5886,5892
969,2000,2803,3338,3745,4184,4481,4862,5260,5621,5884,5891
970,2000,2805,3338,3745,4186,4480,4863,5263,5620,5887,5890
969,2001,2806,3338,3745,4187,4482,4863,5262,5618,5885,5893
970,2002,2805,3338,3747,4185,4483,4862,5261,5617,5885,5893
970,2000,2804,3337,3748,4184,4481,4864,5265,5614,5888,5892
969,1999,2805,3339,3746,4185,4480,4865,5264,5612,5890,5893
970,1997,2804,3338,3744,4184,4481,4863,5265,5615,5887,5896
970,1998,2803,3336,3746,4183,4483,4860,5267,5614,5886,5894
969,1999,2804,3338,3745,4185,4482,4862,5266,5613,5889,5891
968,1998,2803,3340,3744,4185,4482,4861,5264,5616,5887,5895
968,1998,2801,3340,3746,4185,4483,4860,5266,5614,5887,5894
969,1998,2802,3340,3748,4183,4485,4859,5265,5614,5890,5893
969,1998,2804,3339,3746,4185,4483,4862,5266,5617,5893,5894
969,1998,2802,3340,3745,4183,4482,4861,5269,5616,5891,5892
969,1999,2802,3338,3747,4182,4484,4859,5267,5616,5890,5891
970,1999,2803,3337,3746,4185,4486,4861,5266,5619,5892,5889
970,2000,2803,3335,3744,4184,4484,4863,5268,5617,5894,5892
970,1999,2802,3337,3742,4182,4483,4862,5267,5615,5894,5895
970,1999,2801,3337,3743,4185,4485,4861,5265,5617,5892,5893
971,1999,2802,3336,3743,4185,4487,4863,5267,5615,5894,5890
972,2000,2801,3338,3742,4184,4486,4863,5268,5612,5893,5891
972,2001,2801,3340,3740,4186,4483,4863,5267,5616,5891,5891
972,2001,2801,3340,3741,4187,4485,4863,5269,5615,5893,5890
972,2002,2801,3340,3741,4186,4484,4864,5267,5615,5892,5893
972,2002,2800,3341,3741,4184,4483,4862,5266,5616,5890,5896
972,2003,2802,3342,3740,4186,4482,4861,5268,5614,5893,5895
972,2001,2803,3340,3742,4185,4483,4863,5266,5612,5891,5892
973,2000,2801,3338,3740,4183,4486,4864,5266,5611,5889,5894
973,2002,2801,3340,3738,4185,4484,4864,5269,5609,5891,5893
973,2002,2803,3341,3735,4185,4483,4864,5268,5613,5894,5891
973,2001,2802,3340,3737,4185,4484,4863,5266,5612,5892,5895
973,2002,2801,3340,3737,4184,4486,4864,5268,5610,5892,5894
972,2003,2800,3341,3736,4185,4484,4862,5268,5610,5894,5891
972,2004,2801,3343,3737,4184,4484,4861,5267,5608,5897,5893
972,2002,2800,3343,3739,4183,4485,4860,5269,5607,5893,5895
971,2001,2799,3343,3739,4185,4486,4862,5268,5609,5891,5893
972,2001,2800,3345,3737,4187,4486,4861,5268,5612,5894,5891
971,2001,2799,3343,3740,4186,4485,4861,5272,5611,5892,5894
971,2001,2798,3341,3741,4185,4488,4864,5273,5610,5890,5894
972,2001,2800,3342,3740,4187,4489,4865,5270,5611,5889,5894
971,2001,2799,3344,3738,4187,4487,4863,5273,5610,5892,5895
970,2002,2798,3343,3740,4186,4484,4861,5272,5610,5890,5893
971,2003,2799,3342,3741,4187,4485,4863,5271,5613,5888,5891
971,2003,2801,3344,3740,4185,4487,4865,5274,5610,5890,5894
971,2004,2801,3346,3739,4184,4486,4864,5273,5610,5893,5896
970,2003,2800,3345,3741,4186,4485,4863,5273,5613,5892,5895
971,2004,2802,3344,3740,4188,4488,4863,5275,5612,5893,5892
971,2003,2801,3346,3739,4188,4490,4866,5272,5610,5895,5894
970,2002,2801,3346,3741,4188,4488,4864,5271,5612,5896,5896
969,2001,2800,3345,3740,4191,4486,4862,5273,5610,5895,5895
967,2002,2801,3343,3738,4190,4487,4860,5272,5608,5894,5895
968,2003,2801,3345,3736,4189,4486,4863,5271,5612,5896,5897
968,2003,2800,3343,3738,4191,4485,4861,5274,5610,5894,5897
967,2003,2800,3341,3738,4191,4484,4860,5274,5609,5894,5896
968,2003,2802,3343,3737,4190,4485,4863,5272,5611,5896,5897
967,2004,2802,3342,3738,4188,4485,4862,5274,5609,5898,5895
968,2003,2801,3341,3738,4191,4483,4861,5272,5607,5897,5894
968,2002,2802,3339,3738,4192,4486,4860,5271,5610,5896,5892
968,2001,2803,3341,3737,4192,4484,4861,5273,5608,5897,5895
969,2002,2804,3342,3738,4191,4482,4860,5271,5608,5895,5894
968,2002,2803,3342,3738,4193,4481,4858,5271,5610,5894,5893
969,2001,2805,3343,3737,4193,4482,4860,5274,5609,5897,5895
970,2001,2804,3344,3738,4191,4484,4862,5272,5607,5899,5896
970,2002,2803,3342,3740,4192,4483,4862,5269,5611,5898,5895
971,2001,2804,3340,3738,4194,4482,4861,5272,5608,5897,5894
972,2001,2802,3338,3737,4193,4485,4862,5271,5607,5900,5896
970,2000,2801,3340,3738,4193,4487,4860,5270,5611,5898,5899
969,2001,2802,3339,3740,4194,4486,4859,5272,5609,5897,5898
970,2001,2803,3337,3738,4193,4484,4858,5271,5607,5900,5897
970,2000,2802,3335,3738,4194,4485,4860,5271,5606,5898,5898
970,1999,2802,3337,3740,4196,4487,4858,5272,5604,5897,5896
970,2000,2802,3337,3741,4195,4486,4857,5271,5603,5896,5895
970,2001,2803,3338,3740,4193,4485,4860,5270,5602,5898,5895
971,2001,2804,3339,3739,4195,4486,4862,5273,5601,5896,5899
971,2000,2804,3339,3740,4194,4486,4860,5270,5604,5895,5897
970,2001,2805,3338,3741,4192,4484,4859,5269,5604,5898,5894
970,2001,2805,3338,3741,4195,4482,4861,5272,5602,5896,5896
969,2000,2804,3339,3740,4193,4483,4860,5271,5601,5893,5895
969,1999,2805,3337,3742,4192,4482,4858,5270,5599,5891,5893
970,1998,2804,3336,3740,4191,4480,4861,5272,5598,5893,5896
970,1999,2804,3336,3740,4193,4479,4864,5270,5601,5891,5894
968,1998,2803,3338,3740,4193,4481,4863,5269,5600,5891,5892
969,1998,2804,3340,3741,4192,4483,4861,5271,5601,5894,5895
969,1998,2804,3339,3739,4193,4482,4863,5270,5603,5893,5896
970,2000,2804,3340,3739,4194,4482,4861,5271,5601,5891,5895
970,2000,2805,3341,3740,4194,4484,4859,5273,5601,5889,5894
970,2000,2805,3343,3741,4196,4485,4861,5271,5603,5892,5896
970,2000,2806,3342,3741,4198,4484,4864,5269,5602,5890,5894
969,2000,2805,3340,3739,4197,4482,4862,5271,5603,5890,5893
969,2001,2808,3341,3741,4196,4484,4862,5270,5606,5894,5895
968,2000,2806,3341,3740,4199,4485,4864,5269,5606,5891,5897
967,1998,2806,3340,3739,4198,4484,4865,5271,5605,5889,5895
968,1997,2808,3339,3742,4197,4483,4864,5271,5606,5891,5895
969,1999,2807,3340,3744,4197,4486,4863,5270,5606,5890,5896
968,1997,2806,3340,3743,4200,4487,4862,5272,5604,5889,5895
969,1996,2805,3339,3740,4198,4487,4864,5271,5608,5888,5894
969,1997,2806,3340,3742,4197,4484,4862,5270,5607,5891,5897
969,1997,2806,3341,3741,4200,4485,4862,5273,5605,5889,5895
969,1998,2806,3340,3741,4198,4485,4864,5272,5608,5887,5893
969,1997,2806,3339,3739,4198,4484,4866,5271,5607,5885,5895
969,1996,2808,3338,3741,4197,4483,4864,5274,5605,5884,5897
970,1997,2807,3340,3741,4199,4485,4861,5273,5608,5881,5897
970,1998,2808,3338,3741,4198,4485,4859,5271,5608,5881,5897
969,1997,2808,3338,3743,4196,4485,4861,5273,5607,5884,5900
969,1997,2809,3337,3744,4198,4486,4860,5272,5611,5883,5898
969,1998,2809,3339,3743,4200,4484,4858,5272,5610,5881,5895
970,1999,2808,3339,3743,4199,4482,4858,5273,5609,5883,5898
969,1998,2810,3338,3744,4197,4480,4861,5273,5607,5883,5897
968,1996,2810,3340,3745,4199,4482,4859,5272,5607,5881,5896
968,1995,2808,3343,3743,4200,4484,4857,5275,5609,5885,5899
968,1995,2808,3342,3742,4199,4482,4859,5274,5607,5884,5898
968,1996,2806,3340,3740,4201,4482,4857,5271,5607,5887,5896
967,1995,2808,3339,3742,4199,4485,4856,5274,5610,5889,5897
966,1994,2807,3340,3741,4197,4488,4854,5273,5609,5887,5900
966,1995,2805,3339,3739,4199,4485,4857,5271,5607,5886,5897
967,1996,2805,3338,3741,4198,4483,4856,5273,5610,5889,5895
968,1995,2806,3338,3741,4197,4485,4855,5274,5609,5887,5899
966,1994,2805,3339,3739,4195,4482,4853,5273,5609,5886,5902
964,1995,2806,3340,3741,4198,4480,4855,5275,5612,5890,5899
964,1996,2807,3339,3739,4197,4479,4854,5274,5611,5888,5897
964,1995,2807,3338,3737,4196,4481,4853,5273,5610,5886,5899
964,1995,2806,3340,3739,4198,4480,4855,5275,5612,5888,5898
963,1994,2807,3342,3738,4197,4479,4854,5274,5611,5891,5897
964,1996,2808,3342,3736,4196,4478,4854,5274,5609,5889,5901
964,1996,2807,3342,3735,4198,4480,4856,5276,5613,5888,5899
964,1996,2805,3343,3737,4199,4481,4855,5275,5611,5891,5897
964,1996,2807,3343,3737,4199,4479,4853,5274,5610,5890,5898
965,1997,2806,3343,3736,4198,4478,4856,5276,5614,5888,5900
965,1999,2805,3344,3737,4200,4479,4857,5273,5613,5891,5898
965,1999,2806,3344,3735,4202,4481,4856,5272,5611,5893,5896
966,1997,2807,3344,3733,4202,4481,4854,5273,5614,5891,5899
965,1996,2807,3344,3735,4200,4481,4858,5277,5614,5890,5898
963,1997,2807,3343,3735,4201,4483,4857,5276,5612,5893,5896
964,1997,2809,3344,3734,4200,4484,4856,5275,5616,5896,5898
964,1997,2807,3344,3735,4199,4482,4858,5277,5615,5893,5897
964,1996,2806,3342,3737,4201,4480,4859,5275,5614,5892,5897
963,1996,2805,3341,3737,4203,4478,4859,5274,5616,5894,5899
963,1997,2806,3343,3737,4201,4480,4858,5277,5614,5893,5902
963,1997,2805,3341,3739,4201,4482,4860,5276,5613,5892,5901
964,1998,2804,3341,3738,4203,4481,4858,5275,5615,5895,5898
964,1997,2805,3343,3736,4203,4480,4857,5278,5615,5896,5900
964,1998,2804,3344,3738,4202,4481,4860,5277,5619,5894,5898
964,1998,2804,3343,3739,4203,4483,4862,5275,5618,5892,5897
965,1998,2804,3342,3738,4202,4484,4860,5277,5617,5890,5899
966,1997,2805,3343,3737,4201,4482,4859,5275,5619,5892,5898
965,1998,2805,3345,3738,4203,4480,4860,5273,5618,5891,5898
964,1998,2804,3344,3737,4203,4483,4863,5275,5618,5890,5896
965,1998,2805,3343,3736,4202,4484,4861,5274,5620,5887,5898
964,1997,2805,3345,3739,4204,4482,4860,5274,5619,5890,5895
963,1998,2805,3347,3740,4206,4481,4862,5277,5620,5888,5893
963,1997,2807,3345,3740,4205,4483,4863,5274,5623,5887,5895
964,1996,2806,3343,3738,4204,4485,4861,5272,5621,5889,5898
964,1997,2806,3345,3740,4206,4483,4863,5275,5623,5888,5898
963,1997,2804,3343,3740,4207,4482,4865,5273,5622,5888,5897
963,1996,2805,3341,3741,4206,4484,4863,5272,5621,5891,5898
963,1995,2805,3343,3740,4205,4485,4862,5275,5624,5892,5896
963,1995,2805,3343,3738,4207,4484,4864,5274,5623,5891,5895
962,1995,2806,3342,3739,4205,4482,4865,5273,5622,5889,5894
962,1996,2804,3340,3742,4204,4485,4865,5275,5625,5891,5896
963,1996,2803,3343,3741,4207,4488,4864,5273,5623,5895,5896
963,1996,2804,3343,3740,4209,4486,4861,5270,5622,5894,5894
964,1997,2805,3342,3742,4208,4485,4863,5273,5624,5892,5891
964,1998,2804,3341,3741,4206,4486,4862,5271,5627,5894,5893
964,1997,2803,3342,3739,4207,4488,4861,5270,5626,5892,5892
965,1996,2805,3341,3740,4207,4487,4863,5273,5626,5890,5891
961,1996,2804,3340,3742,4206,4485,4864,5273,5628,5893,5892
962,1996,2803,3341,3741,4208,4487,4864,5272,5626,5896,5892
963,1998,2805,3343,3739,4207,4486,4863,5273,5625,5895,5890
962,1997,2804,3342,3741,4206,4486,4866,5271,5627,5893,5887
961,1997,2803,3340,3740,4209,4485,4867,5270,5626,5894,5889
961,1997,2802,3341,3740,4211,4487,4864,5272,5625,5892,5888
961,1998,2804,3344,3741,4210,4485,4862,5271,5628,5890,5887
962,1998,2803,3342,3743,4209,4483,4860,5270,5631,5889,5889
961,1997,2803,3342,3741,4210,4485,4862,5269,5629,5892,5888
961,1996,2804,3342,3740,4209,4484,4861,5271,5626,5891,5886
962,1997,2803,3343,3741,4208,4483,4861,5268,5630,5889,5883
961,1996,2802,3342,3741,4209,4482,4864,5266,5628,5886,5886
961,1995,2800,3340,3740,4211,4485,4865,5269,5627,5889,5885
962,1993,2803,3338,3739,4210,4483,4862,5268,5630,5888,5885
960,1994,2801,3340,3740,4209,4482,4859,5267,5634,5887,5883
960,1995,2801,3342,3739,4211,4480,4862,5270,5632,5889,5882
960,1995,2802,3341,3740,4211,4482,4864,5269,5629,5889,5882
960,1995,2801,3340,3741,4208,4483,4862,5268,5632,5888,5880
960,1995,2801,3342,3742,4210,4482,4861,5269,5630,5885,5878
960,1996,2801,3343,3741,4212,4480,4864,5268,5628,5887,5881
959,1996,2802,3343,3739,4211,4478,4866,5267,5631,5886,5879
959,1996,2800,3342,3740,4210,4481,4864,5269,5630,5885,5878
959,1997,2799,3343,3740,4211,4481,4862,5268,5628,5888,5882
960,1999,2800,3345,3738,4211,4479,4864,5266,5630,5887,5881
960,1997,2800,3343,3737,4211,4476,4865,5269,5633,5885,5880
961,1996,2800,3343,3738,4213,4478,4863,5267,5631,5888,5882
961,1995,2801,3344,3737,4212,4479,4862,5265,5630,5887,5880
962,1996,2802,3342,3737,4210,4478,4865,5267,5633,5885,5879
961,1996,2801,3340,3739,4211,4477,4867,5266,5632,5888,5881
960,1996,2801,3339,3739,4213,4480,4866,5264,5631,5886,5881
960,1995,2804,3340,3737,4212,4481,4864,5267,5634,5886,5880
960,1996,2804,3342,3736,4211,4481,4866,5267,5631,5890,5882
962,1997,2804,3343,3736,4213,4479,4867,5266,5628,5887,5880
960,1996,2803,3344,3736,4212,4476,4866,5267,5630,5886,5879
960,1995,2804,3345,3735,4212,4477,4864,5266,5633,5885,5881
959,1995,2803,3343,3737,4214,4476,4866,5266,5631,5883,5880
960,1997,2802,3341,3738,4213,4474,4868,5268,5629,5882,5880
961,1996,2803,3339,3736,4210,4474,4871,5267,5633,5886,5883
961,1994,2802,3341,3735,4209,4475,4869,5265,5631,5885,5882
961,1993,2802,3340,3737,4211,4474,4867,5269,5630,5884,5879
961,1994,2800,3339,3737,4210,4474,4868,5268,5632,5886,5882
960,1995,2802,3338,3736,4209,4474,4870,5266,5630,5885,5882
960,1995,2801,3339,3737,4211,4475,4869,5268,5628,5884,5881
961,1995,2801,3339,3738,4210,4473,4867,5270,5626,5886,5884
961,1996,2803,3338,3736,4209,4472,4870,5269,5630,5886,5883
960,1997,2803,3340,3735,4212,4473,4869,5267,5629,5886,5882
960,1996,2801,3342,3734,4213,4475,4868,5270,5627,5888,5879
960,1995,2801,3342,3736,4212,4474,4865,5270,5630,5886,5882
961,1994,2802,3341,3734,4211,4472,4866,5269,5628,5884,5880
962,1995,2801,3340,3733,4213,4475,4867,5271,5626,5886,5878
960,1993,2800,3341,3736,4212,4475,4866,5269,5628,5885,5882
960,1992,2801,3342,3735,4211,4473,4865,5268,5628,5885,5882
960,1991,2802,3341,3734,4212,4471,4863,5270,5626,5888,5880
960,1992,2801,3341,3732,4214,4473,4867,5268,5628,5890,5882
960,1993,2801,3343,3733,4214,4471,4867,5268,5626,5888,5880
960,1992,2802,3341,3733,4213,4470,4865,5271,5624,5886,5878
960,1991,2801,3341,3732,4215,4468,4867,5270,5623,5889,5881
960,1992,2802,3343,3734,4212,4470,4868,5267,5626,5891,5880
960,1993,2803,3345,3733,4210,4473,4869,5269,5624,5890,5879
960,1992,2802,3344,3732,4209,4473,4868,5271,5622,5889,5881
959,1990,2801,3343,3732,4210,4471,4866,5270,5626,5892,5880
958,1989,2803,3345,3734,4209,4474,4868,5269,5624,5888,5878
957,1990,2804,3344,3733,4208,4471,4871,5272,5623,5887,5882
958,1992,2804,3343,3732,4209,4469,4870,5272,5625,5889,5879
958,1992,2802,3343,3733,4209,4471,4869,5272,5623,5890,5878
959,1991,2804,3344,3734,4207,4473,4869,5273,5621,5890,5882
958,1992,2803,3345,3733,4209,4471,4872,5272,5625,5889,5880
957,1994,2801,3345,3733,4211,4470,4869,5271,5623,5892,5878
958,1992,2803,3344,3735,4209,4473,4867,5273,5621,5893,5881
958,1991,2802,3346,3734,4208,4476,4868,5272,5623,5891,5879
959,1992,2801,3348,3732,4209,4474,4872,5272,5622,5889,5878
959,1992,2801,3348,3734,4211,4472,4871,5274,5621,5893,5876
959,1991,2802,3346,3737,4210,4474,4870,5273,5623,5890,5876
959,1990,2801,3347,3736,4209,4475,4871,5272,5623,5889,5879
960,1990,2800,3349,3735,4212,4474,4874,5273,5622,5892,5878
960,1990,2802,3347,3737,4211,4473,4871,5271,5625,5893,5877
959,1991,2802,3345,3734,4210,4475,4870,5268,5623,5891,5880
960,1991,2801,3347,3733,4211,4475,4871,5270,5622,5890,5879
960,1990,2800,3347,3734,4210,4474,4873,5268,5625,5891,5877
960,1991,2800,3346,3733,4210,4476,4873,5267,5623,5890,5877
960,1992,2799,3344,3732,4211,4477,4871,5266,5622,5889,5877
960,1990,2799,3346,3733,4210,4475,4872,5267,5625,5888,5880
960,1990,2800,3346,3735,4209,4474,4873,5267,5625,5889,5878
960,1991,2800,3345,3735,4207,4476,4872,5266,5623,5888,5878
960,1992,2799,3345,3736,4210,4478,4869,5268,5625,5886,5880
960,1992,2799,3346,3737,4210,4476,4868,5267,5624,5889,5877
960,1991,2800,3347,3738,4209,4476,4869,5267,5621,5891,5877
962,1991,2798,3345,3736,4209,4476,4871,5270,5624,5891,5880
962,1992,2797,3343,3734,4209,4478,4871,5269,5624,5889,5879
962,1993,2800,3346,3735,4208,4479,4870,5267,5622,5891,5877
962,1991,2799,3344,3735,4209,4477,4869,5266,5620,5888,5880
962,1991,2798,3343,3734,4211,4475,4870,5265,5622,5886,5878
963,1991,2798,3342,3732,4209,4477,4868,5267,5621,5885,5877
963,1992,2799,3343,3734,4209,4479,4866,5269,5620,5888,5876
962,1991,2796,3343,3733,4211,4478,4864,5268,5622,5887,5875
962,1991,2794,3344,3733,4210,4477,4866,5268,5621,5887,5874
963,1991,2795,3346,3735,4207,4476,4869,5270,5620,5888,5872
963,1993,2797,3346,3736,4210,4478,4868,5268,5624,5890,5870
961,1992,2796,3346,3734,4208,4477,4867,5267,5622,5889,5873
961,1990,2794,3345,3732,4207,4476,4868,5269,5620,5888,5873
962,1992,2795,3346,3734,4206,4474,4870,5268,5622,5890,5873
962,1992,2794,3348,3735,4208,4476,4867,5266,5621,5893,5876
962,1991,2793,3346,3734,4206,4478,4865,5269,5620,5892,5874
962,1991,2793,3345,3733,4204,4476,4864,5269,5623,5890,5872
962,1991,2794,3345,3735,4207,4474,4866,5269,5622,5891,5875
963,1992,2794,3346,3735,4207,4474,4869,5270,5620,5890,5873
962,1992,2793,3346,3734,4206,4476,4868,5269,5622,5888,5872
963,1992,2795,3345,3736,4204,4474,4866,5268,5620,5890,5871
963,1992,2796,3347,3738,4205,4472,4867,5270,5619,5893,5871
963,1993,2794,3349,3737,4204,4473,4869,5272,5622,5892,5874
962,1993,2793,3348,3736,4203,4475,4868,5271,5620,5889,5873
961,1992,2794,3346,3738,4202,4473,4866,5270,5619,5886,5873
961,1991,2795,3348,3738,4203,4472,4868,5269,5622,5889,5875
961,1992,2795,3348,3738,4203,4474,4870,5268,5620,5888,5875
961,1992,2795,3350,3737,4204,4473,4869,5266,5619,5886,5877
961,1992,2796,3349,3739,4206,4472,4868,5268,5622,5889,5877
961,1991,2795,3348,3738,4207,4475,4868,5267,5621,5888,5878
960,1991,2794,3349,3738,4206,4476,4870,5265,5619,5886,5880
960,1992,2792,3350,3738,4204,4474,4869,5267,5624,5883,5877
960,1993,2795,3350,3739,4206,4473,4867,5270,5622,5882,5875
961,1991,2794,3350,3738,4204,4473,4869,5269,5621,5882,5878
961,1991,2794,3351,3736,4203,4474,4871,5267,5622,5884,5877
960,1992,2795,3352,3738,4202,4472,4870,5270,5621,5887,5881
961,1993,2794,3351,3739,4204,4471,4869,5268,5619,5886,5881
962,1992,2792,3350,3738,4204,4474,4870,5266,5622,5886,5879
961,1992,2790,3351,3737,4203,4476,4872,5268,5621,5887,5880
960,1991,2791,3352,3738,4204,4475,4869,5268,5620,5885,5883
960,1993,2791,3351,3739,4205,4474,4867,5267,5623,5883,5881
959,1994,2790,3350,3740,4205,4475,4866,5269,5621,5886,5879
959,1993,2791,3351,3740,4204,4473,4867,5267,5621,5885,5880
961,1992,2793,3350,3742,4206,4471,4866,5265,5623,5884,5880
960,1991,2792,3348,3740,4205,4470,4865,5264,5621,5887,5883
960,1992,2792,3348,3738,4204,4472,4863,5266,5620,5885,5884
961,1992,2794,3349,3736,4206,4471,4864,5265,5624,5883,5882
961,1991,2795,3351,3738,4209,4471,4866,5264,5624,5885,5881
961,1990,2795,3349,3737,4208,4471,4864,5267,5623,5885,5883
962,1991,2795,3346,3736,4206,4472,4862,5266,5624,5885,5883
961,1992,2797,3347,3738,4208,4470,4861,5263,5622,5889,5882
960,1991,2795,3350,3739,4206,4468,4863,5266,5620,5887,5885
961,1991,2794,3348,3739,4206,4471,4863,5264,5623,5885,5883
961,1992,2794,3346,3740,4208,4473,4862,5263,5622,5887,5881
960,1993,2794,3348,3741,4208,4472,4864,5265,5621,5885,5883
961,1993,2794,3348,3740,4207,4471,4862,5265,5624,5884,5882
961,1993,2795,3350,3738,4206,4474,4860,5265,5622,5886,5882
962,1993,2796,3350,3738,4209,4476,4859,5267,5621,5885,5885
962,1993,2795,3349,3739,4208,4474,4861,5265,5623,5883,5885
962,1994,2795,3351,3738,4206,4472,4859,5263,5622,5886,5882
962,1994,2795,3353,3738,4207,4474,4859,5265,5621,5884,5885
963,1993,2796,3351,3736,4209,4477,4862,5264,5624,5883,5883
963,1994,2796,3349,3738,4208,4474,4860,5262,5627,5885,5881
963,1996,2795,3350,3738,4207,4472,4858,5262,5625,5884,5885
962,1994,2797,3351,3737,4209,4475,4857,5261,5623,5884,5884
960,1993,2795,3351,3737,4210,4474,4859,5260,5626,5886,5887
960,1994,2794,3350,3738,4210,4473,4858,5262,5624,5885,5888
960,1995,2795,3351,3737,4210,4472,4857,5261,5622,5882,5886
960,1995,2795,3353,3736,4211,4472,4859,5261,5626,5885,5884
960,1995,2795,3352,3737,4210,4474,4858,5263,5625,5884,5887
960,1994,2797,3353,3736,4208,4473,4857,5261,5624,5882,5885
960,1995,2795,3353,3735,4209,4473,4859,5261,5626,5887,5884
960,1996,2794,3354,3734,4209,4475,4858,5264,5624,5885,5887
960,1995,2792,3353,3736,4208,4477,4857,5262,5622,5883,5886
961,1994,2794,3352,3734,4210,4476,4856,5259,5620,5885,5884
960,1995,2794,3351,3733,4212,4475,4858,5262,5623,5883,5887
959,1996,2794,3352,3735,4210,4477,4857,5261,5623,5882,5884
959,1995,2796,3351,3737,4210,4479,4856,5259,5621,5884,5882
959,1994,2796,3349,3736,4212,4476,4859,5262,5624,5884,5886
959,1994,2797,3350,3736,4210,4473,4861,5261,5622,5883,5886
959,1996,2797,3352,3736,4209,4475,4860,5260,5621,5886,5884
959,1996,2797,3351,3735,4207,4478,4858,5263,5624,5883,5885
959,1997,2796,3351,3733,4208,4476,4860,5260,5622,5881,5884
959,1997,2795,3353,3736,4207,4475,4858,5258,5622,5884,5884
960,1998,2797,3355,3736,4206,4475,4856,5261,5625,5887,5885
960,1999,2798,3354,3736,4207,4478,4858,5260,5624,5886,5885
961,1997,2797,3352,3736,4207,4476,4861,5258,5623,5889,5885
960,1996,2797,3354,3738,4207,4473,4860,5261,5625,5892,5887
959,1996,2798,3355,3738,4209,4475,4858,5261,5624,5889,5885
958,1997,2797,3353,3736,4210,4477,4860,5260,5622,5888,5883
959,1997,2797,3353,3733,4209,4476,4861,5262,5625,5890,5886
959,1996,2799,3354,3735,4207,4474,4860,5259,5625,5893,5885
959,1997,2799,3355,3734,4209,4476,4858,5257,5624,5891,5885
959,1998,2798,3354,3733,4208,4478,4860,5259,5625,5891,5889
958,1997,2800,3354,3734,4206,4478,4859,5261,5627,5894,5887
957,1998,2799,3354,3736,4208,4476,4858,5261,5626,5891,5884
958,1998,2798,3356,3735,4210,4475,4857,5260,5626,5891,5887
958,1999,2798,3357,3735,4210,4476,4859,5262,5627,5893,5887
958,1998,2799,3356,3737,4209,4478,4857,5260,5627,5895,5886
957,1996,2798,3354,3739,4210,4476,4856,5259,5626,5893,5890
957,1996,2798,3355,3738,4209,4475,4857,5261,5629,5893,5889
958,1997,2799,3356,3736,4208,4477,4859,5259,5626,5896,5887
958,1997,2799,3355,3736,4209,4479,4858,5259,5625,5897,5888
958,1997,2799,3354,3739,4211,4478,4857,5261,5628,5896,5890
958,1997,2800,3355,3737,4210,4476,4860,5261,5626,5894,5889
958,1999,2801,3354,3737,4209,4477,4862,5261,5625,5896,5888
958,1999,2800,3353,3738,4211,4479,4861,5263,5628,5894,5891
958,1998,2799,3354,3737,4210,4478,4859,5261,5631,5895,5894
959,1996,2800,3356,3737,4209,4476,4861,5258,5629,5897,5892
959,1995,2801,3357,3739,4211,4478,4860,5261,5628,5894,5889
958,1996,2801,3356,3741,4209,4480,4859,5260,5629,5892,5891
959,1995,2801,3354,3740,4207,4479,4860,5258,5628,5891,5893
959,1995,2801,3354,3739,4206,4478,4864,5262,5626,5893,5892
959,1993,2800,3354,3740,4208,4478,4862,5261,5630,5891,5892
959,1995,2798,3353,3739,4206,4479,4861,5259,5629,5891,5895
960,1994,2799,3354,3737,4206,4477,4862,5261,5627,5893,5894
959,1993,2799,3354,3739,4207,4476,4861,5260,5628,5894,5892
961,1992,2799,3353,3738,4207,4477,4860,5259,5627,5893,5893
960,1993,2801,3351,3738,4206,4479,4859,5262,5625,5891,5895
960,1993,2799,3351,3740,4207,4477,4861,5260,5627,5893,5894
959,1993,2798,3353,3742,4208,4476,4859,5259,5630,5892,5894
959,1991,2799,3352,3741,4207,4475,4859,5258,5630,5891,5896
959,1993,2800,3352,3740,4206,4477,4862,5260,5628,5889,5895
959,1993,2800,3349,3742,4208,4479,4863,5257,5629,5891,5893
959,1992,2801,3351,3743,4206,4477,4862,5256,5627,5889,5895
959,1991,2802,3349,3741,4205,4475,4860,5258,5627,5887,5898
960,1993,2800,3347,3740,4208,4473,4862,5256,5629,5889,5895
960,1993,2800,3346,3742,4210,4475,4861,5255,5627,5887,5893
960,1993,2798,3347,3741,4209,4473,4858,5259,5627,5887,5897
961,1992,2800,3346,3740,4208,4471,4862,5261,5630,5891,5895
961,1993,2799,3345,3740,4209,4474,4865,5259,5632,5888,5893
961,1993,2798,3346,3742,4206,4476,4863,5259,5628,5885,5895
961,1993,2800,3349,3741,4204,4475,4862,5261,5626,5884,5893
961,1993,2801,3348,3740,4205,4474,4863,5259,5628,5887,5890
961,1994,2800,3347,3742,4208,4475,4864,5258,5627,5884,5888
961,1994,2799,3348,3742,4207,4477,4863,5260,5626,5884,5892
960,1993,2801,3348,3744,4208,4476,4862,5260,5629,5887,5891
960,1992,2801,3348,3742,4210,4474,4863,5259,5628,5886,5889
961,1993,2801,3347,3741,4209,4476,4863,5260,5626,5884,5891
961,1994,2803,3347,3743,4209,4478,4862,5259,5629,5886,5893
961,1995,2804,3349,3744,4209,4477,4861,5258,5630,5885,5891
961,1993,2803,3347,3743,4207,4476,4863,5261,5629,5884,5889
960,1993,2801,3346,3742,4204,4474,4860,5259,5628,5887,5894
958,1994,2803,3346,3743,4206,4475,4859,5258,5631,5886,5892
959,1995,2801,3348,3746,4207,4473,4861,5262,5630,5884,5890
959,1995,2800,3348,3745,4206,4471,4863,5261,5628,5881,5892
960,1995,2801,3347,3744,4205,4473,4861,5258,5629,5884,5890
960,1995,2800,3345,3744,4208,4475,4861,5259,5628,5882,5888
960,1995,2799,3347,3746,4207,4474,4863,5259,5626,5879,5890
960,1995,2800,3346,3745,4205,4474,4861,5258,5629,5879,5890
960,1994,2802,3344,3745,4204,4476,4858,5260,5627,5879,5889
960,1995,2801,3345,3746,4205,4478,4860,5259,5626,5878,5890
960,1995,2800,3347,3745,4204,4477,4859,5258,5625,5875,5891
958,1996,2802,3346,3745,4203,4475,4857,5261,5626,5874,5890
957,1995,2804,3345,3746,4205,4477,4856,5259,5625,5877,5887
958,1994,2803,3347,3747,4203,4479,4858,5259,5624,5875,5890
958,1995,2802,3345,3745,4202,4477,4858,5260,5626,5874,5889
958,1996,2802,3345,3744,4202,4475,4857,5263,5625,5878,5888
958,1995,2801,3344,3745,4204,4479,4858,5260,5624,5877,5885
956,1993,2801,3346,3744,4203,4481,4857,5258,5627,5879,5888
957,1992,2800,3346,3742,4201,4480,4856,5261,5624,5877,5886
958,1993,2801,3344,3744,4203,4478,4855,5260,5621,5876,5885
957,1993,2800,3342,3745,4201,4479,4857,5256,5623,5878,5887
956,1993,2800,3344,3745,4200,4481,4856,5259,5622,5878,5888
956,1993,2800,3345,3745,4201,4479,4855,5257,5619,5878,5889
957,1994,2802,3343,3748,4203,4478,4858,5255,5623,5881,5892
957,1995,2801,3341,3747,4202,4480,4857,5257,5623,5879,5889
957,1995,2802,3342,3746,4202,4482,4855,5256,5622,5879,5886
957,1993,2803,3344,3747,4204,4481,4857,5254,5625,5881,5888
957,1995,2802,3342,3749,4202,4480,4856,5252,5623,5879,5887
957,1995,2801,3342,3747,4200,4481,4855,5253,5622,5878,5885
957,1995,2802,3344,3746,4202,4482,4857,5253,5625,5877,5889
957,1994,2802,3345,3748,4200,4481,4859,5251,5623,5875,5892
958,1994,2801,3344,3747,4198,4480,4859,5254,5622,5878,5889
958,1995,2800,3342,3746,4200,4478,4857,5253,5625,5875,5888
959,1994,2800,3342,3748,4201,4479,4860,5253,5624,5874,5889
958,1994,2801,3344,3750,4201,4481,4857,5256,5622,5877,5891
957,1994,2800,3343,3750,4200,4480,4856,5254,5625,5875,5890
958,1995,2798,3342,3750,4200,4479,4858,5253,5624,5875,5888
958,1996,2798,3343,3750,4201,4481,4860,5254,5623,5879,5891
958,1994,2799,3344,3751,4200,4482,4858,5253,5625,5877,5888
958,1993,2799,3344,3750,4199,4480,4857,5251,5625,5879,5887
957,1992,2799,3344,3750,4198,4478,4860,5254,5624,5878,5890
957,1993,2801,3346,3752,4200,4477,4860,5253,5625,5878,5888
958,1994,2800,3347,3751,4199,4478,4857,5252,5624,5880,5888
957,1993,2799,3346,3751,4197,4480,4854,5255,5622,5879,5887
956,1993,2797,3345,3752,4200,4479,4858,5252,5621,5877,5890
956,1994,2799,3343,3754,4199,4479,4857,5250,5620,5880,5888
957,1995,2798,3345,3754,4198,4481,4855,5252,5619,5878,5886
957,1994,2797,3343,3752,4200,4482,4857,5251,5618,5877,5888
956,1994,2798,3341,3753,4201,4479,4857,5249,5619,5880,5887
956,1994,2797,3343,3754,4199,4477,4857,5253,5618,5878,5887
957,1995,2798,3342,3754,4198,4476,4859,5256,5618,5878,5891
956,1996,2799,3340,3753,4200,4477,4860,5255,5616,5882,5889
954,1994,2798,3338,3754,4199,4479,4859,5253,5613,5879,5886
954,1993,2796,3340,3753,4198,4478,4858,5256,5617,5877,5883
954,1993,2795,3342,3752,4200,4477,4860,5254,5618,5880,5882
954,1995,2797,3341,3751,4202,4480,4862,5253,5616,5879,5880
955,1994,2796,3339,3754,4201,4482,4861,5256,5618,5878,5883
956,1993,2795,3340,3753,4200,4479,4861,5253,5617,5876,5882
956,1993,2796,3341,3752,4201,4478,4863,5253,5615,5876,5881
957,1993,2795,3339,3753,4202,4477,4861,5255,5618,5879,5884
958,1995,2794,3337,3754,4201,4478,4859,5253,5618,5877,5881
956,1995,2795,3339,3754,4199,4480,4861,5252,5618,5875,5878
955,1994,2794,3341,3753,4201,4478,4859,5254,5617,5878,5876
956,1995,2793,3339,3755,4200,4478,4858,5252,5616,5876,5876
957,1996,2795,3337,3753,4198,4480,4856,5252,5617,5874,5876
955,1996,2793,3340,3752,4201,4482,4860,5254,5616,5879,5880
954,1996,2792,3342,3750,4203,4480,4859,5254,5615,5878,5877
953,1997,2792,3341,3753,4202,4478,4858,5253,5617,5875,5875
954,1997,2794,3339,3752,4200,4477,4858,5254,5617,5874,5878
954,1997,2795,3341,3750,4201,4478,4861,5253,5617,5874,5876
954,1998,2796,3340,3753,4200,4477,4860,5251,5619,5877,5874
953,1997,2797,3340,3753,4198,4476,4858,5253,5618,5875,5878
954,1997,2796,3340,3752,4199,4475,4860,5251,5617,5875,5878
955,1998,2796,3340,3751,4201,4478,4859,5249,5616,5878,5877
955,1997,2796,3339,3752,4200,4476,4858,5248,5615,5876,5875
955,1997,2797,3338,3754,4199,4474,4862,5251,5618,5878,5875
955,1998,2796,3336,3753,4202,4472,4860,5249,5617,5877,5878
955,1999,2794,3338,3753,4200,4474,4857,5248,5617,5876,5876
956,1998,2796,3340,3754,4198,4472,4855,5248,5619,5878,5875
956,1997,2798,3340,3757,4199,4471,4858,5249,5617,5878,5879
956,1998,2796,3339,3756,4198,4472,4856,5248,5617,5877,5877
956,1998,2795,3341,3756,4198,4474,4855,5248,5619,5880,5880
957,1998,2796,3342,3757,4199,4474,4858,5249,5617,5878,5878
956,1996,2796,3340,3755,4201,4473,4857,5251,5616,5877,5878
957,1996,2795,3338,3754,4200,4475,4856,5249,5620,5879,5880
958,1997,2797,3337,3751,4200,4476,4857,5247,5618,5878,5879
958,1997,2797,3339,3754,4202,4475,4859,5249,5616,5878,5879
958,1997,2796,3337,3752,4201,4474,4858,5252,5618,5881,5882
957,1996,2795,3336,3751,4199,4475,4857,5250,5616,5880,5881
958,1997,2796,3337,3754,4200,4474,4859,5251,5614,5877,5880
957,1998,2795,3339,3756,4202,4472,4858,5253,5617,5880,5882
958,1997,2794,3338,3755,4201,4475,4858,5251,5617,5878,5881
958,1995,2794,3337,3754,4200,4477,4860,5250,5620,5877,5880
958,1996,2794,3337,3755,4201,4476,4862,5252,5619,5880,5883
958,1997,2793,3337,3755,4201,4474,4861,5250,5618,5879,5882
959,1996,2792,3337,3754,4201,4473,4859,5249,5621,5877,5880
958,1996,2793,3336,3753,4204,4475,4861,5250,5619,5879,5883
958,1996,2792,3337,3752,4202,4473,4860,5251,5618,5878,5881
958,1997,2791,3338,3753,4201,4472,4859,5250,5620,5876,5881
958,1997,2792,3338,3752,4202,4474,4857,5253,5621,5878,5880
958,1995,2794,3337,3752,4201,4476,4860,5251,5619,5878,5881
958,1995,2794,3338,3754,4200,4475,4863,5249,5621,5878,5883
958,1995,2793,3340,3756,4201,4476,4861,5247,5619,5877,5882
958,1995,2794,3340,3755,4200,4476,4860,5250,5618,5875,5881
958,1995,2793,3339,3753,4198,4477,4861,5248,5620,5878,5884
958,1996,2792,3341,3755,4197,4476,4863,5247,5620,5877,5882
959,1997,2791,3343,3754,4199,4475,4862,5251,5620,5876,5879
959,1997,2793,3341,3753,4198,4474,4861,5249,5622,5879,5883
959,1996,2792,3340,3752,4196,4477,4864,5247,5620,5879,5884
959,1997,2791,3341,3754,4198,4478,4863,5248,5619,5878,5882
959,1998,2793,3342,3752,4195,4477,4861,5250,5619,5879,5884
958,1998,2792,3341,3753,4194,4477,4860,5249,5617,5879,5881
959,1997,2792,3340,3755,4195,4478,4862,5248,5616,5878,5879
959,1998,2792,3341,3753,4197,4479,4860,5250,5619,5881,5881
960,1999,2793,3342,3752,4196,4477,4860,5250,5618,5879,5882
960,1998,2792,3343,3753,4195,4475,4861,5248,5616,5879,5881
960,1997,2791,3343,3752,4198,4474,4860,5246,5618,5882,5884
960,1996,2793,3345,3751,4196,4476,4860,5248,5617,5880,5882
960,1997,2794,3346,3753,4195,4474,4859,5248,5617,5877,5882
960,1998,2793,3345,3754,4195,4474,4861,5246,5619,5879,5884
961,1996,2792,3344,3753,4195,4473,4859,5244,5618,5879,5881
959,1995,2793,3345,3751,4194,4475,4858,5247,5618,5877,5881
957,1996,2792,3346,3753,4196,4474,4857,5246,5617,5881,5884
958,1997,2790,3345,3754,4194,4473,4859,5245,5615,5880,5882
959,1995,2791,3345,3754,4193,4475,4857,5247,5617,5877,5878
958,1995,2791,3346,3753,4197,4477,4856,5248,5616,5880,5876
957,1995,2790,3347,3754,4195,4475,4859,5247,5616,5878,5876
956,1997,2790,3347,3755,4194,4475,4861,5246,5618,5875,5874
955,1997,2791,3347,3753,4195,4477,4859,5248,5618,5878,5877
956,1997,2792,3349,3751,4196,4480,4857,5252,5617,5878,5877
956,1998,2791,3348,3753,4196,4478,4859,5251,5619,5878,5877
956,1999,2794,3346,3752,4196,4477,4857,5250,5618,5881,5878
957,1997,2793,3346,3751,4197,4478,4856,5251,5618,5877,5876
957,1996,2792,3346,3753,4199,4479,4854,5251,5616,5875,5879
957,1995,2793,3345,3754,4197,4478,4858,5251,5615,5878,5878
956,1995,2794,3344,3754,4197,4476,4857,5253,5618,5876,5878
955,1996,2793,3343,3754,4199,4478,4857,5252,5617,5879,5881
956,1995,2793,3344,3753,4198,4480,4857,5251,5615,5879,5880
956,1995,2794,3343,3754,4197,4482,4857,5254,5617,5878,5878
956,1995,2793,3343,3753,4198,4481,4856,5253,5616,5880,5880
956,1996,2793,3344,3752,4196,4479,4858,5250,5613,5879,5883
956,1995,2794,3346,3754,4194,4480,4860,5252,5616,5878,5881
956,1995,2793,3346,3756,4193,4480,4858,5251,5615,5881,5881
957,1996,2792,3344,3754,4195,4480,4859,5250,5616,5880,5880
956,1997,2793,3343,3754,4194,4479,4861,5252,5618,5878,5879
956,1995,2794,3345,3756,4193,4481,4859,5252,5617,5881,5881
955,1995,2795,3344,3755,4196,4482,4857,5251,5614,5878,5879
956,1995,2794,3343,3755,4194,4485,4855,5249,5617,5877,5879
955,1997,2796,3342,3754,4193,4484,4858,5251,5616,5880,5881
957,1997,2795,3343,3756,4194,4482,4857,5250,5615,5878,5879
958,1997,2793,3343,3753,4193,4484,4856,5248,5617,5877,5879
957,1997,2793,3342,3752,4191,4485,4859,5251,5617,5881,5882
957,1999,2794,3344,3754,4192,4484,4858,5250,5617,5879,5881
958,1999,2793,3346,3755,4194,4483,4857,5249,5618,5877,5879
958,1998,2791,3345,3754,4193,4485,4859,5252,5616,5880,5877
958,1999,2793,3344,3753,4193,4483,4861,5255,5615,5878,5877
959,1999,2792,3345,3755,4195,4483,4860,5253,5618,5877,5880
959,1998,2792,3347,3754,4195,4482,4859,5252,5616,5879,5879
959,1997,2793,3345,3753,4193,4484,4862,5254,5616,5880,5879
959,1995,2794,3344,3754,4194,4482,4864,5252,5619,5882,5881
958,1997,2794,3344,3753,4193,4480,4864,5250,5617,5880,5879
957,1995,2794,3346,3751,4192,4480,4863,5254,5615,5878,5878
958,1995,2796,3345,3753,4193,4481,4866,5253,5614,5876,5880
958,1995,2795,3343,3754,4195,4483,4866,5252,5613,5875,5878
959,1996,2794,3345,3754,4194,4481,4865,5254,5616,5874,5877
959,1995,2795,3347,3753,4193,4480,4863,5252,5618,5878,5880
959,1994,2796,3346,3755,4195,4482,4865,5250,5618,5877,5879
959,1994,2795,3346,3754,4195,4485,4867,5252,5622,5875,5876
959,1993,2794,3348,3753,4194,4483,4866,5251,5619,5878,5875
959,1995,2795,3347,3755,4194,4480,4865,5251,5619,5877,5875
959,1995,2794,3347,3757,4193,4478,4865,5250,5621,5880,5878
959,1995,2793,3346,3756,4192,4479,4866,5253,5619,5878,5876
958,1997,2795,3347,3755,4193,4478,4864,5251,5617,5877,5874
958,1997,2796,3347,3756,4195,4476,4862,5250,5621,5881,5877
959,1996,2795,3346,3758,4194,4474,4861,5252,5620,5879,5875
959,1995,2795,3345,3757,4193,4477,4864,5252,5619,5877,5878
958,1995,2797,3346,3756,4195,4479,4862,5251,5620,5879,5877
956,1996,2796,3347,3757,4194,4479,4862,5254,5620,5879,5877
955,1995,2795,3347,3757,4192,4477,4864,5253,5618,5877,5875
956,1995,2796,3348,3755,4193,4476,4866,5252,5622,5878,5874
956,1995,2796,3349,3758,4192,4477,4864,5254,5621,5877,5877
956,1996,2796,3348,3760,4190,4479,4863,5252,5621,5880,5875
955,1994,2795,3347,3758,4192,4478,4865,5251,5620,5878,5874
955,1993,2796,3346,3756,4194,4476,4867,5254,5618,5876,5876
955,1993,2798,3347,3758,4192,4478,4865,5252,5620,5879,5875
956,1994,2797,3346,3760,4193,4481,4864,5251,5622,5877,5874
957,1992,2797,3345,3758,4195,4479,4867,5254,5621,5877,5874
958,1991,2798,3347,3757,4193,4477,4869,5254,5620,5880,5872
958,1991,2797,3347,3758,4191,4479,4868,5252,5623,5879,5874
958,1992,2797,3347,3759,4190,4480,4866,5255,5622,5877,5873
957,1993,2799,3345,3760,4191,4479,4867,5257,5621,5879,5873
956,1993,2799,3347,3761,4190,4478,4869,5255,5623,5878,5875
955,1993,2799,3348,3762,4189,4480,4867,5255,5621,5877,5874
955,1993,2800,3348,3761,4191,4480,4866,5254,5620,5881,5873
955,1994,2799,3349,3760,4192,4483,4868,5253,5622,5881,5876
955,1996,2798,3350,3759,4192,4483,4871,5256,5622,5880,5874
955,1994,2798,3347,3761,4191,4481,4869,5257,5626,5881,5871
956,1993,2800,3346,3760,4192,4482,4867,5256,5625,5879,5869
955,1994,2799,3347,3759,4193,4484,4865,5256,5622,5878,5868
955,1994,2799,3349,3757,4192,4483,4866,5258,5624,5880,5870
955,1993,2800,3347,3759,4191,4482,4869,5256,5623,5879,5870
955,1993,2799,3345,3759,4193,4483,4867,5256,5621,5878,5868
955,1993,2798,3346,3759,4192,4486,4866,5258,5623,5881,5871
956,1994,2799,3349,3761,4190,4485,4868,5257,5623,5878,5869
956,1993,2798,3348,3760,4192,4484,4871,5255,5623,5876,5867
956,1992,2798,3347,3758,4194,4486,4869,5258,5625,5878,5870
956,1992,2799,3349,3759,4194,4488,4866,5256,5624,5877,5868
956,1992,2800,3347,3760,4194,4487,4867,5255,5623,5876,5867
956,1992,2800,3345,3760,4195,4486,4870,5258,5622,5879,5870
956,1991,2798,3347,3758,4193,4488,4868,5257,5624,5878,5870
956,1990,2799,3348,3760,4192,4489,4866,5256,5623,5876,5868
957,1992,2799,3347,3762,4193,4489,4869,5254,5623,5878,5870
956,1993,2798,3346,3761,4194,4488,4872,5257,5621,5877,5869
956,1993,2797,3348,3762,4193,4491,4870,5256,5618,5875,5867
956,1993,2799,3349,3763,4192,4490,4868,5254,5621,5878,5866
956,1994,2799,3348,3764,4194,4489,4866,5258,5619,5878,5866
957,1995,2798,3347,3763,4194,4490,4868,5256,5617,5877,5869
957,1996,2799,3347,3762,4193,4493,4870,5255,5619,5876,5867
956,1994,2798,3348,3763,4195,4491,4868,5259,5620,5874,5866
955,1994,2797,3347,3763,4194,4489,4866,5257,5619,5876,5869
955,1994,2798,3346,3763,4192,4491,4869,5255,5621,5875,5868
955,1995,2800,3348,3764,4194,4490,4871,5258,5619,5874,5867
955,1995,2798,3349,3766,4196,4489,4870,5257,5617,5878,5871
956,1995,2798,3347,3764,4194,4492,4868,5255,5620,5877,5869
956,1994,2796,3346,3764,4193,4491,4869,5258,5620,5876,5867
956,1995,2797,3346,3766,4196,4487,4871,5257,5620,5877,5869
956,1996,2797,3346,3767,4195,4485,4870,5256,5623,5876,5869
956,1995,2796,3347,3766,4194,4487,4869,5258,5622,5879,5871
955,1994,2797,3347,3765,4195,4485,4871,5259,5620,5880,5870
956,1994,2797,3346,3766,4193,4482,4874,5258,5621,5880,5870
956,1995,2796,3349,3768,4191,4485,4874,5261,5620,5879,5873
957,1994,2797,3348,3767,4189,4487,4872,5259,5619,5882,5871
956,1993,2798,3346,3766,4191,4487,4873,5257,5621,5879,5869
955,1993,2798,3345,3767,4190,4485,4871,5256,5621,5877,5872
956,1993,2797,3346,3765,4189,4484,4870,5259,5620,5876,5871
956,1995,2799,3346,3764,4192,4485,4868,5258,5622,5875,5871
956,1994,2799,3343,3766,4190,4483,4870,5256,5619,5874,5870
956,1992,2799,3342,3768,4188,4483,4872,5258,5617,5874,5869
955,1992,2800,3344,3766,4190,4484,4872,5256,5621,5873,5871
956,1992,2799,3343,3764,4191,4485,4870,5255,5618,5875,5871
956,1992,2797,3341,3766,4189,4485,4871,5256,5619,5873,5870
955,1991,2798,3344,3767,4187,4484,4873,5257,5617,5872,5868
954,1991,2797,3345,3766,4189,4486,4871,5256,5616,5874,5866
955,1991,2797,3345,3764,4188,4488,4870,5258,5618,5873,5867
956,1992,2796,3344,3765,4186,4486,4872,5256,5616,5872,5870
955,1992,2797,3345,3768,4187,4485,4874,5254,5615,5875,5869
955,1992,2797,3344,3767,4189,4486,4873,5253,5618,5873,5867
956,1992,2795,3344,3766,4188,4489,4872,5255,5616,5871,5870
956,1993,2797,3343,3768,4187,4487,4873,5255,5615,5871,5869
956,1994,2798,3344,3769,4188,4486,4874,5256,5618,5870,5868
955,1994,2798,3346,3768,4186,4488,4876,5258,5617,5873,5868
955,1995,2798,3345,3768,4185,4488,4873,5257,5616,5873,5868
956,1996,2800,3344,3768,4187,4486,4871,5258,5618,5873,5870
956,1995,2799,3346,3770,4189,4484,4873,5261,5616,5874,5867
955,1995,2798,3345,3769,4188,4486,4876,5260,5614,5872,5865
954,1995,2798,3344,3768,4187,4485,4874,5258,5618,5870,5869
953,1996,2799,3346,3770,4190,4485,4873,5262,5617,5872,5868
953,1995,2798,3347,3769,4192,4486,4874,5260,5620,5871,5867
954,1995,2797,3346,3769,4191,4488,4875,5259,5618,5871,5872
953,1995,2798,3345,3770,4189,4487,4874,5261,5618,5873,5870
952,1996,2797,3346,3771,4191,4486,4874,5259,5620,5872,5867
951,1996,2797,3347,3770,4189,4488,4872,5259,5619,5874,5871
952,1995,2798,3346,3769,4188,4490,4874,5260,5619,5873,5869
952,1994,2799,3345,3771,4190,4487,4874,5262,5623,5872,5867
952,1995,2798,3346,3769,4188,4485,4872,5261,5622,5874,5867
952,1996,2799,3348,3768,4187,4486,4870,5265,5620,5874,5867
953,1996,2800,3348,3768,4187,4485,4872,5264,5622,5872,5871
953,1996,2800,3347,3770,4189,4484,4869,5262,5622,5875,5868
954,1997,2800,3349,3771,4188,4483,4867,5264,5621,5873,5867
952,1998,2800,3351,3771,4185,4485,4866,5266,5624,5872,5870
951,1996,2801,3350,3773,4187,4485,4868,5264,5622,5875,5869
952,1995,2799,3349,3774,4189,4483,4870,5263,5621,5872,5868
952,1996,2798,3350,3771,4188,4484,4869,5264,5623,5872,5868
952,1997,2800,3351,3769,4186,4486,4868,5264,5621,5876,5867
951,1997,2798,3350,3771,4188,4485,4869,5263,5620,5873,5869
950,1997,2797,3350,3770,4188,4484,4871,5265,5622,5872,5868
951,1998,2796,3351,3769,4187,4485,4870,5263,5621,5873,5865
952,1998,2797,3352,3768,4189,4484,4869,5261,5624,5872,5869
951,1999,2796,3352,3769,4190,4484,4870,5263,5627,5871,5868
950,1999,2796,3352,3768,4189,4483,4872,5262,5626,5874,5868
951,1999,2798,3354,3768,4187,4486,4871,5261,5624,5874,5871
951,2000,2799,3355,3769,4189,4484,4871,5264,5626,5873,5869
951,2000,2798,3354,3769,4188,4483,4870,5263,5625,5875,5866
951,1999,2797,3352,3768,4186,4480,4870,5262,5623,5873,5866
951,1997,2798,3354,3769,4188,4483,4869,5263,5626,5870,5865
952,1999,2797,3354,3770,4188,4482,4868,5263,5625,5874,5868
952,2000,2796,3353,3769,4187,4480,4867,5262,5625,5872,5868
952,2001,2797,3352,3768,4189,4479,4869,5264,5628,5872,5868
951,2000,2798,3353,3769,4188,4482,4871,5263,5624,5875,5870
951,1998,2797,3355,3768,4186,4484,4870,5263,5623,5871,5868
952,1999,2797,3353,3767,4184,4482,4869,5266,5625,5869,5865
952,2000,2798,3351,3767,4185,4480,4871,5265,5624,5872,5868
952,1999,2797,3353,3769,4185,4482,4872,5263,5624,5871,5867
952,1997,2796,3355,3768,4184,4483,4870,5266,5627,5870,5867
952,1998,2798,3354,3766,4186,4483,4869,5264,5626,5874,5871
953,2000,2798,3353,3768,4188,4481,4870,5262,5624,5873,5870
952,1999,2798,3353,3769,4188,4480,4871,5263,5626,5871,5868
951,1999,2799,3353,3767,4187,4483,4871,5264,5628,5873,5870
950,1999,2799,3353,3766,4189,4482,4870,5263,5626,5871,5870
951,2000,2798,3352,3767,4187,4481,4872,5265,5625,5870,5868
951,2001,2797,3352,3766,4186,4479,4873,5264,5628,5873,5872
950,1999,2798,3352,3766,4184,4481,4871,5263,5628,5872,5872
950,1998,2797,3352,3766,4187,4480,4871,5265,5627,5875,5871
950,1999,2796,3352,3767,4185,4479,4872,5263,5627,5874,5874
950,2000,2797,3354,3766,4184,4478,4874,5261,5631,5872,5872
951,1998,2799,3354,3765,4186,4480,4872,5265,5628,5874,5870
950,1998,2798,3354,3765,4186,4480,4872,5264,5626,5873,5868
950,1998,2797,3352,3767,4185,4480,4870,5263,5629,5873,5866
950,1999,2799,3353,3766,4183,4479,4872,5265,5628,5876,5870
951,1999,2798,3354,3765,4184,4479,4873,5262,5626,5875,5869
952,1999,2798,3352,3766,4183,4481,4871,5261,5628,5874,5867
952,1998,2799,3350,3765,4182,4480,4869,5263,5630,5872,5870
953,1999,2799,3352,3764,4184,4479,4871,5262,5628,5871,5869
953,2000,2798,3352,3767,4185,4480,4869,5262,5626,5874,5867
952,1999,2799,3352,3769,4184,4482,4867,5264,5628,5872,5869
951,1998,2798,3352,3768,4183,4480,4867,5263,5627,5871,5870
952,1999,2798,3353,3766,4186,4478,4869,5261,5626,5874,5869
952,2001,2798,3354,3768,4185,4476,4870,5263,5628,5873,5866
952,2001,2799,3354,3767,4184,4478,4868,5262,5626,5871,5864
953,2000,2799,3353,3766,4182,4479,4866,5261,5624,5873,5867
952,1999,2798,3354,3764,4184,4478,4868,5263,5627,5872,5866
952,2001,2800,3355,3766,4183,4476,4870,5263,5629,5871,5865
952,2001,2799,3353,3764,4181,4475,4869,5263,5628,5875,5869
953,2000,2798,3351,3763,4182,4477,4868,5264,5627,5874,5868
952,1998,2799,3353,3761,4184,4476,4871,5262,5630,5871,5865
952,1997,2801,3354,3764,4183,4476,4873,5260,5627,5873,5867
952,1998,2801,3353,3764,4183,4475,4870,5263,5626,5873,5866
952,1998,2801,3353,3762,4185,4476,4868,5260,5628,5871,5864
952,1998,2802,3355,3763,4184,4478,4867,5259,5627,5869,5867
953,1998,2800,3354,3763,4182,4476,4868,5262,5626,5868,5866
954,1998,2799,3353,3762,4183,4475,4871,5261,5629,5871,5866
955,1998,2800,3351,3762,4183,4474,4869,5258,5628,5871,5868
955,1998,2801,3352,3762,4181,4475,4868,5257,5626,5869,5866
955,1998,2801,3351,3762,4180,4475,4871,5260,5628,5871,5866
956,1999,2800,3350,3761,4182,4475,4872,5257,5626,5870,5864
956,1999,2801,3351,3761,4182,4478,4870,5256,5625,5868,5864
956,1999,2800,3352,3763,4181,4476,4869,5258,5627,5870,5867
957,1999,2799,3352,3762,4183,4474,4871,5259,5626,5870,5866
957,2000,2800,3351,3760,4182,4472,4873,5258,5625,5870,5864
956,2001,2800,3349,3758,4180,4475,4872,5261,5628,5872,5866
956,2001,2799,3351,3759,4181,4474,4870,5258,5629,5869,5864
957,2000,2800,3351,3759,4183,4472,4873,5256,5626,5867,5863
957,2001,2801,3353,3758,4183,4471,4875,5258,5624,5870,5867
956,2001,2800,3353,3760,4181,4473,4873,5258,5626,5868,5866
955,2000,2799,3355,3761,4183,4476,4871,5257,5624,5867,5866
955,1999,2799,3352,3760,4183,4475,4873,5261,5623,5870,5868
956,1999,2798,3348,3759,4182,4473,4875,5260,5626,5868,5866
955,2000,2798,3347,3762,4185,4475,4873,5259,5627,5867,5869
954,1998,2798,3348,3763,4184,4476,4870,5260,5625,5870,5868
954,1998,2800,3346,3762,4183,4474,4869,5260,5623,5867,5866
955,1997,2798,3344,3761,4184,4472,4872,5259,5625,5865,5870
953,1998,2798,3343,3762,4185,4474,4870,5261,5624,5865,5869
953,1998,2798,3344,3761,4184,4477,4868,5259,5623,5865,5868
953,1998,2800,3345,3760,4183,4476,4870,5259,5627,5868,5866
953,1997,2799,3346,3759,4185,4474,4872,5262,5625,5865,5864
953,1998,2800,3346,3760,4184,4476,4870,5261,5623,5863,5863
953,1997,2801,3347,3761,4184,4477,4868,5259,5625,5867,5866
953,1997,2800,3349,3761,4182,4476,4866,5261,5623,5866,5865
954,1997,2800,3347,3763,4184,4474,4869,5260,5621,5865,5864
954,1998,2799,3345,3765,4182,4473,4872,5259,5623,5865,5867
954,1999,2800,3346,3763,4181,4475,4869,5258,5623,5865,5866
954,1999,2799,3347,3762,4180,4474,4868,5261,5621,5866,5865
954,1998,2798,3346,3763,4181,4474,4869,5260,5624,5865,5868
954,1996,2799,3344,3761,4181,4476,4871,5258,5622,5863,5865
954,1998,2798,3346,3760,4179,4478,4869,5260,5620,5865,5869
955,1997,2797,3347,3761,4182,4476,4866,5258,5622,5864,5869
955,1997,2796,3346,3764,4181,4475,4865,5257,5621,5864,5868
955,1997,2798,3344,3762,4181,4477,4868,5259,5620,5867,5870
955,1997,2797,3346,3761,4179,4479,4870,5257,5624,5865,5868
955,1999,2797,3348,3764,4181,4478,4868,5256,5625,5864,5868
955,1998,2798,3346,3765,4179,4477,4866,5259,5624,5867,5870
956,1998,2799,3344,3765,4178,4479,4868,5258,5623,5865,5869
956,1999,2798,3342,3764,4180,4482,4869,5256,5624,5863,5868
956,1999,2800,3344,3764,4179,4480,4868,5257,5623,5868,5871
957,1998,2801,3343,3764,4178,4479,4868,5255,5622,5866,5869
957,1998,2800,3342,3764,4180,4477,4868,5254,5626,5864,5867
957,1999,2798,3341,3762,4182,4478,4870,5256,5624,5866,5869
958,1999,2800,3343,3764,4181,4480,4868,5259,5621,5864,5869
957,2000,2799,3341,3762,4181,4479,4866,5258,5624,5862,5867
957,1999,2798,3340,3762,4181,4478,4864,5261,5621,5865,5867
957,1999,2799,3339,3762,4179,4481,4865,5260,5620,5865,5865
958,2000,2800,3340,3763,4178,4483,4868,5259,5623,5865,5869
958,2001,2799,3343,3763,4180,4482,4865,5261,5621,5862,5866
957,2000,2798,3340,3762,4182,4481,4864,5259,5620,5859,5865
958,2000,2799,3338,3761,4181,4482,4867,5257,5622,5858,5868
957,2000,2799,3339,3762,4180,4483,4869,5260,5620,5857,5866
958,2000,2800,3339,3763,4183,4482,4867,5260,5618,5855,5866
958,2000,2801,3339,3762,4182,4481,4865,5258,5621,5859,5870
957,2000,2802,3338,3760,4181,4483,4865,5256,5619,5858,5867
956,1999,2801,3339,3762,4182,4485,4866,5258,5618,5856,5869
955,1999,2800,3338,3761,4181,4484,4868,5258,5622,5859,5868
955,2000,2801,3337,3761,4180,4483,4867,5256,5621,5857,5866
955,2000,2800,3339,3760,4182,4485,4866,5259,5619,5856,5870
955,1998,2800,3341,3763,4183,4486,4868,5259,5617,5858,5869
956,1999,2801,3341,3761,4182,4484,4870,5259,5615,5857,5868
955,2001,2802,3340,3761,4181,4483,4869,5260,5617,5856,5871
956,1999,2801,3341,3762,4183,4485,4868,5262,5616,5859,5868
954,1998,2800,3342,3763,4184,4484,4870,5261,5616,5856,5867
954,1997,2802,3340,3762,4182,4482,4872,5264,5619,5855,5870
954,1997,2803,3340,3761,4181,4482,4870,5265,5618,5857,5867
954,1999,2802,3341,3761,4182,4484,4868,5264,5617,5857,5867
954,1999,2801,3343,3762,4181,4486,4872,5264,5619,5855,5870
955,1999,2803,3341,3762,4180,4485,4874,5267,5618,5859,5869
956,2000,2802,3340,3764,4182,4483,4871,5265,5616,5858,5866
956,2001,2801,3342,3766,4183,4485,4869,5263,5619,5857,5864
956,2000,2800,3343,3765,4183,4484,4868,5264,5619,5858,5863
957,2000,2802,3343,3764,4182,4483,4870,5263,5618,5858,5866
956,1999,2800,3342,3765,4185,4481,4871,5262,5621,5861,5866
955,1999,2798,3343,3764,4183,4484,4870,5264,5619,5860,5866
956,1999,2799,3343,3762,4181,4486,4869,5264,5618,5860,5870
956,1999,2799,3343,3764,4183,4485,4872,5262,5620,5863,5867
956,2000,2799,3341,3765,4182,4483,4874,5261,5619,5861,5865
956,2000,2800,3343,3764,4181,4484,4872,5263,5620,5858,5864
956,2001,2800,3342,3762,4183,4483,4871,5260,5623,5861,5863
956,2000,2800,3341,3765,4182,4481,4872,5258,5621,5860,5867
956,1999,2800,3343,3767,4181,4480,4874,5260,5618,5859,5866
956,1998,2802,3345,3766,4184,4482,4872,5259,5620,5863,5865
955,1998,2802,3344,3765,4185,4483,4872,5259,5619,5862,5863
956,1997,2801,3343,3767,4185,4483,4872,5262,5619,5859,5861
956,1996,2800,3344,3765,4183,4482,4873,5260,5621,5861,5864
956,1995,2801,3343,3763,4185,4483,4875,5262,5621,5860,5863
956,1997,2800,3342,3765,4183,4485,4874,5264,5623,5859,5862
956,1997,2798,3340,3763,4182,4483,4873,5263,5625,5862,5867
956,1997,2799,3342,3762,4184,4483,4875,5261,5623,5861,5866
956,1997,2800,3342,3760,4182,4484,4876,5264,5622,5860,5864
957,1998,2800,3341,3763,4180,4485,4875,5264,5624,5862,5866
957,1999,2799,3339,3762,4180,4484,4874,5263,5622,5861,5865
957,1998,2799,3340,3760,4183,4484,4877,5266,5621,5860,5868
957,1997,2798,3340,3761,4182,4486,4878,5264,5624,5863,5866
958,1998,2798,3341,3762,4180,4485,4876,5262,5624,5865,5866
957,1998,2799,3341,3762,4182,4483,4873,5265,5620,5864,5870
957,1997,2802,3342,3762,4183,4484,4875,5263,5623,5868,5868
957,1996,2800,3344,3763,4182,4486,4877,5263,5622,5866,5866
957,1998,2799,3343,3765,4181,4485,4876,5266,5620,5865,5869
957,1998,2801,3341,3764,4183,4484,4874,5266,5623,5867,5868
956,1997,2800,3342,3764,4182,4486,4873,5264,5622,5865,5870
955,1995,2798,3342,3765,4182,4487,4875,5266,5621,5863,5869
956,1995,2799,3341,3767,4184,4488,4874,5264,5623,5862,5869
956,1995,2799,3339,3766,4186,4487,4871,5262,5622,5866,5872
956,1994,2800,3340,3765,4184,4488,4873,5264,5622,5864,5869
956,1993,2799,3341,3766,4183,4487,4877,5263,5624,5862,5867
956,1993,2800,3341,3765,4185,4486,4874,5263,5623,5864,5870
957,1994,2799,3344,3765,4184,4486,4873,5265,5623,5862,5867
956,1994,2799,3345,3766,4183,4487,4875,5263,5626,5862,5866
955,1994,2799,3344,3765,4184,4486,4877,5261,5625,5864,5869
955,1994,2799,3343,3764,4186,4486,4877,5264,5623,5863,5869
955,1995,2798,3344,3766,4185,4488,4875,5262,5624,5862,5867
955,1997,2800,3343,3769,4184,4490,4875,5261,5623,5864,5867
956,1995,2801,3343,3768,4186,4489,4877,5263,5621,5862,5865
956,1994,2800,3342,3767,4185,4486,4876,5263,5623,5862,5868
956,1995,2799,3344,3768,4182,4488,4875,5262,5623,5864,5868
957,1995,2799,3342,3766,4181,4487,4877,5264,5623,5863,5868
957,1994,2800,3342,3765,4183,4487,4879,5263,5624,5862,5870
957,1994,2799,3344,3765,4182,4485,4878,5263,5622,5866,5868
955,1994,2800,3345,3766,4180,4487,4876,5265,5620,5864,5867
956,1994,2802,3345,3765,4182,4490,4877,5264,5623,5865,5870
957,1995,2800,3345,3764,4185,4489,4878,5263,5621,5868,5867
956,1994,2798,3347,3766,4184,4488,4876,5266,5620,5867,5865
954,1993,2799,3345,3768,4183,4489,4875,5265,5623,5865,5870
955,1993,2798,3343,3767,4184,4489,4873,5263,5622,5864,5868
956,1994,2798,3344,3766,4182,4487,4874,5265,5620,5862,5865
955,1994,2798,3345,3767,4181,4490,4878,5263,5623,5860,5868
955,1993,2799,3344,3766,4180,4491,4876,5261,5620,5858,5865
955,1995,2799,3343,3765,4181,4490,4875,5263,5619,5857,5863
956,1996,2798,3344,3767,4180,4491,4874,5263,5622,5859,5863
956,1997,2799,3345,3769,4179,4493,4876,5262,5621,5857,5864
957,1996,2798,3345,3767,4181,4493,4875,5265,5620,5856,5868
956,1995,2797,3345,3766,4181,4491,4874,5264,5621,5859,5869
957,1997,2797,3347,3767,4180,4493,4871,5263,5620,5858,5867
958,1996,2799,3346,3768,4178,4494,4875,5264,5618,5855,5867
957,1996,2798,3345,3768,4181,4493,4874,5263,5620,5858,5869
957,1995,2797,3343,3766,4179,4492,4873,5261,5619,5857,5868
957,1995,2798,3344,3768,4178,4493,4875,5264,5619,5855,5867
958,1996,2797,3343,3766,4180,4492,4875,5263,5623,5858,5867
958,1995,2797,3342,3765,4179,4491,4875,5263,5620,5858,5867
958,1994,2799,3343,3766,4178,4491,4874,5264,5617,5857,5869
958,1995,2800,3345,3767,4181,4493,4876,5263,5620,5855,5868
959,1996,2799,3343,3767,4180,4490,4877,5262,5618,5854,5866
959,1996,2798,3344,3766,4180,4489,4876,5265,5617,5857,5869
959,1996,2800,3345,3768,4181,4487,4874,5263,5619,5856,5870
958,1997,2798,3346,3767,4182,4489,4872,5262,5619,5856,5870
958,1998,2797,3346,3766,4181,4489,4873,5265,5622,5859,5873
958,1997,2797,3345,3765,4180,4487,4875,5264,5620,5858,5872
958,1997,2798,3346,3767,4182,4490,4873,5262,5617,5855,5874
959,1998,2797,3346,3765,4180,4493,4871,5260,5615,5853,5873
959,1999,2796,3346,3763,4179,4491,4873,5262,5614,5855,5872
958,1998,2797,3344,3765,4179,4488,4875,5260,5613,5853,5875
957,1997,2797,3346,3767,4181,4490,4875,5259,5616,5853,5875
958,1997,2796,3347,3766,4180,4489,4874,5261,5616,5857,5874
958,1998,2797,3346,3765,4178,4487,4876,5261,5614,5856,5876
958,1996,2798,3344,3766,4179,4486,4876,5259,5616,5854,5874
958,1995,2798,3346,3766,4178,4488,4874,5261,5614,5857,5871
957,1994,2799,3348,3765,4177,4487,4871,5260,5612,5855,5874
956,1996,2800,3347,3768,4176,4487,4872,5258,5616,5854,5874
957,1994,2801,3345,3769,4177,4489,4875,5261,5614,5857,5877
957,1993,2800,3346,3767,4176,4491,4874,5259,5614,5856,5876
956,1993,2798,3348,3768,4177,4489,4873,5259,5617,5855,5874
954,1994,2799,3346,3769,4179,4489,4876,5262,5616,5856,5876
955,1994,2798,3344,3769,4178,4490,4876,5261,5614,5854,5874
956,1993,2797,3345,3768,4177,4488,4875,5260,5613,5852,5872
955,1993,2798,3346,3769,4178,4487,4873,5261,5612,5855,5875
953,1993,2799,3345,3767,4177,4488,4871,5260,5614,5854,5875
952,1993,2798,3344,3766,4176,4492,4872,5259,5613,5854,5876
952,1994,2796,3346,3769,4178,4494,4875,5261,5613,5857,5878
952,1993,2798,3348,3771,4179,4492,4874,5263,5616,5856,5875
952,1993,2798,3347,3769,4178,4491,4873,5263,5615,5853,5874
950,1993,2798,3346,3767,4178,4492,4875,5262,5613,5856,5877
952,1995,2800,3345,3768,4180,4490,4872,5264,5615,5856,5875
952,1994,2800,3346,3768,4179,4490,4870,5262,5615,5855,5879
953,1994,2800,3345,3767,4178,4491,4869,5261,5613,5858,5879
952,1993,2799,3344,3769,4179,4493,4871,5263,5618,5858,5877
951,1993,2800,3345,3767,4178,4493,4873,5262,5616,5857,5879
952,1992,2801,3346,3766,4177,4492,4873,5261,5618,5855,5877
953,1990,2800,3344,3765,4179,4494,4871,5265,5616,5855,5876
953,1989,2799,3343,3768,4178,4492,4874,5264,5614,5857,5874
953,1990,2800,3345,3770,4176,4491,4874,5262,5617,5855,5875
952,1991,2800,3346,3768,4176,4490,4873,5264,5615,5854,5877
952,1990,2800,3345,3767,4179,4491,4871,5262,5615,5858,5876
953,1989,2801,3344,3768,4177,4490,4873,5261,5618,5856,5873
953,1990,2802,3345,3767,4176,4489,4875,5263,5617,5854,5876
952,1989,2801,3347,3765,4177,4491,4873,5262,5614,5857,5874
952,1987,2800,3345,3767,4177,4491,4871,5261,5617,5854,5871
952,1986,2802,3344,3766,4176,4490,4874,5264,5615,5852,5876
952,1987,2802,3344,3765,4178,4492,4872,5262,5612,5856,5874
951,1988,2801,3346,3764,4180,4492,4869,5260,5615,5859,5872
949,1988,2802,3345,3766,4179,4491,4867,5262,5615,5859,5874
949,1988,2802,3343,3766,4178,4489,4869,5261,5614,5860,5871
949,1989,2801,3345,3764,4181,4491,4871,5260,5615,5859,5870
950,1990,2802,3347,3765,4183,4493,4870,5262,5614,5859,5872
950,1991,2802,3346,3766,4181,4492,4868,5262,5613,5861,5872
951,1990,2803,3344,3766,4179,4492,4871,5261,5616,5860,5872
952,1989,2804,3346,3765,4180,4494,4873,5264,5613,5859,5875
951,1990,2803,3348,3767,4179,4493,4871,5261,5613,5862,5872
951,1990,2805,3346,3766,4177,4492,4869,5260,5616,5860,5875
950,1990,2803,3344,3765,4179,4493,4871,5263,5615,5858,5873
949,1989,2803,3341,3765,4177,4494,4873,5264,5615,5860,5872
949,1990,2804,3344,3767,4176,4493,4871,5262,5617,5860,5875
949,1991,2803,3341,3766,4179,4491,4869,5261,5614,5858,5874
950,1991,2803,3340,3765,4178,4490,4872,5264,5612,5863,5873
951,1991,2802,3342,3767,4175,4492,4874,5263,5615,5862,5876
951,1991,2802,3343,3765,4172,4492,4873,5261,5615,5859,5874
952,1992,2801,3341,3764,4174,4491,4870,5264,5614,5862,5872
951,1992,2800,3340,3765,4173,4489,4872,5262,5613,5860,5874
950,1991,2801,3342,3766,4173,4491,4873,5261,5611,5858,5873
951,1990,2802,3343,3766,4174,4489,4872,5263,5614,5857,5877
951,1991,2800,3342,3764,4173,4487,4870,5264,5612,5857,5877
951,1992,2799,3340,3766,4173,4488,4868,5262,5610,5860,5876
951,1992,2800,3342,3768,4175,4491,4871,5265,5613,5858,5877
950,1992,2799,3343,3767,4177,4490,4872,5263,5613,5856,5877
951,1991,2798,3342,3767,4176,4490,4871,5261,5612,5854,5876
951,1993,2800,3341,3768,4174,4492,4869,5263,5613,5853,5878
951,1993,2801,3343,3768,4175,4493,4868,5263,5613,5851,5877
951,1993,2801,3341,3768,4174,4492,4869,5261,5613,5855,5877
951,1992,2801,3340,3767,4174,4490,4868,5264,5615,5855,5875
951,1992,2802,3339,3768,4175,4491,4866,5263,5614,5854,5873
952,1993,2801,3341,3768,4174,4490,4864,5262,5614,5856,5876
952,1992,2800,3342,3767,4174,4489,4868,5263,5614,5855,5874
952,1991,2800,3342,3769,4174,4489,4870,5261,5613,5854,5873
952,1992,2802,3341,3771,4176,4491,4867,5260,5614,5857,5875
953,1993,2801,3341,3770,4175,4490,4866,5262,5613,5857,5876
951,1992,2800,3340,3769,4174,4489,4867,5261,5612,5856,5874
950,1991,2800,3339,3770,4175,4490,4869,5261,5614,5859,5876
950,1989,2802,3337,3769,4174,4488,4867,5264,5613,5856,5875
951,1990,2801,3339,3768,4173,4486,4867,5262,5611,5854,5877
951,1992,2800,3338,3768,4174,4485,4870,5260,5614,5857,5875
951,1990,2801,3336,3769,4174,4487,4872,5263,5612,5855,5874
951,1990,2802,3338,3768,4174,4485,4870,5261,5611,5855,5876
951,1992,2802,3340,3766,4176,4484,4867,5260,5614,5859,5878
951,1992,2801,3342,3768,4179,4486,4869,5262,5612,5858,5877
950,1992,2802,3341,3771,4177,4488,4871,5261,5609,5856,5877
949,1992,2801,3341,3771,4176,4487,4870,5260,5614,5858,5875
950,1992,2801,3341,3770,4177,4484,4869,5262,5613,5857,5874
950,1993,2801,3340,3771,4176,4483,4871,5259,5615,5855,5877
950,1993,2802,3339,3772,4176,4485,4870,5257,5613,5858,5877
949,1993,2801,3338,3771,4174,4487,4869,5260,5613,5858,5876
950,1992,2800,3340,3770,4177,4485,4866,5262,5616,5857,5877
950,1993,2801,3340,3771,4176,4483,4868,5261,5614,5855,5876
950,1993,2801,3340,3769,4175,4486,4870,5260,5613,5853,5874
949,1992,2800,3340,3769,4176,4485,4869,5264,5616,5856,5877
949,1992,2802,3342,3768,4177,4484,4867,5262,5614,5855,5875
950,1992,2803,3344,3769,4176,4481,4869,5260,5611,5854,5875
950,1993,2802,3342,3770,4174,4483,4872,5262,5614,5858,5878
950,1992,2801,3342,3769,4176,4486,4871,5261,5613,5858,5875
948,1991,2802,3343,3770,4175,4484,4870,5260,5612,5856,5874
948,1990,2803,3343,3768,4173,4482,4871,5262,5614,5858,5872
948,1991,2802,3343,3766,4173,4485,4872,5262,5614,5856,5870
948,1990,2801,3343,3765,4175,4485,4870,5261,5613,5859,5872
949,1990,2801,3344,3766,4175,4484,4869,5263,5615,5862,5872
949,1991,2801,3343,3766,4174,4482,4870,5261,5614,5862,5871
949,1992,2800,3342,3764,4176,4484,4873,5264,5613,5861,5874
949,1991,2801,3341,3764,4174,4485,4872,5262,5615,5859,5872
950,1991,2800,3342,3766,4172,4484,4871,5261,5614,5858,5871
949,1990,2799,3343,3765,4174,4482,4873,5260,5618,5861,5874
949,1991,2801,3342,3765,4176,4484,4874,5263,5617,5859,5872
950,1992,2801,3342,3764,4175,4486,4872,5263,5615,5857,5870
951,1991,2801,3343,3765,4173,4486,4870,5262,5616,5861,5873
951,1990,2801,3341,3766,4175,4485,4868,5263,5615,5861,5873
951,1990,2802,3339,3764,4175,4487,4870,5261,5614,5859,5871
950,1991,2801,3340,3763,4174,4489,4873,5260,5617,5861,5870
951,1990,2800,3342,3764,4175,4487,4872,5263,5616,5859,5870
951,1990,2802,3341,3766,4173,4486,4872,5262,5615,5858,5872
950,1989,2802,3340,3765,4171,4488,4872,5265,5619,5858,5875
950,1990,2800,3342,3766,4169,4486,4873,5267,5617,5857,5874
950,1990,2799,3342,3768,4171,4485,4872,5266,5614,5861,5877
950,1991,2800,3342,3767,4170,4484,4870,5267,5618,5860,5875
951,1990,2800,3342,3766,4169,4487,4872,5267,5616,5858,5874
951,1991,2799,3341,3764,4172,4489,4874,5266,5618,5857,5877
952,1991,2799,3342,3765,4171,4487,4874,5268,5618,5855,5874
952,1990,2800,3344,3765,4171,4485,4873,5267,5618,5852,5874
952,1991,2799,3342,3765,4173,4487,4876,5266,5620,5856,5878
951,1991,2799,3340,3766,4171,4486,4877,5269,5618,5859,5877
950,1993,2801,3342,3765,4170,4484,4874,5267,5615,5859,5875
951,1992,2800,3343,3764,4170,4486,4872,5265,5619,5860,5874
952,1992,2799,3342,3763,4171,4488,4871,5267,5617,5859,5872
950,1992,2800,3341,3766,4170,4487,4872,5270,5615,5857,5874
949,1993,2800,3340,3765,4169,4487,4875,5268,5619,5860,5877
950,1992,2799,3342,3763,4171,4488,4875,5270,5617,5859,5877
949,1991,2799,3343,3764,4172,4489,4874,5270,5614,5859,5880
950,1991,2799,3343,3765,4171,4487,4876,5269,5616,5863,5877
949,1992,2798,3343,3765,4173,4485,4876,5267,5615,5860,5875
949,1991,2798,3344,3765,4172,4486,4874,5269,5613,5859,5878
950,1992,2800,3343,3767,4171,4488,4872,5267,5615,5862,5877
950,1992,2798,3342,3767,4170,4487,4874,5265,5614,5861,5876
950,1993,2798,3343,3766,4172,4487,4876,5268,5618,5860,5880
949,1991,2800,3344,3768,4171,4489,4876,5266,5617,5864,5878
949,1991,2800,3343,3771,4170,4491,4873,5266,5614,5862,5875
949,1992,2801,3342,3769,4172,4489,4871,5269,5616,5860,5874
950,1992,2801,3343,3769,4172,4487,4872,5267,5618,5863,5872
949,1992,2801,3345,3770,4171,4489,4871,5266,5617,5861,5870
949,1991,2801,3345,3771,4173,4491,4869,5268,5616,5861,5872
948,1991,2800,3345,3769,4175,4490,4868,5266,5619,5863,5871
948,1992,2801,3347,3768,4173,4489,4869,5263,5619,5863,5869
949,1992,2801,3346,3769,4174,4490,4868,5266,5617,5862,5867
948,1992,2800,3344,3768,4173,4490,4867,5266,5615,5864,5866
947,1993,2800,3342,3766,4171,4489,4867,5265,5614,5862,5869
947,1993,2799,3343,3764,4174,4491,4868,5267,5616,5861,5866
947,1994,2800,3345,3767,4173,4491,4866,5265,5616,5863,5864
947,1993,2800,3343,3767,4173,4490,4864,5263,5616,5863,5867
947,1992,2799,3343,3767,4175,4488,4863,5266,5619,5866,5870
947,1993,2800,3344,3768,4173,4490,4865,5264,5618,5865,5869
948,1993,2802,3345,3769,4171,4488,4867,5263,5616,5864,5867
948,1993,2802,3345,3767,4173,4487,4866,5267,5618,5866,5870
949,1993,2802,3345,3766,4176,4486,4865,5266,5617,5864,5868
949,1993,2804,3347,3768,4175,4489,4867,5264,5616,5863,5866
949,1993,2804,3346,3767,4174,4487,4869,5266,5619,5865,5870
950,1994,2803,3345,3767,4176,4485,4866,5268,5619,5865,5869
950,1994,2802,3344,3768,4176,4487,4865,5266,5618,5864,5871
950,1994,2803,3344,3770,4175,4486,4866,5265,5620,5867,5869
950,1994,2804,3346,3769,4177,4485,4868,5264,5618,5865,5866
950,1995,2803,3345,3768,4175,4484,4866,5264,5617,5863,5869
951,1995,2802,3343,3770,4174,4485,4865,5263,5616,5865,5869
950,1994,2803,3345,3769,4176,4485,4864,5265,5615,5864,5869
949,1995,2802,3344,3767,4177,4485,4864,5264,5618,5862,5872
949,1996,2802,3341,3769,4176,4487,4866,5263,5616,5866,5871
950,1997,2802,3340,3768,4175,4488,4864,5265,5615,5865,5869
950,1997,2804,3342,3766,4177,4486,4863,5263,5614,5863,5867
950,1997,2802,3341,3765,4176,4484,4861,5263,5611,5865,5866
949,1998,2801,3340,3767,4175,4486,4863,5266,5610,5864,5868
949,1998,2800,3339,3767,4174,4488,4863,5266,5613,5867,5867
950,1997,2801,3340,3767,4176,4487,4863,5264,5611,5865,5866
949,1996,2800,3339,3769,4174,4487,4865,5262,5611,5865,5869
949,1996,2799,3337,3768,4173,4489,4866,5260,5613,5868,5867
949,1997,2800,3335,3766,4175,4491,4864,5263,5612,5866,5865
949,1996,2800,3337,3768,4177,4490,4863,5265,5608,5864,5867
949,1996,2800,3336,3768,4176,4489,4865,5264,5611,5866,5865
949,1996,2801,3335,3767,4178,4491,4867,5263,5610,5865,5863
949,1996,2802,3337,3766,4179,4492,4865,5266,5609,5864,5868
949,1997,2801,3338,3768,4179,4491,4865,5264,5613,5869,5867
948,1996,2801,3338,3767,4177,4490,4864,5262,5612,5867,5865
949,1995,2802,3337,3767,4180,4492,4866,5264,5611,5865,5867
949,1996,2801,3339,3766,4178,4495,4864,5263,5612,5867,5866
950,1996,2801,3340,3768,4176,4494,4863,5261,5611,5865,5863
948,1996,2800,3338,3767,4178,4492,4862,5264,5611,5863,5862
948,1996,2801,3337,3766,4180,4493,4864,5264,5613,5866,5862
949,1997,2801,3338,3766,4178,4492,4862,5263,5612,5866,5866
949,1998,2799,3340,3769,4177,4490,4862,5265,5611,5870,5863
948,1998,2800,3338,3767,4180,4489,4865,5263,5615,5867,5861
947,1997,2799,3336,3765,4179,4490,4867,5262,5612,5865,5864
949,1998,2800,3337,3767,4179,4489,4864,5265,5611,5868,5863
949,1998,2801,3339,3767,4180,4488,4862,5263,5613,5866,5862
949,1997,2800,3340,3767,4181,4491,4861,5262,5612,5864,5866
949,1996,2801,3339,3769,4179,4492,4863,5265,5611,5867,5865
949,1996,2800,3341,3771,4178,4490,4862,5264,5615,5867,5867
0,1997,2801,3342,3770,4180,4488,4861,5263,5615,5865,5865
0,1996,2800,3340,3768,4178,4490,4864,5264,5614,5867,5863
0,1995,2799,3338,3769,4177,4492,4867,5262,5617,5865,5866
0,1997,2801,3336,3769,4177,4490,4864,5261,5614,5864,5865
0,1997,2803,3337,3768,4179,4488,4861,5264,5614,5866,5865
0,1997,2802,3336,3769,4178,4490,4863,5266,5616,5865,5869
0,1996,2802,3335,3769,4178,4493,4865,5266,5614,5865,5867
0,1995,2802,3335,3768,4179,4493,4863,5268,5614,5864,5864
0,1996,2801,3336,3766,4177,4493,4862,5271,5617,5861,5866
0,1995,2800,3335,3769,4177,4494,4864,5268,5615,5859,5865
0,1994,2801,3334,3769,4178,4492,4867,5267,5613,5864,5864
0,1994,2802,3336,3768,4180,4490,4866,5270,5615,5861,5867
0,1995,2801,3337,3769,4178,4488,4864,5268,5615,5860,5865
0,1996,2800,3336,3770,4177,4490,4866,5267,5617,5864,5869
0,1995,2801,3335,3768,4179,4489,4868,5271,5617,5862,5867
0,1994,2800,3335,3767,4178,4488,4866,5270,5617,5861,5864
0,1995,2798,3336,3769,4177,4491,4864,5268,5620,5863,5867
0,1996,2798,3334,3768,4177,4493,4866,5269,5618,5862,5867
0,1994,2801,3333,3767,4180,4491,4868,5268,5617,5860,5866
0,1993,2799,3332,3769,4178,4489,4867,5267,5620,5862,5866
0,1994,2799,3333,3768,4177,4492,4866,5269,5619,5862,5865
0,1995,2800,3333,3769,4179,4489,4867,5268,5618,5861,5867
0,1994,2798,3334,3770,4178,4488,4868,5268,5621,5863,5864
0,1994,2797,3334,3771,4177,4489,4871,5270,5620,5862,5862
0,1994,2796,3335,3768,4180,4492,4869,5268,5619,5859,5862
0,1994,2797,3335,3766,4182,4491,4867,5265,5621,5862,5863
0,1995,2797,3334,3768,4180,4491,4870,5268,5620,5861,5864
0,1994,2796,3334,3769,4178,4492,4869,5270,5617,5861,5865
0,1993,2797,3335,3769,4180,4493,4868,5268,5620,5864,5867
0,1992,2797,3334,3768,4179,4491,4866,5271,5620,5862,5865
0,1993,2796,3334,3770,4178,4490,4867,5275,5620,5860,5865
0,1992,2797,3334,3772,4180,4491,4869,5274,5621,5862,5863
0,1992,2798,3335,3772,4182,4490,4868,5272,5620,5861,5861
0,1992,2798,3336,3771,4181,4489,0,5274,5619,5860,5865
0,1993,2798,3336,3771,4180,4491,0,5272,5621,5863,5864
0,1993,0,3338,3771,4183,4491,0,5275,5619,5863,5861
0,1993,0,3339,3770,4181,4488,0,5277,5618,5861,5860
0,0,0,3339,3772,4180,4490,0,5276,5621,5863,5862
0,0,0,3338,3770,4181,0,0,5275,5621,5862,5860
0,0,0,0,3770,4183,0,0,5278,0,5861,5857
0,0,0,0,0,4182,0,0,5276,0,5863,5861
0,0,0,0,0,4181,0,0,5274,0,0,0
0,0,0,0,0,0,0,0,5276,0,0,0
0,0,0,0,0,0,0,0,5274,0,0,0
