946
944
945
946
945
944
944
944
945
944
943
942
943
944
943
942
941
942
942
942
942
941
943
941
941
942
942
941
941
941
942
941
941
941
942
942
942
942
941
941
942
942
941
941
941
942
941
940
941
942
942
942
943
942
943
943
943
944
943
943
942
942
942
942
943
942
942
942
942
940
941
942
941
940
940
939
940
941
941
941
942
942
942
941
941
942
941
940
941
941
941
941
941
941
942
941
941
941
941
942
942
941
941
941
941
941
940
941
941
941
940
940
941
941
940
939
939
939
940
940
940
941
941
941
940
941
941
941
940
941
941
941
942
941
941
941
941
941
941
941
940
939
940
941
940
939
939
939
940
939
939
940
940
939
939
939
938
939
939
939
939
939
940
939
940
940
940
940
940
940
940
940
941
940
940
940
939
940
940
940
939
939
940
941
939
939
939
940
939
939
939
939
940
940
939
940
940
939
938
938
938
938
938
937
938
938
938
938
939
939
939
939
939
940
940
940
940
941
941
941
941
940
939
939
940
940
940
939
939
940
941
941
942
942
942
942
942
943
942
942
942
942
942
942
941
942
942
941
941
940
940
941
941
941
941
941
941
940
940
940
941
940
939
939
939
939
939
939
940
938
937
936
937
939
938
936
936
937
937
937
936
936
937
937
937
938
938
939
937
936
935
935
936
935
935
936
937
936
936
936
937
936
937
937
936
937
937
937
936
936
937
936
935
934
935
936
935
934
932
934
934
933
933
933
934
934
935
935
935
936
935
936
936
936
936
936
936
936
937
936
936
936
936
937
937
937
937
938
937
937
937
936
937
936
936
937
937
937
937
937
938
939
939
938
939
940
940
940
940
941
941
941
940
941
941
940
939
939
939
939
939
939
939
939
938
939
938
939
939
939
938
939
938
938
937
936
937
937
936
936
936
936
936
935
936
936
936
937
937
938
938
938
938
939
939
939
939
939
939
939
939
939
939
940
939
938
938
938
939
938
938
938
937
938
937
936
935
934
935
935
935
936
936
935
934
933
934
934
934
934
935
935
935
934
933
934
934
934
934
934
935
935
934
935
936
935
935
935
935
935
935
934
934
934
934
934
934
934
935
935
934
934
934
935
935
934
934
935
934
934
935
934
936
935
934
935
935
936
936
937
937
937
937
937
937
938
938
938
937
938
937
938
937
936
936
936
935
934
934
934
934
934
934
934
935
935
936
935
935
936
935
933
934
935
935
935
935
935
936
936
936
936
937
937
937
936
935
936
936
936
936
937
937
937
937
936
937
937
936
935
935
935
935
935
935
935
936
935
935
936
936
937
936
935
936
935
935
936
936
936
937
937
936
935
936
936
936
937
937
938
938
938
938
938
938
938
938
938
937
938
938
937
937
937
937
937
938
938
937
937
938
937
937
937
937
937
937
937
938
938
938
938
938
938
938
938
939
938
939
939
939
939
938
940
940
939
939
938
939
938
938
937
938
938
938
937
936
937
936
936
935
935
936
937
935
935
935
935
936
935
935
935
935
935
935
935
936
935
936
935
936
936
936
936
937
937
938
937
936
937
938
937
936
936
937
937
937
936
936
936
936
936
936
937
937
936
935
935
935
935
936
936
936
936
937
936
936
936
937
937
937
937
936
936
935
934
935
936
935
935
935
936
937
937
937
938
939
939
940
940
941
941
941
943
943
943
944
944
946
947
947
947
949
950
951
952
953
955
958
958
960
961
964
965
966
968
971
974
976
977
981
985
988
990
994
998
1001
1004
1007
1012
1016
1019
1023
1026
1031
1037
1041
1045
1049
1055
1061
1065
1069
1074
1081
1087
1092
1097
1104
1112
1118
1124
1132
1139
1145
1153
1160
1166
1172
1181
1189
1196
1205
1213
1220
1228
1238
1246
1253
1264
1273
1282
1293
1303
1311
1320
1330
1340
1348
1357
1369
1379
1388
1397
1409
1418
1428
1440
1452
1462
1474
1485
1496
1508
1521
1530
1540
1553
1564
1576
1588
1601
1614
1627
1640
1652
1665
1679
1690
1702
1715
1727
1740
1752
1767
1778
1791
1806
1822
1834
1845
1857
1871
1884
1897
1910
1925
1937
1949
1966
1979
1992
2009
2025
2037
2049
2066
2080
2093
2109
2124
2139
2155
2171
2187
2201
2216
2232
2246
2261
2278
2293
2308
2324
2339
2353
2371
2386
2401
2416
2430
2447
2462
2476
2494
2508
2523
2537
2550
2568
2584
2600
2616
2630
2644
2663
2679
2693
2708
2723
2741
2755
2769
2784
2801
2820
2834
2848
2866
2880
2894
2911
2926
2940
2956
2971
2988
3003
3017
3035
3050
3064
3078
3094
3110
3127
3141
3155
3172
3187
3202
3219
3236
3251
3265
3279
3296
3310
3323
3341
3355
3371
3389
3402
3416
3432
3447
3461
3475
3490
3507
3521
3534
3551
3565
3580
3592
3607
3621
3637
3651
3667
3680
3692
3709
3722
3737
3754
3765
3777
3790
3803
3819
3832
3847
3863
3874
3885
3901
3916
3927
3939
3956
3967
3979
3993
4004
4014
4030
4041
4053
4069
4081
4092
4106
4117
4127
4142
4154
4166
4177
4188
4202
4213
4224
4237
4250
4261
4274
4285
4296
4306
4317
4331
4342
4351
4364
4374
4384
4397
4409
4420
4431
4444
4453
4465
4475
4484
4493
4508
4517
4525
4538
4546
4558
4568
4577
4591
4600
4608
4619
4631
4640
4648
4661
4669
4677
4689
4695
4703
4711
4719
4732
4739
4746
4758
4765
4771
4782
4792
4800
4810
4817
4825
4832
4839
4850
4860
4866
4876
4887
4893
4899
4910
4918
4925
4934
4940
4946
4956
4962
4969
4979
4989
4995
5001
5011
5015
5020
5031
5037
5041
5052
5060
5066
5072
5082
5092
5096
5101
5110
5114
5119
5127
5135
5139
5143
5152
5160
5165
5172
5180
5187
5192
5198
5206
5209
5213
5223
5227
5231
5239
5243
5246
5256
5261
5265
5272
5280
5283
5286
5294
5300
5304
5311
5314
5317
5325
5329
5332
5341
5344
5346
5353
5356
5359
5362
5371
5374
5377
5384
5391
5394
5397
5406
5412
5413
5415
5423
5425
5427
5435
5442
5443
5444
5451
5457
5460
5463
5470
5473
5476
5482
5485
5488
5495
5502
5503
5504
5511
5512
5514
5522
5529
5530
5532
5537
5540
5542
5549
5556
5557
5559
5564
5565
5567
5574
5575
5576
5581
5587
5588
5591
5596
5598
5600
5603
5609
5610
5611
5617
5619
5620
5625
5630
5630
5630
5637
5643
5644
5645
5650
5654
5655
5658
5664
5668
5668
5667
5673
5673
5674
5679
5684
5685
5685
5687
5692
5691
5693
5698
5701
5702
5703
5708
5709
5712
5716
5716
5715
5720
5724
5725
5727
5732
5732
5731
5736
5741
5740
5741
5747
5747
5747
5752
5752
5751
5758
5757
5757
5760
5764
5764
5764
5768
5773
5774
5775
5779
5779
5779
5785
5785
5784
5787
5788
5788
5788
5792
5797
5796
5794
5799
5799
5799
5803
5803
5804
5806
5811
5809
5810
5814
5814
5813
5817
5816
5814
5818
5823
5823
5822
5825
5824
5824
5822
5826
5828
5828
5831
5829
5828
5833
5837
5836
5836
5838
5837
5835
5838
5842
5844
5844
5846
5845
5844
5847
5848
5849
5853
5852
5852
5851
5855
5854
5854
5858
5856
5855
5854
5858
5857
5856
5860
5863
5861
5860
5864
5862
5863
5866
5865
5864
5867
5867
5866
5870
5874
5872
5870
5874
5872
5871
5876
5879
5877
5875
5879
5878
5876
5880
5880
5879
5882
5885
5883
5883
5887
5886
5884
5887
5891
5889
5888
5892
5895
5898
5896
5894
5893
5896
5899
5900
5899
5901
5904
5903
5903
5903
5906
5908
5905
5904
5906
5908
5912
5912
5911
5909
5912
5914
5913
5912
5911
5914
5915
5913
5912
5911
5915
5918
5915
5911
5915
5918
5915
5915
5914
5916
5917
5920
5919
5916
5919
5923
5921
5919
5918
5920
5922
5925
5925
5921
5925
5926
5925
5924
5923
5926
5928
5926
5926
5927
5930
5929
5927
5926
5927
5925
5924
5923
5926
5929
5927
5924
5922
5925
5927
5926
5923
5921
5922
5925
5923
5920
5924
5927
5926
5924
5922
5925
5927
5927
5926
5929
5930
5928
5926
5925
5928
5931
5929
5926
5924
5926
5928
5928
5928
5926
5928
5931
5929
5927
5930
5930
5928
5930
5932
5934
5934
5934
5938
5936
5933
5932
5934
5932
5932
5932
5934
5931
5929
5927
5930
5932
5931
5930
5928
5929
5928
5926
5924
5928
5930
5928
5926
5926
5928
5931
5930
5929
5927
5929
5928
5927
5927
5930
5931
5930
5928
5931
5933
5933
5933
5932
5933
5936
5933
5930
5929
5932
5930
5926
5924
5926
5928
5932
5931
5929
5931
5933
5932
5930
5930
5933
5937
5933
5931
5928
5931
5931
5931
5929
5930
5929
5928
5926
5930
5928
5926
5925
5926
5925
5924
5923
5926
5925
5923
5921
5923
5922
5922
5921
5924
5926
5924
5923
5926
5929
5928
5926
5928
5930
5929
5927
5926
5930
5928
5926
5926
5927
5929
5929
5928
5930
5932
5934
5933
5930
5933
5937
5935
5932
5933
5937
5939
5938
5937
5939
5940
5938
5935
5938
5941
5941
5940
5937
5940
5941
5939
5938
5937
5940
5937
5936
5934
5937
5935
5935
5937
5939
5938
5937
5939
5943
5942
5940
5942
5944
5942
5940
5943
5946
5945
5942
5939
5942
5944
5943
5941
5938
5940
5941
5940
5940
5941
5945
5947
5944
5943
5942
5944
5946
5945
5943
5945
5946
5944
5942
5940
5943
5946
5943
5940
5937
5939
5941
5945
5944
5941
5939
5942
5944
5942
5941
5944
5945
5946
5945
5944
5946
5949
5948
5945
5943
5945
5947
5946
5945
5943
5943
5946
5944
5942
5940
5944
5942
5940
5939
5941
5943
5942
5941
5943
5941
5940
5938
5941
5938
5937
5939
5941
5940
5939
5941
5943
5942
5939
5937
5939
5938
5936
5934
5938
5940
5942
5939
5936
5933
5936
5939
5938
5936
5937
5939
5938
5935
5934
5935
5938
5935
5933
5931
5933
5936
5935
5932
5934
5936
5938
5938
5938
5941
5942
5940
5938
5940
5942
5941
5940
5937
5939
5938
5935
5932
5936
5939
5936
5934
5937
5939
5937
5936
5939
5942
5939
5937
5939
5942
5940
5938
5935
5938
5940
5938
5937
5937
5939
5941
5938
5936
5939
5941
5941
5940
5942
5944
5941
5938
5941
5945
5943
5942
5944
5945
5944
5943
5946
5944
5941
5938
5941
5943
5941
5942
5944
5946
5947
5946
5943
5946
5949
5948
5946
5947
5950
5948
5946
5945
5947
5949
5946
5944
5942
5943
5947
5946
5945
5946
5948
5946
5943
5941
5945
5943
5940
5942
5944
5942
5942
5941
5943
5941
5939
5937
5938
5942
5941
5938
5940
5941
5944
5942
5941
5944
5946
5943
5941
5940
5941
5945
5944
5941
5939
5941
5939
5936
5939
5943
5941
5938
5939
5942
5940
5940
5942
5944
5941
5939
5937
5938
5942
5941
5939
5940
5943
5944
5942
5941
5941
5942
5943
5941
5938
5940
5943
5946
5945
5942
5944
5947
5945
5943
5947
5950
5946
5944
5946
5948
5946
5945
5943
5945
5943
5941
5939
5941
5941
5939
5937
5940
5942
5939
5939
5943
5945
5942
5939
5942
5943
5943
5942
5944
5941
5940
5938
5940
5939
5939
5937
5938
5936
5935
5932
5935
5938
5936
5934
5933
5934
5937
5935
5934
5933
5935
5937
5934
5930
5933
5937
5935
5933
5930
5933
5931
5929
5928
5931
5928
5925
5922
5925
5928
5926
5925
5927
5929
5927
5927
5927
5930
5928
5926
5924
5926
5925
5923
5922
5926
5928
5925
5923
5922
5923
5923
5922
5924
5925
5924
5923
5923
5926
5925
5925
5923
5922
5925
5927
5924
5923
5925
5926
5926
5925
5922
5923
5926
5924
5922
5925
5928
5926
5923
5920
5922
5925
5924
5923
5921
5923
5920
5918
5915
5918
5920
5917
5915
5916
5917
5914
5911
5914
5916
5915
5912
5908
5909
5910
5908
5905
5901
5901
5901
5897
5893
5895
5895
5894
5890
5886
5882
5882
5883
5879
5874
5873
5873
5868
5863
5862
5859
5854
5853
5852
5846
5841
5840
5835
5831
5830
5827
5821
5815
5813
5808
5804
5799
5797
5790
5784
5781
5779
5773
5768
5766
5760
5752
5750
5747
5740
5733
5732
5729
5722
5714
5710
5704
5696
5688
5685
5682
5674
5667
5662
5658
5650
5641
5638
5634
5627
5617
5609
5605
5596
5588
5583
5579
5572
5563
5558
5550
5542
5537
5531
5524
5516
5512
5502
5493
5488
5482
5473
5464
5460
5452
5443
5434
5427
5419
5410
5401
5396
5390
5381
5372
5366
5359
5350
5341
5335
5329
5320
5312
5305
5298
5289
5279
5273
5264
5254
5248
5242
5233
5224
5216
5207
5198
5189
5182
5172
5164
5158
5151
5141
5131
5124
5117
5107
5097
5088
5082
5072
5063
5053
5045
5038
5029
5020
5012
5002
4993
4984
4977
4966
4956
4945
4938
4931
4921
4910
4901
4894
4887
4878
4868
4861
4854
4844
4834
4824
4817
4810
4801
4795
4788
4777
4766
4759
4751
4741
4734
4725
4716
4710
4704
4694
4684
4677
4671
4662
4652
4645
4638
4630
4621
4615
4608
4597
4587
4581
4571
4563
4556
4550
4540
4532
4525
4518
4507
4498
4491
4482
4473
4467
4460
4451
4442
4436
4426
4417
4410
4402
4394
4384
4377
4371
4362
4353
4344
4337
4331
4321
4312
4306
4297
4288
4282
4276
4268
4259
4254
4244
4235
4228
4221
4213
4205
4199
4190
4181
4175
4167
4159
4154
4147
4138
4130
4123
4117
4109
4102
4094
4089
4081
4073
4067
4062
4053
4044
4036
4029
4021
4013
4005
3999
3991
3982
3974
3968
3962
3954
3945
3937
3931
3923
3914
3906
3900
3894
3889
3882
3875
3868
3862
3856
3847
3840
3832
3827
3822
3813
3806
3799
3793
3786
3778
3773
3764
3756
3748
3743
3737
3730
3722
3716
3711
3705
3699
3695
3687
3679
3674
3669
3661
3653
3648
3641
3633
3626
3620
3616
3609
3602
3598
3592
3584
3576
3569
3564
3559
3552
3544
3539
3532
3526
3519
3514
3507
3500
3492
3487
3482
3475
3468
3463
3456
3449
3443
3439
3433
3427
3422
3418
3410
3403
3399
3393
3386
3382
3377
3371
3363
3360
3355
3352
3345
3339
3335
3327
3320
3313
3309
3304
3298
3291
3287
3283
3275
3269
3265
3260
3253
3247
3243
3236
3230
3224
3219
3215
3210
3205
3200
3196
3190
3185
3182
3177
3171
3166
3161
3157
3150
3144
3140
3136
3130
3123
3118
3113
3110
3105
3099
3093
3090
3084
3077
3070
3066
3062
3058
3052
3046
3041
3036
3033
3028
3022
3017
3013
3009
3004
2998
2993
2990
2986
2980
2975
2971
2967
2964
2958
2953
2950
2946
2943
2938
2933
2929
2926
2919
2914
2908
2905
2901
2896
2891
2886
2882
2877
2872
2868
2863
2859
2857
2851
2845
2840
2836
2833
2827
2822
2817
2814
2811
2807
2802
2798
2795
2792
2787
2783
2779
2775
2771
2765
2762
2757
2753
2748
2745
2741
2736
2733
2730
2727
2723
2719
2716
2712
2707
2702
2699
2693
2687
2684
2681
2677
2672
2669
2665
2660
2656
2653
2650
2645
2643
2641
2636
2631
2628
2623
2619
2615
2612
2609
2605
2601
2598
2595
2591
2587
2584
2582
2578
2574
2570
2568
2565
2559
2555
2552
2550
2545
2541
2537
2535
2530
2526
2523
2520
2517
2512
2510
2507
2502
2500
2497
2494
2490
2487
2484
2480
2477
2474
2471
2467
2463
2461
2457
2453
2451
2450
2445
2441
2438
2435
2431
2427
2424
2420
2416
2414
2412
2408
2404
2402
2398
2393
2389
2387
2384
2382
2379
2376
2371
2367
2365
2363
2358
2354
2352
2349
2346
2343
2340
2338
2336
2332
2329
2327
2325
2322
2319
2316
2315
2311
2308
2305
2303
2300
2297
2294
2292
2290
2286
2283
2281
2278
2274
2272
2271
2268
2265
2264
2262
2258
2255
2253
2249
2245
2243
2240
2237
2234
2231
2228
2225
2223
2220
2217
2213
2212
2209
2206
2204
2203
2199
2195
2193
2191
2187
2184
2182
2180
2177
2173
2171
2168
2165
2162
2161
2157
2154
2152
2150
2148
2145
2144
2141
2139
2137
2134
2130
2127
2125
2122
2120
2118
2116
2113
2109
2108
2105
2103
2100
2097
2096
2094
2092
2089
2087
2086
2082
2079
2075
2073
2071
2069
2066
2064
2063
2059
2056
2054
2052
2049
2046
2045
2042
2042
2040
2037
2035
2031
2029
2027
2024
2021
2019
2017
2014
2011
2010
2008
2006
2003
2000
1998
1996
1994
1991
1987
1987
1986
1983
1980
1979
1978
1975
1972
1970
1968
1966
1964
1961
1960
1958
1957
1954
1952
1950
1948
1947
1944
1941
1939
1938
1937
1934
1933
1932
1931
1927
1924
1921
1919
1918
1915
1911
1908
1907
1905
1904
1901
1897
1897
1896
1893
1890
1887
1886
1885
1884
1882
1882
1880
1877
1874
1871
1869
1868
1866
1863
1862
1860
1859
1856
1855
1852
1852
1850
1848
1847
1844
1843
1842
1841
1839
1837
1835
1833
1833
1832
1828
1826
1824
1822
1821
1820
1819
1817
1815
1814
1812
1811
1809
1806
1804
1803
1801
1800
1797
1796
1794
1793
1792
1791
1790
1788
1787
1784
1781
1778
1777
1775
1774
1771
1771
1768
1767
1765
1765
1762
1760
1758
1757
1757
1754
1752
1751
1751
1748
1745
1745
1742
1739
1738
1737
1736
1735
1734
1733
1731
1728
1727
1726
1724
1723
1721
1721
1718
1717
1716
1716
1713
1712
1712
1711
1709
1707
1706
1704
1702
1700
1699
1697
1694
1694
1692
1691
1689
1687
1686
1683
1681
1679
1679
1677
1675
1674
1674
1672
1670
1668
1668
1667
1665
1664
1663
1661
1659
1657
1656
1655
1653
1651
1650
1648
1647
1646
1645
1643
1641
1639
1639
1636
1635
1634
1633
1632
1631
1629
1628
1628
1626
1624
1624
1622
1620
1618
1617
1616
1614
1614
1613
1611
1609
1609
1607
1606
1604
1604
1602
1599
1598
1597
1597
1595
1594
1593
1592
1592
1590
1588
1587
1587
1584
1583
1581
1581
1580
1577
1575
1574
1573
1572
1570
1570
1569
1568
1566
1564
1564
1563
1562
1560
1560
1560
1558
1557
1556
1555
1554
1552
1551
1548
1548
1547
1545
1544
1543
1542
1541
1538
1538
1538
1536
1535
1533
1532
1532
1530
1528
1527
1527
1526
1525
1524
1524
1524
1521
1519
1519
1517
1516
1515
1515
1513
1511
1511
1509
1508
1507
1506
1505
1503
1503
1502
1500
1498
1498
1497
1496
1495
1494
1494
1493
1491
1490
1490
1489
1488
1487
1486
1485
1483
1483
1481
1479
1478
1477
1476
1475
1474
1473
1473
1472
1470
1468
1468
1467
1466
1464
1464
1463
1462
1462
1462
1460
1458
1458
1458
1456
1453
1453
1451
1450
1449
1449
1447
1446
1446
1445
1443
1442
1441
1440
1438
1437
1437
1435
1433
1433
1432
1431
1430
1430
1429
1429
1428
1428
1427
1425
1424
1424
1423
1422
1421
1420
1420
1419
1418
1418
1416
1413
1413
1413
1412
1410
1410
1410
1408
1406
1405
1404
1404
1403
1401
1401
1400
1400
1400
1399
1398
1397
1395
1395
1394
1392
1390
1390
1389
1389
1388
1388
1387
1386
1385
1385
1384
1382
1382
1381
1379
1379
1378
1377
1376
1376
1376
1375
1374
1373
1373
1372
1371
1371
1370
1369
1368
1367
1366
1365
1365
1363
1361
1361
1361
1359
1357
1355
1356
1355
1354
1353
1352
1352
1351
1350
1349
1349
1348
1348
1347
1347
1346
1345
1344
1345
1342
1341
1339
1339
1337
1336
1334
1334
1333
1332
1331
1331
1330
1330
1329
1327
1327
1327
1327
1326
1324
1324
1324
1322
1321
1320
1320
1320
1319
1318
1319
1318
1317
1317
1316
1315
1314
1312
1310
1310
1309
1308
1307
1307
1306
1307
1305
1304
1303
1302
1302
1301
1299
1299
1299
1298
1297
1296
1296
1295
1295
1294
1292
1292
1292
1292
1291
1289
1290
1289
1289
1288
1287
1287
1287
1285
1283
1281
1282
1281
1279
1277
1277
1276
1275
1275
1274
1274
1274
1273
1272
1272
1271
1271
1271
1270
1270
1271
1270
1270
1269
1269
1269
1268
1268
1267
1266
1266
1265
1265
1265
1264
1264
1263
1262
1262
1262
1260
1259
1259
1259
1258
1257
1257
1255
1254
1252
1252
1251
1251
1250
1251
1249
1248
1247
1247
1247
1246
1245
1243
1243
1243
1242
1241
1241
1240
1239
1239
1238
1237
1236
1237
1236
1235
1235
1235
1234
1233
1233
1232
1231
1229
1230
1229
1228
1228
1228
1227
1227
1227
1226
1225
1226
1225
1225
1224
1224
1224
1223
1223
1222
1222
1220
1220
1219
1219
1218
1216
1215
1216
1215
1214
1214
1214
1213
1212
1211
1211
1210
1209
1209
1209
1209
1209
1208
1208
1208
1207
1205
1204
1204
1204
1202
1201
1200
1200
1199
1198
1197
1196
1196
1195
1194
1194
1193
1194
1193
1193
1191
1192
1191
1190
1190
1190
1189
1189
1188
1188
1189
1188
1187
1188
1187
1187
1187
1186
1187
1186
1186
1186
1184
1183
1181
1181
1181
1180
1180
1180
1179
1179
1178
1178
1178
1177
1177
1176
1176
1175
1175
1174
1173
1173
1173
1174
1173
1173
1173
1173
1172
1171
1171
1172
1171
1170
1170
1170
1169
1168
1168
1167
1166
1167
1166
1165
1165
1165
1165
1165
1164
1163
1164
1163
1162
1162
1162
1161
1160
1160
1160
1159
1157
1158
1159
1158
1157
1158
1158
1157
1156
1156
1156
1156
1156
1156
1156
1155
1154
1153
1154
1154
1153
1152
1151
1152
1151
1150
1149
1148
1148
1147
1148
1146
1145
1145
1145
1145
1144
1144
1143
1143
1142
1143
1143
1142
1142
1141
1141
1140
1140
1139
1139
1139
1139
1139
1138
1138
1137
1138
1136
1136
1136
1136
1135
1134
1133
1133
1133
1132
1132
1132
1131
1130
1130
1129
1127
1126
1126
1126
1126
1125
1125
1124
1123
1123
1122
1122
1122
1122
1122
1121
1119
1119
1119
1118
1118
1117
1116
1117
1117
1117
1117
1117
1118
1116
1115
1115
1116
1115
1114
1114
1114
1114
1113
1113
1112
1111
1112
1112
1112
1112
1112
1112
1112
1111
1111
1110
1109
1108
1109
1107
1106
1105
1106
1104
1103
1101
1102
1100
1100
1099
1098
1098
1097
1096
1096
1095
1094
1093
1094
1093
1093
1092
1093
1092
1091
1092
1093
1091
1090
1090
1091
1091
1090
1091
1090
1091
1091
1092
1092
1090
1089
1088
1089
1088
1087
1085
1086
1087
1087
1086
1086
1086
1085
1085
1086
1084
1083
1083
1083
1082
1082
1082
1083
1082
1083
1082
1082
1082
1083
1082
1081
1081
1082
1081
1081
1081
1081
1081
1080
1080
1079
1079
1079
1078
1077
1077
1078
1076
1075
1075
1075
1075
1075
1074
1074
1073
1074
1073
1073
1073
1073
1072
1071
1070
1070
1070
1070
1070
1070
1069
1070
1070
1069
1070
1069
1070
1070
1070
1070
1070
1069
1068
1069
1069
1068
1067
1066
1066
1066
1066
1066
1066
1066
1066
1065
1064
1064
1064
1063
1062
1062
1061
1062
1062
1061
1062
1062
1062
1062
1062
1062
1063
1062
1062
1061
1062
1061
1061
1061
1060
1059
1060
1059
1059
1059
1060
1059
1058
1058
1059
1059
1058
1057
1057
1058
1057
1057
1057
1057
1057
1057
1056
1055
1055
1055
1056
1056
1055
1055
1053
1054
1055
1054
1053
1053
1053
1053
1052
1051
1051
1051
1050
1049
1048
1049
1048
1048
1048
1048
1048
1047
1047
1047
1047
1047
1046
1046
1045
1045
1045
1045
1044
1044
1045
1044
1044
1044
1043
1043
1044
1044
1044
1045
1045
1043
1042
1043
1043
1042
1043
1042
1042
1042
1041
1040
1039
1040
1040
1040
1041
1041
1041
1040
1039
1038
1039
1039
1038
1038
1038
1038
1038
1037
1036
1037
1037
1037
1036
1036
1036
1035
1036
1036
1036
1036
1036
1036
1036
1036
1035
1035
1033
1033
1033
1032
1033
1033
1033
1033
1033
1033
1032
1033
1033
1033
1033
1033
1034
1033
1032
1032
1032
1032
1031
1031
1032
1032
1031
1031
1030
1031
1031
1031
1030
1030
1031
1030
1030
1030
1030
1030
1029
1028
1028
1028
1028
1028
1028
1029
1029
1028
1027
1028
1027
1027
1027
1027
1027
1027
1027
1026
1026
1026
1026
1026
1026
1025
1025
1026
1026
1026
1025
1026
1026
1026
1025
1024
1025
1025
