4.1693e-005,0.046486
0.00022567,0.092974
0.00053796,0.1394
0.00077506,0.13505
0.00084221,0.10348
0.0011558,0.071917
0.0012039,0.040405
0.0019754,0.0088963
0.0026938,-0.022523
0.0026281,-0.004042
0.0020103,0.049056
0.0021178,0.10233
0.0026169,0.15564
0.0037033,0.20912
0.0042311,0.26268
0.0044285,0.31607
0.0040657,0.29852
0.0043926,0.26931
0.0047739,0.24016
0.0056557,0.2111
0.0061686,0.20032
0.0067349,0.24925
0.0075953,0.2981
0.0083859,0.3469
0.00919,0.3957
0.010083,0.44432
0.010393,0.49284
0.010826,0.47713
0.01124,0.44114
0.012393,0.40505
0.013536,0.36882
0.014294,0.33277
0.014639,0.29672
0.015209,0.31009
0.015459,0.35655
0.015867,0.40302
0.016254,0.4495
0.017192,0.49595
0.017536,0.52036
0.017548,0.48876
0.017762,0.45718
0.018058,0.42571
0.018611,0.39423
0.019243,0.36275
0.019344,0.35853
0.019914,0.41161
0.020201,0.46481
0.019958,0.51812
0.020343,0.57149
0.020452,0.62502
0.020127,0.67839
0.019988,0.69065
0.019845,0.66145
0.020005,0.63225
0.020804,0.60314
0.020944,0.57409
0.020939,0.61437
0.020225,0.66328
0.019525,0.71209
0.01977,0.76088
0.020211,0.80957
0.020597,0.85811
0.020369,0.87248
0.019632,0.83652
0.019041,0.80047
0.019446,0.76428
0.020456,0.72815
0.020789,0.69217
0.020731,0.68144
0.020878,0.7279
0.02087,0.77435
0.021252,0.82084
0.021907,0.8673
0.022015,0.91371
0.022126,0.88725
0.022506,0.85568
0.023045,0.82415
0.023417,0.79268
0.02363,0.76117
0.023859,0.73468
0.024687,0.77208
0.025541,0.82522
0.026043,0.87848
0.025877,0.93184
0.025716,0.98538
0.026173,1.0388
0.027662,1.0822
0.028652,1.053
0.028624,1.0238
0.028173,0.99468
0.027578,0.96569
0.027219,0.979
0.027757,1.0279
0.028099,1.0767
0.027681,1.1255
0.027327,1.1743
0.027104,1.2229
0.027347,1.2669
0.028167,1.2309
0.02817,1.1949
0.027986,1.1588
0.027759,1.1226
0.028548,1.0866
0.029109,1.0509
0.029913,1.0857
0.030328,1.1321
0.03047,1.1786
0.03068,1.2251
0.030903,1.2715
0.030682,1.2709
0.031484,1.2394
0.031762,1.2078
0.031722,1.1763
0.03132,1.1448
0.03133,1.1133
0.031936,1.1279
0.032203,1.181
0.031921,1.2343
0.032174,1.2876
0.032541,1.3411
0.032636,1.3946
0.032517,1.448
0.032045,1.436
0.031494,1.4068
0.03127,1.3776
0.031448,1.3486
0.031769,1.335
0.032228,1.3839
0.031747,1.4328
0.031219,1.4816
0.030722,1.5304
0.030404,1.579
0.030954,1.6275
0.031103,1.6181
0.030789,1.5822
0.030393,1.5461
0.029884,1.5099
0.029146,1.4738
0.02965,1.4378
0.029827,1.446
0.029353,1.4925
0.029267,1.5389
0.029063,1.5854
0.028675,1.6319
0.029388,1.6605
0.029268,1.6289
0.029216,1.5974
0.029227,1.5659
0.029072,1.5344
0.028742,1.503
0.029008,1.494
0.029093,1.5471
0.029334,1.6003
0.029506,1.6536
0.029763,1.707
0.029591,1.7605
0.029698,1.8139
0.029992,1.833
0.030427,1.8038
0.031269,1.7746
0.032132,1.7455
0.032163,1.7165
0.031907,1.7528
0.031776,1.8017
0.032028,1.8505
0.032559,1.8993
0.033555,1.948
0.034347,1.9966
0.034673,2.0178
0.03442,1.9818
0.034585,1.9458
0.035312,1.9096
0.035433,1.8735
0.035632,1.8375
0.035614,1.8209
0.036137,1.8674
0.036878,1.9138
0.037715,1.9603
0.038138,2.0068
0.037871,2.0532
0.037968,2.0315
0.038292,1.9999
0.038871,1.9683
0.03961,1.9368
0.039862,1.9053
0.039974,1.874
0.039832,1.9052
0.039971,1.9584
0.040752,2.0116
0.041497,2.065
0.041682,2.1185
0.041729,2.172
0.04167,2.2249
0.042382,2.1957
0.042947,2.1665
0.042479,2.1373
0.042664,2.1083
0.043338,2.1159
0.044041,2.1648
0.04503,2.2136
0.04605,2.2624
0.046091,2.3112
0.045424,2.3598
0.045518,2.4083
0.046218,2.3767
0.048004,2.3407
0.049256,2.3045
0.049599,2.2683
0.049564,2.2323
0.050314,2.1962
0.050903,2.223
0.052411,2.2695
0.053498,2.316
0.054054,2.3625
0.054701,2.4089
0.055738,2.4147
0.056825,2.3831
0.058608,2.3515
0.059556,2.3201
0.060579,2.2886
0.061689,2.2571
0.062773,2.2648
0.063676,2.3179
0.064954,2.3712
0.066139,2.4245
0.068228,2.4779
0.070211,2.5314
0.071477,2.5848
0.072411,2.5833
0.073975,2.5542
0.075723,2.525
0.078053,2.4959
0.080199,2.4735
0.082018,2.5224
0.083462,2.5713
0.085785,2.6201
0.088023,2.6689
0.090614,2.7175
0.093169,2.7661
0.095757,2.7665
0.09812,2.7305
0.10025,2.6944
0.10225,2.6582
0.10403,2.6221
0.10516,2.5861
0.10613,2.5855
0.10697,2.6319
0.1083,2.6784
0.10956,2.7249
0.11032,2.7713
0.11091,2.8091
0.11177,2.7775
0.11216,2.746
0.11247,2.7145
0.1129,2.683
0.11415,2.6515
0.11461,2.6361
0.1148,2.6838
0.11526,2.737
0.11554,2.7903
0.11635,2.8436
0.11702,2.8972
0.11717,2.9505
0.11737,2.9815
0.11713,2.9523
0.11644,2.9231
0.11667,2.8939
0.11704,2.8649
0.11639,2.8915
0.11597,2.9404
0.11561,2.9892
0.11561,3.0379
0.11619,3.0866
0.11608,3.1352
0.11586,3.167
0.11501,3.1311
0.1141,3.095
0.11412,3.0589
0.11445,3.0227
0.11439,2.9867
0.1133,2.959
0.11189,3.0011
0.11094,3.0476
0.11041,3.0941
0.11048,3.1405
0.10994,3.1869
0.10886,3.1736
0.10833,3.142
0.10735,3.1104
0.10655,3.0789
0.10617,3.0473
0.10504,3.0159
0.10419,3.0391
0.1034,3.0922
0.10275,3.1454
0.10214,3.1987
0.10122,3.2522
0.10017,3.3057
0.099761,3.3591
0.099398,3.3371
0.098564,3.3079
0.096949,3.2787
0.095825,3.2496
0.095748,3.2451
0.096579,3.294
0.09689,3.3429
0.096703,3.3917
0.09624,3.4404
0.0957,3.489
0.095536,3.5376
0.096523,3.5169
0.096712,3.4809
0.09643,3.4448
0.096542,3.4086
0.096982,3.3725
0.097698,3.3364
0.098823,3.3509
0.099019,3.3973
0.09926,3.4438
0.099476,3.4903
0.1006,3.5368
0.1014,3.5541
0.10218,3.5225
0.10279,3.4909
0.10336,3.4595
0.10387,3.428
0.10447,3.3966
0.10445,3.3954
0.10536,3.4485
0.10587,3.5017
0.10619,3.555
0.10635,3.6084
0.10684,3.662
0.10751,3.7153
0.1079,3.7282
0.10798,3.699
0.10879,3.6698
0.10937,3.6407
0.10953,3.6117
0.10982,3.6534
0.10972,3.7023
0.10934,3.7512
0.1093,3.8
0.10961,3.8487
0.11009,3.8973
0.11125,3.9091
0.11128,3.8732
0.11128,3.8371
0.11085,3.801
0.1105,3.7649
0.11096,3.7289
0.11111,3.7161
0.11121,3.7626
0.11122,3.8091
0.11075,3.8556
0.11021,3.9021
0.11105,3.9485
0.11169,3.919
0.11175,3.8875
0.11203,3.856
0.11221,3.8245
0.11209,3.793
0.11253,3.7679
0.113,3.8053
0.11314,3.8584
0.11352,3.9117
0.11385,3.9651
0.11415,4.0186
0.11488,4.0721
0.11543,4.1199
0.11577,4.0907
0.11652,4.0615
0.11732,4.0324
0.11775,4.0034
0.11785,4.0152
0.11805,4.0641
0.11854,4.113
0.12024,4.1618
0.12147,4.2105
0.12161,4.2591
0.12132,4.3054
0.1209,4.2695
0.12078,4.2335
0.12134,4.1974
0.12212,4.1612
0.12231,4.1252
0.12226,4.0891
0.12215,4.118
0.12261,4.1644
0.12327,4.2109
0.12323,4.2574
0.12314,4.3039
0.12292,4.3047
0.12369,4.2732
0.12444,4.2416
0.1255,4.2101
0.12584,4.1787
0.12569,4.1472
0.1259,4.1599
0.12627,4.213
0.12633,4.2663
0.12708,4.3196
0.12729,4.373
0.12724,4.4265
0.12719,4.4799
0.12752,4.4769
0.12819,4.4477
0.12875,4.4185
0.12859,4.3894
0.12884,4.3686
0.12937,4.4175
0.13002,4.4664
0.12994,4.5152
0.12934,4.564
0.12908,4.6126
0.12908,4.6611
0.12903,4.6565
0.12931,4.6205
0.12968,4.5845
0.12915,4.5483
0.12863,4.5122
0.12814,4.4762
0.12764,4.4758
0.12789,4.5222
0.12795,4.5687
0.12794,4.6152
0.1275,4.6617
0.12703,4.697
0.12626,4.6655
0.12645,4.6339
0.12657,4.6024
0.12633,4.571
0.12626,4.5395
0.1261,4.5266
0.12555,4.576
0.12566,4.6292
0.12563,4.6824
0.12566,4.7358
0.12583,4.7893
0.12558,4.8428
0.12528,4.8745
0.12539,4.8454
0.12547,4.8162
0.12573,4.787
0.12608,4.758
0.12626,4.7833
0.12614,4.8322
0.12619,4.881
0.12622,4.9298
0.12655,4.9786
0.12775,5.0271
0.12872,5.057
0.12862,5.021
0.12831,4.985
0.12792,4.9489
0.12786,4.9127
0.12836,4.8767
0.12915,4.8472
0.12941,4.8873
0.12946,4.9338
0.12896,4.9803
0.12879,5.0268
0.12904,5.0732
0.12884,5.06
0.12856,5.0284
0.12827,4.9969
0.12853,4.9654
0.12877,4.9339
0.12959,4.9025
0.12987,4.9259
0.12944,4.979
0.12916,5.0323
0.12924,5.0856
0.12954,5.1391
0.12999,5.1926
0.12988,5.2459
0.13003,5.2298
0.12966,5.2006
0.12969,5.1714
0.13005,5.1423
0.13063,5.134
0.13029,5.1829
0.13026,5.2318
0.13044,5.2807
0.13099,5.3294
0.13108,5.378
0.13055,5.4266
0.13033,5.4088
0.13064,5.3728
0.13129,5.3367
0.13235,5.3005
0.13257,5.2644
0.13226,5.2283
0.13167,5.2382
0.13153,5.2847
0.1319,5.3311
0.13297,5.3776
0.1337,5.4241
0.13369,5.4459
0.13346,5.4143
0.13342,5.3363
0.13307,5.2584
0.13351,5.1805
0.13373,5.1534
0.13347,5.1817
0.13337,5.2664
0.13355,5.3512
0.13292,5.4359
0.13359,5.5207
0.13403,5.5558
0.13505,5.5561
0.13534,5.5224
0.13533,5.4399
0.13442,5.3573
0.13455,5.2746
0.13491,5.1922
0.13623,5.2453
0.13668,5.3234
0.13692,5.4014
0.13622,5.4792
0.13626,5.5387
0.13662,5.5383
0.13684,5.5065
0.13744,5.4217
0.138,5.3368
0.13771,5.2521
0.13824,5.1674
0.13868,5.1471
0.13969,5.1628
0.14002,5.2454
0.14081,5.3281
0.14202,5.4106
0.14311,5.4932
0.14353,5.5262
0.14464,5.4562
0.14562,5.3782
0.14641,5.3002
0.14676,5.2223
0.14757,5.1664
0.14927,5.1671
0.15098,5.2305
0.15279,5.3151
0.15394,5.3998
0.15429,5.4846
0.15575,5.5423
0.15676,5.5427
0.15829,5.5429
0.16129,5.4628
0.16317,5.3803
0.16491,5.2976
0.16688,5.2152
0.16874,5.2035
0.17152,5.2816
0.17344,5.3596
0.17437,5.4376
0.17551,5.5154
0.17642,5.5236
0.17857,5.5233
0.18017,5.4464
0.1798,5.3616
0.17928,5.2768
0.17945,5.192
0.1802,5.1416
0.18181,5.1414
0.18336,5.195
0.18289,5.2776
0.18114,5.3602
0.18076,5.4427
0.18129,5.4999
0.18262,5.4641
0.18381,5.3861
0.18368,5.308
0.18275,5.2301
0.18297,5.1523
0.183,5.1473
0.18347,5.1836
0.18325,5.2682
0.18242,5.3529
0.1817,5.4377
0.18117,5.5176
0.18032,5.5337
0.18055,5.5339
0.17952,5.4912
0.17981,5.4087
0.18029,5.326
0.17982,5.2434
0.17806,5.171
0.17751,5.2433
0.17741,5.3213
0.17822,5.3993
0.17925,5.477
0.17927,5.5124
0.17751,5.512
0.17672,5.4712
0.17723,5.3864
0.17766,5.3016
0.17773,5.2168
0.17712,5.1367
0.17508,5.1366
0.17422,5.1599
0.17384,5.2425
0.17446,5.3251
0.17315,5.4076
0.17248,5.4898
0.17178,5.5015
0.17091,5.4245
0.17012,5.3464
0.16921,5.2684
0.1683,5.1905
0.1678,5.1596
0.16619,5.1687
0.16517,5.2391
0.16475,5.3238
0.16431,5.4085
0.16362,5.4933
0.1625,5.5322
0.16127,5.5326
0.16095,5.5288
0.16046,5.4463
0.16057,5.3636
0.16077,5.2809
0.16084,5.1985
0.16134,5.2187
0.162,5.2967
0.16283,5.3748
0.16343,5.4526
0.16345,5.515
0.16302,5.5146
0.16332,5.5126
0.16356,5.4279
0.16462,5.343
0.1651,5.2583
0.16415,5.1736
0.1639,5.1469
0.1643,5.1468
0.16518,5.2061
0.16681,5.2887
0.16815,5.3713
0.16784,5.4538
0.16698,5.492
0.16714,5.4493
0.16769,5.3713
0.16925,5.2933
0.17044,5.2154
0.16958,5.1553
0.16939,5.1554
0.16983,5.1981
0.16998,5.2827
0.1713,5.3674
0.17212,5.4521
0.17152,5.5144
0.17146,5.5149
0.17151,5.5151
0.17166,5.4656
0.17242,5.3831
0.17269,5.3002
0.17285,5.2177
0.17302,5.1708
0.17287,5.2488
0.17194,5.3269
0.17121,5.4047
0.17139,5.4825
0.1726,5.4948
0.17338,5.4944
0.17314,5.4466
0.17185,5.3618
0.17057,5.277
0.17026,5.1922
0.17113,5.1349
0.17195,5.1348
0.17199,5.1622
0.17109,5.2448
0.17141,5.3274
0.17162,5.4099
0.17269,5.473
0.17275,5.471
0.17278,5.393
0.17301,5.3149
0.17336,5.2369
0.17421,5.1589
0.1746,5.1492
0.17483,5.1621
0.17476,5.2364
0.17435,5.3211
0.17475,5.4058
0.17541,5.4906
0.17609,5.5128
0.17647,5.5132
0.17621,5.5027
0.17544,5.4202
0.17532,5.3375
0.17547,5.2548
0.17642,5.1729
0.17609,5.2145
0.17573,5.2926
0.17646,5.3706
0.17614,5.4484
0.17576,5.4896
0.17541,5.4893
0.17456,5.4805
0.17375,5.3958
0.17362,5.311
0.17374,5.2263
0.17417,5.1416
0.17361,5.1372
0.17122,5.1371
0.16966,5.2013
0.16922,5.284
0.16955,5.3665
0.17038,5.4491
0.17061,5.4688
0.16913,5.4207
0.16729,5.3428
0.16644,5.2647
0.16609,5.1868
0.16596,5.1496
0.16529,5.1497
0.16306,5.1955
0.16156,5.2801
0.16078,5.3648
0.15988,5.4496
0.15968,5.4953
0.15895,5.4958
0.15723,5.4959
0.15591,5.4411
0.15379,5.3586
0.15198,5.2759
0.15178,5.1935
0.15059,5.1708
0.14895,5.2488
0.14738,5.3269
0.14516,5.4048
0.1429,5.476
0.14126,5.4758
0.13976,5.4755
0.13801,5.4236
0.1363,5.3388
0.13342,5.2541
0.12988,5.1694
0.12705,5.1329
0.12522,5.1328
0.12381,5.1644
0.12225,5.247
0.12058,5.3297
0.11895,5.4122
0.11805,5.4594
0.11738,5.4527
0.11664,5.3748
0.11584,5.2967
0.11548,5.2187
0.11545,5.1495
0.1148,5.1496
0.11471,5.1662
0.11453,5.2441
0.11412,5.3287
0.11309,5.4135
0.11291,5.4822
0.11296,5.488
0.11286,5.4883
0.1129,5.4735
0.11225,5.391
0.1119,5.3083
0.11151,5.2257
0.11123,5.1657
0.11133,5.2122
0.11258,5.2902
0.11252,5.3683
0.11211,5.4461
0.11274,5.4682
0.11288,5.4679
0.11282,5.4554
0.11311,5.3706
0.11263,5.2859
0.11278,5.2012
0.11255,5.1332
0.11265,5.1331
0.11353,5.133
0.1134,5.201
0.11278,5.2836
0.11236,5.3661
0.11299,5.4404
0.11422,5.4447
0.11599,5.393
0.11687,5.315
0.11645,5.237
0.11594,5.1592
0.11645,5.1411
0.11713,5.1413
0.11914,5.19
0.12044,5.2747
0.12048,5.3594
0.12108,5.4441
0.12208,5.4743
0.12286,5.4748
0.12442,5.4749
0.12532,5.4169
0.12599,5.3343
0.12682,5.2515
0.12735,5.1691
0.12801,5.1715
0.1299,5.2495
0.1316,5.3276
0.13288,5.4055
0.13329,5.4588
0.13281,5.4585
0.13262,5.4581
0.13319,5.4034
0.13384,5.3186
0.13538,5.234
0.13622,5.1493
0.1352,5.1338
0.13437,5.1338
0.1348,5.1678
0.13542,5.2504
0.13611,5.333
0.13615,5.4155
0.13535,5.4476
0.1351,5.4376
0.13539,5.3595
0.13563,5.2815
0.13574,5.2035
0.13618,5.1547
0.13634,5.1548
0.1368,5.1733
0.13711,5.2527
0.13752,5.3373
0.13761,5.422
0.13819,5.4766
0.13809,5.477
0.13847,5.4772
0.13944,5.4599
0.14052,5.3773
0.1408,5.2946
0.14099,5.212
0.14148,5.1701
0.14175,5.2189
0.14138,5.2969
0.14152,5.3749
0.14268,5.4527
0.14331,5.4597
0.14416,5.4594
0.14541,5.4444
0.14607,5.3597
0.14722,5.2748
0.14811,5.1901
0.14782,5.1421
0.14894,5.142
0.1497,5.142
0.15049,5.2114
0.15239,5.294
0.15328,5.3765
0.15379,5.4357
0.1547,5.4357
0.15619,5.3817
0.15831,5.3036
0.16105,5.2256
0.16203,5.1477
0.1629,5.1458
0.16338,5.1459
0.16445,5.1955
0.16665,5.2802
0.16965,5.3649
0.1716,5.4433
0.17291,5.4593
0.17429,5.4597
0.17579,5.4598
0.17735,5.3996
0.17975,5.3169
0.18076,5.2342
0.1813,5.1574
0.18217,5.169
0.18246,5.247
0.18246,5.325
0.18338,5.4028
0.18375,5.4397
0.18425,5.4394
0.18446,5.4391
0.1832,5.3827
0.18196,5.2979
0.18233,5.2133
0.18307,5.1307
0.18456,5.1305
0.18562,5.1306
0.18519,5.1659
0.18384,5.2486
0.18389,5.3311
0.18481,5.4137
0.18591,5.4313
0.18604,5.4201
0.18579,5.3421
0.18568,5.2641
0.18589,5.1861
0.18618,5.1537
0.18615,5.1539
0.18583,5.1724
0.18586,5.2511
0.18617,5.3357
0.18668,5.4204
0.18685,5.4611
0.18678,5.4615
0.18703,5.4617
0.18645,5.4437
0.18639,5.3611
0.18681,5.2784
0.18714,5.1959
0.18694,5.1698
0.18634,5.2195
0.18558,5.2975
0.18504,5.3754
0.18406,5.445
0.18273,5.4448
0.18181,5.4445
0.18116,5.4293
0.18073,5.3446
0.1802,5.2599
0.17946,5.1752
0.17843,5.1437
0.17756,5.1436
0.17657,5.1436
0.17616,5.2134
0.17545,5.296
0.1745,5.3785
0.17452,5.4254
0.17318,5.4254
0.17152,5.3718
0.1702,5.2938
0.16939,5.2158
0.16923,5.149
0.17069,5.1491
0.17022,5.1492
0.16889,5.1986
0.16762,5.2832
0.16702,5.3679
0.16719,5.4341
0.16888,5.4382
0.16947,5.4385
0.16892,5.4386
0.16845,5.3797
0.16861,5.297
0.16899,5.2144
0.17012,5.1535
0.17051,5.1654
0.17022,5.2435
0.16987,5.3214
0.16961,5.3992
0.16959,5.4227
0.17074,5.4224
0.17076,5.4221
0.17093,5.3661
0.1709,5.2813
0.16986,5.1967
0.16883,5.1306
0.1693,5.1305
0.16969,5.1305
0.17084,5.1659
0.17152,5.2485
0.17096,5.331
0.16976,5.4069
0.16957,5.4134
0.17005,5.4026
0.17131,5.3245
0.1723,5.2465
0.17284,5.1685
0.17314,5.1503
0.17385,5.1504
0.17467,5.169
0.17533,5.2471
0.17594,5.3317
0.1762,5.4164
0.17696,5.4464
0.17795,5.4468
0.17846,5.447
0.17841,5.4304
0.17843,5.3478
0.17841,5.2651
0.1788,5.1826
0.17882,5.1697
0.17981,5.2192
0.18038,5.2972
0.18057,5.3752
0.18034,5.4323
0.18041,5.4321
0.18027,5.4318
0.18024,5.4171
0.18047,5.3324
0.18091,5.2477
0.18157,5.163
0.18191,5.1447
0.18144,5.1447
0.18077,5.1446
0.18046,5.2143
0.18076,5.2968
0.18106,5.3794
0.18159,5.416
0.18145,5.416
0.18129,5.3628
0.18055,5.2847
0.17949,5.2068
0.17939,5.1535
0.17977,5.1536
0.1803,5.1537
0.18142,5.203
0.18155,5.2876
0.18093,5.3723
0.18011,5.4288
0.1795,5.4291
0.17967,5.4295
0.18091,5.4295
0.18021,5.3727
0.17978,5.29
0.17936,5.2074
0.17903,5.1587
0.17825,5.1702
0.17893,5.2482
0.17874,5.3261
0.17795,5.4039
0.17705,5.4171
0.17634,5.4169
0.17556,5.4166
0.17585,5.362
0.17546,5.2773
0.17489,5.1926
0.17429,5.1394
0.17294,5.1393
0.17114,5.1393
0.17062,5.1726
0.16999,5.2552
0.16978,5.3377
0.16899,5.4045
0.16763,5.4045
0.1654,5.3949
0.16363,5.3168
0.16265,5.2388
0.16236,5.1608
0.16177,5.1529
0.16131,5.153
0.16041,5.1711
0.15915,5.2488
0.15818,5.3334
0.15719,5.4175
0.15622,5.4391
0.15486,5.4395
0.15397,5.4396
0.15325,5.4243
0.15151,5.3416
0.14997,5.2589
0.14847,5.1763
0.14572,5.1739
0.14357,5.2227
0.14193,5.3006
0.14044,5.3785
0.13878,5.4266
0.13671,5.4264
0.13477,5.4261
0.13243,5.4122
0.1307,5.3275
0.12971,5.2429
0.12859,5.1582
0.12795,5.1501
0.12777,5.1501
0.12758,5.1501
0.12652,5.2166
0.12616,5.2991
0.12549,5.3816
0.12474,5.4106
0.12452,5.4106
0.12501,5.3583
0.12468,5.2802
0.12448,5.2023
0.12284,5.1601
0.12096,5.1603
0.12023,5.1604
0.1205,5.2086
0.12043,5.2932
0.1211,5.3779
0.12034,5.4265
0.11954,5.4268
0.11912,5.4271
0.11935,5.4272
0.11966,5.3714
0.12045,5.2887
0.11976,5.2061
0.11976,5.1665
0.11895,5.1752
0.11851,5.2532
0.11808,5.3312
0.11875,5.409
0.11842,5.4148
0.1181,5.4146
0.11743,5.4143
0.11673,5.3594
0.11678,5.2748
0.11857,5.1901
0.11893,5.146
0.11895,5.1459
0.11903,5.1459
0.11901,5.1782
0.11902,5.2608
0.12046,5.3433
0.12137,5.4026
0.12244,5.4026
0.12261,5.3941
0.12314,5.316
0.12291,5.238
0.12289,5.1601
0.12367,5.1592
0.12481,5.1593
0.12655,5.177
0.12819,5.2543
0.12896,5.3389
0.12981,5.4146
0.13064,5.4292
0.13173,5.4296
0.13337,5.4297
0.13534,5.4158
0.13678,5.3332
0.1381,5.2506
0.13882,5.172
0.13932,5.1722
0.13936,5.2183
0.13927,5.2963
0.13948,5.3742
0.13946,5.4147
0.14,5.4146
0.14008,5.4143
0.14017,5.4012
0.1401,5.3166
0.13985,5.232
0.14009,5.149
0.14052,5.1488
0.14031,5.1488
0.14094,5.1488
0.14174,5.2141
0.14173,5.2967
0.14163,5.3793
0.14118,5.4026
0.14128,5.4026
0.14165,5.3522
0.14166,5.2742
0.14262,5.1962
0.14328,5.1609
0.14357,5.161
0.14269,5.1611
0.14196,5.2087
0.14215,5.2932
0.14287,5.3779
0.14341,5.4201
0.14442,5.4204
0.14416,5.4208
0.14377,5.4208
0.1442,5.3667
0.14451,5.284
0.14497,5.2014
0.14653,5.1685
0.14673,5.1759
0.14712,5.254
0.14731,5.332
0.14747,5.4085
0.14747,5.4085
0.14931,5.4083
0.15039,5.4081
0.15063,5.3559
0.15065,5.2713
0.15113,5.1867
0.15189,5.1495
0.15442,5.1493
0.15606,5.1494
0.15694,5.1798
0.15719,5.2624
0.15793,5.345
0.15897,5.4001
0.16065,5.4002
0.16199,5.3935
0.16404,5.3155
0.1653,5.2375
0.16666,5.1614
0.16775,5.1616
0.16883,5.1617
0.17021,5.1771
0.17198,5.2532
0.1743,5.3378
0.17646,5.4098
0.17779,5.4203
0.17895,5.4207
0.17962,5.4208
0.18041,5.4091
0.18164,5.3264
0.1827,5.2438
0.18336,5.1717
0.18409,5.1718
0.18409,5.2169
0.18426,5.2949
0.18412,5.3727
0.18398,5.4091
0.18403,5.4089
0.18403,5.4086
0.18496,5.3978
0.18532,5.3131
0.18617,5.2285
0.18665,5.1523
0.18615,5.1521
0.18635,5.1521
0.18723,5.1521
0.18708,5.2151
0.18755,5.2976
0.18807,5.3802
0.188,5.3986
0.18747,5.3986
0.18705,5.351
0.18615,5.2729
0.18567,5.195
0.18548,5.1651
0.18643,5.1651
0.18685,5.1652
0.18706,5.2111
0.18606,5.2957
0.1849,5.3803
0.18498,5.4195
0.1855,5.4198
0.18546,5.4201
0.18569,5.4202
0.18496,5.3679
0.18393,5.2852
0.1831,5.2027
0.18228,5.1749
0.18142,5.1804
0.18109,5.2584
0.1795,5.3364
0.17872,5.4093
0.17771,5.4092
0.17666,5.4089
0.17514,5.4086
0.17479,5.3582
0.17388,5.2735
0.17286,5.1888
0.17125,5.1557
0.16949,5.1556
0.16849,5.1557
0.16885,5.1839
0.16801,5.2665
0.16669,5.3489
0.16544,5.4
0.16383,5.4001
0.16242,5.3946
0.16223,5.3165
0.16169,5.2385
0.1613,5.1671
0.16113,5.1672
0.16088,5.1673
0.16046,5.1813
0.16013,5.256
0.1602,5.3406
0.16061,5.4088
0.16176,5.4158
0.16291,5.4162
0.16293,5.4163
0.16279,5.4067
0.16272,5.324
0.16291,5.2414
0.16343,5.1737
0.16466,5.1738
0.16528,5.2161
0.16586,5.2941
0.16593,5.372
0.16623,5.4035
0.16615,5.4034
0.16622,5.4031
0.16641,5.3938
0.16653,5.3091
0.16736,5.2245
0.1682,5.1521
0.16883,5.1519
0.16907,5.1519
0.16875,5.152
0.16915,5.213
0.16995,5.2955
0.17045,5.3782
0.1713,5.3928
0.17163,5.3928
0.17217,5.3461
0.17243,5.2681
0.17284,5.1901
0.17257,5.1638
0.17289,5.164
0.17312,5.164
0.17426,5.2091
0.17507,5.2936
0.17561,5.3783
0.17476,5.4145
0.174,5.4148
0.17413,5.4151
0.17479,5.4151
0.17524,5.3647
0.17631,5.282
0.17567,5.1994
0.17511,5.1749
0.17489,5.1787
0.17489,5.2568
0.17483,5.3347
0.17536,5.4031
0.17502,5.403
0.17489,5.4028
0.17454,5.4025
0.17405,5.3536
0.17321,5.269
0.17373,5.1843
0.17369,5.1541
0.1732,5.154
0.17232,5.154
0.1718,5.1814
0.17176,5.264
0.17331,5.3465
0.17335,5.3952
0.17291,5.3952
0.17202,5.3913
0.1714,5.3132
0.17101,5.2352
0.17145,5.1672
0.1712,5.1674
0.17135,5.1674
0.1706,5.1813
0.16972,5.2559
0.16893,5.3406
0.16809,5.4069
0.16779,5.4123
0.16756,5.4127
0.16804,5.4128
0.16855,5.404
0.16808,5.3213
0.16721,5.2387
0.16585,5.1736
0.16515,5.1736
0.16524,5.2154
0.16553,5.2934
0.16559,5.3712
0.16567,5.4005
0.16517,5.4003
0.16453,5.4
0.16381,5.392
0.16294,5.3073
0.16196,5.2227
0.16078,5.1527
0.16076,5.1525
0.15969,5.1525
0.15916,5.1526
0.15862,5.2135
0.15696,5.296
0.15614,5.3786
0.15592,5.3918
0.15423,5.3918
0.15357,5.3455
0.15324,5.2674
0.15245,5.1895
0.15053,5.1655
0.14866,5.1656
0.14697,5.1657
0.14553,5.2115
0.14407,5.296
0.14363,5.3807
0.1423,5.4159
0.14025,5.4161
0.13777,5.4165
0.13507,5.4165
0.13273,5.3659
0.13109,5.2832
0.12947,5.2006
0.12809,5.1783
0.12566,5.1814
0.12331,5.2595
0.1215,5.3374
0.11993,5.4037
0.11871,5.4037
0.11877,5.4035
0.11774,5.4032
0.117,5.3543
0.11562,5.2696
0.1144,5.185
0.11323,5.1565
0.11367,5.1564
0.11321,5.1565
0.1123,5.1842
0.11098,5.2668
0.10966,5.3492
0.10908,5.3965
0.11018,5.3965
0.10967,5.3933
0.10868,5.3153
0.10774,5.2372
0.10683,5.1704
0.10586,5.1705
0.10639,5.1706
0.10639,5.1863
0.10656,5.2619
0.10607,5.3466
0.10571,5.4128
0.10442,5.419
0.10407,5.4194
0.10403,5.4195
0.10394,5.4098
0.10446,5.3271
0.10508,5.2445
0.10495,5.18
0.1044,5.1801
0.10377,5.2216
0.10368,5.2996
0.10409,5.3775
0.10513,5.4059
0.10597,5.4057
0.10676,5.4055
0.10716,5.3966
0.1078,5.3119
0.10844,5.2273
0.10906,5.1575
0.10997,5.1573
0.11051,5.1573
0.11147,5.1574
0.1128,5.2185
0.11417,5.3009
0.11491,5.3835
0.11536,5.3964
0.11632,5.3964
0.11773,5.3502
0.11854,5.2721
0.12016,5.1942
0.1216,5.1697
0.12291,5.1698
0.1237,5.1698
0.12461,5.2157
0.12423,5.3003
0.12514,5.3849
0.12611,5.4204
0.12772,5.4206
0.12862,5.4209
0.12916,5.4209
0.12811,5.3671
0.12701,5.2844
0.1274,5.2018
0.12809,5.1782
0.12834,5.1814
0.1292,5.2594
0.12891,5.3373
0.12818,5.4033
0.12796,5.4032
0.12808,5.403
0.12829,5.4027
0.12934,5.3512
0.12907,5.2665
0.12901,5.1819
0.12873,5.153
0.12867,5.1529
0.12834,5.153
0.12922,5.1811
0.12943,5.2636
0.12941,5.3461
0.12899,5.3935
0.1289,5.3935
0.12923,5.389
0.13056,5.3109
0.1311,5.2328
0.13123,5.1656
0.13095,5.1657
0.13057,5.1658
0.13004,5.1809
0.13046,5.257
0.13066,5.3416
0.13133,5.4079
0.13152,5.4146
0.13143,5.415
0.13098,5.4151
0.13089,5.4037
0.13132,5.321
0.13247,5.2384
0.13424,5.1724
0.13563,5.1725
0.13622,5.2148
0.13702,5.2929
0.13792,5.3708
0.13884,5.3993
0.14012,5.3992
0.14214,5.3989
0.14374,5.3861
0.14554,5.3015
0.14696,5.2169
0.14823,5.1466
0.14937,5.1464
0.15052,5.1464
0.15204,5.1464
0.15364,5.2105
0.15588,5.2931
0.15795,5.3757
0.15975,5.3888
0.16096,5.3888
0.1625,5.3391
0.16425,5.2611
0.1663,5.1831
0.16821,5.1584
0.17021,5.1585
0.17231,5.1586
0.17384,5.2072
0.17453,5.2918
0.17508,5.3765
0.17524,5.412
0.17521,5.4122
0.17558,5.4126
0.17711,5.4126
0.17775,5.3559
0.17819,5.2733
0.17732,5.1907
0.17656,5.1651
0.17667,5.1706
0.17724,5.2486
0.17814,5.3266
0.17987,5.3931
0.1797,5.393
0.1791,5.3929
0.17871,5.3926
0.17866,5.3368
0.17889,5.2522
0.18029,5.1676
0.18028,5.1372
0.1797,5.1371
0.17873,5.1372
0.17795,5.1683
0.17755,5.2509
0.17874,5.3334
0.1786,5.3827
0.17818,5.3828
0.17754,5.3748
0.17672,5.2968
0.17641,5.2188
0.17754,5.1503
0.17709,5.1505
0.17659,5.1505
0.17585,5.17
0.17477,5.2508
0.17317,5.3355
0.17297,5.4022
0.17255,5.4094
0.17212,5.4097
0.17111,5.4099
0.16926,5.394
0.16705,5.3114
0.1655,5.2288
0.16496,5.1616
0.16512,5.1618
0.16476,5.2084
0.1645,5.2865
0.16378,5.3644
0.1628,5.3936
0.16185,5.3935
0.16152,5.3933
0.16095,5.3758
0.16036,5.2912
0.16027,5.2066
0.16027,5.1355
0.1596,5.1353
0.15881,5.1354
0.15805,5.1354
0.15711,5.2039
0.1566,5.2865
0.15616,5.3691
0.15653,5.3853
0.15638,5.3853
0.15669,5.3323
0.15689,5.2543
0.15678,5.1763
0.1569,5.1507
0.15743,5.1508
0.15759,5.1509
0.15849,5.2024
0.15962,5.287
0.16028,5.3716
0.16015,5.4081
0.1598,5.4084
0.16001,5.4087
0.16073,5.4087
0.16154,5.347
0.16228,5.2642
0.16239,5.1816
0.16293,5.155
0.16253,5.1656
0.1618,5.2436
0.162,5.3216
0.16279,5.3909
0.16331,5.3907
0.16466,5.3905
0.16492,5.3903
0.16426,5.3282
0.16361,5.2436
0.16354,5.159
0.1641,5.1288
0.16608,5.1287
0.16634,5.1288
0.16639,5.1648
0.16589,5.2474
0.16603,5.3299
0.16631,5.3803
0.16759,5.3803
0.168,5.3668
0.16801,5.2887
0.16755,5.2107
0.16715,5.1413
0.16723,5.1413
0.16825,5.1413
0.16823,5.1654
0.16814,5.2499
0.16795,5.3345
0.16691,5.4018
0.16574,5.4093
0.16626,5.4097
0.16641,5.4098
0.16712,5.3879
0.16733,5.3052
0.16644,5.2226
0.16473,5.154
0.16401,5.1541
0.16419,5.2065
0.16504,5.2845
0.16544,5.3624
0.1655,5.3942
0.16535,5.3941
0.16567,5.3938
0.16616,5.3693
0.16645,5.2846
0.16676,5.2
0.16701,5.1281
0.16774,5.1279
0.16844,5.1279
0.16883,5.1334
0.16918,5.2085
0.1693,5.291
0.16898,5.3736
0.16901,5.3909
0.16968,5.3909
0.17039,5.3326
0.17081,5.2546
0.17003,5.1766
0.16955,5.149
0.16925,5.1491
0.16885,5.1492
0.16872,5.2061
0.16865,5.2907
0.16836,5.3754
0.16823,5.4127
0.16834,5.413
0.16773,5.4133
0.16735,5.4133
0.16687,5.3459
0.16632,5.2632
0.16635,5.1806
0.16613,5.1524
0.16536,5.1701
0.1652,5.2481
0.16364,5.3262
0.1621,5.3967
0.16151,5.3966
0.16115,5.3964
0.16086,5.3961
0.16143,5.3277
0.16007,5.2431
0.15876,5.1585
0.15743,5.1257
0.15601,5.1256
0.15532,5.1257
0.15579,5.1675
0.15468,5.2501
0.15291,5.3326
0.15081,5.3849
0.14946,5.3849
0.14825,5.3643
0.148,5.2863
0.14689,5.2082
0.14462,5.1369
0.14204,5.137
0.13978,5.137
0.13791,5.1669
0.13685,5.2515
0.13444,5.3361
0.13224,5.4056
0.12996,5.4144
0.12723,5.4148
0.12424,5.4149
0.12235,5.386
0.12085,5.3033
0.12023,5.2207
0.11923,5.15
0.1171,5.1501
0.11452,5.2096
0.11306,5.2877
0.11264,5.3656
0.11345,5.3985
0.11321,5.3984
0.11238,5.3981
0.11165,5.3672
0.11138,5.2825
0.11106,5.1979
0.11082,5.1238
0.11045,5.1236
0.10944,5.1236
0.10935,5.1351
0.10992,5.2157
0.11007,5.2982
0.11031,5.3808
0.11033,5.4005
0.10994,5.4005
0.1101,5.3361
0.11114,5.2581
0.11229,5.18
0.11269,5.1497
0.11224,5.1497
0.1122,5.1509
0.11228,5.213
0.11205,5.2976
0.11187,5.3823
0.1118,5.4212
0.1119,5.4215
0.11255,5.4218
0.11291,5.4218
0.11276,5.3471
0.11228,5.2643
0.11186,5.1818
0.11166,5.1515
0.11282,5.1758
0.11395,5.2538
0.11426,5.3319
0.11548,5.4043
0.1157,5.4043
0.11567,5.404
0.11645,5.4037
0.11726,5.3285
0.11801,5.2439
0.12078,5.1593
0.12162,5.1246
0.12198,5.1246
0.12216,5.1246
0.1227,5.1726
0.12415,5.2552
0.1261,5.3377
0.12702,5.3921
0.12757,5.3921
0.12755,5.3642
0.12781,5.2861
0.12932,5.2081
0.13164,5.1355
0.13281,5.1356
0.13315,5.1357
0.13331,5.1701
0.13298,5.2547
0.13307,5.3393
0.13398,5.4102
0.13375,5.4204
0.13353,5.4207
0.13305,5.4208
0.13209,5.3847
0.13123,5.302
0.13154,5.2194
0.13159,5.1466
0.13241,5.1467
0.13285,5.2132
0.13207,5.2913
0.13007,5.3692
0.12925,5.4048
0.1296,5.4047
0.13094,5.4044
0.13152,5.3673
0.13138,5.2826
0.13108,5.198
0.13124,5.1224
0.13142,5.1222
0.13176,5.1222
0.13222,5.1404
0.13193,5.223
0.13237,5.3055
0.13336,5.3881
0.13458,5.4098
0.13578,5.4098
0.13582,5.3412
0.13586,5.2631
0.13654,5.1851
0.13795,5.1538
0.13973,5.1539
0.14082,5.1594
0.14124,5.2276
0.14158,5.3122
0.14267,5.3969
0.1436,5.4366
0.14394,5.437
0.14464,5.4373
0.14553,5.4373
0.14665,5.3552
0.14799,5.2724
0.14918,5.1898
0.14965,5.1579
0.1499,5.1889
0.15076,5.2669
0.15266,5.3449
0.15464,5.419
0.15596,5.4189
0.15758,5.4186
0.158,5.4183
0.15813,5.3368
0.15991,5.2521
0.1619,5.1675
0.16381,5.1314
0.16663,5.1313
0.16775,5.1313
0.16933,5.185
0.17082,5.2676
0.17208,5.3501
0.17418,5.4054
0.17658,5.4054
0.17768,5.3708
0.17884,5.2927
0.17915,5.2146
0.17953,5.1406
0.18063,5.1407
0.18241,5.1408
0.18286,5.1793
0.18291,5.2639
0.18301,5.3485
0.18279,5.4195
0.18291,5.4297
0.1839,5.43
0.18413,5.4301
0.18408,5.3861
0.18384,5.3034
0.18328,5.2207
0.18277,5.147
0.18317,5.1471
0.18364,5.2191
0.18475,5.2971
0.18495,5.375
0.18438,5.4113
0.1827,5.4111
0.18154,5.4108
0.18143,5.3671
0.18255,5.2824
0.18309,5.1978
0.18215,5.1209
0.18189,5.1207
0.18153,5.1208
0.1814,5.1435
0.18147,5.2261
0.1812,5.3086
0.18006,5.3912
0.17977,5.4129
0.18038,5.4129
0.18071,5.3357
0.18122,5.2577
0.18113,5.1797
0.18003,5.1481
0.17899,5.1481
0.17909,5.1571
0.17962,5.2296
0.17996,5.3141
0.17901,5.3989
0.17804,5.4379
0.17714,5.4383
0.17655,5.4386
0.17583,5.4345
0.17515,5.3519
0.17393,5.2692
0.17336,5.1867
0.17293,5.1549
0.17211,5.1906
0.17154,5.2687
0.17069,5.3467
0.16919,5.4216
0.1693,5.4215
0.16959,5.4213
0.16896,5.4166
0.16829,5.3319
0.16621,5.2472
0.16449,5.1626
0.16383,5.1266
0.1637,5.1265
0.16367,5.1265
0.16472,5.1863
0.16402,5.2689
0.16391,5.3514
0.16373,5.4064
0.16333,5.4064
0.16432,5.3647
0.16518,5.2866
0.16509,5.2086
0.16515,5.1338
0.16444,5.134
0.16359,5.1341
0.16474,5.1778
0.16624,5.2624
0.16613,5.3471
0.16614,5.4163
0.16614,5.4255
0.16582,5.4259
0.16636,5.4259
0.16719,5.3765
0.16701,5.2938
0.16697,5.2112
0.16692,5.1384
0.16636,5.1386
0.166,5.2166
0.16652,5.2946
0.16732,5.3725
0.16837,5.4089
0.16909,5.4088
0.16921,5.4085
0.16811,5.3599
0.16747,5.2752
0.16794,5.1906
0.16995,5.1145
0.1713,5.1144
0.171,5.1144
0.17069,5.1413
0.17029,5.2239
0.17034,5.3064
0.17067,5.3891
0.17097,5.4106
0.17015,5.4091
0.16999,5.3311
0.17044,5.253
0.17102,5.175
0.17189,5.1433
0.1716,5.1433
0.17107,5.1577
0.17099,5.2348
0.17197,5.3193
0.17317,5.4041
0.17403,5.443
0.17435,5.4435
0.17397,5.4437
0.17468,5.4341
0.175,5.3515
0.17455,5.2688
0.17494,5.1863
0.17539,5.1577
0.17592,5.1992
0.17609,5.2774
0.17612,5.3554
0.17574,5.4301
0.17507,5.4301
0.17468,5.4298
0.17561,5.4182
0.17659,5.3335
0.17694,5.2488
0.177,5.1642
0.17559,5.1308
0.1746,5.1308
0.17472,5.1308
0.1752,5.1957
0.17554,5.2783
0.17662,5.3608
0.17558,5.4153
0.17488,5.4153
0.17449,5.3679
0.1739,5.2898
0.174,5.2117
0.17408,5.1383
0.17328,5.1384
0.17242,5.1385
0.1712,5.1863
0.16992,5.2709
0.17021,5.3556
0.17065,5.4254
0.17014,5.4341
0.16961,5.4345
0.16846,5.4345
0.16717,5.3787
0.16715,5.296
0.16676,5.2134
0.16606,5.1424
0.16529,5.1477
0.16389,5.2256
0.16214,5.3037
0.16113,5.3815
0.16045,5.4172
0.1598,5.417
0.15924,5.4166
0.15816,5.3613
0.15666,5.2766
0.15447,5.1919
0.15259,5.1197
0.1514,5.1196
0.15155,5.1196
0.15124,5.1512
0.14931,5.2338
0.14733,5.3164
0.14516,5.399
0.14312,5.4174
0.14157,5.4093
0.14013,5.3313
0.13763,5.2532
0.13576,5.1752
0.13399,5.1469
0.13213,5.1469
0.13087,5.1661
0.12871,5.2479
0.1261,5.3324
0.12372,5.4172
0.1228,5.4534
0.12236,5.4538
