0.0010812,-0.023465
0.0017779,-0.056494
0.0024615,-0.10054
0.0026239,-0.14809
0.0027711,-0.20147
0.003586,-0.2607
0.0036438,-0.31745
0.0041304,-0.3749
0.0047007,-0.43053
0.0047574,-0.48234
0.0046136,-0.53505
0.0043827,-0.57692
0.0046314,-0.60714
0.0055062,-0.62832
0.0063215,-0.63614
0.0065728,-0.63716
0.0064724,-0.62462
0.0065673,-0.60245
0.006459,-0.57164
0.0072235,-0.53064
0.0081421,-0.48505
0.00878,-0.43616
0.0097269,-0.38984
0.010112,-0.34435
0.010602,-0.29764
0.011144,-0.25657
0.011557,-0.21865
0.012115,-0.17978
0.012489,-0.14072
0.013135,-0.10839
0.013921,-0.084915
0.015167,-0.069679
0.016129,-0.063333
0.01657,-0.065569
0.016761,-0.078645
0.017488,-0.10072
0.018066,-0.13091
0.018647,-0.1736
0.018843,-0.2214
0.019069,-0.27145
0.019037,-0.32667
0.019399,-0.38213
0.019496,-0.43855
0.019049,-0.4962
0.018376,-0.54922
0.018087,-0.60296
0.018162,-0.65133
0.018421,-0.6864
0.017499,-0.71071
0.015667,-0.72648
0.014266,-0.7304
0.013523,-0.72309
0.013145,-0.70399
0.013081,-0.67696
0.012525,-0.63931
0.011208,-0.59595
0.0099532,-0.55015
0.0088782,-0.50183
0.0079523,-0.45613
0.0081755,-0.41012
0.0076534,-0.36684
0.0066831,-0.32807
0.0065091,-0.29049
0.0063848,-0.2513
0.0056701,-0.21633
0.0055287,-0.19029
0.0053164,-0.17205
0.0049655,-0.16205
0.0050158,-0.16111
0.0051733,-0.17155
0.0054235,-0.19175
0.0057647,-0.21792
0.0063544,-0.2558
0.0060522,-0.30222
0.0060421,-0.34718
0.0061722,-0.40055
0.0061164,-0.45689
0.0063941,-0.51304
0.0067673,-0.57246
0.0070373,-0.62795
0.0074841,-0.67888
0.0073917,-0.7303
0.0071137,-0.77048
0.0068171,-0.79847
0.0069645,-0.81552
0.007391,-0.82269
0.008284,-0.8194
0.0089668,-0.80356
0.0090416,-0.77949
0.008771,-0.74542
0.0085644,-0.7015
0.0088193,-0.65605
0.0098056,-0.60856
0.010837,-0.56267
0.01182,-0.51686
0.012612,-0.47147
0.013347,-0.43148
0.01436,-0.39508
0.014509,-0.35569
0.015171,-0.31715
0.015698,-0.28757
0.015977,-0.26276
0.017125,-0.24974
0.018034,-0.24579
0.019049,-0.25019
0.019558,-0.26647
0.020172,-0.29001
0.02029,-0.32303
0.020532,-0.3663
0.021416,-0.41254
0.021958,-0.46481
0.022036,-0.52347
0.022232,-0.57977
0.022168,-0.63812
0.022102,-0.69598
0.021896,-0.74838
0.021624,-0.80235
0.02086,-0.84711
0.020469,-0.87867
0.020289,-0.8995
0.020013,-0.90869
0.018989,-0.91055
0.017709,-0.89847
0.016299,-0.87641
0.015426,-0.84617
0.015029,-0.8052
0.01459,-0.75979
0.013796,-0.71093
0.012691,-0.66395
0.011197,-0.61862
0.0099155,-0.57191
0.0088534,-0.53046
0.0076285,-0.49246
0.007559,-0.45394
0.0067077,-0.41459
0.0059087,-0.38092
0.0054487,-0.35691
0.0050687,-0.34105
0.0047992,-0.33392
0.0045814,-0.33602
0.0039236,-0.34797
0.0036304,-0.36956
0.0034582,-0.39872
0.0034276,-0.44004
0.0034428,-0.48719
0.0038786,-0.53413
0.0040159,-0.58898
0.0041047,-0.6464
0.004252,-0.70342
0.0042015,-0.76178
0.0040022,-0.81563
0.0042201,-0.86853
0.0047506,-0.9169
0.0053499,-0.95342
0.0055077,-0.97823
0.005003,-0.99336
0.0041686,-0.99785
0.0041862,-0.99164
0.0051572,-0.97336
0.0061583,-0.94708
0.0066843,-0.91045
0.0068947,-0.8666
0.0057325,-0.82066
0.0058832,-0.77238
0.0066983,-0.72687
0.0072065,-0.68095
0.0080783,-0.63628
0.0090827,-0.59675
0.0098593,-0.55918
0.01053,-0.52036
0.011186,-0.48334
0.012004,-0.45598
0.012634,-0.43574
0.013249,-0.42532
0.013931,-0.42359
0.014881,-0.43263
0.01662,-0.45162
0.017719,-0.47687
0.018181,-0.51257
0.01905,-0.55776
0.019332,-0.60355
0.019795,-0.65786
0.02046,-0.71688
0.020809,-0.77426
0.021144,-0.83413
0.021555,-0.88986
0.021676,-0.94109
0.021649,-0.9939
0.021469,-1.0341
0.020922,-1.0623
0.020661,-1.0803
0.020691,-1.0882
0.020808,-1.086
0.020401,-1.0708
0.019066,-1.0468
0.017687,-1.0136
0.016342,-0.97034
0.015953,-0.92463
0.015898,-0.87672
0.015513,-0.83068
0.014649,-0.7845
0.013606,-0.73826
0.012049,-0.69867
0.011032,-0.66106
0.010028,-0.62122
0.0097365,-0.58252
0.0095303,-0.5521
0.0090679,-0.52741
0.0076768,-0.51378
0.0069642,-0.50943
0.0062075,-0.51325
0.005968,-0.5284
0.0059732,-0.55172
0.0054369,-0.5831
0.0050044,-0.62679
0.0047582,-0.67418
0.0049662,-0.72694
0.0051086,-0.78503
0.005315,-0.84126
0.0054347,-0.89945
0.0057165,-0.95817
0.0056486,-1.0105
0.0055997,-1.064
0.0059278,-1.1103
0.0060207,-1.1415
0.0065731,-1.1636
0.0071919,-1.1753
0.0073447,-1.1786
0.0072173,-1.1688
0.0069154,-1.1476
0.0072937,-1.1187
0.0083359,-1.0794
0.0092606,-1.0352
0.0096788,-0.98867
0.0098149,-0.94128
0.0098013,-0.89467
0.0098275,-0.84887
0.01064,-0.80685
0.011826,-0.76862
0.01257,-0.73061
0.013757,-0.69115
0.014383,-0.65647
0.014975,-0.63195
0.015929,-0.6156
0.016494,-0.60799
0.017304,-0.60956
0.018014,-0.62059
0.019001,-0.64208
0.019956,-0.66987
0.021545,-0.70955
0.02274,-0.75657
0.023464,-0.80234
0.023994,-0.85773
0.024819,-0.91569
0.025564,-0.97205
0.026324,-1.031
0.026859,-1.0855
0.027457,-1.1361
0.027848,-1.1838
0.0286,-1.2198
0.029222,-1.2453
0.029144,-1.26
0.028969,-1.2661
0.029233,-1.2617
0.029789,-1.2438
0.030521,-1.2179
0.030174,-1.1826
0.028887,-1.1377
0.027678,-1.0919
0.027102,-1.0457
0.026747,-1.0012
0.026467,-0.95617
0.025518,-0.91254
0.023407,-0.87293
0.021048,-0.83588
0.018689,-0.79675
0.016193,-0.75896
0.014321,-0.73034
0.012072,-0.70741
0.0092546,-0.69564
0.0069111,-0.69275
0.0042467,-0.7005
0.0016923,-0.71815
-0.00099393,-0.74284
-0.003553,-0.77728
-0.0058667,-0.82222
-0.0080829,-0.87006
-0.010603,-0.92473
-0.012503,-0.98538
-0.013789,-1.0427
-0.014991,-1.1012
-0.016953,-1.1583
-0.018138,-1.2106
-0.01846,-1.2637
-0.018769,-1.3068
-0.018292,-1.3371
-0.017078,-1.358
-0.016271,-1.3671
-0.015045,-1.3684
-0.013929,-1.3561
-0.012967,-1.3338
-0.01164,-1.3048
-0.010326,-1.2649
-0.008815,-1.2211
-0.0064727,-1.1722
-0.0041565,-1.1248
-0.0026551,-1.0788
-0.0013467,-1.0324
0.00049849,-0.99187
0.0021069,-0.95325
0.0046018,-0.91404
0.0068406,-0.87544
0.0090765,-0.84287
0.010826,-0.81935
0.012095,-0.80438
0.013495,-0.79957
0.014032,-0.80166
0.014692,-0.8149
0.015546,-0.8379
0.015885,-0.86793
0.016754,-0.91041
0.017376,-0.95897
0.018357,-1.0084
0.019008,-1.0631
0.019388,-1.119
0.019369,-1.1742
0.019974,-1.2309
0.020585,-1.284
0.021182,-1.3375
0.021237,-1.3848
0.021348,-1.4207
0.021242,-1.4452
0.021526,-1.4612
0.021489,-1.4654
0.021168,-1.4587
0.020541,-1.4397
0.02027,-1.4133
0.020221,-1.3764
0.020419,-1.3328
0.019721,-1.2873
0.018461,-1.2383
0.017377,-1.1911
0.016789,-1.1442
0.016623,-1.099
0.01684,-1.0597
0.016193,-1.0207
0.015113,-0.98134
0.013796,-0.94474
0.012909,-0.91752
0.011879,-0.89821
0.012304,-0.88738
0.012087,-0.88553
0.011221,-0.89519
0.010948,-0.91419
0.010888,-0.93957
0.010139,-0.97544
0.0099276,-1.0208
0.0096443,-1.0654
0.0089537,-1.1168
0.0089296,-1.1728
0.0088902,-1.2274
0.0088442,-1.2854
0.0088943,-1.34
0.0092733,-1.3896
0.0088986,-1.4412
0.0087995,-1.4804
0.0089375,-1.5081
0.0087673,-1.5255
0.0089902,-1.532
0.0091832,-1.5291
0.0096756,-1.513
0.010319,-1.4882
0.010223,-1.4548
0.0099772,-1.4114
0.0095578,-1.3664
0.0098317,-1.3186
0.010728,-1.2723
0.011832,-1.2262
0.012574,-1.1807
0.012769,-1.1417
0.012391,-1.1042
0.012202,-1.0642
0.012791,-1.0262
0.013673,-0.99567
0.01479,-0.97121
0.01575,-0.9582
0.016479,-0.95432
0.017227,-0.95809
0.01821,-0.9733
0.018466,-0.99676
0.018984,-1.0276
0.019329,-1.071
0.019603,-1.1171
0.020582,-1.1677
0.021399,-1.224
0.022247,-1.2788
0.022611,-1.3359
0.023014,-1.3939
0.022978,-1.446
0.023021,-1.4987
0.023781,-1.5451
0.024301,-1.5777
0.024344,-1.6003
0.024501,-1.6122
0.024385,-1.6149
0.024295,-1.6052
0.024319,-1.5842
0.024188,-1.5557
0.02355,-1.5172
0.023101,-1.4733
0.022967,-1.4269
0.022823,-1.3796
0.021891,-1.3334
0.020807,-1.2877
0.019534,-1.2457
0.018943,-1.207
0.018794,-1.168
0.018691,-1.1295
0.018033,-1.0953
0.016996,-1.0702
0.015567,-1.0538
0.014263,-1.0461
0.013156,-1.0479
0.012261,-1.0591
0.01212,-1.0807
0.011297,-1.1082
0.010539,-1.1471
0.0099321,-1.1936
0.0093562,-1.2382
0.0088322,-1.2934
0.0084438,-1.3512
0.0076133,-1.4073
0.0073286,-1.4666
0.0072201,-1.5209
0.0070486,-1.5715
0.0069323,-1.6212
0.0074046,-1.6588
0.0073916,-1.6853
0.007511,-1.7024
0.0078299,-1.7086
0.0077784,-1.7042
0.0076232,-1.6861
0.0079459,-1.6604
0.0085488,-1.6253
0.0093799,-1.5809
0.0094854,-1.5358
0.009195,-1.4889
0.0084461,-1.4427
0.0084949,-1.3961
0.009567,-1.3514
0.010595,-1.3121
0.011129,-1.2743
0.011348,-1.2349
0.010384,-1.1975
0.010266,-1.17
0.010915,-1.1478
0.011148,-1.1365
0.011838,-1.1331
0.012522,-1.1396
0.013086,-1.1565
0.013596,-1.1806
0.014031,-1.214
0.014473,-1.2588
0.014752,-1.3059
0.01498,-1.3587
0.015403,-1.418
0.016218,-1.4742
0.017503,-1.5318
0.018288,-1.5898
0.018657,-1.6411
0.019263,-1.6934
0.019388,-1.7382
0.019542,-1.7682
0.020306,-1.7885
0.02075,-1.7986
0.021085,-1.7996
0.021479,-1.7875
0.021759,-1.7646
0.021879,-1.7346
0.022051,-1.6949
0.02189,-1.6505
0.021682,-1.6032
0.021914,-1.5558
0.022128,-1.5087
0.02165,-1.463
0.02084,-1.4224
0.019853,-1.3833
0.018659,-1.344
0.01837,-1.3062
0.018459,-1.2736
0.018086,-1.2505
0.017631,-1.2356
0.016726,-1.23
0.015242,-1.2327
0.014028,-1.2447
0.013009,-1.2677
0.012051,-1.2966
0.0119,-1.3373
0.01117,-1.385
0.0099684,-1.4314
0.0081273,-1.4637
0.0070423,-1.4887
0.0060331,-1.4997
0.0056763,-1.5103
0.0049277,-1.5102
0.003804,-1.5027
0.0035603,-1.4927
0.0030877,-1.4702
0.0024697,-1.4379
0.0029041,-1.4
0.0033749,-1.3521
0.0039696,-1.3039
0.0039203,-1.2537
0.0031709,-1.2057
0.0023031,-1.1615
0.0024856,-1.1156
0.0033787,-1.0829
0.0041055,-1.0584
0.0045038,-1.0433
0.0033692,-1.0377
0.0018757,-1.0398
0.0014556,-1.0501
0.0016202,-1.0579
0.0022153,-1.0644
0.0021974,-1.0748
0.0017618,-1.0894
0.00019128,-1.1076
-0.00028878,-1.1359
8.4965e-005,-1.1724
-2.937e-005,-1.213
-0.000261,-1.2544
-0.00067251,-1.2944
-0.0010339,-1.3351
-0.0011428,-1.378
-0.00084554,-1.4121
-0.00094189,-1.4425
-0.0010796,-1.4714
-0.0011808,-1.485
-0.00092204,-1.4944
-0.0004827,-1.5014
0.0010706,-1.4963
0.0016788,-1.4906
0.0020468,-1.4748
0.0032121,-1.4443
0.0041576,-1.4106
0.004866,-1.3653
0.0054328,-1.316
0.0055568,-1.2672
0.0069055,-1.2187
0.009331,-1.1717
0.011053,-1.1268
0.011985,-1.0896
0.012248,-1.0616
0.011933,-1.0414
0.012394,-1.0327
0.014117,-1.0314
0.015752,-1.0376
0.016541,-1.0473
0.01659,-1.0535
0.015314,-1.0623
0.014886,-1.0741
0.015742,-1.0898
0.016307,-1.1132
0.016285,-1.1484
0.016588,-1.1858
0.016174,-1.2248
0.015144,-1.267
0.014829,-1.3066
0.014141,-1.3489
0.013668,-1.3864
0.013719,-1.4135
0.013246,-1.4433
0.011732,-1.4625
0.011881,-1.4702
0.011695,-1.4812
0.011826,-1.4795
0.012089,-1.474
0.011662,-1.4621
0.011402,-1.4366
0.011283,-1.4042
0.011246,-1.3668
0.01171,-1.3189
0.012298,-1.2709
0.012795,-1.2218
0.012737,-1.1777
0.011852,-1.1335
0.010299,-1.0917
0.0084898,-1.0625
0.0072567,-1.0402
0.0064424,-1.0289
0.0056999,-1.027
0.0041738,-1.0299
0.00080325,-1.0394
-0.002703,-1.0463
-0.0045475,-1.0535
-0.0063145,-1.0638
-0.0083497,-1.0782
-0.010954,-1.0968
-0.013117,-1.1261
-0.016836,-1.1632
-0.019641,-1.2022
-0.021123,-1.2454
-0.023326,-1.2843
-0.025563,-1.3231
-0.027256,-1.3643
-0.028516,-1.3946
-0.02982,-1.4223
-0.03008,-1.4466
-0.029891,-1.458
-0.029792,-1.4671
-0.029034,-1.4707
-0.027883,-1.4615
-0.026666,-1.4544
-0.024082,-1.4374
-0.022092,-1.4061
-0.02057,-1.3718
-0.018695,-1.3252
-0.01645,-1.2787
-0.014511,-1.2321
-0.012699,-1.1858
-0.010814,-1.1444
-0.0083153,-1.1005
-0.0055307,-1.0676
-0.0026754,-1.0437
-0.00035256,-1.0271
0.00073718,-1.0225
0.0013069,-1.0238
0.002698,-1.0339
0.0046442,-1.0424
0.0065542,-1.0482
0.0075752,-1.0582
0.007311,-1.0696
0.0074438,-1.0839
0.0066157,-1.1082
0.0072259,-1.1443
0.0080783,-1.1808
0.0082859,-1.2186
0.0078906,-1.2584
0.0072624,-1.2954
0.0060906,-1.3354
0.0058648,-1.3704
0.0051613,-1.3937
0.0049896,-1.4185
0.0047116,-1.4321
0.0043836,-1.4382
0.0027427,-1.4472
0.0020908,-1.4437
0.0012293,-1.4372
0.00074623,-1.4239
0.00064704,-1.3989
0.00023467,-1.3678
-0.00048488,-1.3262
-0.001259,-1.2803
-0.0016092,-1.2349
-0.0016266,-1.1882
-0.0011478,-1.1449
-0.00041381,-1.103
-0.00012437,-1.064
-0.0011612,-1.0383
-0.00224,-1.0202
-0.0024408,-1.0127
-0.002709,-1.0117
-0.00099745,-1.0169
-0.00047348,-1.0281
-0.0011361,-1.0353
-0.001785,-1.0436
-0.0030348,-1.0548
-0.0036668,-1.0703
-0.0034289,-1.092
-0.0030817,-1.1216
-0.0032409,-1.1586
-0.0040235,-1.1973
-0.0048536,-1.2377
-0.0055201,-1.2752
-0.0054108,-1.3127
-0.0052417,-1.3499
-0.0063251,-1.3786
-0.0065085,-1.4071
-0.006497,-1.4294
-0.0071122,-1.4413
-0.0071434,-1.4528
-0.0071428,-1.4556
-0.0074109,-1.4464
-0.007323,-1.4384
-0.0071499,-1.4195
-0.0070135,-1.3901
-0.0061065,-1.3573
-0.0053817,-1.311
-0.0049899,-1.2688
-0.0041838,-1.2248
-0.0036495,-1.1818
-0.0032453,-1.1419
-0.0031391,-1.1024
-0.002764,-1.0735
-0.0013766,-1.0506
0.00014087,-1.0361
0.0016708,-1.0326
0.002274,-1.0331
0.0018077,-1.0421
0.0014576,-1.0493
0.0021636,-1.0555
0.0035016,-1.0653
0.0053472,-1.0756
0.0057881,-1.0899
0.0053438,-1.117
0.004279,-1.1529
0.0036347,-1.1874
0.0038549,-1.2269
0.0051481,-1.2653
0.005422,-1.3007
0.0052181,-1.3401
0.0043793,-1.3729
0.0030163,-1.3978
0.0027135,-1.4221
0.002263,-1.4351
0.0021097,-1.4423
0.0013703,-1.4462
0.00086327,-1.4399
-0.0006733,-1.4341
-0.001384,-1.4189
-0.0024702,-1.3929
-0.0028161,-1.3619
-0.0031602,-1.3204
-0.0040075,-1.2758
-0.00464,-1.2352
-0.0054691,-1.1904
-0.0058828,-1.15
-0.0058558,-1.109
-0.0059123,-1.0727
-0.005832,-1.0481
-0.0059797,-1.0295
-0.007191,-1.0216
-0.0082348,-1.0193
-0.0082033,-1.0225
-0.0085227,-1.0316
-0.0079987,-1.0387
-0.0074986,-1.046
-0.0083034,-1.0539
-0.0095965,-1.0675
-0.010661,-1.089
-0.011441,-1.1185
-0.011057,-1.1533
-0.010753,-1.189
-0.011423,-1.2243
-0.012028,-1.2583
-0.012935,-1.292
-0.013736,-1.3269
-0.013977,-1.3523
-0.013807,-1.3765
-0.014699,-1.395
-0.015201,-1.4041
-0.015701,-1.4143
-0.016135,-1.415
-0.016942,-1.4063
-0.017298,-1.3983
-0.017639,-1.3789
-0.017813,-1.3497
-0.017961,-1.317
-0.017925,-1.2758
-0.017645,-1.2373
-0.017521,-1.1954
-0.017267,-1.1546
-0.016841,-1.1162
-0.016782,-1.0781
-0.016979,-1.0513
-0.017481,-1.031
-0.01716,-1.0186
-0.015791,-1.0176
-0.01443,-1.0195
-0.013681,-1.0269
-0.013216,-1.033
-0.013409,-1.0386
-0.013127,-1.0462
-0.01116,-1.0571
-0.0085783,-1.0716
-0.0059286,-1.0983
-0.0041688,-1.1336
-0.0036891,-1.1662
-0.0028745,-1.2039
-0.0010179,-1.2407
0.0010959,-1.2747
0.0036682,-1.3103
0.0059546,-1.3411
0.007689,-1.3643
0.0091722,-1.3858
0.010141,-1.3976
0.011448,-1.4041
0.013206,-1.4055
0.014623,-1.3961
0.015548,-1.3887
0.016591,-1.3721
0.017526,-1.3465
0.01824,-1.3153
0.017835,-1.2722
0.01794,-1.2305
0.017396,-1.1905
0.015937,-1.1471
0.01484,-1.1103
0.01363,-1.0722
0.012879,-1.0396
0.012332,-1.0171
0.0111,-1.0002
0.0097878,-0.99428
0.0086779,-0.99277
0.0063526,-1.0002
0.0041411,-1.0098
0.0030881,-1.0169
0.0019035,-1.0255
0.00064369,-1.0326
-0.00025362,-1.0477
-0.0026628,-1.0714
-0.0050077,-1.1012
-0.0075775,-1.1349
-0.0089321,-1.1706
-0.009112,-1.2052
-0.0096199,-1.237
-0.0097951,-1.2709
-0.010506,-1.304
-0.011469,-1.3283
-0.01191,-1.3508
-0.01203,-1.3664
-0.011466,-1.3736
-0.011748,-1.3803
-0.01153,-1.3817
-0.011633,-1.3746
-0.011393,-1.3656
-0.011836,-1.3458
-0.011973,-1.317
-0.012077,-1.2813
-0.011626,-1.2394
-0.011069,-1.2008
-0.01037,-1.1597
-0.0095323,-1.1178
-0.0087142,-1.0814
-0.0080966,-1.0456
-0.0070993,-1.0199
-0.0064448,-1.0005
-0.0058935,-0.99028
-0.0057773,-0.98782
-0.0049943,-0.98964
-0.0036249,-0.99981
-0.0023163,-1.0085
-0.001521,-1.0164
-0.0011193,-1.0258
-0.0017682,-1.0369
-0.0017973,-1.0535
-0.00089005,-1.0805
0.00073639,-1.1151
0.0019698,-1.1471
0.0024026,-1.1814
0.00055096,-1.2178
-0.0006486,-1.2508
-0.00063821,-1.2846
-0.00050153,-1.314
-0.0002663,-1.3364
0.000283,-1.3568
-0.0001568,-1.3675
-0.00084116,-1.376
-0.0015795,-1.3797
-0.002379,-1.3747
-0.0032459,-1.3687
-0.0034212,-1.3525
-0.0036269,-1.3291
-0.0041268,-1.3016
-0.0048287,-1.2599
-0.0051102,-1.2221
-0.0058808,-1.1844
-0.0058828,-1.1446
-0.0060817,-1.1103
-0.0065535,-1.0763
-0.0072854,-1.0469
-0.0079074,-1.0266
-0.0073886,-1.0144
-0.0069285,-1.0121
-0.0062231,-1.0117
-0.0063602,-1.0175
-0.0066651,-1.0259
-0.0075965,-1.0328
-0.0081843,-1.0408
-0.0078634,-1.0464
-0.0071766,-1.0599
-0.0060358,-1.0841
-0.0055951,-1.1134
-0.0059772,-1.1444
-0.0068875,-1.1808
-0.0078806,-1.2139
-0.0078461,-1.2446
-0.00707,-1.2764
-0.0066565,-1.3075
-0.0060553,-1.3295
-0.005993,-1.3495
-0.0061961,-1.3621
-0.0059916,-1.3702
-0.0058417,-1.3741
-0.0052081,-1.3734
-0.0050954,-1.3669
-0.0043945,-1.3567
-0.00433,-1.3379
-0.004185,-1.3104
-0.0042691,-1.2747
-0.0050324,-1.2337
-0.0060039,-1.1981
-0.0070128,-1.1588
-0.008102,-1.1207
-0.0091095,-1.0849
-0.0095419,-1.052
-0.010697,-1.028
-0.011937,-1.0114
-0.012859,-1.0033
-0.014367,-1.0012
-0.015717,-1.0044
-0.017467,-1.0128
-0.018994,-1.0195
-0.020079,-1.026
-0.020572,-1.0325
-0.022162,-1.0428
-0.024081,-1.0591
-0.026127,-1.0849
-0.027692,-1.117
-0.028185,-1.1467
-0.027367,-1.1773
-0.026423,-1.2109
-0.026034,-1.2406
-0.025986,-1.2721
-0.026415,-1.2974
-0.025885,-1.3159
-0.024261,-1.3312
-0.022413,-1.3409
-0.021027,-1.3488
-0.02001,-1.3498
-0.019299,-1.3428
-0.018869,-1.3359
-0.018242,-1.3197
-0.017613,-1.2968
-0.016528,-1.268
-0.015289,-1.228
-0.014867,-1.1916
-0.014945,-1.1548
-0.014605,-1.1153
-0.014672,-1.0802
-0.01398,-1.048
-0.013276,-1.0206
-0.013466,-1.0016
-0.014001,-0.99142
-0.01495,-0.99006
-0.014921,-0.99008
-0.014484,-0.99577
-0.013604,-1.0043
-0.013583,-1.0112
-0.014351,-1.0181
-0.01548,-1.0243
-0.016115,-1.0379
-0.01624,-1.0612
-0.015116,-1.0904
-0.014344,-1.1178
-0.014207,-1.1517
-0.014139,-1.1832
-0.015069,-1.2137
-0.016165,-1.2418
-0.016197,-1.2701
-0.015487,-1.2907
-0.014783,-1.3081
-0.014709,-1.3199
-0.014758,-1.3282
-0.015742,-1.3308
-0.016078,-1.3274
-0.016044,-1.3194
-0.016422,-1.3078
-0.016513,-1.289
-0.015891,-1.2626
-0.015884,-1.2271
-0.015692,-1.1881
-0.015483,-1.1549
-0.015708,-1.1183
-0.015841,-1.082
-0.015804,-1.0481
-0.015712,-1.0185
-0.015438,-0.99654
-0.014261,-0.98131
-0.013685,-0.97455
-0.013269,-0.9722
-0.012649,-0.97603
-0.012821,-0.9842
-0.012784,-0.99202
-0.011926,-0.99853
-0.011049,-1.0037
-0.0098677,-1.0141
-0.0083459,-1.031
-0.0079821,-1.0561
-0.008096,-1.0865
-0.0079482,-1.1145
-0.008015,-1.1434
-0.0073077,-1.175
-0.0056431,-1.2035
-0.0041806,-1.2337
-0.0033576,-1.2578
-0.0035725,-1.276
-0.00453,-1.2906
-0.0049632,-1.3004
-0.0040167,-1.3068
-0.0032801,-1.3076
-0.0032546,-1.3005
-0.0036201,-1.2943
-0.0043329,-1.2793
-0.0052846,-1.2569
-0.0060647,-1.2267
-0.0069188,-1.1898
-0.0077152,-1.1563
-0.0078856,-1.1223
-0.0092205,-1.0858
-0.010927,-1.0514
-0.01228,-1.0211
-0.013215,-0.99549
-0.013844,-0.97753
-0.013935,-0.96877
-0.015149,-0.96829
-0.016533,-0.96858
-0.017862,-0.97454
-0.018293,-0.98296
-0.018078,-0.98971
-0.017294,-0.99554
-0.017443,-1.0005
-0.018295,-1.0144
-0.019318,-1.037
-0.019853,-1.0649
-0.020003,-1.0909
-0.018579,-1.1213
-0.017982,-1.1518
-0.017893,-1.181
-0.018108,-1.2073
-0.018948,-1.2356
-0.020387,-1.2567
-0.020772,-1.2727
-0.01995,-1.2842
-0.019374,-1.2919
-0.019455,-1.2942
-0.019601,-1.2904
-0.021174,-1.2822
-0.02159,-1.271
-0.021476,-1.2537
-0.022386,-1.2292
-0.022728,-1.196
-0.022323,-1.1619
-0.022538,-1.1317
-0.02259,-1.0968
-0.022666,-1.0636
-0.022928,-1.0334
-0.023018,-1.0074
-0.023135,-0.9885
-0.023313,-0.97636
-0.02312,-0.97225
-0.02211,-0.97212
-0.021432,-0.97736
-0.020829,-0.98611
-0.020265,-0.99438
-0.020636,-1.0003
-0.020897,-1.0051
-0.020155,-1.0161
-0.019141,-1.0341
-0.017915,-1.0597
-0.016619,-1.0896
-0.016465,-1.1184
-0.016937,-1.1472
-0.016936,-1.1779
-0.016981,-1.2074
-0.016681,-1.2376
-0.015224,-1.2625
-0.014378,-1.2816
-0.014219,-1.2958
-0.014968,-1.3051
-0.016415,-1.311
-0.017525,-1.3114
-0.017066,-1.3059
-0.016913,-1.3017
-0.017214,-1.2897
-0.018106,-1.2693
-0.019311,-1.24
-0.020695,-1.2058
-0.0221,-1.1741
-0.023345,-1.1407
-0.02468,-1.1052
-0.025334,-1.0733
-0.026561,-1.046
-0.02815,-1.0221
-0.029148,-1.0046
-0.029349,-0.99512
-0.029261,-0.99355
-0.028517,-0.99252
-0.028141,-0.99678
-0.027563,-1.0048
-0.027062,-1.0103
-0.025943,-1.015
-0.023736,-1.0204
-0.020997,-1.0355
-0.019957,-1.0584
-0.018716,-1.0853
-0.017336,-1.1107
-0.015778,-1.1396
-0.013816,-1.1701
-0.010376,-1.1989
-0.0071689,-1.2243
-0.0050715,-1.2525
-0.003553,-1.2736
-0.0024142,-1.2896
-0.0021783,-1.3006
-0.0011268,-1.3086
0.00088705,-1.3119
0.0023374,-1.3097
0.0026122,-1.302
0.0020106,-1.2893
-0.00027636,-1.2695
-0.0012114,-1.2443
-0.0017102,-1.2115
-0.0035236,-1.1768
-0.0046186,-1.1467
-0.004847,-1.1125
-0.0056892,-1.0788
-0.00658,-1.047
-0.0076282,-1.0204
-0.0086158,-1.0002
-0.0097394,-0.98697
-0.010838,-0.98248
-0.011812,-0.98142
-0.012531,-0.98346
-0.012623,-0.99058
-0.012477,-0.99694
-0.012237,-1.0011
-0.012149,-1.0039
-0.012881,-1.0137
-0.013108,-1.0308
-0.012155,-1.0545
-0.010548,-1.0815
-0.0092147,-1.1101
-0.0077147,-1.1376
-0.0072676,-1.1664
-0.0073379,-1.1943
-0.007158,-1.2225
-0.0067125,-1.2464
-0.0061368,-1.2639
-0.0045547,-1.2762
-0.0035348,-1.2852
-0.0029461,-1.2919
-0.0035051,-1.2929
-0.0042621,-1.2897
-0.0052001,-1.2852
-0.004368,-1.2731
-0.0038463,-1.2533
-0.0034433,-1.2236
-0.0036981,-1.1899
-0.0044282,-1.1586
-0.0052324,-1.1258
-0.0058561,-1.0925
-0.0065129,-1.0609
-0.0079289,-1.0344
-0.0082151,-1.0114
-0.0090801,-0.99481
-0.010217,-0.98659
-0.011313,-0.98609
-0.011663,-0.98544
-0.011936,-0.98862
-0.012462,-0.99546
-0.01299,-1.0003
-0.013796,-1.0034
-0.014693,-1.0076
-0.014874,-1.0216
-0.01464,-1.0432
-0.013755,-1.0682
-0.013852,-1.0914
-0.014544,-1.1179
-0.015353,-1.147
-0.015752,-1.1743
-0.015745,-1.1972
-0.015034,-1.2234
-0.014119,-1.2424
-0.013972,-1.2561
-0.014854,-1.2651
-0.015772,-1.2709
-0.017206,-1.2712
-0.017409,-1.2684
-0.016299,-1.2592
-0.015294,-1.2476
-0.015045,-1.2303
-0.015133,-1.2065
-0.016546,-1.1742
-0.016754,-1.1406
-0.016277,-1.1111
-0.016526,-1.0777
-0.016168,-1.0461
-0.015136,-1.016
-0.014486,-0.99128
-0.013947,-0.97199
-0.013579,-0.95923
-0.01299,-0.95466
-0.01219,-0.9533
-0.011457,-0.95697
-0.01074,-0.96565
-0.0097279,-0.97399
-0.0081679,-0.97972
-0.006391,-0.98312
-0.0048701,-0.99342
-0.0037083,-1.0108
-0.0034624,-1.0343
-0.0031869,-1.0601
-0.0014825,-1.0884
0.00080481,-1.1144
0.0029097,-1.1424
0.0044849,-1.1688
0.0052093,-1.1949
0.005506,-1.2166
0.0062796,-1.2315
0.0070468,-1.2418
0.0077328,-1.2508
0.0092084,-1.2552
0.0099507,-1.2561
0.010063,-1.2517
0.0084737,-1.2472
0.0067561,-1.2358
0.0043237,-1.216
0.0033161,-1.186
0.0022448,-1.1541
0.0012912,-1.1232
-0.0007855,-1.0918
-0.003323,-1.0582
-0.006049,-1.0275
-0.0088144,-1.002
-0.011921,-0.9799
-0.015363,-0.96416
-0.017603,-0.95597
-0.020446,-0.95609
-0.023522,-0.95747
-0.02645,-0.96372
-0.028361,-0.97398
-0.030336,-0.98056
-0.032285,-0.98631
-0.033756,-0.99128
-0.035254,-1.0062
-0.036216,-1.0282
-0.03615,-1.0534
-0.035587,-1.0776
-0.033957,-1.1045
-0.03346,-1.1337
-0.033442,-1.1604
-0.033038,-1.183
-0.032176,-1.2091
-0.031293,-1.229
-0.029589,-1.2438
-0.027393,-1.2542
-0.025956,-1.2622
-0.02553,-1.2651
-0.025176,-1.2618
-0.02514,-1.2536
-0.024146,-1.2433
-0.021904,-1.2269
-0.019648,-1.204
-0.018489,-1.1719
-0.017863,-1.1398
-0.018531,-1.1113
-0.018354,-1.0787
-0.017682,-1.0469
-0.018079,-1.0173
-0.017895,-0.99306
-0.016951,-0.97443
-0.016448,-0.96179
-0.016158,-0.95771
-0.015891,-0.9563
-0.015558,-0.959
-0.015107,-0.9672
-0.014729,-0.97425
-0.01435,-0.97844
-0.013604,-0.98182
-0.012359,-0.99094
-0.011135,-1.0074
-0.010066,-1.0299
-0.0093619,-1.0548
-0.0095363,-1.0824
-0.0096954,-1.1079
-0.0083563,-1.1351
-0.0066285,-1.1608
-0.0050427,-1.1869
-0.0037644,-1.209
-0.0034847,-1.2245
-0.003532,-1.2359
-0.0032955,-1.2454
-0.0026344,-1.2505
-0.0019422,-1.2511
-0.00049297,-1.2465
0.00056187,-1.242
0.0010356,-1.231
0.00063438,-1.2117
1.9257e-005,-1.182
-0.0011032,-1.1519
-0.00048111,-1.1227
1.2421e-005,-1.0918
0.00048073,-1.0602
0.00021073,-1.0297
-0.00059036,-1.0047
-0.0017392,-0.98236
-0.0027291,-0.96587
-0.0036988,-0.95681
-0.0050769,-0.95545
-0.0055236,-0.9558
-0.0063245,-0.96018
-0.0072288,-0.96868
-0.0082973,-0.97418
-0.0087306,-0.97769
-0.0093308,-0.98205
-0.010042,-0.99568
-0.010953,-1.0164
-0.01191,-1.0408
-0.012864,-1.0632
-0.013079,-1.0887
-0.013162,-1.1168
-0.012521,-1.1421
-0.012697,-1.1637
-0.01355,-1.1901
-0.014363,-1.2101
-0.014814,-1.225
-0.014977,-1.2353
-0.014595,-1.2424
-0.013798,-1.2451
-0.0137,-1.2423
-0.014673,-1.2343
-0.015829,-1.2232
-0.017412,-1.2057
-0.017544,-1.1824
-0.016499,-1.1518
-0.015545,-1.1221
-0.015496,-1.095
-0.01582,-1.0626
-0.017501,-1.0318
-0.018029,-1.0025
-0.017833,-0.97893
-0.018464,-0.96046
-0.018445,-0.94795
-0.017857,-0.94399
-0.017625,-0.94268
-0.017506,-0.94489
-0.017311,-0.95281
-0.017068,-0.95993
-0.016782,-0.96404
-0.016615,-0.96735
-0.016529,-0.97621
-0.015971,-0.99205
-0.015028,-1.0145
-0.013778,-1.0396
-0.012761,-1.0666
-0.012071,-1.0921
-0.012411,-1.1187
-0.012827,-1.1439
-0.011657,-1.1703
-0.010007,-1.1923
-0.0085042,-1.2076
-0.0072968,-1.219
-0.0071198,-1.2283
-0.0074754,-1.2336
-0.0074765,-1.234
-0.0072455,-1.2298
-0.0067367,-1.2263
-0.0052557,-1.2148
-0.0043627,-1.1943
-0.0037586,-1.1661
-0.0044426,-1.1362
-0.0053067,-1.1073
-0.006425,-1.0754
-0.0059173,-1.0439
-0.0055977,-1.0137
-0.0053134,-0.98842
-0.0057863,-0.96621
-0.0066692,-0.94998
-0.0078428,-0.94172
-0.0088047,-0.94156
-0.0098228,-0.94149
-0.011391,-0.94547
-0.01171,-0.9539
-0.012776,-0.95982
-0.014047,-0.96395
-0.015426,-0.96778
-0.01611,-0.98147
-0.016679,-1.0019
-0.017548,-1.0263
-0.018614,-1.0494
-0.019967,-1.0756
-0.02139,-1.1034
-0.022087,-1.1289
-0.022492,-1.151
-0.02213,-1.177
-0.022726,-1.1963
-0.024118,-1.2112
-0.02554,-1.2213
-0.026532,-1.2295
-0.027241,-1.2327
-0.027072,-1.2312
-0.026871,-1.2249
-0.027242,-1.2139
-0.0286,-1.1965
-0.029996,-1.1737
-0.031725,-1.1432
-0.032074,-1.1111
-0.030938,-1.0842
-0.029811,-1.0522
-0.029258,-1.0215
-0.028629,-0.99143
-0.028916,-0.96663
-0.02798,-0.94772
-0.02613,-0.93689
-0.025131,-0.93301
-0.023269,-0.93223
-0.020957,-0.93407
-0.01871,-0.94196
-0.016244,-0.94899
-0.014584,-0.95259
-0.012215,-0.95595
-0.009496,-0.96541
-0.0068993,-0.98115
-0.004773,-1.003
-0.0017757,-1.0282
0.0016942,-1.0546
0.0047162,-1.0807
0.0073542,-1.1076
0.0094471,-1.1331
0.01017,-1.1606
0.010553,-1.1819
0.012005,-1.196
0.013373,-1.2062
0.014325,-1.2144
0.015101,-1.2197
0.014488,-1.2203
0.013361,-1.2157
0.012688,-1.2144
0.012037,-1.2032
0.011553,-1.185
0.012305,-1.1581
0.01225,-1.1268
0.011673,-1.0986
0.0098979,-1.0683
0.0078737,-1.0376
0.0058803,-1.0104
0.0056193,-0.98627
0.0053363,-0.96565
0.0049108,-0.95238
0.0036848,-0.94498
0.0022951,-0.94576
0.00073226,-0.94525
-0.00053182,-0.94862
-0.0013966,-0.95711
-0.0023983,-0.96358
-0.0025909,-0.96755
-0.0034915,-0.97187
-0.0047359,-0.98744
-0.0059271,-1.0089
-0.0063076,-1.0334
-0.0066516,-1.057
-0.0069764,-1.0844
-0.0078825,-1.1121
-0.0089049,-1.138
-0.009971,-1.1608
-0.010362,-1.1869
-0.010231,-1.2057
-0.0093641,-1.2223
-0.0096046,-1.2332
-0.010556,-1.2423
-0.01156,-1.2466
-0.012122,-1.2463
-0.01245,-1.2392
-0.01127,-1.2317
-0.01058,-1.2158
-0.010552,-1.1934
-0.011035,-1.1658
-0.012067,-1.1334
-0.013634,-1.1068
-0.014095,-1.0746
-0.013199,-1.0442
-0.012397,-1.0161
-0.012331,-0.99102
-0.012365,-0.97314
-0.013909,-0.9598
-0.014261,-0.95375
-0.014041,-0.95055
-0.014774,-0.95162
-0.014804,-0.95866
-0.014092,-0.96569
-0.013805,-0.96957
-0.013317,-0.97236
-0.013265,-0.98223
-0.013064,-0.9987
-0.012696,-1.0214
-0.012469,-1.0477
-0.012317,-1.073
-0.01155,-1.1006
-0.010093,-1.128
-0.009073,-1.154
-0.0080362,-1.1819
-0.0071703,-1.2023
-0.0071253,-1.2159
-0.0070846,-1.2276
-0.0061851,-1.2354
-0.0046077,-1.2413
-0.0030826,-1.2412
-0.0013522,-1.2345
-0.000801,-1.2318
-0.00060934,-1.2177
-0.00018913,-1.1984
0.00032082,-1.1716
0.0012613,-1.1383
0.0032677,-1.1094
0.0048367,-1.0781
0.0057393,-1.0461
0.0058924,-1.016
0.0052733,-0.98866
0.0052505,-0.96554
0.0067222,-0.95072
0.008116,-0.94159
0.0087231,-0.9417
0.0088454,-0.94115
0.0085236,-0.94416
0.0080996,-0.95115
0.0080625,-0.95689
0.008096,-0.95977
0.0081911,-0.96277
0.0086901,-0.97798
0.0083271,-0.99941
0.0074301,-1.0235
0.0067248,-1.0488
0.0065574,-1.0767
0.0065067,-1.1046
0.0064446,-1.1308
0.0056218,-1.155
0.0043981,-1.1803
0.002764,-1.1984
0.0017746,-1.2158
0.00086252,-1.2278
0.00023014,-1.237
-0.0013021,-1.2431
-0.003669,-1.242
-0.006293,-1.236
-0.0087791,-1.2298
-0.010821,-1.2126
-0.011412,-1.1888
-0.013073,-1.1602
-0.015196,-1.1254
-0.017614,-1.0967
-0.020954,-1.0634
-0.024649,-1.0309
-0.026745,-1.0023
-0.027749,-0.97485
-0.029092,-0.95459
-0.030591,-0.93919
-0.032219,-0.93249
-0.035004,-0.93022
-0.036398,-0.92993
-0.036711,-0.936
-0.03721,-0.9418
-0.036731,-0.94438
-0.035338,-0.94684
-0.034537,-0.95592
-0.03347,-0.97207
-0.032344,-0.99387
-0.031176,-1.0191
-0.029792,-1.0449
-0.028284,-1.0724
-0.027028,-1.099
-0.025322,-1.1251
-0.022463,-1.1538
-0.020334,-1.1749
-0.01836,-1.1917
-0.01644,-1.2058
-0.015295,-1.2127
-0.014146,-1.2186
-0.01219,-1.2184
-0.0099016,-1.2122
-0.0075335,-1.2097
-0.0052586,-1.1963
-0.0042282,-1.176
-0.003983,-1.1471
-0.0037104,-1.1142
-0.00339,-1.0843
-0.002423,-1.0535
-0.00060122,-1.0219
0.00095461,-0.99119
0.0015281,-0.96351
0.0012922,-0.94048
0.00040398,-0.92369
0.00029955,-0.91278
0.0015278,-0.91238
0.0026239,-0.91221
0.0030344,-0.91677
0.0029195,-0.92454
0.0023862,-0.93113
0.0016381,-0.93584
0.0011034,-0.93922
0.00061005,-0.95546
0.00042334,-0.97732
0.00048683,-1.0013
-0.00027064,-1.0281
-0.0019825,-1.0549
-0.0031145,-1.0837
-0.0039447,-1.1105
-0.0041968,-1.1361
-0.0044062,-1.1619
-0.005354,-1.1806
-0.0066949,-1.1994
-0.0080387,-1.2115
-0.0085019,-1.2198
-0.0082511,-1.2268
-0.0076212,-1.2248
-0.0079065,-1.2203
-0.0089424,-1.2144
-0.010295,-1.1946
-0.011111,-1.171
-0.011254,-1.1422
-0.01007,-1.1119
-0.0097027,-1.0822
-0.0098173,-1.048
-0.010206,-1.0148
-0.011174,-0.98559
-0.012701,-0.95831
-0.01292,-0.93943
-0.012398,-0.92579
-0.011934,-0.92142
-0.012141,-0.92116
-0.012457,-0.92244
-0.013355,-0.93009
-0.013892,-0.93689
-0.013843,-0.9417
-0.014171,-0.9451
-0.014471,-0.95649
-0.013923,-0.97497
-0.014269,-0.99914
-0.014159,-1.0245
-0.013963,-1.0517
-0.014364,-1.0815
-0.014275,-1.1095
-0.014201,-1.137
-0.014422,-1.1682
-0.014265,-1.1898
-0.013156,-1.2097
-0.012398,-1.2254
-0.011876,-1.2323
-0.011293,-1.2406
-0.011303,-1.2422
-0.011127,-1.2367
-0.010421,-1.2331
-0.0094182,-1.2191
-0.0081444,-1.1966
-0.0067174,-1.1677
-0.0062497,-1.133
-0.0060801,-1.1018
-0.00611,-1.0694
-0.0060899,-1.0367
-0.0053227,-1.004
-0.0035749,-0.97538
-0.002136,-0.95265
-0.0018401,-0.93523
-0.0021846,-0.92353
-0.0033113,-0.92232
-0.0033221,-0.92182
-0.0022198,-0.92652
-0.0014092,-0.93293
-0.001344,-0.93813
-0.0019114,-0.94234
-0.0028917,-0.94727
-0.0038311,-0.96408
-0.0045557,-0.9865
-0.0053104,-1.0122
-0.0056725,-1.0396
-0.0062544,-1.0666
-0.0072147,-1.0976
-0.008944,-1.1258
-0.010025,-1.1542
-0.01128,-1.1811
-0.011816,-1.1992
-0.012204,-1.2193
-0.013296,-1.2307
-0.014714,-1.238
-0.016014,-1.2456
-0.016059,-1.243
-0.015668,-1.2402
-0.015297,-1.2332
-0.015902,-1.2123
-0.01705,-1.1882
-0.018431,-1.1578
-0.019247,-1.1227
-0.01915,-1.0898
-0.01827,-1.0534
-0.018087,-1.0195
-0.01848,-0.98844
-0.019275,-0.95926
-0.02041,-0.93934
-0.022077,-0.92479
-0.022558,-0.91961
-0.022356,-0.9181
-0.022261,-0.91954
-0.02274,-0.92711
-0.023448,-0.9333
-0.024022,-0.9374
-0.025017,-0.94024
-0.025362,-0.95192
-0.0261,-0.97126
-0.026648,-0.996
-0.026671,-1.0207
-0.027417,-1.0504
-0.027653,-1.0812
-0.027827,-1.1092
-0.028723,-1.1371
-0.029101,-1.1685
-0.029646,-1.1895
-0.03005,-1.2089
-0.030133,-1.224
-0.02949,-1.2311
-0.029187,-1.2397
-0.028834,-1.2421
-0.028286,-1.2347
-0.028048,-1.2313
-0.027605,-1.2178
-0.026575,-1.1944
-0.024596,-1.1651
-0.02228,-1.1292
-0.019462,-1.0973
-0.016901,-1.064
-0.015145,-1.0295
-0.013898,-0.99659
-0.012011,-0.96661
-0.00914,-0.9438
-0.0056276,-0.9265
-0.0019899,-0.9145
0.00063677,-0.91288
0.0023809,-0.91257
0.0032423,-0.91879
0.0056114,-0.92584
0.0087612,-0.93081
0.011584,-0.93503
0.013295,-0.94071
0.014265,-0.95768
0.014551,-0.98077
0.015291,-1.0086
0.015504,-1.0363
0.015963,-1.0647
0.015613,-1.0972
0.014559,-1.1269
0.013162,-1.1571
0.011381,-1.1842
0.0093541,-1.2024
0.0073774,-1.2222
0.0059034,-1.2336
0.0049158,-1.2409
0.0032057,-1.2486
0.00088006,-1.245
-0.0013219,-1.2425
-0.0025003,-1.234
-0.0029354,-1.2138
-0.0038433,-1.1896
-0.0051673,-1.1566
-0.0073361,-1.1214
-0.0097498,-1.0881
-0.011036,-1.0516
-0.011405,-1.0176
-0.010992,-0.98521
-0.011048,-0.9552
-0.011782,-0.93555
-0.012473,-0.92133
-0.013286,-0.9165
-0.014277,-0.91557
-0.014675,-0.91789
-0.014211,-0.92588
-0.013729,-0.93285
-0.013902,-0.93796
-0.014256,-0.94175
-0.014164,-0.95423
-0.014552,-0.97491
-0.014269,-0.99988
-0.014557,-1.0262
-0.014276,-1.0575
-0.013887,-1.0892
-0.014065,-1.1177
-0.013481,-1.146
-0.01328,-1.1766
-0.013496,-1.1961
-0.01338,-1.2163
-0.013388,-1.2327
-0.01317,-1.2406
-0.012676,-1.2502
-0.011642,-1.2519
-0.010908,-1.2428
-0.010401,-1.2388
-0.0099743,-1.2238
-0.0094382,-1.1988
-0.0090627,-1.1667
-0.0082205,-1.1284
-0.0071508,-1.0952
-0.0059862,-1.0606
-0.0047281,-1.0236
-0.0038902,-0.98942
-0.0038373,-0.95712
-0.0038276,-0.93357
-0.0037895,-0.91727
-0.0028571,-0.90593
-0.0011342,-0.90586
0.00086594,-0.90637
0.0010224,-0.9133
0.00034369,-0.92111
-0.00080359,-0.9259
-0.0004148,-0.93079
0.00046348,-0.93719
0.001405,-0.95302
0.0016155,-0.9763
0.0011009,-1.0058
0.0002467,-1.0337
7.682e-005,-1.0634
-0.00026347,-1.0969
0.00040927,-1.1274
0.00020636,-1.1579
-0.00027007,-1.1852
-0.00057648,-1.2052
-0.0011126,-1.2262
-0.0020947,-1.2377
-0.0024392,-1.2458
-0.0026018,-1.2529
-0.0025438,-1.2493
-0.0026349,-1.2476
-0.0031742,-1.2385
-0.0037571,-1.2181
-0.0034999,-1.1949
-0.0022396,-1.1646
-0.0014857,-1.1304
-0.0014034,-1.0983
-0.0022423,-1.0638
-0.0030493,-1.0317
-0.0028617,-0.99912
-0.0020678,-0.97086
-7.56e-005,-0.95367
0.00084378,-0.93946
0.0007486,-0.93315
0.00066523,-0.93122
0.00048074,-0.93313
0.0005379,-0.94139
0.00084394,-0.94896
0.0018414,-0.95467
0.0027127,-0.95927
0.0026879,-0.97297
0.0026416,-0.99472
0.0027571,-1.0199
0.0027631,-1.0483
0.0030967,-1.0815
0.0025404,-1.1132
0.0022486,-1.1415
0.0017577,-1.1713
0.00066395,-1.2039
0.00034034,-1.2264
-0.0009753,-1.2494
-0.0024543,-1.2666
-0.0042729,-1.2753
-0.0063951,-1.2861
-0.0079247,-1.2881
-0.0095991,-1.2796
-0.0108,-1.277
-0.012075,-1.2614
-0.013186,-1.2368
-0.015012,-1.2072
-0.016605,-1.1712
-0.017931,-1.1393
-0.019113,-1.1039
-0.020179,-1.0674
-0.02063,-1.0345
-0.020888,-1.0024
-0.02102,-0.98021
-0.021563,-0.96172
-0.021541,-0.94821
-0.021089,-0.94538
-0.019801,-0.94345
-0.017566,-0.94914
-0.015391,-0.9559
-0.013897,-0.9613
-0.012925,-0.96588
-0.012769,-0.97299
-0.011206,-0.98885
-0.0089013,-1.0127
-0.0068031,-1.0429
-0.0056981,-1.0711
-0.005054,-1.1015
-0.0048399,-1.1348
-0.0038244,-1.166
-0.0030113,-1.1984
-0.0011401,-1.2266
-1.628e-005,-1.2495
0.00041537,-1.272
0.00081152,-1.2819
0.0012143,-1.2907
0.00065902,-1.2963
0.00066062,-1.2922
0.00061231,-1.2898
0.00020152,-1.2783
2.4742e-005,-1.2559
-0.00060803,-1.2297
-0.0013223,-1.198
-0.0014051,-1.1627
-0.00042479,-1.1286
-6.6213e-005,-1.0908
-0.00018176,-1.0559
-0.0012672,-1.0214
-0.0024783,-0.99139
-0.0026578,-0.97243
-0.0024049,-0.95944
-0.00057951,-0.95545
8.5168e-005,-0.95445
-0.00054166,-0.95545
-0.0011043,-0.96373
-0.0019362,-0.97091
-0.0023751,-0.97623
-0.0022823,-0.98013
-0.0016634,-0.99386
-0.00088435,-1.0163
-0.0010583,-1.0413
-0.0014574,-1.0714
-0.0020749,-1.1059
-0.0018796,-1.1387
-0.0016753,-1.1675
-0.0019282,-1.1989
-0.0018066,-1.2315
-0.0013735,-1.2538
-0.0010952,-1.2769
-1.6528e-005,-1.294
0.00028622,-1.3034
0.00026416,-1.3152
0.00013929,-1.3177
-0.00016189,-1.3115
0.00028025,-1.3082
0.00066069,-1.2897
0.0014163,-1.2637
0.0017705,-1.2294
0.0024904,-1.1902
0.0026643,-1.1544
0.002571,-1.1164
0.0029852,-1.0785
0.0036436,-1.0432
0.0046091,-1.0085
0.0057728,-0.98518
0.0068963,-0.9647
0.0073907,-0.95213
0.0071499,-0.94901
0.0071799,-0.94607
0.0072308,-0.95105
0.0079528,-0.9573
0.0093726,-0.96319
0.010598,-0.96869
0.010806,-0.97666
0.010536,-0.99236
0.0094607,-1.0163
0.0095785,-1.0464
0.010554,-1.0737
0.01145,-1.1051
0.011293,-1.1385
0.010655,-1.1712
0.0095355,-1.2036
0.0091569,-1.2321
0.0084771,-1.2563
0.0082752,-1.2784
0.0082389,-1.2875
0.0075554,-1.2962
0.0066035,-1.3002
0.0060922,-1.2962
0.005038,-1.2923
0.004524,-1.2803
0.0042775,-1.2568
0.0035594,-1.2305
0.0029334,-1.195
0.0020438,-1.1574
0.0010488,-1.122
0.0004212,-1.0823
0.0012297,-1.047
0.001659,-1.0117
0.0015093,-0.98235
0.00036887,-0.96239
-0.00094479,-0.94708
-0.0014758,-0.94258
-0.0014591,-0.94094
0.00036897,-0.94495
0.00095158,-0.95424
0.00024971,-0.96362
-0.00060501,-0.9699
-0.0016561,-0.97525
-0.0024851,-0.99157
-0.0021968,-1.0156
-0.0017046,-1.0425
-0.0014248,-1.0738
-0.001869,-1.1077
-0.0028344,-1.1405
-0.0034272,-1.1694
-0.0032919,-1.2033
-0.0034783,-1.2348
-0.0038928,-1.2551
-0.0038313,-1.2769
-0.0036271,-1.2923
-0.0035804,-1.3006
-0.003073,-1.313
-0.0027866,-1.3139
-0.0028822,-1.309
-0.0029747,-1.3062
-0.0031534,-1.2883
-0.0028141,-1.2631
-0.0023656,-1.2305
