-0.00090955,0.017035
-0.002084,0.028105
-0.0028076,0.03343
-0.0032869,0.030342
-0.0031603,0.021552
-0.0041109,0.0083387
-0.0053199,-0.0069294
-0.0065076,-0.028061
-0.0070159,-0.054687
-0.0072395,-0.083567
-0.0072314,-0.12031
-0.0082671,-0.15917
-0.0098608,-0.19367
-0.010912,-0.22912
-0.011765,-0.26318
-0.012018,-0.2917
-0.012265,-0.32158
-0.01325,-0.34544
-0.013993,-0.36427
-0.014018,-0.3779
-0.014027,-0.38458
-0.014685,-0.38502
-0.01457,-0.38154
-0.01445,-0.37259
-0.014555,-0.35781
-0.014236,-0.33721
-0.014117,-0.31333
-0.013961,-0.28146
-0.013263,-0.2426
-0.012869,-0.20393
-0.012563,-0.16897
-0.011695,-0.13124
-0.010696,-0.098672
-0.010264,-0.071112
-0.0096272,-0.043368
-0.0090011,-0.024015
-0.0084158,-0.010088
-0.0077437,-0.0018765
-0.0068151,-0.0021228
-0.0061816,-0.0061894
-0.0057205,-0.016237
-0.0049577,-0.032965
-0.0036748,-0.053298
-0.0025621,-0.077864
-0.0020696,-0.10619
-0.002163,-0.14089
-0.0023991,-0.18025
-0.0019447,-0.21664
-0.0015589,-0.25167
-0.0011421,-0.28586
-0.00088775,-0.31403
-0.00068991,-0.34248
-0.00067387,-0.36924
-0.00057011,-0.38878
-0.00081343,-0.40428
-0.00090922,-0.41306
-0.000885,-0.41409
-0.00095791,-0.4132
-0.0013187,-0.40654
-0.00085323,-0.39287
-0.00077251,-0.37413
-0.0013216,-0.3499
-0.0010301,-0.32148
-0.0012845,-0.28523
-0.0017917,-0.24595
-0.0016115,-0.21013
-0.0018575,-0.17322
-0.0023359,-0.1383
-0.0024548,-0.11055
-0.0030348,-0.082151
-0.0028608,-0.058121
-0.0025958,-0.042748
-0.0028057,-0.032074
-0.0039635,-0.029182
-0.0049348,-0.0346
-0.0049318,-0.044627
-0.004892,-0.059302
-0.004835,-0.076578
-0.0055829,-0.10015
-0.0067668,-0.12819
-0.0077406,-0.15885
-0.0079931,-0.19716
-0.0081248,-0.2344
-0.0083673,-0.26986
-0.0092568,-0.30566
-0.010333,-0.33684
-0.011392,-0.36445
-0.01212,-0.39267
-0.012693,-0.41461
-0.013406,-0.43275
-0.013978,-0.44538
-0.014266,-0.44982
-0.014338,-0.44979
-0.015003,-0.44479
-0.015758,-0.43369
-0.015587,-0.41726
-0.015216,-0.39437
-0.014923,-0.36769
-0.014707,-0.33466
-0.014764,-0.29518
-0.014421,-0.25792
-0.013994,-0.22361
-0.013161,-0.18663
-0.01273,-0.15694
-0.011993,-0.12927
-0.011118,-0.10222
-0.01042,-0.085518
-0.0098993,-0.075166
-0.0088033,-0.069984
-0.0077285,-0.073399
-0.0069309,-0.083395
-0.0063891,-0.095003
-0.0057487,-0.11062
-0.0051147,-0.13256
-0.0039255,-0.16017
-0.0025833,-0.18965
-0.0012678,-0.22628
-0.00072672,-0.26697
-0.00054751,-0.30151
-0.00043276,-0.33815
0.0001984,-0.37193
0.00094891,-0.40007
0.0017562,-0.43
0.0021206,-0.45421
0.0025014,-0.47279
0.0023548,-0.4876
0.0027033,-0.4944
0.0025538,-0.49504
0.0028773,-0.49241
0.0031586,-0.48374
0.0032517,-0.46932
0.0028834,-0.44847
0.0031994,-0.42435
0.0030373,-0.3926
0.0033835,-0.35363
0.0034726,-0.31425
0.003555,-0.27963
0.0033889,-0.24134
0.003701,-0.20795
0.0030827,-0.18065
0.002757,-0.15283
0.0025526,-0.13206
0.0024446,-0.11871
0.0027154,-0.11135
0.0024426,-0.11085
0.0023593,-0.11574
0.0013771,-0.1265
0.00038444,-0.14404
7.8215e-005,-0.16373
0.00034666,-0.18898
8.6531e-005,-0.21773
-0.00086856,-0.25179
-0.0019751,-0.2907
-0.0026767,-0.32752
-0.0025555,-0.36201
-0.0026333,-0.39801
-0.0033765,-0.42683
-0.0044861,-0.45483
-0.0052451,-0.48176
-0.0055724,-0.5016
-0.0055598,-0.51788
-0.0057003,-0.52793
-0.0070564,-0.5293
-0.0080205,-0.52882
-0.0078311,-0.5233
-0.0078026,-0.51036
-0.0085843,-0.49233
-0.0090206,-0.4705
-0.0088705,-0.44312
-0.0090773,-0.40814
-0.0090648,-0.36884
-0.0093773,-0.3329
-0.0095366,-0.29769
-0.0091442,-0.26223
-0.0088195,-0.23432
-0.008458,-0.20688
-0.0076877,-0.18238
-0.0069492,-0.16733
-0.0065138,-0.15717
-0.0056579,-0.15407
-0.0052196,-0.15889
-0.0046115,-0.16808
-0.0034299,-0.18294
-0.0023516,-0.20029
-0.0018512,-0.22438
-0.0012108,-0.25302
-0.00065014,-0.28318
0.00049729,-0.32198
0.0019182,-0.36007
0.0027316,-0.39549
0.0028512,-0.43159
0.0029614,-0.46319
0.0031802,-0.49093
0.0037644,-0.52053
0.0046152,-0.54339
0.0052775,-0.56136
0.0054721,-0.57404
0.0056661,-0.57981
0.0056936,-0.57984
0.0055258,-0.57567
0.0053153,-0.56597
0.0055601,-0.55057
0.0056289,-0.52698
0.0054038,-0.50139
0.0049168,-0.4693
0.0046182,-0.43027
0.0048663,-0.39273
0.0049873,-0.35845
0.0046083,-0.32218
0.0041964,-0.29112
0.0039059,-0.26396
0.0034552,-0.23747
0.0028655,-0.22055
0.0023298,-0.20934
0.0012063,-0.20295
0.001047,-0.20437
0.0013332,-0.21244
0.00054379,-0.22345
-0.00014176,-0.2409
-0.0011601,-0.26318
-0.0019811,-0.29071
-0.0026406,-0.32059
-0.0027499,-0.35689
-0.0037252,-0.39735
-0.0052301,-0.43243
-0.0066321,-0.46574
-0.0074422,-0.49977
-0.0079181,-0.52757
-0.0082159,-0.55641
-0.0096635,-0.58249
-0.01145,-0.60172
-0.012686,-0.61749
-0.013796,-0.6258
-0.014457,-0.6271
-0.015134,-0.62649
-0.016899,-0.61963
-0.018341,-0.60665
-0.018824,-0.58847
-0.019362,-0.56404
-0.020672,-0.53451
-0.021348,-0.49754
-0.022144,-0.45832
-0.02312,-0.42375
-0.023648,-0.3866
-0.024253,-0.35337
-0.025089,-0.32694
-0.025355,-0.30034
-0.025982,-0.27805
-0.026386,-0.26418
-0.026025,-0.25541
-0.025361,-0.25434
-0.025039,-0.26019
-0.024052,-0.27305
-0.022938,-0.29015
-0.021586,-0.3095
-0.019499,-0.33473
-0.016781,-0.36433
-0.014685,-0.39671
-0.012443,-0.43444
-0.0096784,-0.47057
-0.0065993,-0.50418
-0.0036141,-0.53983
-0.00092509,-0.56946
0.0014649,-0.59644
0.0036343,-0.62409
0.0063969,-0.64301
0.0095438,-0.65943
0.012685,-0.66992
0.015348,-0.67177
0.018091,-0.67078
0.020715,-0.66431
0.02284,-0.65103
0.024239,-0.63275
0.025679,-0.61194
0.02663,-0.58469
0.027303,-0.55029
0.027385,-0.51089
0.027946,-0.47339
0.028092,-0.43841
0.027567,-0.40117
0.027745,-0.37171
0.02741,-0.34415
0.026957,-0.31734
0.026874,-0.3012
0.026488,-0.28968
0.025819,-0.28414
0.025396,-0.28713
0.024322,-0.29416
0.024084,-0.30727
0.02403,-0.32348
0.023108,-0.34524
0.021682,-0.37266
0.020323,-0.40197
0.019513,-0.43847
0.018601,-0.47779
0.018062,-0.5114
0.016622,-0.54782
0.014864,-0.58017
0.0131,-0.60695
0.012119,-0.63633
0.011284,-0.65936
0.010477,-0.67563
0.0090133,-0.68777
0.0070694,-0.69246
0.0052201,-0.69125
0.0037122,-0.68635
0.0025717,-0.6758
0.0014325,-0.65988
0.00012163,-0.63674
-0.00090448,-0.6115
-0.0017251,-0.57866
-0.0026911,-0.53921
-0.0040552,-0.49963
-0.0043601,-0.46409
-0.0043795,-0.42638
-0.0046207,-0.39297
-0.0046462,-0.36603
-0.0046714,-0.33888
-0.004595,-0.31916
-0.0041865,-0.30651
-0.0035985,-0.29936
-0.0034008,-0.29949
-0.0027231,-0.30476
-0.0017295,-0.31629
-0.0011886,-0.335
-0.00091775,-0.35603
-6.1677e-005,-0.38179
0.00078817,-0.41127
0.0014162,-0.44711
0.0021971,-0.48683
0.0028363,-0.52398
0.0032369,-0.5587
0.0042171,-0.59336
0.0054464,-0.62162
0.0065707,-0.6501
0.007112,-0.67667
0.007136,-0.69743
0.007061,-0.71402
0.0075798,-0.7244
0.00798,-0.72614
0.0085782,-0.72588
0.0087899,-0.72042
0.0089932,-0.70724
0.0088141,-0.68994
0.0091158,-0.66662
0.0087471,-0.63839
0.0084399,-0.60311
0.0084185,-0.56371
0.0083096,-0.52863
0.007776,-0.49281
0.0081608,-0.45817
0.0078674,-0.43119
0.0076297,-0.40422
0.0079058,-0.38017
0.007687,-0.36598
0.0071341,-0.356
0.007215,-0.3536
0.0066897,-0.36
0.0061357,-0.37041
0.0061112,-0.38525
0.0057421,-0.40217
0.0059116,-0.42629
0.0059294,-0.45586
0.0057994,-0.48623
0.0044216,-0.52521
0.0033727,-0.56367
0.0033308,-0.59903
0.0035375,-0.63597
0.0034646,-0.66768
0.0026249,-0.6948
0.001371,-0.72462
0.00048719,-0.7467
0.00043191,-0.76397
0.00031837,-0.77534
0.00011541,-0.78052
-0.0007937,-0.77921
-0.0017238,-0.77401
-0.0025595,-0.7629
-0.0031921,-0.74641
-0.0037272,-0.72287
-0.0046937,-0.69624
-0.005275,-0.66307
-0.0054996,-0.62392
-0.0056184,-0.58552
-0.0065087,-0.55167
-0.0070732,-0.51482
-0.0067557,-0.48328
-0.006662,-0.45648
-0.0062785,-0.42996
-0.0063857,-0.41258
-0.0065413,-0.40153
-0.0062529,-0.3956
-0.0059178,-0.39747
-0.0052056,-0.40548
-0.0047159,-0.41652
-0.0040169,-0.43421
-0.0033684,-0.45591
-0.0026417,-0.48307
-0.0022501,-0.51326
-0.0013951,-0.54961
-0.0003976,-0.58977
0.00046013,-0.62529
0.00088028,-0.6603
0.0014371,-0.69496
0.0018242,-0.72208
0.0029182,-0.75046
0.0042999,-0.77576
0.0054852,-0.79402
0.0058693,-0.80831
0.005944,-0.81535
0.0059647,-0.8146
0.0067196,-0.81244
0.0074148,-0.80469
0.0080248,-0.79015
0.0083444,-0.7711
0.0085325,-0.74664
0.0083264,-0.71591
0.0084107,-0.67848
0.008283,-0.63845
0.0085428,-0.60323
0.0087033,-0.56579
0.0086378,-0.53237
0.0081552,-0.50503
0.0084302,-0.4792
0.0083894,-0.45648
0.0084851,-0.44339
0.0085195,-0.43508
0.0083549,-0.433
0.0080904,-0.43953
0.0083346,-0.45115
0.0077303,-0.46706
0.0075483,-0.48563
0.0074041,-0.51074
0.0072931,-0.54063
0.0076452,-0.57264
0.007701,-0.61143
0.0079041,-0.64866
0.0069759,-0.68328
0.0059627,-0.71876
0.0058061,-0.74907
0.0062615,-0.77623
0.0062213,-0.80477
0.0055455,-0.82566
0.0045999,-0.8419
0.0040533,-0.85195
0.0043301,-0.85578
0.0045338,-0.854
0.0043929,-0.84787
0.0036063,-0.83512
0.0029681,-0.81752
0.0026153,-0.7966
0.0026393,-0.76846
0.0023871,-0.73435
0.0013079,-0.69493
0.00049438,-0.65795
0.00054011,-0.62317
0.00060841,-0.5867
-0.00035423,-0.55683
-0.00095599,-0.53025
-0.00075299,-0.50421
-0.00089942,-0.48856
-0.00077908,-0.47876
-0.0010511,-0.47366
-0.0010816,-0.47584
-0.00085156,-0.48396
-0.00053344,-0.49667
-6.5758e-005,-0.51503
0.00052515,-0.5376
0.0011945,-0.5658
0.0015379,-0.59641
0.0023109,-0.6331
0.0026839,-0.67392
0.0032677,-0.70822
0.0042813,-0.74392
0.0051604,-0.77773
0.005468,-0.80506
0.006014,-0.83412
0.0064171,-0.85884
0.0074106,-0.87577
0.0087025,-0.88917
0.0096864,-0.89482
0.009868,-0.89395
0.010031,-0.89129
0.010308,-0.88294
0.010855,-0.8682
0.011611,-0.84723
0.012282,-0.82217
0.012518,-0.79048
0.012754,-0.75224
0.012684,-0.71253
0.012557,-0.67718
0.012324,-0.64046
0.012729,-0.60724
0.01265,-0.5804
0.012456,-0.55525
0.012154,-0.53412
0.012067,-0.52181
0.012328,-0.51392
0.012484,-0.51306
0.012153,-0.5184
0.012849,-0.54808
0.013897,-0.57658
0.014504,-0.6017
0.01439,-0.62424
0.014003,-0.64605
0.014348,-0.66722
0.015428,-0.69062
0.016964,-0.70604
0.01703,-0.71263
0.017183,-0.71741
0.016369,-0.70983
0.016587,-0.69808
0.017766,-0.69153
0.019001,-0.67644
0.019372,-0.65833
0.018614,-0.63928
0.017758,-0.61208
0.018228,-0.58659
0.019296,-0.56103
0.019407,-0.53415
0.018714,-0.50991
0.018267,-0.48709
0.017426,-0.4619
0.016854,-0.43613
0.01694,-0.41167
0.016351,-0.39571
0.014733,-0.38494
0.013411,-0.38102
0.01271,-0.39114
0.012381,-0.4042
0.011232,-0.41363
0.0099629,-0.43652
0.008737,-0.45955
0.0078103,-0.48304
0.0069083,-0.51517
0.0057484,-0.54315
0.0047306,-0.57058
0.0041775,-0.59737
0.0032883,-0.62022
0.0025949,-0.64494
0.0024473,-0.66581
0.0020628,-0.6848
0.00075675,-0.70368
0.00010239,-0.71196
-0.00040016,-0.71716
-0.00015215,-0.71505
0.00064657,-0.70234
0.00057344,-0.69514
3.4803e-005,-0.68393
-0.00042576,-0.66583
-0.00099523,-0.65009
-0.00097951,-0.6262
-0.00043179,-0.59804
-0.00024954,-0.57486
-0.00067106,-0.54945
-0.0011923,-0.52513
-0.0017,-0.50007
-0.0019841,-0.47408
-0.0017762,-0.44864
-0.0023676,-0.42411
-0.0030128,-0.40343
-0.0029902,-0.39228
-0.0036831,-0.3844
-0.0039405,-0.38735
-0.0037937,-0.3997
-0.0036235,-0.40966
-0.0030478,-0.42613
-0.0020145,-0.44944
-0.00086612,-0.47028
0.00099817,-0.49846
0.0025767,-0.52862
0.0039406,-0.55666
0.0055836,-0.58529
0.0081442,-0.60819
0.010841,-0.62813
0.012751,-0.64865
0.014154,-0.66865
0.015892,-0.68934
0.018254,-0.70204
0.021951,-0.70721
0.025606,-0.71098
0.02763,-0.70121
0.030046,-0.6911
0.031673,-0.68304
0.033815,-0.66691
0.036416,-0.65124
0.03924,-0.63262
0.040027,-0.606
0.040316,-0.58256
0.040574,-0.55749
0.040914,-0.53109
0.041649,-0.5092
0.042272,-0.48507
0.042059,-0.46021
0.041406,-0.43628
0.040581,-0.41387
0.039622,-0.40071
0.039262,-0.39273
0.038859,-0.39131
0.037468,-0.40314
0.035913,-0.4147
0.035469,-0.42495
0.034579,-0.44778
0.033252,-0.4692
0.032014,-0.49368
0.03061,-0.52686
0.029057,-0.55254
0.027997,-0.57609
0.026245,-0.59991
0.024307,-0.61919
0.023298,-0.6383
0.022603,-0.65787
0.021458,-0.679
0.020938,-0.698
0.019957,-0.70429
0.018252,-0.71024
0.017048,-0.70629
0.016109,-0.69169
0.015681,-0.68661
0.015728,-0.67387
0.01526,-0.65693
0.014319,-0.64117
0.01333,-0.61575
0.01267,-0.59114
0.012542,-0.56976
0.013338,-0.54539
0.013257,-0.52396
0.01304,-0.50044
0.012592,-0.47597
0.012716,-0.452
0.013154,-0.42916
0.014165,-0.41111
0.014355,-0.40117
0.014753,-0.39683
0.014801,-0.4035
0.014858,-0.41669
0.014569,-0.42551
0.014581,-0.44313
0.014477,-0.46552
0.015088,-0.48639
0.015235,-0.51445
0.015153,-0.54223
0.015011,-0.5674
0.014725,-0.59141
0.015107,-0.61174
0.014735,-0.63226
0.015356,-0.65248
0.016152,-0.67005
0.016039,-0.68828
0.015126,-0.6989
0.01498,-0.70093
0.014811,-0.70177
0.015889,-0.6901
0.016977,-0.67937
0.016253,-0.67106
0.015777,-0.65191
0.01561,-0.63623
0.016111,-0.61494
0.016421,-0.58712
0.016802,-0.56373
0.015852,-0.53825
0.014728,-0.51215
0.014972,-0.49166
0.015519,-0.46755
0.015307,-0.44151
0.015468,-0.41841
0.015385,-0.39681
0.01446,-0.38246
0.013506,-0.37429
0.013061,-0.3747
0.012874,-0.38598
0.013062,-0.39534
0.012111,-0.40547
0.010975,-0.42586
0.010837,-0.445
0.010593,-0.46915
0.0093861,-0.49903
0.0086797,-0.52192
0.0081674,-0.54437
0.0070013,-0.56539
0.0064369,-0.58336
0.0057787,-0.60327
0.0044132,-0.61832
0.0038106,-0.63687
0.0036166,-0.65262
0.0032105,-0.65705
0.0034699,-0.66194
0.0032202,-0.65505
0.0020899,-0.64222
0.0019463,-0.635
0.0021987,-0.62073
0.002472,-0.60355
0.0030767,-0.58597
0.0033946,-0.55874
0.0032151,-0.53273
0.0030742,-0.50962
0.0033978,-0.48466
0.0042382,-0.46197
0.0053466,-0.43909
0.0061652,-0.41443
0.0065864,-0.39037
0.006527,-0.36767
0.0068665,-0.35202
0.0076774,-0.34414
0.008756,-0.33985
0.0096855,-0.34683
0.0097197,-0.35883
0.010024,-0.36828
0.010572,-0.38632
0.010906,-0.40841
0.0112,-0.43092
0.011873,-0.45942
0.012413,-0.48546
0.012834,-0.50936
0.013876,-0.53475
0.013808,-0.55506
0.013452,-0.57382
0.014467,-0.59464
0.014793,-0.6128
0.015533,-0.62915
0.016152,-0.638
0.01646,-0.64121
0.016088,-0.63953
0.016893,-0.62732
0.01738,-0.6195
0.018828,-0.61285
0.02008,-0.59725
0.019957,-0.58462
0.01972,-0.56442
0.020274,-0.53878
0.021725,-0.51798
0.022629,-0.4953
0.023938,-0.47261
0.023655,-0.45382
0.023139,-0.43089
0.023795,-0.40684
0.024867,-0.3843
0.025406,-0.36365
0.026286,-0.35274
0.026801,-0.34719
0.026109,-0.35117
0.026249,-0.36339
0.026811,-0.37331
0.027348,-0.38708
0.027989,-0.40725
0.028042,-0.42642
0.027786,-0.45092
0.028694,-0.4802
0.029431,-0.50381
0.028785,-0.52649
0.028403,-0.54666
0.028199,-0.56459
0.027173,-0.58167
0.026297,-0.5953
0.025186,-0.61225
0.02309,-0.62722
0.020955,-0.63025
0.019234,-0.63202
0.017516,-0.62545
0.015788,-0.61456
0.013761,-0.60927
0.011181,-0.59631
0.0093365,-0.58131
0.0073933,-0.56469
0.0057709,-0.53968
0.0039453,-0.51821
0.0016124,-0.49701
-0.00083043,-0.4743
-0.0029486,-0.45543
-0.0051933,-0.43462
-0.0068975,-0.41178
-0.0079056,-0.39102
-0.0086628,-0.37075
-0.0099725,-0.3522
-0.010762,-0.34582
-0.011115,-0.34349
-0.010592,-0.35072
-0.010465,-0.36257
-0.0097876,-0.37243
-0.0090095,-0.3904
-0.008837,-0.41009
-0.008308,-0.43232
-0.0080013,-0.46035
-0.0079394,-0.48345
-0.0074503,-0.50813
-0.006895,-0.53244
-0.0066956,-0.55061
-0.0056554,-0.56977
-0.0056063,-0.58819
-0.00585,-0.60748
-0.0047879,-0.62345
-0.003795,-0.63119
-0.0028065,-0.63236
-0.0021868,-0.63114
-0.0018027,-0.61966
-0.0017792,-0.61308
-0.00072163,-0.60266
-9.248e-005,-0.58727
0.0016109,-0.57504
0.0029375,-0.55302
0.0030412,-0.5293
0.0031673,-0.51025
0.0036931,-0.4902
0.005179,-0.47032
0.006602,-0.45279
0.0082229,-0.43391
0.0084757,-0.41288
0.008341,-0.39253
0.008583,-0.3766
0.0092784,-0.36653
0.01024,-0.36391
0.011517,-0.37056
0.012094,-0.38314
0.010908,-0.39395
0.010316,-0.40803
0.010164,-0.42847
0.01022,-0.44824
0.010274,-0.47335
0.0093526,-0.50006
0.0083725,-0.52257
0.0081081,-0.54373
0.0081881,-0.56246
0.007038,-0.58086
0.0061155,-0.59931
0.0055543,-0.61141
0.0049959,-0.62514
0.004251,-0.63751
0.0033357,-0.64002
0.0024541,-0.63773
0.0020251,-0.62965
0.0016549,-0.61761
0.0013771,-0.61099
0.0011718,-0.59868
0.0006839,-0.58487
-0.0003078,-0.56657
-0.00028371,-0.54206
-0.00013024,-0.51794
0.00021036,-0.49619
0.00039698,-0.4732
0.00086937,-0.45404
0.00073221,-0.43269
0.00098386,-0.40796
0.0011149,-0.38712
0.0021264,-0.36609
0.0029581,-0.34977
0.0038813,-0.34441
0.0041007,-0.34337
0.004179,-0.35095
0.0045999,-0.36076
0.0057614,-0.37162
0.0060019,-0.38756
0.0068395,-0.40507
0.0072163,-0.42718
0.0071086,-0.45239
0.0072845,-0.47384
0.0074211,-0.49677
0.0069329,-0.51722
0.0074378,-0.53153
0.0076182,-0.54678
0.0070245,-0.56305
0.0065914,-0.58042
0.0057014,-0.59399
0.0050984,-0.60031
0.0046431,-0.60056
0.0047905,-0.59696
0.0048625,-0.58668
0.0039354,-0.57823
0.0024526,-0.56721
0.0012461,-0.55265
0.00092565,-0.53999
0.00014666,-0.51774
0.00010474,-0.49564
-0.00022724,-0.47549
-0.0016472,-0.45641
-0.0028047,-0.43654
-0.0035114,-0.41925
-0.0036847,-0.40068
-0.0036539,-0.38007
-0.0030699,-0.36071
-0.0033323,-0.34522
-0.0031502,-0.3369
-0.0028265,-0.3345
-0.0018209,-0.34117
-5.9624e-005,-0.35303
0.0029037,-0.36272
0.0040599,-0.37626
0.0041457,-0.39512
0.0054534,-0.41508
0.006773,-0.44018
0.0088334,-0.46452
0.011018,-0.48554
0.012049,-0.50529
0.013367,-0.52225
0.015228,-0.53694
0.017553,-0.55555
0.019029,-0.56965
0.02059,-0.58388
0.021876,-0.59642
0.023239,-0.59896
0.024222,-0.59626
0.024661,-0.58842
0.024945,-0.57788
0.025964,-0.57076
0.026295,-0.55827
0.026297,-0.54655
0.026235,-0.52826
0.026031,-0.50531
0.025083,-0.48388
0.025329,-0.46424
0.025475,-0.44514
0.025789,-0.42864
0.025795,-0.40991
0.025866,-0.38824
0.025633,-0.36918
0.025679,-0.35107
0.02571,-0.33667
0.026695,-0.33369
0.027567,-0.33566
0.02809,-0.34423
0.027521,-0.35427
0.027157,-0.36732
0.0271,-0.38187
0.027659,-0.39951
0.027533,-0.42033
0.027798,-0.44475
0.027602,-0.46647
0.027186,-0.48742
0.027022,-0.50702
0.026782,-0.52096
0.02582,-0.53586
0.026097,-0.5519
0.025693,-0.56813
0.024953,-0.58161
0.02392,-0.5883
0.022577,-0.58732
0.021928,-0.58348
0.020952,-0.57426
0.02051,-0.56622
0.020464,-0.55655
0.019756,-0.54354
0.018285,-0.52963
0.017265,-0.50836
0.017295,-0.4878
0.017068,-0.46818
0.017283,-0.44992
0.017171,-0.43145
0.016034,-0.41478
0.015713,-0.39717
0.015567,-0.37814
0.01552,-0.36022
0.015403,-0.34234
0.015499,-0.33565
0.01501,-0.33471
0.014943,-0.34147
0.014717,-0.35134
0.014248,-0.36209
0.014577,-0.37606
0.015845,-0.39357
0.015652,-0.41405
0.014334,-0.43869
0.014017,-0.46195
0.01352,-0.48161
0.013857,-0.50084
0.013811,-0.51882
0.012321,-0.53392
0.01103,-0.551
0.010684,-0.56472
0.010226,-0.57763
0.0089619,-0.58924
0.0083203,-0.59151
0.0073278,-0.58799
0.0065987,-0.5794
0.0058404,-0.57005
0.0045187,-0.5624
0.0033359,-0.551
0.003292,-0.54002
0.0029267,-0.52124
0.0026622,-0.49977
0.0023482,-0.48052
0.0017865,-0.46254
0.0010029,-0.44598
0.0015041,-0.43049
0.0016355,-0.41304
0.0018173,-0.3923
0.0021757,-0.37375
0.0023245,-0.35841
0.0020684,-0.34497
0.0024175,-0.3429
0.0025883,-0.34642
0.003632,-0.35513
0.0050759,-0.36552
0.0061462,-0.3789
0.0058693,-0.3951
0.0061413,-0.41274
0.0068487,-0.43308
0.0079828,-0.45574
0.0089973,-0.47616
0.0094661,-0.49733
0.0095484,-0.5166
0.010027,-0.5325
0.010225,-0.54712
0.010237,-0.56174
0.010164,-0.57677
0.011056,-0.59022
0.011445,-0.59652
0.0118,-0.59342
0.011365,-0.5904
0.010741,-0.5823
0.011215,-0.57592
0.01126,-0.56933
0.011631,-0.55917
0.012049,-0.54581
0.012078,-0.52599
0.011466,-0.50756
0.01121,-0.48906
0.011871,-0.47235
0.012168,-0.45576
0.01243,-0.4395
0.012334,-0.42307
0.01159,-0.40483
0.012025,-0.38708
0.012301,-0.37015
0.012244,-0.36322
0.01217,-0.36272
0.012363,-0.3687
0.012182,-0.37724
0.012792,-0.38701
0.012994,-0.3989
0.012463,-0.41423
0.012594,-0.43222
0.013621,-0.4552
0.013493,-0.47479
0.012757,-0.49316
0.012804,-0.51111
0.012815,-0.52645
0.013464,-0.54024
0.013887,-0.55539
0.012583,-0.56854
0.011631,-0.58021
0.011838,-0.59098
0.011741,-0.59244
0.010777,-0.58764
0.010425,-0.57941
0.0099675,-0.57069
0.0097543,-0.56437
0.0095656,-0.55312
0.0088554,-0.54117
0.0083258,-0.52044
0.0088221,-0.49869
0.0092106,-0.47779
0.0098756,-0.4588
0.010373,-0.44087
0.010504,-0.42351
0.010515,-0.40598
0.011967,-0.3862
0.013002,-0.3673
0.014019,-0.35393
0.015427,-0.34147
0.016607,-0.33884
0.017432,-0.34135
0.018671,-0.34896
0.019783,-0.35805
0.021357,-0.37012
0.023238,-0.38342
0.024617,-0.3997
0.024526,-0.4198
0.024634,-0.44104
0.024613,-0.45981
0.024477,-0.47914
0.024284,-0.49667
0.023534,-0.51089
0.022517,-0.52447
0.021706,-0.53796
0.020581,-0.55144
0.01888,-0.56438
0.016962,-0.56972
0.016078,-0.56521
0.014354,-0.56259
0.012746,-0.55417
0.0097536,-0.54701
0.0071795,-0.53854
0.0056152,-0.52868
0.0035665,-0.51455
0.0016668,-0.49495
3.1808e-005,-0.47675
-0.0018081,-0.45785
-0.0038496,-0.44122
-0.0046987,-0.42524
-0.004782,-0.40865
-0.0051333,-0.39171
-0.0052241,-0.37369
-0.0054632,-0.35593
-0.0066236,-0.34152
-0.0059856,-0.33605
-0.005502,-0.33686
-0.0057215,-0.34324
-0.0056356,-0.35187
-0.005392,-0.36251
-0.0055753,-0.37414
-0.0051084,-0.38892
-0.0050199,-0.40805
-0.0056328,-0.43048
-0.005252,-0.45144
-0.0042343,-0.47058
-0.0042819,-0.48881
-0.0046935,-0.50321
-0.0044161,-0.51724
-0.0040729,-0.53309
-0.003263,-0.54657
-0.0024422,-0.55778
-0.0034867,-0.56698
-0.0042937,-0.56813
-0.0037015,-0.56395
-0.0037483,-0.5545
-0.0047052,-0.54569
-0.0047013,-0.5382
-0.0046695,-0.52861
-0.004559,-0.51931
-0.0042763,-0.5004
-0.0047479,-0.48026
-0.0051642,-0.46042
-0.0046393,-0.44314
-0.0042282,-0.42776
-0.0036458,-0.41131
-0.003327,-0.39298
-0.0033354,-0.37402
-0.0032886,-0.35526
-0.0021513,-0.34175
-0.0016429,-0.33054
-0.001429,-0.32905
-0.00092787,-0.33188
-0.0005465,-0.33985
-0.00063872,-0.34827
-0.00013207,-0.36155
-3.8298e-005,-0.37486
0.00083285,-0.3912
0.0022376,-0.41134
0.0033899,-0.43342
0.003447,-0.45216
0.0036756,-0.47058
0.0041903,-0.48706
0.0051377,-0.49968
0.00636,-0.51349
0.0071737,-0.52842
0.0074007,-0.54136
0.0081492,-0.55416
0.0086915,-0.5597
0.0091612,-0.55538
0.0092888,-0.55282
0.010269,-0.54531
0.010852,-0.54082
0.01185,-0.53211
0.011361,-0.52349
0.01076,-0.50936
0.01126,-0.49061
0.011722,-0.47403
0.012002,-0.45652
0.012152,-0.44145
0.012181,-0.42779
0.011771,-0.41248
0.011675,-0.39773
0.012426,-0.38134
0.01268,-0.36498
0.012537,-0.35044
0.012547,-0.34573
0.011535,-0.34744
0.011886,-0.35434
0.012062,-0.36233
0.011691,-0.37327
0.011496,-0.38446
0.011583,-0.39921
0.011073,-0.41849
0.010854,-0.44143
0.0099739,-0.46222
0.0087288,-0.48075
0.0082744,-0.49877
0.0082832,-0.51288
0.0072034,-0.52724
0.0057991,-0.54353
0.0048611,-0.55725
0.0040657,-0.5701
0.0035421,-0.5805
0.0029422,-0.58323
0.00040551,-0.58014
-0.0016373,-0.5718
-0.0026501,-0.5635
-0.0042606,-0.55579
-0.0068065,-0.54618
-0.0083548,-0.53672
-0.0095866,-0.51832
-0.010706,-0.49971
-0.01159,-0.48161
-0.012953,-0.46619
-0.014037,-0.45291
-0.014149,-0.43855
-0.013884,-0.42168
-0.013085,-0.40541
-0.012042,-0.38849
-0.010966,-0.37456
-0.0099442,-0.36502
-0.0077515,-0.36444
-0.0056808,-0.36821
-0.0036986,-0.37653
-0.0012959,-0.3842
0.0014654,-0.3976
0.0036313,-0.41044
0.0060261,-0.42597
0.008536,-0.44476
0.01209,-0.465
0.01588,-0.48238
0.018949,-0.49913
0.021371,-0.51388
0.023735,-0.52444
0.026113,-0.53779
0.028732,-0.55068
0.031356,-0.5619
0.03337,-0.57367
0.034274,-0.57877
0.035379,-0.57488
0.035815,-0.57074
0.0363,-0.56325
0.036612,-0.55635
0.037438,-0.54775
0.037654,-0.53817
0.03836,-0.52243
0.037574,-0.50315
0.036884,-0.48489
0.037337,-0.46533
0.037624,-0.44826
0.037813,-0.43285
0.037429,-0.4151
0.037045,-0.39784
0.03624,-0.37967
0.035834,-0.36153
0.036168,-0.34578
0.036022,-0.3401
0.03537,-0.34189
0.034814,-0.34752
0.033421,-0.35395
0.033483,-0.36457
0.033316,-0.37458
0.032375,-0.38861
0.031662,-0.40665
0.031179,-0.4279
0.030378,-0.44757
0.029706,-0.46378
0.028478,-0.48058
0.026801,-0.49396
0.025892,-0.50686
0.02552,-0.5214
0.024113,-0.53398
0.022496,-0.54591
0.021228,-0.55524
0.020048,-0.55741
0.019338,-0.55454
0.018819,-0.54668
0.016562,-0.53899
0.015004,-0.53256
0.014333,-0.52418
0.013169,-0.51475
0.011163,-0.49677
0.0099981,-0.47819
0.0091724,-0.4607
0.0084425,-0.44545
0.0078617,-0.43228
0.006607,-0.41766
0.0055273,-0.401
0.0049742,-0.38511
0.0046287,-0.36853
0.0043587,-0.35384
0.0039378,-0.34476
0.0033342,-0.34452
0.0029273,-0.34888
0.0034855,-0.35694
0.0037149,-0.36527
0.0039679,-0.37922
0.0044338,-0.39335
0.0047064,-0.40922
0.0042852,-0.42824
0.0044991,-0.44857
0.0046533,-0.46577
0.0055865,-0.48355
0.0070746,-0.49995
0.0080989,-0.51303
0.0081997,-0.52612
0.0084565,-0.53932
0.0090045,-0.55103
0.0096591,-0.56347
0.010745,-0.569
0.011817,-0.56563
0.012106,-0.56217
0.012838,-0.55568
0.013151,-0.55146
0.013231,-0.54258
0.013486,-0.534
0.01435,-0.51895
0.014626,-0.50093
0.015442,-0.48454
0.015025,-0.46584
0.014598,-0.45037
0.015287,-0.43651
0.015963,-0.42053
0.01646,-0.40454
0.016527,-0.38767
0.016547,-0.37101
0.016222,-0.35535
0.016198,-0.35029
0.017073,-0.35282
0.017546,-0.35832
0.017582,-0.36486
0.017667,-0.37591
0.016921,-0.38508
0.017672,-0.39851
0.018306,-0.41572
0.01801,-0.43705
0.018045,-0.45535
0.018306,-0.47191
0.018076,-0.48871
0.018047,-0.50186
0.01755,-0.51462
0.016608,-0.52943
0.016608,-0.54236
0.017173,-0.55394
0.016638,-0.56255
0.015636,-0.56462
0.01524,-0.56271
0.014835,-0.557
0.014927,-0.55007
0.015037,-0.54446
0.013398,-0.53564
0.012305,-0.52688
0.012208,-0.5093
0.011426,-0.49161
0.0098668,-0.47412
0.0091169,-0.4589
0.0086317,-0.44598
0.008208,-0.43234
0.0079843,-0.41577
0.00698,-0.40058
0.0059376,-0.38507
0.005793,-0.37065
0.0056121,-0.36245
0.0056027,-0.36197
0.0052691,-0.36578
0.0047219,-0.37384
0.0045701,-0.38219
0.0054635,-0.39522
0.0058049,-0.40807
0.0061446,-0.42295
0.0066137,-0.44203
0.0069615,-0.46168
0.0067951,-0.47954
0.007146,-0.49745
0.0074659,-0.51426
0.0086052,-0.52694
0.010305,-0.54057
0.01176,-0.55484
0.012102,-0.56716
0.012704,-0.57933
0.013679,-0.58451
0.015099,-0.58268
0.01672,-0.57973
0.018193,-0.57288
0.019316,-0.56866
0.020931,-0.55979
0.022155,-0.55106
0.02334,-0.53732
0.02449,-0.52027
0.026189,-0.50425
0.027664,-0.48674
0.029665,-0.47209
0.030336,-0.45861
0.030847,-0.4438
0.032511,-0.42795
0.034058,-0.41153
0.035419,-0.39546
0.036367,-0.38045
0.03701,-0.37648
0.037114,-0.37881
0.037206,-0.38474
0.037745,-0.39183
0.03769,-0.4038
0.036888,-0.41285
0.035623,-0.42652
0.033217,-0.44357
0.032776,-0.4652
0.031716,-0.48463
0.029521,-0.50186
0.02755,-0.51784
0.025989,-0.531
0.023879,-0.54363
0.021757,-0.55875
0.019163,-0.57228
0.016206,-0.58464
0.013772,-0.59434
0.011847,-0.59612
0.0092036,-0.59504
0.0062037,-0.58822
0.0038818,-0.58099
0.0017315,-0.57582
0.00036219,-0.56662
-0.00091119,-0.5577
-0.0036366,-0.53983
-0.0053867,-0.52107
-0.0056147,-0.50211
-0.0066082,-0.48732
-0.0085424,-0.47349
-0.00928,-0.45924
-0.0098611,-0.44281
-0.010255,-0.42583
-0.010711,-0.40986
-0.01181,-0.39397
-0.012771,-0.38394
-0.012987,-0.38289
-0.013164,-0.38378
-0.013013,-0.39024
-0.013206,-0.39804
-0.013612,-0.40839
-0.013702,-0.41979
-0.012688,-0.43357
-0.012205,-0.4514
-0.011609,-0.47004
-0.010698,-0.48509
-0.0099388,-0.501
-0.0098465,-0.51484
-0.0093022,-0.52417
-0.0085418,-0.53592
-0.0071877,-0.5494
-0.0054003,-0.5624
-0.0037046,-0.57426
-0.0033008,-0.57902
-0.0026104,-0.57599
-0.0013687,-0.57207
0.000367,-0.56376
0.0021225,-0.55865
0.0034578,-0.54975
0.0046153,-0.53831
0.0063948,-0.5245
0.007533,-0.50479
0.0083073,-0.48647
0.0092468,-0.46816
0.010803,-0.45159
0.011604,-0.43577
0.012584,-0.41986
0.012487,-0.40346
0.012298,-0.38644
0.013493,-0.36892
0.014145,-0.35272
0.014743,-0.34889
0.015101,-0.34894
0.015266,-0.3538
0.01495,-0.3613
0.014895,-0.37084
0.015697,-0.37902
0.016005,-0.39267
0.01621,-0.40869
0.016071,-0.42853
0.015326,-0.44573
0.015913,-0.46028
0.016177,-0.47425
0.015711,-0.48541
0.015596,-0.49808
0.015654,-0.51362
0.015338,-0.52539
0.015587,-0.53841
0.015416,-0.54911
0.014595,-0.55072
0.01463,-0.55035
0.01529,-0.54288
0.014929,-0.53556
0.014174,-0.53103
0.013827,-0.52245
0.013599,-0.51408
0.013884,-0.49792
0.013971,-0.47972
0.012242,-0.46209
0.010919,-0.44721
0.010737,-0.43289
0.0099411,-0.41909
0.0082273,-0.40194
0.0074376,-0.38371
0.0066322,-0.36625
0.0058703,-0.34875
0.005032,-0.33909
0.0035092,-0.33875
0.0020052,-0.33926
0.0013566,-0.34603
0.00058044,-0.35437
-1.9194e-005,-0.36419
-0.00090205,-0.37622
-0.0021311,-0.39146
-0.0028977,-0.41018
-0.0028218,-0.42925
-0.0033692,-0.44701
-0.0040188,-0.46431
-0.0045585,-0.48032
-0.005334,-0.4931
-0.0063873,-0.50661
-0.0069081,-0.51946
-0.0074861,-0.53336
-0.007376,-0.54492
-0.0067432,-0.54928
-0.0064008,-0.54594
-0.0073177,-0.54329
-0.0078606,-0.53426
-0.0077855,-0.53069
-0.0069914,-0.52144
-0.005962,-0.51099
-0.0051603,-0.49958
-0.0043453,-0.48092
-0.0027112,-0.46164
-0.00115,-0.44519
0.00033621,-0.42922
0.0022848,-0.41247
0.0047985,-0.39675
0.0068174,-0.38021
0.0093422,-0.36329
0.011578,-0.34559
0.013382,-0.32909
0.016478,-0.32515
0.019331,-0.32541
0.022124,-0.33118
0.024756,-0.34021
0.027175,-0.34989
0.029182,-0.3597
0.031151,-0.37509
0.033867,-0.39242
0.036312,-0.41435
0.03878,-0.43484
0.040506,-0.4522
0.040995,-0.46869
0.042289,-0.48229
0.042959,-0.49706
0.042892,-0.51397
0.042868,-0.52561
0.04328,-0.54064
0.042879,-0.55188
0.043001,-0.55313
0.042835,-0.5536
0.04212,-0.54626
0.04225,-0.54006
0.042872,-0.53799
0.042459,-0.52938
0.041283,-0.51984
0.040834,-0.50317
0.04032,-0.4845
0.040255,-0.46756
0.040031,-0.45336
0.037954,-0.43856
0.036081,-0.42603
0.035289,-0.41077
0.033992,-0.39492
0.032038,-0.37903
0.030879,-0.36176
0.029557,-0.35249
0.028156,-0.35325
0.026901,-0.35346
0.024939,-0.36078
0.022952,-0.36973
0.021743,-0.37979
0.020562,-0.39348
0.019441,-0.40935
0.018154,-0.428
0.016686,-0.44936
0.015208,-0.46782
0.015007,-0.48654
0.014204,-0.50402
0.013553,-0.51808
0.012995,-0.53248
0.012233,-0.54589
0.011156,-0.56088
0.010749,-0.57362
0.010302,-0.57686
0.010879,-0.57555
0.012028,-0.57172
0.012865,-0.56272
0.012413,-0.5608
0.012596,-0.55058
0.012829,-0.54074
0.013939,-0.52917
0.014617,-0.51091
0.015173,-0.49094
0.015323,-0.47451
0.016243,-0.45851
0.016874,-0.44134
0.017005,-0.42596
0.017114,-0.40999
0.018256,-0.39317
0.01858,-0.3752
0.019133,-0.35925
0.019074,-0.35553
0.018496,-0.35481
0.019212,-0.35998
0.019606,-0.36821
0.020087,-0.37747
0.02051,-0.38703
0.020653,-0.40098
0.019978,-0.41637
0.019545,-0.43829
0.020189,-0.45759
0.020367,-0.47533
0.020753,-0.4921
0.020727,-0.50303
0.019855,-0.51685
0.019981,-0.53311
0.020024,-0.54415
0.019912,-0.55949
0.019638,-0.56822
0.019537,-0.56888
0.018886,-0.57036
0.019078,-0.56275
0.019045,-0.55706
0.018434,-0.55311
0.018566,-0.5429
0.019535,-0.53229
0.019012,-0.51378
0.017621,-0.49375
0.017373,-0.47434
0.016893,-0.45717
0.017225,-0.44051
0.017461,-0.42611
0.015972,-0.41
0.014862,-0.39214
0.014786,-0.37448
0.014416,-0.35657
0.013269,-0.34683
0.012837,-0.34693
0.011846,-0.34639
0.011183,-0.35382
0.010604,-0.36214
0.0095246,-0.37048
0.0082421,-0.38492
0.0081493,-0.40034
0.0075707,-0.41846
0.0071985,-0.43975
0.0069621,-0.45755
0.0064129,-0.47649
0.0056053,-0.49375
0.0059992,-0.50772
0.0061905,-0.52333
0.006237,-0.53816
0.0064551,-0.55367
0.0064052,-0.56663
0.0061368,-0.56904
0.0063557,-0.56955
0.0065214,-0.56545
0.0073443,-0.55624
0.0083344,-0.55429
0.0093563,-0.54348
0.0090956,-0.53366
0.0090732,-0.52098
0.0097323,-0.5019
0.011038,-0.48202
0.01235,-0.46698
0.013117,-0.45132
0.01363,-0.43601
0.014711,-0.42065
0.015482,-0.40423
0.015861,-0.38724
0.016155,-0.36952
0.01752,-0.35421
0.018048,-0.35188
0.018811,-0.35089
0.019247,-0.35691
0.019041,-0.36649
0.019768,-0.37609
0.020452,-0.38733
0.02123,-0.40238
0.02211,-0.41923
0.022781,-0.44183
0.022463,-0.46103
0.022539,-0.48053
0.023677,-0.49848
0.024257,-0.51029
0.025268,-0.52503
0.026054,-0.54078
0.025969,-0.55386
0.026538,-0.57012
0.027105,-0.57859
0.027984,-0.581
0.028566,-0.58042
0.029532,-0.5713
0.029541,-0.56573
0.030476,-0.56145
0.031229,-0.55043
0.031694,-0.54086
0.032644,-0.52238
0.034659,-0.503
0.035205,-0.4848
0.034458,-0.46819
0.034601,-0.4519
0.034772,-0.43811
0.035342,-0.42155
0.035598,-0.40341
0.034345,-0.38665
0.033162,-0.36934
0.032109,-0.36146
0.030351,-0.3611
0.027922,-0.36191
0.02655,-0.37112
0.024446,-0.3795
0.022175,-0.38779
0.020114,-0.40371
0.017386,-0.41999
0.014094,-0.43874
0.011992,-0.46089
0.0097477,-0.47878
0.0071839,-0.49757
0.0044313,-0.51393
0.0017032,-0.52676
-0.001033,-0.54245
-0.0029914,-0.55762
-0.0047717,-0.5744
-0.0066232,-0.58921
-0.0083614,-0.59178
-0.010007,-0.59256
-0.011286,-0.58693
-0.01195,-0.57663
-0.012142,-0.5742
-0.011361,-0.56397
-0.010571,-0.5528
-0.0098903,-0.53954
-0.010126,-0.51924
-0.010028,-0.49902
-0.0092975,-0.48446
-0.0079268,-0.46787
-0.0070231,-0.45254
-0.0062551,-0.43443
-0.0057925,-0.41673
-0.0049011,-0.39936
-0.0038385,-0.38117
-0.0031869,-0.36608
-0.0027438,-0.36367
-0.001222,-0.3634
-0.00028575,-0.3697
0.00078404,-0.37928
0.0020913,-0.38816
0.0023583,-0.40092
0.0027246,-0.41762
0.0035087,-0.43505
0.0046046,-0.45758
0.0057665,-0.47782
0.0066888,-0.49595
0.0068103,-0.51436
0.0069402,-0.52728
0.0080774,-0.54433
0.0088489,-0.56069
0.010157,-0.5751
0.011079,-0.5919
0.011227,-0.60109
0.01149,-0.60303
0.012065,-0.6037
0.013356,-0.59365
0.014088,-0.58784
0.014686,-0.58266
0.014381,-0.57064
0.014955,-0.56189
0.015136,-0.54375
0.015004,-0.52392
0.014988,-0.50699
0.01614,-0.49102
0.016287,-0.47412
0.015072,-0.46048
0.014429,-0.44214
0.013847,-0.42352
0.014027,-0.40663
0.014132,-0.38938
0.013431,-0.38165
0.012859,-0.38121
0.012564,-0.38295
0.01196,-0.39358
0.010803,-0.40219
0.010745,-0.41231
0.010244,-0.42985
0.0098364,-0.44751
0.0093037,-0.46741
0.0081448,-0.49231
0.0072366,-0.51212
0.0073277,-0.53136
0.0072074,-0.54951
0.0069005,-0.56546
0.0064088,-0.58269
0.0057951,-0.59712
0.0050548,-0.61412
0.0051567,-0.62899
0.0055678,-0.63113
0.0057742,-0.6338
0.005616,-0.62858
0.0053681,-0.6173
0.0051286,-0.61424
0.0050301,-0.60265
0.0053589,-0.58948
0.0063517,-0.5743
0.0072971,-0.55151
0.0079318,-0.52953
0.0073627,-0.51283
0.0071602,-0.4932
0.0079132,-0.47599
0.0088289,-0.45545
0.0088838,-0.43557
0.0091601,-0.41742
0.0092129,-0.3978
0.0094596,-0.38147
0.0096291,-0.37738
0.0094428,-0.37572
0.0090176,-0.38147
0.0094505,-0.39006
0.0095128,-0.39748
0.009188,-0.4097
0.0091584,-0.42602
0.0081883,-0.44239
0.0072177,-0.46437
0.0065699,-0.48183
0.0063175,-0.49993
0.0059611,-0.51901
0.0054877,-0.53387
0.0040505,-0.55012
0.0028947,-0.5657
0.002731,-0.58004
0.0022332,-0.59571
0.0023372,-0.60333
0.0019288,-0.60253
0.0012944,-0.60128
0.00064719,-0.59053
0.00091287,-0.58421
0.0022112,-0.57718
0.0036626,-0.56212
0.0050624,-0.55125
0.0059508,-0.53066
0.0076766,-0.50754
0.0095252,-0.48835
0.011095,-0.46968
0.012966,-0.44983
0.016083,-0.43414
0.018136,-0.41438
0.019059,-0.39437
0.02065,-0.37585
0.022298,-0.35765
0.023964,-0.34873
0.026206,-0.34607
0.028052,-0.34665
0.029752,-0.3569
0.031363,-0.36431
0.032658,-0.37444
0.033093,-0.39167
0.034185,-0.40782
0.03471,-0.42801
0.035102,-0.45322
0.034816,-0.47328
0.033718,-0.49249
0.0331,-0.51013
0.033233,-0.52551
0.03332,-0.54266
0.033065,-0.55589
0.03249,-0.57312
0.031993,-0.58761
0.031355,-0.58927
0.031162,-0.59118
0.03168,-0.58606
0.031976,-0.57601
0.03177,-0.57299
0.031203,-0.56268
0.030601,-0.55052
0.030048,-0.5366
0.030109,-0.51531
0.030483,-0.49522
0.03097,-0.47842
0.031006,-0.45903
0.03012,-0.4423
0.029334,-0.42129
0.029464,-0.40024
0.029505,-0.38018
0.029451,-0.35919
0.029099,-0.34327
0.0285,-0.34035
0.027921,-0.33763
0.027582,-0.34367
0.026949,-0.35334
0.026125,-0.3611
0.026214,-0.37463
0.025699,-0.39158
0.024829,-0.409
0.02443,-0.43355
0.023193,-0.45408
0.022574,-0.47371
0.021915,-0.49384
0.021831,-0.50851
0.021748,-0.52487
0.021878,-0.54144
0.02081,-0.55687
0.02013,-0.57303
0.02058,-0.57993
0.021028,-0.58032
0.021593,-0.58088
0.021274,-0.569
0.020779,-0.56349
0.019821,-0.55549
0.019611,-0.54145
0.020098,-0.53139
0.020665,-0.51148
0.020656,-0.48823
0.020024,-0.4703
0.020092,-0.45315
0.020093,-0.43474
0.019751,-0.42042
0.019617,-0.40086
0.020335,-0.38203
0.02012,-0.36389
0.019203,-0.3458
0.018508,-0.33902
0.017957,-0.33672
0.017819,-0.33881
0.017319,-0.35097
0.016629,-0.35903
0.016095,-0.37089
0.015482,-0.38949
0.014132,-0.40654
0.012761,-0.42934
0.012606,-0.45625
0.012075,-0.47749
0.012001,-0.498
0.011666,-0.51631
0.010414,-0.53487
0.0095735,-0.55423
0.0094842,-0.56982
0.0097334,-0.58832
0.0096898,-0.60235
0.0092735,-0.60466
0.0087037,-0.60771
0.0082089,-0.60216
0.0084958,-0.59191
0.0093509,-0.58907
0.0099646,-0.57691
0.0101,-0.56422
0.0098604,-0.54871
0.0096843,-0.52627
0.0098447,-0.50716
0.010599,-0.48898
0.011786,-0.47088
0.013008,-0.45507
0.013663,-0.4373
0.013344,-0.41765
0.013214,-0.39905
0.014003,-0.37949
0.015009,-0.36497
0.015836,-0.36242
0.01591,-0.36072
0.016017,-0.36824
0.016066,-0.37792
0.016661,-0.38649
0.016657,-0.40206
0.01676,-0.41835
0.017513,-0.43819
0.017727,-0.46405
0.017866,-0.48467
0.018218,-0.50501
0.017516,-0.52506
0.017721,-0.54059
0.017913,-0.55823
0.018572,-0.57624
0.019066,-0.59285
0.01965,-0.6093
0.018822,-0.61477
0.018611,-0.61571
0.019344,-0.61458
0.020205,-0.60159
0.021157,-0.59644
0.020973,-0.58683
0.020966,-0.5733
0.020422,-0.56255
0.020375,-0.54126
0.020933,-0.51652
0.021795,-0.49781
0.021876,-0.47839
0.021343,-0.45883
0.02157,-0.44132
0.021987,-0.42203
0.021956,-0.40178
0.022082,-0.38128
0.022879,-0.36323
0.022693,-0.3573
0.022009,-0.35414
0.021905,-0.35774
0.021987,-0.3699
0.022276,-0.37788
0.021953,-0.39064
0.021704,-0.40866
0.021728,-0.42524
0.021775,-0.44863
0.02085,-0.47422
0.02026,-0.49451
0.02044,-0.51393
0.020302,-0.52902
0.020981,-0.54419
0.021009,-0.56241
0.020645,-0.57678
0.02067,-0.59494
0.021363,-0.60731
0.022292,-0.61027
0.023363,-0.61091
