813,1551,2223,2748,3192,3670,4054,4275,4532,4498,4470
813,1552,2224,2750,3191,3672,4052,4277,4532,4497,4470
813,1551,2225,2748,3192,3671,4050,4276,4533,4499,4470
812,1551,2226,2748,3193,3671,4052,4275,4531,4497,4469
812,1550,2224,2749,3193,3669,4050,4277,4529,4496,4467
812,1551,2224,2750,3191,3671,4049,4280,4532,4500,4469
812,1551,2223,2749,3190,3670,4051,4278,4532,4498,4469
812,1550,2224,2750,3190,3669,4051,4278,4531,4496,4468
812,1549,2224,2750,3192,3671,4050,4279,4533,4497,4471
811,1549,2225,2750,3191,3673,4048,4279,4532,4496,4469
810,1550,2224,2749,3190,3673,4051,4278,4532,4495,4468
810,1549,2222,2752,3189,3672,4052,4278,4532,4498,4469
811,1548,2221,2752,3191,3674,4051,4277,4530,4496,4467
810,1549,2221,2752,3192,3672,4049,4275,4528,4495,4465
810,1550,2223,2750,3191,3671,4050,4278,4531,4497,4466
810,1550,2224,2750,3191,3672,4052,4278,4531,4496,4466
810,1550,2224,2751,3190,3672,4051,4276,4531,4495,4464
811,1550,2224,2752,3189,3671,4049,4279,4533,4496,4468
810,1551,2224,2751,3191,3670,4049,4278,4531,4494,4467
811,1550,2222,2751,3190,3672,4051,4276,4530,4492,4466
810,1549,2224,2751,3190,3672,4050,4275,4531,4495,4468
810,1547,2225,2751,3188,3672,4050,4277,4529,4494,4467
811,1549,2226,2753,3190,3673,4050,4275,4527,4493,4469
811,1549,2224,2752,3191,3671,4049,4274,4529,4496,4467
810,1549,2224,2752,3191,3670,4047,4276,4531,4495,4467
809,1548,2222,2752,3190,3669,4046,4276,4530,4494,4469
810,1548,2224,2753,3189,3670,4047,4275,4533,4494,4468
810,1548,2224,2754,3191,3669,4046,4274,4531,4494,4466
810,1550,2224,2756,3192,3669,4044,4276,4531,4493,4465
811,1550,2225,2754,3191,3669,4043,4275,4530,4496,4464
811,1549,2225,2753,3190,3671,4045,4274,4528,4494,4466
810,1550,2224,2750,3189,3671,4048,4274,4526,4492,4464
811,1550,2224,2751,3189,3670,4047,4272,4524,4494,4462
810,1551,2226,2753,3191,3671,4045,4271,4525,4493,4464
809,1550,2227,2754,3191,3671,4047,4275,4524,4492,4464
809,1550,2227,2752,3191,3670,4048,4275,4523,4491,4464
810,1551,2227,2751,3191,3671,4047,4274,4524,4491,4464
810,1552,2226,2753,3190,3671,4045,4272,4523,4489,4462
810,1551,2226,2753,3191,3670,4047,4274,4522,4492,4460
809,1552,2227,2753,3193,3672,4047,4273,4525,4492,4460
810,1553,2227,2755,3192,3673,4049,4272,4523,4490,4461
811,1552,2228,2754,3191,3671,4049,4271,4522,4488,4459
811,1552,2227,2753,3189,3670,4047,4273,4522,4490,4457
810,1552,2227,2751,3191,3673,4048,4272,4522,4490,4459
809,1551,2225,2751,3192,3672,4050,4272,4524,4488,4459
810,1552,2225,2753,3193,3671,4049,4274,4525,4488,4458
810,1552,2224,2753,3192,3673,4048,4275,4524,4487,4462
810,1552,2225,2755,3192,3674,4048,4274,4523,4489,4460
810,1552,2225,2753,3191,3673,4047,4272,4526,4487,4461
810,1552,2224,2752,3193,3672,4046,4275,4524,4486,4461
809,1553,2223,2750,3195,3675,4045,4274,4522,4488,4460
809,1553,2223,2752,3194,3673,4048,4273,4525,4487,4458
810,1554,2223,2752,3192,3673,4046,4275,4524,4487,4460
810,1553,2225,2751,3191,3674,4044,4274,4524,4487,4460
810,1554,2225,2750,3193,3675,4045,4273,4524,4487,4460
810,1554,2226,2751,3194,3675,4047,4274,4522,4485,4459
810,1555,2225,2752,3193,3676,4045,4276,4521,4487,4456
810,1554,2223,2751,3192,3677,4044,4275,4523,4487,4459
810,1554,2222,2751,3191,3676,4044,4274,4524,4486,4459
811,1555,2223,2749,3191,3676,4047,4275,4523,4488,4457
811,1554,2223,2749,3193,3678,4045,4273,4526,4486,4462
811,1553,2224,2749,3191,3676,4045,4271,4528,4489,4459
811,1552,2223,2750,3190,3674,4044,4271,4527,4491,4459
811,1552,2222,2749,3189,3675,4046,4274,4526,4489,4461
811,1552,2221,2748,3191,3675,4045,4272,4528,4487,4459
812,1553,2221,2747,3191,3675,4044,4271,4527,4489,4457
812,1554,2222,2748,3193,3675,4045,4273,4527,4487,4458
811,1553,2222,2748,3191,3675,4048,4271,4527,4485,4458
812,1554,2221,2748,3191,3674,4046,4270,4525,4487,4456
812,1553,2220,2746,3190,3673,4045,4269,4523,4486,4459
813,1553,2219,2748,3192,3674,4047,4269,4527,4485,4458
812,1553,2220,2748,3192,3675,4045,4269,4525,4487,4458
812,1553,2222,2748,3191,3674,4044,4268,4524,4486,4460
812,1554,2222,2747,3189,3674,4042,4272,4523,4484,4459
812,1553,2222,2748,3187,3674,4045,4272,4521,4485,4457
812,1553,2221,2749,3189,3673,4043,4271,4521,4485,4456
812,1553,2222,2748,3191,3672,4041,4269,4522,4483,4455
812,1553,2221,2747,3191,3672,4040,4271,4523,4486,4454
813,1554,2221,2748,3190,3673,4043,4271,4522,4484,4453
812,1553,2222,2749,3189,3672,4042,4270,4522,4483,4451
813,1552,2223,2749,3190,3671,4042,4272,4525,4485,4453
814,1551,2223,2748,3191,3672,4040,4273,4523,4488,4454
814,1552,2221,2749,3190,3672,4043,4273,4521,4486,4453
814,1553,2220,2749,3188,3672,4044,4272,4523,4485,4457
814,1552,2219,2751,3186,3674,4043,4275,4522,4486,4455
815,1552,2221,2750,3188,3673,4041,4274,4521,4486,4455
815,1552,2221,2750,3189,3672,4042,4273,4523,4484,4457
814,1554,2221,2750,3187,3674,4041,4271,4521,4485,4456
815,1553,2219,2752,3186,3674,4040,4274,4521,4487,4455
815,1552,2219,2752,3185,3674,4041,4273,4522,4486,4455
816,1551,2218,2752,3186,3674,4042,4271,4522,4489,4455
815,1552,2220,2751,3188,3677,4041,4274,4520,4488,4455
814,1553,2220,2751,3188,3675,4039,4277,4518,4486,4458
814,1553,2219,2752,3187,3675,4041,4276,4517,4488,4456
814,1553,2218,2752,3186,3676,4042,4276,4515,4487,4455
814,1553,2217,2752,3188,3675,4041,4278,4519,4485,4457
813,1553,2218,2752,3188,3675,4039,4277,4517,4485,4455
813,1554,2218,2753,3188,3675,4041,4276,4516,4487,4453
813,1553,2219,2753,3186,3677,4042,4277,4518,4485,4454
814,1552,2219,2752,3187,3676,4041,4279,4517,4485,4454
813,1552,2218,2752,3189,3676,4040,4277,4516,4486,4453
813,1553,2217,2753,3191,3677,4040,4276,4518,4484,4453
812,1553,2216,2754,3190,3677,4042,4275,4517,4482,4451
812,1553,2216,2755,3190,3676,4041,4278,4516,4485,4452
813,1553,2217,2755,3189,3677,4040,4277,4518,4484,4451
813,1553,2216,2755,3189,3677,4041,4276,4517,4482,4449
813,1554,2216,2754,3191,3676,4043,4278,4516,4485,4453
813,1554,2215,2752,3192,3675,4041,4277,4516,4483,4451
814,1553,2217,2752,3191,3675,4041,4276,4515,4483,4451
815,1553,2218,2753,3190,3675,4041,4274,4518,4484,4452
815,1553,2219,2752,3188,3674,4040,4277,4519,4482,4452
814,1553,2218,2751,3189,3677,4039,4275,4518,4480,4456
814,1553,2217,2750,3189,3676,4037,4276,4518,4481,4454
812,1554,2216,2751,3189,3676,4039,4276,4516,4480,4454
814,1554,2216,2752,3189,3678,4042,4275,4515,4478,4456
813,1555,2217,2751,3189,3677,4041,4273,4515,4475,4455
814,1555,2218,2751,3191,3677,4040,4275,4514,4476,4453
814,1556,2217,2750,3191,3676,4042,4277,4515,4476,4454
813,1555,2217,2751,3193,3678,4041,4275,4518,4476,4453
814,1554,2216,2752,3194,3677,4040,4273,4516,4474,4453
814,1554,2215,2751,3193,3676,4041,4273,4515,4472,4456
814,1556,2217,2751,3192,3678,4043,4275,4517,4473,4455
814,1555,2217,2750,3194,3680,4041,4276,4516,4474,4455
814,1555,2218,2751,3193,3680,4040,4275,4515,4472,4454
813,1555,2217,2752,3193,3679,4042,4275,4514,4475,4453
814,1555,2216,2751,3191,3681,4042,4275,4516,4474,4457
813,1555,2217,2748,3190,3682,4041,4274,4515,4474,4454
813,1555,2219,2747,3191,3680,4039,4276,4514,4475,4453
813,1555,2219,2749,3194,3679,4041,4275,4515,4474,4456
813,1554,2221,2749,3193,3678,4040,4274,4513,4472,4455
814,1553,2220,2750,3192,3678,4038,4273,4511,4473,4455
813,1554,2219,2750,3191,3677,4038,4275,4513,4473,4453
813,1555,2218,2749,3192,3675,4040,4275,4513,4472,4452
814,1555,2218,2749,3193,3677,4039,4275,4511,4475,4451
814,1554,2219,2751,3192,3679,4040,4277,4510,4473,4450
815,1554,2220,2751,3192,3679,4040,4278,4513,4473,4448
814,1554,2219,2751,3192,3679,4043,4278,4512,4476,4449
813,1555,2218,2750,3193,3679,4041,4277,4510,4475,4449
814,1555,2217,2750,3192,3680,4040,4278,4512,4473,4449
814,1555,2217,2751,3190,3679,4042,4277,4510,4474,4452
814,1555,2218,2752,3190,3679,4044,4279,4509,4473,4451
815,1554,2218,2752,3192,3680,4042,4283,4510,4472,4450
815,1555,2218,2751,3193,3682,4041,4281,4508,4475,4452
815,1555,2216,2752,3191,3680,4043,4280,4506,4473,4451
815,1554,2216,2752,3190,3680,4042,4282,4509,4472,4449
815,1553,2217,2753,3189,3681,4042,4284,4510,4475,4448
816,1554,2217,2754,3190,3680,4042,4283,4510,4474,4448
816,1555,2218,2754,3192,3678,4044,4282,4512,4478,4449
815,1555,2218,2752,3192,3676,4042,4285,4511,4476,4449
814,1555,2218,2755,3191,3678,4041,4283,4510,4476,4447
813,1555,2217,2755,3192,3678,4042,4282,4511,4478,4448
815,1555,2218,2755,3193,3677,4044,4281,4509,4481,4448
814,1555,2219,2756,3194,3678,4043,4284,4507,4478,4446
814,1554,2220,2756,3194,3677,4041,4282,4509,4476,4445
814,1553,2219,2756,3194,3677,4042,4281,4511,4478,4445
814,1554,2218,2755,3194,3677,4046,4283,4510,4477,4445
814,1553,2217,2755,3195,3679,4044,4282,4509,4475,4447
815,1554,2218,2756,3195,3679,4042,4281,4510,4474,4447
814,1554,2218,2756,3197,3679,4045,4281,4508,4473,4446
814,1555,2219,2755,3196,3679,4042,4283,4506,4471,4447
814,1556,2220,2753,3194,3678,4042,4283,4510,4474,4446
814,1556,2218,2752,3195,3677,4041,4281,4508,4473,4445
814,1557,2216,2750,3197,3679,4043,4282,4507,4472,4448
813,1556,2214,2752,3197,3680,4041,4284,4509,4474,4448
813,1557,2215,2753,3196,3679,4039,4282,4508,4472,4447
813,1557,2217,2752,3196,3678,4041,4282,4506,4472,4446
813,1556,2218,2751,3195,3678,4044,4282,4508,4473,4450
812,1557,2217,2750,3196,3678,4043,4281,4507,4472,4450
811,1557,2217,2751,3198,3678,4041,4278,4506,4470,4449
810,1557,2216,2752,3198,3680,4040,4277,4504,4473,4452
811,1558,2217,2751,3197,3681,4041,4280,4501,4472,4451
811,1558,2218,2750,3196,3679,4042,4279,4502,4470,4455
811,1558,2219,2749,3196,3678,4040,4277,4504,4473,4453
811,1558,2217,2749,3198,3680,4039,4278,4504,4472,4452
812,1559,2217,2750,3197,3681,4039,4280,4503,4472,4454
811,1559,2216,2750,3196,3679,4040,4279,4503,4473,4457
810,1559,2214,2750,3194,3677,4041,4278,4502,4472,4457
810,1559,2214,2750,3196,3678,4040,4280,4501,4471,4455
810,1558,2216,2751,3197,3680,4041,4278,4503,4473,4459
811,1559,2215,2751,3197,3679,4039,4276,4501,4472,4457
810,1558,2215,2751,3197,3679,4037,4280,4500,4472,4456
808,1558,2214,2750,3196,3679,4036,4278,4503,4474,4456
808,1558,2213,2748,3195,3679,4037,4276,4506,4472,4455
809,1559,2214,2750,3196,3678,4038,4278,4505,4472,4457
808,1560,2216,2749,3197,3678,4037,4278,4504,4473,4456
808,1558,2216,2748,3196,3679,4037,4277,4506,4472,4457
807,1558,2216,2747,3195,3678,4038,4275,4504,4470,4458
808,1557,2216,2748,3197,3677,4041,4277,4503,4472,4457
808,1559,2215,2747,3197,3677,4039,4276,4503,4472,4455
809,1558,2216,2746,3198,3679,4038,4276,4503,4471,4458
810,1559,2216,2747,3197,3678,4039,4276,4501,4474,4458
809,1559,2218,2749,3195,3678,4041,4278,4504,4472,4456
810,1559,2217,2748,3195,3679,4041,4277,4504,4472,4459
811,1560,2216,2747,3197,3678,4040,4275,4503,4474,4458
812,1560,2215,2747,3197,3677,4037,4277,4506,4473,4459
811,1560,2216,2746,3199,3678,4038,4276,4504,4472,4459
810,1559,2216,2746,3198,3678,4038,4275,4503,4473,4459
811,1559,2217,2746,3198,3677,4038,4274,4504,4472,4458
811,1560,2216,2746,3196,3679,4038,4276,4503,4472,4456
810,1559,2216,2747,3196,3679,4038,4278,4505,4474,4455
810,1559,2215,2746,3197,3678,4036,4278,4508,4473,4456
810,1559,2216,2746,3198,3677,4034,4276,4508,4472,4455
811,1560,2217,2745,3197,3679,4036,4279,4507,4474,4454
811,1560,2218,2747,3195,3681,4037,4277,4510,4473,4457
810,1559,2217,2746,3194,3679,4035,4276,4508,4472,4456
809,1559,2216,2746,3195,3679,4033,4276,4507,4470,4454
809,1558,2215,2746,3196,3679,4034,4278,4508,4472,4458
809,1560,2216,2747,3196,3678,4037,4277,4507,4471,4455
809,1558,2217,2747,3195,3678,4038,4279,4505,4469,4455
810,1557,2217,2747,3193,3680,4037,4281,4507,4469,4456
809,1558,2217,2747,3195,3680,4036,4279,4508,4469,4455
809,1559,2217,2748,3196,3678,4037,4278,4507,4468,4454
809,1558,2216,2748,3196,3677,4039,4279,4510,4472,4454
809,1557,2215,2747,3195,3679,4039,4278,4508,4471,4455
810,1559,2215,2746,3193,3681,4038,4277,4509,4470,4456
810,1560,2215,2747,3193,3681,4037,4279,4510,4472,4455
811,1560,2216,2748,3195,3680,4039,4277,4508,4471,4458
810,1560,2216,2747,3194,3681,4040,4276,4505,4470,4457
811,1559,2216,2747,3193,3683,4039,4276,4507,4471,4456
810,1560,2215,2747,3195,3682,4037,4279,4506,4470,4456
810,1560,2214,2748,3197,3681,4038,4277,4505,4469,4456
811,1559,2215,2749,3197,3682,4039,4276,4508,4472,4454
810,1558,2217,2748,3198,3680,4038,4279,4507,4471,4457
810,1557,2216,2750,3197,3678,4038,4280,4507,4470,4457
810,1557,2217,2751,3196,3680,4037,4279,4508,4472,4456
809,1558,2217,2750,3195,3680,4040,4278,4506,4471,4460
810,1558,2216,2749,3197,3680,4038,4280,4505,4471,4458
810,1557,2217,2747,3197,3678,4037,4278,4505,4471,4458
811,1556,2218,2748,3199,3679,4039,4276,4507,4470,4458
810,1557,2218,2750,3197,3681,4041,4278,4507,4468,4458
810,1558,2219,2749,3195,3680,4039,4277,4510,4471,4457
811,1557,2219,2748,3194,3681,4038,4275,4511,4472,4456
811,1557,2218,2749,3194,3681,4039,4276,4509,4470,4456
811,1557,2217,2749,3195,3680,4041,4276,4511,4473,4458
811,1557,2217,2751,3194,3679,4040,4274,4515,4472,4457
810,1558,2218,2750,3192,3678,4038,4272,4512,4471,4456
811,1557,2218,2749,3191,3680,4041,4272,4511,4472,4459
811,1557,2217,2750,3192,3683,4042,4271,4513,4470,4458
810,1558,2216,2752,3194,3681,4042,4271,4513,4467,4457
810,1559,2215,2751,3193,3681,4041,4273,4513,4470,4460
809,1559,2216,2750,3192,3682,4042,4272,4513,4470,4459
809,1558,2217,2750,3190,3682,4041,4271,4515,4469,4463
810,1557,2217,2750,3191,3683,4040,4272,4513,4472,4463
811,1557,2218,2749,3193,3683,4042,4274,4513,4470,4462
811,1558,2218,2748,3191,3685,4044,4273,4512,4470,4465
811,1557,2218,2746,3191,3684,4043,4272,4511,4471,4463
811,1556,2218,2747,3190,3684,4041,4273,4509,4470,4463
811,1554,2218,2747,3191,3685,4043,4272,4512,4468,4463
811,1555,2219,2745,3191,3685,4045,4272,4511,4470,4462
811,1556,2220,2745,3190,3685,4045,4271,4510,4470,4461
812,1556,2219,2745,3188,3685,4044,4274,4512,4469,4464
813,1555,2217,2746,3187,3685,4042,4273,4510,4472,4463
811,1554,2215,2746,3187,3685,4044,4272,4510,4471,4463
810,1555,2215,2746,3189,3685,4045,4274,4508,4470,4466
810,1555,2216,2746,3189,3686,4043,4272,4511,4471,4464
811,1556,2217,2746,3188,3684,4041,4270,4510,4471,4467
810,1555,2216,2745,3187,3683,4041,4271,4510,4470,4466
811,1555,2215,2744,3187,3683,4043,4274,4512,4471,4465
810,1556,2216,2743,3189,3683,4041,4273,4510,4471,4468
811,1556,2216,2744,3190,3683,4040,4271,4509,4471,4467
810,1556,2218,2743,3189,3686,4038,4272,4510,4474,4467
810,1555,2218,2742,3188,3684,4040,4271,4509,4473,4468
810,1555,2217,2741,3187,3684,4039,4269,4508,4473,4468
811,1556,2217,2742,3189,3686,4038,4272,4510,4475,4466
810,1557,2216,2741,3189,3684,4038,4271,4511,4473,4468
811,1557,2218,2740,3190,3684,4039,4269,4511,4471,4468
811,1556,2218,2739,3189,3684,4038,4271,4510,4473,4467
811,1556,2219,2741,3188,3683,4037,4274,4513,4472,4470
811,1557,2218,2741,3186,3681,4035,4274,4511,4472,4468
812,1558,2217,2740,3187,3680,4037,4272,4510,4475,4469
812,1557,2216,2740,3189,3682,4038,4274,4512,4474,4470
812,1558,2216,2740,3189,3682,4038,4273,4511,4474,4469
812,1558,2215,2739,3187,3681,4036,4273,4509,4475,4467
812,1558,2216,2737,3186,3682,4038,4274,4510,4474,4469
813,1559,2215,2737,3188,3681,4037,4272,4509,4472,4468
811,1558,2215,2737,3188,3680,4035,4271,4507,4473,4468
813,1558,2214,2739,3188,3682,4033,4272,4511,4472,4471
812,1559,2214,2738,3188,3683,4033,4274,4510,4472,4469
812,1559,2214,2737,3190,3682,4035,4273,4510,4476,4469
811,1559,2216,2738,3190,3682,4034,4271,4511,4475,4471
811,1558,2216,2739,3189,3683,4033,4272,4510,4476,4470
812,1559,2216,2740,3187,3683,4031,4271,4509,4478,4469
812,1559,2215,2740,3187,3683,4034,4270,4510,4477,4470
812,1559,2215,2740,3188,3684,4032,4268,4509,4476,4470
813,1559,2216,2741,3190,3684,4032,4268,4508,4476,4469
813,1558,2217,2742,3189,3683,4033,4267,4511,4476,4472
814,1559,2217,2741,3189,3685,4034,4266,4510,4475,4471
812,1559,2217,2740,3190,3684,4035,4269,4509,4479,4471
811,1558,2215,2742,3191,3684,4033,4268,4511,4478,4473
812,1558,2214,2743,3191,3684,4031,4267,4510,4477,4472
813,1558,2215,2742,3191,3683,4031,4270,4508,4479,4470
813,1558,2216,2741,3189,3682,4031,4272,4509,4478,4471
813,1558,2216,2740,3188,3681,4031,4270,4507,4477,4471
812,1558,2216,2740,3189,3683,4030,4269,4506,4477,4473
813,1557,2216,2739,3189,3683,4028,4271,4510,4476,4475
814,1558,2216,2738,3189,3682,4030,4269,4508,4474,4474
814,1559,2216,2738,3188,3682,4029,4269,4508,4479,4473
814,1558,2217,2739,3187,3685,4027,4268,4510,4478,4473
813,1558,2218,2741,3188,3683,4028,4271,4509,4477,4472
814,1557,2218,2741,3190,3683,4029,4270,4509,4480,4476
814,1559,2217,2740,3188,3683,4028,4269,4510,4482,4474
814,1558,2217,2742,3187,3684,4028,4271,4508,4482,4473
813,1558,2217,2742,3186,3684,4028,4269,4507,4481,4475
813,1559,2217,2741,3188,3682,4028,4269,4510,4483,4474
813,1559,2218,2740,3189,3685,4026,4267,4510,4482,4472
813,1558,2219,2741,3188,3685,4028,4269,4509,4483,4474
813,1557,2218,2742,3187,3683,4028,4268,4511,4484,4474
813,1556,2217,2741,3186,3684,4026,4269,4509,4482,4476
814,1557,2216,2739,3187,3683,4028,4269,4513,4481,4475
813,1557,2218,2740,3188,3682,4027,4272,4513,4483,4473
814,1557,2218,2742,3189,3684,4027,4270,4512,4483,4474
815,1557,2219,2740,3189,3685,4026,4268,4511,4481,4475
814,1556,2218,2740,3188,3684,4028,4270,4514,4484,4474
812,1556,2219,2740,3187,3683,4027,4268,4513,4482,4473
811,1555,2219,2742,3188,3683,4026,4266,4512,4482,4470
811,1555,2220,2741,3189,3683,4028,4266,4514,4484,4473
812,1554,2221,2741,3188,3683,4027,4268,4513,4487,4473
811,1555,2222,2740,3186,3685,4026,4268,4513,4485,4471
811,1555,2222,2741,3185,3686,4026,4267,4514,4484,4475
810,1556,2222,2740,3184,3685,4025,4268,4512,4484,4474
811,1556,2221,2739,3186,3683,4024,4267,4510,4483,4474
811,1556,2221,2738,3185,3685,4026,4265,4513,4480,4475
812,1556,2222,2739,3185,3687,4028,4268,4512,4480,4474
813,1557,2222,2738,3184,3685,4027,4268,4510,4479,4472
813,1557,2222,2737,3182,3683,4026,4267,4514,4479,4473
813,1557,2221,2736,3184,3683,4027,4267,4512,4478,4474
813,1556,2220,2738,3185,3683,4026,4269,4511,4477,4472
813,1556,2219,2739,3184,3684,4025,4269,4512,4478,4477
812,1557,2221,2739,3183,3686,4026,4268,4514,4480,4475
811,1556,2221,2738,3184,3687,4026,4270,4513,4479,4474
811,1556,2220,2740,3186,3686,4025,4271,4512,4477,4476
811,1555,2219,2740,3185,3684,4026,4270,4514,4478,4475
812,1556,2219,2740,3183,3685,4026,4269,4513,4478,4472
812,1554,2220,2739,3181,3687,4025,4271,4516,4477,4474
812,1553,2221,2740,3182,3686,4026,4270,4517,4481,4474
811,1552,2222,2741,3184,3685,4028,4269,4516,4480,4474
811,1552,2221,2740,3183,3685,4027,4271,4514,4481,4478
812,1554,2219,2739,3181,3685,4029,4271,4517,4480,4477
811,1553,2219,2738,3181,3684,4029,4270,4515,4483,4478
812,1553,2218,2739,3182,3685,4028,4271,4515,4481,4480
813,1552,2218,2739,3183,3686,4026,4270,4518,4479,4479
813,1553,2219,2739,3184,3685,4028,4268,4517,4483,4477
812,1553,2219,2738,3183,3683,4028,4270,4515,4482,4478
812,1553,2219,2738,3182,3685,4027,4269,4516,4483,4477
812,1553,2218,2739,3183,3684,4029,4267,4516,4483,4476
813,1554,2217,2741,3184,3684,4028,4266,4515,4482,4476
812,1555,2216,2741,3185,3685,4026,4269,4517,4481,4476
812,1556,2218,2740,3183,3686,4028,4269,4516,4484,4476
811,1555,2218,2742,3181,3685,4027,4268,4515,4483,4475
811,1555,2217,2743,3185,3683,4026,4270,4517,4481,4474
811,1554,2216,2742,3185,3686,4025,4272,4521,4480,4473
812,1555,2215,2742,3187,3685,4027,4271,4519,4482,4473
812,1555,2217,2742,3185,3684,4026,4270,4518,4482,4473
812,1555,2218,2741,3184,3686,4025,4272,4520,4481,4473
812,1554,2218,2743,3182,3685,4026,4269,4519,4484,4476
812,1555,2218,2742,3183,3684,4028,4268,4519,4485,4476
812,1556,2218,2741,3184,3683,4027,4268,4518,4485,4476
812,1555,2218,2742,3183,3684,4026,4271,4518,4484,4478
813,1555,2219,2744,3182,3684,4027,4269,4517,4487,4477
813,1555,2219,2744,3181,3682,4026,4268,4520,4486,4476
814,1556,2220,2743,3182,3685,4025,4269,4519,4487,4474
813,1556,2219,2745,3183,3684,4025,4272,4517,4489,4473
813,1555,2219,2745,3183,3684,4027,4270,4519,4488,4473
813,1555,2218,2746,3182,3685,4027,4269,4518,4486,4476
813,1555,2216,2746,3180,3684,4025,4271,4517,4487,4477
813,1556,2216,2746,3182,3683,4026,4270,4518,4487,4476
814,1555,2217,2747,3183,3684,4025,4270,4517,4486,4475
814,1556,2216,2748,3181,3683,4023,4271,4515,4489,4478
814,1556,2215,2747,3181,3681,4025,4273,4518,4487,4477
812,1555,2214,2746,3180,3682,4026,4272,4518,4487,4475
812,1556,2214,2747,3182,3683,4024,4272,4517,4489,4479
813,1556,2215,2747,3182,3683,4022,4273,4520,4488,4478
814,1556,2216,2747,3180,3682,4025,4271,4518,4486,4479
814,1556,2217,2747,3179,3685,4024,4269,4518,4488,4479
814,1555,2216,2748,3180,3684,4023,4269,4518,4486,4479
813,1556,2214,2749,3182,3683,4026,4269,4517,4485,4476
814,1557,2214,2749,3181,3685,4024,4269,4515,4489,4480
814,1557,2215,2748,3180,3684,4023,4268,4518,4487,4479
814,1557,2216,2748,3179,3683,4025,4268,4518,4486,4479
813,1557,2215,2749,3180,3685,4026,4267,4517,4489,4482
813,1557,2215,2749,3181,3687,4026,4266,4519,4489,4480
815,1557,2214,2748,3180,3685,4024,4268,4518,4489,4481
814,1557,2213,2746,3178,3685,4027,4266,4517,4489,4482
814,1557,2214,2748,3176,3686,4025,4265,4519,4489,4481
813,1558,2214,2747,3176,3685,4025,4268,4517,4487,4480
814,1558,2215,2746,3178,3684,4027,4270,4515,4490,4483
814,1558,2215,2746,3178,3683,4029,4269,4518,4489,4483
814,1558,2214,2746,3179,3685,4027,4268,4517,4488,4482
815,1559,2213,2745,3179,3684,4026,4270,4516,4491,4485
814,1559,2214,2745,3179,3684,4028,4268,4518,4490,4484
814,1560,2215,2745,3178,3685,4026,4267,4518,4489,4484
815,1559,2217,2745,3180,3684,4024,4267,4518,4490,4486
815,1559,2217,2746,3181,3683,4025,4269,4519,4490,4484
815,1557,2216,2745,3179,3684,4027,4268,4517,4488,4483
815,1557,2217,2745,3178,3685,4025,4267,4515,4492,4481
815,1558,2217,2744,3178,3684,4024,4269,4517,4491,4479
815,1557,2218,2745,3178,3684,4024,4271,4518,4489,4477
816,1556,2219,2746,3180,3685,4023,4271,4517,4492,4480
816,1555,2218,2746,3179,3684,4021,4270,4520,4491,4480
816,1555,2218,2744,3178,3683,4024,4272,4518,4496,4482
818,1556,2217,2745,3177,3684,4024,4270,4517,4495,4484
817,1556,2216,2746,3178,3683,4023,4270,4519,4495,4483
816,1555,2218,2745,3180,3682,4021,4270,4522,4497,4482
816,1554,2217,2745,3182,3684,4023,4268,4520,4496,4483
815,1555,2219,2746,3180,3683,4022,4267,4519,4494,4483
816,1555,2217,2747,3179,3682,4022,4269,4522,4495,4482
816,1555,2216,2747,3177,3684,4024,4271,4521,4494,4485
815,1555,2216,2746,3178,3683,4023,4269,4520,4493,4483
814,1555,2217,2749,3179,3682,4022,4267,4522,4496,4482
814,1555,2217,2748,3181,3681,4023,4269,4521,4495,4485
814,1555,2219,2748,3181,3683,4025,4268,4519,4494,4484
815,1556,2218,2748,3179,3682,4024,4267,4522,4496,4483
814,1556,2218,2747,3177,3680,4023,4268,4522,4495,4484
813,1557,2217,2748,3176,3682,4025,4267,4521,4495,4483
812,1556,2218,2747,3176,3684,4026,4267,4524,4495,4482
813,1557,2218,2746,3178,3683,4026,4266,4523,4493,4486
813,1557,2218,2745,3179,3682,4025,4269,4521,4491,4485
813,1556,2218,2746,3177,3684,4027,4267,4523,4496,4485
813,1558,2217,2747,3176,3684,4025,4266,4521,4496,4488
812,1557,2216,2746,3176,3683,4025,4268,4520,4495,4487
813,1556,2216,2745,3176,3684,4026,4267,4524,4494,4486
814,1555,2217,2747,3178,3683,4025,4266,4522,4493,4487
813,1554,2216,2747,3177,3682,4024,4266,4523,4496,4487
812,1555,2216,2747,3175,3683,4024,4266,4525,4495,4486
812,1555,2215,2746,3177,3682,4026,4264,4525,4494,4485
812,1556,2215,2747,3178,3681,4025,4268,4523,4496,4484
812,1556,2216,2748,3179,3682,4024,4267,4522,4496,4485
811,1555,2218,2747,3180,3681,4026,4266,4522,4496,4487
812,1555,2217,2747,3180,3680,4024,4265,4523,4497,4486
812,1557,2216,2747,3179,3679,4022,4266,4523,4496,4486
812,1557,2215,2749,3178,3682,4024,4266,4521,4494,4484
812,1557,2214,2747,3178,3681,4024,4264,4523,4498,4483
813,1556,2216,2747,3178,3679,4022,4266,4523,4497,4482
812,1556,2216,2746,3177,3682,4024,4264,4522,4496,4486
813,1556,2216,2747,3176,3683,4023,4264,4526,4498,4484
812,1557,2215,2748,3175,3682,4022,4266,4525,4498,4484
812,1557,2215,2747,3176,3682,4021,4265,4524,4498,4487
812,1556,2216,2747,3176,3683,4025,4264,4526,4498,4486
813,1557,2217,2747,3175,3682,4023,4264,4525,4497,4486
813,1558,2217,2748,3175,3681,4023,4266,4524,4495,4486
812,1557,2215,2747,3174,3682,4024,4264,4525,4499,4486
813,1558,2214,2746,3176,3682,4023,4262,4524,4498,4485
813,1558,2214,2745,3178,3682,4021,4264,4524,4497,4488
813,1559,2214,2747,3176,3683,4019,4262,4527,4500,4487
813,1558,2214,2747,3176,3682,4022,4261,4526,4499,4486
812,1558,2215,2745,3177,3681,4020,4264,4525,4499,4489
813,1558,2215,2744,3178,3682,4020,4265,4527,4498,4488
813,1558,2215,2744,3177,3681,4022,4263,4527,4497,4487
814,1559,2213,2746,3176,3681,4021,4262,4526,4496,4488
814,1558,2212,2745,3175,3681,4019,4264,4527,4495,4488
815,1557,2211,2744,3175,3682,4021,4264,4526,4493,4487
815,1558,2213,2746,3176,3682,4022,4262,4525,4494,4491
816,1559,2213,2747,3175,3682,4021,4264,4529,4494,4490
816,1558,2213,2746,3174,3685,4018,4266,4528,4493,4489
815,1558,2212,2744,3174,3684,4019,4266,4528,4497,4489
816,1557,2212,2746,3175,3683,4018,4265,4530,4496,4488
816,1558,2211,2747,3176,3685,4016,4267,4529,4495,4493
816,1559,2213,2746,3175,3683,4020,4266,4528,4498,4492
815,1559,2212,2746,3173,3682,4019,4265,4529,4496,4491
814,1560,2213,2747,3172,3681,4017,4266,4528,4497,4494
815,1559,2213,2747,3174,3683,4015,4268,4527,4496,4494
815,1559,2212,2746,3175,3681,4018,4267,4531,4496,4494
815,1560,2211,2745,3174,3680,4016,4267,4530,4495,4494
814,1560,2211,2745,3173,3681,4015,4268,4529,4497,4493
815,1560,2211,2746,3171,3681,4016,4268,4530,4497,4496
815,1560,2212,2747,3172,3681,4015,4267,4529,4496,4497
814,1561,2213,2747,3173,3680,4014,4268,4527,4499,4496
814,1560,2214,2747,3175,3682,4014,4270,4530,4498,4497
814,1560,2213,2749,3175,3681,4017,4269,4528,4497,4496
813,1559,2212,2749,3173,3679,4015,4269,4526,4499,4495
814,1559,2211,2748,3173,3681,4014,4268,4530,4497,4499
814,1560,2211,2746,3173,3683,4016,4267,4530,4500,4497
815,1559,2213,2748,3174,3681,4015,4265,4530,4499,4498
814,1559,2213,2748,3173,3680,4014,4267,4528,4499,4497
815,1559,2214,2748,3173,3682,4015,4269,4529,4500,4496
814,1560,2213,2748,3171,3681,4013,4268,4530,4502,4501
815,1559,2212,2747,3173,3680,4011,4267,4529,4501,4499
815,1559,2212,2749,3173,3681,4013,4268,4531,4501,4500
815,1559,2212,2748,3175,3683,4016,4266,4529,4501,4502
815,1560,2213,2748,3173,3682,4014,4266,4528,4500,4501
815,1560,2214,2747,3173,3680,4013,4267,4531,4497,4500
817,1560,2213,2749,3175,3682,4013,4266,4530,4500,4500
815,1560,2213,2749,3176,3681,4013,4265,4528,4501,4500
815,1561,2213,2749,3177,3680,4012,4267,4531,4499,4503
814,1561,2213,2748,3175,3681,4014,4270,4530,4503,4502
814,1561,2213,2748,3174,3682,4013,4269,4529,4501,4501
814,1560,2215,2749,3175,3682,4012,4268,4532,4500,4502
815,1558,2215,2750,3176,3681,4014,4270,4530,4502,4502
814,1559,2216,2749,3178,3683,4014,4269,4530,4501,4501
814,1559,2215,2748,3176,3681,4013,4269,4532,4499,4503
814,1559,2214,2746,3175,3679,4014,4269,4531,4501,4503
814,1559,2214,2747,3174,3681,4016,4270,4530,4501,4501
814,1559,2215,2745,3175,3681,4015,4269,4531,4501,4504
814,1559,2215,2744,3177,3681,4017,4269,4531,4504,4503
815,1560,2216,2743,3176,3681,4018,4271,4530,4502,4501
815,1560,2216,2744,3175,3681,4017,4273,4533,4501,4503
815,1559,2216,2746,3174,3679,4016,4272,4531,4503,4502
815,1561,2215,2746,3175,3678,4016,4270,4531,4502,4501
815,1561,2214,2746,3176,3681,4018,4272,4534,4500,4505
816,1560,2215,2747,3175,3681,4018,4274,4533,4502,4503
817,1560,2215,2746,3174,3681,4017,4273,4531,4502,4502
817,1559,2216,2746,3173,3681,4018,4272,4533,4502,4505
818,1560,2215,2744,3173,3682,4017,4274,4532,4500,4504
817,1560,2214,2744,3174,3681,4015,4273,4531,4499,4504
817,1560,2213,2745,3175,3680,4018,4273,4534,4501,4504
818,1559,2214,2744,3174,3681,4017,4273,4533,4500,4503
817,1560,2214,2742,3173,3682,4016,4272,4532,4498,4501
818,1560,2216,2741,3175,3680,4018,4270,4534,4501,4505
818,1559,2215,2742,3176,3678,4020,4269,4534,4501,4503
817,1559,2214,2741,3177,3680,4020,4270,4533,4501,4502
818,1559,2213,2740,3176,3681,4018,4269,4534,4503,4505
818,1560,2214,2739,3174,3681,4021,4268,4534,4503,4504
818,1561,2215,2741,3173,3679,4020,4267,4533,4502,4505
819,1561,2216,2742,3174,3680,4019,4269,4537,4504,4506
819,1560,2215,2741,3175,3679,4020,4268,4535,4504,4505
819,1561,2214,2740,3174,3678,4019,4267,4534,4503,4504
819,1562,2214,2741,3173,3680,4017,4268,4537,4506,4507
820,1561,2214,2742,3172,3680,4016,4267,4536,4505,4507
819,1560,2215,2741,3172,3679,4018,4265,4535,4504,4507
818,1560,2215,2740,3175,3678,4018,4268,4536,4506,4509
819,1560,2215,2741,3174,3679,4017,4268,4536,4505,4509
819,1560,2215,2742,3173,3681,4018,4267,4535,4503,4509
819,1560,2215,2741,3175,3680,4017,4265,4538,4505,4509
819,1559,2215,2740,3175,3679,4015,4268,4537,4504,4509
819,1559,2216,2741,3174,3679,4017,4267,4536,4503,4507
819,1560,2216,2743,3174,3681,4017,4266,4538,4506,4511
819,1559,2217,2743,3173,3680,4016,4268,4538,4503,4510
819,1559,2217,2742,3173,3680,4018,4270,4537,4502,4509
818,1558,2217,2744,3175,3680,4017,4269,4538,4506,4508
817,1558,2216,2745,3173,3682,4017,4268,4538,4504,4507
816,1558,2215,2744,3172,3680,4019,4269,4537,4503,4511
817,1558,2216,2743,3172,3678,4021,4268,4540,4504,4510
817,1557,2217,2742,3174,3680,4020,4267,4540,4503,4509
816,1558,2216,2743,3175,3682,4019,4269,4540,4503,4512
817,1559,2216,2744,3173,3682,4021,4271,4540,4505,4510
816,1559,2216,2743,3172,3680,4020,4270,4544,4504,4510
818,1559,2215,2742,3171,3682,4019,4269,4543,4504,4510
817,1558,2217,2743,3172,3681,4019,4271,4543,4507,4509
817,1559,2217,2744,3174,3679,4022,4270,4545,4506,4507
817,1558,2218,2742,3173,3680,4020,4269,4548,4505,4511
815,1558,2217,2741,3171,3682,4020,4267,4546,4506,4511
816,1557,2216,2743,3170,3681,4021,4270,4544,4505,4512
817,1558,2215,2744,3170,3680,4020,4269,4546,4504,4511
816,1558,2216,2744,3172,3682,4019,4269,4548,4508,4510
815,1559,2217,2744,3171,3680,4021,4270,4548,4505,4513
816,1559,2217,2744,3171,3680,4022,4269,4548,4503,4512
817,1558,2218,2746,3172,3680,4021,4267,4550,4506,4510
817,1559,2217,2745,3174,3682,4019,4269,4548,4507,4514
817,1560,2216,2744,3173,3680,4019,4270,4547,4506,4513
817,1560,2216,2745,3172,3680,4018,4269,4547,4507,4512
818,1559,2216,2747,3171,3681,4017,4268,4546,4506,4514
818,1558,2217,2745,3171,3682,4020,4269,4544,4505,4513
819,1558,2216,2743,3173,3681,4021,4269,4543,4508,4511
819,1559,2215,2745,3174,3680,4020,4269,4545,4507,4515
819,1558,2214,2745,3173,3681,4018,4268,4544,4506,4514
819,1557,2214,2746,3172,3680,4020,4269,4543,4509,4515
819,1556,2215,2746,3173,3678,4019,4268,4544,4507,4514
821,1556,2216,2746,3174,3677,4018,4267,4543,4506,4514
820,1556,2215,2747,3175,3679,4019,4270,4542,4507,4518
820,1555,2215,2748,3175,3677,4021,4268,4540,4506,4517
820,1555,2214,2747,3174,3676,4020,4266,4541,4505,4519
820,1555,2214,2746,3173,3677,4019,4268,4541,4509,4518
821,1556,2216,2748,3174,3677,4022,4272,4540,4507,4516
820,1557,2216,2749,3175,3676,4020,4271,4544,4506,4520
820,1557,2217,2748,3174,3675,4021,4269,4542,4505,4518
819,1556,2216,2746,3173,3677,4022,4272,4542,4504,4519
818,1556,2215,2748,3172,3675,4021,4271,4544,4504,4520
818,1557,2215,2748,3172,3675,4020,4270,4542,4504,4519
818,1556,2215,2747,3174,3676,4020,4271,4541,4503,4523
818,1555,2216,2745,3172,3677,4022,4273,4542,4501,4523
818,1554,2217,2746,3172,3677,4022,4271,4541,4504,4523
818,1554,2216,2747,3174,3676,4022,4270,4539,4503,4523
819,1554,2214,2746,3175,3677,4023,4273,4543,4502,4523
819,1554,2214,2746,3175,3675,4022,4272,4542,4505,4525
819,1553,2214,2747,3174,3673,4021,4271,4541,4504,4524
819,1552,2215,2748,3172,3672,4022,4272,4543,4505,4525
820,1553,2216,2747,3173,3673,4021,4272,4542,4505,4525
820,1553,2215,2745,3173,3672,4020,4272,4541,4504,4524
819,1553,2214,2747,3176,3671,4022,4270,4542,4503,4527
819,1553,2214,2748,3175,3673,4023,4271,4541,4506,4526
819,1552,2214,2748,3173,3672,4022,4269,4540,4506,4526
820,1553,2215,2747,3175,3672,4020,4267,4544,4505,4527
819,1553,2215,2748,3175,3672,4024,4270,4543,4508,4527
818,1553,2214,2748,3177,3671,4023,4270,4541,4506,4524
818,1552,2214,2747,3175,3670,4022,4268,4543,4507,4526
818,1552,2214,2746,3174,3670,4024,4267,4546,4508,4527
819,1553,2214,2745,3174,3670,4023,4268,4545,4507,4525
818,1554,2215,2746,3176,3669,4022,4268,4544,4505,4530
817,1553,2215,2746,3177,3668,4023,4267,4546,4504,4528
817,1552,2214,2746,3176,3670,4025,4269,4544,4503,4528
816,1553,2212,2747,3175,3670,4024,4270,4544,4504,4530
817,1553,2212,2748,3176,3669,4024,4270,4545,4503,4527
818,1554,2212,2747,3176,3671,4026,4270,4544,4501,4525
818,1553,2213,2747,3176,3670,4026,4273,4543,4505,4526
818,1552,2214,2748,3174,3669,4024,4271,4545,4506,4527
818,1554,2213,2749,3173,3671,4025,4270,4546,4505,4529
818,1554,2214,2749,3174,3669,4024,4272,4545,4503,4528
818,1554,2214,2747,3175,3668,4024,4274,4543,4506,4527
818,1553,2215,2748,3176,3667,4026,4272,4545,4506,4529
819,1552,2215,2747,3175,3668,4024,4271,4545,4505,4529
819,1553,2216,2748,3174,3667,4022,4273,4544,4508,4528
819,1554,2216,2747,3175,3667,4025,4272,4547,4506,4531
820,1554,2216,2746,3176,3668,4024,4271,4547,4507,4530
820,1554,2215,2747,3175,3667,4024,4272,4547,4507,4530
820,1555,2215,2749,3174,3665,4025,4274,4546,4507,4531
819,1555,2216,2748,3173,3666,4028,4273,4544,4505,4530
820,1555,2217,2747,3174,3668,4026,4275,4545,4507,4528
820,1556,2218,2749,3175,3667,4025,4275,4543,4507,4529
820,1555,2217,2749,3173,3666,4027,4274,4542,4507,4529
820,1557,2217,2749,3172,3666,4026,4272,4545,4510,4528
819,1556,2216,2749,3170,3666,4024,4274,4545,4508,4527
819,1557,2218,2749,3171,3665,4025,4274,4544,4508,4525
820,1557,2217,2749,3174,3666,4024,4273,4543,4508,4527
819,1558,2218,2750,3173,3665,4023,4276,4543,4508,4528
820,1558,2218,2748,3172,3665,4026,4275,4543,4511,4527
820,1559,2217,2747,3171,3667,4024,4273,4542,4509,4531
819,1559,2216,2746,3169,3668,4024,4275,4540,4509,4529
820,1559,2218,2748,3170,3666,4025,4278,4543,4509,4529
820,1558,2217,2749,3172,3666,4027,4276,4543,4508,4531
819,1559,2219,2748,3171,3667,4027,4275,4543,4507,4530
818,1559,2218,2747,3170,3666,4025,4276,4544,4509,4529
818,1559,2217,2747,3168,3665,4027,4276,4545,4509,4527
819,1560,2217,2749,3168,3667,4028,4275,4545,4508,4528
818,1559,2217,2748,3169,3668,4027,4276,4544,4512,4529
818,1558,2217,2747,3171,3667,4027,4275,4547,4509,4529
818,1560,2218,2748,3172,3666,4026,4272,4548,4509,4527
818,1559,2219,2749,3171,3669,4027,4275,4547,4507,4526
818,1558,2218,2749,3170,3668,4025,4275,4547,4512,4527
818,1558,2217,2748,3170,3667,4024,4274,4550,4509,4526
818,1559,2217,2747,3171,3669,4023,4273,4548,4509,4525
818,1559,2219,2747,3173,3671,4024,4274,4547,4511,4522
819,1559,2218,2748,3171,3669,4023,4275,4549,4511,4526
819,1559,2218,2748,3170,3666,4022,4274,4551,4509,4526
817,1559,2218,2748,3169,3669,4024,4277,4550,4510,4525
817,1559,2218,2750,3169,3669,4024,4277,4549,4510,4524
817,1559,2219,2748,3171,3668,4024,4277,4551,4509,4522
818,1558,2220,2747,3172,3668,4022,4276,4555,4508,4523
817,1557,2220,2746,3171,3669,4023,4278,4553,4507,4522
818,1557,2218,2747,3170,3670,4022,4276,4552,4509,4520
818,1558,2217,2748,3172,3668,4021,4275,4554,4509,4524
818,1557,2217,2748,3173,3670,4024,4274,4553,4508,4523
819,1557,2217,2747,3171,3669,4022,4276,4554,4507,4523
818,1556,2218,2749,3169,3668,4021,4276,4553,4508,4524
819,1557,2219,2748,3168,3669,4023,4274,4551,4508,4524
818,1558,2218,2747,3169,3670,4023,4276,4550,4506,4523
818,1557,2218,2745,3171,3669,4022,4275,4553,4510,4522
819,1557,2218,2744,3171,3668,4023,4275,4552,4509,4521
819,1557,2219,2745,3172,3669,4025,4275,4551,4510,4522
820,1558,2219,2747,3171,3670,4024,4277,4549,4512,4521
818,1558,2220,2747,3170,3668,4024,4275,4551,4512,4519
818,1557,2219,2746,3169,3669,4025,4275,4550,4511,4524
818,1557,2218,2748,3171,3668,4024,4276,4548,4511,4524
818,1557,2217,2748,3171,3667,4023,4275,4550,4511,4523
818,1558,2218,2747,3171,3669,4023,4273,4552,4509,4527
817,1557,2220,2746,3169,3669,4025,4271,4552,4512,4526
816,1557,2221,2747,3167,3668,4025,4273,4551,4511,4528
815,1557,2220,2748,3169,3667,4024,4271,4554,4510,4529
816,1557,2218,2747,3171,3668,4025,4270,4552,4513,4528
816,1558,2217,2745,3171,3669,4026,4270,4551,4512,4531
816,1557,2217,2746,3172,3669,4025,4269,4552,4512,4531
816,1557,2217,2747,3171,3667,4025,4268,4549,4512,4530
815,1556,2218,2748,3169,3668,4026,4268,4547,4511,4532
816,1557,2218,2747,3170,3667,4024,4268,4546,4510,4530
815,1557,2217,2746,3173,3666,4023,4267,4548,4514,4529
816,1557,2216,2748,3174,3668,4025,4265,4547,4513,4533
815,1556,2216,2748,3172,3666,4027,4267,4546,4512,4531
815,1555,2217,2747,3171,3665,4025,4266,4545,4514,4532
815,1555,2216,2747,3170,3666,4023,4265,4548,4514,4531
816,1557,2215,2747,3171,3666,4025,4267,4545,4513,4531
816,1556,2214,2749,3173,3667,4023,4268,4543,4511,4537
816,1556,2213,2747,3173,3666,4022,4268,4543,4515,4534
816,1555,2214,2746,3172,3669,4021,4267,4545,4513,4535
816,1556,2216,2747,3171,3667,4022,4269,4547,4512,4536
816,1557,2216,2748,3169,3666,4021,4268,4546,4513,4536
817,1557,2216,2747,3170,3665,4020,4267,4546,4512,4534
817,1557,2215,2746,3171,3666,4022,4269,4547,4510,4534
817,1558,2214,2747,3171,3665,4022,4267,4548,4513,4534
817,1558,2215,2748,3169,3664,4021,4265,4548,4513,4533
818,1557,2215,2748,3168,3665,4024,4266,4546,4513,4537
817,1557,2216,2747,3166,3664,4022,4265,4545,4515,4536
816,1556,2216,2749,3168,3663,4021,4265,4545,4514,4534
817,1556,2216,2750,3168,3665,4023,4268,4544,4513,4535
816,1558,2215,2749,3169,3667,4024,4268,4544,4514,4535
818,1558,2214,2748,3168,3667,4023,4268,4548,4513,4538
817,1557,2214,2748,3168,3666,4022,4267,4545,4516,4536
817,1555,2215,2750,3166,3667,4024,4269,4543,4518,4535
817,1556,2216,2748,3163,3667,4024,4267,4542,4518,4539
817,1557,2214,2748,3164,3666,4023,4266,4545,4517,4538
818,1557,2213,2747,3165,3665,4024,4268,4543,4521,4537
818,1557,2212,2749,3167,3667,4023,4270,4542,4518,4538
817,1555,2213,2749,3166,3665,4022,4270,4545,4517,4538
816,1555,2214,2748,3165,3664,4024,4270,4543,4518,4537
817,1556,2215,2748,3167,3665,4022,4272,4542,4517,4541
817,1557,2214,2749,3167,3668,4020,4270,4543,4516,4539
817,1556,2213,2749,3169,3667,4018,4268,4542,4518,4540
816,1557,2212,2749,3167,3666,4020,4270,4541,4518,4539
816,1558,2213,2747,3167,3669,4020,4269,4543,4517,4539
816,1558,2213,2747,3165,3667,4019,4266,4542,4520,4543
816,1558,2214,2747,3167,3666,4021,4265,4541,4519,4542
816,1559,2214,2748,3167,3668,4020,4267,4543,4518,4542
817,1558,2215,2747,3168,3669,4019,4266,4546,4519,4545
817,1558,2214,2745,3167,3668,4021,4264,4545,4518,4543
818,1557,2213,2747,3166,3667,4023,4265,4544,4516,4541
818,1556,2213,2747,3165,3669,4022,4267,4546,4518,4542
819,1557,2214,2747,3167,3667,4020,4266,4545,4519,4545
819,1557,2214,2746,3167,3667,4022,4265,4545,4517,4544
818,1557,2213,2747,3170,3668,4021,4265,4543,4521,4543
817,1557,2212,2748,3169,3670,4021,4264,4546,4519,4544
818,1557,2212,2746,3168,3668,4022,4262,4545,4521,4543
819,1558,2213,2746,3167,3667,4021,4264,4545,4521,4542
817,1558,2214,2748,3166,3668,4020,4266,4546,4519,4546
818,1559,2214,2746,3167,3668,4021,4265,4549,4523,4545
817,1559,2214,2745,3169,3667,4023,4264,4547,4521,4544
817,1559,2214,2744,3167,3667,4022,4265,4546,4521,4542
818,1558,2214,2745,3166,3669,4021,4263,4548,4523,4542
818,1558,2215,2746,3165,3668,4021,4262,4550,4526,4542
817,1557,2215,2745,3164,3667,4021,4261,4548,4524,4542
817,1557,2216,2745,3166,3668,4020,4261,4547,4526,4542
817,1557,2217,2746,3165,3670,4023,4260,4548,4526,4541
818,1556,2217,2746,3163,3669,4023,4260,4548,4525,4545
817,1556,2216,2745,3162,3668,4022,4263,4547,4527,4543
817,1555,2216,2744,3161,3670,4021,4264,4545,4525,4541
817,1556,2216,2744,3162,3669,4023,4263,4547,4525,4545
816,1556,2216,2744,3164,3667,4024,4262,4549,4526,4543
817,1557,2215,2743,3162,3667,4023,4264,4548,4525,4543
817,1558,2214,2743,3162,3669,4022,4263,4547,4523,4544
817,1558,2213,2744,3161,3668,4023,4262,4549,4524,4543
816,1559,2215,2743,3163,3668,4024,4265,4550,4523,4541
816,1559,2215,2742,3165,3670,4024,4266,4551,4520,4545
816,1559,2217,2741,3164,3669,4023,4266,4550,4524,4544
817,1558,2217,2742,3163,3668,4023,4265,4552,4521,4543
817,1559,2217,2743,3163,3668,4022,4268,4551,4521,4546
816,1559,2217,2742,3163,3667,4020,4266,4549,4523,4546
816,1559,2216,2741,3165,3666,4023,4265,4550,4522,4546
816,1558,2216,2740,3165,3667,4023,4267,4553,4520,4547
817,1558,2216,2740,3164,3668,4021,4269,4551,4521,4545
817,1559,2217,2739,3163,3667,4019,4268,4550,4521,4544
817,1558,2216,2739,3164,3666,4020,4267,4552,4519,4547
817,1559,2215,2739,3164,3667,4023,4269,4555,4517,4546
817,1559,2214,2740,3163,3666,4021,4268,4553,4517,4545
818,1558,2214,2740,3162,3666,4020,4267,4552,4517,4548
816,1560,2213,2739,3161,3664,4021,4268,4554,4516,4550
817,1558,2214,2738,3163,3665,4019,4266,4553,4520,4550
818,1558,2214,2740,3165,3664,4018,4265,4551,4519,4550
818,1558,2213,2739,3165,3662,4021,4264,4551,4519,4553
818,1557,2212,2738,3164,3661,4020,4264,4553,4521,4551
818,1558,2212,2736,3163,3661,4019,4263,4552,4520,4550
817,1558,2212,2738,3164,3660,4017,4262,4552,4518,4548
817,1558,2214,2737,3165,3659,4020,4264,4552,4518,4552
817,1557,2214,2736,3164,3660,4019,4266,4551,4517,4550
817,1558,2214,2735,3163,3661,4017,4265,4548,4516,4550
818,1559,2213,2736,3162,3660,4020,4264,4550,4520,4552
818,1559,2213,2737,3164,3659,4018,4264,4549,4519,4551
817,1559,2215,2737,3164,3660,4017,4263,4547,4519,4549
818,1559,2214,2736,3164,3659,4019,4262,4545,4522,4550
818,1560,2214,2736,3163,3658,4021,4261,4548,4521,4550
818,1560,2214,2738,3163,3659,4019,4261,4549,4523,4549
818,1559,2213,2737,3164,3660,4017,4261,4548,4522,4547
818,1558,2213,2737,3166,3659,4019,4260,4546,4521,4548
818,1557,2214,2736,3166,3657,4022,4259,4548,4523,4547
819,1558,2215,2736,3165,3658,4021,4261,4546,4522,4546
818,1559,2216,2737,3166,3657,4020,4260,4544,4521,4545
818,1558,2214,2737,3168,3656,4023,4260,4547,4522,4546
817,1558,2214,2737,3169,3656,4021,4262,4548,4521,4545
817,1558,2214,2737,3170,3656,4020,4260,4546,4520,4542
817,1559,2214,2739,3169,3655,4020,4260,4545,4523,4546
817,1560,2215,2738,3168,3654,4019,4261,4547,4522,4546
817,1559,2217,2738,3166,3656,4017,4260,4548,4522,4545
817,1559,2216,2737,3168,3655,4016,4259,4546,4521,4544
817,1560,2216,2737,3170,3653,4018,4261,4545,4521,4547
818,1560,2215,2740,3171,3656,4017,4264,4547,4524,4547
818,1560,2215,2741,3171,3654,4016,4262,4548,4523,4546
818,1560,2216,2740,3170,3653,4017,4261,4546,4522,4548
818,1559,2216,2740,3170,3655,4015,4264,4544,4524,4550
818,1560,2215,2741,3170,3657,4014,4261,4548,4523,4550
818,1561,2215,2742,3170,3657,4016,4259,4548,4522,4549
818,1560,2214,2741,3172,3656,4015,4258,4546,4522,4551
819,1559,2214,2741,3171,3658,4013,4260,4544,4520,4550
819,1560,2215,2742,3169,3657,4012,4260,4547,4519,4551
819,1561,2215,2742,3168,3657,4013,4261,4545,4523,4552
819,1560,2216,2741,3168,3655,4013,4261,4544,4521,4556
819,1560,2215,2740,3169,3657,4012,4259,4547,4520,4554
819,1561,2215,2739,3172,3655,4013,4258,4548,4522,4553
818,1561,2214,2740,3171,3654,4015,4258,4548,4520,4554
819,1561,2215,2739,3170,3656,4014,4259,4546,4519,4553
819,1560,2216,2739,3169,3655,4014,4257,4549,4519,4551
819,1560,2217,2740,3169,3654,4016,4255,4549,4518,4552
819,1560,2217,2742,3170,3656,4014,4258,4548,4517,4555
819,1561,2217,2741,3172,3655,4012,4257,4547,4520,4554
820,1560,2216,2739,3171,3653,4015,4256,4550,4520,4553
820,1559,2215,2738,3170,3652,4013,4256,4548,4519,4553
820,1558,2216,2738,3171,3653,4012,4256,4546,4522,4553
820,1560,2217,2740,3172,3653,4013,4258,4545,4521,4552
821,1560,2218,2739,3173,3652,4015,4257,4548,4520,4555
821,1558,2217,2738,3172,3653,4013,4256,4548,4520,4554
821,1557,2217,2738,3172,3651,4012,4256,4547,4519,4553
821,1557,2215,2740,3171,3651,4014,4256,4545,4519,4555
820,1558,2217,2739,3173,3650,4012,4255,4547,4517,4554
820,1557,2217,2738,3174,3651,4010,4258,4547,4516,4553
820,1558,2218,2739,3175,3650,4011,4259,4545,4517,4554
820,1558,2217,2741,3174,3649,4011,4257,4543,4520,4553
821,1558,2216,2740,3173,3648,4010,4255,4546,4518,4552
821,1558,2214,2741,3174,3649,4013,4257,4545,4521,4555
822,1558,2216,2742,3176,3648,4013,4259,4543,4521,4554
822,1558,2217,2742,3176,3646,4012,4258,4543,4519,4554
821,1558,2219,2741,3174,3645,4011,4257,4543,4517,4557
821,1559,2218,2740,3173,3646,4013,4258,4543,4520,4556
820,1559,2217,2741,3174,3646,4011,4257,4541,4520,4555
821,1559,2216,2742,3175,3646,4010,4257,4539,4518,4556
821,1558,2217,2742,3178,3647,4012,4255,4540,4521,4555
820,1559,2217,2742,3177,3647,4014,4256,4539,4519,4554
820,1559,2218,2742,3175,3646,4013,4256,4538,4519,4553
820,1560,2217,2743,3175,3646,4012,4254,4541,4519,4553
821,1559,2216,2742,3175,3646,4014,4257,4539,4517,4552
821,1558,2215,2741,3176,3645,4013,4257,4537,4514,4552
820,1558,2216,2740,3178,3644,4012,4256,4540,4517,4555
821,1559,2217,2742,3176,3644,4013,4256,4538,4516,4556
821,1558,2216,2742,3175,3643,4013,4258,4536,4515,4556
822,1557,2216,2741,3173,3642,4011,4259,4534,4514,4555
821,1557,2215,2739,3174,3644,4012,4258,4534,4515,4554
821,1558,2214,2739,3175,3644,4010,4257,4534,4516,4558
821,1557,2215,2741,3178,3644,4009,4257,4536,4515,4557
821,1556,2217,2739,3177,3645,4009,4257,4535,4513,4556
820,1556,2217,2738,3176,3644,4010,4257,4533,4511,4560
820,1556,2217,2739,3175,3644,4010,4259,4535,4510,4559
819,1556,2216,2741,3175,3645,4009,4260,4533,4512,4558
820,1557,2216,2740,3176,3644,4011,4259,4531,4510,4558
820,1557,2217,2738,3176,3643,4012,4258,4532,4508,4557
819,1556,2217,2740,3175,3642,4010,4261,4531,4510,4555
819,1558,2218,2740,3175,3643,4008,4261,4529,4509,4554
819,1557,2217,2740,3176,3643,4009,4260,4533,4510,4553
819,1558,2216,2739,3177,3643,4008,4262,4532,4513,4552
820,1557,2215,2741,3174,3645,4007,4260,4532,4512,4550
819,1557,2216,2742,3173,3644,4010,4258,4529,4511,4554
819,1558,2216,2741,3173,3642,4008,4257,4528,4512,4554
820,1558,2217,2741,3175,3641,4007,4259,4531,4511,4553
820,1557,2216,2741,3176,3643,4009,4257,4529,4510,4555
819,1557,2215,2743,3175,3642,4011,4256,4527,4510,4554
818,1557,2214,2741,3174,3640,4010,4258,4530,4510,4554
817,1558,2213,2741,3172,3641,4008,4258,4530,4509,4552
818,1558,2214,2740,3173,3640,4011,4256,4529,4512,4556
818,1557,2215,2742,3174,3639,4009,4258,4529,4509,4554
819,1556,2216,2740,3174,3641,4008,4259,4531,4508,4554
818,1557,2215,2739,3173,3643,4011,4258,4530,4510,4556
818,1557,2214,2738,3173,3642,4013,4256,4528,4510,4554
819,1557,2213,2738,3174,3641,4012,4257,4526,4509,4552
818,1557,2214,2738,3175,3642,4011,4255,4524,4509,4554
819,1556,2215,2738,3175,3640,4013,4255,4527,4510,4554
819,1557,2215,2736,3175,3641,4015,4254,4526,4510,4553
819,1557,2215,2738,3174,3642,4014,4255,4525,4509,4555
818,1557,2214,2736,3175,3640,4013,4254,4525,4508,4554
819,1556,2214,2734,3177,3640,4014,4253,4525,4507,4554
820,1556,2215,2735,3175,3642,4012,4256,4523,4507,4556
819,1557,2214,2736,3174,3642,4012,4254,4526,4510,4559
820,1557,2215,2735,3173,3642,4014,4251,4525,4509,4558
820,1557,2215,2735,3174,3642,4013,4254,4524,4507,4556
821,1557,2214,2735,3174,3643,4011,4253,4525,4510,4558
821,1557,2213,2736,3173,3643,4012,4254,4528,4508,4556
820,1558,2213,2735,3172,3642,4014,4255,4528,4507,4555
821,1558,2214,2734,3172,3643,4012,4254,4527,4507,4555
821,1557,2215,2733,3173,3646,4011,4254,4529,4507,4555
822,1556,2216,2734,3175,3644,4012,4255,4527,4505,4555
821,1557,2215,2735,3175,3642,4010,4255,4526,4508,4558
821,1558,2215,2734,3174,3644,4009,4255,4528,4509,4557
821,1557,2215,2734,3173,3643,4011,4256,4526,4508,4557
821,1555,2214,2734,3173,3643,4012,4257,4523,4506,4558
821,1555,2214,2734,3175,3645,4012,4256,4527,4508,4558
821,1557,2215,2733,3174,3644,4010,4255,4526,4508,4556
820,1557,2215,2734,3173,3644,4012,4258,4525,4506,4557
822,1556,2216,2735,3171,3644,4011,4257,4527,4509,4559
822,1555,2215,2734,3172,3644,4009,4256,4525,4507,4558
821,1556,2215,2733,3173,3642,4012,4258,4524,4507,4556
820,1556,2214,2733,3175,3645,4009,4260,4524,4508,4557
820,1557,2216,2734,3173,3644,4008,4260,4523,4507,4556
820,1556,2216,2733,3173,3642,4011,4258,4521,4505,4554
820,1556,2217,2732,3173,3644,4008,4261,4523,4507,4559
820,1555,2216,2731,3175,3643,4007,4263,4523,4505,4557
820,1555,2216,2733,3175,3643,4007,4262,4522,4503,4556
820,1557,2216,2733,3174,3643,4009,4260,4525,4506,4559
819,1555,2217,2733,3173,3644,4008,4263,4523,4504,4559
820,1554,2218,2733,3175,3644,4007,4261,4522,4503,4558
821,1554,2217,2732,3175,3643,4007,4261,4524,4506,4558
821,1554,2216,2734,3176,3645,4006,4260,4522,4505,4557
820,1554,2216,2734,3175,3643,4004,4262,4520,4504,4556
820,1554,2216,2733,3174,3642,4005,4261,4522,4505,4559
820,1554,2217,2734,3174,3642,4005,4261,4522,4504,4558
821,1554,2218,2735,3175,3644,4004,4262,4522,4502,4556
821,1556,2217,2735,3176,3643,4002,4265,4520,4506,4558
821,1556,2217,2734,3178,3643,4003,4264,4519,4505,4563
820,1555,2217,2734,3177,3644,4002,4263,4520,4504,4561
821,1556,2217,2733,3176,3644,4001,4265,4521,4506,4561
820,1555,2217,2735,3174,3643,4003,4264,4519,4506,4563
819,1557,2219,2734,3175,3643,4002,4264,4522,4505,4562
819,1556,2217,2735,3177,3642,4001,4263,4519,4505,4563
819,1556,2215,2735,3179,3641,4003,4266,4519,4505,4562
820,1556,2214,2737,3176,3641,4006,4264,4521,4505,4561
819,1556,2213,2736,3175,3641,4004,4264,4520,4507,4559
819,1556,2214,2736,3176,3640,4004,4266,4518,4506,4563
819,1557,2216,2737,3177,3639,4003,4265,4519,4504,4563
819,1557,2216,2737,3178,3640,4001,4263,4519,4507,4563
820,1557,2215,2737,3178,3640,4000,4264,4518,4506,4563
819,1558,2214,2737,3177,3639,4001,4266,4521,4505,4561
820,1558,2213,2739,3177,3641,3999,4265,4518,4506,4565
819,1557,2214,2739,3179,3643,3997,4264,4518,4505,4562
819,1557,2214,2738,3179,3641,3996,4265,4520,4503,4561
820,1557,2215,2737,3180,3639,3998,4263,4518,4507,4563
819,1558,2216,2736,3179,3642,3997,4262,4517,4505,4562
820,1558,2216,2738,3178,3640,3996,4266,4518,4505,4562
820,1558,2215,2737,3176,3639,3997,4267,4517,4508,4563
821,1557,2216,2737,3178,3638,3996,4265,4517,4507,4562
821,1557,2216,2737,3178,3639,3995,4263,4519,4507,4560
821,1558,2217,2738,3177,3638,3997,4266,4517,4506,4563
821,1559,2217,2738,3175,3638,3998,4264,4516,4506,4563
821,1559,2217,2738,3175,3640,3996,4263,4519,4507,4561
822,1559,2217,2737,3175,3639,3995,4262,4518,4511,4559
821,1560,2217,2738,3178,3639,3996,4263,4515,4509,4562
821,1561,2218,2738,3176,3640,3996,4264,4516,4509,4562
820,1562,2220,2738,3175,3639,3995,4263,4516,4510,4561
820,1561,2219,2737,3174,3637,3997,4266,4516,4510,4564
821,1561,2217,2737,3176,3638,3996,4265,4513,4508,4562
820,1561,2216,2739,3176,3637,3995,4264,4511,4509,4562
820,1563,2216,2739,3176,3636,3996,4266,4510,4507,4562
820,1561,2217,2738,3174,3636,3998,4264,4513,4505,4561
819,1559,2218,2738,3173,3638,3997,4262,4512,4509,4560
820,1559,2217,2739,3175,3637,3995,4262,4515,4507,4562
819,1559,2216,2740,3176,3636,3998,4264,4514,4506,4562
819,1560,2215,2739,3175,3636,3997,4263,4515,4508,4562
818,1559,2215,2737,3175,3636,3996,4262,4513,4507,4565
819,1558,2216,2735,3173,3634,3998,4263,4516,4511,4566
819,1559,2216,2737,3174,3637,3996,4262,4514,4510,4565
819,1559,2215,2738,3176,3636,3995,4260,4513,4510,4564
820,1559,2214,2738,3174,3634,3996,4263,4515,4511,4567
820,1559,2214,2737,3174,3637,3997,4264,4515,4511,4565
821,1559,2215,2738,3173,3635,3995,4262,4513,4511,4564
820,1559,2216,2737,3174,3635,3993,4261,4512,4511,4566
820,1560,2217,2736,3174,3636,3994,4264,4514,4509,4564
820,1559,2216,2736,3173,3639,3994,4264,4513,4507,4562
820,1559,2214,2737,3171,3638,3993,4262,4513,4510,4563
821,1559,2213,2736,3172,3637,3996,4265,4512,4510,4564
821,1559,2215,2736,3174,3638,3995,4266,4511,4509,4564
820,1560,2214,2736,3176,3638,3994,4265,4510,4511,4563
819,1560,2215,2736,3176,3638,3992,4264,4513,4509,4563
819,1560,2216,2735,3175,3638,3994,4266,4512,4508,4563
819,1561,2215,2733,3176,3637,3993,4265,4511,4509,4563
819,1561,2215,2733,3177,3636,3994,4264,4510,4508,4567
818,1560,2215,2734,3178,3637,3996,4266,4512,4506,4565
818,1559,2213,2735,3177,3636,3995,4269,4511,4510,4564
817,1559,2215,2734,3176,3636,3994,4268,4509,4510,4565
818,1560,2214,2732,3175,3638,3996,4267,4512,4509,4563
817,1560,2216,2734,3176,3637,3995,4269,4509,4512,4563
817,1560,2215,2734,3177,3636,3994,4267,4510,4509,4562
817,1559,2214,2733,3176,3637,3994,4265,4510,4509,4562
817,1560,2213,2732,3176,3637,3996,4265,4509,4508,4561
817,1561,2213,2733,3175,3636,3995,4266,4508,4507,4565
817,1560,2214,2734,3176,3635,3993,4264,4507,4506,4564
818,1558,2215,2734,3177,3636,3993,4265,4509,4508,4563
817,1559,2215,2733,3176,3635,3992,4265,4506,4508,4561
817,1560,2214,2733,3175,3634,3991,4268,4504,4507,4564
817,1558,2214,2735,3174,3637,3992,4266,4506,4510,4563
818,1558,2213,2734,3176,3635,3992,4265,4505,4508,4562
818,1557,2214,2733,3176,3634,3991,4265,4504,4507,4565
819,1557,2215,2734,3175,3635,3993,4265,4507,4508,4564
819,1558,2215,2736,3173,3636,3994,4263,4505,4507,4563
818,1558,2216,2734,3172,3635,3993,4264,4508,4504,4564
819,1557,2215,2733,3174,3634,3993,4266,4509,4507,4563
819,1557,2215,2734,3175,3635,3994,4265,4508,4507,4561
818,1558,2213,2733,3175,3634,3993,4265,4506,4506,4564
818,1559,2213,2733,3173,3633,3992,4265,4507,4509,4563
817,1558,2214,2733,3172,3633,3995,4264,4507,4507,4563
818,1558,2213,2734,3173,3635,3997,4263,4506,4507,4565
818,1559,2215,2735,3174,3634,3997,4262,4510,4506,4565
817,1560,2216,2734,3173,3634,3995,4264,4508,4504,4564
816,1560,2215,2733,3172,3635,3997,4262,4507,4507,4564
815,1559,2216,2734,3172,3633,3995,4260,4509,4506,4568
816,1558,2215,2736,3173,3631,3994,4262,4508,4506,4565
816,1559,2215,2735,3173,3631,3993,4262,4507,4506,4565
816,1559,2217,2734,3174,3631,3995,4262,4508,4506,4566
815,1559,2216,2735,3173,3633,3993,4260,4507,4504,4564
816,1558,2217,2736,3172,3632,3992,4261,4507,4505,4562
816,1557,2217,2736,3171,3631,3994,4260,4510,4505,4565
816,1558,2216,2734,3173,3632,3993,4259,4508,4503,4565
816,1558,2216,2736,3173,3632,3992,4261,4507,4505,4564
816,1557,2217,2736,3172,3631,3992,4262,4509,4504,4566
816,1556,2216,2736,3171,3632,3994,4262,4508,4504,4565
817,1554,2218,2735,3170,3634,3993,4262,4507,4506,4564
818,1556,2217,2737,3171,3632,3992,4265,4508,4504,4562
817,1556,2216,2738,3173,3631,3992,4264,4507,4504,4566
816,1555,2217,2738,3172,3633,3991,4262,4510,4501,4564
817,1554,2217,2736,3171,3631,3989,4260,4510,4501,4566
817,1555,2218,2737,3169,3630,3990,4263,4509,4500,4567
818,1556,2217,2738,3168,3631,3993,4262,4509,4499,4565
817,1557,2216,2737,3170,3629,3991,4259,4508,4498,4569
816,1556,2216,2737,3172,3629,3990,4262,4506,4500,4567
816,1557,2217,2737,3171,3629,3991,4261,4504,4501,4567
815,1556,2218,2738,3170,3630,3990,4261,4503,4500,4568
816,1556,2219,2738,3168,3630,3989,4263,4501,4499,4566
815,1558,2217,2737,3169,3629,3991,4265,4500,4500,4565
815,1557,2217,2738,3170,3630,3992,4264,4504,4499,4566
814,1558,2216,2739,3171,3631,3992,4263,4503,4498,4567
814,1559,2215,2738,3172,3630,3991,4265,4502,4500,4566
815,1559,2216,2738,3171,3629,3993,4268,4504,4499,4569
814,1558,2217,2739,3169,3628,3992,4265,4504,4499,4567
814,1557,2217,2740,3168,3629,3992,4264,4503,4502,4567
813,1556,2216,2739,3170,3628,3994,4267,4503,4500,4567
814,1557,2215,2738,3171,3630,3992,4265,4503,4499,4570
814,1557,2214,2739,3173,3630,3991,4264,4501,4499,4568
814,1557,2215,2740,3172,3629,3991,4263,4504,4499,4568
813,1558,2216,2739,3172,3631,3994,4265,4504,4498,4570
814,1557,2217,2739,3171,3631,3992,4264,4504,4501,4569
815,1558,2216,2739,3172,3631,3992,4263,4506,4499,4567
815,1556,2215,2741,3174,3630,3994,4265,4505,4498,4568
815,1555,2214,2740,3173,3632,3993,4263,4504,4500,4566
816,1554,2216,2740,3172,3631,3993,4261,4504,4499,4565
815,1555,2216,2742,3171,3630,3993,4261,4503,4497,4563
816,1555,2216,2742,3171,3631,3992,4264,4502,4498,4564
816,1554,2215,2742,3172,3633,3990,4263,4504,4497,4563
815,1554,2214,2741,3173,3633,3992,4262,4505,4496,4562
816,1553,2213,2740,3173,3632,3991,4263,4504,4499,4566
815,1554,2214,2740,3173,3634,3989,4264,4506,4498,4564
815,1555,2214,2739,3172,3633,3987,4264,4505,4497,4563
815,1556,2216,2739,3172,3631,3988,4263,4504,4500,4565
815,1556,2215,2738,3174,3630,3988,4264,4506,4499,4563
816,1555,2215,2739,3173,3632,3988,4263,4503,4498,4562
815,1556,2214,2740,3172,3631,3990,4262,4500,4499,4562
816,1557,2214,2739,3172,3630,3989,4262,4500,4497,4561
816,1557,2215,2739,3174,3632,3988,4263,4501,4495,4561
816,1556,2215,2740,3175,3633,3990,4263,4499,4499,4565
817,1556,2214,2740,3173,3633,3989,4262,4498,4497,4564
817,1555,2214,2739,3171,3632,3988,4263,4499,4496,4562
817,1555,2214,2738,3170,3634,3988,4263,4499,4498,4565
817,1556,2214,2740,3171,3633,3987,4262,4499,4497,4564
817,1556,2216,2741,3173,3632,3985,4265,4501,4496,4564
817,1556,2216,2740,3175,3634,3988,4266,4499,4495,4564
818,1557,2215,2739,3174,3634,3989,4266,4498,4497,4562
818,1558,2215,2739,3174,3634,3988,4265,4501,4495,4560
817,1557,2213,2741,3173,3634,3987,4268,4499,4494,4561
817,1556,2214,2740,3174,3632,3988,4267,4498,4493,4561
816,1554,2216,2738,3176,3631,3988,4266,4496,4491,4559
816,1555,2216,2740,3175,3632,3987,4268,4496,4490,4559
816,1555,2216,2740,3174,3634,3988,4267,4495,4492,4561
817,1556,2214,2740,3174,3633,3989,4266,4498,4492,4560
816,1556,2214,2739,3174,3632,3988,4267,4496,4493,4560
815,1555,2215,2741,3175,3633,3987,4267,4496,4492,4562
815,1556,2215,2741,3174,3632,3990,4266,4498,4489,4561
815,1557,2217,2740,3174,3630,3988,4267,4497,4492,4560
815,1557,2217,2740,3176,3629,3987,4268,4495,4493,4559
815,1557,2216,2739,3177,3630,3989,4267,4497,4491,4558
814,1557,2215,2740,3178,3629,3987,4265,4496,4490,4555
814,1558,2214,2739,3177,3627,3986,4268,4495,4492,4558
813,1558,2215,2738,3176,3628,3984,4267,4498,4492,4557
814,1559,2217,2736,3175,3630,3987,4266,4496,4492,4555
815,1558,2217,2737,3177,3630,3986,4268,4495,4493,4558
814,1557,2215,2738,3178,3629,3985,4267,4498,4492,4560
814,1557,2214,2737,3178,3630,3988,4268,4497,4492,4560
814,1558,2213,2736,3177,3629,3987,4269,4496,4493,4560
815,1557,2213,2738,3176,3628,3987,4272,4498,4491,4559
815,1556,2214,2737,3176,3631,3987,4270,4496,4489,4557
815,1557,2215,2737,3177,3629,3989,4269,4494,4490,4559
815,1558,2216,2735,3179,3628,3987,4271,4497,4490,4560
816,1557,2215,2736,3180,3630,3986,4270,4495,4489,4558
816,1556,2215,2737,3178,3629,3984,4269,4494,4492,4557
816,1556,2213,2736,3177,3628,3986,4270,4498,4491,4558
816,1556,2212,2736,3176,3630,3985,4273,4496,4490,4558
816,1556,2213,2736,3177,3629,3985,4273,4495,4492,4557
817,1556,2214,2738,3179,3627,3987,4271,4497,4489,4561
816,1556,2215,2737,3179,3627,3989,4272,4495,4487,4559
817,1556,2214,2736,3180,3628,3988,4272,4493,4488,4558
818,1556,2213,2737,3179,3627,3987,4270,4496,4489,4557
818,1557,2212,2737,3179,3626,3988,4269,4494,4489,4561
818,1556,2213,2738,3180,3627,3987,4269,4492,4492,4559
819,1557,2214,2737,3182,3626,3986,4269,4495,4490,4558
819,1557,2215,2738,3181,3625,3985,4268,4494,4489,4561
818,1558,2214,2738,3180,3627,3987,4271,4493,4491,4560
818,1559,2213,2737,3178,3626,3985,4270,4494,4489,4559
818,1559,2212,2736,3179,3625,3986,4269,4493,4488,4560
818,1559,2211,2735,3180,3625,3986,4267,4492,4488,4559
819,1559,2212,2736,3181,3625,3985,4268,4495,4489,4557
818,1560,2213,2736,3181,3625,3983,4267,4494,4488,4561
817,1560,2213,2735,3181,3625,3981,4266,4493,4493,4559
818,1560,2212,2735,3179,3626,3983,4269,4495,4490,4557
818,1560,2210,2736,3179,3626,3985,4268,4495,4490,4560
817,1560,2209,2736,3180,3625,3984,4267,4495,4489,4558
816,1560,2211,2735,3182,3627,3982,4267,4496,4488,4556
816,1560,2211,2736,3182,3626,3984,4270,4495,4486,4556
816,1560,2212,2737,3182,3625,3984,4270,4492,4486,4556
816,1560,2211,2736,3181,3627,3984,4268,4494,4486,4554
817,1560,2210,2734,3181,3630,3984,4271,4493,4486,4557
816,1561,2209,2736,3183,3629,3984,4270,4491,4485,4557
815,1560,2211,2736,3184,3628,3982,4269,4494,4482,4556
815,1558,2211,2735,3183,3630,3984,4270,4496,4483,4554
816,1558,2212,2734,3182,3629,3983,4272,4496,4485,4557
815,1560,2211,2735,3184,3628,3981,4271,4497,4485,4556
814,1558,2210,2737,3184,3629,3984,4272,4496,4483,4556
813,1558,2210,2736,3183,3627,3982,4273,4494,4483,4557
813,1558,2212,2735,3183,3626,3982,4276,4493,4483,4555
814,1558,2212,2735,3182,3626,3985,4274,4493,4482,4555
813,1559,2213,2736,3183,3628,3986,4276,4492,4486,4554
813,1559,2212,2735,3186,3628,3986,4278,4490,4485,4556
813,1558,2211,2734,3184,3629,3985,4277,4491,4485,4555
813,1559,2210,2736,3183,3629,3986,4275,4491,4487,4555
813,1560,2210,2735,3182,3629,3985,4276,4490,4485,4555
814,1560,2211,2733,3182,3628,3984,4276,4493,4484,4554
813,1559,2213,2732,3184,3630,3985,4275,4492,4484,4552
812,1559,2214,2733,3183,3629,3986,4276,4492,4483,4555
812,1558,2213,2732,3182,3627,3985,4276,4494,4483,4554
813,1560,2212,2732,3180,3629,3986,4276,4492,4486,4553
813,1559,2211,2730,3182,3627,3987,4275,4491,4485,4556
813,1559,2213,2732,3184,3626,3986,4277,4492,4483,4554
813,1560,2213,2732,3182,3625,3985,4276,4491,4486,4555
814,1560,2214,2732,3180,3627,3986,4276,4491,4485,4555
815,1560,2213,2731,3183,3627,3985,4278,4494,4484,4554
814,1559,2213,2731,3183,3625,3983,4277,4492,4484,4557
815,1559,2212,2733,3183,3627,3982,4277,4491,4483,4558
816,1559,2212,2732,3182,3627,3982,4277,4493,4481,4558
817,1560,2213,2732,3181,3626,3982,4279,4495,4485,4556
816,1559,2214,2733,3183,3625,3981,4277,4494,4484,4560
816,1558,2214,2734,3184,3627,3983,4277,4493,4483,4558
815,1560,2213,2733,3183,3625,3983,4278,4495,4486,4557
816,1559,2212,2733,3182,3624,3982,4281,4495,4484,4558
816,1559,2212,2733,3180,3623,3980,4280,4494,4485,4562
815,1559,2212,2734,3181,3626,3981,4279,4494,4483,4559
817,1558,2214,2733,3181,3625,3981,4281,4493,4481,4560
816,1560,2214,2732,3182,3624,3980,4281,4491,4483,4561
816,1560,2214,2732,3182,3626,3982,4281,4493,4484,4559
816,1559,2213,2733,3182,3625,3982,4282,4492,4483,4562
816,1559,2214,2732,3184,3623,3981,4284,4490,4482,4560
816,1560,2216,2731,3183,3625,3980,4283,4488,4483,4560
816,1561,2215,2730,3182,3626,3983,4283,4491,4482,4561
816,1560,2215,2731,3181,3626,3982,4283,4491,4480,4560
817,1559,2214,2731,3183,3625,3981,4282,4489,4483,4558
817,1558,2214,2731,3183,3627,3984,4282,4492,4484,4558
817,1559,2214,2729,3181,3626,3983,4285,4490,4483,4559
817,1559,2215,2728,3180,3625,3982,4284,4489,4482,4557
817,1559,2215,2728,3181,3626,3982,4282,4489,4486,4554
816,1559,2216,2727,3183,3626,3982,4281,4488,4484,4555
817,1559,2215,2725,3184,3625,3981,4282,4487,4483,4555
817,1559,2215,2723,3183,3626,3982,4282,4490,4484,4553
817,1559,2214,2725,3182,3626,3982,4280,4489,4482,4557
818,1558,2214,2727,3181,3625,3983,4283,4488,4480,4556
818,1559,2214,2726,3182,3625,3984,4282,4491,4481,4556
818,1559,2216,2726,3184,3625,3983,4281,4490,4482,4555
818,1559,2215,2727,3183,3624,3982,4283,4490,4482,4552
819,1559,2215,2728,3182,3623,3982,4287,4491,4482,4556
817,1558,2213,2727,3180,3626,3985,4285,4489,4482,4553
816,1558,2213,2726,3183,3627,3982,4284,4487,4481,4552
816,1559,2214,2728,3182,3627,3981,4283,4489,4479,4554
816,1558,2215,2728,3181,3626,3983,4287,4488,4482,4558
817,1557,2216,2728,3179,3627,3981,4285,4487,4481,4556
817,1557,2216,2727,3179,3629,3982,4284,4489,4479,4555
816,1557,2215,2727,3180,3628,3982,4287,4490,4477,4556
815,1558,2214,2729,3182,3626,3985,4290,4489,4480,4555
816,1557,2213,2727,3183,3627,3984,4289,4487,4480,4553
816,1556,2213,2726,3182,3626,3983,4288,4490,4479,4553
816,1557,2214,2725,3181,3625,3984,4290,4488,4481,4552
816,1559,2214,2727,3181,3627,3983,4291,4487,4483,4551
817,1558,2214,2728,3183,3629,3981,4290,4486,4482,4555
817,1559,2213,2727,3182,3628,3980,4289,4490,4481,4554
817,1559,2212,2726,3181,3627,3982,4287,4489,4483,4553
817,1559,2214,2726,3180,3628,3981,4288,4487,4484,4555
818,1559,2215,2728,3182,3627,3981,4290,4490,4484,4553
818,1559,2216,2727,3182,3625,3981,4290,4487,4483,4552
819,1560,2215,2726,3182,3628,3980,4290,4487,4486,4552
818,1559,2215,2727,3181,3628,3979,4290,4486,4486,4551
819,1560,2214,2728,3180,3627,3978,4293,4485,4486,4549
819,1560,2216,2727,3180,3627,3980,4292,4485,4485,4553
820,1560,2216,2726,3182,3629,3979,4291,4487,4483,4551
821,1561,2217,2724,3181,3628,3978,4289,4486,4481,4550
820,1560,2217,2725,3180,3628,3978,4291,4485,4481,4552
820,1562,2216,2727,3179,3630,3978,4292,4487,4480,4550
818,1561,2215,2726,3181,3629,3979,4292,4486,4479,4549
818,1561,2217,2725,3182,3628,3980,4292,4485,4478,4549
818,1560,2217,2725,3180,3630,3980,4291,4486,4479,4548
818,1560,2217,2727,3179,3629,3980,4292,4484,4478,4546
819,1561,2218,2726,3178,3627,3981,4295,4483,4477,4551
819,1561,2217,2725,3180,3628,3980,4294,4487,4480,4550
819,1561,2217,2724,3182,3629,3978,4293,4486,4478,4549
818,1561,2217,2726,3182,3628,3977,4293,4485,4476,4547
818,1561,2218,2725,3181,3628,3979,4296,4487,4479,4550
818,1562,2219,2725,3183,3630,3977,4295,4486,4478,4549
818,1561,2220,2724,3184,3629,3977,4296,4486,4478,4547
818,1562,2219,2724,3183,3628,3978,4297,4486,4478,4545
818,1562,2218,2723,3182,3629,3977,4300,4484,4477,4546
819,1563,2217,2722,3182,3628,3977,4299,4483,4474,4546
818,1563,2219,2722,3181,3627,3975,4297,4483,4474,4545
817,1563,2219,2723,3183,3630,3977,4299,4484,4473,4548
818,1563,2220,2725,3182,3629,3976,4302,4482,4470,4548
818,1564,2219,2724,3182,3627,3975,4300,4481,4469,4548
819,1563,2218,2723,3181,3625,3973,4299,4482,4471,4546
818,1562,2218,2724,3184,3627,3975,4297,4483,4471,4549
818,1562,2219,2725,3184,3629,3974,4300,4482,4470,4549
818,1562,2219,2724,3186,3628,3974,4299,4480,4473,4548
818,1562,2220,2724,3185,3627,3973,4299,4482,4471,4547
818,1562,2219,2724,3184,3628,3976,4298,4481,4470,4551
818,1561,2218,2724,3185,3627,3974,4300,4480,4471,4552
819,1560,2217,2723,3187,3627,3973,4299,4483,4469,4550
820,1561,2218,2721,3186,3628,3975,4297,4482,4467,4548
818,1561,2218,2720,3184,3628,3973,4294,4481,4468,4551
819,1561,2219,2721,3182,3627,3972,4295,4480,4469,4550
819,1560,2219,2722,3183,3630,3970,4297,4482,4468,4549
819,1561,2218,2722,3184,3628,3973,4297,4481,4472,4551
820,1561,2217,2723,3184,3627,3972,4297,4479,4470,4550
819,1560,2217,2724,3185,3627,3972,4298,4478,4470,4550
820,1560,2218,2725,3184,3629,3973,4300,4480,4472,4551
819,1560,2218,2724,3186,3628,3972,4298,4480,4470,4550
818,1560,2217,2722,3187,3627,3970,4298,4478,4469,4548
817,1561,2217,2723,3186,3629,3969,4298,4476,4470,4552
817,1561,2217,2724,3185,3631,3971,4301,4475,4469,4551
818,1561,2218,2724,3184,3631,3970,4299,4475,4469,4549
817,1562,2219,2724,3185,3629,3969,4299,4475,4471,4551
818,1562,2219,2723,3187,3632,3969,4301,4474,4469,4550
818,1562,2218,2724,3187,3632,3971,4302,4472,4468,4551
819,1561,2217,2723,3186,3632,3970,4304,4475,4470,4550
819,1561,2217,2722,3185,3632,3969,4304,4475,4469,4550
818,1562,2218,2721,3186,3634,3970,4303,4474,4466,4549
818,1562,2219,2723,3187,3634,3972,4306,4477,4465,4552
819,1562,2218,2724,3187,3633,3971,4304,4476,4468,4551
820,1560,2218,2724,3186,3635,3970,4303,4476,4467,4550
819,1561,2218,2723,3186,3634,3971,4305,4476,4466,4552
820,1562,2218,2723,3185,3633,3973,4308,4474,4466,4551
821,1561,2220,2725,3186,3634,3971,4308,4472,4466,4552
820,1559,2220,2724,3186,3635,3970,4306,4474,4465,4550
821,1560,2219,2723,3185,3635,3973,4309,4474,4467,4549
821,1561,2218,2723,3184,3633,3972,4307,4472,4466,4551
821,1561,2218,2725,3184,3636,3971,4307,4476,4464,4550
819,1561,2218,2724,3186,3636,3972,4305,4474,4467,4548
820,1560,2220,2724,3185,3634,3974,4307,4473,4466,4548
821,1561,2219,2722,3185,3633,3973,4306,4475,4465,4547
820,1561,2218,2722,3183,3636,3972,4306,4472,4466,4545
820,1561,2217,2721,3186,3634,3973,4306,4471,4465,4545
820,1561,2217,2720,3187,3634,3971,4309,4472,4463,4546
819,1560,2218,2719,3186,3635,3969,4307,4474,4466,4545
820,1561,2218,2720,3185,3634,3968,4306,4474,4464,4543
820,1562,2219,2722,3185,3633,3971,4308,4477,4463,4546
820,1562,2219,2721,3186,3634,3973,4312,4478,4465,4545
820,1562,2218,2720,3188,3636,3972,4309,4476,4464,4544
820,1561,2217,2719,3187,3635,3970,4307,4475,4465,4547
820,1563,2219,2720,3185,3635,3973,4309,4478,4465,4545
820,1562,2218,2721,3184,3636,3971,4312,4476,4464,4544
819,1562,2220,2723,3185,3635,3970,4312,4475,4462,4545
819,1561,2220,2721,3186,3634,3970,4311,4478,4464,4548
820,1561,2219,2720,3186,3633,3971,4314,4481,4464,4546
820,1562,2218,2721,3185,3634,3970,4314,4479,4462,4545
819,1562,2218,2722,3186,3633,3970,4314,4477,4465,4547
819,1561,2220,2720,3188,3631,3972,4313,4479,4463,4545
819,1560,2220,2719,3186,3632,3972,4315,4478,4463,4543
819,1561,2221,2718,3185,3631,3970,4315,4477,4465,4541
819,1560,2220,2720,3184,3631,3971,4314,4478,4464,4544
818,1560,2218,2722,3185,3631,3973,4314,4480,4463,4542
817,1559,2219,2720,3186,3631,3972,4316,4478,4464,4540
817,1559,2220,2719,3185,3631,3971,4316,4479,4463,4540
817,1560,2219,2721,3183,3630,3970,4315,4480,4461,4539
817,1559,2218,2722,3182,3629,3972,4316,4478,4464,4539
818,1558,2218,2721,3184,3631,3972,4320,4475,4462,4538
819,1559,2219,2720,3185,3630,3973,4318,4474,4462,4536
818,1559,2220,2720,3187,3629,3973,4316,4476,4464,4537
819,1559,2221,2720,3186,3628,3972,4317,4475,4463,4537
818,1559,2220,2721,3185,3628,3970,4320,4474,4461,4537
818,1559,2219,2721,3186,3627,3970,4320,4472,4463,4540
819,1559,2218,2721,3187,3630,3971,4318,4472,4465,4538
819,1560,2218,2722,3188,3631,3973,4316,4474,4462,4537
820,1560,2219,2723,3188,3630,3972,4317,4473,4460,4539
819,1560,2219,2723,3187,3629,3972,4317,4471,4461,4538
819,1561,2221,2723,3188,3630,3974,4316,4473,4459,4536
819,1561,2220,2722,3189,3630,3973,4315,4472,4459,4536
820,1561,2219,2722,3190,3629,3973,4315,4471,4461,4536
820,1561,2218,2723,3189,3632,3975,4317,4473,4460,4535
819,1560,2220,2722,3189,3630,3977,4316,4474,4459,4538
818,1562,2220,2721,3189,3629,3975,4315,4473,4458,4537
818,1561,2221,2722,3191,3631,3975,4316,4476,4461,4536
819,1561,2220,2723,3191,3633,3976,4318,4475,4459,4536
818,1560,2220,2723,3192,3634,3976,4317,4474,4457,4533
817,1561,2220,2722,3192,3633,3974,4316,4473,4460,4531
816,1561,2222,2720,3191,3635,3972,4315,4475,4459,4531
816,1562,2222,2721,3193,3634,3975,4318,4473,4458,4531
818,1563,2221,2720,3194,3633,3974,4315,4471,4459,4530
816,1562,2221,2719,3193,3635,3973,4314,4472,4458,4529
816,1563,2220,2719,3192,3637,3972,4316,4472,4456,4528
816,1563,2221,2720,3190,3636,3975,4319,4471,4460,4529
815,1562,2221,2722,3192,3635,3973,4318,4475,4458,4528
817,1561,2222,2721,3193,3638,3974,4317,4473,4457,4527
816,1561,2221,2719,3195,3639,3974,4320,4473,4459,4530
816,1562,2221,2721,3194,3639,3973,4321,4474,4458,4529
816,1562,2220,2721,3193,3638,3971,4320,4477,4462,4529
816,1562,2219,2721,3196,3641,3973,4318,4475,4462,4530
817,1562,2219,2720,3196,3640,3975,4316,4474,4462,4530
817,1562,2220,2719,3197,3639,3974,4318,4473,4464,4529
816,1563,2220,2720,3198,3640,3974,4317,4471,4463,4530
815,1563,2219,2721,3197,3640,3973,4316,4470,4462,4529
816,1563,2217,2720,3196,3640,3975,4316,4468,4462,4528
816,1563,2216,2719,3195,3641,3974,4316,4470,4460,4532
816,1563,2218,2718,3195,3639,3974,4317,4469,4458,4530
816,1563,2219,2719,3197,3638,3975,4316,4469,4461,4531
815,1562,2219,2721,3197,3637,3977,4318,4470,4460,4531
816,1561,2218,2719,3196,3640,3976,4319,4469,4460,4531
816,1561,2217,2719,3196,3639,3976,4317,4467,4462,4530
816,1562,2217,2719,3197,3637,3978,4315,4470,4460,4529
815,1562,2217,2720,3198,3639,3977,4319,4469,4459,4529
814,1562,2218,2720,3197,3637,3976,4319,4468,4458,4531
815,1562,2220,2720,3195,3635,3976,4318,4471,4457,4529
815,1563,2218,2719,3193,3638,3976,4316,4470,4459,4528
815,1562,2218,2721,3194,3637,3975,4318,4469,4458,4525
814,1562,2218,2721,3195,3636,3977,4319,4471,4458,4525
814,1560,2220,2720,3194,3635,3978,4317,4474,4457,4527
815,1561,2220,2718,3194,3636,3976,4315,4472,4456,4526
815,1561,2219,2718,3193,3637,3976,4316,4470,4455,4525
815,1561,2218,2719,3195,3637,3978,4319,4473,4458,4525
815,1560,2216,2719,3197,3639,3978,4318,4472,4456,4525
815,1560,2218,2720,3195,3640,3979,4317,4472,4454,4525
816,1560,2219,2719,3195,3639,3980,4317,4473,4457,4528
815,1559,2219,2722,3194,3638,3979,4319,4472,4456,4526
816,1559,2219,2721,3195,3641,3978,4317,4471,4457,4525
816,1558,2219,2721,3197,3640,3978,4315,4474,4458,4527
816,1557,2217,2720,3195,3639,3980,4316,4472,4456,4526
817,1558,2219,2721,3194,3641,3978,4315,4471,4454,4525
817,1559,2219,2722,3193,3640,3977,4314,4474,4456,4523
818,1558,2221,2720,3193,3640,3978,4315,4473,4454,4523
818,1558,2221,2718,3194,3639,3979,4315,4472,4453,4523
818,1558,2220,2718,3194,3642,3978,4315,4473,4455,4522
818,1559,2220,2719,3194,3641,3979,4313,4472,4454,4520
818,1559,2219,2720,3194,3641,3981,4312,4470,4454,4521
819,1559,2220,2718,3195,3642,3980,4313,4473,4455,4521
819,1558,2221,2717,3196,3641,3980,4315,4474,4454,4520
820,1558,2221,2718,3195,3641,3981,4313,4473,4453,4524
820,1559,2220,2720,3193,3641,3979,4313,4472,4454,4523
820,1559,2219,2719,3195,3643,3978,4315,4475,4454,4524
821,1558,2218,2717,3196,3642,3979,4317,4474,4452,4524
821,1559,2219,2716,3198,3642,3981,4317,4473,4456,4523
821,1560,2220,2718,3196,3644,3981,4316,4475,4454,4526
821,1559,2221,2718,3195,3644,3980,4313,4474,4454,4525
821,1560,2221,2718,3193,3643,3981,4315,4474,4456,4525
821,1560,2219,2718,3194,3644,3983,4317,4474,4455,4526
820,1560,2218,2719,3195,3645,3981,4315,4477,4454,4526
820,1561,2220,2719,3198,3644,3980,4312,4475,4454,4524
821,1559,2219,2718,3197,3644,3980,4310,4476,4453,4523
821,1559,2221,2716,3196,3645,3979,4312,4477,4452,4522
821,1559,2220,2717,3195,3643,3978,4311,4476,4454,4522
821,1560,2219,2718,3196,3641,3979,4309,4475,4453,4526
821,1560,2218,2717,3195,3642,3980,4308,4476,4453,4524
821,1559,2219,2717,3193,3644,3980,4310,4476,4455,4526
821,1559,2219,2719,3192,3644,3979,4312,4475,4459,4526
822,1559,2220,2720,3192,3644,3980,4311,4477,4457,4525
822,1560,2220,2719,3193,3645,3979,4309,4476,4458,4529
822,1560,2220,2719,3192,3644,3978,4312,4476,4457,4526
822,1559,2219,2719,3191,3643,3981,4314,4478,4456,4526
823,1559,2219,2719,3190,3645,3980,4313,4477,4455,4527
822,1559,2220,2718,3189,3646,3980,4311,4476,4454,4525
821,1560,2221,2716,3189,3645,3980,4313,4478,4454,4523
823,1560,2222,2715,3191,3643,3982,4314,4480,4455,4524
822,1561,2221,2716,3190,3644,3982,4312,4479,4459,4524
822,1561,2221,2714,3189,3644,3981,4311,4477,4459,4523
822,1562,2221,2714,3188,3644,3984,4313,4478,4458,4526
822,1561,2222,2712,3191,3647,3982,4313,4478,4457,4524
821,1560,2222,2714,3191,3647,3981,4312,4478,4456,4524
820,1560,2221,2713,3192,3646,3983,4311,4481,4455,4525
819,1560,2220,2713,3191,3645,3986,4314,4481,4456,4523
820,1561,2219,2711,3190,3647,3984,4315,4481,4455,4521
820,1561,2220,2714,3191,3648,3983,4313,4480,4457,4522
820,1560,2221,2714,3194,3647,3985,4311,4483,4456,4522
820,1561,2221,2713,3194,3647,3985,4313,4481,4455,4521
820,1560,2220,2712,3193,3648,3985,4313,4480,4456,4525
820,1562,2220,2713,3192,3649,3986,4311,4482,4455,4523
819,1561,2220,2714,3193,3648,3985,4310,4482,4454,4523
819,1561,2221,2713,3194,3648,3984,4310,4482,4454,4524
820,1561,2222,2712,3193,3650,3983,4310,4483,4454,4523
820,1562,2223,2712,3193,3649,3984,4309,4482,4453,4527
821,1561,2222,2713,3193,3648,3983,4311,4481,4450,4525
821,1560,2221,2713,3195,3647,3982,4312,4480,4453,4524
822,1561,2220,2712,3195,3649,3982,4311,4481,4453,4527
822,1562,2222,2713,3194,3651,3984,4310,4480,4452,4526
821,1562,2223,2715,3194,3649,3984,4311,4478,4455,4529
820,1562,2224,2714,3197,3647,3983,4312,4481,4452,4527
819,1562,2223,2712,3197,3649,3984,4310,4482,4451,4526
818,1564,2222,2714,3199,3650,3983,4308,4481,4453,4527
819,1563,2222,2714,3198,3650,3982,4312,4479,4450,4526
818,1563,2223,2714,3197,3650,3985,4312,4480,4448,4524
819,1563,2224,2713,3195,3651,3983,4311,4480,4450,4526
818,1562,2223,2714,3197,3653,3982,4309,4479,4449,4526
818,1563,2222,2715,3198,3652,3984,4310,4482,4448,4527
819,1563,2221,2714,3197,3651,3983,4312,4480,4450,4527
818,1563,2220,2712,3195,3653,3984,4309,4480,4450,4525
0,1563,2220,2713,3195,3652,3983,4307,4483,4449,4527
0,1563,2221,2714,3196,3652,3986,4306,4481,4451,4526
0,1565,2220,2713,3197,3651,3985,4308,4479,4450,4524
0,1563,0,2713,3198,3652,3984,4307,4478,4448,4529
0,1563,0,2715,0,3652,3986,4307,4480,4449,4526
0,1562,0,2716,0,3652,3985,4308,4480,4449,4525
0,1563,0,2716,0,3655,3983,4310,4479,4449,4527
0,1562,0,0,0,3654,3984,4308,4479,4452,4526
0,0,0,0,0,3653,3983,0,4479,4450,4529
0,0,0,0,0,3655,3982,0,4478,4450,4528
0,0,0,0,0,3657,0,0,4482,4452,4528
0,0,0,0,0,3656,0,0,4480,0,4528
0,0,0,0,0,3655,0,0,4479,0,0
