0.037876
0.031536
-0.00088299
-0.048026
-0.044311
-0.013448
0.008212
-0.020329
-0.073918
-0.083017
-0.064173
-0.038092
-0.046213
-0.087712
-0.10507
-0.097956
-0.089636
-0.081554
-0.10854
-0.11725
-0.13263
-0.13583
-0.14619
-0.13784
-0.13071
-0.14254
-0.16671
-0.19098
-0.18735
-0.15894
-0.16781
-0.19999
-0.23898
-0.24623
-0.20212
-0.19483
-0.22497
-0.28066
-0.29219
-0.26488
-0.2347
-0.25363
-0.30481
-0.33525
-0.31859
-0.29813
-0.29981
-0.34762
-0.37451
-0.37831
-0.3789
-0.37446
-0.40102
-0.42242
-0.44144
-0.44631
-0.45753
-0.46082
-0.46108
-0.46832
-0.49198
-0.50979
-0.52009
-0.4899
-0.49183
-0.51454
-0.54915
-0.56773
-0.53482
-0.50809
-0.52323
-0.57106
-0.59526
-0.57001
-0.53238
-0.53266
-0.57389
-0.61847
-0.60618
-0.58769
-0.56418
-0.60172
-0.63684
-0.63962
-0.63061
-0.62224
-0.63085
-0.65489
-0.66436
-0.67131
-0.67428
-0.6793
-0.67977
-0.67986
-0.70295
-0.72263
-0.74352
-0.7169
-0.70456
-0.72425
-0.76377
-0.78876
-0.77188
-0.73283
-0.74476
-0.78718
-0.83665
-0.8269
-0.78922
-0.77351
-0.80913
-0.85794
-0.85893
-0.84198
-0.81873
-0.83875
-0.88079
-0.89576
-0.88539
-0.87752
-0.87312
-0.90134
-0.90591
-0.91808
-0.91936
-0.92797
-0.925
-0.92554
-0.93999
-0.95665
-0.97529
-0.97037
-0.94406
-0.95249
-0.98428
-1.016
-1.0218
-0.98392
-0.98181
-1.0091
-1.0621
-1.0726
-1.0464
-1.0164
-1.0352
-1.0869
-1.1141
-1.0957
-1.0745
-1.0684
-1.1143
-1.1456
-1.1438
-1.1374
-1.1287
-1.1528
-1.1739
-1.1909
-1.2005
-1.2146
-1.2188
-1.2237
-1.236
-1.2667
-1.2863
-1.3
-1.269
-1.2724
-1.2997
-1.3424
-1.3614
-1.328
-1.3019
-1.3252
-1.3759
-1.41
-1.3887
-1.3487
-1.3444
-1.3842
-1.4269
-1.409
-1.3831
-1.3609
-1.3744
-1.4032
-1.4072
-1.3933
-1.3834
-1.3882
-1.4163
-1.4259
-1.4363
-1.4396
-1.4449
-1.4465
-1.4502
-1.4717
-1.4877
-1.5069
-1.4887
-1.4722
-1.4885
-1.5268
-1.5549
-1.5522
-1.5123
-1.5172
-1.5512
-1.6031
-1.6018
-1.5705
-1.5445
-1.5704
-1.6232
-1.6413
-1.622
-1.598
-1.5998
-1.6471
-1.6699
-1.6632
-1.6548
-1.6419
-1.6659
-1.68
-1.6954
-1.697
-1.7049
-1.7014
-1.6993
-1.7073
-1.7315
-1.7444
-1.7506
-1.7169
-1.724
-1.7537
-1.7921
-1.8068
-1.7685
-1.7487
-1.7715
-1.8242
-1.8504
-1.8262
-1.7852
-1.79
-1.8386
-1.8846
-1.8706
-1.8493
-1.8316
-1.8685
-1.9067
-1.9134
-1.9022
-1.8914
-1.8969
-1.9256
-1.9362
-1.9483
-1.9546
-1.9621
-1.9647
-1.9719
-1.9983
-2.0174
-2.0397
-2.0277
-2.0193
-2.0422
-2.0869
-2.1204
-2.1181
-2.0779
-2.0858
-2.1232
-2.174
-2.1719
-2.1419
-2.1189
-2.1466
-2.203
-2.2212
-2.1979
-2.1722
-2.1725
-2.2163
-2.2344
-2.2253
-2.2119
-2.1943
-2.2147
-2.2257
-2.2362
-2.2384
-2.2479
-2.2453
-2.2424
-2.2521
-2.2767
-2.2919
-2.301
-2.2696
-2.2762
-2.3068
-2.3455
-2.36
-2.3246
-2.3023
-2.3273
-2.3779
-2.4083
-2.3843
-2.3461
-2.3493
-2.3949
-2.4408
-2.4279
-2.4079
-2.3873
-2.4209
-2.4599
-2.468
-2.456
-2.4472
-2.4485
-2.4783
-2.4889
-2.5003
-2.5
-2.5065
-2.5055
-2.5092
-2.5295
-2.5454
-2.5619
-2.5463
-2.5262
-2.5417
-2.5758
-2.6031
-2.6023
-2.5613
-2.5642
-2.5968
-2.6479
-2.6503
-2.6201
-2.5924
-2.6152
-2.6664
-2.6899
-2.6674
-2.6422
-2.6353
-2.6811
-2.7091
-2.7041
-2.6953
-2.6845
-2.707
-2.7267
-2.739
-2.7405
-2.7452
-2.7456
-2.7505
-2.7589
-2.7845
-2.7999
-2.8186
-2.791
-2.792
-2.8235
-2.8653
-2.8854
-2.8635
-2.8393
-2.866
-2.9199
-2.9686
-2.9567
-2.9206
-2.9146
-2.9578
-3.0091
-3.0057
-2.9874
-2.9648
-2.9881
-3.0334
-3.0489
-3.0365
-3.0252
-3.022
-3.0531
-3.0588
-3.0672
-3.0615
-3.063
-3.0568
-3.0558
-3.069
-3.0877
-3.1007
-3.0996
-3.0718
-3.0808
-3.112
-3.1453
-3.1558
-3.1172
-3.11
-3.1379
-3.1878
-3.2042
-3.181
-3.1478
-3.1601
-3.2104
-3.2504
-3.2288
-3.2077
-3.191
-3.2341
-3.2714
-3.2732
-3.2599
-3.2475
-3.2582
-3.2877
-3.2976
-3.3025
-3.3037
-3.3086
-3.3089
-3.3115
-3.3346
-3.3496
-3.3689
-3.3468
-3.3338
-3.3532
-3.3882
-3.4132
-3.4017
-3.3589
-3.3668
-3.4077
-3.4489
-3.4366
-3.4025
-3.378
-3.4096
-3.4617
-3.4744
-3.4506
-3.4253
-3.4291
-3.4793
-3.5025
-3.496
-3.4854
-3.475
-3.4981
-3.5162
-3.531
-3.5327
-3.5382
-3.5407
-3.5451
-3.5565
-3.5822
-3.5952
-3.6076
-3.5772
-3.5806
-3.6057
-3.6427
-3.663
-3.6414
-3.6177
-3.6421
-3.6911
-3.731
-3.717
-3.6871
-3.6867
-3.7354
-3.7947
-3.7953
-3.7785
-3.7554
-3.7822
-3.8304
-3.8453
-3.833
-3.8255
-3.8609
-3.8883
-3.8656
-3.8299
-3.8305
-3.8694
-3.8909
-3.8625
-3.8195
-3.8274
-3.856
-3.8765
-3.8372
-3.8029
-3.8138
-3.8517
-3.8641
-3.8305
-3.795
-3.8168
-3.8554
-3.8705
-3.8305
-3.8011
-3.8207
-3.8606
-3.8763
-3.8308
-3.8141
-3.8272
-3.8594
-3.8645
-3.8311
-3.8107
-3.844
-3.8584
-3.8596
-3.8147
-3.8116
-3.8411
-3.8769
-3.8597
-3.8143
-3.8049
-3.8334
-3.8712
-3.8575
-3.7928
-3.7829
-3.8143
-3.8386
-3.8394
-3.7748
-3.761
-3.7746
-3.8196
-3.8107
-3.7785
-3.7498
-3.7663
-3.7956
-3.8014
-3.7652
-3.7735
-3.7649
-3.7884
-3.7823
-3.7594
-3.7797
-3.7941
-3.7995
-3.7754
-3.7579
-3.7822
-3.8227
-3.825
-3.7875
-3.7493
-3.7869
-3.8164
-3.8565
-3.794
-3.7572
-3.7774
-3.8238
-3.8509
-3.8249
-3.7667
-3.7778
-3.8165
-3.8609
-3.8441
-3.8091
-3.7962
-3.8131
-3.8498
-3.8365
-3.8453
-3.8396
-3.8408
-3.8575
-3.8594
-3.8729
-3.907
-3.8885
-3.8762
-3.8435
-3.869
-3.9087
-3.9305
-3.8956
-3.8519
-3.8657
-3.906
-3.9397
-3.9253
-3.8501
-3.8385
-3.8705
-3.9054
-3.9192
-3.8584
-3.827
-3.8346
-3.8785
-3.9002
-3.8837
-3.8493
-3.8321
-3.8589
-3.8911
-3.8868
-3.8916
-3.8603
-3.8574
-3.8694
-3.8761
-3.9014
-3.8948
-3.8662
-3.849
-3.8446
-3.8787
-3.9073
-3.8986
-3.8466
-3.8222
-3.8586
-3.8984
-3.9196
-3.8715
-3.8169
-3.8308
-3.869
-3.9072
-3.8894
-3.8264
-3.8022
-3.822
-3.8595
-3.8717
-3.8398
-3.7939
-3.7758
-3.8041
-3.8276
-3.8372
-3.813
-3.7731
-3.7718
-3.7887
-3.8222
-3.8342
-3.7983
-3.7524
-3.7525
-3.783
-3.8282
-3.8314
-3.7981
-3.7558
-3.7793
-3.8261
-3.8631
-3.8643
-3.8239
-3.8016
-3.8314
-3.8744
-3.8974
-3.8706
-3.8228
-3.8176
-3.8461
-3.8894
-3.8942
-3.8657
-3.815
-3.8205
-3.8547
-3.9038
-3.8957
-3.8611
-3.8164
-3.8382
-3.8775
-3.9171
-3.9037
-3.8634
-3.8374
-3.8723
-3.9195
-3.9534
-3.9324
-3.8863
-3.8741
-3.8983
-3.9464
-3.959
-3.9305
-3.8875
-3.8879
-3.9179
-3.9656
-3.9648
-3.9374
-3.8813
-3.8886
-3.9164
-3.9622
-3.9524
-3.9039
-3.8533
-3.87
-3.9138
-3.9618
-3.9323
-3.8815
-3.847
-3.8822
-3.9444
-3.9563
-3.9233
-3.8616
-3.8591
-3.9024
-3.9572
-3.9547
-3.9122
-3.8684
-3.8855
-3.9171
-3.9591
-3.9308
-3.905
-3.8704
-3.8817
-3.9175
-3.9485
-3.9385
-3.9089
-3.8654
-3.8793
-3.9135
-3.9516
-3.9287
-3.8695
-3.8357
-3.8499
-3.9154
-3.9249
-3.877
-3.8089
-3.7911
-3.8414
-3.8988
-3.8792
-3.8308
-3.7718
-3.8046
-3.8489
-3.8813
-3.852
-3.8046
-3.7849
-3.8094
-3.8457
-3.8678
-3.8348
-3.8266
-3.8062
-3.8251
-3.8696
-3.8849
-3.8892
-3.8483
-3.8219
-3.8378
-3.8848
-3.9203
-3.8915
-3.8335
-3.8176
-3.8536
-3.9348
-3.9185
-3.8686
-3.8122
-3.8248
-3.9066
-3.9442
-3.9094
-3.8524
-3.8205
-3.8814
-3.9356
-3.9493
-3.9085
-3.8788
-3.8992
-3.9294
-3.9715
-3.9635
-3.9405
-3.9351
-3.9206
-3.9413
-3.9698
-3.9716
-3.9743
-3.9297
-3.9154
-3.9355
-3.9855
-4.005
-3.9606
-3.9119
-3.8962
-3.9543
-4.0169
-3.98
-3.9166
-3.8646
-3.8977
-3.9794
-3.9819
-3.9356
-3.8757
-3.8757
-3.9415
-3.9782
-3.9616
-3.9066
-3.8931
-3.9174
-3.9455
-3.9685
-3.9407
-3.9285
-3.9296
-3.918
-3.9465
-3.9568
-3.9649
-3.9593
-3.9176
-3.9063
-3.9373
-3.9857
-3.9919
-3.935
-3.8869
-3.8824
-3.9577
-3.9948
-3.9431
-3.8806
-3.8462
-3.91
-3.9708
-3.9453
-3.8779
-3.821
-3.8396
-3.906
-3.9217
-3.8858
-3.8348
-3.8458
-3.8671
-3.8946
-3.8892
-3.8557
-3.8566
-3.8608
-3.8525
-3.8704
-3.8724
-3.8902
-3.8831
-3.8509
-3.8518
-3.8869
-3.9352
-3.9316
-3.8867
-3.8441
-3.8654
-3.9365
-3.9549
-3.9011
-3.8493
-3.826
-3.9097
-3.9526
-3.9231
-3.8591
-3.8343
-3.8746
-3.9411
-3.9374
-3.891
-3.852
-3.8837
-3.9123
-3.9375
-3.9193
-3.8967
-3.9182
-3.9233
-3.9301
-3.9457
-3.9565
-3.9742
-3.9679
-3.9256
-3.9295
-3.9663
-4.0148
-3.9936
-3.9491
-3.9049
-3.953
-4.0186
-4.023
-3.9603
-3.9113
-3.9155
-4.0027
-4.02
-3.97
-3.9086
-3.9069
-3.9527
-4.0048
-3.9835
-3.9344
-3.9233
-3.9534
-3.9819
-3.9857
-3.9572
-3.9449
-3.9679
-3.961
-3.9621
-3.96
-3.9768
-3.9851
-3.978
-3.9374
-3.9462
-3.9754
-4.0115
-3.9852
-3.9441
-3.9097
-3.9676
-4.0173
-4.0133
-3.9497
-3.9092
-3.9276
-3.9991
-4.0031
-3.9481
-3.8958
-3.8984
-3.9491
-3.975
-3.9335
-3.8738
-3.8764
-3.899
-3.9248
-3.9024
-3.8757
-3.8724
-3.9036
-3.8908
-3.8857
-3.8712
-3.8929
-3.9008
-3.8907
-3.8439
-3.8588
-3.8976
-3.934
-3.9082
-3.8641
-3.8502
-3.9147
-3.96
-3.9447
-3.8885
-3.8621
-3.9078
-3.9686
-3.9627
-3.9008
-3.8723
-3.8958
-3.9575
-3.9677
-3.9501
-3.9644
-4.0461
-4.1142
-4.1701
-4.1738
-4.2009
-4.2542
-4.3296
-4.3623
-4.3995
-4.4354
-4.5024
-4.5574
-4.5836
-4.595
-4.6555
-4.7315
-4.7873
-4.7999
-4.8434
-4.9584
-5.1085
-5.2194
-5.2483
-5.2773
-5.3422
-5.4974
-5.6107
-5.6647
-5.677
-5.7404
-5.8544
-5.9988
-6.0634
-6.0943
-6.1561
-6.2674
-6.3735
-6.5222
-6.659
-6.8325
-7.0209
-7.1554
-7.3025
-7.4464
-7.6072
-7.7841
-7.9102
-8.0477
-8.2157
-8.401
-8.5424
-8.6529
-8.7856
-8.9436
-9.141
-9.3381
-9.5691
-9.844
-10.152
-10.465
-10.773
-10.987
-11.197
-11.424
-11.718
-12.021
-12.303
-12.536
-12.739
-12.988
-13.26
-13.526
-13.759
-13.953
-14.188
-14.449
-14.682
-14.935
-15.176
-15.408
-15.706
-16.082
-16.47
-16.818
-17.158
-17.461
-17.798
-18.146
-18.452
-18.814
-19.182
-19.508
-19.815
-20.128
-20.499
-20.911
-21.332
-21.742
-22.175
-22.644
-23.109
-23.489
-23.817
-24.195
-24.653
-25.117
-25.563
-25.949
-26.301
-26.677
-27.116
-27.555
-27.962
-28.299
-28.679
-29.098
-29.551
-30.003
-30.467
-30.911
-31.317
-31.733
-32.161
-32.565
-33.035
-33.476
-33.858
-34.209
-34.643
-35.119
-35.547
-35.96
-36.35
-36.729
-37.187
-37.653
-38.077
-38.445
-38.863
-39.352
-39.84
-40.323
-40.756
-41.177
-41.635
-42.102
-42.571
-43.032
-43.464
-43.917
-44.374
-44.827
-45.278
-45.739
-46.195
-46.622
-47.06
-47.499
-47.974
-48.453
-48.897
-49.323
-49.753
-50.207
-50.703
-51.156
-51.581
-51.988
-52.439
-52.915
-53.404
-53.844
-54.242
-54.675
-55.161
-55.638
-56.115
-56.537
-56.974
-57.452
-57.936
-58.422
-58.864
-59.311
-59.777
-60.247
-60.722
-61.194
-61.663
-62.131
-62.579
-63.034
-63.481
-63.961
-64.429
-64.866
-65.291
-65.728
-66.2
-66.699
-67.148
-67.57
-67.988
-68.459
-68.96
-69.448
-69.881
-70.296
-70.749
-71.238
-71.729
-72.195
-72.609
-73.053
-73.533
-74.011
-74.493
-74.942
-75.395
-75.853
-76.323
-76.788
-77.257
-77.725
-78.186
-78.633
-79.094
-79.554
-80.053
-80.525
-80.972
-81.408
-81.861
-82.347
-82.848
-83.297
-83.723
-84.147
-84.628
-85.123
-85.599
-86.024
-86.43
-86.888
-87.372
-87.854
-88.297
-88.708
-89.151
-89.623
-90.098
-90.572
-91.009
-91.465
-91.927
-92.402
-92.868
-93.346
-93.821
-94.288
-94.743
-95.21
-95.673
-96.179
-96.648
-97.095
-97.532
-97.989
-98.49
-98.985
-99.429
-99.854
-100.29
-100.78
-101.28
-101.75
-102.17
-102.59
-103.07
-103.55
-104.03
-104.46
-104.87
-105.32
-105.78
-106.25
-106.71
-107.13
-107.57
-108.01
-108.47
-108.91
-109.37
-109.82
-110.27
-110.71
-111.17
-111.64
-112.14
-112.6
-113.04
-113.49
-113.95
-114.45
-114.94
-115.39
-115.82
-116.27
-116.77
-117.28
-117.75
-118.19
-118.62
-119.12
-119.62
-120.12
-120.56
-120.99
-121.45
-121.92
-122.39
-122.85
-123.28
-123.72
-124.17
-124.64
-125.08
-125.54
-125.99
-126.43
-126.88
-127.32
-127.79
-128.27
-128.72
-129.14
-129.57
-130.03
-130.53
-131
-131.43
-131.85
-132.3
-132.8
-133.31
-133.77
-134.2
-134.64
-135.13
-135.62
-136.09
-136.52
-136.96
-137.43
-137.9
-138.37
-138.83
-139.27
-139.73
-140.2
-140.66
-141.12
-141.59
-142.06
-142.51
-142.96
-143.39
-143.86
-144.34
-144.78
-145.21
-145.63
-146.08
-146.57
-147.03
-147.46
-147.87
-148.32
-148.81
-149.31
-149.75
-150.16
-150.59
-151.07
-151.54
-152
-152.4
-152.81
-153.27
-153.74
-154.21
-154.65
-155.08
-155.53
-155.99
-156.44
-156.89
-157.33
-157.78
-158.21
-158.63
-159.05
-159.49
-159.95
-160.38
-160.8
-161.24
-161.7
-162.2
-162.64
-163.06
-163.44
-163.88
-164.35
-164.83
-165.24
-165.63
-166.05
-166.52
-166.98
-167.43
-167.84
-168.26
-168.72
-169.19
-169.65
-170.08
-170.5
-170.93
-171.36
-171.79
-172.23
-172.67
-173.1
-173.53
-173.97
-174.41
-174.88
-175.34
-175.77
-176.17
-176.59
-177.03
-177.5
-177.91
-178.3
-178.67
-179.09
-179.55
-180.01
-180.43
-180.81
-181.24
-181.7
-182.15
-182.59
-182.97
-183.35
-183.77
-184.18
-184.6
-184.99
-185.39
-185.81
-186.25
-186.67
-187.1
-187.53
-187.95
-188.35
-188.75
-189.14
-189.55
-189.96
-190.34
-190.72
-191.13
-191.59
-192.06
-192.48
-192.87
-193.25
-193.68
-194.14
-194.57
-194.93
-195.27
-195.66
-196.1
-196.55
-196.97
-197.35
-197.76
-198.2
-198.63
-199.06
-199.47
-199.86
-200.23
-200.55
-200.87
-201.22
-201.59
-201.98
-202.33
-202.69
-203.05
-203.44
-203.82
-204.18
-204.52
-204.85
-205.19
-205.53
-205.85
-206.17
-206.52
-206.91
-207.26
-207.58
-207.86
-208.15
-208.49
-208.83
-209.14
-209.39
-209.63
-209.91
-210.24
-210.59
-210.93
-211.23
-211.55
-211.86
-212.16
-212.45
-212.74
-212.97
-213.15
-213.31
-213.49
-213.76
-214.04
-214.3
-214.52
-214.73
-214.98
-215.23
-215.45
-215.65
-215.86
-216.08
-216.28
-216.46
-216.69
-216.91
-217.08
-217.16
-217.22
-217.29
-217.39
-217.53
-217.65
-217.74
-217.81
-217.88
-217.97
-218.1
-218.24
-218.4
-218.52
-218.63
-218.73
-218.83
-218.93
-219.03
-219.16
-219.25
-219.32
-219.44
-219.52
-219.55
-219.56
-219.59
-219.61
-219.64
-219.62
-219.61
-219.66
-219.69
-219.67
-219.69
-219.74
-219.83
-219.9
-219.91
-219.84
-219.73
-219.62
-219.53
-219.46
-219.45
-219.43
-219.35
-219.27
-219.23
-219.22
-219.21
-219.18
-219.14
-219.05
-218.95
-218.9
-218.88
-218.85
-218.78
-218.69
-218.61
-218.55
-218.49
-218.44
-218.36
-218.25
-218.18
-218.05
-217.93
-217.87
-217.85
-217.77
-217.71
-217.69
-217.64
-217.57
-217.52
-217.43
-217.33
-217.22
-217.13
-217.01
-216.88
-216.77
-216.68
-216.59
-216.54
-216.46
-216.35
-216.21
-216.06
-215.91
-215.78
-215.65
-215.54
-215.42
-215.33
-215.27
-215.21
-215.12
-215
-214.86
-214.72
-214.57
-214.43
-214.3
-214.19
-214.09
-214
-213.94
-213.87
-213.78
-213.67
-213.53
-213.38
-213.24
-213.09
-212.96
-212.85
-212.74
-212.64
-212.55
-212.44
-212.31
-212.16
-212.01
-211.83
-211.65
-211.48
-211.34
-211.2
-211.08
-210.96
-210.87
-210.77
-210.64
-210.51
-210.36
-210.2
-210.04
-209.91
-209.8
-209.7
-209.61
-209.52
-209.46
-209.38
-209.27
-209.15
-209
-208.84
-208.69
-208.56
-208.44
-208.32
-208.22
-208.13
-208.06
-207.96
-207.83
-207.67
-207.51
-207.34
-207.18
-207.03
-206.89
-206.77
-206.67
-206.59
-206.5
-206.38
-206.24
-206.08
-205.9
-205.72
-205.55
-205.41
-205.29
-205.18
-205.08
-204.99
-204.89
-204.76
-204.62
-204.47
-204.3
-204.13
-203.99
-203.86
-203.75
-203.65
-203.56
-203.49
-203.39
-203.26
-203.1
-202.93
-202.74
-202.56
-202.38
-202.23
-202.1
-201.98
-201.89
-201.79
-201.67
-201.5
-201.32
-201.14
-200.95
-200.78
-200.63
-200.49
-200.37
-200.27
-200.18
-200.07
-199.94
-199.78
-199.61
-199.43
-199.25
-199.08
-198.94
-198.82
-198.71
-198.61
-198.52
-198.41
-198.27
-198.11
-197.94
-197.75
-197.57
-197.42
-197.29
-197.17
-197.06
-196.95
-196.84
-196.69
-196.52
-196.34
-196.14
-195.95
-195.78
-195.62
-195.47
-195.34
-195.23
-195.14
-195.02
-194.86
-194.67
-194.47
-194.27
-194.08
-193.92
-193.78
-193.65
-193.55
-193.46
-193.37
-193.25
-193.1
-192.93
-192.76
-192.59
-192.43
-192.31
-192.19
-192.09
-192
-191.91
-191.8
-191.66
-191.49
-191.31
-191.13
-190.95
-190.79
-190.65
-190.53
-190.43
-190.33
-190.22
-190.07
-189.91
-189.72
-189.52
-189.32
-189.14
-188.98
-188.85
-188.73
-188.63
-188.52
-188.42
-188.27
-188.09
-187.89
-187.69
-187.5
-187.34
-187.2
-187.07
-186.96
-186.86
-186.76
-186.64
-186.49
-186.31
-186.12
-185.93
-185.77
-185.63
-185.51
-185.41
-185.32
-185.23
-185.11
-184.96
-184.77
-184.59
-184.4
-184.23
-184.08
-183.94
-183.84
-183.77
-183.69
-183.58
-183.44
-183.25
-183.06
-182.87
-182.68
-182.5
-182.36
-182.24
-182.14
-182.05
-181.95
-181.82
-181.68
-181.51
-181.32
-181.13
-180.95
-180.8
-180.66
-180.54
-180.44
-180.35
-180.25
-180.12
-179.96
-179.78
-179.59
-179.44
-179.31
-179.19
-179.08
-179
-178.92
-178.84
-178.72
-178.56
-178.39
-178.22
-178.05
-177.9
-177.78
-177.68
-177.6
-177.54
-177.46
-177.34
-177.2
-177.03
-176.84
-176.65
-176.49
-176.36
-176.24
-176.16
-176.1
-176.04
-175.96
-175.85
-175.72
-175.55
-175.36
-175.19
-175.04
-174.92
-174.82
-174.74
-174.68
-174.6
-174.51
-174.4
-174.27
-174.11
-173.96
-173.83
-173.69
-173.58
-173.5
-173.44
-173.38
-173.29
-173.15
-173.01
-172.85
-172.72
-172.61
-172.51
-172.41
-172.34
-172.26
-172.19
-172.1
-171.99
-171.84
-171.68
-171.52
-171.39
-171.3
-171.22
-171.16
-171.1
-171.04
-170.97
-170.86
-170.72
-170.55
-170.38
-170.21
-170.06
-169.95
-169.89
-169.87
-169.86
-169.82
-169.72
-169.59
-169.44
-169.28
-169.12
-168.98
-168.85
-168.74
-168.66
-168.64
-168.63
-168.6
-168.52
-168.39
-168.23
-168.06
-167.93
-167.81
-167.7
-167.62
-167.57
-167.55
-167.53
-167.48
-167.4
-167.29
-167.15
-167.01
-166.89
-166.8
-166.73
-166.7
-166.69
-166.66
-166.62
-166.56
-166.48
-166.38
-166.29
-166.18
-166.07
-165.98
-165.94
-165.92
-165.91
-165.86
-165.77
-165.66
-165.55
-165.47
-165.41
-165.36
-165.27
-165.21
-165.15
-165.11
-165.06
-165
-164.91
-164.79
-164.68
-164.59
-164.54
-164.5
-164.47
-164.44
-164.41
-164.35
-164.28
-164.2
-164.1
-164
-163.9
-163.83
-163.79
-163.78
-163.79
-163.78
-163.73
-163.64
-163.53
-163.41
-163.3
-163.21
-163.15
-163.09
-163.05
-163.05
-163.07
-163.06
-163
-162.88
-162.74
-162.59
-162.48
-162.4
-162.36
-162.31
-162.29
-162.3
-162.31
-162.29
-162.22
-162.09
-161.93
-161.78
-161.68
-161.62
-161.58
-161.58
-161.59
-161.61
-161.58
-161.53
-161.43
-161.29
-161.13
-161
-160.92
-160.87
-160.86
-160.88
-160.92
-160.93
-160.89
-160.81
-160.71
-160.57
-160.43
-160.31
-160.23
-160.2
-160.21
-160.24
-160.27
-160.27
-160.23
-160.16
-160.05
-159.93
-159.82
-159.71
-159.66
-159.66
-159.71
-159.76
-159.79
-159.76
-159.7
-159.62
-159.53
-159.44
-159.34
-159.25
-159.24
-159.27
-159.32
-159.35
-159.35
-159.3
-159.22
-159.14
-159.05
-158.97
-158.87
-158.81
-158.8
-158.82
-158.85
-158.86
-158.83
-158.76
-158.66
-158.57
-158.49
-158.42
-158.37
-158.35
-158.37
-158.39
-158.39
-158.38
-158.34
-158.26
-158.19
-158.13
-158.07
-158.03
-158
-157.99
-158.01
-158
-157.98
-157.95
-157.9
-157.82
-157.75
-157.68
-157.63
-157.6
-157.58
-157.55
-157.53
-157.49
-157.44
-157.39
-157.33
-157.26
-157.21
-157.15
-157.12
-157.1
-157.07
-157.04
-157.01
-156.97
-156.91
-156.85
-156.81
-156.78
-156.75
-156.72
-156.71
-156.67
-156.64
-156.6
-156.55
-156.49
-156.43
-156.4
-156.37
-156.33
-156.31
-156.31
-156.31
-156.28
-156.22
-156.18
-156.12
-156.04
-156.01
-156
-155.98
-155.96
-155.96
-155.98
-155.96
-155.91
-155.84
-155.78
-155.72
-155.68
-155.67
-155.69
-155.71
-155.75
-155.78
-155.79
-155.73
-155.67
-155.6
-155.56
-155.51
-155.5
-155.51
-155.52
-155.55
-155.58
-155.61
-155.59
-155.52
-155.44
-155.36
-155.29
-155.26
-155.25
-155.27
-155.3
-155.34
-155.37
-155.38
-155.33
-155.25
-155.16
-155.07
-155.03
-155.02
-155.04
-155.09
-155.14
-155.18
-155.18
-155.14
-155.07
-154.99
-154.91
-154.87
-154.85
-154.86
-154.9
-154.96
-155.01
-155.04
-155.02
-154.95
-154.83
-154.73
-154.67
-154.66
-154.68
-154.71
-154.77
-154.82
-154.85
-154.84
-154.78
-154.67
-154.55
-154.46
-154.42
-154.42
-154.43
-154.48
-154.55
-154.58
-154.58
-154.52
-154.43
-154.31
-154.2
-154.14
-154.12
-154.13
-154.17
-154.25
-154.3
-154.31
-154.27
-154.17
-154.05
-153.92
-153.83
-153.81
-153.82
-153.85
-153.92
-153.99
-154
-153.97
-153.91
-153.81
-153.68
-153.58
-153.53
-153.54
-153.58
-153.66
-153.75
-153.79
-153.78
-153.72
-153.64
-153.51
-153.4
-153.36
-153.35
-153.37
-153.45
-153.56
-153.63
-153.65
-153.62
-153.54
-153.41
-153.28
-153.22
-153.2
-153.22
-153.29
-153.39
-153.47
-153.49
-153.48
-153.41
-153.28
-153.13
-153.04
-153.02
-153.03
-153.09
-153.19
-153.3
-153.35
-153.33
-153.26
-153.16
-153.02
-152.92
-152.89
-152.89
-152.94
-153.04
-153.15
-153.2
-153.2
-153.16
-153.08
-152.94
-152.83
-152.77
-152.75
-152.79
-152.88
-152.99
-153.04
-153.04
-153.01
-152.94
-152.81
-152.68
-152.58
-152.54
-152.55
-152.63
-152.73
-152.8
-152.83
-152.8
-152.73
-152.6
-152.47
-152.38
-152.33
-152.32
-152.39
-152.48
-152.57
-152.61
-152.59
-152.53
-152.41
-152.28
-152.17
-152.11
-152.09
-152.13
-152.22
-152.32
-152.37
-152.38
-152.32
-152.22
-152.1
-151.99
-151.91
-151.88
-151.9
-151.98
-152.09
-152.17
-152.19
-152.17
-152.08
-151.96
-151.84
-151.76
-151.73
-151.76
-151.86
-151.97
-152.05
-152.07
-152.07
-152.02
-151.9
-151.79
-151.7
-151.65
-151.66
-151.74
-151.85
-151.93
-151.98
-151.98
-151.92
-151.82
-151.71
-151.62
-151.55
-151.54
-151.61
-151.71
-151.8
-151.87
-151.89
-151.85
-151.74
-151.61
-151.51
-151.44
-151.42
-151.47
-151.57
-151.66
-151.73
-151.75
-151.73
-151.66
-151.55
-151.45
-151.38
-151.33
-151.37
-151.47
-151.59
-151.67
-151.7
-151.68
-151.61
-151.51
-151.41
-151.33
-151.29
-151.3
-151.38
-151.49
-151.59
-151.63
-151.62
-151.54
-151.44
-151.33
-151.24
-151.2
-151.18
-151.24
-151.33
-151.41
-151.45
-151.46
-151.42
-151.32
-151.21
-151.1
-151.02
-150.99
-151.05
-151.15
-151.24
-151.29
-151.3
-151.26
-151.18
-151.07
-150.98
-150.9
-150.87
-150.9
-150.99
-151.08
-151.15
-151.16
-151.13
-151.05
-150.96
-150.88
-150.8
-150.74
-150.76
-150.85
-150.95
-151.04
-151.09
-151.08
-151.01
-150.92
-150.84
-150.77
-150.74
-150.76
-150.84
-150.95
-151.05
-151.1
-151.11
-151.07
-150.99
-150.91
-150.83
-150.79
-150.78
-150.87
-150.97
-151.07
-151.14
-151.16
-151.11
-151.03
-150.95
-150.86
-150.81
-150.8
-150.86
-150.95
-151.04
-151.1
-151.13
-151.11
-151.05
-150.96
-150.87
-150.79
-150.77
-150.82
-150.93
-151.02
-151.1
-151.13
-151.1
-151.03
-150.94
-150.86
-150.8
-150.76
-150.79
-150.88
-150.98
-151.07
-151.1
-151.08
-151.02
-150.94
-150.87
-150.79
-150.75
-150.75
-150.82
-150.9
-150.99
-151.03
-151.01
-150.97
-150.88
-150.79
-150.71
-150.64
-150.63
-150.68
-150.77
-150.85
-150.9
-150.89
-150.84
-150.76
-150.66
-150.58
-150.5
-150.48
-150.53
-150.61
-150.69
-150.73
-150.73
-150.68
-150.6
-150.53
-150.44
-150.37
-150.33
-150.37
-150.45
-150.53
-150.6
-150.63
-150.6
-150.53
-150.44
-150.36
-150.28
-150.24
-150.27
-150.34
-150.42
-150.5
-150.54
-150.51
-150.45
-150.38
-150.32
-150.23
-150.19
-150.21
-150.29
-150.38
-150.45
-150.5
-150.49
-150.43
-150.37
-150.31
-150.23
-150.19
-150.2
-150.27
-150.36
-150.44
-150.49
-150.5
-150.45
-150.39
-150.33
-150.26
-150.18
-150.18
-150.23
-150.31
-150.38
-150.44
-150.45
-150.4
-150.32
-150.26
-150.19
-150.13
-150.1
-150.16
-150.24
-150.32
-150.39
-150.41
-150.38
-150.31
-150.24
-150.18
-150.12
-150.09
-150.13
-150.21
-150.29
-150.36
-150.4
-150.37
-150.3
-150.23
-150.17
-150.09
-150.04
-150.06
-150.13
-150.2
-150.26
-150.3
-150.28
-150.21
-150.13
-150.05
-149.96
-149.91
-149.91
-149.97
-150.04
-150.1
-150.14
-150.12
-150.05
-149.98
-149.91
-149.82
-149.75
-149.74
-149.79
-149.86
-149.94
-149.97
-149.97
-149.92
-149.85
-149.78
-149.71
-149.62
-149.6
-149.64
-149.71
-149.77
-149.83
-149.84
-149.8
-149.74
-149.66
-149.59
-149.5
-149.48
-149.52
-149.6
-149.67
-149.72
-149.75
-149.72
-149.67
-149.61
-149.54
-149.48
-149.45
-149.5
-149.58
-149.67
-149.74
-149.77
-149.75
-149.7
-149.65
-149.59
-149.53
-149.49
-149.52
-149.59
-149.67
-149.74
-149.78
-149.78
-149.72
-149.67
-149.6
-149.52
-149.47
-149.48
-149.55
-149.63
-149.7
-149.75
-149.76
-149.71
-149.67
-149.63
-149.56
-149.51
-149.53
-149.6
-149.69
-149.78
-149.85
-149.87
-149.83
-149.78
-149.74
-149.69
-149.62
-149.64
-149.71
-149.79
-149.84
-149.91
-149.93
-149.91
-149.86
-149.81
-149.75
-149.67
-149.66
-149.72
-149.8
-149.87
-149.93
-149.95
-149.92
-149.85
-149.81
-149.75
-149.68
-149.63
-149.66
-149.73
-149.8
-149.86
-149.9
-149.86
-149.79
-149.75
-149.68
-149.6
-149.55
-149.57
-149.62
-149.68
-149.75
-149.81
-149.8
-149.74
-149.68
-149.61
-149.52
-149.45
-149.47
-149.53
-149.6
-149.66
-149.71
-149.72
-149.66
-149.61
-149.56
-149.48
-149.42
-149.43
-149.49
-149.56
-149.63
-149.7
-149.72
-149.67
-149.64
-149.59
-149.53
-149.47
-149.49
-149.56
-149.63
-149.7
-149.78
-149.81
-149.78
-149.74
-149.72
-149.65
-149.57
-149.56
-149.62
-149.7
-149.78
-149.86
-149.89
-149.85
-149.79
-149.76
-149.7
-149.63
-149.59
-149.63
-149.71
-149.78
-149.86
-149.9
-149.88
-149.82
-149.79
-149.75
-149.69
-149.66
-149.7
-149.76
-149.83
-149.91
-149.97
-149.96
-149.9
-149.87
-149.82
-149.75
-149.7
-149.72
-149.78
-149.86
-149.93
-150
-149.99
-149.94
-149.88
-149.84
-149.75
-149.7
-149.7
-149.76
-149.81
-149.87
-149.93
-149.93
-149.88
-149.83
-149.78
-149.71
-149.63
-149.62
-149.66
-149.72
-149.77
-149.83
-149.85
-149.81
-149.75
-149.71
-149.64
-149.55
-149.54
-149.58
-149.64
-149.68
-149.75
-149.78
-149.74
-149.68
-149.64
-149.58
-149.49
-149.45
-149.49
-149.55
-149.6
-149.67
-149.7
-149.67
-149.6
-149.57
-149.53
-149.45
-149.39
-149.41
-149.46
-149.53
-149.61
-149.67
-149.66
-149.59
-149.54
-149.5
-149.44
-149.38
-149.4
-149.45
-149.52
-149.58
-149.65
-149.65
-149.59
-149.53
-149.51
-149.43
-149.37
-149.37
-149.44
-149.51
-149.56
-149.62
-149.63
-149.58
-149.51
-149.48
-149.42
-149.34
-149.31
-149.37
-149.44
-149.49
-149.56
-149.59
-149.56
-149.49
-149.47
-149.44
-149.36
-149.32
-149.38
-149.46
-149.52
-149.6
-149.64
-149.59
-149.52
-149.5
-149.48
-149.41
-149.36
-149.39
-149.46
-149.53
-149.59
-149.64
-149.61
-149.52
-149.47
-149.45
-149.39
-149.31
-149.31
-149.37
-149.44
-149.49
-149.54
-149.52
-149.44
-149.37
-149.34
-149.28
-149.21
-149.2
-149.25
-149.31
-149.36
-149.42
-149.42
-149.36
-149.28
-149.24
-149.16
-149.1
-149.09
-149.15
-149.2
-149.24
-149.3
-149.31
-149.26
-149.21
-149.17
-149.12
-149.05
-149.03
-149.09
-149.16
-149.21
-149.26
-149.29
-149.25
-149.19
-149.17
-149.14
-149.06
-149.03
-149.07
-149.16
-149.23
-149.31
-149.36
-149.32
-149.26
-149.23
-149.21
-149.15
-149.11
-149.15
-149.22
-149.28
-149.34
-149.39
-149.37
-149.3
-149.27
-149.25
-149.19
-149.14
-149.16
-149.24
-149.3
-149.36
-149.41
-149.4
-149.33
-149.29
-149.28
-149.21
-149.17
-149.17
-149.25
-149.32
-149.4
-149.47
-149.48
-149.41
-149.35
-149.34
-149.28
-149.24
-149.25
-149.32
-149.38
-149.44
-149.49
-149.51
-149.45
-149.4
-149.39
-149.33
-149.27
-149.25
-149.32
-149.38
-149.43
-149.49
-149.5
-149.43
-149.37
-149.35
-149.31
-149.23
-149.19
-149.23
-149.3
-149.35
-149.41
-149.43
-149.37
-149.29
-149.26
-149.22
-149.14
-149.1
-149.12
-149.18
-149.22
-149.27
-149.31
-149.26
-149.18
-149.14
-149.11
-149.03
-148.99
-149.01
-149.07
-149.11
-149.16
-149.2
-149.17
-149.09
-149.05
-149.04
-148.97
-148.9
-148.91
-148.98
-149.04
-149.09
-149.13
-149.12
-149.05
-149
-148.99
-148.95
-148.89
-148.89
-148.95
-149.01
-149.06
-149.13
-149.13
-149.06
-149.02
-149.01
-148.97
-148.91
-148.91
-148.97
-149.03
-149.07
-149.14
-149.15
-149.08
-149.04
-149.01
-148.97
-148.9
-148.89
-148.94
-149
-149.03
-149.09
-149.13
-149.07
-149
-148.97
-148.93
-148.86
-148.84
-148.89
-148.96
-149.01
-149.07
-149.11
-149.06
-149
-148.99
-148.96
-148.9
-148.87
-148.92
-149
-149.05
-149.1
-149.15
-149.1
-149.04
-149.04
-149.03
-148.96
-148.9
-148.93
-148.99
-149.04
-149.09
-149.13
-149.1
-149.01
-148.98
-148.95
-148.88
-148.81
-148.82
-148.87
-148.91
-148.94
-148.98
-148.97
-148.88
-148.84
-148.82
-148.75
-148.67
-148.67
-148.73
-148.77
-148.79
-148.82
-148.82
-148.75
-148.7
-148.68
-148.64
-148.56
-148.54
-148.59
-148.64
-148.67
-148.71
-148.71
-148.63
-148.58
-148.57
-148.51
-148.45
-148.41
-148.45
-148.49
-148.53
-148.58
-148.59
-148.54
-148.49
-148.49
-148.43
-148.37
-148.34
-148.39
-148.45
-148.49
-148.55
-148.57
-148.53
-148.48
-148.48
-148.45
-148.39
-148.36
-148.4
-148.46
-148.5
-148.55
-148.59
-148.56
-148.5
-148.48
-148.47
-148.42
-148.38
-148.41
-148.46
-148.49
-148.54
-148.59
-148.57
-148.52
-148.49
-148.49
-148.44
-148.4
-148.43
-148.49
-148.53
-148.58
-148.64
-148.63
-148.6
-148.59
-148.58
-148.52
-148.48
-148.5
-148.56
-148.61
-148.66
-148.72
-148.72
-148.67
-148.65
-148.64
-148.59
-148.52
-148.53
-148.59
-148.63
-148.67
-148.73
-148.72
-148.66
-148.61
-148.61
-148.56
-148.49
-148.48
-148.52
-148.55
-148.58
-148.62
-148.62
-148.55
-148.51
-148.5
-148.47
-148.4
-148.37
-148.4
-148.43
-148.46
-148.51
-148.54
-148.48
-148.43
-148.43
-148.4
-148.33
-148.3
-148.32
-148.36
-148.39
-148.44
-148.47
-148.42
-148.38
-148.37
-148.34
-148.28
-148.24
-148.28
-148.32
-148.36
-148.41
-148.45
-148.4
-148.36
-148.37
-148.37
-148.31
-148.27
-148.29
-148.34
-148.38
-148.42
-148.48
-148.46
-148.41
-148.41
-148.42
-148.37
-148.32
-148.33
-148.38
-148.41
-148.45
-148.5
-148.5
-148.43
-148.4
-148.41
-148.37
-148.31
-148.31
-148.37
-148.4
-148.42
-148.47
-148.48
-148.42
-148.39
-148.4
-148.38
-148.32
-148.31
-148.37
-148.42
-148.46
-148.52
-148.53
-148.48
-148.46
-148.47
-148.46
-148.41
-148.38
-148.42
-148.46
-148.5
-148.56
-148.59
-148.54
-148.5
-148.48
-148.47
-148.41
-148.39
-148.41
-148.45
-148.46
-148.5
-148.54
-148.5
-148.45
-148.44
-148.42
-148.35
-148.31
-148.32
-148.37
-148.37
-148.4
-148.44
-148.41
-148.34
-148.34
-148.35
-148.29
-148.23
-148.23
-148.27
-148.28
-148.3
-148.35
-148.35
-148.28
-148.26
-148.29
-148.24
-148.17
-148.17
-148.22
-148.23
-148.24
-148.28
-148.28
-148.21
-148.18
-148.2
-148.16
-148.09
-148.07
-148.13
-148.15
-148.17
-148.22
-148.24
-148.18
-148.14
-148.14
-148.14
-148.09
-148.06
-148.09
-148.13
-148.14
-148.2
-148.24
-148.19
-148.14
-148.12
-148.12
-148.08
-148.06
-148.09
-148.13
-148.14
-148.18
-148.23
-148.2
-148.14
-148.12
-148.11
-148.05
-148.03
-148.05
-148.1
-148.11
-148.13
-148.18
-148.17
-148.12
-148.11
-148.1
-148.05
-148.02
-148.05
-148.11
-148.12
-148.15
-148.2
-148.19
-148.13
-148.11
-148.13
-148.08
-148.04
-148.06
-148.12
-148.13
-148.16
-148.2
-148.2
-148.12
-148.08
-148.1
-148.06
-148.01
-148
-148.05
-148.06
-148.07
-148.12
-148.12
-148.06
-148
-148.01
-147.98
-147.93
-147.92
-147.96
-147.98
-147.99
-148.03
-148.04
-147.99
-147.94
-147.94
-147.91
-147.85
-147.83
-147.87
-147.89
-147.91
-147.94
-147.96
-147.92
-147.86
-147.86
-147.84
-147.79
-147.77
-147.8
-147.82
-147.83
-147.87
-147.92
-147.89
-147.82
-147.82
-147.81
-147.77
-147.74
-147.77
-147.82
-147.83
-147.88
-147.93
-147.93
-147.87
-147.87
-147.87
-147.86
-147.84
-147.87
-147.92
-147.94
-147.98
-148.04
-148.05
-148.01
-147.99
-147.96
-147.93
-147.91
-147.94
-148
-148.03
-148.05
-148.1
-148.1
-148.05
-148.02
-148.04
-148.01
-147.97
-147.98
-148.04
-148.06
-148.09
-148.15
-148.17
-148.12
-148.08
-148.11
-148.09
-148.05
-148.07
-148.14
-148.17
-148.19
-148.24
-148.27
-148.23
-148.18
-148.2
-148.2
-148.18
-148.17
-148.21
-148.25
-148.26
-148.31
-148.34
-148.31
-148.25
-148.24
-148.25
-148.22
-148.22
-148.23
-148.25
-148.27
-148.31
-148.35
-148.32
-148.27
-148.24
-148.22
-148.19
-148.18
-148.2
-148.23
-148.24
-148.28
-148.32
-148.28
-148.23
-148.2
-148.18
-148.14
-148.12
-148.14
-148.18
-148.19
-148.2
-148.22
-148.21
-148.18
-148.17
-148.15
-148.1
-148.07
-148.08
-148.11
-148.13
-148.16
-148.18
-148.17
-148.11
-148.1
-148.1
-148.08
-148.04
-148.06
-148.07
-148.1
-148.14
-148.2
-148.22
-148.16
-148.13
-148.13
-148.12
-148.09
-148.1
-148.14
-148.16
-148.19
-148.25
-148.29
-148.24
-148.2
-148.2
-148.18
-148.15
-148.16
-148.22
-148.24
-148.26
-148.29
-148.33
-148.29
-148.25
-148.24
-148.24
-148.19
-148.18
-148.24
-148.28
-148.31
-148.34
-148.37
-148.35
-148.31
-148.31
-148.31
-148.28
-148.25
-148.28
-148.33
-148.38
-148.42
-148.46
-148.44
-148.39
-148.39
-148.38
-148.37
-148.37
-148.39
-148.41
-148.43
-148.47
-148.53
-148.51
-148.46
-148.44
-148.42
-148.39
-148.37
-148.39
-148.41
-148.41
-148.44
-148.49
-148.49
-148.43
-148.4
-148.38
-148.33
-148.3
-148.31
-148.35
-148.37
-148.39
-148.44
-148.45
-148.39
-148.35
-148.35
-148.29
-148.24
-148.25
-148.3
-148.32
-148.34
-148.39
-148.4
-148.34
-148.3
-148.31
-148.27
-148.21
-148.2
-148.26
-148.28
-148.3
-148.34
-148.36
-148.3
-148.25
-148.26
-148.25
-148.2
-148.17
-148.22
-148.25
-148.28
-148.33
-148.38
-148.35
-148.29
-148.27
-148.27
-148.23
-148.2
-148.22
-148.26
-148.27
-148.33
-148.39
-148.38
-148.32
-148.28
-148.27
-148.22
-148.2
-148.24
-148.29
-148.3
-148.34
-148.39
-148.39
-148.32
-148.29
-148.28
-148.23
-148.2
-148.22
-148.28
-148.31
-148.35
-148.42
-148.42
-148.36
-148.35
-148.35
-148.3
-148.26
-148.29
-148.34
-148.36
-148.41
-148.49
-148.49
-148.42
-148.39
-148.4
-148.37
-148.32
-148.32
-148.36
-148.39
-148.42
-148.5
-148.53
-148.46
-148.4
-148.39
-148.37
-148.31
-148.31
-148.34
-148.37
-148.39
-148.45
-148.49
-148.43
-148.35
-148.33
-148.3
-148.24
-148.23
-148.28
-148.33
-148.34
-148.4
-148.44
-148.4
-148.34
-148.33
-148.31
-148.25
-148.21
-148.24
-148.31
-148.33
-148.38
-148.43
-148.4
-148.32
-148.3
-148.3
-148.25
-148.21
-148.24
-148.29
-148.32
-148.38
-148.46
-148.45
-148.38
-148.35
-148.36
-148.32
-148.3
-148.32
-148.37
-148.4
-148.46
-148.56
-148.57
-148.51
-148.47
-148.48
-148.45
-148.42
-148.45
-148.52
-148.57
-148.61
-148.69
-148.72
-148.66
-148.62
-148.63
-148.61
-148.55
-148.56
-148.63
-148.67
-148.71
-148.78
-148.81
-148.75
-148.69
-148.69
-148.67
-148.62
-148.63
-148.7
-148.76
-148.79
-148.88
-148.92
-148.88
-148.8
-148.81
-148.79
-148.73
-148.71
-148.78
-148.85
-148.87
-148.95
-149
-148.96
-148.88
-148.89
-148.86
-148.8
-148.78
-148.84
-148.89
-148.9
-148.96
-149.01
-148.98
-148.9
-148.88
-148.87
-148.81
-148.78
-148.81
-148.87
-148.89
-148.94
-149
-148.98
-148.91
-148.88
-148.86
-148.79
-148.75
-148.77
-148.82
-148.83
-148.88
-148.94
-148.94
-148.88
-148.85
-148.83
-148.75
-148.69
-148.72
-148.78
-148.79
-148.82
-148.86
-148.87
-148.8
-148.77
-148.78
-148.72
-148.63
-148.6
-148.67
-148.71
-148.75
-148.82
-148.84
-148.77
-148.71
-148.71
-148.69
-148.63
-148.62
-148.69
-148.74
-148.78
-148.86
-148.9
-148.86
-148.79
-148.78
-148.75
-148.7
-148.68
-148.74
-148.78
-148.83
-148.89
-148.93
-148.9
-148.84
-148.82
-148.79
-148.72
-148.7
-148.75
-148.78
-148.81
-148.87
-148.93
-148.91
-148.85
-148.83
-148.82
-148.75
-148.72
-148.77
-148.82
-148.85
-148.91
-148.99
-148.97
-148.9
-148.87
-148.86
-148.79
-148.75
-148.78
-148.84
-148.87
-148.91
-148.98
-148.98
-148.92
-148.87
-148.85
-148.8
-148.74
-148.75
-148.8
-148.83
-148.88
-148.92
-148.91
-148.84
-148.79
-148.76
-148.68
-148.62
-148.61
-148.64
-148.66
-148.71
-148.75
-148.74
-148.68
-148.66
-148.63
-148.56
-148.49
-148.47
-148.5
-148.53
-148.56
-148.62
-148.65
-148.59
-148.52
-148.5
-148.45
-148.36
-148.34
-148.38
-148.41
-148.43
-148.49
-148.54
-148.5
-148.42
-148.41
-148.38
-148.28
-148.23
-148.28
-148.34
-148.38
-148.44
-148.5
-148.46
-148.38
-148.35
-148.33
-148.26
-148.21
-148.25
-148.33
-148.38
-148.43
-148.49
-148.48
-148.4
-148.35
-148.33
-148.27
-148.23
-148.26
-148.32
-148.37
-148.42
-148.47
-148.47
-148.43
-148.38
-148.34
-148.29
-148.24
-148.25
-148.28
-148.32
-148.38
-148.46
-148.48
-148.44
-148.4
-148.34
-148.29
-148.24
-148.26
-148.32
-148.38
-148.46
-148.53
-148.54
-148.5
-148.47
-148.45
-148.39
-148.35
-148.34
-148.39
-148.45
-148.53
-148.62
-148.64
-148.58
-148.54
-148.52
-148.46
-148.39
-148.37
-148.41
-148.45
-148.51
-148.58
-148.61
-148.56
-148.5
-148.46
-148.41
-148.33
-148.3
-148.34
-148.39
-148.43
-148.47
-148.52
-148.49
-148.44
-148.4
-148.35
-148.27
-148.21
-148.23
-148.29
-148.35
-148.41
-148.45
-148.43
-148.4
-148.35
-148.3
-148.23
-148.17
-148.16
-148.2
-148.27
-148.36
-148.41
-148.41
-148.37
-148.32
-148.26
-148.2
-148.16
-148.17
-148.2
-148.28
-148.35
-148.42
-148.44
-148.41
-148.37
-148.32
-148.26
-148.23
-148.24
-148.28
-148.35
-148.42
-148.49
-148.51
-148.48
-148.45
-148.41
-148.36
-148.31
-148.31
-148.35
-148.42
-148.49
-148.57
-148.6
-148.57
-148.52
-148.47
-148.42
-148.35
-148.32
-148.36
-148.42
-148.49
-148.55
-148.59
-148.57
-148.52
-148.48
-148.44
-148.38
-148.35
-148.38
-148.44
-148.51
-148.59
-148.66
-148.66
-148.61
-148.56
-148.51
-148.45
-148.41
-148.43
-148.48
-148.58
-148.65
-148.71
-148.73
-148.69
-148.63
-148.52
-148.44
-148.39
-148.39
-148.45
-148.53
-148.6
-148.66
-148.68
-148.65
-148.59
-148.54
-148.49
-148.46
-148.44
-148.48
-148.55
-148.63
-148.68
-148.7
-148.69
-148.63
-148.56
-148.53
-148.48
-148.44
-148.46
-148.55
-148.63
-148.68
-148.72
-148.71
-148.66
-148.59
-148.55
-148.52
-148.49
-148.48
-148.54
-148.64
-148.71
-148.75
-148.72
-148.68
-148.62
-148.57
-148.52
-148.49
-148.51
-148.56
-148.64
-148.73
-148.8
-148.8
-148.76
-148.71
-148.65
-148.6
-148.58
-148.59
-148.65
-148.73
-148.81
-148.87
-148.89
-148.85
-148.79
-148.75
-148.69
-148.66
-148.66
-148.73
-148.79
-148.87
-148.93
-148.96
-148.91
-148.86
-148.82
-148.77
-148.7
-148.68
-148.73
-148.8
-148.87
-148.93
-148.97
-148.92
-148.86
-148.83
-148.8
-148.72
-148.68
-148.73
-148.8
-148.87
-148.94
-148.99
-148.95
-148.86
-148.81
-148.78
-148.71
-148.68
-148.71
-148.78
-148.83
-148.88
-148.92
-148.9
-148.81
-148.75
-148.7
-148.65
-148.61
-148.63
-148.69
-148.73
-148.77
-148.81
-148.8
-148.72
-148.65
-148.6
-148.54
-148.47
-148.46
-148.52
-148.58
-148.62
-148.66
-148.65
-148.57
-148.5
-148.46
-148.41
-148.35
-148.33
-148.37
-148.44
-148.48
-148.52
-148.52
-148.45
-148.37
-148.31
-148.25
-148.18
-148.15
-148.2
-148.25
-148.28
-148.32
-148.34
-148.3
-148.24
-148.2
-148.14
-148.07
-148.05
-148.1
-148.16
-148.22
-148.27
-148.3
-148.27
-148.22
-148.17
-148.13
-148.06
-148.02
-148.07
-148.15
-148.21
-148.26
-148.3
-148.27
-148.19
-148.15
-148.13
-148.07
-148.03
-148.05
-148.11
-148.18
-148.22
-148.25
-148.21
-148.14
-148.11
-148.07
-148.01
-147.96
-148
-148.05
-148.11
-148.15
-148.2
-148.19
-148.14
-148.11
-148.08
-148
-147.95
-148
-148.08
-148.14
-148.2
-148.25
-148.24
-148.18
-148.13
-148.13
-148.09
-148.03
-148.04
-148.09
-148.16
-148.21
-148.27
-148.26
-148.19
-148.13
-148.1
-148.06
-148
-147.98
-148
-148.06
-148.11
-148.16
-148.15
-148.1
-148.05
-148
-147.96
-147.89
-147.88
-147.9
-147.96
-148
-148.05
-148.06
-148
-147.95
-147.91
-147.86
-147.78
-147.77
-147.82
-147.88
-147.91
-147.94
-147.96
-147.92
-147.84
-147.81
-147.76
-147.7
-147.67
-147.72
-147.77
-147.8
-147.83
-147.87
-147.85
-147.78
-147.77
-147.75
-147.69
-147.65
-147.68
-147.75
-147.81
-147.87
-147.91
-147.89
-147.84
-147.83
-147.83
-147.77
-147.72
-147.74
-147.8
-147.86
-147.94
-147.99
-147.93
-147.85
-147.84
-147.83
-147.8
-147.75
-147.78
-147.83
-147.88
-147.93
-147.98
-147.98
-147.93
-147.9
-147.87
-147.83
-147.78
-147.79
-147.85
-147.91
-147.97
-148.02
-148.03
-148
-147.97
-147.95
-147.92
-147.87
-147.89
-147.94
-147.99
-148.04
-148.11
-148.12
-148.07
-148.03
-148.01
-147.98
-147.92
-147.9
-147.94
-147.99
-148.05
-148.11
-148.12
-148.06
-148.01
-148
-147.96
-147.89
-147.85
-147.87
-147.91
-147.95
-147.99
-148.02
-147.97
-147.91
-147.88
-147.84
-147.78
-147.73
-147.75
-147.78
-147.82
-147.86
-147.88
-147.85
-147.8
-147.75
-147.71
-147.64
-147.61
-147.63
-147.67
-147.71
-147.74
-147.76
-147.75
-147.73
-147.7
-147.65
-147.58
-147.54
-147.55
-147.59
-147.65
-147.69
-147.72
-147.7
-147.66
-147.66
-147.63
-147.59
-147.56
-147.55
-147.57
-147.64
-147.71
-147.75
-147.74
-147.7
-147.68
-147.67
-147.66
-147.64
-147.63
-147.63
-147.68
-147.75
-147.81
-147.81
-147.77
-147.74
-147.71
-147.67
-147.64
-147.61
-147.63
-147.67
-147.73
-147.77
-147.77
-147.74
-147.7
-147.68
-147.64
-147.61
-147.59
-147.6
-147.65
-147.71
-147.74
-147.73
-147.72
-147.7
-147.68
-147.63
-147.6
-147.59
-147.6
-147.63
-147.69
-147.73
-147.72
-147.68
-147.67
-147.65
-147.61
-147.56
-147.52
-147.51
-147.53
-147.58
-147.61
-147.61
-147.58
-147.54
-147.5
-147.46
-147.42
-147.35
-147.31
-147.32
-147.36
-147.41
-147.44
-147.4
-147.36
-147.31
-147.27
-147.23
-147.2
-147.17
-147.17
-147.2
-147.23
-147.23
-147.21
-147.19
-147.15
-147.12
-147.1
-147.06
-147.03
-147.04
-147.07
-147.11
-147.12
-147.1
-147.08
-147.04
-147.02
-146.99
-146.96
-146.94
-146.94
-146.97
-147
-147.01
-146.99
-146.99
-146.99
-146.96
-146.94
-146.92
-146.9
-146.89
-146.94
-146.98
-146.99
-146.98
-146.95
-146.99
-147.01
-147
-147
-146.94
-146.91
-146.93
-146.97
-146.99
-146.99
-146.98
-146.93
-146.88
-146.84
-146.83
-146.81
-146.79
-146.8
-146.82
-146.82
-146.81
-146.8
-146.79
-146.73
-146.68
-146.69
-146.68
-146.66
-146.65
-146.68
-146.69
-146.67
-146.66
-146.67
-146.62
-146.57
-146.54
-146.55
-146.54
-146.52
-146.54
-146.55
-146.54
-146.51
-146.5
-146.49
-146.45
-146.43
-146.41
-146.41
-146.41
-146.4
-146.4
-146.37
-146.35
-146.32
-146.31
-146.29
-146.26
-146.23
-146.21
-146.21
-146.2
-146.2
-146.17
-146.16
-146.13
-146.11
-146.09
-146.05
-146.04
-146.02
-146
-145.99
-145.98
-145.96
-145.94
-145.94
-145.88
-145.85
-145.85
-145.85
-145.83
-145.82
-145.8
-145.79
-145.77
-145.75
-145.75
-145.73
-145.71
-145.71
-145.7
-145.69
-145.67
-145.68
-145.67
-145.66
-145.65
-145.57
-145.45
-145.34
-145.26
-145.19
-145.1
-145.01
-144.91
-144.82
-144.74
-144.64
-144.55
-144.48
-144.4
-144.32
-144.24
-144.16
-144.06
-143.97
-143.89
-143.79
-143.65
-143.5
-143.38
-143.28
-143.16
-143.03
-142.92
-142.8
-142.66
-142.53
-142.41
-142.29
-142.16
-142.05
-141.94
-141.82
-141.7
-141.58
-141.47
-141.3
-141.12
-140.97
-140.82
-140.67
-140.53
-140.39
-140.23
-140.05
-139.9
-139.74
-139.59
-139.43
-139.29
-139.13
-138.95
-138.79
-138.64
-138.5
-138.32
-138.13
-137.9
-137.67
-137.46
-137.27
-137.09
-136.88
-136.68
-136.48
-136.27
-136.06
-135.84
-135.62
-135.4
-135.2
-135.01
-134.83
-134.65
-134.46
-134.24
-133.97
-133.7
-133.43
-133.16
-132.91
-132.68
-132.48
-132.27
-132.07
-131.87
-131.61
-131.33
-131.1
-130.86
-130.57
-130.3
-130.08
-129.89
-129.69
-129.49
-129.27
-128.98
-128.65
-128.37
-128.11
-127.79
-127.45
-127.2
-126.99
-126.78
-126.54
-126.32
-126.08
-125.76
-125.43
-125.16
-124.86
-124.51
-124.19
-123.96
-123.75
-123.51
-123.27
-123.01
-122.68
-122.3
-121.94
-121.63
-121.29
-120.91
-120.6
-120.37
-120.17
-119.96
-119.7
-119.41
-119.07
-118.69
-118.32
-117.97
-117.63
-117.27
-116.98
-116.76
-116.56
-116.33
-116.05
-115.74
-115.4
-115
-114.59
-114.24
-113.95
-113.66
-113.39
-113.18
-112.98
-112.72
-112.42
-112.1
-111.74
-111.31
-110.9
-110.55
-110.26
-109.98
-109.72
-109.49
-109.22
-108.92
-108.61
-108.27
-107.87
-107.44
-107.06
-106.72
-106.42
-106.18
-105.93
-105.63
-105.32
-105.02
-104.71
-104.35
-103.96
-103.59
-103.24
-102.93
-102.71
-102.49
-102.2
-101.85
-101.52
-101.22
-100.89
-100.54
-100.19
-99.869
-99.563
-99.286
-99.031
-98.751
-98.444
-98.109
-97.757
-97.387
-97.021
-96.695
-96.402
-96.122
-95.831
-95.564
-95.277
-94.94
-94.59
-94.266
-93.905
-93.503
-93.144
-92.846
-92.576
-92.319
-92.088
-91.812
-91.5
-91.181
-90.841
-90.472
-90.097
-89.711
-89.328
-88.999
-88.752
-88.56
-88.316
-88.022
-87.712
-87.396
-87.05
-86.672
-86.285
-85.938
-85.618
-85.301
-85.047
-84.812
-84.553
-84.27
-83.961
-83.612
-83.223
-82.879
-82.548
-82.22
-81.907
-81.645
-81.375
-81.076
-80.786
-80.525
-80.216
-79.857
-79.493
-79.168
-78.856
-78.597
-78.349
-78.066
-77.756
-77.442
-77.129
-76.781
-76.41
-76.061
-75.724
-75.419
-75.142
-74.923
-74.682
-74.396
-74.066
-73.701
-73.327
-72.95
-72.566
-72.175
-71.822
-71.539
-71.298
-71.061
-70.785
-70.482
-70.164
-69.814
-69.421
-69.017
-68.629
-68.275
-67.97
-67.695
-67.455
-67.196
-66.936
-66.65
-66.332
-65.992
-65.634
-65.267
-64.913
-64.579
-64.29
-64.042
-63.77
-63.458
-63.136
-62.803
-62.473
-62.114
-61.762
-61.436
-61.147
-60.873
-60.612
-60.333
-60.025
-59.714
-59.377
-59.019
-58.641
-58.273
-57.933
-57.629
-57.38
-57.16
-56.929
-56.652
-56.329
-55.999
-55.642
-55.266
-54.885
-54.522
-54.191
-53.91
-53.679
-53.436
-53.164
-52.86
-52.555
-52.274
-51.946
-51.557
-51.171
-50.823
-50.533
-50.294
-50.028
-49.732
-49.42
-49.114
-48.792
-48.436
-48.065
-47.728
-47.436
-47.192
-46.934
-46.663
-46.376
-46.084
-45.762
-45.407
-45.027
-44.635
-44.293
-43.989
-43.713
-43.469
-43.247
-43.014
-42.737
-42.415
-42.053
-41.689
-41.329
-40.961
-40.615
-40.281
-40.014
-39.775
-39.517
-39.216
-38.871
-38.538
-38.213
-37.872
-37.517
-37.149
-36.836
-36.57
-36.344
-36.073
-35.74
-35.379
-35.03
-34.704
-34.338
-33.967
-33.639
-33.371
-33.124
-32.884
-32.639
-32.358
-32.061
-31.748
-31.403
-30.997
-30.587
-30.244
-29.97
-29.715
-29.464
-29.206
-28.944
-28.682
-28.37
-28.041
-27.664
-27.283
-26.956
-26.672
-26.407
-26.13
-25.848
-25.57
-25.272
-24.942
-24.585
-24.218
-23.876
-23.557
-23.279
-23.029
-22.787
-22.547
-22.291
-21.985
-21.629
-21.271
-20.885
-20.489
-20.135
-19.823
-19.54
-19.291
-19.073
-18.84
-18.552
-18.221
-17.892
-17.547
-17.195
-16.842
-16.533
-16.245
-15.979
-15.733
-15.449
-15.118
-14.782
-14.453
-14.133
-13.803
-13.452
-13.145
-12.891
-12.684
-12.463
-12.236
-11.932
-11.603
-11.26
-10.905
-10.533
-10.172
-9.8388
-9.5584
-9.3409
-9.1294
-8.8689
-8.5551
-8.2641
-7.9763
-7.6484
-7.289
-6.9227
-6.5973
-6.2969
-6.0546
-5.91
-5.7423
-5.4895
-5.2153
-4.9495
-4.6906
-4.4151
-4.1658
-3.932
-3.7292
-3.5849
-3.4593
-3.3062
-3.0775
-2.8131
-2.5405
-2.2825
-2.0074
-1.7191
-1.4549
-1.2271
-1.0743
-0.99391
-0.88929
-0.70144
-0.45884
-0.22533
0.0044631
0.20636
0.41737
0.61448
0.8089
0.98282
1.1011
1.2083
1.3771
1.6222
1.8864
2.1599
2.4171
2.5912
2.7138
2.8608
3.0108
3.1047
3.1776
3.2595
3.3873
3.5435
3.7577
3.9913
4.1936
4.3153
4.4391
4.5872
4.7103
4.8193
4.9408
5.0695
5.1921
5.3542
5.5333
5.6858
5.7811
5.8543
5.9421
6.0144
6.076
6.1598
6.2571
6.3628
6.4895
6.6504
6.8436
7.0148
7.1239
7.2056
7.2773
7.345
7.4191
7.4771
7.5247
7.56
7.6287
7.7536
7.884
7.9699
8.0234
8.0609
8.0895
8.122
8.194
8.3082
8.3983
8.4479
8.5336
8.671
8.8263
8.9208
8.958
8.9436
8.8918
8.8616
8.9049
8.9883
9.025
9.0482
9.1197
9.2346
9.3357
9.3915
9.426
9.4301
9.3967
9.3911
9.4615
9.5526
9.5898
9.6104
9.6728
9.7247
9.7264
9.7255
9.7297
9.705
9.6358
9.5874
9.5949
9.616
9.6337
9.6902
9.7503
9.7941
9.7957
9.7897
9.8096
9.8238
9.7796
9.7162
9.6909
9.6885
9.6609
9.6868
9.7427
9.772
9.7467
9.709
9.716
9.7325
9.7219
9.7163
9.705
9.6916
9.6693
9.6834
9.7599
9.8148
9.8194
9.7874
9.7503
9.7287
9.6933
9.6546
9.6195
9.5885
9.555
9.5266
9.5503
9.6003
9.6566
9.6756
9.6491
9.6134
9.5833
9.5582
9.5554
9.5505
9.5316
9.4859
9.4676
9.4782
9.5014
9.5335
9.5349
9.5026
9.4607
9.4331
9.4202
9.4245
9.4549
9.4532
9.417
9.4139
9.4353
9.4776
9.5362
9.5633
9.5258
9.475
9.4338
9.3922
9.3869
9.4022
9.3885
9.3217
9.2797
9.2757
9.3128
9.3669
9.3922
9.379
9.3363
9.2845
9.2557
9.2501
9.2711
9.2801
9.2423
9.2141
9.2293
9.2614
9.2766
9.2794
9.2489
9.2116
9.187
9.1625
9.1458
9.1575
9.1503
9.0996
9.082
9.0878
9.129
9.1642
9.1735
9.1612
9.1466
9.1476
9.1267
9.098
9.0668
9.037
8.9693
8.926
8.9393
8.9622
8.9739
8.9598
8.942
8.9167
8.9386
8.9467
8.9282
8.8975
8.8708
8.8545
8.8336
8.8436
8.8871
8.9132
8.9141
8.9083
8.8975
8.8878
8.9016
8.8946
8.8515
8.7925
8.7567
8.7311
8.7152
8.7136
8.7538
8.7715
8.7777
8.7878
8.8005
8.8151
8.8231
8.802
8.7608
8.7189
8.6893
8.6675
8.6322
8.6177
8.6154
8.6089
8.6091
8.6052
8.5996
8.5985
8.6032
8.5773
8.5421
8.508
8.4982
8.4939
8.4731
8.4851
8.5022
8.5296
8.5504
8.5533
8.562
8.5666
8.5491
8.5332
8.4813
8.4487
8.4204
8.3936
8.3616
8.3286
8.3192
8.3458
8.356
8.3751
8.3748
8.3703
8.3534
8.3347
8.3316
8.328
8.3047
8.2787
8.255
8.2395
8.2484
8.2348
8.2497
8.2458
8.2563
8.252
8.2455
8.2242
8.1963
8.1621
8.1469
8.1274
8.1121
8.088
8.0761
8.0805
8.0719
8.0775
8.0841
8.0848
8.0917
8.0829
8.0681
8.0355
7.9952
7.978
7.9604
7.9396
7.8988
7.8723
7.8652
7.8656
7.86
7.8635
7.8791
7.907
7.9295
7.914
7.8747
7.8739
7.8874
7.8957
7.873
7.8389
7.8111
7.8202
7.822
7.8266
7.8102
7.8273
7.8365
7.8556
7.8435
7.8027
7.7696
7.7676
7.7617
7.7516
7.7102
7.6979
7.6933
7.7038
7.6885
7.6751
7.6843
7.726
7.7664
7.7797
7.7484
7.7281
7.7069
7.7115
7.6853
7.6677
7.6213
7.6131
7.6062
7.6065
7.585
7.5798
7.6052
7.6386
7.6487
7.6442
7.6264
7.6457
7.6584
7.6544
7.6048
7.5709
7.5604
7.57
7.585
7.5631
7.5421
7.5223
7.5514
7.5675
7.5698
7.548
7.5301
7.5275
7.5153
7.4888
7.4461
7.4059
7.391
7.3932
7.3942
7.3751
7.3759
7.3862
7.415
7.4251
7.4416
7.4347
7.4407
7.469
7.4593
7.4211
7.3729
7.3427
7.3155
7.291
7.2659
7.2401
7.2208
7.2189
7.2291
7.2308
7.204
7.1994
7.2178
7.2465
7.2461
7.2395
7.1913
7.1592
7.1341
7.1146
7.0919
7.0784
7.1033
7.1317
7.1476
7.1151
7.0983
7.094
7.1317
7.1447
7.1544
7.1164
7.1013
7.0759
7.0604
7.0358
6.9907
6.9581
6.9404
6.9744
6.9876
6.979
6.9415
6.9503
6.978
7.0261
7.0511
7.0474
7.0205
6.9656
6.9446
6.9259
6.9122
6.8526
6.8217
6.8153
6.8338
6.8281
6.8177
6.7873
6.7758
6.7865
6.817
6.853
6.8478
6.8399
6.8088
6.8201
6.8057
6.7932
6.7558
6.7337
6.7211
6.7482
6.778
6.7622
6.7149
6.6759
6.6829
6.7153
6.7476
6.7357
6.7086
6.6506
6.6253
6.6364
6.6428
6.5887
6.5211
6.4816
6.4765
6.5037
6.5255
6.4927
6.447
6.4231
6.4516
6.5137
6.5587
6.5576
6.5165
6.481
6.4632
6.4959
6.4949
6.4719
6.4118
6.3936
6.3792
6.4069
6.4027
6.3776
6.3281
6.3041
6.3142
6.3431
6.3598
6.3457
6.3186
6.2889
6.2781
6.275
6.265
6.2712
6.2635
6.2678
6.2677
6.2691
6.2547
6.2192
6.1981
6.2031
6.2254
6.2327
6.2494
6.2462
6.2344
6.2211
6.2128
6.219
6.2086
6.1846
6.1571
6.1308
6.1303
6.1327
6.1353
6.0976
6.0544
6.0272
6.0631
6.1126
6.1403
6.1371
6.1052
6.0782
6.0812
6.0971
6.121
6.0951
6.0618
6.0156
5.9984
5.9848
5.9847
5.9635
5.9234
5.8841
5.8689
5.8885
5.9012
5.9127
5.922
5.8891
5.8678
5.8538
5.8755
5.9057
5.9328
5.9394
5.9036
5.8592
5.8398
5.8395
5.8607
5.8691
5.8545
5.8176
5.8142
5.8445
5.8696
5.8708
5.8422
5.8201
5.7964
5.8007
5.8254
5.8459
5.8257
5.768
5.7223
5.6758
5.6809
5.7142
5.7219
5.7202
5.6724
5.6622
5.6593
5.6973
5.7123
5.709
5.6923
5.6874
5.6862
5.7082
5.7169
5.7308
5.6979
5.6521
5.6028
5.5739
5.5879
5.5774
5.5609
5.5268
5.4823
5.4589
5.4581
5.493
5.5064
5.509
5.5006
5.465
5.4717
5.4796
5.5009
5.484
5.4782
5.4569
5.4252
5.4179
5.4439
5.4368
5.4287
5.4068
5.3782
5.3662
5.3792
5.4123
5.4089
5.4212
5.3913
5.3652
5.3533
5.3677
5.3782
5.3895
5.3787
5.3546
5.3281
5.3086
5.3101
5.3132
5.3018
5.2854
5.2864
5.2697
5.2806
5.2899
5.2894
5.2762
5.2772
5.2616
5.2703
5.2694
5.2859
5.2856
5.2751
5.2575
5.2244
5.2231
5.1909
5.1879
5.1704
5.1416
5.1249
5.124
5.1191
5.1212
5.1196
5.1086
5.1165
5.1206
5.1481
5.1509
5.1618
5.1585
5.1678
5.1748
5.1773
5.1782
5.1686
5.1537
5.1388
5.1298
5.1116
5.0948
5.0613
5.0517
5.0219
5.0082
5.0119
5.0035
5.0067
4.9924
4.9754
4.972
4.9738
4.9834
4.9908
4.9799
4.9696
4.9613
4.9438
4.9454
4.9451
4.9465
4.9387
4.9214
4.9086
4.8996
4.8877
4.8947
4.8962
4.8947
4.8956
4.8732
4.8761
4.8541
4.8557
4.8512
4.8467
4.8519
4.8294
4.8125
4.7807
4.7626
4.7508
4.7485
4.7443
4.7193
4.6975
4.6864
4.684
4.697
4.7097
4.7085
4.7165
4.7101
4.7236
4.7224
4.7398
4.76
4.7714
4.7738
4.7588
4.7496
4.7405
4.742
4.7435
4.7264
4.7135
4.6848
4.6658
4.6471
4.6307
4.6174
4.6018
4.5855
4.5826
4.6016
4.5859
4.5838
4.5579
4.5602
4.5756
4.5866
4.6014
4.5981
4.585
4.5784
4.5795
4.5948
4.6038
4.6038
4.6068
4.603
4.5904
4.5964
4.5901
4.5974
4.5843
4.562
4.5808
4.5829
4.5903
4.5789
4.5725
4.5715
4.5611
4.5531
4.5539
4.5453
4.5315
4.5122
4.5032
4.4885
4.499
4.4729
4.4569
4.4366
4.4247
4.4345
4.4367
4.4403
4.4512
4.4494
4.459
4.4515
4.4632
4.4543
4.4621
4.4519
4.4741
4.4761
4.461
4.4442
4.4184
4.4021
4.3857
4.3569
4.3463
4.3145
4.2928
4.2709
4.2557
4.2418
4.2241
4.201
4.1942
4.1947
4.1928
4.1742
4.1922
4.189
4.2057
4.2009
4.2261
4.2404
4.2415
4.2178
4.2107
4.2111
4.2036
4.1999
4.1938
4.2023
4.2094
4.1726
4.1649
4.15
4.1272
4.1264
4.1017
4.1067
4.0899
4.0761
4.0815
4.097
4.0979
4.0731
4.0649
4.0558
4.0568
4.0597
4.056
4.0615
4.0382
4.0357
4.042
4.068
4.0598
4.0418
4.0104
3.9933
3.9934
3.9902
3.9955
3.9998
4.0005
4.0159
4.0277
4.0143
4.0115
3.9831
3.9678
3.9848
3.9895
3.9921
3.9861
3.976
3.9678
3.9592
3.9516
3.9228
3.9238
3.8957
3.8901
3.8869
3.8838
3.884
3.8674
3.8651
3.8848
3.9116
3.9184
3.9355
3.9073
3.8879
3.8599
3.8768
3.8919
3.9282
3.9304
3.9195
3.914
3.8783
3.8789
3.8606
3.834
3.8154
3.8087
3.7957
3.7899
3.7744
3.7582
3.7317
3.7163
3.7217
3.7262
3.7427
3.7199
3.7109
3.6829
3.6733
3.6787
3.6924
3.7067
3.7273
3.7288
3.7289
3.7269
3.7175
3.7093
3.6892
3.6875
3.6811
3.7178
3.7144
3.7046
3.6741
3.6166
3.591
3.596
3.5948
3.5976
3.5872
3.5609
3.5591
3.5459
3.5657
3.5658
3.5698
3.5517
3.5395
3.5402
3.5468
3.5543
3.5409
3.5156
3.5075
3.5164
3.5359
3.5574
3.5641
3.5422
3.5193
3.4937
3.4874
3.4997
3.5212
3.5323
3.5279
3.5388
3.5168
3.5288
3.5027
3.4783
3.4691
3.4799
3.4873
3.5037
3.4873
3.4737
3.4637
3.4565
3.4699
3.4754
3.4756
3.4658
3.4448
3.4306
3.402
3.3989
3.387
3.3782
3.3851
3.4025
3.4167
3.4353
3.4391
3.4184
3.4121
3.3984
3.4071
3.4326
3.4692
3.4787
3.465
3.4705
3.4637
3.4653
3.4646
3.4102
3.3939
3.3845
3.3937
3.4046
3.3954
3.3571
3.321
3.2919
3.2941
3.307
3.3177
3.2898
3.2421
3.2047
3.2041
3.2101
3.2552
3.2576
3.2456
3.2362
3.2293
3.2465
3.2732
3.2754
3.2552
3.2293
3.2322
3.261
3.3106
3.3244
3.3147
3.2849
3.2698
3.2544
3.2678
3.257
3.198
3.1783
3.1868
3.191
3.2024
3.1748
3.1489
3.1281
3.1216
3.14
3.1479
3.1443
3.0977
3.0594
3.0544
3.0803
3.1116
3.1355
3.1303
3.0901
3.0914
3.1079
3.1265
3.1558
3.1281
3.0968
3.0694
3.0953
3.1254
3.1564
3.1539
3.1207
3.0733
3.0884
3.097
3.0982
3.0762
3.0336
3.0131
3.0465
3.0685
3.0705
3.0745
3.0338
3.0145
3.0272
3.055
3.0721
3.0459
3.0081
2.9799
2.9689
3.0122
3.0344
3.0464
3.029
3.0096
2.9797
2.994
2.9998
3.0093
3.0026
2.9857
2.9698
2.9966
3.02
3.0327
3.0354
3.013
3.0081
2.9827
3.0084
3.0099
2.991
2.9935
2.9829
2.9682
2.9918
2.9828
2.9601
2.9452
2.9187
2.8967
2.8939
2.8964
2.8639
2.8324
2.7963
2.7888
2.789
2.8093
2.808
2.7919
2.7728
2.7723
2.7498
2.7508
2.7716
2.7645
2.7789
2.7754
2.7906
2.8073
2.8304
2.8439
2.8423
2.8331
2.8363
2.8296
2.8306
2.8395
2.8268
2.815
2.805
2.7889
2.7663
2.7827
2.7523
2.7274
2.7061
2.6784
2.6587
2.6777
2.6797
2.6602
2.6437
2.6152
2.6189
2.6028
2.6202
2.6363
2.6362
2.6486
2.6522
2.6537
2.6702
2.6882
2.6806
2.6857
2.6963
2.705
2.7041
2.7203
2.7234
2.7159
2.7189
2.7163
2.718
2.6981
2.7002
2.6903
2.6595
2.6502
2.6427
2.61
2.616
2.6275
2.5893
2.589
2.5739
2.5706
2.5868
2.5969
2.5934
2.5683
2.556
2.5587
2.5601
2.5574
2.5771
2.5796
2.5687
2.5735
2.5767
2.5652
2.5616
2.5793
2.5652
2.5561
2.5594
2.5601
2.5627
2.5706
2.5693
2.5627
2.5694
2.5647
2.5681
2.5406
2.5416
2.5511
2.5205
2.5377
2.5304
2.5016
2.5067
2.5058
2.4691
2.4417
2.4097
2.3921
2.4059
2.4184
2.4114
2.3738
2.3287
2.303
2.2851
2.2945
2.3027
2.3022
2.2725
2.2459
2.2436
2.2383
2.2414
2.2565
2.261
2.2449
2.2601
2.2727
2.278
2.3121
2.3083
2.3135
2.3174
2.3246
2.3416
2.3421
2.3515
2.3579
2.3394
2.3048
2.3087
2.2995
2.269
2.2654
2.2303
2.1823
2.1536
2.1482
2.1599
2.1571
2.1529
2.1124
2.0662
2.033
2.0268
2.0263
2.0271
2.0346
2.0284
2.0227
1.9965
2.0115
2.0349
2.0329
2.0657
2.0719
2.0755
2.0983
2.1254
2.1524
2.1648
2.1699
2.1618
2.1705
2.1844
2.1995
2.213
2.1962
2.1921
2.1755
2.1447
2.1398
2.1248
2.0874
2.0531
2.0317
1.9889
1.9655
1.9679
1.9766
1.9776
1.957
1.9401
1.9042
1.8794
1.8976
1.8983
1.9084
1.908
1.9106
1.9316
1.9367
1.9559
1.979
1.9669
1.9473
1.9484
1.9731
1.993
2.0291
2.0386
2.0181
2.0149
2.0137
2.0122
1.9944
1.9633
1.9373
1.9243
1.9193
1.9193
1.907
1.8593
1.8227
1.8144
1.7837
1.7611
1.7239
1.6808
1.665
1.682
1.7382
1.7499
1.7256
1.7107
1.689
1.6883
1.6979
1.7088
1.706
1.6872
1.6857
1.7003
1.7359
1.7505
1.7698
1.7685
1.7341
1.7232
1.7334
1.7183
1.7228
1.74
1.7162
1.7094
1.7306
1.7359
1.7143
1.699
1.6746
1.669
1.6705
1.6556
1.6716
1.653
1.6268
1.646
1.6559
1.6336
1.6009
1.582
1.5441
1.5439
1.574
1.5979
1.5833
1.5563
1.5349
1.5319
1.5428
1.5663
1.5784
1.5571
1.538
1.5119
1.5067
1.5189
1.5237
1.5417
1.5385
1.5237
1.522
1.5485
1.5649
1.5587
1.572
1.5697
1.5533
1.5915
1.6096
1.5885
1.5939
1.5985
1.6032
1.6099
1.6034
1.5859
1.5582
1.5367
1.5177
1.5325
1.5226
1.4826
1.4519
1.4422
1.459
1.4877
1.4846
1.4514
1.4059
1.3599
1.3509
1.3608
1.3593
1.3494
1.3313
1.3006
1.2658
1.2646
1.2809
1.2764
1.2622
1.2601
1.2703
1.2938
1.3144
1.3515
1.3556
1.3469
1.3728
1.3806
1.371
1.3752
1.3666
1.3367
1.3377
1.3655
1.3798
1.3775
1.3652
1.3161
1.2924
1.2864
1.2602
1.2346
1.192
1.1315
1.1005
1.1331
1.1619
1.1624
1.1278
1.0854
1.0293
1.0196
1.0424
1.0463
1.0441
1.0168
0.995
1.0279
1.0514
1.0627
1.0937
1.0907
1.0887
1.1015
1.1287
1.1466
1.1436
1.1609
1.1735
1.1743
1.2187
1.2558
1.2327
1.2088
1.1858
1.1779
1.1866
1.1878
1.1904
1.1634
1.1288
1.1159
1.1046
1.1112
1.0821
1.0137
0.95157
0.90279
0.92047
0.95532
0.98433
0.97902
0.92251
0.89809
0.95179
0.97077
0.97195
0.96535
0.94739
0.95028
0.9545
0.9573
0.9736
0.97609
0.98042
1.0065
1.0507
1.0844
1.0787
1.0693
1.0537
1.0249
1.0419
1.0714
1.0494
1.0417
1.0319
0.99759
0.98559
1.0024
1.0027
0.95708
0.9056
0.87145
0.83568
0.84876
0.865
0.81749
0.77741
0.7576
0.74079
0.74864
0.77781
0.78641
0.77415
0.76123
0.75713
0.7641
0.75798
0.76354
0.7653
0.76043
0.77234
0.80196
0.8176
0.81379
0.79125
0.77971
0.79547
0.80615
0.82877
0.84964
0.83441
0.82325
0.81576
0.82864
0.84987
0.84065
0.81433
0.79646
0.75778
0.74898
0.75315
0.75723
0.75333
0.72513
0.72066
0.72232
0.71553
0.72231
0.70789
0.66194
0.63464
0.62179
0.60599
0.61421
0.62186
0.61385
0.636
0.65005
0.64022
0.62635
0.63764
0.63444
0.60526
0.60555
0.64646
0.63814
0.62407
0.62965
0.63181
0.61652
0.62666
0.63889
0.64601
0.64407
0.62885
0.60739
0.61818
0.63351
0.63613
0.63975
0.6506
0.65162
0.64023
0.65951
0.67449
0.63782
0.63863
0.64821
0.61794
0.62265
0.63351
0.63413
0.62742
0.61844
0.58389
0.55265
0.54253
0.53538
0.52632
0.52199
0.53349
0.53697
0.51526
0.51801
0.49428
0.4502
0.43566
0.44927
0.43664
0.41735
0.40821
0.40769
0.39016
0.36992
0.35424
0.3621
0.35927
0.35592
0.35127
0.34605
0.34749
0.33607
0.33752
0.38211
0.39539
0.40965
0.43219
0.43783
0.4374
0.4461
0.45883
0.48076
0.4741
0.44173
0.42535
0.43223
0.42766
0.43297
0.43138
0.41681
0.39315
0.34651
0.31221
0.3021
0.28561
0.26288
0.24182
0.23135
0.21345
0.19698
0.17624
0.17381
0.16193
0.12665
0.10464
0.11725
0.11502
0.10745
0.10541
0.11454
0.1138
0.10787
0.13073
0.17409
0.16889
0.16768
0.19636
0.2013
0.21609
0.27547
0.30838
0.34498
0.35363
0.32722
0.30009
0.32877
0.35881
0.35327
0.35627
0.36845
0.34504
0.30274
0.28837
0.29976
0.27118
0.23847
0.22562
0.20636
0.15258
0.12094
0.10012
0.071066
0.054166
0.035663
0.0053091
0.00091619
0.0017671
-0.015587
-0.042995
-0.033334
-0.025412
-0.032514
-0.041764
-0.0090265
0.023845
0.010137
0.024492
0.070527
0.072433
0.089983
0.14471
0.17772
0.17193
0.15787
0.1438
0.13676
0.16643
0.20745
0.23018
0.22224
0.20807
0.18183
0.13907
0.13728
0.15124
0.13322
0.074105
0.049343
0.031208
-0.029272
-0.061841
-0.05665
-0.069994
-0.12585
-0.15428
-0.18074
-0.21174
-0.22462
-0.23514
-0.25076
-0.26387
-0.26865
-0.26699
-0.26718
-0.24083
-0.20653
-0.20916
-0.2221
-0.17183
-0.14092
-0.13491
-0.10056
-0.055006
-0.061382
-0.10272
-0.10602
-0.085301
-0.06987
-0.055488
-0.037132
-0.031748
-0.049215
-0.057286
-0.054799
-0.063139
-0.063218
-0.05553
-0.071479
-0.11247
-0.10655
-0.11354
-0.14892
-0.17512
-0.16976
-0.20732
-0.26552
-0.27078
-0.27062
-0.31098
-0.34652
-0.34031
-0.32995
-0.36251
-0.38041
-0.3693
-0.35679
-0.3588
-0.32821
-0.31051
-0.31814
-0.29036
-0.25634
-0.24056
-0.21987
-0.18058
-0.19376
-0.22983
-0.21927
-0.1731
-0.1479
-0.14271
-0.13183
-0.11998
-0.13842
-0.15848
-0.13517
-0.10469
-0.12153
-0.1396
-0.14136
-0.16573
-0.1897
-0.18111
-0.18654
-0.2082
-0.20964
-0.23143
-0.28458
-0.30018
-0.28261
-0.30111
-0.3358
-0.34647
-0.33617
-0.356
-0.39299
-0.38845
-0.36457
-0.38672
-0.41565
-0.39529
-0.38611
-0.40992
-0.38884
-0.3503
-0.33382
-0.33669
-0.35499
-0.3881
-0.40815
-0.38163
-0.34313
-0.33133
-0.33421
-0.33418
-0.34905
-0.36194
-0.3716
-0.3437
-0.32677
-0.34666
-0.36943
-0.36306
-0.37964
-0.39708
-0.38151
-0.3734
-0.39277
-0.41275
-0.43018
-0.4526
-0.45021
-0.43621
-0.45591
-0.48365
-0.47957
-0.47794
-0.49515
-0.50497
-0.49673
-0.49251
-0.49565
-0.51518
-0.49273
-0.46728
-0.48026
-0.48105
-0.44069
-0.40867
-0.42569
-0.46652
-0.48622
-0.48552
-0.49001
-0.46568
-0.43634
-0.42811
-0.45319
-0.45833
-0.45674
-0.45124
-0.43467
-0.41571
-0.41914
-0.45294
-0.46122
-0.44619
-0.46251
-0.48337
-0.464
-0.48053
-0.52967
-0.55161
-0.54086
-0.53887
-0.54768
-0.54833
-0.56028
-0.56692
-0.55871
-0.55954
-0.55743
-0.54509
-0.54499
-0.55392
-0.53712
-0.53517
-0.52824
-0.51589
-0.50919
-0.48123
-0.44585
-0.43573
-0.49132
-0.52566
-0.51421
-0.50033
-0.51085
-0.48567
-0.46524
-0.48578
-0.52534
-0.52522
-0.50669
-0.51023
-0.52326
-0.52256
-0.52687
-0.55958
-0.57558
-0.57921
-0.58652
-0.61744
-0.63358
-0.65107
-0.69642
-0.73062
-0.71082
-0.71978
-0.76598
-0.7605
-0.74695
-0.75417
-0.77741
-0.77421
-0.75465
-0.75096
-0.76399
-0.76103
-0.73966
-0.72141
-0.72311
-0.69646
-0.65464
-0.63687
-0.60895
-0.61769
-0.6398
-0.66887
-0.66628
-0.6446
-0.62897
-0.62914
-0.62632
-0.64134
-0.66919
-0.6752
-0.66221
-0.656
-0.67793
-0.68762
-0.68535
-0.70721
-0.75629
-0.76402
-0.75176
-0.75936
-0.79369
-0.80898
-0.80728
-0.82604
-0.83884
-0.82648
-0.8356
-0.86037
-0.85557
-0.84526
-0.85194
-0.8682
-0.83537
-0.82183
-0.83102
-0.82314
-0.79925
-0.78596
-0.78261
-0.76164
-0.70819
-0.67872
-0.67618
-0.6884
-0.71443
-0.71385
-0.72925
-0.72979
-0.6999
-0.66504
-0.6872
-0.71924
-0.7191
-0.7118
-0.71551
-0.71749
-0.71788
-0.74008
-0.74457
-0.7642
-0.78264
-0.80362
-0.80077
-0.81157
-0.83282
-0.85969
-0.87062
-0.87025
-0.87512
-0.90036
-0.91577
-0.89317
-0.91454
-0.9291
-0.92045
-0.8963
-0.90747
-0.90674
-0.89119
-0.89455
-0.90258
-0.87902
-0.87869
-0.87969
-0.85972
-0.82374
-0.81659
-0.83314
-0.84834
-0.87007
-0.89517
-0.90816
-0.88156
-0.86204
-0.86536
-0.89245
-0.90937
-0.92355
-0.90022
-0.90212
-0.90603
-0.91532
-0.90998
-0.93251
-0.95422
-0.96977
-0.97279
-0.97504
-0.97054
-0.9906
-1.0122
-0.99618
-1.0043
-1.0232
-1.0436
-1.0303
-1.0375
-1.0542
-1.0582
-1.0442
-1.0351
-1.0364
-1.0577
-1.0532
-1.0374
-1.0279
-1.0367
-1.026
-1.0055
-0.99483
-0.98
-0.96323
-0.95391
-0.97238
-0.98476
-0.97971
-0.99966
-1.0149
-0.96933
-0.94344
-0.97193
-1.0098
-0.99174
-0.98373
-1.005
-1.0095
-0.98619
-0.96809
-0.99813
-1.0377
-1.0473
-1.0365
-1.0303
-1.0342
-1.0368
-1.0306
-1.0471
-1.0738
-1.0861
-1.0752
-1.0955
-1.1028
-1.0838
-1.0786
-1.1018
-1.0702
-1.059
-1.0818
-1.1084
-1.0666
-1.0468
-1.0495
-1.0649
-1.0476
-1.0183
-1.0079
-1.014
-0.99941
-0.97993
-0.97145
-1.0019
-1.0096
-0.99024
-0.97437
-1.0015
-1.0168
-0.99978
-1.0068
-1.0222
-1.0166
-1.0224
-1.0569
-1.0699
-1.0558
-1.066
-1.109
-1.1313
-1.1269
-1.138
-1.1734
-1.1769
-1.168
-1.1855
-1.2268
-1.2544
-1.2494
-1.2358
-1.2479
-1.2621
-1.2529
-1.2182
-1.237
-1.255
-1.2393
-1.2201
-1.2201
-1.2241
-1.1916
-1.1778
-1.1652
-1.1581
-1.1399
-1.1359
-1.1133
-1.0743
-1.07
-1.0947
-1.095
-1.0879
-1.0867
-1.1053
-1.1053
-1.1224
-1.1182
-1.1268
-1.1265
-1.1446
-1.1455
-1.1551
-1.1715
-1.2007
-1.2021
-1.2032
-1.2055
-1.2291
-1.2442
-1.2667
-1.2455
-1.2453
-1.2778
-1.3182
-1.3011
-1.2849
-1.3016
-1.3142
-1.2705
-1.2544
-1.2832
-1.297
-1.2455
-1.2121
-1.2089
-1.2002
-1.1813
-1.1766
-1.1696
-1.1493
-1.1318
-1.1207
-1.1168
-1.104
-1.0923
-1.0855
-1.09
-1.0888
-1.0815
-1.0871
-1.1312
-1.1491
-1.1204
-1.1101
-1.1636
-1.1925
-1.1786
-1.1694
-1.2124
-1.2361
-1.2151
-1.2043
-1.2466
-1.2657
-1.262
-1.2634
-1.2826
-1.2918
-1.3054
-1.311
-1.3194
-1.3189
-1.3279
-1.3447
-1.3546
-1.3507
-1.3393
-1.3282
-1.34
-1.3527
-1.325
-1.2884
-1.3142
-1.3373
-1.3048
-1.2664
-1.2945
-1.3168
-1.2756
-1.2351
-1.2536
-1.2711
-1.2556
-1.2505
-1.2586
-1.2538
-1.2682
-1.2738
-1.2796
-1.2729
-1.289
-1.2988
-1.3096
-1.2979
-1.324
-1.339
-1.3442
-1.3377
-1.3457
-1.3516
-1.3855
-1.4033
-1.4099
-1.4001
-1.4292
-1.4448
-1.4462
-1.4241
-1.4548
-1.4638
-1.458
-1.4553
-1.4697
-1.4614
-1.4505
-1.4625
-1.4611
-1.4239
-1.4108
-1.4325
-1.4368
-1.3822
-1.3749
-1.3976
-1.3996
-1.3565
-1.3407
-1.3577
-1.3687
-1.3467
-1.3235
-1.3248
-1.3385
-1.3427
-1.3292
-1.3056
-1.3376
-1.3576
-1.3552
-1.3385
-1.3534
-1.3626
-1.3695
-1.3591
-1.385
-1.3881
-1.3816
-1.3839
-1.4145
-1.4071
-1.3982
-1.4144
-1.4524
-1.4597
-1.4299
-1.4324
-1.4669
-1.4773
-1.4593
-1.4404
-1.4588
-1.4828
-1.4741
-1.4406
-1.4389
-1.4591
-1.4569
-1.4403
-1.4205
-1.4488
-1.4563
-1.4409
-1.4247
-1.4309
-1.442
-1.446
-1.4485
-1.4572
-1.4535
-1.4475
-1.4806
-1.514
-1.5034
-1.4888
-1.5179
-1.5547
-1.5517
-1.5377
-1.5603
-1.5911
-1.5695
-1.5614
-1.5627
-1.5931
-1.5883
-1.5951
-1.5823
-1.5825
-1.5707
-1.5972
-1.6127
-1.5921
-1.5704
-1.5703
-1.5845
-1.5898
-1.5626
-1.5683
-1.5829
-1.598
-1.584
-1.5725
-1.5854
-1.6223
-1.6122
-1.581
-1.5769
-1.6192
-1.6402
-1.6103
-1.5808
-1.609
-1.6221
-1.6045
-1.6113
-1.6301
-1.6358
-1.6127
-1.6206
-1.646
-1.635
-1.619
-1.6354
-1.6455
-1.6439
-1.6296
-1.6337
-1.6542
-1.6591
-1.6248
-1.6082
-1.6108
-1.6318
-1.6208
-1.5888
-1.5722
-1.5946
-1.6016
-1.5971
-1.5614
-1.5892
-1.6114
-1.5993
-1.5618
-1.5679
-1.5928
-1.6031
-1.5894
-1.5946
-1.6023
-1.5979
-1.6115
-1.6281
-1.6181
-1.6193
-1.6326
-1.6497
-1.6482
-1.6285
-1.6389
-1.6594
-1.6641
-1.6539
-1.6473
-1.6635
-1.6795
-1.6766
-1.6851
-1.6736
-1.6729
-1.6884
-1.6992
-1.6842
-1.6886
-1.6926
-1.7111
-1.7122
-1.713
-1.7035
-1.7069
-1.7175
-1.748
-1.7331
-1.7302
-1.7333
-1.7753
-1.7841
-1.7442
-1.7373
-1.794
-1.8157
-1.7713
-1.7457
-1.7946
-1.8286
-1.7894
-1.775
-1.7888
-1.8213
-1.8036
-1.7923
-1.7835
-1.805
-1.7925
-1.793
-1.7941
-1.7923
-1.7898
-1.7904
-1.796
-1.8034
-1.8047
-1.8103
-1.8156
-1.8259
-1.847
-1.8261
-1.8239
-1.8393
-1.8694
-1.8706
-1.8421
-1.8464
-1.8882
-1.8982
-1.8684
-1.8523
-1.8778
-1.8919
-1.872
-1.8667
-1.8773
-1.8712
-1.8702
-1.8701
-1.8621
-1.8388
-1.8356
-1.8556
-1.8598
-1.8159
-1.8027
-1.8345
-1.8518
-1.8158
-1.7781
-1.7989
-1.8267
-1.8217
-1.8109
-1.8015
-1.8254
-1.8403
-1.8279
-1.8241
-1.8257
-1.8455
-1.8526
-1.848
-1.8375
-1.8426
-1.8625
-1.8853
-1.8788
-1.8993
-1.9014
-1.9011
-1.8978
-1.9214
-1.9265
-1.9064
-1.8842
-1.9126
-1.9452
-1.9088
-1.8737
-1.8872
-1.9285
-1.9099
-1.8741
-1.88
-1.9126
-1.9188
-1.9044
-1.88
-1.8983
-1.9093
-1.9201
-1.9193
-1.9026
-1.9028
-1.9294
-1.9475
-1.9565
-1.9407
-1.9529
-1.9803
-1.99
-1.9888
-1.9753
-2.0061
-2.0226
-2.0183
-2.0122
-2.011
-2.0236
-2.0486
-2.0564
-2.0477
-2.0308
-2.0451
-2.073
-2.0685
-2.0448
-2.0311
-2.0511
-2.0559
-2.0357
-2.0326
-2.0371
-2.0271
-2.0203
-2.032
-2.0366
-2.0297
-2.0128
-2.0276
-2.0482
-2.0269
-1.9971
-2.0119
-2.0461
-2.0522
-2.0157
-2.0207
-2.0397
-2.0682
-2.0519
-2.0239
-2.0293
-2.0631
-2.0882
-2.0899
-2.0576
-2.0504
-2.0759
-2.0879
-2.0795
-2.0498
-2.0701
-2.0866
-2.0831
-2.0531
-2.0539
-2.0708
-2.0767
-2.0465
-2.0627
-2.0611
-2.0674
-2.0513
-2.0685
-2.0809
-2.0575
-2.0364
-2.0595
-2.0786
-2.0519
-2.0192
-2.0327
-2.0714
-2.0644
-2.0597
-2.0391
-2.0603
-2.0605
-2.0657
-2.0798
-2.0772
-2.0625
-2.0688
-2.0872
-2.1025
-2.0807
-2.0709
-2.0826
-2.1015
-2.0998
-2.0853
-2.0996
-2.1253
-2.1279
-2.1195
-2.0967
-2.1079
-2.1435
-2.1688
-2.1508
-2.1188
-2.122
-2.1901
-2.1929
-2.1609
-2.1248
-2.1822
-2.2157
-2.2011
-2.17
-2.1939
-2.2286
-2.2175
-2.1787
-2.201
-2.2301
-2.2272
-2.2124
-2.2166
-2.2375
-2.2262
-2.2182
-2.2355
-2.256
-2.2364
-2.2179
-2.2276
-2.2567
-2.2529
-2.2327
-2.2107
-2.2242
-2.2378
-2.2318
-2.2432
-2.2352
-2.2382
-2.2405
-2.2537
-2.2537
-2.2334
-2.2291
-2.2484
-2.2615
-2.2437
-2.2356
-2.2448
-2.2582
-2.2542
-2.2514
-2.2281
-2.2319
-2.2398
-2.263
-2.2581
-2.2236
-2.2032
-2.2523
-2.2737
-2.2458
-2.201
-2.2208
-2.2755
-2.2702
-2.2261
-2.1994
-2.2386
-2.2581
-2.2306
-2.2064
-2.2196
-2.2609
-2.2535
-2.2359
-2.2402
-2.2493
-2.2405
-2.2497
-2.2494
-2.2687
-2.2467
-2.2501
-2.2663
-2.2898
-2.2795
-2.2727
-2.2753
-2.2977
-2.2981
-2.2974
-2.2882
-2.2941
-2.2899
-2.2874
-2.2927
-2.2727
-2.269
-2.2814
-2.2872
-2.2912
-2.2576
-2.2741
-2.2899
-2.3017
-2.291
-2.2913
-2.2953
-2.3072
-2.3062
-2.3275
-2.319
-2.3151
-2.3076
-2.353
-2.3789
-2.352
-2.3349
-2.3686
-2.4268
-2.4223
-2.3715
-2.3776
-2.4387
-2.4626
-2.4219
-2.3961
-2.4255
-2.4758
-2.4513
-2.4305
-2.4241
-2.4522
-2.4558
-2.4522
-2.4353
-2.4382
-2.4305
-2.4307
-2.4359
-2.4379
-2.4233
-2.4194
-2.423
-2.4351
-2.4345
-2.424
-2.4316
-2.4347
-2.4397
-2.4424
-2.441
-2.4368
-2.4375
-2.4453
-2.443
-2.4451
-2.4252
-2.4462
-2.4646
-2.4609
-2.4442
-2.4305
-2.451
-2.4629
-2.4524
-2.4576
-2.4629
-2.4493
-2.4407
-2.4424
-2.4741
-2.4476
-2.4166
-2.404
-2.4502
-2.4621
-2.4136
-2.3788
-2.4031
-2.451
-2.4298
-2.3779
-2.3905
-2.4372
-2.4555
-2.4103
-2.3806
-2.4051
-2.449
-2.4374
-2.4259
-2.4037
-2.4225
-2.4371
-2.454
-2.4498
-2.453
-2.4404
-2.4653
-2.4744
-2.4789
-2.4702
-2.4578
-2.4711
-2.4824
-2.4726
-2.4657
-2.465
-2.4782
-2.4794
-2.4714
-2.4632
-2.4661
-2.4692
-2.4915
-2.4864
-2.4743
-2.4589
-2.4791
-2.4955
-2.4931
-2.474
-2.4712
-2.505
-2.5065
-2.5034
-2.5057
-2.535
-2.5377
-2.5253
-2.5181
-2.5662
-2.5735
-2.5568
-2.5316
-2.5637
-2.6108
-2.59
-2.5486
-2.5667
-2.6158
-2.6327
-2.5829
-2.5632
-2.5964
-2.6413
-2.6246
-2.5941
-2.5702
-2.6023
-2.6113
-2.6051
-2.5916
-2.5863
-2.5882
-2.6067
-2.6082
-2.6118
-2.593
-2.5828
-2.6103
-2.6131
-2.6128
-2.5846
-2.5944
-2.621
-2.6253
-2.5988
-2.5817
-2.5899
-2.614
-2.6209
-2.6075
-2.5825
-2.5848
-2.6026
-2.6237
-2.6008
-2.5772
-2.5742
-2.6135
-2.6188
-2.5943
-2.5534
-2.5792
-2.5936
-2.5838
-2.5485
-2.5519
-2.5857
-2.5852
-2.5551
-2.5444
-2.5781
-2.5872
-2.5673
-2.5462
-2.5769
-2.6054
-2.5857
-2.5568
-2.571
-2.6125
-2.6223
-2.5886
-2.5852
-2.6085
-2.6367
-2.6327
-2.618
-2.617
-2.6377
-2.6285
-2.638
-2.6272
-2.6286
-2.6189
-2.6203
-2.6349
-2.6366
-2.6136
-2.5979
-2.6185
-2.6424
-2.6441
-2.5909
-2.5967
-2.6206
-2.6557
-2.6473
-2.6144
-2.6156
-2.6491
-2.6755
-2.6732
-2.6423
-2.6471
-2.6822
-2.7163
-2.709
-2.6852
-2.6812
-2.7312
-2.747
-2.7262
-2.6896
-2.6926
-2.7444
-2.7568
-2.7255
-2.7054
-2.7221
-2.7543
-2.7451
-2.7165
-2.74
-2.7362
-2.7436
-2.716
-2.7236
-2.7406
-2.7295
-2.7153
-2.7157
-2.733
-2.7384
-2.722
-2.7172
-2.7414
-2.7639
-2.7454
-2.7317
-2.7385
-2.7693
-2.7609
-2.738
-2.7526
-2.7591
-2.77
-2.7451
-2.7484
-2.7713
-2.773
-2.7424
-2.7301
-2.743
-2.7847
-2.7615
-2.7287
-2.7297
-2.7557
-2.7853
-2.7447
-2.7152
-2.7181
-2.7433
-2.7472
-2.7209
-2.6827
-2.6937
-2.7118
-2.7311
-2.7115
-2.6749
-2.6835
-2.7099
-2.7286
-2.7094
-2.6685
-2.6871
-2.7133
-2.7377
-2.7136
-2.691
-2.7064
-2.7312
-2.7492
-2.7403
-2.7446
-2.7403
-2.7598
-2.7652
-2.7819
-2.7681
-2.7503
-2.7551
-2.7794
-2.7949
-2.7741
-2.7461
-2.7638
-2.8036
-2.8046
-2.7713
-2.7357
-2.7733
-2.8033
-2.7959
-2.7565
-2.7538
-2.7927
-2.8029
-2.779
-2.7632
-2.7837
-2.8111
-2.7925
-2.783
-2.7969
-2.8364
-2.8356
-2.8178
-2.8235
-2.847
-2.8614
-2.8345
-2.8335
-2.8454
-2.869
-2.8447
-2.8399
-2.8343
-2.8569
-2.8677
-2.8506
-2.8568
-2.8448
-2.85
-2.8417
-2.8465
-2.8575
-2.839
-2.8223
-2.8294
-2.8417
-2.8636
-2.8449
-2.8314
-2.8329
-2.8519
-2.8707
-2.8595
-2.8348
-2.8395
-2.8572
-2.8798
-2.8711
-2.8422
-2.8452
-2.8627
-2.9013
-2.8848
-2.8491
-2.842
-2.8827
-2.9056
-2.8844
-2.8307
-2.8362
-2.8752
-2.8949
-2.865
-2.8193
-2.8392
-2.857
-2.8701
-2.8331
-2.8232
-2.8227
-2.8242
-2.819
-2.8138
-2.8265
-2.8152
-2.8004
-2.8048
-2.8307
-2.8347
-2.8008
-2.7792
-2.8113
-2.8441
-2.8289
-2.7871
-2.7814
-2.8287
-2.8604
-2.8249
-2.8032
-2.8112
-2.8707
-2.8706
-2.8318
-2.8284
-2.8435
-2.8807
-2.8549
-2.842
-2.8449
-2.8499
-2.849
-2.8384
-2.8302
-2.8462
-2.8626
-2.8405
-2.8345
-2.8406
-2.8661
-2.8639
-2.8554
-2.8553
-2.8618
-2.8775
-2.881
-2.8776
-2.875
-2.8812
-2.9002
-2.908
-2.9157
-2.9024
-2.9012
-2.9178
-2.9221
-2.9316
-2.9092
-2.9174
-2.9254
-2.9382
-2.942
-2.9328
-2.9239
-2.9305
-2.9343
-2.9495
-2.9586
-2.9313
-2.9248
-2.9213
-2.9629
-2.9556
-2.9122
-2.8879
-2.9142
-2.9668
-2.9545
-2.9008
-2.8889
-2.9409
-2.9844
-2.96
-2.9018
-2.9133
-2.9643
-2.9954
-2.9569
-2.9257
-2.9383
-2.9722
-2.9848
-2.9584
-2.9536
-2.958
-2.9603
-2.9561
-2.9531
-2.9625
-2.959
-2.9352
-2.947
-2.9659
-2.98
-2.9454
-2.9046
-2.9253
-2.9532
-2.9525
-2.9069
-2.8836
-2.91
-2.9465
-2.9228
-2.8908
-2.8772
-2.9132
-2.9254
-2.9019
-2.8884
-2.8938
-2.9159
-2.9106
-2.9038
-2.8963
-2.9122
-2.9158
-2.9163
-2.9235
-2.9282
-2.9407
-2.9322
-2.9347
-2.9368
-2.9417
-2.9441
-2.9444
-2.9396
-2.9412
-2.9426
-2.9535
-2.9576
-2.9489
-2.94
-2.9449
-2.9682
-2.9784
-2.9662
-2.9507
-2.9659
-2.9813
-2.9872
-2.9772
-2.9707
-2.9805
-2.9904
-2.9867
-2.9977
-3.0062
-3.0064
-3.0094
-3.0083
-3.0499
-3.0511
-3.0395
-3.0231
-3.0355
-3.08
-3.0743
-3.0398
-3.0183
-3.0603
-3.1016
-3.0865
-3.0298
-3.0291
-3.0771
-3.1104
-3.0788
-3.0303
-3.0401
-3.0749
-3.0863
-3.0524
-3.0334
-3.0353
-3.0575
-3.0516
-3.0502
-3.0617
-3.0617
-3.0478
-3.039
-3.066
-3.0881
-3.0689
-3.0299
-3.0434
-3.0917
-3.1097
-3.0668
-3.0249
-3.0488
-3.102
-3.1091
-3.0595
-3.033
-3.0526
-3.1044
-3.0902
-3.0569
-3.038
-3.0576
-3.0971
-3.0764
-3.0531
-3.0379
-3.041
-3.0534
-3.0461
-3.03
-3.0243
-3.0141
-3.0198
-3.0219
-3.0244
-3.0192
-3.0071
-3.0028
-3.0113
-3.0161
-2.9919
-2.9887
-2.9817
-2.9938
-2.9948
-2.9983
-3.0013
-3
-3.0059
-3.0079
-3.0297
-3.0327
-3.03
-3.0135
-3.0269
-3.0364
-3.0343
-3.021
-3.0157
-3.042
-3.0396
-3.0357
-3.0146
-3.0388
-3.044
-3.0293
-3.0138
-3.019
-3.0696
-3.0531
-3.0322
-3.0111
-3.0467
-3.0892
-3.0673
-3.0335
-3.0338
-3.0896
-3.1168
-3.0977
-3.0538
-3.0761
-3.1278
-3.1449
-3.1243
-3.0904
-3.1182
-3.148
-3.1418
-3.1275
-3.118
-3.1364
-3.1414
-3.1326
-3.1417
-3.1517
-3.1484
-3.1278
-3.1162
-3.1435
-3.1646
-3.1328
-3.0886
-3.0965
-3.1404
-3.1654
-3.1156
-3.0741
-3.0931
-3.1501
-3.1649
-3.1255
-3.097
-3.1181
-3.1638
-3.1641
-3.1368
-3.1121
-3.1352
-3.1564
-3.1547
-3.1472
-3.1387
-3.1407
-3.1341
-3.1525
-3.1533
-3.1473
-3.1273
-3.1119
-3.1356
-3.1508
-3.135
-3.0953
-3.0663
-3.0815
-3.1017
-3.0974
-3.0714
-3.0461
-3.061
-3.0779
-3.0774
-3.0631
-3.0464
-3.0527
-3.0737
-3.0839
-3.0615
-3.0489
-3.0373
-3.0689
-3.0784
-3.0696
-3.0561
-3.0354
-3.0756
-3.0877
-3.0909
-3.0691
-3.0669
-3.0961
-3.1081
-3.1033
-3.0787
-3.0991
-3.1016
-3.1058
-3.0868
-3.0771
-3.1057
-3.1021
-3.0941
-3.0674
-3.0962
-3.1224
-3.1188
-3.0922
-3.087
-3.1221
-3.1358
-3.1201
-3.0976
-3.1154
-3.1474
-3.1477
-3.1215
-3.1251
-3.1535
-3.1679
-3.1514
-3.1344
-3.1657
-3.1943
-3.1882
-3.1527
-3.1573
-3.1874
-3.2028
-3.1461
-3.105
-3.1228
-3.1727
-3.2005
-3.1332
-3.1085
-3.1386
-3.1916
-3.1957
-3.1405
-3.1178
-3.1398
-3.1745
-3.1546
-3.1312
-3.1067
-3.1332
-3.1411
-3.129
-3.1362
-3.134
-3.1446
-3.13
-3.1357
-3.1543
-3.1633
-3.1412
-3.1197
-3.1352
-3.1663
-3.1804
-3.1369
-3.1169
-3.1321
-3.1788
-3.1874
-3.1496
-3.1206
-3.1346
-3.1729
-3.1818
-3.1626
-3.1299
-3.1338
-3.1532
-3.1721
-3.1592
-3.133
-3.1144
-3.1166
-3.1401
-3.1278
-3.1098
-3.0857
-3.0988
-3.129
-3.1343
-3.1137
-3.0945
-3.1019
-3.1198
-3.1365
-3.1198
-3.1147
-3.1044
-3.1196
-3.1426
-3.1407
-3.1477
-3.1305
-3.1279
-3.1469
-3.1719
-3.1852
-3.1649
-3.1356
-3.144
-3.1796
-3.192
-3.1738
-3.1362
-3.1442
-3.1903
-3.1957
-3.1676
-3.1387
-3.1517
-3.1971
-3.1938
-3.1652
-3.1469
-3.1669
-3.1933
-3.1836
-3.158
-3.1651
-3.199
-3.2028
-3.1877
-3.1755
-3.2057
-3.2371
-3.2226
-3.2024
-3.2142
-3.2597
-3.2786
-3.2503
-3.229
-3.2559
-3.296
-3.2931
-3.2578
-3.251
-3.277
-3.3004
-3.2793
-3.2567
-3.2781
-3.2937
-3.2971
-3.258
-3.2516
-3.2783
-3.2983
-3.2646
-3.2221
-3.2402
-3.2804
-3.3089
-3.25
-3.2319
-3.2551
-3.2964
-3.3113
-3.2511
-3.2409
-3.2614
-3.3075
-3.3199
-3.2962
-3.2757
-3.2977
-3.3255
-3.3069
-3.3118
-3.2914
-3.3059
-3.3059
-3.3021
-3.3141
-3.303
-3.2985
-3.2848
-3.2892
-3.3069
-3.3134
-3.2816
-3.2502
-3.2571
-3.2793
-3.2924
-3.2635
-3.2301
-3.2383
-3.2626
-3.2872
-3.276
-3.2393
-3.2336
-3.245
-3.2785
-3.2804
-3.2602
-3.2341
-3.2384
-3.2746
-3.2946
-3.2844
-3.248
-3.2508
-3.284
-3.3149
-3.3088
-3.2756
-3.2642
-3.2915
-3.3214
-3.3123
-3.2869
-3.2751
-3.2842
-3.3028
-3.3076
-3.2936
-3.2971
-3.2821
-3.2944
-3.3038
-3.3162
-3.3204
-3.2884
-3.2776
-3.2959
-3.3379
-3.3416
-3.3119
-3.2773
-3.3066
-3.362
-3.3634
-3.3326
-3.2931
-3.3349
-3.3908
-3.3948
-3.3603
-3.3352
-3.3595
-3.4027
-3.3978
-3.3622
-3.3612
-3.3827
-3.4049
-3.3903
-3.3776
-3.3915
-3.4142
-3.3962
-3.3822
-3.3841
-3.4088
-3.4263
-3.3854
-3.3682
-3.3811
-3.4183
-3.4142
-3.3691
-3.3549
-3.3956
-3.4369
-3.4159
-3.3767
-3.3695
-3.4096
-3.4332
-3.4035
-3.3757
-3.387
-3.4235
-3.4304
-3.3938
-3.3835
-3.4024
-3.4298
-3.4076
-3.3694
-3.3751
-3.4052
-3.438
-3.3987
-3.3738
-3.3806
-3.4136
-3.417
-3.3725
-3.3527
-3.3633
-3.3963
-3.3819
-3.3566
-3.3335
-3.3471
-3.365
-3.3528
-3.3455
-3.3397
-3.3431
-3.3446
-3.3335
-3.3366
-3.3531
-3.3445
-3.3353
-3.3254
-3.343
-3.3676
-3.3671
-3.3461
-3.3448
-3.369
-3.3935
-3.407
-3.3719
-3.3636
-3.375
-3.3973
-3.4145
-3.3971
-3.3734
-3.3715
-3.3895
-3.4169
-3.4221
-3.393
-3.375
-3.3868
-3.4246
-3.4394
-3.4162
-3.3803
-3.3904
-3.4238
-3.4497
-3.4402
-3.4026
-3.4141
-3.4336
-3.4624
-3.4541
-3.4355
-3.4312
-3.4416
-3.4666
-3.4851
-3.4946
-3.4841
-3.4708
-3.4745
-3.4976
-3.5251
-3.5175
-3.4741
-3.4646
-3.4924
-3.552
-3.5443
-3.4975
-3.477
-3.5098
-3.5702
-3.5571
-3.5118
-3.4574
-3.4948
-3.5402
-3.54
-3.4989
-3.4625
-3.4888
-3.5172
-3.5362
-3.505
-3.5004
-3.5107
-3.5153
-3.5179
-3.5079
-3.5287
-3.5355
-3.5108
-3.497
-3.5166
-3.5528
-3.5574
-3.5099
-3.4812
-3.5207
-3.5689
-3.5657
-3.5123
-3.4735
-3.5227
-3.5697
-3.552
-3.4917
-3.4635
-3.4961
-3.5381
-3.5162
-3.4669
-3.4602
-3.4748
-3.5171
-3.4829
-3.4599
-3.4651
-3.4839
-3.4838
-3.4518
-3.459
-3.4712
-3.4997
-3.4636
-3.4497
-3.4588
-3.49
-3.5068
-3.462
-3.4522
-3.4754
-3.5172
-3.5216
-3.4846
-3.4706
-3.4939
-3.5248
-3.5179
-3.4855
-3.4755
-3.492
-3.5189
-3.5017
-3.4862
-3.4934
-3.5075
-3.5168
-3.4941
-3.4995
-3.5093
-3.5233
-3.5146
-3.4976
-3.5032
-3.5222
-3.5408
-3.5341
-3.5164
-3.5233
-3.5418
-3.5437
-3.5444
-3.5415
-3.5439
-3.5542
-3.5791
-3.585
-3.5936
-3.573
-3.5711
-3.5804
-3.5883
-3.6043
-3.5873
-3.5786
-3.5809
-3.6013
-3.6125
-3.6144
-3.5842
-3.5889
-3.5932
-3.599
-3.6067
-3.5864
-3.5734
-3.5582
-3.5731
-3.5793
-3.5985
-3.5706
-3.557
-3.5604
-3.5721
-3.612
-3.5908
-3.5608
-3.5479
-3.5744
-3.6232
-3.6189
-3.5769
-3.5427
-3.5643
-3.6081
-3.6166
-3.5802
-3.5316
-3.5612
-3.5945
-3.6107
-3.5876
-3.55
-3.5646
-3.5762
-3.5859
-3.572
-3.5649
-3.5605
-3.5549
-3.5478
-3.5512
-3.5668
-3.5679
-3.5298
-3.5228
-3.5551
-3.6227
-3.6371
-3.5865
-3.5447
-3.5538
-3.6381
-3.6512
-3.6017
-3.536
-3.5561
-3.6306
-3.6556
-3.615
-3.5606
-3.5872
-3.64
-3.6706
-3.6326
-3.611
-3.6132
-3.6438
-3.6497
-3.6303
-3.6237
-3.6293
-3.6312
-3.6113
-3.6207
-3.6387
-3.6623
-3.6328
-3.594
-3.6103
-3.6545
-3.6796
-3.6415
-3.584
-3.6009
-3.6634
-3.7024
-3.663
-3.6019
-3.6049
-3.6662
-3.7074
-3.6687
-3.6351
-3.6363
-3.6896
-3.7253
-3.7019
-3.6862
-3.6886
-3.7079
-3.7253
-3.7038
-3.7048
-3.7165
-3.727
-3.7167
-3.716
-3.739
-3.7473
-3.7494
-3.6956
-3.7114
-3.7281
-3.7469
-3.7362
-3.6888
-3.6945
-3.718
-3.7476
-3.729
-3.699
-3.689
-3.7224
-3.7445
-3.7376
-3.7109
-3.7074
-3.7204
-3.7444
-3.7313
-3.7189
-3.7216
-3.7219
-3.7358
-3.7192
-3.7236
-3.7224
-3.7308
-3.7208
-3.7115
-3.7154
-3.7231
-3.7307
-3.7152
-3.7042
-3.7028
-3.7102
-3.7136
-3.7038
-3.6813
-3.6734
-3.6771
-3.68
-3.6723
-3.6614
-3.6531
-3.6505
-3.6501
-3.6631
-3.6588
-3.655
-3.6425
-3.654
-3.6628
-3.6615
-3.6624
-3.6497
-3.6555
-3.6601
-3.6773
-3.6735
-3.6813
-3.6898
-3.6955
-3.6895
-3.6812
-3.6898
-3.709
-3.6873
-3.675
-3.6731
-3.6906
-3.7254
-3.6955
-3.6749
-3.6566
-3.7024
-3.7294
-3.7192
-3.6705
-3.6585
-3.7088
-3.7279
-3.7351
-3.6859
-3.6732
-3.7065
-3.7315
-3.7351
-3.7172
-3.6994
-3.7237
-3.7317
-3.7372
-3.7421
-3.7602
-3.7613
-3.7466
-3.7436
-3.7555
-3.8055
-3.7884
-3.754
-3.7316
-3.7535
-3.8179
-3.8147
-3.7579
-3.7221
-3.7566
-3.821
-3.8267
-3.7711
-3.7153
-3.7433
-3.7939
-3.8088
-3.7639
-3.7082
-3.7298
-3.7719
-3.7847
-3.76
-3.7374
-3.7374
-3.7623
-3.7557
-3.7594
-3.77
-3.7815
-3.7658
-3.7443
-3.7492
-3.7904
-3.8111
-3.7671
-3.7201
-3.7212
-3.795
-3.8267
-3.7861
-3.7069
-3.7115
-3.7717
-3.8281
