2063,3830,5216,6147,6935,7471,7804,8205,8620,9175,9268,9181
2064,3832,5214,6145,6933,7469,7802,8208,8617,9170,9265,9176
2065,3829,5215,6144,6936,7464,7803,8210,8616,9175,9261,9175
2066,3826,5214,6144,6936,7464,7807,8205,8612,9178,9261,9170
2065,3825,5214,6144,6937,7464,7805,8205,8617,9181,9262,9174
2064,3827,5216,6148,6935,7468,7800,8201,8617,9177,9267,9177
2062,3829,5219,6151,6932,7467,7799,8203,8615,9172,9269,9179
2061,3829,5217,6148,6936,7464,7800,8206,8613,9171,9267,9184
2061,3829,5214,6146,6938,7467,7803,8206,8614,9172,9265,9179
2061,3830,5213,6144,6934,7470,7803,8206,8618,9177,9261,9178
2061,3831,5217,6140,6935,7471,7798,8202,8613,9178,9259,9174
2062,3831,5219,6141,6938,7471,7803,8200,8612,9174,9261,9177
2061,3832,5219,6145,6940,7469,7804,8203,8609,9172,9267,9179
2061,3832,5217,6147,6939,7470,7800,8202,8611,9168,9263,9183
2060,3833,5217,6148,6937,7474,7799,8206,8614,9172,9262,9182
2058,3833,5214,6146,6934,7470,7795,8209,8615,9173,9257,9178
2058,3832,5215,6143,6938,7468,7799,8205,8614,9179,9261,9176
2058,3830,5216,6140,6942,7467,7796,8204,8611,9174,9265,9176
2057,3831,5220,6142,6939,7470,7792,8198,8614,9171,9267,9182
2058,3831,5219,6146,6938,7472,7791,8202,8616,9174,9265,9178
2057,3832,5216,6148,6941,7471,7796,8205,8612,9177,9260,9177
2056,3836,5214,6149,6941,7468,7797,8208,8612,9181,9259,9173
2056,3835,5217,6147,6940,7468,7794,8205,8609,9175,9254,9170
2057,3833,5219,6145,6939,7472,7791,8200,8611,9173,9260,9176
2058,3830,5219,6140,6936,7473,7788,8199,8614,9168,9261,9178
2058,3831,5217,6139,6939,7471,7794,8201,8610,9172,9258,9176
2059,3833,5218,6143,6942,7467,7796,8203,8610,9175,9255,9171
2057,3835,5218,6145,6937,7464,7794,8206,8611,9179,9251,9170
2055,3833,5216,6145,6937,7468,7791,8206,8615,9175,9255,9173
2054,3830,5217,6143,6941,7471,7792,8204,8611,9170,9256,9176
2052,3828,5220,6140,6942,7468,7799,8203,8607,9168,9262,9180
2053,3829,5221,6137,6941,7463,7795,8198,8606,9170,9265,9175
2054,3832,5218,6141,6939,7467,7792,8202,8607,9175,9262,9175
2055,3835,5216,6144,6935,7472,7792,8202,8612,9175,9257,9170
2055,3833,5217,6145,6939,7467,7792,8205,8607,9174,9255,9168
2054,3832,5220,6142,6943,7465,7796,8203,8603,9171,9259,9169
2053,3831,5220,6140,6940,7467,7795,8198,8603,9168,9262,9174
2051,3833,5221,6136,6938,7469,7791,8195,8604,9171,9266,9178
2049,3835,5220,6137,6936,7475,7791,8191,8608,9171,9262,9175
2049,3836,5217,6141,6937,7472,7793,8192,8604,9172,9262,9172
2049,3836,5213,6143,6941,7470,7794,8198,8602,9168,9264,9167
2050,3834,5215,6140,6940,7473,7794,8198,8601,9166,9268,9174
2051,3834,5219,6138,6936,7474,7791,8201,8602,9161,9270,9175
2052,3834,5221,6136,6935,7471,7794,8197,8606,9165,9267,9180
2053,3836,5218,6137,6937,7472,7796,8191,8602,9169,9264,9175
2052,3838,5215,6139,6938,7468,7797,8190,8601,9171,9260,9174
2051,3838,5215,6143,6938,7471,7797,8186,8604,9167,9257,9171
2050,3837,5217,6145,6938,7474,7793,8189,8606,9163,9258,9174
2049,3836,5217,6141,6939,7470,7789,8191,8610,9163,9264,9177
2049,3835,5217,6139,6942,7468,7787,8191,8605,9165,9266,9179
2048,3836,5221,6137,6945,7466,7788,8195,8603,9169,9265,9178
2048,3836,5220,6133,6941,7468,7791,8197,8607,9170,9260,9174
2050,3837,5217,6136,6939,7467,7791,8193,8609,9167,9258,9173
2050,3837,5214,6140,6938,7465,7787,8189,8607,9165,9262,9175
2051,3837,5216,6142,6940,7462,7787,8184,8603,9161,9265,9178
2050,3836,5217,6139,6943,7467,7788,8183,8603,9165,9269,9182
2048,3836,5218,6139,6941,7470,7790,8186,8606,9165,9263,9179
2046,3837,5219,6138,6937,7467,7790,8188,8602,9171,9262,9176
2045,3839,5219,6138,6941,7467,7787,8190,8599,9168,9258,9171
2045,3838,5217,6142,6945,7468,7790,8191,8593,9165,9263,9178
2044,3837,5213,6141,6947,7471,7794,8195,8598,9167,9264,9180
2045,3834,5215,6139,6945,7470,7788,8192,8601,9170,9269,9177
2046,3834,5217,6137,6943,7467,7787,8188,8603,9175,9267,9172
2046,3836,5219,6140,6940,7466,7785,8184,8600,9170,9263,9169
2046,3839,5216,6141,6943,7469,7786,8179,8596,9168,9266,9167
2046,3839,5213,6142,6943,7470,7790,8184,8602,9163,9269,9170
2046,3838,5214,6142,6939,7469,7787,8186,8604,9168,9275,9173
2047,3836,5216,6141,6937,7467,7785,8187,8602,9171,9270,9174
2047,3836,5216,6138,6941,7463,7786,8191,8599,9174,9268,9174
2046,3838,5218,6140,6942,7468,7787,8185,8600,9169,9262,9170
2045,3841,5217,6143,6940,7470,7786,8182,8605,9165,9266,9168
2044,3838,5215,6144,6939,7467,7783,8180,8606,9164,9270,9169
2044,3836,5212,6145,6941,7468,7779,8176,8604,9159,9273,9173
2044,3834,5209,6145,6944,7469,7786,8180,8599,9164,9271,9178
2045,3834,5213,6143,6947,7472,7788,8180,8601,9164,9266,9174
2045,3838,5215,6140,6943,7475,7785,8184,8607,9163,9265,9172
2046,3840,5216,6139,6941,7471,7783,8187,8602,9160,9266,9167
2046,3838,5213,6142,6940,7469,7778,8183,8600,9157,9272,9172
2044,3836,5212,6143,6942,7473,7783,8182,8595,9160,9273,9175
2043,3834,5210,6145,6945,7475,7787,8177,8598,9160,9271,9179
2041,3835,5210,6145,6943,7474,7782,8180,8603,9166,9268,9175
2040,3838,5212,6141,6939,7470,7780,8183,8597,9162,9264,9172
2040,3839,5215,6137,6938,7466,7777,8185,8596,9159,9268,9171
2042,3840,5217,6137,6942,7472,7779,8188,8591,9154,9270,9172
2043,3837,5214,6139,6939,7475,7785,8184,8594,9158,9276,9177
2044,3835,5212,6138,6937,7472,7781,8181,8599,9162,9272,9178
2043,3835,5212,6142,6936,7471,7778,8180,8595,9163,9270,9177
2043,3837,5213,6142,6936,7472,7776,8176,8594,9161,9264,9173
2041,3839,5214,6138,6940,7475,7777,8180,8594,9154,9268,9170
2039,3839,5211,6135,6940,7475,7782,8181,8598,9154,9273,9166
2039,3840,5212,6139,6937,7472,7780,8182,8596,9155,9276,9169
2039,3839,5211,6140,6936,7470,7776,8187,8591,9159,9273,9174
2040,3838,5212,6137,6939,7474,7781,8183,8589,9160,9269,9175
2040,3836,5213,6136,6939,7475,7782,8180,8589,9163,9269,9173
2042,3836,5216,6135,6938,7474,7784,8176,8594,9163,9271,9169
2041,3837,5214,6136,6938,7472,7785,8177,8592,9158,9276,9167
2040,3840,5211,6138,6934,7469,7781,8182,8588,9162,9277,9171
2040,3839,5209,6141,6937,7473,7780,8182,8587,9163,9275,9174
2040,3839,5213,6143,6936,7473,7775,8186,8587,9169,9272,9177
2039,3837,5215,6139,6932,7470,7778,8183,8592,9170,9269,9171
2039,3835,5217,6138,6931,7471,7783,8179,8589,9167,9272,9171
2039,3836,5213,6138,6936,7467,7780,8179,8585,9163,9274,9167
2039,3838,5212,6139,6937,7470,7779,8175,8589,9159,9274,9171
2038,3840,5210,6141,6935,7474,7783,8177,8589,9164,9269,9174
2039,3838,5211,6144,6934,7469,7783,8180,8594,9166,9266,9170
2040,3835,5212,6141,6930,7468,7781,8180,8591,9170,9269,9169
2041,3832,5216,6137,6934,7467,7778,8186,8588,9164,9273,9164
2041,3834,5214,6137,6933,7468,7781,8182,8591,9164,9277,9168
2042,3837,5210,6140,6930,7472,7782,8179,8592,9167,9273,9168
2042,3839,5207,6141,6928,7469,7786,8177,8597,9169,9269,9174
2041,3840,5210,6144,6931,7465,7786,8178,8594,9172,9265,9171
2039,3838,5212,6145,6932,7470,7782,8182,8591,9173,9271,9169
2037,3836,5212,6142,6930,7472,7786,8184,8593,9173,9272,9164
2036,3836,5210,6141,6931,7475,7788,8186,8595,9169,9278,9160
2038,3837,5211,6141,6928,7472,7784,8184,8595,9173,9273,9166
2038,3838,5209,6143,6931,7467,7785,8179,8592,9173,9272,9168
2039,3836,5210,6144,6935,7471,7781,8177,8589,9178,9270,9172
2039,3835,5211,6147,6931,7476,7784,8174,8593,9175,9273,9166
2038,3835,5214,6149,6930,7472,7787,8175,8593,9171,9276,9166
2037,3837,5212,6145,6935,7470,7788,8178,8593,9169,9272,9162
2035,3839,5210,6145,6937,7467,7788,8178,8590,9168,9272,9165
2035,3840,5207,6144,6934,7467,7786,8182,8589,9174,9268,9167
2035,3841,5210,6141,6933,7473,7788,8180,8590,9176,9273,9169
2035,3839,5213,6143,6929,7470,7791,8175,8593,9174,9274,9168
2037,3839,5214,6146,6932,7467,7789,8174,8592,9170,9280,9162
2038,3839,5211,6147,6938,7470,7786,8168,8587,9167,9277,9161
2038,3836,5211,6148,6935,7471,7787,8172,8592,9172,9273,9155
2038,3837,5213,6148,6933,7473,7789,8177,8592,9174,9269,9160
2038,3837,5213,6147,6931,7474,7791,8177,8595,9172,9272,9163
2037,3840,5214,6144,6933,7470,7790,8180,8595,9165,9278,9165
2036,3843,5214,6143,6935,7467,7786,8174,8590,9164,9280,9163
2036,3842,5214,6145,6936,7471,7786,8171,8595,9166,9279,9158
2036,3839,5212,6145,6933,7470,7789,8170,8596,9170,9274,9157
2037,3836,5212,6147,6930,7469,7789,8166,8593,9173,9273,9159
2036,3839,5215,6151,6934,7467,7793,8169,8591,9169,9277,9164
2036,3840,5217,6153,6935,7463,7788,8170,8587,9168,9280,9159
2035,3842,5213,6150,6933,7466,7786,8172,8591,9163,9283,9157
2036,3843,5211,6150,6933,7468,7785,8176,8593,9167,9286,9155
2036,3839,5211,6148,6930,7465,7785,8173,8590,9167,9285,9157
2036,3837,5214,6149,6928,7465,7790,8171,8588,9167,9281,9161
2036,3837,5215,6151,6932,7467,7786,8166,8589,9164,9280,9163
2034,3838,5216,6156,6929,7469,7781,8168,8593,9161,9281,9169
2032,3839,5215,6157,6927,7472,7787,8173,8588,9164,9286,9164
2030,3839,5213,6155,6927,7468,7789,8173,8587,9165,9288,9162
2029,3840,5210,6155,6929,7466,7791,8176,8584,9171,9287,9158
2031,3841,5211,6152,6931,7471,7790,8178,8587,9167,9285,9162
2032,3841,5215,6154,6931,7472,7785,8174,8590,9166,9281,9166
2033,3839,5218,6157,6927,7470,7786,8173,8585,9161,9288,9168
2034,3836,5214,6161,6924,7467,7788,8168,8584,9165,9290,9165
2033,3833,5211,6157,6929,7463,7790,8172,8587,9168,9294,9160
2032,3835,5209,6155,6931,7467,7789,8173,8590,9170,9290,9160
2030,3838,5211,6154,6929,7469,7785,8174,8592,9168,9290,9162
2027,3840,5211,6155,6928,7465,7782,8179,8588,9164,9287,9165
2027,3841,5211,6156,6924,7464,7788,8175,8588,9164,9291,9167
2028,3839,5212,6161,6927,7461,7789,8172,8590,9165,9293,9164
2029,3837,5211,6160,6933,7461,7787,8170,8593,9169,9297,9163
2030,3836,5208,6157,6930,7466,7783,8165,8589,9170,9296,9159
2029,3835,5208,6156,6928,7463,7780,8170,8585,9168,9292,9163
2029,3836,5212,6159,6926,7460,7785,8172,8584,9167,9291,9164
2028,3836,5210,6159,6927,7459,7788,8174,8587,9162,9291,9171
2028,3837,5207,6157,6930,7460,7785,8172,8590,9166,9298,9166
2028,3837,5204,6158,6930,7458,7783,8168,8587,9167,9302,9164
2028,3837,5207,6155,6927,7456,7778,8166,8583,9173,9299,9160
2028,3836,5211,6152,6930,7452,7783,8169,8583,9169,9295,9163
2027,3837,5212,6156,6934,7455,7786,8171,8585,9167,9292,9169
2027,3837,5209,6158,6931,7458,7783,8174,8588,9163,9298,9169
2027,3839,5208,6159,6928,7453,7783,8173,8584,9166,9301,9167
2026,3840,5207,6157,6929,7453,7783,8178,8579,9171,9305,9162
2028,3839,5207,6156,6931,7450,7785,8175,8586,9167,9299,9161
2029,3837,5207,6154,6933,7451,7791,8170,8587,9164,9300,9165
2029,3834,5210,6156,6932,7456,7788,8167,8591,9158,9296,9167
2029,3835,5210,6159,6929,7452,7786,8162,8586,9164,9300,9170
2030,3837,5208,6156,6926,7448,7789,8165,8583,9166,9302,9172
2028,3840,5205,6153,6931,7453,7790,8169,8587,9163,9307,9172
2027,3842,5203,6153,6933,7454,7790,8170,8589,9159,9305,9167
2026,3840,5205,6152,6930,7457,7787,8173,8587,9155,9301,9165
2026,3837,5206,6153,6929,7455,7785,8173,8581,9161,9299,9166
2028,3835,5207,6156,6925,7450,7789,8170,8578,9162,9301,9172
2028,3838,5206,6160,6928,7453,7789,8168,8583,9166,9307,9175
2028,3839,5205,6156,6933,7456,7792,8164,8584,9162,9308,9171
2028,3839,5202,6153,6930,7458,7791,8163,8583,9161,9308,9169
2027,3840,5203,6153,6928,7456,7787,8163,8578,9158,9304,9165
2025,3838,5206,6156,6927,7453,7791,8165,8582,9154,9303,9171
2025,3837,5203,6157,6928,7453,7793,8169,8587,9158,9306,9173
2025,3837,5200,6160,6931,7458,7795,8170,8582,9160,9309,9177
2025,3838,5197,6158,6931,7461,7795,8174,8580,9159,9314,9172
2025,3839,5200,6155,6928,7457,7791,8170,8574,9153,9308,9171
2027,3840,5203,6158,6926,7456,7795,8166,8579,9151,9308,9169
2027,3841,5204,6162,6930,7451,7798,8164,8582,9152,9303,9171
2027,3841,5201,6164,6927,7455,7793,8166,8585,9157,9308,9176
2026,3841,5200,6161,6924,7459,7794,8169,8582,9159,9310,9177
2024,3838,5199,6160,6924,7456,7796,8170,8577,9161,9315,9176
2024,3838,5196,6158,6926,7453,7798,8172,8582,9158,9312,9172
2024,3840,5196,6159,6928,7456,7797,8171,8584,9153,9309,9169
2024,3843,5200,6162,6928,7456,7792,8167,8582,9154,9306,9171
2024,3845,5203,6167,6925,7461,7792,8165,8580,9155,9309,9175
2023,3844,5200,6164,6926,7464,7796,8167,8574,9159,9315,9180
2023,3843,5197,6161,6931,7460,7797,8167,8580,9160,9317,9176
2022,3840,5195,6165,6933,7459,7801,8172,8583,9157,9316,9174
2021,3839,5197,6166,6930,7460,7797,8174,8580,9155,9311,9168
2022,3841,5198,6167,6930,7462,7793,8177,8578,9151,9317,9175
2022,3842,5199,6168,6927,7460,7793,8173,8573,9156,9322,9177
2021,3843,5199,6167,6929,7457,7795,8168,8579,9155,9324,9181
2022,3843,5199,6164,6934,7453,7797,8167,8581,9161,9321,9177
2020,3840,5196,6162,6932,7457,7800,8163,8584,9158,9317,9174
2019,3841,5196,6165,6929,7457,7796,8166,8581,9154,9317,9174
2018,3841,5199,6166,6933,7454,7796,8168,8576,9149,9318,9176
2018,3841,5199,6164,6934,7452,7796,8168,8575,9152,9324,9181
2020,3841,5195,6164,6931,7448,7796,8174,8578,9157,9326,9175
2021,3842,5193,6163,6931,7452,7800,8170,8581,9159,9324,9174
2022,3844,5194,6164,6928,7454,7796,8166,8578,9156,9321,9171
2023,3844,5199,6168,6929,7450,7795,8164,8573,9150,9319,9174
2022,3842,5199,6170,6934,7449,7800,8160,8573,9150,9322,9178
2020,3840,5197,6166,6930,7452,7801,8164,8573,9152,9325,9181
2019,3840,5196,6165,6926,7453,7805,8167,8576,9156,9331,9180
2019,3842,5195,6165,6926,7456,7802,8169,8579,9159,9327,9175
2019,3845,5195,6162,6929,7452,7798,8171,8575,9154,9326,9174
2019,3845,5195,6164,6930,7449,7804,8167,8573,9154,9320,9175
2021,3844,5198,6168,6929,7448,7806,8166,8569,9150,9327,9182
2021,3843,5199,6169,6926,7450,7807,8164,8573,9155,9330,9184
2021,3844,5197,6166,6928,7453,7806,8165,8574,9156,9334,9181
2019,3846,5197,6165,6934,7450,7801,8168,8577,9161,9331,9177
2018,3849,5199,6165,6932,7446,7805,8169,8580,9158,9328,9174
2018,3846,5202,6166,6928,7445,7808,8172,8576,9153,9327,9179
2018,3843,5199,6168,6933,7449,7810,8175,8574,9150,9330,9182
2018,3840,5196,6171,6934,7450,7809,8171,8570,9152,9335,9187
2017,3842,5195,6169,6930,7448,7804,8169,8574,9158,9336,9181
2017,3845,5199,6166,6930,7445,7802,8163,8577,9159,9336,9181
2018,3848,5200,6166,6928,7446,7807,8160,8574,9156,9332,9178
2018,3849,5200,6165,6929,7451,7808,8165,8573,9151,9332,9182
2018,3846,5199,6165,6934,7449,7811,8166,8568,9149,9333,9185
2019,3844,5197,6168,6931,7445,7808,8169,8573,9155,9337,9187
2020,3844,5199,6171,6928,7444,7803,8170,8576,9156,9336,9187
2020,3845,5199,6168,6933,7445,7802,8172,8577,9154,9331,9183
2019,3847,5202,6166,6935,7446,7805,8171,8575,9149,9330,9188
2018,3847,5202,6166,6937,7451,7807,8167,8569,9149,9331,9189
2017,3844,5199,6170,6936,7448,7805,8165,8568,9151,9337,9195
2015,3844,5196,6171,6933,7446,7801,8167,8570,9155,9340,9192
2016,3844,5198,6170,6934,7449,7799,8168,8574,9151,9338,9189
2017,3846,5201,6168,6939,7449,7804,8174,8576,9147,9333,9186
2018,3847,5198,6164,6942,7452,7805,8174,8571,9146,9331,9189
2018,3847,5194,6167,6938,7451,7804,8177,8571,9147,9336,9195
2019,3849,5193,6172,6937,7446,7801,8173,8567,9152,9339,9197
2018,3848,5197,6169,6938,7450,7799,8168,8570,9147,9343,9196
2017,3847,5198,6167,6940,7452,7804,8167,8573,9146,9338,9191
2015,3847,5198,6167,6940,7447,7806,8162,8569,9143,9338,9190
2015,3848,5200,6165,6937,7447,7803,8166,8569,9146,9334,9194
2016,3848,5199,6165,6934,7449,7801,8168,8565,9148,9338,9197
2017,3851,5197,6168,6937,7451,7797,8169,8568,9144,9340,9200
2017,3851,5197,6173,6939,7455,7802,8173,8570,9145,9339,9202
2018,3849,5198,6170,6935,7451,7804,8174,8566,9145,9336,9201
2018,3847,5202,6168,6935,7448,7802,8171,8565,9150,9334,9196
2018,3848,5204,6167,6938,7453,7801,8168,8562,9151,9337,9195
2016,3849,5201,6163,6940,7455,7797,8162,8565,9149,9339,9196
2017,3851,5199,6164,6938,7451,7800,8161,8567,9146,9345,9201
2016,3853,5198,6169,6936,7448,7804,8164,8564,9142,9347,9205
2016,3850,5199,6168,6933,7444,7801,8165,8563,9146,9345,9202
2017,3847,5199,6165,6937,7447,7800,8168,8564,9147,9339,9200
2017,3845,5201,6163,6941,7452,7798,8169,8568,9148,9339,9195
2016,3848,5201,6161,6936,7447,7799,8167,8570,9144,9342,9202
2016,3851,5199,6162,6935,7444,7805,8163,8567,9149,9345,9204
2016,3853,5197,6164,6932,7446,7801,8159,8565,9151,9348,9208
2015,3850,5198,6170,6933,7447,7799,8156,8567,9148,9344,9205
2014,3849,5201,6168,6938,7447,7797,8156,8571,9147,9343,9204
2013,3848,5202,6164,6936,7445,7798,8160,8566,9149,9339,9202
2014,3851,5198,6168,6933,7445,7803,8163,8564,9154,9344,9205
2014,3852,5197,6171,6932,7449,7801,8165,8569,9154,9345,9209
2014,3853,5197,6171,6934,7450,7797,8162,8570,9153,9351,9211
2013,3850,5196,6170,6935,7446,7796,8157,8574,9149,9353,9210
2012,3849,5197,6171,6935,7446,7797,8155,8569,9146,9350,9205
2012,3852,5198,6168,6933,7442,7800,8153,8568,9149,9346,9204
2013,3855,5200,6170,6930,7445,7800,8153,8572,9152,9344,9206
2014,3856,5198,6174,6934,7448,7797,8157,8573,9157,9348,9210
2015,3853,5194,6171,6936,7443,7797,8157,8576,9152,9351,9210
2016,3851,5192,6168,6933,7442,7798,8160,8571,9150,9355,9207
2015,3851,5196,6168,6933,7445,7799,8164,8569,9145,9349,9204
2014,3853,5198,6172,6936,7446,7806,8159,8566,9150,9349,9205
2012,3854,5199,6173,6938,7445,7802,8158,8567,9154,9345,9212
2012,3851,5196,6175,6936,7441,7801,8154,8572,9150,9348,9215
2013,3848,5195,6174,6934,7436,7799,8151,8566,9147,9350,9214
2014,3848,5192,6170,6929,7441,7801,8156,8565,9143,9354,9209
2015,3851,5193,6172,6934,7444,7805,8157,8562,9150,9353,9206
2014,3852,5194,6176,6938,7445,7803,8160,8564,9151,9350,9204
2014,3853,5198,6180,6934,7443,7801,8161,8568,9149,9348,9208
2013,3851,5197,6177,6933,7439,7799,8156,8562,9146,9349,9213
2013,3850,5193,6176,6935,7441,7801,8155,8560,9145,9355,9208
2013,3850,5191,6175,6935,7447,7805,8151,8557,9148,9357,9208
2012,3852,5194,6176,6940,7443,7809,8149,8559,9151,9356,9203
2013,3852,5195,6178,6939,7441,7805,8151,8561,9149,9350,9209
2012,3851,5195,6179,6936,7439,7804,8152,8556,9144,9348,9210
2012,3849,5193,6177,6939,7439,7800,8156,8556,9145,9352,9215
2011,3849,5193,6173,6942,7443,7803,8158,8551,9147,9355,9214
2010,3852,5190,6171,6937,7447,7809,8155,8554,9152,9359,9211
2011,3854,5192,6174,6936,7442,7804,8151,8558,9147,9354,9210
2012,3853,5193,6174,6935,7441,7802,8145,8552,9146,9353,9212
2012,3851,5195,6174,6936,7443,7801,8151,8551,9151,9348,9217
2013,3850,5196,6174,6938,7443,7801,8153,8547,9152,9346,9219
2011,3849,5192,6171,6937,7443,7806,8154,8550,9156,9346,9225
2010,3851,5191,6173,6932,7440,7810,8156,8553,9151,9352,9219
2009,3851,5191,6176,6931,7437,7805,8156,8548,9152,9356,9217
2009,3851,5194,6178,6936,7440,7803,8163,8549,9148,9353,9214
2010,3850,5194,6175,6937,7441,7799,8159,8545,9152,9350,9210
2011,3850,5191,6175,6935,7443,7803,8157,8548,9155,9346,9213
2011,3850,5192,6175,6933,7442,7808,8154,8550,9151,9352,9216
2012,3852,5190,6176,6928,7438,7804,8155,8546,9151,9354,9222
2012,3853,5189,6179,6932,7440,7804,8160,8545,9145,9359,9224
2011,3851,5190,6178,6936,7443,7801,8161,8540,9151,9353,9223
2009,3850,5194,6174,6933,7437,7803,8163,8545,9152,9352,9218
2008,3850,5193,6171,6930,7435,7808,8161,8545,9158,9349,9217
2008,3852,5191,6177,6928,7433,7806,8157,8541,9154,9352,9221
2007,3852,5188,6179,6928,7434,7803,8156,8541,9150,9355,9224
2009,3851,5191,6180,6933,7438,7802,8154,8536,9147,9351,9228
2011,3849,5193,6179,6932,7434,7803,8155,8540,9149,9351,9229
2012,3850,5193,6177,6928,7431,7809,8159,8542,9156,9347,9236
2011,3852,5190,6173,6932,7431,7811,8159,8539,9150,9351,9233
2010,3854,5191,6175,6935,7432,7807,8157,8539,9149,9352,9232
2009,3852,5190,6180,6930,7434,7807,8155,8541,9144,9358,9227
2008,3850,5190,6182,6929,7433,7803,8150,8545,9149,9355,9233
2008,3849,5191,6179,6929,7428,7807,8148,8539,9154,9352,9236
2008,3851,5194,6177,6930,7426,7811,8148,8538,9150,9348,9240
2008,3853,5192,6175,6933,7430,7808,8152,8536,9147,9349,9237
2009,3853,5189,6176,6931,7431,7806,8156,8539,9142,9355,9231
2008,3851,5186,6179,6927,7429,7803,8157,8543,9149,9358,9231
2008,3850,5186,6183,6926,7427,7804,8155,8537,9151,9355,9233
2007,3851,5189,6180,6930,7423,7805,8149,8535,9150,9349,9238
2006,3853,5189,6177,6932,7426,7803,8146,8533,9146,9349,9239
2006,3854,5190,6176,6930,7428,7801,8144,8536,9144,9351,9238
2006,3852,5189,6177,6928,7430,7805,8145,8534,9148,9356,9237
2006,3850,5188,6178,6928,7433,7806,8149,8528,9151,9358,9234
2006,3851,5183,6182,6932,7430,7811,8149,8527,9149,9355,9239
2005,3852,5180,6181,6932,7427,7810,8151,8531,9144,9354,9241
2005,3853,5183,6178,6928,7431,7806,8156,8533,9150,9350,9247
2005,3853,5185,6177,6926,7432,7805,8151,8531,9152,9354,9242
2006,3852,5187,6179,6929,7435,7807,8149,8526,9149,9356,9242
2007,3851,5184,6180,6930,7432,7810,8145,8526,9145,9355,9238
2009,3851,5182,6182,6927,7429,7810,8142,8529,9142,9351,9242
2008,3854,5180,6186,6926,7427,7806,8147,8533,9147,9350,9247
2009,3855,5181,6185,6922,7431,7806,8148,8530,9148,9351,9250
2008,3855,5181,6181,6926,7432,7807,8151,8524,9153,9354,9247
2006,3853,5184,6181,6929,7430,7810,8152,8530,9147,9359,9243
2005,3852,5184,6182,6925,7427,7816,8148,8532,9145,9354,9250
2006,3852,5182,6182,6923,7422,7813,8148,8535,9141,9351,9252
2006,3852,5180,6185,6928,7425,7810,8145,8533,9145,9346,9257
2008,3853,5183,6185,6930,7428,7809,8147,8528,9147,9351,9251
2009,3851,5184,6183,6927,7429,7809,8149,8533,9144,9353,9250
2008,3851,5184,6180,6926,7432,7814,8149,8536,9143,9358,9248
2007,3850,5184,6183,6922,7428,7818,8155,8533,9140,9352,9251
2006,3853,5185,6185,6926,7424,7815,8151,8530,9144,9350,9254
2006,3853,5185,6186,6930,7422,7813,8147,8531,9146,9346,9255
2005,3854,5184,6185,6928,7424,7809,8145,8537,9144,9349,9261
2006,3853,5184,6184,6925,7425,7812,8141,8539,9142,9352,9257
2006,3852,5187,6180,6929,7428,7817,8140,8536,9144,9354,9254
2005,3851,5189,6183,6930,7423,7818,8142,8532,9149,9353,9249
2005,3851,5186,6186,6928,7421,7822,8143,8534,9143,9348,9254
2006,3852,5184,6186,6928,7419,7821,8147,8539,9143,9346,9257
2006,3850,5184,6183,6925,7415,7818,8148,8536,9138,9347,9261
2008,3850,5186,6183,6928,7418,7818,8146,8534,9142,9352,9257
2008,3850,5188,6187,6932,7419,7821,8143,8531,9145,9355,9252
2008,3852,5189,6188,6928,7419,7824,8138,8533,9141,9352,9252
2007,3853,5191,6191,6926,7424,7822,8137,8539,9141,9350,9254
2006,3853,5188,6189,6931,7421,7819,8137,8535,9142,9345,9260
2006,3852,5185,6185,6933,7416,7820,8140,8533,9148,9351,9260
2007,3851,5181,6182,6930,7414,7823,8145,8535,9142,9353,9259
2007,3849,5184,6187,6929,7410,7826,8145,8537,9142,9357,9257
2008,3850,5188,6189,6926,7412,7826,8143,8536,9138,9351,9253
2008,3851,5188,6190,6928,7416,7822,8137,8531,9143,9351,9257
2007,3852,5186,6189,6933,7418,7827,8133,8530,9139,9347,9259
2006,3852,5183,6186,6930,7414,7832,8132,8531,9136,9350,9265
2005,3852,5181,6182,6928,7411,7832,8131,8535,9136,9353,9260
2005,3853,5177,6185,6927,7406,7833,8135,8534,9138,9355,9259
2004,3854,5178,6189,6928,7405,7829,8136,8529,9142,9360,9254
2005,3855,5181,6190,6931,7408,7831,8138,8527,9137,9356,9258
2005,3855,5184,6191,6931,7408,7838,8137,8529,9135,9355,9263
2006,3854,5182,6191,6928,7411,7840,8133,8532,9133,9350,9265
2005,3853,5178,6189,6927,7412,7838,8129,8532,9136,9356,9262
2006,3853,5176,6189,6930,7408,7835,8125,8528,9139,9359,9257
2006,3854,5178,6193,6931,7408,7837,8122,8532,9135,9356,9256
2007,3856,5179,6196,6928,7406,7843,8127,8532,9135,9353,9252
2007,3855,5180,6197,6928,7406,7845,8129,8531,9136,9351,9256
2008,3855,5178,6194,6931,7410,7842,8131,8530,9141,9355,9257
2007,3853,5177,6193,6932,7410,7840,8132,8525,9142,9357,9262
2006,3854,5174,6189,6932,7408,7836,8133,8529,9139,9362,9259
2005,3855,5175,6190,6928,7407,7841,8133,8530,9137,9356,9256
2005,3857,5178,6194,6930,7402,7845,8129,8534,9139,9356,9252
2005,3856,5180,6196,6935,7405,7846,8126,8532,9143,9352,9254
2006,3854,5177,6193,6933,7407,7846,8122,8529,9144,9356,9260
2007,3851,5174,6192,6929,7407,7842,8123,8532,9143,9358,9262
2008,3852,5172,6191,6928,7410,7839,8129,8533,9139,9356,9259
2008,3854,5176,6192,6930,7413,7845,8129,8533,9142,9354,9254
2007,3855,5177,6194,6931,7409,7847,8132,8530,9143,9350,9252
2006,3854,5179,6198,6932,7406,7846,8128,8526,9146,9354,9256
2005,3853,5181,6196,6930,7401,7843,8122,8530,9145,9356,9259
2005,3853,5179,6192,6928,7396,7839,8121,8530,9140,9362,9256
2005,3854,5176,6192,6932,7402,7845,8118,8530,9145,9358,9251
2006,3857,5173,6194,6933,7403,7848,8120,8526,9145,9357,9250
2007,3856,5171,6194,6930,7404,7845,8124,8524,9150,9352,9252
2007,3854,5175,6193,6929,7408,7842,8124,8527,9146,9356,9256
2006,3853,5177,6192,6932,7402,7837,8122,8527,9142,9361,9257
2004,3852,5175,6189,6934,7398,7842,8120,8527,9147,9356,9261
2004,3855,5174,6186,6933,7398,7847,8122,8525,9148,9353,9259
2004,3855,5174,6190,6930,7398,7848,8126,8523,9147,9348,9255
2004,3854,5174,6191,6928,7400,7848,8126,8526,9142,9349,9251
2004,3852,5175,6187,6933,7403,7843,8123,8527,9141,9351,9253
2003,3853,5177,6187,6934,7402,7848,8122,8532,9142,9355,9259
2001,3853,5176,6186,6932,7402,7854,8118,8529,9146,9356,9260
2001,3856,5175,6187,6931,7399,7850,8122,8526,9144,9354,9258
2001,3855,5172,6189,6928,7395,7849,8123,8528,9139,9352,9252
2002,3854,5174,6192,6929,7393,7851,8120,8530,9143,9349,9249
2002,3852,5177,6188,6934,7393,7854,8120,8530,9144,9353,9253
2003,3853,5178,6185,6932,7394,7860,8116,8527,9149,9353,9255
2003,3855,5178,6185,6929,7399,7856,8119,8523,9145,9359,9259
2001,3858,5177,6187,6933,7401,7855,8121,8526,9142,9356,9253
2000,3857,5177,6188,6935,7402,7858,8122,8528,9139,9354,9253
1999,3855,5177,6191,6935,7399,7859,8121,8527,9141,9349,9249
1999,3856,5176,6190,6935,7395,7859,8116,8523,9146,9353,9253
2000,3857,5178,6186,6933,7393,7856,8114,8521,9141,9356,9255
2001,3859,5181,6184,6930,7393,7859,8115,8522,9140,9360,9259
2002,3860,5182,6189,6933,7393,7863,8116,8525,9140,9357,9256
2004,3859,5179,6190,6935,7395,7859,8121,8524,9145,9352,9252
2003,3857,5177,6191,6932,7396,7856,8119,8519,9142,9352,9249
2001,3855,5176,6191,6932,7398,7855,8115,8516,9139,9353,9250
2000,3857,5174,6189,6931,7396,7857,8113,8519,9136,9357,9257
1999,3861,5175,6188,6932,7388,7861,8113,8521,9137,9359,9258
1999,3862,5177,6192,6937,7387,7863,8117,8520,9142,9358,9262
1999,3860,5180,6196,6934,7387,7859,8120,8515,9139,9355,9258
1999,3858,5177,6193,6930,7388,7860,8116,8514,9136,9351,9256
2001,3860,5173,6190,6935,7393,7862,8115,8515,9130,9354,9254
2001,3862,5170,6189,6938,7394,7865,8110,8519,9133,9358,9257
2000,3861,5170,6190,6935,7395,7863,8113,8518,9137,9357,9260
1999,3858,5173,6191,6934,7393,7858,8116,8513,9133,9351,9261
1999,3855,5173,6195,6932,7388,7858,8117,8518,9130,9349,9259
1999,3857,5174,6194,6933,7385,7861,8116,8519,9124,9350,9255
1999,3860,5174,6191,6937,7389,7863,8110,8517,9130,9356,9252
1999,3862,5171,6187,6936,7389,7867,8108,8515,9133,9359,9254
1999,3861,5168,6190,6932,7392,7862,8112,8511,9129,9356,9257
1998,3858,5169,6192,6931,7394,7862,8113,8515,9125,9351,9262
1997,3856,5173,6188,6933,7393,7866,8116,8516,9121,9348,9257
1997,3858,5175,6189,6934,7385,7868,8112,8520,9127,9354,9254
1997,3858,5172,6186,6934,7384,7867,8108,8518,9129,9356,9249
1998,3857,5169,6182,6932,7379,7862,8108,8513,9126,9360,9255
1999,3855,5168,6186,6933,7381,7865,8109,8517,9121,9354,9257
2000,3855,5170,6187,6937,7385,7870,8112,8519,9120,9353,9261
2000,3857,5170,6188,6934,7386,7867,8109,8517,9123,9348,9262
1998,3860,5171,6185,6931,7388,7867,8104,8514,9125,9352,9258
1997,3860,5171,6185,6931,7386,7865,8103,8510,9128,9354,9255
1996,3858,5170,6183,6934,7381,7865,8099,8514,9124,9358,9250
1996,3856,5167,6184,6935,7378,7872,8102,8514,9123,9356,9254
1996,3858,5168,6187,6934,7376,7868,8104,8520,9125,9353,9255
1997,3860,5171,6189,6931,7377,7865,8099,8517,9129,9349,9261
1999,3860,5170,6185,6928,7380,7864,8098,8512,9125,9343,9256
1998,3858,5167,6184,6932,7381,7864,8094,8517,9121,9348,9254
1997,3854,5164,6183,6936,7379,7870,8091,8517,9118,9350,9249
1996,3855,5169,6184,6933,7376,7869,8095,8523,9120,9356,9252
1994,3857,5171,6186,6931,7372,7865,8094,8520,9124,9350,9257
1994,3858,5172,6189,6928,7372,7864,8099,8517,9119,9348,9258
1994,3858,5170,6186,6929,7372,7865,8097,8521,9119,9345,9262
1995,3856,5169,6183,6934,7378,7867,8093,8522,9115,9348,9257
1995,3857,5167,6187,6932,7374,7868,8091,8527,9118,9352,9256
1996,3857,5168,6191,6929,7370,7865,8091,8524,9121,9353,9253
1995,3858,5169,6191,6933,7368,7863,8096,8521,9116,9352,9257
1995,3857,5172,6189,6935,7363,7866,8099,8524,9114,9348,9258
1996,3856,5172,6188,6930,7366,7867,8095,8525,9110,9347,9261
1996,3855,5170,6185,6930,7370,7867,8094,8525,9114,9347,9260
1997,3856,5168,6186,6929,7370,7864,8089,8522,9116,9352,9255
1996,3858,5170,6191,6930,7373,7866,8092,8520,9114,9356,9252
1994,3859,5173,6193,6933,7374,7870,8096,8523,9111,9359,9254
1993,3858,5173,6189,6931,7370,7872,8097,8524,9113,9356,9260
1994,3859,5173,6187,6927,7369,7869,8095,8525,9116,9351,9262
1995,3859,5173,6184,6926,7367,7866,8091,8522,9117,9357,9259
1995,3861,5173,6185,6930,7367,7863,8088,8519,9116,9358,9254
1997,3863,5170,6186,6931,7371,7867,8093,8522,9111,9363,9251
1996,3862,5172,6191,6930,7371,7869,8093,8517,9115,9358,9256
1995,3860,5174,6189,6927,7366,7871,8097,8517,9117,9357,9258
1994,3861,5175,6186,6922,7363,7870,8098,8512,9114,9353,9263
1993,3862,5173,6184,6927,7366,7866,8094,8516,9112,9356,9257
1993,3862,5170,6186,6931,7366,7865,8094,8517,9108,9359,9255
1993,3862,5170,6187,6927,7369,7867,8096,8519,9112,9361,9251
1993,3860,5173,6191,6926,7372,7868,8099,8519,9113,9367,9255
1995,3861,5175,6189,6924,7368,7869,8100,8516,9112,9362,9258
1994,3862,5175,6186,6925,7366,7866,8096,8519,9110,9359,9261
1994,3860,5174,6184,6929,7363,7863,8097,8521,9113,9361,9259
1993,3859,5173,6187,6928,7357,7867,8094,8517,9115,9366,9255
1992,3858,5170,6188,6925,7362,7868,8096,8517,9117,9369,9253
1993,3858,5171,6185,6929,7364,7868,8099,8512,9116,9371,9254
1993,3858,5174,6185,6931,7365,7866,8100,8516,9111,9367,9260
1993,3857,5177,6183,6932,7368,7869,8099,8518,9110,9363,9263
1993,3857,5175,6184,6931,7364,7873,8096,8515,9111,9361,9259
1993,3857,5173,6187,6930,7363,7872,8093,8516,9115,9363,9255
1993,3859,5171,6190,6931,7358,7876,8097,8512,9113,9368,9253
1993,3859,5173,6186,6934,7360,7874,8096,8516,9109,9368,9258
1992,3860,5174,6184,6932,7364,7870,8100,8517,9113,9368,9260
1993,3862,5174,6189,6927,7363,7868,8104,8515,9114,9364,9264
1994,3861,5173,6191,6927,7365,7871,8100,8514,9119,9361,9259
1994,3859,5172,6192,6931,7370,7872,8099,8516,9115,9363,9259
1993,3857,5170,6190,6932,7365,7877,8095,8521,9112,9366,9261
1991,3857,5167,6188,6930,7363,7878,8097,8522,9107,9365,9265
1990,3859,5169,6184,6929,7360,7881,8102,8521,9110,9360,9267
1988,3862,5171,6186,6930,7355,7878,8098,8519,9116,9358,9263
1990,3862,5172,6190,6934,7360,7874,8097,8521,9111,9358,9262
1991,3861,5169,6192,6938,7363,7875,8094,8525,9110,9365,9256
1991,3861,5167,6189,6934,7364,7877,8095,8521,9110,9367,9262
1994,3862,5166,6188,6932,7363,7878,8100,8519,9115,9365,9262
1994,3862,5169,6185,6930,7359,7882,8102,8518,9112,9361,9268
1994,3863,5169,6186,6931,7358,7883,8100,8520,9109,9357,9263
1993,3862,5170,6189,6934,7357,7882,8096,8524,9105,9362,9261
1992,3862,5170,6192,6934,7360,7879,8091,8520,9107,9365,9258
1992,3863,5167,6189,6931,7360,7881,8097,8519,9112,9369,9260
1992,3862,5163,6187,6934,7358,7885,8099,8517,9108,9362,9265
1993,3863,5166,6186,6937,7358,7886,8102,8519,9106,9362,9267
1993,3862,5170,6188,6933,7358,7888,8098,8523,9100,9358,9265
1994,3863,5171,6188,6931,7361,7888,8094,8519,9104,9363,9260
1994,3863,5168,6188,6930,7363,7883,8093,8519,9107,9363,9260
1993,3864,5166,6186,6932,7363,7882,8096,8522,9103,9368,9256
1994,3863,5166,6183,6936,7367,7884,8098,8524,9100,9365,9260
1994,3862,5166,6185,6934,7369,7886,8101,8523,9095,9361,9263
1994,3860,5167,6188,6929,7365,7886,8096,8518,9101,9359,9266
1994,3860,5169,6189,6928,7364,7883,8094,8517,9102,9360,9265
1993,3861,5169,6190,6933,7360,7880,8092,8520,9100,9367,9260
1993,3863,5167,6190,6934,7357,7884,8093,8524,9097,9362,9258
1993,3864,5164,6188,6932,7362,7885,8097,8521,9099,9360,9259
1992,3863,5166,6188,6931,7364,7889,8097,8516,9104,9355,9266
1994,3862,5169,6191,6932,7364,7887,8101,8522,9105,9353,9262
1996,3863,5170,6194,6935,7367,7884,8099,8525,9103,9357,9259
1996,3864,5166,6190,6939,7363,7883,8096,8527,9098,9359,9255
1997,3863,5165,6189,6936,7360,7879,8094,8525,9103,9357,9257
1996,3862,5166,6188,6934,7359,7882,8094,8521,9107,9351,9263
1994,3860,5168,6190,6937,7356,7887,8099,8521,9103,9351,9264
1994,3860,5168,6191,6938,7358,7883,8102,8522,9101,9352,9263
1994,3861,5170,6194,6937,7361,7882,8098,8527,9097,9357,9259
1994,3860,5169,6192,6937,7361,7880,8096,8524,9103,9358,9258
1995,3861,5166,6188,6933,7365,7881,8091,8520,9104,9364,9262
1995,3859,5163,6192,6936,7366,7886,8088,8520,9102,9360,9264
1996,3860,5164,6195,6939,7362,7889,8092,8523,9098,9357,9268
1995,3861,5168,6196,6936,7361,7886,8094,8527,9096,9361,9263
1994,3860,5171,6194,6934,7356,7883,8098,8523,9101,9362,9263
1993,3859,5167,6194,6934,7352,7879,8094,8519,9096,9368,9258
1992,3858,5165,6191,6936,7357,7886,8090,8526,9094,9364,9263
1993,3859,5164,6192,6938,7359,7888,8096,8528,9090,9364,9263
1992,3859,5165,6196,6936,7360,7886,8096,8527,9094,9358,9263
1992,3860,5166,6198,6932,7359,7884,8100,8523,9097,9364,9260
1992,3861,5167,6194,6936,7354,7880,8102,8526,9094,9366,9257
1992,3861,5167,6192,6941,7352,7885,8097,8532,9091,9369,9260
1993,3863,5165,6190,6937,7356,7888,8097,8528,9086,9365,9261
1994,3863,5162,6191,6935,7357,7889,8094,8526,9092,9362,9267
1995,3863,5163,6192,6939,7359,7893,8096,8522,9093,9362,9269
1996,3865,5166,6192,6940,7361,7894,8100,8526,9092,9363,9268
1996,3865,5168,6190,6942,7360,7891,8100,8531,9087,9367,9262
1996,3864,5165,6188,6942,7360,7891,8100,8527,9084,9369,9261
1995,3862,5163,6191,6940,7358,7887,8097,8527,9088,9368,9264
1994,3862,5163,6193,6942,7355,7891,8098,8523,9089,9363,9269
1994,3864,5166,6190,6945,7358,7893,8102,8527,9093,9361,9271
1995,3864,5166,6187,6942,7359,7894,8102,8532,9087,9362,9267
1996,3864,5167,6187,6939,7359,7894,8101,8529,9087,9366,9266
1997,3865,5167,6185,6940,7359,7891,8099,8528,9082,9371,9262
1997,3866,5165,6186,6942,7356,7888,8095,8530,9086,9372,9267
1996,3865,5162,6189,6944,7354,7892,8093,8535,9088,9370,9268
1994,3864,5163,6186,6942,7358,7893,8093,8533,9083,9364,9266
1992,3864,5168,6182,6939,7358,7897,8097,8529,9083,9363,9263
1993,3864,5170,6182,6937,7360,7895,8100,8527,9084,9365,9260
1992,3864,5167,6185,6942,7361,7891,8097,8528,9089,9370,9264
1993,3865,5165,6187,6944,7356,7890,8096,8535,9089,9372,9266
1994,3865,5168,6188,6941,7353,7891,8090,8532,9086,9369,9271
1994,3865,5170,6188,6940,7356,7895,8088,8530,9083,9366,9266
1995,3867,5170,6185,6941,7356,7900,8093,8529,9079,9361,9264
1995,3868,5167,6188,6943,7359,7896,8094,8529,9082,9365,9260
1994,3869,5168,6189,6948,7362,7896,8092,8536,9077,9367,9265
1995,3869,5167,6187,6945,7362,7897,8089,8532,9077,9372,9268
1994,3869,5169,6186,6942,7365,7899,8086,8529,9073,9367,9270
1995,3869,5170,6182,6945,7366,7905,8092,8533,9076,9364,9272
1995,3867,5172,6184,6946,7361,7907,8093,8535,9077,9359,9268
1994,3867,5171,6189,6949,7360,7905,8096,8541,9074,9363,9267
1994,3868,5168,6186,6949,7358,7902,8093,8539,9073,9367,9261
1993,3867,5165,6184,6946,7354,7898,8088,8537,9069,9363,9265
1994,3867,5168,6182,6948,7358,7904,8087,8540,9073,9360,9266
1995,3866,5171,6185,6952,7358,7906,8083,8541,9074,9355,9272
1996,3864,5172,6184,6948,7356,7909,8087,8548,9071,9361,9268
1997,3864,5170,6187,6945,7356,7906,8089,8545,9068,9361,9264
1995,3866,5170,6187,6945,7352,7901,8084,8544,9071,9365,9260
1994,3865,5168,6184,6947,7356,7900,8084,8546,9073,9366,9255
1993,3864,5165,6185,6948,7358,7898,8081,8549,9074,9365,9261
1993,3862,5166,6186,6948,7359,7901,8083,8554,9073,9361,9263
1993,3862,5169,6185,6945,7358,7904,8087,8550,9067,9357,9261
1993,3864,5172,6184,6943,7357,7905,8087,8550,9072,9360,9256
1995,3864,5169,6183,6948,7354,7909,8086,8551,9072,9361,9255
1994,3864,5166,6180,6950,7357,7912,8084,8554,9074,9366,9258
1994,3866,5165,6182,6947,7358,7908,8080,8554,9072,9362,9261
1993,3867,5167,6184,6946,7359,7907,8084,8549,9068,9360,9264
1993,3867,5167,6186,6948,7364,7903,8084,8548,9072,9354,9259
1992,3866,5167,6182,6950,7360,7906,8089,8550,9072,9360,9259
1993,3865,5167,6182,6950,7357,7911,8087,8553,9071,9362,9254
1993,3863,5166,6181,6947,7357,7912,8083,8552,9067,9365,9259
1993,3863,5164,6182,6944,7356,7911,8082,8548,9070,9361,9261
1993,3863,5164,6183,6948,7358,7909,8083,8547,9073,9356,9266
1993,3864,5167,6187,6949,7364,7904,8086,8548,9067,9355,9262
1991,3865,5166,6183,6945,7359,7904,8091,8553,9066,9356,9260
1991,3864,5164,6180,6945,7356,7905,8087,8551,9061,9361,9262
1990,3863,5162,6181,6942,7353,7908,8085,8547,9065,9361,9263
1991,3863,5161,6183,6945,7348,7912,8087,8553,9066,9359,9270
1990,3864,5165,6183,6948,7347,7912,8089,8554,9069,9355,9270
1990,3866,5166,6182,6945,7351,7912,8094,8554,9066,9352,9269
1990,3866,5167,6179,6942,7353,7910,8094,8552,9062,9355,9263
1988,3866,5165,6180,6942,7352,7907,8093,8549,9060,9357,9261
1987,3863,5163,6184,6944,7349,7911,8089,8554,9060,9361,9264
1988,3863,5160,6186,6946,7346,7911,8084,8556,9059,9356,9266
1988,3865,5161,6183,6945,7352,7909,8083,8555,9054,9354,9269
1990,3868,5164,6182,6941,7355,7906,8086,8552,9051,9349,9265
1990,3868,5167,6179,6938,7356,7902,8089,8556,9054,9354,9264
1992,3867,5166,6178,6944,7355,7901,8091,8559,9054,9356,9259
1992,3867,5163,6181,6946,7350,7901,8087,8555,9054,9354,9263
1992,3867,5161,6185,6947,7353,7904,8086,8557,9050,9349,9265
1991,3869,5164,6182,6946,7358,7909,8083,8553,9053,9346,9268
1989,3871,5166,6180,6942,7359,7910,8086,8557,9054,9350,9265
1988,3869,5162,6179,6939,7357,7914,8089,8560,9058,9351,9260
1988,3867,5161,6181,6944,7355,7910,8090,8557,9056,9354,9257
1989,3865,5161,6180,6947,7351,7907,8088,8558,9052,9349,9258
1990,3864,5158,6184,6948,7356,7913,8086,8554,9055,9350,9264
1991,3867,5159,6183,6947,7358,7914,8083,8559,9056,9346,9266
1991,3869,5161,6180,6944,7360,7917,8087,8562,9054,9350,9264
1990,3868,5164,6178,6940,7359,7920,8088,8559,9050,9351,9259
1989,3865,5161,6180,6946,7355,7915,8086,8558,9048,9353,9257
1987,3863,5158,6181,6948,7352,7916,8084,8561,9050,9351,9261
1987,3865,5156,6178,6945,7353,7913,8080,8566,9051,9347,9263
1987,3867,5160,6178,6944,7355,7915,8084,8568,9050,9345,9261
1987,3868,5163,6176,6939,7357,7919,8086,8566,9046,9345,9256
1987,3865,5163,6177,6941,7356,7919,8083,8566,9045,9351,9257
1989,3862,5162,6179,6945,7352,7917,8083,8569,9046,9353,9258
1991,3861,5161,6182,6948,7348,7915,8079,8573,9049,9355,9262
1992,3865,5163,6178,6946,7353,7911,8084,8574,9047,9350,9263
1992,3867,5163,6175,6945,7355,7915,8085,8573,9043,9345,9261
1991,3865,5165,6176,6946,7358,7916,8087,8572,9047,9342,9257
1990,3863,5165,6177,6948,7357,7918,8087,8567,9047,9344,9253
1990,3862,5162,6178,6953,7353,7919,8084,8573,9047,9347,9249
1990,3864,5159,6181,6950,7352,7915,8083,8573,9042,9347,9251
1990,3866,5161,6179,6948,7357,7913,8085,8579,9039,9346,9257
1991,3865,5164,6175,6951,7358,7915,8086,8576,9041,9341,9258
1992,3862,5165,6173,6953,7362,7916,8092,8572,9042,9338,9257
1991,3860,5162,6177,6955,7363,7923,8088,8572,9042,9333,9252
1991,3863,5160,6178,6955,7358,7919,8085,8573,9036,9336,9249
1990,3866,5160,6179,6952,7358,7917,8081,8578,9035,9340,9254
1990,3865,5164,6183,6954,7355,7915,8082,8576,9036,9343,9255
1990,3864,5164,6179,6958,7358,7915,8087,8574,9040,9339,9259
1990,3861,5166,6175,6958,7362,7920,8089,8572,9038,9332,9255
1990,3863,5164,6174,6955,7362,7923,8091,8573,9034,9330,9256
1990,3865,5162,6178,6956,7366,7919,8089,8579,9037,9331,9251
1990,3866,5158,6179,6958,7365,7918,8084,8576,9038,9336,9255
1989,3865,5160,6180,6960,7361,7913,8083,8575,9043,9337,9257
1990,3863,5163,6179,6963,7358,7916,8087,8572,9040,9333,9261
1991,3864,5162,6176,6960,7356,7921,8088,8573,9038,9331,9259
1992,3866,5160,6177,6957,7356,7922,8092,8580,9040,9326,9255
1993,3869,5158,6181,6962,7361,7920,8087,8582,9041,9331,9253
1993,3868,5160,6183,6964,7364,7916,8086,8580,9047,9332,9254
1993,3866,5162,6183,6961,7365,7913,8084,8577,9042,9330,9260
1993,3866,5162,6182,6959,7368,7919,8085,8580,9039,9325,9262
1991,3868,5160,6181,6955,7365,7920,8089,8585,9040,9323,9260
1990,3871,5159,6181,6957,7362,7922,8090,8586,9045,9324,9255
1991,3869,5157,6182,6963,7363,7925,8087,8586,9042,9327,9253
1993,3866,5159,6187,6960,7359,7919,8085,8582,9039,9331,9257
1993,3864,5160,6184,6956,7361,7919,8081,8581,9036,9326,9260
1994,3865,5160,6181,6961,7366,7916,8085,8586,9037,9323,9264
1995,3868,5158,6179,6961,7366,7918,8086,8587,9043,9316,9259
1994,3868,5155,6181,6963,7370,7921,8089,8587,9038,9322,9260
1993,3866,5157,6181,6964,7369,7921,8088,8582,9035,9323,9256
1992,3865,5160,6183,6961,7364,7920,8084,8587,9038,9326,9261
1992,3865,5163,6183,6962,7363,7918,8083,8591,9039,9321,9262
1992,3867,5160,6181,6966,7358,7915,8085,8588,9038,9316,9266
1992,3867,5158,6177,6963,7360,7919,8087,8587,9033,9313,9264
1994,3865,5156,6180,6959,7366,7920,8092,8582,9030,9307,9260
1993,3864,5159,6182,6960,7368,7922,8088,8588,9031,9311,9258
1992,3862,5159,6182,6962,7364,7921,8086,8592,9034,9311,9259
1991,3864,5160,6185,6963,7362,7916,8082,8589,9033,9316,9265
1992,3867,5161,6184,6962,7358,7920,8083,8588,9028,9318,9268
1993,3866,5160,6181,6959,7357,7923,8089,8589,9025,9315,9266
1993,3864,5157,6178,6960,7361,7923,8091,8595,9026,9309,9260
1993,3862,5159,6181,6965,7363,7923,8087,8593,9031,9306,9258
1992,3863,5162,6182,6962,7365,7919,8085,8590,9028,9310,9263
1991,3865,5164,6179,6959,7368,7915,8079,8587,9025,9311,9265
1990,3868,5161,6178,6958,7369,7919,8078,8589,9020,9308,9269
1989,3865,5159,6177,6959,7368,7919,8082,8595,9023,9302,9264
1989,3863,5159,6177,6960,7367,7919,8084,8592,9028,9302,9263
1991,3864,5162,6179,6961,7363,7915,8082,8590,9029,9303,9258
1991,3865,5163,6183,6959,7367,7912,8077,8593,9027,9305,9263
1992,3868,5164,6182,6960,7368,7916,8075,8595,9021,9307,9265
1991,3868,5164,6179,6964,7370,7916,8079,8602,9026,9303,9270
1989,3866,5164,6179,6961,7375,7914,8080,8598,9028,9302,9268
1988,3863,5161,6177,6957,7372,7912,8084,8596,9031,9297,9264
1987,3865,5161,6178,6958,7370,7907,8079,8599,9028,9301,9262
1987,3867,5164,6180,6960,7369,7912,8077,8602,9023,9300,9258
1988,3868,5168,6183,6962,7369,7913,8075,8602,9022,9306,9263
1989,3867,5165,6179,6961,7372,7914,8070,8597,9025,9308,9266
1991,3865,5163,6176,6957,7377,7913,8076,8603,9029,9304,9264
1992,3864,5163,6177,6954,7378,7908,8077,8604,9024,9299,9259
1993,3866,5165,6175,6959,7377,7906,8080,8602,9020,9294,9258
1992,3869,5165,6176,6961,7374,7908,8079,8601,9019,9299,9261
1991,3869,5166,6179,6958,7370,7909,8074,8596,9020,9300,9264
1990,3867,5165,6181,6957,7371,7913,8072,8601,9025,9298,9268
1990,3865,5165,6177,6959,7369,7915,8074,8602,9019,9292,9264
1990,3866,5163,6175,6961,7370,7912,8076,8601,9019,9290,9263
1990,3868,5165,6175,6966,7375,7909,8076,8600,9016,9292,9259
1991,3867,5166,6177,6963,7375,7903,8072,8597,9018,9295,9264
1993,3864,5169,6177,6961,7377,7908,8071,8602,9023,9297,9266
1992,3861,5169,6180,6964,7377,7910,8073,8603,9017,9292,9271
1990,3859,5167,6178,6966,7374,7912,8074,8602,9016,9290,9268
1989,3862,5167,6174,6962,7371,7911,8080,8599,9019,9285,9264
1989,3865,5170,6173,6962,7369,7907,8076,8597,9023,9289,9262
1989,3864,5172,6177,6960,7369,7905,8073,8601,9024,9288,9258
1988,3863,5173,6178,6962,7373,7909,8070,8602,9021,9294,9264
1989,3861,5175,6179,6965,7377,7910,8066,8603,9020,9289,9266
1989,3863,5174,6179,6962,7378,7913,8071,8601,9015,9285,9271
1989,3865,5170,6175,6959,7378,7909,8074,8604,9020,9281,9266
1990,3866,5171,6172,6964,7375,7904,8076,8606,9016,9284,9264
1990,3864,5174,6176,6967,7371,7904,8074,8608,9016,9289,9261
1991,3861,5178,6178,6963,7376,7901,8069,8609,9013,9290,9264
1992,3859,5176,6179,6962,7379,7902,8069,8604,9016,9293,9268
1993,3862,5174,6181,6959,7380,7906,8071,8602,9019,9287,9269
1993,3865,5173,6180,6960,7384,7906,8073,8605,9015,9286,9269
1992,3866,5175,6176,6965,7381,7911,8077,8607,9016,9283,9264
1991,3864,5177,6178,6963,7378,7909,8077,8608,9012,9285,9268
1989,3862,5177,6182,6960,7379,7905,8077,8604,9016,9288,9270
1989,3863,5175,6184,6964,7376,7903,8075,8609,9017,9283,9274
1990,3866,5175,6181,6966,7379,7903,8071,8610,9014,9281,9272
1991,3867,5173,6180,6962,7382,7907,8076,8613,9012,9276,9269
1992,3865,5174,6178,6962,7383,7911,8077,8613,9009,9281,9267
1993,3864,5176,6178,6960,7387,7907,8079,8609,9012,9280,9268
1991,3864,5179,6180,6962,7385,7906,8079,8613,9013,9286,9274
1990,3866,5176,6185,6966,7380,7902,8075,8615,9013,9282,9276
1989,3869,5174,6182,6963,7380,7904,8074,8612,9009,9276,9275
1988,3868,5173,6179,6959,7376,7908,8075,8612,9005,9273,9269
1989,3866,5176,6179,6965,7378,7909,8077,8608,9009,9269,9267
1989,3867,5178,6180,6967,7384,7911,8083,8612,9010,9275,9271
1990,3869,5179,6180,6964,7385,7908,8079,8614,9010,9275,9275
1991,3871,5181,6179,6963,7387,7903,8077,8612,9006,9273,9271
1992,3869,5181,6179,6964,7390,7902,8072,8611,9005,9268,9267
1992,3867,5178,6175,6965,7386,7905,8074,8608,9006,9266,9267
1992,3864,5175,6177,6965,7384,7907,8081,8612,9011,9262,9269
1992,3864,5177,6180,6963,7383,7910,8082,8613,9010,9265,9274
1992,3867,5181,6181,6960,7379,7904,8080,8612,9005,9267,9275
1993,3870,5183,6178,6963,7382,7902,8077,8610,9010,9270,9273
1993,3867,5180,6178,6966,7385,7900,8072,8607,9011,9269,9270
1991,3864,5179,6181,6962,7386,7901,8079,8611,9011,9264,9268
1989,3863,5178,6182,6962,7386,7904,8081,8612,9008,9261,9271
1989,3865,5175,6184,6966,7384,7904,8084,8612,9006,9263,9273
1988,3867,5176,6183,6967,7380,7907,8082,8608,9009,9267,9279
1990,3867,5178,6180,6965,7379,7907,8078,8606,9012,9270,9274
1991,3867,5178,6176,6962,7379,7904,8080,8609,9011,9266,9272
1990,3868,5176,6181,6958,7381,7906,8081,8610,9007,9263,9267
1991,3867,5175,6183,6964,7387,7908,8084,8610,9012,9258,9272
1990,3867,5177,6183,6967,7389,7909,8083,8606,9014,9264,9276
1989,3868,5179,6182,6963,7386,7914,8078,8606,9011,9265,9278
1987,3869,5180,6180,6961,7385,7910,8077,8608,9009,9268,9276
1986,3870,5177,6176,6963,7380,7907,8081,8610,9005,9268,9272
1986,3869,5176,6178,6964,7379,7904,8082,8610,9010,9273,9271
1987,3869,5175,6183,6964,7377,7904,8087,8605,9011,9269,9273
1988,3868,5173,6184,6963,7377,7908,8082,8604,9010,9266,9277
1990,3869,5173,6181,6964,7381,7912,8080,8606,9006,9263,9278
1990,3869,5175,6180,6968,7383,7907,8079,8609,9010,9264,9277
1991,3867,5178,6177,6969,7385,7906,8081,8609,9013,9270,9274
1992,3867,5176,6177,6965,7389,7901,8085,8605,9009,9271,9270
1990,3868,5173,6180,6965,7386,7904,8086,8605,9009,9269,9273
1988,3869,5172,6184,6963,7382,7908,8084,8606,9003,9263,9273
1987,3870,5173,6180,6964,7380,7909,8083,8610,9008,9261,9280
1986,3868,5174,6178,6969,7376,7911,8079,8609,9009,9265,9282
1987,3867,5175,6177,6965,7380,7908,8084,8605,9007,9267,9279
1988,3866,5176,6178,6960,7384,7903,8086,8604,9005,9264,9274
1989,3865,5176,6179,6965,7385,7903,8082,8605,9001,9258,9273
1990,3866,5174,6183,6968,7387,7905,8082,8611,9004,9258,9269
1990,3866,5170,6182,6969,7390,7907,8078,8608,9006,9259,9272
1989,3865,5173,6178,6967,7386,7910,8077,8603,9005,9263,9276
1988,3864,5177,6176,6965,7387,7905,8079,8601,9002,9264,9276
1986,3865,5179,6179,6961,7385,7905,8081,8602,9005,9262,9276
1985,3865,5176,6180,6965,7386,7902,8081,8608,9007,9260,9271
1985,3866,5175,6180,6968,7391,7903,8078,8604,9009,9255,9276
1987,3867,5175,6181,6965,7391,7907,8077,8601,9009,9259,9277
1988,3866,5176,6179,6964,7393,7902,8079,8605,9004,9260,9282
1990,3866,5176,6175,6962,7393,7901,8081,8606,9008,9266,9284
1991,3864,5178,6178,6962,7389,7897,8087,8612,9010,9260,9280
1990,3864,5179,6180,6967,7386,7892,8084,8609,9007,9258,9276
1989,3864,5177,6177,6965,7385,7896,8082,8605,9005,9252,9272
1988,3863,5174,6174,6961,7389,7898,8080,8609,9001,9256,9278
1988,3864,5175,6174,6961,7392,7900,8081,8610,9004,9260,9279
1988,3866,5178,6176,6962,7393,7899,8087,8616,9005,9262,9282
1988,3867,5179,6177,6963,7397,7895,8090,8612,9004,9259,9282
1989,3867,5176,6179,6962,7392,7892,8087,8611,8999,9253,9286
1989,3868,5174,6177,6961,7387,7895,8086,8613,8997,9254,9284
1991,3867,5174,6173,6962,7388,7896,8083,8616,8999,9255,9280
1990,3867,5177,6171,6966,7385,7895,8088,8615,9002,9259,9276
1989,3864,5177,6171,6968,7386,7891,8091,8612,9001,9260,9278
1989,3864,5178,6172,6963,7390,7887,8087,8611,8997,9257,9283
1988,3865,5178,6175,6963,7390,7890,8087,8613,8996,9256,9285
1988,3868,5175,6173,6966,7394,7892,8084,8616,8996,9251,9282
1988,3868,5171,6170,6967,7393,7890,8088,8615,9000,9255,9275
1988,3867,5172,6166,6966,7388,7888,8093,8611,8998,9257,9273
1988,3868,5176,6170,6963,7385,7884,8094,8611,8995,9262,9269
1989,3869,5179,6173,6960,7381,7888,8094,8613,8993,9257,9272
1989,3867,5176,6174,6964,7376,7889,8090,8617,8995,9254,9275
1990,3866,5174,6172,6968,7381,7891,8088,8615,9001,9249,9276
1988,3865,5178,6170,6964,7384,7891,8093,8611,8996,9251,9276
1990,3866,5179,6166,6963,7385,7887,8095,8616,8993,9256,9271
1990,3866,5179,6167,6966,7389,7885,8099,8617,8989,9257,9269
1990,3867,5180,6172,6966,7390,7886,8096,8617,8991,9255,9271
1991,3867,5180,6175,6966,7387,7887,8093,8614,8997,9249,9275
1991,3866,5178,6172,6964,7387,7892,8092,8610,8993,9248,9272
1990,3865,5179,6171,6960,7383,7894,8094,8614,8991,9250,9269
1989,3866,5180,6173,6964,7379,7891,8099,8615,8992,9254,9266
1988,3867,5183,6174,6966,7383,7889,8101,8621,8996,9255,9267
1989,3868,5185,6175,6962,7384,7884,8096,8618,9000,9252,9273
1990,3868,5182,6175,6962,7388,7889,8096,8614,8996,9251,9275
1991,3868,5179,6172,6966,7392,7892,8092,8618,8993,9247,9279
1990,3868,5179,6169,6966,7388,7888,8089,8620,8988,9251,9273
1990,3868,5182,6172,6966,7387,7886,8092,8619,8994,9251,9271
1988,3869,5183,6173,6964,7383,7882,8094,8615,8996,9257,9268
1987,3870,5180,6173,6959,7378,7885,8100,8619,8993,9252,9270
1986,3870,5179,6171,6964,7384,7889,8097,8622,8989,9250,9274
1986,3872,5177,6171,6968,7386,7889,8093,8618,8991,9246,9273
1987,3872,5177,6167,6964,7388,7893,8090,8618,8997,9248,9273
1988,3873,5178,6168,6962,7387,7889,8091,8615,8993,9253,9267
1990,3874,5181,6170,6965,7384,7885,8097,8618,8991,9254,9264
1991,3874,5184,6172,6965,7383,7884,8100,8620,8986,9252,9259
1990,3873,5182,6172,6965,7383,7881,8097,8617,8991,9246,9262
1989,3874,5179,6171,6964,7385,7883,8096,8616,8995,9244,9266
1988,3874,5178,6170,6960,7387,7887,8091,8612,8991,9247,9268
1987,3873,5180,6171,6964,7389,7887,8092,8617,8989,9250,9265
1986,3873,5180,6173,6967,7390,7886,8096,8618,8983,9252,9260
1987,3873,5181,6175,6963,7390,7884,8097,8615,8989,9248,9259
1988,3871,5182,6173,6963,7389,7881,8100,8615,8992,9247,9261
1988,3872,5181,6169,6966,7385,7885,8097,8616,8989,9243,9265
1989,3872,5178,6169,6967,7384,7885,8096,8621,8986,9246,9265
1989,3874,5179,6167,6966,7385,7887,8094,8616,8982,9247,9269
1988,3873,5181,6167,6964,7387,7892,8090,8614,8988,9253,9266
1987,3870,5183,6169,6960,7392,7888,8095,8613,8989,9249,9262
1986,3867,5183,6171,6963,7393,7887,8097,8614,8987,9246,9260
1985,3868,5184,6171,6968,7396,7883,8094,8619,8983,9243,9261
1985,3870,5183,6168,6965,7394,7886,8094,8614,8988,9239,9266
1984,3871,5182,6168,6963,7389,7891,8091,8613,8991,9244,9268
1985,3870,5179,6166,6961,7388,7892,8096,8618,8993,9246,9265
1986,3869,5176,6167,6962,7385,7890,8097,8619,8991,9245,9260
1988,3869,5179,6169,6965,7387,7888,8100,8618,8986,9240,9258
1988,3870,5180,6172,6965,7391,7884,8099,8614,8986,9239,9256
1988,3873,5180,6168,6961,7393,7889,8097,8620,8989,9242,9257
1987,3871,5179,6166,6959,7394,7891,8096,8622,8992,9244,9260
1986,3870,5179,6166,6962,7400,7889,8097,8619,8988,9247,9261
1986,3867,5178,6168,6963,7396,7887,8099,8617,8985,9243,9260
1986,3867,5179,6168,6962,7393,7881,8105,8612,8991,9243,9255
1986,3869,5181,6167,6960,7392,7886,8102,8618,8992,9244,9252
1987,3872,5183,6163,6962,7393,7890,8101,8620,8997,9248,9254
1987,3874,5181,6159,6966,7396,7892,8097,8618,8992,9250,9258
1986,3872,5178,6161,6964,7401,7890,8098,8616,8991,9247,9262
1986,3870,5175,6165,6960,7402,7885,8105,8612,8994,9244,9257
1986,3868,5174,6166,6960,7401,7882,8106,8618,8996,9241,9254
1985,3870,5178,6167,6963,7399,7887,8104,8620,8995,9244,9249
1984,3872,5180,6165,6961,7395,7889,8102,8618,8990,9245,9255
1984,3870,5180,6161,6959,7396,7892,8097,8614,8991,9251,9256
1984,3869,5179,6157,6958,7399,7888,8103,8616,8994,9246,9261
1984,3867,5177,6160,6959,7400,7884,8106,8623,8997,9243,9256
1983,3869,5174,6164,6962,7404,7883,8109,8624,8993,9238,9253
1982,3872,5175,6164,6962,7401,7885,8106,8622,8990,9242,9251
1982,3874,5178,6162,6958,7398,7887,8100,8617,8989,9247,9254
1982,3871,5178,6160,6957,7399,7890,8100,8620,8990,9248,9258
1984,3868,5175,6156,6960,7396,7886,8103,8625,8994,9246,9258
1986,3866,5171,6157,6960,7399,7887,8105,8621,8991,9241,9258
1986,3869,5174,6162,6959,7402,7885,8109,8620,8989,9240,9253
1985,3870,5177,6164,6958,7403,7885,8104,8616,8987,9242,9251
1984,3870,5177,6161,6959,7407,7888,8103,8619,8989,9245,9252
1983,3868,5178,6159,6962,7407,7889,8100,8623,8993,9247,9255
1982,3866,5176,6158,6961,7403,7893,8101,8620,8987,9244,9260
1981,3866,5176,6158,6957,7403,7891,8106,8619,8987,9242,9256
1981,3869,5175,6160,6955,7404,7886,8107,8614,8990,9238,9253
1983,3870,5175,6160,6960,7405,7885,8104,8619,8993,9242,9247
1984,3869,5178,6158,6961,7411,7886,8102,8623,8994,9241,9253
1983,3867,5176,6154,6959,7413,7887,8098,8619,8991,9248,9255
1983,3866,5173,6157,6957,7410,7893,8098,8618,8991,9243,9259
1981,3868,5170,6159,6958,7409,7894,8099,8618,8993,9240,9255
1980,3869,5169,6159,6961,7405,7892,8102,8623,8996,9234,9251
1980,3869,5173,6161,6965,7402,7889,8101,8622,8997,9238,9249
1980,3868,5174,6160,6961,7402,7884,8097,8618,8995,9243,9251
1979,3867,5176,6158,6959,7403,7890,8096,8617,8993,9245,9255
1979,3869,5178,6155,6956,7406,7892,8097,8617,8989,9241,9255
1980,3872,5177,6158,6957,7409,7894,8100,8623,8993,9235,9261
1981,3873,5174,6159,6959,7406,7892,8105,8619,8994,9235,9258
1982,3873,5171,6155,6960,7406,7888,8106,8615,8993,9236,9255
1984,3874,5172,6154,6957,7404,7893,8105,8619,8987,9241,9250
1985,3873,5177,6153,6954,7406,7895,8101,8620,8985,9243,9253
1984,3872,5178,6155,6958,7410,7897,8103,8620,8987,9239,9259
1983,3873,5179,6156,6959,7411,7900,8108,8616,8990,9238,9254
1981,3872,5177,6155,6957,7413,7896,8111,8614,8987,9238,9253
1980,3873,5176,6152,6957,7419,7892,8108,8617,8982,9238,9247
1981,3875,5172,6148,6958,7416,7891,8105,8617,8980,9244,9247
1981,3875,5173,6151,6961,7414,7892,8101,8616,8981,9240,9249
1982,3874,5176,6154,6963,7412,7895,8107,8612,8986,9237,9253
1982,3872,5179,6155,6959,7413,7893,8108,8609,8983,9232,9249
1982,3872,5177,6156,6957,7417,7888,8111,8611,8979,9235,9244
1980,3872,5174,6155,6961,7420,7888,8108,8613,8978,9241,9244
1981,3875,5173,6152,6963,7421,7886,8102,8612,8978,9242,9240
1981,3877,5175,6148,6960,7420,7888,8101,8607,8979,9240,9245
1982,3875,5176,6152,6959,7417,7891,8104,8606,8976,9234,9246
1981,3872,5176,6155,6955,7414,7886,8106,8607,8974,9233,9252
1979,3873,5175,6155,6958,7416,7885,8110,8609,8976,9236,9248
1979,3875,5174,6153,6963,7417,7881,8105,8609,8978,9240,9246
1980,3878,5172,6151,6960,7419,7877,8104,8603,8978,9242,9243
1981,3880,5172,6147,6958,7422,7875,8102,8608,8973,9238,9244
1982,3877,5174,6143,6960,7423,7875,8104,8610,8978,9236,9250
1984,3875,5177,6147,6961,7427,7878,8108,8613,8979,9231,9245
1983,3876,5175,6149,6959,7425,7882,8109,8611,8977,9235,9244
1982,3878,5172,6149,6959,7421,7883,8106,8607,8975,9237,9238
1981,3879,5170,6152,6955,7419,7882,8105,8611,8972,9242,9244
1981,3878,5174,6150,6957,7421,7878,8100,8612,8975,9239,9247
1981,3876,5176,6146,6960,7421,7880,8105,8610,8976,9236,9252
1982,3874,5173,6143,6957,7427,7885,8106,8607,8977,9233,9247
1982,3877,5171,6147,6954,7430,7885,8108,8602,8973,9234,9243
1982,3879,5171,6149,6954,7427,7888,8108,8607,8971,9241,9241
1982,3879,5172,6150,6955,7426,7885,8104,8601,8973,9242,9242
1983,3878,5172,6152,6957,7427,7879,8107,8600,8977,9240,9248
1982,3876,5174,6149,6955,7430,7878,8108,8598,8975,9234,9249
1983,3877,5175,6145,6951,7436,7874,8110,8600,8970,9234,9253
1984,3879,5175,6142,6947,7432,7876,8110,8604,8969,9236,9251
1982,3881,5172,6142,6953,7431,7879,8107,8598,8970,9240,9249
1981,3878,5174,6143,6955,7434,7880,8105,8598,8974,9242,9244
1979,3874,5177,6143,6951,7435,7879,8107,8596,8972,9237,9248
1980,3873,5178,6146,6950,7435,7876,8107,8598,8969,9237,9253
1981,3876,5174,6147,6951,7435,7872,8113,8601,8967,9231,9255
1983,3878,5172,6143,6953,7432,7876,8114,8596,8967,9237,9253
1984,3877,5172,6142,6958,7436,7876,8112,8596,8973,9237,9248
1984,3874,5175,6141,6955,7437,7878,8110,8593,8970,9236,9248
1983,3872,5175,6142,6952,7434,7877,8110,8596,8967,9233,9251
1983,3873,5177,6143,6956,7433,7872,8116,8599,8963,9229,9255
1982,3876,5176,6146,6956,7430,7869,8118,8595,8965,9233,9258
1983,3877,5173,6143,6953,7432,7864,8114,8595,8970,9235,9254
1983,3874,5169,6138,6953,7436,7859,8112,8597,8972,9241,9254
1983,3872,5171,6138,6950,7432,7865,8106,8601,8971,9235,9250
1982,3874,5175,6141,6952,7430,7867,8112,8602,8966,9233,9255
1982,3877,5177,6141,6956,7429,7863,8114,8598,8971,9227,9256
1981,3879,5173,6144,6952,7430,7861,8110,8598,8974,9226,9256
1982,3878,5171,6142,6949,7435,7862,8108,8599,8971,9230,9253
1983,3876,5170,6138,6954,7432,7866,8103,8603,8968,9233,9251
1984,3873,5168,6135,6956,7427,7864,8106,8599,8962,9236,9254
1983,3876,5169,6139,6953,7427,7859,8111,8594,8968,9232,9257
1983,3878,5170,6141,6952,7430,7857,8107,8593,8970,9231,9262
1982,3875,5174,6141,6948,7432,7859,8106,8594,8974,9227,9258
1981,3872,5173,6139,6950,7431,7861,8101,8598,8970,9231,9256
1981,3869,5170,6136,6956,7427,7861,8098,8598,8965,9233,9250
1982,3868,5168,6136,6952,7425,7857,8102,8596,8971,9231,9258
1983,3871,5171,6137,6949,7430,7854,8104,8595,8973,9228,9260
1985,3873,5173,6142,6953,7432,7857,8108,8597,8971,9224,9263
1985,3871,5172,6140,6953,7436,7857,8103,8601,8966,9221,9260
1984,3868,5170,6136,6950,7433,7857,8100,8601,8964,9222,9257
1982,3866,5170,6134,6950,7429,7854,8100,8599,8967,9229,9255
1981,3868,5169,6132,6947,7428,7850,8101,8598,8969,9231,9257
1982,3871,5169,6132,6949,7431,7853,8104,8600,8974,9229,9262
1981,3871,5170,6134,6952,7432,7853,8106,8604,8968,9225,9263
1982,3868,5174,6134,6949,7437,7858,8102,8603,8967,9223,9263
1981,3867,5172,6132,6946,7433,7855,8102,8603,8969,9227,9259
1981,3866,5169,6128,6946,7430,7851,8098,8600,8973,9230,9257
1980,3869,5167,6131,6948,7429,7855,8101,8602,8975,9233,9259
1982,3871,5171,6133,6949,7432,7856,8104,8606,8971,9234,9261
1982,3872,5173,6128,6949,7435,7853,8103,8602,8970,9235,9267
1983,3870,5175,6126,6945,7434,7852,8104,8602,8966,9231,9262
1983,3868,5172,6127,6942,7430,7847,8101,8599,8970,9229,9260
1982,3868,5172,6127,6947,7433,7845,8098,8601,8971,9232,9254
1981,3870,5170,6128,6949,7439,7847,8101,8605,8969,9236,9260
1980,3870,5171,6127,6945,7440,7848,8101,8599,8967,9233,9264
1981,3867,5172,6124,6944,7439,7848,8106,8600,8964,9230,9267
1982,3865,5176,6120,6941,7437,7844,8108,8602,8967,9227,9263
1984,3864,5175,6119,6942,7432,7841,8105,8605,8968,9229,9259
1983,3867,5173,6122,6947,7438,7844,8103,8602,8969,9235,9265
1982,3869,5173,6124,6949,7440,7845,8098,8597,8965,9237,9267
1981,3870,5176,6121,6945,7438,7849,8102,8597,8963,9236,9272
1981,3867,5178,6119,6944,7437,7847,8105,8600,8965,9232,9272
1981,3865,5178,6115,6941,7433,7842,8101,8603,8968,9230,9271
1981,3864,5175,6115,6941,7436,7847,8099,8599,8973,9235,9267
1980,3866,5175,6119,6946,7441,7848,8094,8595,8968,9236,9265
1979,3867,5174,6122,6948,7439,7845,8090,8595,8967,9241,9267
1978,3864,5175,6122,6945,7437,7845,8095,8596,8961,9242,9269
1979,3862,5177,6119,6944,7436,7841,8096,8594,8966,9242,9275
1980,3865,5175,6119,6946,7437,7844,8095,8591,8969,9238,9271
1982,3867,5173,6115,6946,7442,7848,8090,8587,8972,9242,9268
1981,3868,5170,6116,6946,7441,7842,8087,8593,8970,9244,9262
1980,3868,5167,6120,6944,7437,7842,8092,8595,8965,9249,9268
1978,3867,5171,6119,6940,7435,7840,8093,8593,8972,9252,9271
1978,3866,5173,6115,6944,7438,7841,8096,8589,8973,9249,9275
1978,3865,5174,6113,6945,7440,7844,8092,8586,8977,9246,9276
1978,3866,5172,6115,6946,7440,7841,8087,8591,8973,9241,9272
1978,3867,5172,6117,6946,7438,7839,8087,8592,8969,9248,9270
1978,3866,5170,6117,6943,7435,7838,8088,8590,8975,9249,9266
1979,3868,5170,6117,6945,7440,7840,8092,8584,8976,9254,9270
1980,3868,5172,6115,6948,7441,7843,8089,8582,8982,9255,9271
1981,3868,5174,6112,6949,7438,7839,8083,8587,8975,9252,9277
1982,3869,5175,6114,6945,7438,7835,8084,8582,8975,9249,9272
1982,3870,5172,6116,6945,7434,7840,8081,8580,8972,9245,9269
1981,3867,5169,6116,6947,7438,7842,8083,8575,8975,9249,9265
1979,3866,5172,6113,6948,7441,7840,8087,8578,8980,9250,9268
1980,3865,5175,6113,6952,7437,7837,8082,8583,8974,9257,9273
1980,3863,5175,6111,6949,7437,7832,8080,8579,8973,9252,9274
1981,3863,5172,6107,6944,7435,7832,8077,8577,8976,9251,9272
1980,3863,5171,6110,6949,7437,7835,8080,8571,8980,9247,9267
1980,3865,5171,6112,6951,7442,7837,8084,8571,8977,9250,9266
1981,3865,5173,6108,6953,7438,7839,8084,8574,8973,9254,9269
1982,3864,5173,6106,6951,7436,7835,8088,8577,8973,9257,9272
1982,3862,5176,6106,6948,7436,7833,8086,8574,8975,9255,9274
1983,3863,5174,6108,6948,7438,7838,8082,8569,8981,9249,9271
1981,3864,5172,6108,6953,7441,7838,8081,8568,8975,9249,9270
1980,3864,5169,6107,6952,7439,7838,8081,8571,8975,9245,9264
1978,3863,5168,6104,6948,7436,7834,8085,8575,8978,9249,9262
1979,3864,5171,6099,6948,7435,7829,8089,8572,8982,9251,9263
1980,3864,5173,6103,6950,7440,7835,8085,8566,8979,9256,9269
1980,3865,5174,6107,6951,7442,7837,8084,8566,8974,9254,9265
1979,3864,5172,6107,6950,7441,7833,8080,8569,8981,9250,9261
1978,3865,5171,6104,6948,7438,7832,8076,8572,8982,9249,9257
1980,3867,5168,6102,6949,7439,7827,8082,8569,8987,9250,9259
1981,3867,5169,6098,6952,7445,7832,8084,8564,8983,9255,9265
1981,3867,5171,6099,6950,7448,7836,8081,8570,8980,9257,9267
1980,3866,5175,6102,6946,7444,7831,8077,8573,8986,9262,9265
1978,3866,5174,6105,6945,7443,7829,8072,8575,8987,9257,9260
1977,3865,5171,6101,6948,7439,7830,8072,8572,8988,9254,9260
1978,3866,5171,6098,6949,7442,7833,8074,8569,8983,9252,9262
1979,3866,5173,6097,6947,7448,7838,8077,8575,8988,9253,9266
1979,3866,5174,6097,6944,7445,7834,8074,8576,8993,9258,9268
1978,3866,5175,6098,6939,7444,7832,8070,8579,8995,9252,9264
1977,3866,5174,6101,6938,7446,7834,8070,8576,8993,9252,9263
1978,3867,5174,6104,6942,7448,7836,8066,8572,8987,9247,9258
1978,3868,5173,6100,6943,7448,7836,8070,8572,8987,9252,9263
1978,3869,5174,6097,6941,7446,7834,8074,8574,8990,9253,9264
1977,3867,5177,6095,6938,7443,7832,8069,8577,8989,9257,9269
1976,3867,5179,6096,6939,7447,7835,8069,8574,8985,9255,9265
1976,3866,5176,6097,6943,7449,7830,8066,8572,8983,9252,9262
1976,3864,5173,6101,6942,7446,7829,8062,8571,8988,9250,9259
1978,3864,5173,6099,6939,7446,7826,8066,8572,8991,9251,9256
1980,3863,5173,6095,6937,7448,7827,8066,8577,8989,9258,9262
1979,3862,5175,6093,6940,7452,7833,8071,8573,8984,9259,9263
1979,3862,5175,6096,6940,7450,7828,8069,8570,8990,9257,9268
1977,3864,5177,6096,6938,7446,7825,8066,8570,8993,9252,9263
1978,3865,5180,6097,6937,7446,7823,8065,8573,8996,9251,9264
1979,3863,5177,6097,6939,7450,7825,8060,8576,8994,9255,9260
1979,3862,5174,6096,6942,7451,7829,8065,8577,8990,9258,9263
1977,3862,5173,6093,6945,7452,7827,8068,8575,8991,9261,9266
1976,3863,5177,6095,6940,7449,7823,8069,8573,8993,9257,9261
1976,3864,5179,6097,6939,7446,7823,8073,8569,8997,9257,9260
1977,3864,5179,6098,6942,7453,7826,8069,8573,8994,9253,9256
1978,3862,5180,6094,6943,7455,7828,8065,8574,8993,9257,9255
1979,3863,5180,6095,6941,7452,7827,8064,8579,8997,9259,9255
1978,3865,5178,6093,6939,7450,7822,8060,8577,9000,9263,9261
1977,3866,5175,6094,6935,7452,7827,8063,8573,8999,9261,9257
1976,3867,5177,6096,6938,7455,7832,8065,8570,8994,9257,9254
1976,3865,5181,6094,6942,7456,7828,8068,8565,8995,9254,9251
1976,3864,5183,6090,6939,7452,7828,8073,8570,8997,9256,9248
1977,3864,5179,6087,6938,7451,7829,8069,8573,9001,9262,9253
1976,3865,5177,6092,6940,7454,7831,8067,8570,8997,9263,9255
1975,3865,5175,6093,6941,7455,7838,8065,8566,8993,9262,9260
1976,3865,5177,6094,6939,7457,7834,8065,8562,8993,9258,9255
1978,3863,5177,6093,6939,7454,7833,8071,8568,8995,9256,9255
1979,3864,5180,6090,6936,7451,7835,8073,8570,9001,9260,9252
1979,3864,5180,6086,6939,7456,7837,8076,8568,9001,9262,9256
1977,3865,5178,6089,6942,7457,7842,8073,8565,8999,9266,9258
1976,3865,5176,6093,6938,7455,7838,8067,8561,8996,9261,9262
1976,3866,5177,6094,6935,7456,7835,8067,8568,8992,9262,9261
1977,3866,5180,6091,6940,7457,7839,8063,8570,8997,9258,9256
1977,3865,5181,6090,6941,7460,7839,8066,8568,8998,9261,9255
1977,3865,5182,6088,6938,7463,7844,8068,8565,8999,9262,9256
1977,3866,5181,6088,6937,7459,7842,8069,8567,8996,9260,9261
1976,3866,5182,6091,6933,7459,7838,8068,8573,9001,9258,9264
1978,3865,5183,6094,6935,7463,7836,8066,8574,9004,9253,9261
1978,3866,5183,6092,6939,7464,7838,8063,8572,9007,9257,9258
1978,3868,5185,6088,6941,7463,7841,8061,8568,9006,9258,9255
1977,3868,5189,6087,6938,7460,7840,8062,8566,9003,9263,9262
1976,3869,5189,6088,6936,7456,7837,8066,8571,9008,9260,9262
1973,3868,5186,6089,6937,7462,7835,8070,8573,9010,9258,9267
1974,3867,5186,6088,6940,7464,7838,8072,8571,9010,9254,9262
1976,3866,5186,6087,6940,7461,7839,8070,8567,9008,9257,9261
1975,3867,5188,6083,6937,7459,7840,8065,8565,9005,9261,9258
1976,3866,5189,6085,6934,7460,7837,8067,8569,9009,9264,9262
1977,3865,5191,6088,6938,7464,7834,8073,8572,9012,9261,9265
1978,3865,5189,6089,6939,7463,7833,8074,8570,9013,9255,9267
1979,3866,5186,6089,6936,7459,7834,8077,8564,9008,9255,9267
1979,3867,5183,6089,6936,7457,7839,8074,8563,9014,9257,9263
1978,3867,5182,6088,6937,7460,7838,8071,8567,9016,9261,9261
1977,3867,5186,6084,6940,7461,7835,8071,8569,9014,9263,9262
1976,3866,5187,6086,6938,7461,7840,8072,8567,9013,9259,9269
1976,3865,5188,6089,6935,7458,7841,8076,8562,9010,9258,9265
1977,3864,5186,6090,6936,7454,7839,8079,8568,9015,9254,9262
1978,3865,5184,6087,6942,7459,7839,8074,8571,9016,9258,9258
1978,3865,5182,6087,6943,7460,7837,8075,8573,9016,9258,9262
1978,3865,5182,6085,6940,7457,7840,8077,8571,9012,9264,9267
1977,3865,5185,6086,6939,7457,7841,8080,8565,9010,9260,9269
1977,3865,5188,6088,6939,7459,7843,8083,8565,9014,9258,9268
1977,3863,5187,6091,6941,7462,7844,8078,8567,9015,9254,9263
1976,3864,5184,6087,6942,7460,7841,8077,8571,9016,9257,9263
1974,3864,5185,6084,6939,7455,7844,8074,8569,9012,9262,9266
1973,3863,5188,6089,6936,7455,7847,8076,8564,9011,9257,9270
1974,3862,5189,6091,6940,7459,7843,8079,8570,9012,9255,9273
1975,3861,5189,6092,6937,7460,7842,8080,8573,9017,9249,9270
1977,3862,5187,6090,6933,7459,7840,8081,8576,9015,9248,9269
1977,3862,5187,6088,6934,7456,7843,8079,8573,9012,9249,9265
1977,3860,5186,6084,6936,7457,7847,8076,8568,9017,9252,9268
1977,3860,5187,6086,6937,7462,7843,8080,8567,9018,9254,9271
1977,3860,5189,6090,6936,7460,7840,8081,8570,9019,9251,9277
1977,3862,5191,6092,6932,7457,7845,8085,8573,9017,9249,9273
1976,3862,5189,6088,6928,7456,7846,8083,8569,9015,9245,9271
1975,3861,5185,6087,6934,7457,7851,8079,8564,9018,9248,9267
1974,3860,5181,6089,6936,7460,7848,8077,8564,9022,9248,9270
1974,3860,5186,6089,6932,7459,7845,8077,8565,9020,9254,9276
1975,3861,5188,6091,6931,7455,7851,8081,8569,9016,9257,9278
1977,3861,5189,6091,6932,7459,7852,8085,8571,9015,9253,9277
1977,3859,5187,6088,6934,7462,7855,8087,8567,9016,9248,9271
1977,3858,5186,6085,6934,7458,7853,8085,8566,9022,9244,9271
1978,3858,5184,6088,6932,7458,7849,8080,8568,9020,9243,9273
1978,3860,5185,6090,6933,7455,7848,8077,8573,9018,9245,9277
1978,3862,5186,6090,6937,7456,7846,8081,8575,9021,9249,9280
1976,3860,5190,6089,6938,7456,7848,8084,8571,9023,9249,9283
1975,3858,5192,6089,6934,7451,7853,8087,8570,9029,9248,9281
1974,3858,5190,6086,6935,7448,7848,8084,8565,9026,9244,9276
1976,3860,5188,6087,6937,7454,7847,8080,8570,9024,9241,9275
1977,3861,5188,6091,6938,7456,7847,8081,8572,9027,9243,9276
1979,3859,5189,6092,6942,7454,7848,8077,8570,9031,9245,9282
1979,3857,5189,6088,6938,7452,7848,8081,8568,9036,9251,9285
1979,3856,5191,6087,6934,7447,7845,8083,8569,9032,9246,9283
1978,3856,5190,6091,6939,7451,7843,8085,8573,9029,9243,9279
1979,3859,5189,6092,6942,7455,7844,8085,8575,9032,9238,9276
1980,3860,5187,6094,6938,7452,7845,8080,8573,9038,9244,9282
1978,3858,5188,6094,6937,7451,7848,8077,8570,9035,9246,9283
1977,3856,5191,6090,6935,7448,7847,8081,8567,9032,9250,9287
1976,3856,5192,6086,6936,7449,7842,8082,8571,9029,9245,9288
1977,3858,5189,6090,6940,7451,7842,8087,8573,9033,9242,9290
1978,3858,5187,6094,6939,7449,7846,8084,8570,9037,9242,9286
1980,3856,5188,6095,6935,7447,7847,8081,8567,9034,9243,9284
1978,3854,5190,6093,6933,7450,7847,8079,8564,9033,9248,9286
1977,3852,5191,6093,6935,7451,7842,8079,8568,9035,9249,9290
1975,3856,5192,6088,6936,7453,7848,8085,8568,9041,9247,9295
1975,3858,5192,6090,6940,7453,7852,8088,8568,9044,9244,9291
1975,3856,5189,6094,6938,7451,7854,8084,8565,9041,9241,9289
1975,3854,5185,6097,6934,7453,7853,8082,8564,9039,9244,9284
1974,3855,5187,6094,6938,7456,7849,8077,8566,9035,9246,9291
1973,3856,5191,6092,6939,7456,7846,8082,8568,9042,9252,9293
1975,3859,5193,6092,6936,7456,7852,8086,8568,9043,9247,9298
1977,3857,5191,6092,6936,7454,7853,8088,8563,9043,9246,9294
1978,3853,5189,6094,6934,7450,7857,8086,8562,9038,9242,9292
1978,3850,5189,6098,6935,7455,7855,8082,8564,9043,9246,9290
1977,3853,5190,6097,6935,7456,7851,8080,8567,9048,9249,9293
1978,3856,5190,6093,6933,7451,7857,8086,8567,9044,9252,9297
1977,3858,5192,6092,6928,7451,7859,8087,8563,9043,9249,9299
1978,3856,5191,6095,6932,7447,7857,8086,8567,9039,9244,9304
1978,3853,5190,6095,6936,7449,7856,8082,8569,9046,9242,9301
1977,3854,5188,6098,6932,7451,7853,8079,8566,9049,9244,9301
1977,3857,5188,6098,6931,7448,7857,8085,8567,9046,9249,9296
1978,3856,5191,6096,6934,7446,7861,8087,8563,9043,9250,9300
1979,3853,5193,6092,6934,7445,7863,8091,8568,9046,9248,9305
1980,3850,5190,6096,6938,7446,7861,8087,8568,9052,9244,9307
1980,3848,5188,6098,6937,7450,7857,8083,8566,9048,9240,9305
1978,3850,5188,6094,6932,7446,7856,8083,8565,9047,9244,9300
1976,3853,5191,6093,6936,7441,7860,8086,8562,9042,9246,9299
1975,3853,5191,6092,6938,7441,7863,8090,8566,9040,9251,9302
1975,3851,5192,6090,6935,7443,7861,8087,8568,9045,9246,9307
1976,3848,5191,6091,6933,7445,7857,8083,8565,9048,9245,9308
1977,3850,5189,6095,6933,7449,7853,8082,8563,9046,9239,9306
1977,3852,5186,6097,6933,7444,7859,8085,8565,9041,9245,9304
1976,3851,5187,6093,6936,7442,7862,8088,8570,9047,9248,9301
1977,3849,5190,6092,6935,7442,7865,8091,8570,9049,9251,9304
1979,3847,5193,6092,6930,7444,7864,8087,8569,9053,9253,9306
1979,3848,5191,6093,6930,7447,7860,8087,8566,9049,9249,9312
1978,3850,5189,6095,6934,7445,7866,8084,8562,9046,9248,9307
1977,3853,5187,6095,6935,7440,7869,8088,8566,9051,9243,9305
1977,3855,5190,6092,6933,7444,7866,8092,8567,9054,9248,9299
1977,3852,5190,6088,6930,7448,7865,8087,8567,9052,9249,9305
1978,3849,5191,6092,6925,7449,7861,8086,8564,9047,9252,9308
1979,3847,5190,6095,6929,7448,7864,8084,8566,9047,9250,9311
1979,3850,5190,6097,6933,7444,7869,8084,8570,9050,9246,9308
1979,3851,5186,6094,6930,7445,7871,8090,8566,9054,9243,9303
1979,3851,5183,6093,6928,7450,7874,8091,8567,9050,9238,9303
1980,3849,5186,6089,6926,7453,7870,8095,8564,9046,9245,9304
1980,3848,5188,6085,6927,7450,7867,8093,8566,9052,9247,9310
1979,3848,5188,6090,6930,7450,7868,8090,8570,9055,9245,9310
1977,3851,5185,6093,6930,7450,7870,8089,8566,9052,9239,9316
1976,3851,5185,6094,6927,7453,7874,8090,8566,9049,9237,9312
1977,3853,5184,6091,6925,7453,7871,8093,8569,9046,9241,9309
1977,3850,5185,6090,6928,7448,7867,8098,8572,9051,9244,9305
1979,3849,5185,6087,6929,7445,7867,8093,8575,9053,9248,9307
1980,3848,5188,6088,6927,7448,7870,8092,8571,9052,9242,9314
1980,3850,5190,6093,6926,7449,7873,8089,8571,9048,9243,9309
1981,3849,5188,6095,6927,7453,7876,8091,8566,9049,9239,9307
1982,3848,5185,6091,6930,7452,7876,8097,8571,9052,9243,9302
1982,3847,5184,6090,6929,7449,7876,8099,8573,9056,9245,9308
1982,3847,5188,6088,6924,7449,7874,8096,8574,9052,9250,9311
1981,3849,5188,6089,6922,7449,7871,8093,8574,9049,9247,9314
1980,3850,5189,6091,6927,7451,7869,8089,8569,9047,9243,9316
1981,3851,5188,6096,6928,7452,7870,8094,8567,9050,9241,9314
1982,3852,5188,6094,6926,7448,7874,8097,8569,9055,9242,9312
1983,3851,5186,6090,6924,7452,7879,8100,8572,9050,9249,9307
1983,3851,5186,6090,6925,7455,7874,8097,8572,9048,9250,9313
1982,3849,5189,6092,6927,7455,7873,8092,8567,9046,9249,9313
1980,3851,5192,6092,6932,7454,7868,8091,8566,9049,9245,9319
1979,3850,5190,6095,6929,7453,7865,8094,8568,9053,9244,9322
1979,3849,5186,6096,6926,7454,7871,8097,8572,9049,9247,9319
1980,3850,5185,6093,6929,7458,7873,8099,8571,9049,9250,9314
1979,3849,5184,6094,6930,7455,7874,8101,8568,9045,9254,9311
1978,3850,5184,6098,6928,7451,7878,8100,8573,9048,9250,9316
1978,3851,5185,6100,6927,7450,7873,8098,8574,9050,9249,9319
1979,3851,5188,6097,6924,7453,7872,8100,8578,9054,9244,9316
1980,3851,5187,6097,6926,7454,7870,8103,8577,9053,9249,9310
1982,3850,5185,6096,6929,7453,7868,8104,8573,9050,9250,9310
1983,3848,5182,6098,6925,7449,7873,8104,8570,9048,9255,9306
1982,3848,5184,6100,6922,7446,7872,8101,8572,9049,9252,9310
1981,3849,5187,6103,6923,7452,7877,8096,8578,9055,9248,9312
1980,3851,5187,6100,6925,7453,7880,8100,8575,9052,9245,9315
1980,3851,5184,6096,6926,7451,7878,8102,8570,9050,9247,9314
1981,3850,5183,6096,6925,7449,7876,8106,8568,9052,9253,9309
1979,3848,5182,6099,6921,7449,7872,8109,8568,9055,9254,9306
1978,3848,5179,6101,6919,7453,7870,8106,8575,9054,9253,9309
1977,3849,5180,6098,6923,7457,7875,8105,8577,9051,9248,9315
1978,3849,5182,6097,6925,7453,7877,8101,8575,9050,9245,9317
1980,3848,5181,6093,6927,7451,7881,8104,8573,9051,9242,9314
1979,3846,5178,6094,6925,7447,7882,8109,8573,9055,9245,9309
1979,3844,5175,6099,6921,7449,7879,8110,8580,9054,9249,9306
1977,3845,5176,6102,6923,7452,7880,8109,8582,9049,9252,9311
1976,3847,5180,6099,6928,7449,7877,8104,8580,9054,9251,9314
1976,3850,5182,6098,6930,7447,7880,8101,8577,9054,9247,9317
1977,3850,5179,6097,6927,7447,7883,8100,8573,9054,9246,9312
1976,3848,5177,6098,6926,7451,7884,8102,8578,9050,9248,9311
1976,3849,5180,6099,6926,7449,7884,8105,8580,9047,9252,9306
1976,3850,5181,6100,6928,7445,7883,8107,8584,9050,9257,9311
1978,3852,5181,6097,6928,7443,7885,8104,8581,9053,9253,9311
1980,3852,5179,6093,6927,7447,7888,8104,8578,9052,9251,9316
1979,3850,5179,6097,6923,7447,7889,8100,8578,9048,9247,9314
1979,3849,5177,6099,6927,7446,7893,8104,8580,9047,9253,9310
1977,3849,5174,6099,6928,7444,7896,8106,8584,9047,9254,9308
1976,3852,5175,6098,6924,7445,7891,8107,8580,9052,9260,9310
1977,3852,5178,6098,6924,7449,7890,8108,8578,9049,9256,9316
1977,3852,5179,6095,6927,7450,7887,8106,8577,9044,9255,9317
1978,3853,5176,6097,6928,7447,7888,8104,8579,9041,9258,9316
1978,3853,5175,6100,6927,7446,7894,8106,8584,9043,9262,9311
1978,3853,5178,6102,6923,7443,7895,8108,8584,9048,9266,9309
1977,3853,5180,6098,6920,7445,7894,8113,8583,9050,9261,9313
1979,3852,5181,6097,6924,7449,7892,8110,8581,9047,9261,9316
1978,3849,5183,6101,6927,7445,7888,8108,8584,9043,9256,9319
1977,3846,5182,6102,6922,7443,7894,8106,8589,9041,9255,9314
1976,3847,5180,6104,6921,7442,7896,8106,8584,9046,9256,9313
1975,3850,5176,6108,6923,7443,7898,8111,8584,9047,9261,9308
1975,3850,5178,6104,6923,7447,7896,8115,8588,9045,9265,9312
1976,3850,5181,6101,6928,7443,7893,8112,8590,9039,9261,9313
1979,3848,5183,6100,6926,7440,7892,8111,8588,9037,9257,9319
1979,3848,5183,6104,6922,7445,7890,8107,8584,9041,9252,9322
1980,3850,5180,6105,6926,7447,7892,8111,8584,9044,9254,9319
1979,3853,5179,6106,6928,7444,7896,8115,8587,9047,9255,9315
1981,3851,5176,6106,6924,7444,7892,8112,8591,9042,9260,9310
1980,3850,5176,6103,6923,7440,7891,8110,8589,9042,9255,9316
1981,3848,5177,6100,6926,7442,7891,8105,8584,9044,9255,9317
1980,3850,5181,6104,6926,7448,7892,8108,8590,9049,9252,9322
1979,3852,5183,6108,6926,7445,7897,8113,8592,9044,9255,9316
1978,3855,5180,6105,6923,7443,7898,8114,8595,9041,9259,9315
1978,3854,5177,6103,6920,7441,7895,8114,8593,9039,9261,9312
1980,3852,5177,6103,6925,7441,7895,8111,8589,9041,9260,9314
1981,3850,5177,6103,6927,7445,7890,8109,8595,9046,9255,9317
1980,3852,5178,6105,6923,7449,7893,8114,8597,9041,9260,9320
1979,3854,5178,6109,6921,7445,7895,8115,8596,9040,9261,9319
1977,3853,5182,6107,6918,7444,7896,8114,8593,9038,9267,9315
1977,3851,5181,6104,6918,7445,7902,8110,8590,9041,9271,9313
1978,3849,5179,6103,6922,7446,7899,8107,8596,9044,9268,9314
1978,3851,5177,6106,6921,7447,7896,8112,8598,9040,9266,9319
1977,3854,5180,6106,6916,7445,7898,8114,8596,9040,9268,9322
1977,3856,5181,6108,6914,7441,7900,8118,8593,9042,9274,9326
1976,3855,5181,6108,6916,7446,7904,8116,8595,9047,9276,9321
1977,3853,5182,6106,6917,7447,7907,8111,8601,9048,9281,9317
1979,3850,5181,6103,6920,7445,7903,8111,8603,9045,9275,9317
1980,3852,5180,6106,6919,7444,7902,8113,8602,9042,9275,9318
1979,3854,5177,6109,6916,7440,7903,8115,8597,9045,9271,9323
1979,3854,5178,6108,6914,7444,7906,8119,8601,9049,9275,9323
1978,3851,5180,6107,6916,7446,7910,8114,8606,9050,9279,9323
1978,3848,5178,6106,6916,7442,7907,8114,8601,9050,9281,9318
1978,3850,5175,6109,6920,7442,7906,8111,8598,9047,9286,9315
1979,3853,5172,6110,6918,7445,7903,8114,8593,9051,9281,9317
1978,3856,5175,6114,6915,7447,7904,8118,8597,9053,9278,9320
1977,3854,5178,6115,6917,7445,7909,8118,8601,9049,9272,9326
1977,3852,5180,6111,6919,7440,7910,8118,8603,9047,9278,9320
1978,3853,5176,6110,6919,7436,7912,8115,8602,9043,9281,9319
1979,3855,5176,6110,6918,7442,7911,8112,8598,9049,9285,9314
1977,3857,5175,6111,6917,7444,7907,8116,8603,9049,9281,9320
1976,3855,5175,6113,6913,7442,7912,8117,8606,9048,9277,9322
1974,3852,5176,6116,6916,7440,7915,8122,8602,9045,9276,9319
1975,3850,5178,6113,6918,7441,7916,8119,8599,9043,9278,9315
1975,3851,5178,6109,6918,7445,7915,8115,8595,9041,9282,9312
1976,3854,5174,6108,6915,7449,7909,8114,8600,9042,9284,9318
1976,3857,5171,6112,6914,7445,7906,8116,8602,9049,9289,9319
1976,3855,5174,6113,6911,7444,7905,8119,8599,9044,9286,9322
1977,3852,5176,6114,6913,7442,7905,8124,8596,9042,9283,9317
1978,3851,5176,6114,6915,7443,7909,8119,8597,9044,9280,9317
1979,3853,5173,6110,6915,7449,7910,8117,8603,9048,9281,9313
1978,3855,5173,6106,6913,7445,7906,8113,8600,9052,9288,9316
1975,3854,5172,6110,6912,7442,7905,8116,8598,9048,9289,9318
1976,3853,5169,6113,6908,7441,7900,8120,8595,9045,9292,9321
1976,3852,5170,6114,6904,7443,7898,8122,8596,9039,9288,9325
1978,3851,5172,6111,6908,7445,7901,8121,8602,9046,9287,9321
1976,3854,5174,6110,6907,7444,7901,8116,8598,9049,9290,9319
1975,3856,5171,6107,6905,7440,7906,8113,8595,9045,9294,9314
1975,3857,5168,6109,6904,7438,7908,8118,8591,9041,9296,9319
1976,3855,5167,6114,6901,7442,7904,8120,8593,9037,9292,9322
1976,3853,5171,6116,6903,7442,7902,8123,8599,9044,9291,9325
1975,3852,5173,6112,6905,7442,7897,8119,8595,9046,9286,9321
1974,3854,5172,6111,6906,7441,7901,8115,8593,9044,9290,9318
1973,3854,5172,6110,6903,7442,7904,8115,8595,9040,9291,9316
1973,3852,5171,6110,6903,7446,7906,8117,8597,9039,9297,9319
1974,3851,5171,6112,6900,7443,7909,8121,8602,9043,9299,9322
1976,3851,5172,6113,6902,7440,7910,8122,8598,9046,9296,9322
1977,3853,5174,6111,6905,7441,7907,8124,8597,9044,9292,9322
1978,3855,5175,6108,6905,7443,7906,8124,8599,9039,9289,9316
1978,3856,5174,6111,6902,7444,7902,8121,8602,9046,9295,9314
1979,3854,5172,6113,6901,7444,7906,8123,8600,9048,9296,9316
1978,3853,5174,6113,6903,7439,7908,8126,8595,9052,9300,9319
1977,3853,5177,6111,6904,7437,7903,8128,8595,9048,9295,9324
1976,3854,5177,6111,6907,7441,7903,8133,8595,9045,9294,9318
1976,3855,5173,6109,6908,7442,7899,8129,8600,9050,9297,9316
1977,3855,5172,6109,6904,7440,7896,8124,8598,9052,9299,9310
1978,3853,5173,6113,6904,7439,7900,8122,8593,9051,9301,9316
1978,3853,5174,6114,6900,7434,7900,8118,8591,9046,9304,9318
1978,3853,5175,6114,6901,7439,7900,8123,8592,9046,9303,9322
1978,3852,5176,6113,6905,7442,7898,8125,8596,9049,9298,9317
1979,3853,5176,6113,6906,7439,7893,8127,8595,9052,9295,9313
1978,3853,5174,6110,6901,7439,7897,8126,8592,9050,9296,9311
1977,3854,5172,6111,6900,7439,7898,8121,8596,9045,9302,9312
1975,3854,5174,6115,6896,7441,7902,8120,8596,9052,9298,9316
1973,3853,5178,6112,6897,7446,7901,8123,8597,9054,9296,9317
1974,3850,5175,6108,6900,7443,7895,8125,8595,9052,9292,9316
1975,3850,5171,6108,6897,7440,7895,8128,8598,9047,9295,9311
1977,3852,5170,6111,6893,7443,7890,8123,8600,9051,9299,9309
1978,3852,5173,6113,6893,7444,7893,8122,8601,9056,9301,9310
1977,3852,5174,6114,6895,7442,7898,8121,8601,9058,9299,9314
1976,3853,5173,6113,6896,7441,7900,8122,8597,9057,9294,9318
1977,3853,5171,6110,6899,7438,7903,8126,8595,9051,9293,9314
1977,3854,5171,6106,6900,7442,7899,8127,8598,9058,9295,9312
1976,3853,5170,6110,6896,7444,7895,8122,8593,9060,9298,9307
1975,3853,5170,6113,6895,7439,7896,8121,8592,9064,9294,9312
1974,3850,5172,6114,6897,7438,7897,8116,8588,9061,9291,9314
1974,3847,5175,6112,6898,7442,7900,8115,8592,9058,9291,9318
1975,3847,5173,6110,6901,7443,7903,8116,8594,9064,9286,9313
1975,3849,5169,6105,6902,7442,7898,8118,8590,9066,9290,9311
1975,3852,5167,6107,6897,7438,7898,8118,8590,9070,9290,9308
1975,3853,5171,6112,6897,7436,7897,8115,8592,9066,9290,9311
1975,3851,5172,6114,6899,7441,7898,8112,8597,9066,9286,9315
1975,3849,5173,6110,6900,7442,7903,8108,8593,9068,9282,9317
1976,3849,5174,6109,6903,7440,7898,8109,8590,9071,9285,9316
1974,3852,5173,6107,6900,7437,7896,8115,8589,9070,9287,9311
1972,3851,5171,6107,6896,7431,7894,8116,8591,9065,9293,9309
1971,3848,5168,6109,6895,7435,7890,8113,8596,9064,9287,9311
1972,3845,5169,6109,6898,7440,7895,8111,8592,9066,9285,9315
1975,3842,5173,6107,6898,7436,7896,8107,8591,9071,9279,9318
1976,3845,5175,6103,6901,7434,7898,8112,8596,9066,9284,9315
1975,3847,5173,6107,6898,7430,7897,8115,8597,9062,9287,9308
1975,3850,5171,6109,6893,7431,7893,8117,8602,9060,9288,9314
1975,3847,5170,6108,6892,7436,7891,8114,8597,9056,9285,9316
1976,3844,5172,6111,6896,7434,7890,8109,8596,9061,9281,9320
1976,3843,5172,6111,6896,7431,7890,8107,8600,9062,9279,9315
1975,3844,5173,6109,6899,7434,7897,8111,8601,9060,9280,9313
1973,3846,5173,6109,6897,7436,7894,8113,8605,9057,9284,9311
1972,3847,5173,6112,6892,7439,7891,8116,8600,9054,9285,9314
1973,3844,5170,6114,6890,7438,7889,8116,8598,9058,9289,9317
1975,3842,5169,6114,6894,7434,7890,8115,8602,9059,9286,9318
1976,3841,5171,6113,6895,7437,7895,8112,8605,9060,9283,9319
1975,3845,5172,6112,6892,7440,7898,8114,8604,9056,9280,9315
1973,3846,5173,6109,6890,7436,7894,8118,8599,9054,9280,9314
1973,3847,5170,6106,6886,7436,7893,8119,8599,9056,9286,9314
1973,3848,5170,6110,6888,7435,7887,8116,8602,9060,9287,9319
1973,3846,5169,6111,6892,7437,7890,8114,8600,9059,9285,9323
1972,3845,5170,6108,6889,7440,7896,8111,8598,9055,9279,9319
1970,3844,5171,6108,6886,7437,7897,8114,8593,9059,9277,9316
1969,3845,5174,6107,6885,7433,7896,8114,8600,9060,9280,9311
1971,3845,5172,6108,6881,7433,7893,8112,8602,9067,9282,9317
1973,3846,5168,6110,6883,7435,7890,8112,8606,9062,9284,9319
1974,3846,5166,6113,6887,7438,7891,8108,8603,9060,9285,9318
1973,3845,5169,6110,6888,7436,7893,8111,8599,9062,9285,9313
1972,3844,5172,6106,6885,7431,7895,8113,8605,9065,9280,9312
1970,3845,5173,6106,6883,7429,7899,8115,8607,9065,9279,9314
1971,3845,5174,6109,6879,7434,7894,8114,8605,9061,9278,9318
1971,3847,5172,6109,6880,7436,7894,8110,8602,9060,9283,9321
1972,3848,5171,6111,6884,7434,7891,8109,8605,9061,9286,9323
1972,3848,5169,6111,6886,7430,7893,8111,8610,9065,9282,9322
1972,3845,5169,6108,6883,7432,7897,8112,8606,9062,9278,9318
1971,3845,5172,6105,6882,7438,7898,8117,8606,9059,9273,9322
1972,3846,5175,6110,6878,7440,7897,8114,8602,9056,9277,9324
1973,3850,5173,6112,6879,7437,7895,8112,8605,9057,9279,9330
1974,3850,5170,6108,6883,7437,7892,8110,8610,9062,9283,9326
1972,3848,5169,6106,6885,0,7897,8110,8606,9064,9283,9323
1970,3845,5171,6104,6882,0,7898,8116,8605,9063,9288,9319
1969,3846,5172,6104,6881,0,7901,8117,8606,9057,9284,9322
1968,3848,5173,6106,6876,0,7906,8113,8611,9060,9280,9328
1970,3850,5172,6111,6873,0,7901,8111,8610,9066,9278,9329
1970,3849,5172,6108,6878,0,7900,8108,8607,9067,9278,9327
1970,3847,5169,6106,6879,0,7897,8111,8606,9065,9283,9322
1971,3845,5169,6105,6876,0,7899,8114,8608,9060,9285,9321
1971,3843,5172,0,6875,0,7906,8115,8613,9059,9282,9325
0,3847,5174,0,6871,0,7907,8114,8611,9063,9276,9328
0,3849,5171,0,6872,0,7904,8109,8608,9066,9273,9331
0,3850,5168,0,6877,0,7901,0,8611,9063,9269,9327
0,3848,0,0,6879,0,0,0,8613,9061,0,0
0,0,0,0,6875,0,0,0,8612,9060,0,0
0,0,0,0,6874,0,0,0,8609,9062,0,0
0,0,0,0,6870,0,0,0,8606,9060,0,0
0,0,0,0,0,0,0,0,8603,0,0,0
