0.0014038
0.0027047
0.0046618
0.0062806
0.0079696
0.010025
0.012052
0.013989
0.015236
0.016409
0.018037
0.018399
0.019375
0.020065
0.020172
0.020135
0.020116
0.019904
0.019815
0.019742
0.019404
0.018914
0.018571
0.018136
0.017675
0.017614
0.017241
0.017057
0.016527
0.01628
0.015982
0.015776
0.015309
0.014902
0.014642
0.014189
0.01404
0.014028
0.013951
0.013551
0.013348
0.013141
0.013096
0.012827
0.012825
0.012872
0.012964
0.012756
0.012819
0.013028
0.013014
0.013096
0.013458
0.0138
0.014122
0.014571
0.015
0.015397
0.015809
0.016219
0.016651
0.017327
0.017707
0.0182
0.018547
0.018957
0.019222
0.019564
0.019992
0.020444
0.020665
0.020741
0.020828
0.02066
0.020242
0.019745
0.019372
0.01927
0.019573
0.019451
0.019178
0.01853
0.017964
0.017356
0.016929
0.016799
0.016348
0.015747
0.015259
0.014553
0.013357
0.013106
0.012763
0.012185
0.011949
0.012271
0.012181
0.012037
0.011817
0.011713
0.011545
0.011967
0.012568
0.013258
0.013787
0.01406
0.014148
0.014523
0.015094
0.015915
0.016632
0.017119
0.01738
0.017415
0.017554
0.017781
0.018322
0.018579
0.01881
0.018887
0.018798
0.018696
0.018715
0.018836
0.019082
0.019403
0.019234
0.019208
0.019306
0.019266
0.019084
0.019048
0.018913
0.019075
0.019476
0.019525
0.019537
0.019356
0.018758
0.018263
0.01795
0.017404
0.016943
0.016509
0.015904
0.015164
0.014681
0.014277
0.013924
0.013124
0.012249
0.011441
0.010817
0.010287
0.010336
0.010722
0.010764
0.010966
0.011324
0.01162
0.012032
0.012598
0.013439
0.014191
0.015078
0.015976
0.016782
0.017532
0.018104
0.018635
0.019027
0.019677
0.01996
0.020326
0.020463
0.020169
0.019943
0.019829
0.019731
0.01968
0.019667
0.019434
0.018986
0.018601
0.018198
0.017806
0.017489
0.017227
0.017462
0.017264
0.017418
0.017715
0.017418
0.017268
0.017329
0.017184
0.016804
0.016748
0.01647
0.016094
0.015842
0.015701
0.015195
0.014838
0.014243
0.013558
0.012758
0.012161
0.011775
0.011475
0.011375
0.011547
0.011641
0.011593
0.011712
0.011935
0.012354
0.01306
0.013877
0.014646
0.015559
0.016263
0.017101
0.017923
0.018761
0.019734
0.020724
0.02147
0.022175
0.022678
0.022943
0.023184
0.023699
0.024091
0.023971
0.023927
0.023585
0.02334
0.02303
0.02249
0.022122
0.021923
0.021515
0.021555
0.02155
0.021006
0.020596
0.020167
0.019647
0.019945
0.019899
0.019694
0.019474
0.019006
0.0189
0.018685
0.018579
0.018416
0.018359
0.018111
0.018174
0.018282
0.018168
0.017865
0.017469
0.017423
0.017542
0.017807
0.018107
0.018363
0.018388
0.018623
0.01898
0.019552
0.020115
0.020612
0.021404
0.021928
0.022286
0.022786
0.023353
0.024176
0.024836
0.025355
0.025994
0.02659
0.026922
0.027158
0.027686
0.028106
0.028513
0.028742
0.028968
0.028846
0.028485
0.028112
0.027781
0.027173
0.027339
0.027616
0.027816
0.027734
0.027186
0.026603
0.026308
0.026131
0.025818
0.02571
0.025172
0.024769
0.024226
0.024112
0.024039
0.024127
0.024028
0.024006
0.024163
0.024245
0.024233
0.024476
0.025058
0.025722
0.026401
0.027043
0.027751
0.028213
0.028777
0.029559
0.030309
0.031047
0.031716
0.032098
0.032365
0.032517
0.032583
0.032488
0.03249
0.03204
0.031784
0.031447
0.030808
0.030143
0.029347
0.02867
0.028019
0.027345
0.026391
0.025944
0.025052
0.02394
0.022708
0.02141
0.020617
0.020163
0.019292
0.018736
0.018227
0.017363
0.016618
0.016203
0.016125
0.015843
0.01555
0.015297
0.015159
0.014935
0.015187
0.014754
0.014474
0.014326
0.014229
0.014563
0.015079
0.015667
0.016364
0.016573
0.016997
0.017979
0.019096
0.020136
0.020953
0.02196
0.022885
0.024303
0.024996
0.025806
0.026403
0.026861
0.027571
0.027828
0.028132
0.028478
0.028628
0.02898
0.029256
0.029095
0.028935
0.028851
0.028997
0.028768
0.028727
0.028892
0.02838
0.0281
0.027872
0.027712
0.027565
0.027409
0.028013
0.028257
0.028244
0.028212
0.027871
0.027498
0.027276
0.027376
0.026835
0.026546
0.026487
0.026063
0.025436
0.025101
0.024622
0.024157
0.023399
0.022896
0.022493
0.022321
0.021949
0.021251
0.021163
0.02094
0.020737
0.02099
0.021371
0.022205
0.022544
0.022838
0.02357
0.024222
0.025098
0.025842
0.026661
0.027428
0.028023
0.028582
0.029353
0.02973
0.02987
0.030673
0.030984
0.031154
0.03146
0.031586
0.031382
0.031127
0.030837
0.030374
0.029938
0.029301
0.028698
0.028235
0.027921
0.027918
0.027734
0.027128
0.026831
0.026229
0.025866
0.025731
0.025777
0.025389
0.02497
0.02468
0.024611
0.024403
0.024452
0.024479
0.02431
0.023552
0.023297
0.023059
0.023037
0.023012
0.022843
0.022938
0.02279
0.022577
0.023105
0.023099
0.022967
0.023108
0.023313
0.023624
0.024021
0.024323
0.024664
0.025133
0.025478
0.026199
0.025306
0.024315
0.022717
0.021869
0.020634
0.019211
0.017462
0.016103
0.01515
0.013921
0.012546
0.012445
0.011585
0.010922
0.010561
0.010071
0.0095014
0.0091326
0.0091072
0.0087666
0.0093947
0.0094251
0.0089178
0.0087789
0.0086645
0.0083433
0.0082545
0.0077017
0.0079107
0.0074682
0.0067781
0.0067903
0.0066964
0.006519
0.0065943
0.0074383
0.0075004
0.0073988
0.0075199
0.0078577
0.0079011
0.0084142
0.0091619
0.0099845
0.01062
0.010876
0.010998
0.011624
0.012041
0.012507
0.01313
0.01343
0.013379
0.013083
0.012993
0.012553
0.012611
0.012398
0.012084
0.011892
0.011358
0.010572
0.010167
0.009584
0.0092217
0.0088743
0.0085521
0.0082053
0.0077535
0.0075199
0.0072003
0.0070304
0.0068542
0.0074934
0.0083264
0.0089141
0.0092501
0.0091196
0.0081965
0.0078921
0.0079096
0.0080752
0.008127
0.0083666
0.0081572
0.0076205
0.0077184
0.0079514
0.0073065
0.0071044
0.0078548
0.0074681
0.0070614
0.0077517
0.0084849
0.0080878
0.008309
0.0088614
0.0095046
0.0099705
0.010875
0.011247
0.011391
0.011633
0.01224
0.013029
0.013559
0.013849
0.013874
0.013545
0.013419
0.013565
0.013702
0.014069
0.013978
0.01359
0.012918
0.01264
0.01228
0.012093
0.011905
0.011449
0.011084
0.010865
0.010553
0.0099316
0.0099281
0.0097611
0.0097608
0.009997
0.010418
0.010559
0.01062
0.010421
0.010114
0.010093
0.0097918
0.0097316
0.010255
0.010544
0.010712
0.011126
0.011209
0.011308
0.011301
0.011234
0.010926
0.010929
0.010758
0.011383
0.012511
0.013975
0.014563
0.015482
0.015152
0.015029
0.015314
0.015749
0.016107
0.016673
0.017456
0.017928
0.017673
0.017212
0.017689
0.01801
0.018409
0.018581
0.018557
0.01891
0.019357
0.018986
0.019532
0.020037
0.02041
0.021488
0.021534
0.021335
0.021263
0.021237
0.021003
0.020915
0.021821
0.022464
0.022928
0.023104
0.023286
0.023302
0.022738
0.023115
0.022956
0.022647
0.022574
0.022686
0.022749
0.022868
0.023322
0.023341
0.023608
0.023681
0.023835
0.023801
0.023867
0.023144
0.023008
0.02293
0.023
0.023092
0.023214
0.022734
0.021955
0.021199
0.020505
0.01995
0.019496
0.018905
0.018149
0.016969
0.015637
0.014385
0.012038
0.010288
0.0084165
0.0068873
0.0058608
0.0048364
0.0038055
0.0035565
0.0038642
0.0042329
0.0050253
0.005077
0.0047814
0.0048556
0.0050397
0.0050306
0.0059193
0.006388
0.0069966
0.008015
0.0086621
0.0090479
0.0093263
0.009519
0.0095255
0.010875
0.011655
0.011998
0.011891
0.01091
0.010775
0.010897
0.010803
0.011153
0.011332
0.011624
0.011606
0.011547
0.011429
0.01168
0.012167
0.012271
0.012643
0.013579
0.014093
0.014276
0.014163
0.014339
0.014415
0.014907
0.01549
0.01565
0.01545
0.015017
0.014677
0.014506
0.014113
0.013862
0.013784
0.01364
0.013209
0.012303
0.011702
0.01142
0.011172
0.010773
0.010475
0.010199
0.0096729
0.0090128
0.0083568
0.0079625
0.0075843
0.0083136
0.0087796
0.0091804
0.0094042
0.0099407
0.0092749
0.0084173
0.0079191
0.0076833
0.0076203
0.0075453
0.0071454
0.0062554
0.0057492
0.0054266
0.0050038
0.0049942
0.0054698
0.0052704
0.0048486
0.0044398
0.0043632
0.0039884
0.0039917
0.0046632
0.0054241
0.0056491
0.005525
0.0050865
0.0047957
0.004813
0.0049318
0.0053405
0.0056582
0.0052953
0.0048542
0.004311
0.0039808
0.004045
0.0040733
0.0041229
0.0043231
0.004313
0.0041687
0.0044041
0.0046144
0.0050784
0.0056285
0.006015
0.0065973
0.0070897
0.0073641
0.0077744
0.0083628
0.0085944
0.0093606
0.010931
0.012476
0.013841
0.014765
0.014777
0.015371
0.015808
0.016287
0.016792
0.017072
0.017225
0.016778
0.016254
0.015772
0.015306
0.014798
0.014059
0.01343
0.01383
0.013707
0.01331
0.013075
0.012578
0.01221
0.012013
0.011843
0.01198
0.011831
0.011184
0.010507
0.01025
0.010268
0.010248
0.010074
0.0093453
0.0092068
0.0088286
0.0085712
0.0086354
0.00829
0.0085508
0.0083733
0.0079936
0.0076305
0.0071451
0.0066694
0.0065834
0.0064301
0.006277
0.00576
0.0055878
0.0052903
0.0046827
0.0047543
0.0046265
0.0043648
0.0045382
0.0046557
0.0047177
0.0041521
0.0036506
0.0035573
0.003266
0.0033448
0.0034674
0.0034899
0.0031832
0.0035362
0.0035816
0.0035257
0.0036011
0.003719
0.0032499
0.0032517
0.0029826
0.0029862
0.0035125
0.0040225
0.0041288
0.0045176
0.0053726
0.006053
0.0065532
0.0069956
0.0068685
0.0063661
0.0061666
0.0065265
0.0069883
0.006925
0.0066837
0.0065387
0.0066892
0.0055597
0.0050279
0.0050137
0.0052134
0.0053217
0.0054756
0.0055672
0.0050225
0.0046131
0.0044464
0.0038562
0.0035735
0.0036736
0.0039007
0.0041928
0.0041751
0.0045858
0.0048253
0.0046678
0.0050525
0.0051446
0.0050038
0.0056025
0.0062576
0.0063527
0.0066285
0.0067235
0.0066928
0.00646
0.0067414
0.006687
0.006956
0.0072151
0.0073564
0.0070941
0.0069152
0.0069235
0.0073024
0.0075489
0.0078369
0.0079318
0.0081974
0.0085082
0.008627
0.0091609
0.0097829
0.0096619
0.0099113
0.010294
0.010514
0.010996
0.011346
0.011565
0.011831
0.011977
0.011867
0.011949
0.011779
0.012039
0.012292
0.012057
0.011502
0.011443
0.011101
0.011134
0.010925
0.010848
0.011015
0.010321
0.0096954
0.0096252
0.009681
0.0096444
0.010005
0.010465
0.010702
0.010127
0.01001
0.00917
0.0092104
0.0095938
0.0099277
0.010186
0.010181
0.010123
0.010367
0.010374
0.010732
0.012012
0.012561
0.01327
0.013732
0.01408
0.014238
0.01511
0.016346
0.017706
0.018606
0.019859
0.020392
0.0206
0.020859
0.021192
0.021685
0.022036
0.02217
0.022009
0.021583
0.020962
0.019973
0.019297
0.01896
0.018631
0.018489
0.017773
0.017203
0.01678
0.016403
0.016054
0.016168
0.015952
0.015944
0.015487
0.014873
0.014471
0.013884
0.013188
0.012296
0.011965
0.01168
0.011718
0.011335
0.0098612
0.0084527
0.0070001
0.0061302
0.0058637
0.0052421
0.0042386
0.003351
0.0021652
-1.4755e-005
-0.0012676
-0.0020006
-0.003323
-0.0044127
-0.003967
-0.0043007
-0.0050747
-0.0054659
-0.0047794
-0.0050724
-0.0052776
-0.0047261
-0.0045108
-0.0042657
-0.0034813
-0.0020208
-0.0013559
-2.3272e-005
0.0018121
0.0033155
0.0040317
0.0049969
0.0057932
0.0064939
0.0073111
0.0081306
0.0084894
0.0081654
0.0080593
0.0080759
0.0080236
0.0083692
0.0074773
0.0072472
0.0074461
0.0065869
0.0060038
0.0051
0.0033444
0.0020233
0.00055395
-0.00025563
-0.0012944
-0.0029451
-0.0037259
-0.0043166
-0.0055627
-0.0065036
-0.0070019
-0.0058436
-0.004327
-0.003299
-0.0017585
0.00021625
0.0013864
0.0028015
0.0048185
0.0075961
0.0095069
0.011809
0.014276
0.015282
0.01763
0.018817
0.018707
0.018562
0.016932
0.015872
0.014308
0.011097
0.0090017
0.0053853
0.0028492
-0.0012452
-0.0046374
-0.0095262
-0.014327
-0.019605
-0.021756
-0.024642
-0.026644
-0.027752
-0.028215
-0.028142
-0.027358
-0.025314
-0.023087
-0.018118
-0.0141
-0.010369
-0.0055429
-0.0062202
-0.0053871
-0.0023499
0.00085796
0.0024569
0.0024852
0.0027227
0.0010913
-0.0016419
-0.0059903
-0.0093868
-0.01318
-0.017131
-0.023351
-0.030722
-0.03671
-0.041543
-0.04595
-0.050467
-0.054575
-0.056698
-0.057743
-0.056657
-0.054208
-0.051669
-0.049224
-0.045134
-0.041413
-0.037292
-0.032678
-0.028527
-0.02532
-0.021648
-0.019095
-0.016479
-0.015249
-0.014641
-0.016152
-0.017737
-0.019674
-0.02147
-0.022424
-0.024862
-0.027181
-0.029624
-0.031209
-0.034233
-0.03592
-0.037564
-0.041036
-0.043878
-0.0482
-0.052174
-0.054666
-0.058238
-0.062343
-0.061956
-0.06548
-0.070173
-0.070601
-0.069866
-0.070484
-0.071571
-0.069818
-0.069967
-0.069313
-0.065556
-0.065057
-0.064071
-0.064185
-0.065575
-0.067975
-0.071803
-0.075206
-0.078657
-0.082651
-0.086186
-0.088838
-0.091824
-0.093961
-0.097433
-0.098807
-0.1005
-0.10207
-0.10248
-0.1031
-0.10555
-0.10792
-0.10998
-0.11264
-0.11386
-0.11563
-0.11588
-0.11612
-0.11573
-0.11419
-0.11223
-0.11269
-0.11593
-0.11711
-0.11815
-0.12092
-0.12362
-0.12605
-0.12942
-0.13339
-0.13847
-0.14282
-0.14756
-0.1517
-0.15391
-0.157
-0.16016
-0.16204
-0.1634
-0.16528
-0.16707
-0.17066
-0.17425
-0.17646
-0.17884
-0.17825
-0.17925
-0.17905
-0.17828
-0.17748
-0.176
-0.17477
-0.17238
-0.17129
-0.17081
-0.17039
-0.16972
-0.16891
-0.1703
-0.17326
-0.17691
-0.17757
-0.1799
-0.17954
-0.1804
-0.18413
-0.18699
-0.19183
-0.19597
-0.20031
-0.20396
-0.20737
-0.21193
-0.21472
-0.21486
-0.21442
-0.21308
-0.21018
-0.20708
-0.20496
-0.20409
-0.20355
-0.20158
-0.20131
-0.20006
-0.19862
-0.19732
-0.1947
-0.19258
-0.19093
-0.18846
-0.18849
-0.18976
-0.19221
-0.19438
-0.19897
-0.20263
-0.20716
-0.21217
-0.21457
-0.21514
-0.21666
-0.21618
-0.21602
-0.21589
-0.21632
-0.21801
-0.21893
-0.22072
-0.22069
-0.21959
-0.21525
-0.21233
-0.20745
-0.20289
-0.1994
-0.19561
-0.19122
-0.18953
-0.18869
-0.18935
-0.19028
-0.19208
-0.19261
-0.19285
-0.19321
-0.19452
-0.19676
-0.19688
-0.1992
-0.20369
-0.20737
-0.21013
-0.21223
-0.21335
-0.21387
-0.21326
-0.21349
-0.21349
-0.21321
-0.21369
-0.21261
-0.21193
-0.21202
-0.20995
-0.20765
-0.20425
-0.19971
-0.19721
-0.19401
-0.19153
-0.19061
-0.18995
-0.18984
-0.19169
-0.19333
-0.19407
-0.19318
-0.19271
-0.19269
-0.19244
-0.19219
-0.19539
-0.19843
-0.20315
-0.2053
-0.20675
-0.2079
-0.2075
-0.20676
-0.20393
-0.20101
-0.19906
-0.19618
-0.19481
-0.19498
-0.197
-0.19606
-0.19588
-0.1953
-0.19378
-0.19019
-0.1855
-0.18352
-0.18296
-0.18533
-0.19228
-0.19927
-0.20329
-0.20514
-0.20666
-0.20653
-0.20345
-0.20259
-0.20277
-0.20295
-0.20466
-0.20972
-0.21817
-0.22151
-0.22406
-0.22545
-0.22244
-0.21981
-0.21481
-0.21259
-0.20975
-0.21065
-0.21503
-0.21838
-0.22156
-0.22212
-0.22061
-0.21981
-0.21775
-0.21236
-0.20939
-0.2077
-0.2083
-0.21306
-0.21869
-0.22004
-0.21858
-0.21803
-0.21621
-0.21144
-0.20567
-0.20203
-0.1984
-0.19748
-0.19928
-0.20402
-0.20606
-0.20532
-0.20112
-0.19657
-0.1926
-0.18709
-0.18216
-0.18039
-0.18191
-0.1854
-0.1869
-0.18844
-0.18982
-0.18962
-0.18516
-0.18229
-0.18118
-0.18298
-0.18688
-0.1926
-0.19914
-0.20484
-0.20945
-0.2109
-0.20869
-0.2069
-0.20604
-0.20642
-0.20809
-0.21082
-0.21335
-0.21531
-0.21662
-0.21988
-0.21838
-0.21265
-0.2072
-0.20444
-0.20364
-0.204
-0.20746
-0.20843
-0.20872
-0.20861
-0.20642
-0.20135
-0.19685
-0.19343
-0.19271
-0.19476
-0.19781
-0.20283
-0.20891
-0.21341
-0.21484
-0.2124
-0.20863
-0.20662
-0.2068
-0.20844
-0.21154
-0.21607
-0.22017
-0.22191
-0.22136
-0.21866
-0.21534
-0.2091
-0.20454
-0.20409
-0.20567
-0.20767
-0.20915
-0.21061
-0.20995
-0.2068
-0.20298
-0.19897
-0.19691
-0.19765
-0.19952
-0.20396
-0.20669
-0.20861
-0.20975
-0.20832
-0.20326
-0.19974
-0.19937
-0.19946
-0.20214
-0.20499
-0.20691
-0.20639
-0.20555
-0.20203
-0.19753
-0.19149
-0.18638
-0.18316
-0.18192
-0.18282
-0.18288
-0.18231
-0.18051
-0.17735
-0.17206
-0.16771
-0.16531
-0.16478
-0.16624
-0.17028
-0.17396
-0.17691
-0.17935
-0.1793
-0.17787
-0.17715
-0.1785
-0.18067
-0.18733
-0.19349
-0.19842
-0.20168
-0.20295
-0.20185
-0.19986
-0.19658
-0.19393
-0.19383
-0.19593
-0.1982
-0.19945
-0.19982
-0.1988
-0.19621
-0.19146
-0.18567
-0.18267
-0.18107
-0.18161
-0.18437
-0.18665
-0.1873
-0.18544
-0.18224
-0.18009
-0.17382
-0.17244
-0.17304
-0.17728
-0.18301
-0.18735
-0.19061
-0.19108
-0.18873
-0.18511
-0.18268
-0.18499
-0.18652
-0.19212
-0.19794
-0.20027
-0.20219
-0.20021
-0.19591
-0.19096
-0.18725
-0.18543
-0.18547
-0.18594
-0.18637
-0.18486
-0.18292
-0.1782
-0.17144
-0.16356
-0.15849
-0.15505
-0.15501
-0.15447
-0.15749
-0.16024
-0.16047
-0.15859
-0.15716
-0.15663
-0.15906
-0.16573
-0.17449
-0.1838
-0.19135
-0.19079
-0.18979
-0.19014
-0.18961
-0.18832
-0.18664
-0.18693
-0.19026
-0.1906
-0.18583
-0.18275
-0.17849
-0.17071
-0.1612
-0.15047
-0.14445
-0.14092
-0.13912
-0.13786
-0.13567
-0.1343
-0.13101
-0.1292
-0.12684
-0.12807
-0.13039
-0.13706
-0.14369
-0.14911
-0.15431
-0.15645
-0.15604
-0.15538
-0.15477
-0.15543
-0.15764
-0.16039
-0.16024
-0.16015
-0.15846
-0.15503
-0.15072
-0.14294
-0.13809
-0.13563
-0.13501
-0.13535
-0.13638
-0.1352
-0.13009
-0.12397
-0.11543
-0.10905
-0.10772
-0.10711
-0.10859
-0.11129
-0.10878
-0.10446
-0.10177
-0.10043
-0.096954
-0.092498
-0.094576
-0.098246
-0.10432
-0.11039
-0.11138
-0.11143
-0.10757
-0.10383
-0.098549
-0.094493
-0.092344
-0.09197
-0.090897
-0.087883
-0.086253
-0.081549
-0.07711
-0.070448
-0.0661
-0.064334
-0.064639
-0.068687
-0.07185
-0.070946
-0.06751
-0.061853
-0.055559
-0.051408
-0.049732
-0.051022
-0.054328
-0.058732
-0.061046
-0.065069
-0.06374
-0.05857
-0.053951
-0.049821
-0.047474
-0.049217
-0.051135
-0.05086
-0.047263
-0.039823
-0.030877
-0.022504
-0.016019
-0.01359
-0.013938
-0.01471
-0.014717
-0.014033
-0.01135
-0.0083616
-0.001637
0.0060045
0.010932
0.013658
0.010145
0.0070413
0.0043642
0.0032285
0.0043387
0.0072096
0.011219
0.013062
0.012745
0.0099583
0.0070236
0.0049403
0.0038556
0.0062843
0.011999
0.019622
0.02395
0.027346
0.027068
0.025229
0.024896
0.025073
0.028158
0.033397
0.041221
0.048402
0.054914
0.057165
0.055417
0.050633
0.04642
0.043193
0.040976
0.042036
0.042946
0.044382
0.044186
0.040887
0.036986
0.032721
0.029122
0.027496
0.026238
0.027212
0.030247
0.031532
0.031233
0.028418
0.025976
0.025937
0.029945
0.036953
0.044569
0.053066
0.056947
0.058074
0.056867
0.053474
0.049932
0.046602
0.047898
0.053301
0.058395
0.063247
0.064719
0.063093
0.055605
0.050203
0.044161
0.040374
0.038805
0.0381
0.037961
0.040976
0.039662
0.037983
0.03416
0.0326
0.03052
0.032484
0.036755
0.041866
0.04536
0.045592
0.044517
0.044604
0.044129
0.044425
0.04664
0.049373
0.053371
0.057906
0.060086
0.059244
0.055841
0.052789
0.049468
0.048168
0.050913
0.053684
0.056427
0.055377
0.050902
0.04751
0.041427
0.035557
0.033005
0.03433
0.037688
0.042999
0.048403
0.049995
0.046319
0.04001
0.036656
0.033459
0.034313
0.040245
0.047359
0.056246
0.060011
0.060991
0.059692
0.055568
0.052684
0.048304
0.048245
0.050386
0.051578
0.051816
0.051964
0.050353
0.045216
0.041046
0.038711
0.036688
0.036778
0.034725
0.036863
0.036134
0.036235
0.037928
0.041874
0.043409
0.044373
0.046666
0.051051
0.051743
0.052502
0.051442
0.048966
0.046182
0.049376
0.056063
0.062544
0.06795
0.073168
0.072779
0.069829
0.059724
0.052413
0.046887
0.046854
0.051664
0.059552
0.066115
0.069124
0.067978
0.065435
0.060274
0.052423
0.047807
0.04488
0.046572
0.055322
0.066011
0.070958
0.069595
0.063019
0.057971
0.05127
0.04478
0.043051
0.044084
0.046216
0.050913
0.0552
0.053732
0.046127
0.039084
0.031136
0.02689
0.026054
0.024269
0.025187
0.027647
0.028006
0.023824
0.02161
0.019994
0.018073
0.015529
0.01606
0.019292
0.023268
0.026037
0.025751
0.02772
0.032386
0.036606
0.041263
0.043601
0.044104
0.045421
0.0449
0.044705
0.042043
0.041926
0.044361
0.049096
0.057027
0.059571
0.057631
0.053709
0.049397
0.04476
0.041447
0.043432
0.043573
0.046524
0.051411
0.053634
0.052098
0.047937
0.037061
0.032186
0.033335
0.036724
0.045379
0.054857
0.06168
0.063945
0.058377
0.050177
0.041756
0.038406
0.037659
0.040774
0.048635
0.055502
0.059168
0.059373
0.054795
0.048424
0.039556
0.033431
0.0315
0.035846
0.042635
0.048704
0.053333
0.051594
0.04333
0.03837
0.034826
0.031265
0.034676
0.040324
0.047754
0.053366
0.05516
0.053069
0.046907
0.040537
0.035991
0.036864
0.041495
0.047813
0.053537
0.057422
0.056089
0.052012
0.047411
0.043568
0.037786
0.037205
0.039638
0.044816
0.049938
0.049776
0.046286
0.04368
0.039832
0.035328
0.033976
0.036542
0.03953
0.043913
0.04817
0.0477
0.045654
0.045555
0.04251
0.040606
0.04322
0.045721
0.047078
0.051238
0.053332
0.051232
0.04943
0.047816
0.045609
0.046983
0.046712
0.046876
0.04744
0.046671
0.044188
0.043818
0.045133
0.044465
0.043323
0.043432
0.042232
0.042296
0.043403
0.04203
0.043351
0.045375
0.04551
0.047409
0.050675
0.052644
0.050101
0.048693
0.047234
0.046386
0.047335
0.048803
0.052413
0.054769
0.056102
0.054524
0.051983
0.049956
0.044105
0.046026
0.048312
0.049801
0.053588
0.053429
0.052469
0.049646
0.047633
0.044883
0.042269
0.043574
0.044133
0.047601
0.053141
0.05571
0.054668
0.049859
0.044195
0.039778
0.038762
0.039865
0.045916
0.052015
0.055596
0.053667
0.051393
0.044417
0.03759
0.037535
0.040281
0.045576
0.051265
0.051596
0.051486
0.050249
0.047097
0.042466
0.038796
0.037372
0.039763
0.04432
0.050917
0.055075
0.057454
0.052801
0.043247
0.036977
0.034793
0.035684
0.042252
0.049501
0.054277
0.056923
0.054573
0.049239
0.038842
0.036641
0.035822
0.038796
0.046497
0.050571
0.054265
0.055048
0.050584
0.043442
0.038096
0.035046
0.034509
0.04012
0.046801
0.052765
0.055921
0.054724
0.045514
0.037036
0.033121
0.033806
0.039356
0.048762
0.055698
0.059408
0.056232
0.051126
0.041421
0.036824
0.036026
0.038389
0.04648
0.052082
0.056369
0.058366
0.053895
0.047844
0.042601
0.036898
0.035288
0.041186
0.050577
0.057
0.060764
0.059166
0.049648
0.044213
0.04097
0.040223
0.045399
0.05353
0.05982
0.061813
0.061892
0.05554
0.047929
0.043054
0.039377
0.041486
0.04801
0.05542
0.060409
0.062589
0.058656
0.049733
0.044134
0.039563
0.038494
0.042871
0.050097
0.057158
0.059454
0.059871
0.051269
0.047244
0.043401
0.03916
0.041544
0.050006
0.056781
0.061299
0.060956
0.05368
0.044389
0.038892
0.03385
0.036763
0.045445
0.052001
0.0558
0.055638
0.053876
0.04762
0.042893
0.037218
0.034075
0.037606
0.044405
0.052046
0.05688
0.055305
0.049658
0.044222
0.038262
0.033402
0.036092
0.043251
0.050616
0.055085
0.056377
0.04983
0.043915
0.037987
0.032778
0.034335
0.038358
0.043672
0.049431
0.051199
0.049336
0.042784
0.036596
0.031461
0.029967
0.036647
0.043419
0.049536
0.051668
0.051097
0.046034
0.040325
0.034935
0.030898
0.034891
0.040449
0.047776
0.053066
0.053869
0.050043
0.045531
0.040943
0.033747
0.032537
0.036257
0.043474
0.051514
0.053714
0.049414
0.041497
0.03603
0.030571
0.03085
0.03687
0.043114
0.047755
0.051421
0.050466
0.043915
0.03735
0.032823
0.031417
0.034147
0.036665
0.041905
0.046921
0.048403
0.045113
0.041466
0.038288
0.033059
0.030535
0.039097
0.045517
0.052717
0.055143
0.049633
0.04521
0.038739
0.033287
0.033529
0.036585
0.042002
0.047217
0.050503
0.049228
0.040406
0.036981
0.032145
0.028511
0.027801
0.029349
0.033064
0.039409
0.040247
0.038301
0.033243
0.0278
0.020786
0.02081
0.02813
0.033465
0.039114
0.042214
0.039802
0.036722
0.033034
0.028399
0.0271
0.032368
0.040112
0.047597
0.050333
0.049412
0.042143
0.038019
0.033199
0.03126
0.033251
0.036757
0.040126
0.046278
0.047397
0.046201
0.040775
0.034459
0.029259
0.030922
0.034707
0.042335
0.048469
0.051416
0.046573
0.045053
0.039472
0.034256
0.034113
0.037382
0.041295
0.046451
0.048215
0.047089
0.040699
0.037452
0.032918
0.029329
0.030265
0.031782
0.035153
0.04039
0.039356
0.034199
0.028705
0.024748
0.021094
0.022312
0.026919
0.034621
0.042281
0.044031
0.03789
0.035958
0.031567
0.026199
0.027235
0.032059
0.036269
0.041486
0.043706
0.040096
0.036945
0.034682
0.029932
0.027348
0.028614
0.031222
0.03848
0.040925
0.041011
0.036674
0.032493
0.027549
0.024488
0.026584
0.030517
0.035946
0.043816
0.043961
0.042066
0.040604
0.033764
0.029277
0.029169
0.032186
0.038228
0.045154
0.047221
0.043543
0.041588
0.038783
0.034204
0.032259
0.032
0.035304
0.042208
0.045769
0.042746
0.038442
0.032872
0.026281
0.024622
0.02976
0.035692
0.038913
0.043185
0.042083
0.036658
0.03078
0.023856
0.020489
0.020604
0.022113
0.02709
0.034765
0.037534
0.034682
0.032736
0.030141
0.024551
0.021343
0.020219
0.023897
0.033291
0.038046
0.034216
0.032253
0.028407
0.023792
0.022833
0.029861
0.036475
0.041236
0.046601
0.043563
0.03838
0.035129
0.028991
0.026793
0.028464
0.029476
0.033662
0.038119
0.040492
0.03788
0.036354
0.032218
0.025867
0.023939
0.023356
0.027444
0.036371
0.037164
0.030819
0.030382
0.028494
0.02302
0.022679
0.028693
0.033365
0.038071
0.043122
0.04162
0.037832
0.034945
0.029172
0.026479
0.028465
0.030003
0.033491
0.040785
0.04058
0.037595
0.035989
0.030941
0.025871
0.023706
0.024386
0.029378
0.036876
0.037808
0.032018
0.031608
0.030263
0.024091
0.024282
0.027245
0.029726
0.034125
0.038124
0.036064
0.032013
0.029215
0.02201
0.019978
0.022211
0.025591
0.029137
0.035108
0.036249
0.032149
0.0293
0.023921
0.019799
0.019539
0.019987
0.026039
0.033902
0.034438
0.029377
0.027558
0.026011
0.019121
0.017358
0.022238
0.024886
0.02998
0.034351
0.02967
0.028099
0.026043
0.018443
0.018462
0.019947
0.023538
0.027105
0.029847
0.02985
0.026489
0.022805
0.0178
0.012928
0.015174
0.016099
0.020485
0.026765
0.026518
0.024763
0.023444
0.016671
0.011389
0.011382
0.013983
0.018846
0.022972
0.027378
0.024603
0.024727
0.021646
0.01471
0.011895
0.01254
0.015891
0.023555
0.02924
0.028176
0.026055
0.02106
0.014841
0.012766
0.015284
0.018526
0.02373
0.030915
0.029285
0.026907
0.023823
0.017227
0.015649
0.017123
0.019478
0.023289
0.0268
0.02762
0.0249
0.024028
0.020571
0.013706
0.011359
0.010877
0.015379
0.025642
0.028453
0.029476
0.026467
0.020172
0.013732
0.013455
0.015197
0.020205
0.024558
0.031001
0.027988
0.024557
0.022107
0.016147
0.015245
0.015848
0.016435
0.021377
0.025425
0.026625
0.024441
0.023148
0.017917
0.012598
0.010061
0.011045
0.016919
0.026445
0.028956
0.025194
0.020943
0.013869
0.0081591
0.0063604
0.0081481
0.012502
0.017371
0.021484
0.021299
0.016606
0.013464
0.0083157
0.004572
0.0041204
0.0048859
0.0092393
0.014817
0.015065
0.013137
0.012132
0.0077778
0.001493
-0.00037774
0.0004943
0.0058115
0.013768
0.01611
0.0093434
0.0038468
-0.0012963
-0.0058906
-0.0057086
-0.0019442
0.0015374
0.0087935
0.013007
0.012541
0.007484
0.0029402
-0.0027722
-0.0047966
-0.0020736
0.00038058
0.0059826
0.011713
0.010999
0.0084158
0.0069633
0.00081094
-0.0057737
-0.0079365
-0.0063703
-0.00074962
0.0094657
0.011092
0.0070886
0.0048578
0.0012978
-0.0037258
-0.0044619
-0.0011877
0.0021628
0.0090364
0.0121
0.010527
0.0074145
0.0021169
-0.0048177
-0.004525
-0.001504
0.0046028
0.0080388
0.013629
0.012382
0.0091489
0.0073736
0.0014207
-0.0034098
-0.0040236
-0.00033225
0.0067935
0.015288
0.015968
0.011917
0.008942
0.0056136
-0.00016053
-0.0024259
-0.0013176
0.0023219
0.010164
0.013394
0.012823
0.011219
0.0071475
0.0018078
0.0016162
0.0057885
0.011037
0.015809
0.020604
0.019806
0.017231
0.01372
0.0066232
0.0027478
0.0035879
0.0063262
0.01054
0.015823
0.017403
0.016185
0.013993
0.0068492
0.00015943
-0.0026704
0.00087445
0.0065523
0.013199
0.016635
0.01233
0.011163
0.0072447
0.0026881
-6.8697e-005
0.0041077
0.0075619
0.014483
0.018668
0.016344
0.011025
0.0059707
-0.0020352
-0.0039363
-0.0004971
0.0010805
0.0077947
0.01484
0.017058
0.013813
0.010239
0.0074945
0.0055902
0.006301
0.010766
0.015673
0.022312
0.02398
0.017622
0.01788
0.014995
0.0065792
0.0042208
0.0069666
0.01016
0.019405
0.020793
0.021063
0.015555
0.011115
0.0057771
0.0044113
0.005574
0.0060229
0.010852
0.022263
0.021143
0.019227
0.014797
0.012594
0.009705
0.012273
0.017489
0.022146
0.026061
0.027881
0.021497
0.021321
0.017234
0.00799
0.006872
0.0081106
0.012801
0.018382
0.020889
0.019288
0.013654
0.0085464
0.0023792
-0.0014442
-0.00046079
0.0041987
0.011289
0.019221
0.019185
0.018199
0.0159
0.011975
0.008021
0.0094401
0.013363
0.01815
0.023372
0.025437
0.020834
0.019384
0.015502
0.010181
0.0083186
0.011158
0.015076
0.021846
0.023015
0.021721
0.017156
0.011928
0.0079817
0.0067381
0.0101
0.01384
0.019509
0.026921
0.026005
0.022957
0.020692
0.015835
0.013771
0.013373
0.016466
0.023273
0.030742
0.031376
0.026727
0.022693
0.018324
0.013102
0.011597
0.015554
0.021318
0.029677
0.03056
0.028286
0.025083
0.02014
0.014542
0.013176
0.013451
0.017802
0.025708
0.031065
0.029255
0.024918
0.019683
0.014134
0.011669
0.014638
0.020539
0.025325
0.031021
0.03286
0.030341
0.026734
0.019157
0.014513
0.012166
0.015648
0.022298
0.028249
0.02906
0.025569
0.020654
0.01573
0.010643
0.0090304
0.011003
0.013042
0.020253
0.023727
0.022151
0.016214
0.011654
0.0090344
0.0062568
0.0098903
0.018286
0.024651
0.029334
0.030446
0.030769
0.026355
0.016168
0.01099
0.010551
0.015697
0.022091
0.027613
0.029541
0.027275
0.020488
0.017536
0.01524
0.013218
0.013217
0.015118
0.020555
0.022655
0.019671
0.015007
0.014343
0.009585
0.005451
0.0069736
0.013407
0.018927
0.019111
0.017551
0.012517
0.0052514
-0.0065733
-0.010933
-0.010303
-0.0056295
0.003709
0.0084225
0.011053
0.0083
0.00074311
-0.0036158
-0.0052843
-0.0065925
-0.0029656
0.0014649
0.0081459
0.010593
0.010862
0.0089756
0.0065815
0.00259
0.00014112
-0.00052743
0.0050616
0.012949
0.01369
0.010352
0.0068292
-0.00029674
-0.01102
-0.016666
-0.016094
-0.011579
-0.006917
-0.0029492
-0.00059418
-0.0020319
-0.0087275
-0.013599
-0.014826
-0.01371
-0.012616
-0.0070708
-0.0014096
0.0015838
0.0032044
0.00051213
-0.0049617
-0.0080921
-0.010264
-0.010712
-0.0049298
0.0066588
0.0081571
0.007918
0.0090117
0.0017028
-0.0054656
-0.0084215
-0.0092902
-0.0068816
0.00025486
0.0089522
0.011824
0.014776
0.011886
0.0044472
-3.1869e-005
-0.0021692
-0.0030698
0.0020903
0.012035
0.017498
0.019559
0.019939
0.015805
0.010657
0.0069835
0.0043636
0.0059839
0.014412
0.019679
0.023051
0.02631
0.026143
0.018978
0.012093
0.0094036
0.0084835
0.016177
0.021602
0.025893
0.031313
0.026964
0.021972
0.017672
0.013242
0.014576
0.017983
0.022973
0.026788
0.033725
0.036559
0.032382
0.029339
0.026404
0.022485
0.018408
0.021155
0.021659
0.025425
0.030973
0.029139
0.026881
0.021871
0.02017
0.017637
0.016717
0.017443
0.019537
0.020969
0.020863
0.018204
0.019068
0.02088
0.018574
0.020809
0.022656
0.021879
0.024039
0.021435
0.01656
0.014885
0.017813
0.021599
0.027661
0.029062
0.029093
0.031047
0.029671
0.025963
0.022978
0.019269
0.019906
0.02444
0.030879
0.035075
0.035117
0.03288
0.02966
0.024125
0.018159
0.014583
0.015283
0.019487
0.021335
0.026424
0.032279
0.029209
0.024171
0.017787
0.014131
0.010694
0.014043
0.018649
0.022199
0.02653
0.028162
0.026793
0.024735
0.023774
0.021913
0.020778
0.022114
0.024824
0.02681
0.027932
0.029323
0.02697
0.022865
0.02065
0.022359
0.02716
0.031096
0.032493
0.031672
0.031213
0.027308
0.025707
0.024915
0.029294
0.030499
0.0378
0.042258
0.041149
0.038258
0.034479
0.031425
0.029014
0.02655
0.029468
0.035117
0.036435
0.035989
0.039417
0.038022
0.035736
0.029597
0.027943
0.028854
0.036303
0.040779
0.041901
0.042746
0.038927
0.033589
0.029987
0.02583
0.027481
0.030908
0.038018
0.042162
0.044736
0.046077
0.042969
0.038428
0.035411
0.032854
0.031765
0.034754
0.03692
0.0406
0.045373
0.045552
0.042094
0.03955
0.03736
0.035162
0.035942
0.035854
0.035737
0.035842
0.033082
0.0267
0.024189
0.024961
0.03132
0.03628
0.042794
0.044783
0.044816
0.03683
0.02831
0.020115
0.019885
0.02078
0.023844
0.028035
0.032309
0.039979
0.043352
0.039931
0.035369
0.028838
0.024563
0.025446
0.029242
0.032567
0.032234
0.035856
0.036345
0.033727
0.031981
0.036025
0.039036
0.042896
0.046324
0.049617
0.04943
0.048619
0.042326
0.038329
0.037456
0.038196
0.042575
0.048681
0.052106
0.057946
0.061573
0.06112
0.059963
0.060532
0.057568
0.055904
0.05617
0.057998
0.058502
0.060233
0.057542
0.051258
0.047491
0.046824
0.04764
0.051317
0.054409
0.054285
0.053419
0.051606
0.041309
0.034111
0.030314
0.028898
0.032256
0.036759
0.039577
0.040501
0.04017
0.037025
0.035751
0.033194
0.031335
0.031569
0.034813
0.036211
0.034559
0.035824
0.033793
0.027783
0.022483
0.0204
0.022862
0.031477
0.03625
0.038716
0.040297
0.039564
0.035004
0.035017
0.033657
0.032938
0.035285
0.0412
0.044503
0.04645
0.04577
0.044601
0.046043
0.048019
0.046263
0.049215
0.053263
0.056864
0.057875
0.05836
0.053505
0.045322
0.039805
0.037011
0.03735
0.044368
0.047083
0.050132
0.053626
0.052993
0.050619
0.04776
0.046594
0.045859
0.048162
0.052855
0.053312
0.052752
0.050343
0.047208
0.043384
0.040146
0.038447
0.041437
0.044859
0.047886
0.050044
0.052127
0.050311
0.043985
0.040176
0.038463
0.03793
0.045011
0.046818
0.046897
0.047833
0.045133
0.03957
0.037276
0.037702
0.039823
0.044656
0.05505
0.057403
0.057159
0.055347
0.051575
0.048077
0.044188
0.04204
0.043735
0.045791
0.047435
0.049116
0.049199
0.048533
0.045725
0.043209
0.044604
0.047328
0.054408
0.058631
0.059478
0.06053
0.059399
0.05151
0.04651
0.043501
0.042204
0.044904
0.049001
0.049938
0.050458
0.049358
0.048436
0.046544
0.047675
0.047058
0.05173
0.056762
0.058444
0.060645
0.058495
0.051318
0.044208
0.039933
0.039175
0.039758
0.042423
0.044202
0.046895
0.048266
0.050538
0.0482
0.047003
0.047101
0.047624
0.053078
0.057894
0.060136
0.058999
0.054488
0.048637
0.046079
0.045728
0.046053
0.048286
0.053505
0.054479
0.055067
0.057663
0.055091
0.049995
0.048212
0.047456
0.047689
0.050522
0.054921
0.058322
0.056058
0.052865
0.04719
0.042748
0.042197
0.042953
0.046713
0.052243
0.052723
0.054322
0.055678
0.057103
0.059346
0.05951
0.059213
0.062688
0.069085
0.069007
0.070539
0.06881
0.062957
0.054965
0.054685
0.055882
0.057327
0.061768
0.066121
0.069921
0.071103
0.071143
0.069984
0.069892
0.072394
0.072951
0.078511
0.085512
0.084869
0.082619
0.079771
0.073185
0.068214
0.065402
0.065547
0.065971
0.068803
0.0693
0.071148
0.072749
0.071319
0.06837
0.069041
0.072382
0.076846
0.082464
0.08685
0.089383
0.091216
0.089279
0.083467
0.07995
0.079306
0.078333
0.080916
0.08605
0.085467
0.083873
0.082272
0.079696
0.078204
0.078254
0.080903
0.082721
0.087925
0.091855
0.092309
0.091816
0.089113
0.084586
0.079094
0.073711
0.070674
0.071056
0.074583
0.076925
0.075156
0.075385
0.073035
0.070585
0.068808
0.069918
0.070808
0.075068
0.079929
0.082212
0.082214
0.082745
0.08039
0.074246
0.069742
0.066831
0.065111
0.065132
0.068693
0.067403
0.065579
0.064205
0.060562
0.057586
0.055065
0.057013
0.057116
0.059708
0.066888
0.069336
0.070086
0.069277
0.067182
0.063098
0.058846
0.058087
0.057051
0.056871
0.058192
0.057359
0.056203
0.055341
0.052827
0.046839
0.043836
0.044045
0.046499
0.048885
0.054282
0.063118
0.064785
0.068332
0.067708
0.066098
0.065908
0.063109
0.060769
0.058197
0.058273
0.062086
0.062519
0.060515
0.059751
0.057679
0.056834
0.054101
0.049014
0.053061
0.056694
0.060047
0.065991
0.07048
0.07418
0.077926
0.076669
0.073125
0.069825
0.067417
0.069149
0.07114
0.071223
0.071644
0.071511
0.070464
0.069384
0.065581
0.063456
0.061128
0.060594
0.064091
0.067734
0.072141
0.077677
0.084107
0.086904
0.088416
0.085832
0.087959
0.086773
0.082823
0.082524
0.083682
0.08379
0.083906
0.084396
0.083696
0.082057
0.080202
0.07769
0.074945
0.074228
0.074677
0.074366
0.077766
0.082554
0.087703
0.093058
0.096542
0.098266
0.096486
0.095744
0.093618
0.090731
0.088345
0.087377
0.084907
0.084396
0.081954
0.076613
0.07196
0.067956
0.063027
0.057772
0.057017
0.054027
0.05128
0.05398
0.057369
0.058131
0.058539
0.058906
0.059965
0.05756
0.055195
0.056305
0.057835
0.05523
0.052886
0.049179
0.048269
0.045179
0.042644
0.040885
0.042016
0.042537
0.043027
0.044347
0.045836
0.048631
0.052636
0.05457
0.056435
0.059172
0.060968
0.064162
0.065378
0.066361
0.069224
0.070635
0.07288
0.076738
0.077292
0.076628
0.073743
0.069247
0.065835
0.064241
0.062076
0.061353
0.062851
0.066426
0.070256
0.072522
0.07462
0.077109
0.080174
0.082497
0.08221
0.079866
0.080461
0.081241
0.081896
0.083436
0.088658
0.091481
0.09388
0.090322
0.086778
0.083861
0.081768
0.077064
0.069609
0.065602
0.064706
0.063266
0.06503
0.065583
0.065621
0.068477
0.070854
0.074063
0.07581
0.076274
0.078177
0.078978
0.075071
0.072702
0.072592
0.07307
0.071127
0.0721
0.069611
0.067458
0.063456
0.059543
0.056101
0.052334
0.048338
0.045035
0.040558
0.037567
0.035242
0.035473
0.033853
0.037737
0.041103
0.0465
0.05131
0.055961
0.059482
0.06318
0.065686
0.065902
0.06431
0.064082
0.06558
0.06588
0.065885
0.065648
0.064122
0.063902
0.064967
0.06563
0.066092
0.066249
0.067713
0.067312
0.068155
0.067699
0.06763
0.069694
0.07233
0.076161
0.07989
0.083745
0.087334
0.09008
0.090614
0.091527
0.091725
0.09183
0.090107
0.086947
0.082584
0.076233
0.071927
0.067698
0.064113
0.060852
0.056242
0.054535
0.055348
0.055335
0.056462
0.056682
0.057599
0.058706
0.059752
0.061316
0.060947
0.062728
0.064932
0.06628
0.066489
0.066903
0.069102
0.071075
0.070815
0.072018
0.071681
0.069381
0.066283
0.062765
0.058475
0.054181
0.049139
0.045771
0.043009
0.042527
0.042172
0.042697
0.046227
0.050355
0.053358
0.057484
0.061154
0.064564
0.067905
0.070975
0.072447
0.073266
0.071953
0.071059
0.0704
0.068959
0.067526
0.065903
0.063019
0.061546
0.058753
0.057019
0.054147
0.051661
0.049502
0.0484
0.046722
0.04548
0.044849
0.044282
0.042651
0.044196
0.047575
0.051754
0.054881
0.05958
0.06456
0.06934
0.072693
0.075692
0.076737
0.077125
0.077741
0.075267
0.071449
0.067185
0.062012
0.057667
0.052759
0.048855
0.045128
0.041801
0.039448
0.038981
0.038563
0.040295
0.043802
0.045456
0.049415
0.053435
0.056552
0.060217
0.062945
0.065209
0.065669
0.069033
0.069939
0.072081
0.0747
0.073993
0.07536
0.076511
0.076204
0.074418
0.071426
0.067816
0.064304
0.062462
0.058643
0.054602
0.049704
0.044873
0.04019
0.038339
0.038638
0.039834
0.042914
0.045945
0.051442
0.05805
0.064645
0.071044
0.074805
0.078412
0.081873
0.086078
0.08815
0.087914
0.085207
0.08236
0.078091
0.074536
0.071817
0.068733
0.062673
0.057421
0.052258
0.050477
0.049173
0.047238
0.046141
0.044133
0.043078
0.044114
0.046111
0.047769
0.048976
0.050436
0.050219
0.052852
0.057137
0.064054
0.06899
0.072545
0.075145
0.078736
0.082558
0.084942
0.085176
0.083556
0.082419
0.07978
0.077567
0.074846
0.06995
0.063792
0.057173
0.048819
0.041249
0.037731
0.034323
0.031871
0.030486
0.031827
0.034947
0.039667
0.045016
0.050425
0.056723
0.063072
0.069274
0.075449
0.079776
0.083923
0.085348
0.086307
0.085481
0.083854
0.081071
0.077896
0.075488
0.073822
0.070376
0.065904
0.061368
0.057841
0.055313
0.052279
0.048629
0.045531
0.042986
0.042311
0.042121
0.041895
0.042507
0.043432
0.045158
0.046962
0.051298
0.056125
0.062072
0.067703
0.072755
0.07768
0.082021
0.086344
0.092609
0.096485
0.096973
0.096188
0.093339
0.092603
0.089485
0.086217
0.081116
0.074696
0.066803
0.059688
0.050962
0.044331
0.038677
0.035239
0.03155
0.029615
0.030743
0.03259
0.036177
0.040219
0.042116
0.04565
0.052274
0.058748
0.064012
0.067571
0.06872
0.070317
0.069772
0.068045
0.06529
0.060338
0.056551
0.050349
0.045027
0.040162
0.034762
0.029638
0.025538
0.021889
0.017455
0.013704
0.009541
0.0063447
0.0043749
0.0034409
0.0037771
0.0056862
0.0071404
0.010251
0.013744
0.018037
0.022417
0.029244
0.034341
0.041966
0.048063
0.053482
0.05848
0.065166
0.0691
0.073068
0.074857
0.074169
0.073255
0.071424
0.068819
0.065366
0.0608
0.055539
0.047545
0.038443
0.029912
0.020814
0.010951
0.0029555
-0.0036786
-0.0072167
-0.0087596
-0.0084367
-0.0058658
-0.00067867
0.0047212
0.0112
0.01931
0.027384
0.035059
0.042967
0.050457
0.054352
0.059501
0.062714
0.063202
0.062476
0.059191
0.05456
0.047678
0.041444
0.035326
0.030389
0.025071
0.018379
0.012928
0.0068748
9.4667e-005
-0.0055799
-0.010451
-0.014123
-0.017567
-0.020058
-0.0218
-0.021421
-0.018608
-0.015295
-0.010272
-0.0060059
-0.0015842
0.0033357
0.0084326
0.011412
0.015345
0.019696
0.025296
0.02946
0.033374
0.037457
0.039509
0.040241
0.040135
0.039795
0.040575
0.040757
0.039995
0.037776
0.035093
0.030394
0.02409
0.016931
0.010835
0.0036226
-0.0036937
-0.0099126
-0.014851
-0.017673
-0.017858
-0.014244
-0.008764
-0.0020552
0.0061226
0.014868
0.023954
0.033658
0.044061
0.05444
0.063778
0.071686
0.078258
0.083787
0.085694
0.085597
0.08374
0.080099
0.07413
0.067178
0.059207
0.050673
0.040424
0.02963
0.020042
0.010041
-0.00040603
-0.0099339
-0.018372
-0.026424
-0.033766
-0.038671
-0.040193
-0.039696
-0.037073
-0.031717
-0.025706
-0.01825
-0.0097982
-0.0017377
0.0061252
0.014051
0.020913
0.027155
0.032928
0.038252
0.04265
0.045318
0.045379
0.044479
0.042216
0.039586
0.035476
0.032324
0.028947
0.025042
0.020589
0.015584
0.0092442
0.0024401
-0.0045119
-0.012148
-0.019854
-0.028287
-0.036533
-0.044021
-0.048826
-0.051636
-0.051562
-0.050474
-0.04796
-0.043318
-0.038607
-0.032916
-0.026381
-0.018186
-0.010177
-0.00078827
0.0085067
0.017185
0.025949
0.033935
0.04004
0.044368
0.046902
0.046982
0.044899
0.043046
0.038991
0.032254
0.025194
0.016554
0.0064448
-0.0056028
-0.016558
-0.028533
-0.041438
-0.05334
-0.064768
-0.073618
-0.080966
-0.085134
-0.086411
-0.085213
-0.079354
-0.071713
-0.061928
-0.050868
-0.03944
-0.027411
-0.013911
-0.0033938
0.0065896
0.017931
0.027795
0.035261
0.040547
0.043487
0.042706
0.03836
0.03283
0.02603
0.019137
0.0099922
0.00014287
-0.0094573
-0.01946
-0.03061
-0.041537
-0.051813
-0.062169
-0.07103
-0.077353
-0.082707
-0.086053
-0.088229
-0.088864
-0.086675
-0.080652
-0.07289
-0.06419
-0.05672
-0.048719
-0.041177
-0.032444
-0.024106
-0.01622
-0.0090021
-0.0019987
0.0037383
0.0082797
0.011351
0.013441
0.013424
0.010832
0.0082524
0.0044192
0.0012401
-0.001901
-0.0061591
-0.010974
-0.016749
-0.023918
-0.030902
-0.038141
-0.047006
-0.055384
-0.064763
-0.07386
-0.081801
-0.088411
-0.093461
-0.096157
-0.096976
-0.094968
-0.091782
-0.087028
-0.080896
-0.074505
-0.067452
-0.058086
-0.047684
-0.037721
-0.026091
-0.015124
-0.004543
0.0046639
0.011608
0.016544
0.019181
0.019909
0.019048
0.017204
0.013961
0.0076529
0.00036505
-0.0084868
-0.019403
-0.032
-0.045121
-0.058383
-0.071868
-0.085803
-0.099795
-0.11045
-0.11927
-0.12552
-0.12919
-0.12887
-0.12575
-0.12008
-0.11168
-0.10176
-0.09078
-0.078606
-0.064614
-0.050776
-0.036584
-0.02233
-0.0087606
0.0017455
0.01067
0.017364
0.021092
0.020577
0.017718
0.012879
0.0059295
-0.0016646
-0.010414
-0.020243
-0.032002
-0.044834
-0.057658
-0.06946
-0.080661
-0.091272
-0.1008
-0.10864
-0.11423
-0.11745
-0.11837
-0.11703
-0.11326
-0.10754
-0.10001
-0.090634
-0.080135
-0.069838
-0.058887
-0.048307
-0.038308
-0.029091
-0.021101
-0.014191
-0.0095043
-0.0059375
-0.0043976
-0.0057259
-0.0086393
-0.01311
-0.020381
-0.028831
-0.037588
-0.045909
-0.053898
-0.061914
-0.06892
-0.076281
-0.0837
-0.091048
-0.097187
-0.10209
-0.10669
-0.11108
-0.11442
-0.11709
-0.11792
-0.11669
-0.11534
-0.11404
-0.11215
-0.10958
-0.10758
-0.10445
-0.10127
-0.098698
-0.096554
-0.094743
-0.093667
-0.092534
-0.091054
-0.088717
-0.087229
-0.085736
-0.084106
-0.082919
-0.082403
-0.082274
-0.082217
-0.082945
-0.082988
-0.082532
-0.082444
-0.083117
-0.084235
-0.085445
-0.086714
-0.087275
-0.089095
-0.091849
-0.094188
-0.096468
-0.099834
-0.10198
-0.10481
-0.10706
-0.10891
-0.1107
-0.11304
-0.11386
-0.11371
-0.11268
-0.11066
-0.10857
-0.10629
-0.10305
-0.099331
-0.095604
-0.092527
-0.089333
-0.086192
-0.082475
-0.07924
-0.076536
-0.074012
-0.072452
-0.072404
-0.072548
-0.073563
-0.075292
-0.077889
-0.081223
-0.084532
-0.089317
-0.094633
-0.10055
-0.10679
-0.11227
-0.11718
-0.12157
-0.12433
-0.1267
-0.12818
-0.12786
-0.12764
-0.12691
-0.12539
-0.12271
-0.12045
-0.117
-0.11275
-0.10857
-0.10406
-0.099444
-0.094802
-0.089612
-0.085373
-0.08187
-0.078434
-0.075982
-0.075084
-0.07462
-0.075163
-0.077478
-0.079512
-0.079587
-0.082084
-0.085907
-0.089953
-0.093916
-0.096051
-0.09592
-0.096882
-0.097274
-0.095527
-0.093954
-0.092476
-0.09075
-0.085845
-0.08168
-0.077221
-0.07195
-0.067287
-0.063164
-0.058999
-0.054534
-0.050419
-0.04712
-0.044878
-0.044412
-0.044253
-0.045343
-0.04785
-0.051152
-0.056535
-0.062278
-0.067735
-0.0741
-0.080565
-0.085895
-0.09201
-0.098061
-0.10199
-0.10448
-0.10701
-0.10727
-0.1075
-0.10563
-0.1028
-0.099564
-0.095806
-0.091746
-0.088865
-0.085455
-0.081061
-0.076
-0.06995
-0.064644
-0.059811
-0.055763
-0.05264
-0.050142
-0.048464
-0.049245
-0.052506
-0.05698
-0.062688
-0.069152
-0.07566
-0.082932
-0.090745
-0.097822
-0.10455
-0.10968
-0.11359
-0.11729
-0.12047
-0.12178
-0.12155
-0.11984
-0.11608
-0.11173
-0.10738
-0.10266
-0.097396
-0.09202
-0.085467
-0.078824
-0.071657
-0.064252
-0.057396
-0.051099
-0.045464
-0.040242
-0.036403
-0.034148
-0.034923
-0.037652
-0.042095
-0.048677
-0.054882
-0.062039
-0.069772
-0.077601
-0.085818
-0.093504
-0.1007
-0.10824
-0.11375
-0.11834
-0.122
-0.1233
-0.1229
-0.12102
-0.11836
-0.11582
-0.11233
-0.10801
-0.103
-0.097736
-0.090745
-0.082445
-0.07319
-0.065099
-0.056683
-0.048156
-0.040478
-0.034055
-0.029324
-0.027169
-0.027799
-0.031039
-0.03595
-0.042419
-0.048733
-0.055667
-0.063024
-0.071253
-0.079566
-0.087734
-0.095537
-0.10257
-0.10864
-0.11219
-0.11441
-0.11626
-0.11679
-0.11632
-0.11427
-0.11154
-0.10907
-0.10369
-0.098597
-0.093778
-0.087243
-0.079147
-0.071441
-0.064185
-0.056035
-0.047406
-0.039877
-0.034233
-0.030627
-0.029905
-0.031429
-0.034911
-0.039524
-0.044485
-0.050848
-0.057525
-0.064325
-0.071265
-0.077966
-0.084527
-0.092253
-0.099273
-0.10453
-0.10739
-0.10956
-0.10923
-0.10811
-0.10515
-0.10278
-0.099981
-0.095737
-0.090906
-0.084825
-0.077115
-0.068606
-0.060543
-0.051853
-0.042948
-0.033783
-0.024855
-0.017764
-0.012678
-0.010891
-0.011676
-0.01402
-0.018752
-0.024314
-0.030442
-0.037711
-0.045573
-0.053564
-0.061977
-0.070906
-0.079039
-0.086814
-0.094227
-0.1
-0.10372
-0.10535
-0.10512
-0.10285
-0.09885
-0.096262
-0.09205
-0.085506
-0.078477
-0.070402
-0.061451
-0.051639
-0.042308
-0.03238
-0.022057
-0.011589
-0.0020239
0.0054738
0.011543
0.015633
0.01768
0.016938
0.012017
0.0052711
-0.0027189
-0.011627
-0.020704
-0.029955
-0.04112
-0.051561
-0.061214
-0.071992
-0.081843
-0.089814
-0.096353
-0.10072
-0.10214
-0.10169
-0.098848
-0.094915
-0.090442
-0.08384
-0.075888
-0.06717
-0.05669
-0.044619
-0.032019
-0.019018
-0.0056158
0.0066666
0.017657
0.027885
0.036484
0.043952
0.049349
0.051468
0.04893
0.043574
0.036083
0.028162
0.019542
0.010427
-0.00034275
-0.01159
-0.023747
-0.035971
-0.048218
-0.059061
-0.068984
-0.077618
-0.084189
-0.088355
-0.090137
-0.091102
-0.089761
-0.087587
-0.084705
-0.079924
-0.073409
-0.064783
-0.05604
-0.047573
-0.038578
-0.027835
-0.017766
-0.0079686
0.0013079
0.008444
0.013315
0.016089
0.016396
0.014198
0.0095173
0.0027394
-0.0051921
-0.014103
-0.02322
-0.032506
-0.043364
-0.054574
-0.064914
-0.075748
-0.085153
-0.093646
-0.099439
-0.10341
-0.10468
-0.10351
-0.10046
-0.096028
-0.0906
-0.084539
-0.076552
-0.068344
-0.059377
-0.048414
-0.036661
-0.025171
-0.013866
-0.0029349
0.0083025
0.018773
0.026523
0.032539
0.036121
0.038179
0.037161
0.033806
0.028754
0.022354
0.014526
0.0062072
-0.0031792
-0.013981
-0.024333
-0.034593
-0.045084
-0.054883
-0.062444
-0.06914
-0.074604
-0.077956
-0.078191
-0.076294
-0.07346
-0.068918
-0.063864
-0.058654
-0.052559
-0.04502
-0.03593
-0.026245
-0.016607
-0.0074304
0.0014119
0.009971
0.018298
0.02508
0.030192
0.033693
0.034522
0.033236
0.030574
0.025472
0.018849
0.010796
0.0016735
-0.0078926
-0.017732
-0.028031
-0.038062
-0.047376
-0.056304
-0.064035
-0.070656
-0.076251
-0.079108
-0.080388
-0.079037
-0.074414
-0.068366
-0.061023
-0.052852
-0.044367
-0.034939
-0.025719
-0.015322
-0.0040523
0.0075863
0.018077
0.028127
0.037564
0.046602
0.054436
0.060574
0.064374
0.065284
0.065389
0.063974
0.061061
0.056502
0.051427
0.044558
0.036328
0.027984
0.019546
0.011729
0.0042797
-0.0027673
-0.009336
-0.015009
-0.019633
-0.023163
-0.025559
-0.02671
-0.025946
-0.024057
-0.021081
-0.016429
-0.012285
-0.0083033
-0.0033948
0.0028545
0.0094515
0.015535
0.02036
0.024202
0.028057
0.031794
0.034119
0.035432
0.036169
0.034699
0.033419
0.030579
0.02693
0.023109
0.020261
0.016464
0.012187
0.0075575
0.0030437
-0.00059353
-0.0040194
-0.0068909
-0.0093194
-0.011453
-0.012217
-0.01227
-0.011465
-0.01043
-0.0087182
-0.0068563
-0.0047626
-0.002691
-5.9169e-005
0.0023985
0.0050904
0.006909
0.0085502
0.0093249
0.0094093
0.0093127
0.0090214
0.0085479
0.0083771
0.0076547
0.0067891
0.0058496
0.0042348
0.0026507
0.0013101
-0.0002092
-0.0010106
-0.00067373
-0.0004457
-0.00030935
0.00090391
0.0014078
0.0018558
0.0025507
0.004059
0.0054622
0.0071889
0.0089941
0.010494
0.011728
0.012689
0.013015
0.013137
0.012786
0.012531
0.012559
0.011709
0.01084
0.0097299
0.0075864
0.0056986
0.00437
0.0022599
-0.00035535
-0.0022152
-0.003772
-0.0069435
-0.0089249
-0.009684
-0.0096479
-0.010298
-0.010352
-0.010167
-0.010161
-0.0094945
-0.0083282
-0.007007
-0.0053558
-0.0033383
-0.0012729
0.0013406
0.0044602
0.0065322
0.0082332
0.0093072
0.010451
0.011484
0.012292
0.012343
0.012229
0.011555
0.010043
0.0094698
0.0085219
0.0066182
0.0049113
0.0031932
0.0010668
-0.00060271
-0.002306
-0.0035156
-0.0047208
-0.0059869
-0.0062063
-0.0060317
-0.0054916
-0.0051927
-0.0048817
-0.0043881
-0.0035667
-0.002672
-0.0015519
-2.0425e-005
0.0013471
0.001766
0.0022786
0.0032835
0.0042099
0.0049581
0.0062187
0.0073529
0.0079668
0.0085032
0.0085306
0.0082739
0.0077189
0.0070695
0.0065851
0.0065458
0.0063472
0.0059489
0.0057567
0.0051877
0.0046315
0.0043014
0.004294
0.0043246
0.0044334
0.0039878
0.0039763
0.0038735
0.0038896
0.0043349
0.0047266
0.0049955
0.0051593
0.005172
0.0051147
0.0052968
0.0051985
0.0052341
0.005311
0.0047514
0.0047764
0.0052201
0.0055459
0.0063253
0.0071086
0.0071742
0.0075696
0.0078292
0.0083898
0.0095353
0.010003
0.0098103
0.010334
0.010635
0.011034
0.01115
0.011771
0.011626
0.011876
0.012025
0.01137
0.010639
0.010276
0.0094662
0.0082085
0.0075898
0.0068215
0.0054298
0.0040346
0.0030906
0.0024776
0.0017882
0.0018046
0.0017132
0.0019263
0.0024401
0.0034021
0.0047308
0.0057273
0.007499
0.0091297
0.010425
0.011412
0.013288
0.016055
0.018971
0.022442
0.024934
0.02711
0.028939
0.030742
0.031879
0.032973
0.033947
0.034693
0.035119
0.03554
0.035246
0.034085
0.032196
0.029834
0.027784
0.026245
0.023755
0.021903
0.019636
0.016992
0.014653
0.012753
0.011001
0.0099168
0.0090977
0.0082406
0.0078475
0.0077637
0.0072777
0.0069551
0.0074358
0.0081822
0.0089872
0.0091905
0.009591
0.0093208
0.0091822
0.0093838
0.0098732
0.0092027
0.0087272
0.0074492
0.0060365
0.0046161
0.0018662
-0.00099924
-0.0032641
-0.0057715
-0.0077718
-0.010352
-0.01293
-0.014932
-0.017282
-0.019703
-0.021121
-0.021825
-0.022481
-0.022681
-0.022814
-0.023424
-0.023143
-0.022611
-0.022029
-0.020552
-0.019378
-0.018313
-0.017592
-0.016831
-0.015468
-0.014456
-0.012809
-0.011601
-0.011224
-0.010069
-0.0086269
-0.0074465
-0.0067941
-0.0059791
-0.0060194
-0.0062849
-0.0061426
-0.0060593
-0.0058432
-0.0058179
-0.0061237
-0.0056523
-0.0053747
-0.0047509
-0.0036614
-0.0023232
-0.0010576
0.0001508
0.0019356
0.003331
0.0042206
0.0050812
0.0056515
0.0061469
0.0060575
0.0066323
0.007994
0.0078184
0.0074475
0.0066287
0.0052214
0.0033116
0.0014418
-0.00071986
-0.003192
-0.0058242
-0.0087648
-0.012032
-0.015256
-0.01843
-0.020856
-0.023458
-0.025983
-0.028198
-0.029911
-0.031578
-0.032701
-0.032724
-0.032428
-0.031893
-0.031045
-0.029676
-0.028005
-0.026321
-0.024178
-0.021859
-0.019545
-0.016229
-0.012434
-0.0087118
-0.0048753
-0.00096533
0.0025675
0.0057365
0.0084328
0.010834
0.013264
0.015001
0.015681
0.017297
0.01867
0.019937
0.019917
0.019585
0.019397
0.018934
0.018968
0.01883
0.018754
0.018792
0.018699
0.018322
0.018619
0.018355
0.017649
0.016893
0.016481
0.016131
0.015517
0.014953
0.014942
0.01412
0.01306
0.012501
0.012427
0.011659
0.010905
0.010787
0.01008
0.0086739
0.0078707
0.0076786
0.0072998
0.0069474
0.0065245
0.0062702
0.0059373
0.0051291
0.0047926
0.0048339
0.0051871
0.0058011
0.0059122
0.0064201
0.0068264
0.0069233
0.0071587
0.0074222
0.007509
0.0078702
0.0075994
0.0073741
0.0073444
0.0072742
0.0069224
0.0063834
0.0054468
0.0048194
0.0043438
0.0036977
0.0031193
0.0021463
0.00090242
-0.0004104
-0.001602
-0.0026612
-0.0038641
-0.0049775
-0.0057487
-0.006427
-0.0070048
-0.0074873
-0.0076789
-0.0077818
-0.0075969
-0.0078951
-0.0075693
-0.0069616
-0.006113
-0.0047499
-0.0031621
-0.0019611
-0.00032542
0.0011145
0.0028458
0.0049599
0.0066354
0.0083566
0.010106
0.011234
0.011815
0.012474
0.012735
0.012521
0.013188
0.013378
0.013366
0.012019
0.010778
0.0098156
0.007973
0.0064999
0.0054506
0.0041488
0.0026003
0.0012402
-0.00010432
-0.0014728
-0.0024741
-0.0038084
-0.0046986
-0.0054499
-0.0055666
-0.0053372
-0.0051887
-0.0049306
-0.0047124
-0.0040435
-0.0039938
-0.0037891
-0.0037773
-0.003386
-0.0026901
-0.0021355
-0.0012028
-0.00079012
-0.00066675
-0.00018059
0.00068267
0.0011706
0.0014957
0.002233
0.0032634
0.0039071
0.003988
0.0038951
0.0039093
0.0038692
0.0037764
0.0039366
0.0041337
0.0040141
0.0038839
0.0036046
0.0034595
0.0031411
0.0031839
0.0030915
0.0025327
0.0021825
0.002291
0.0019367
0.001645
0.0015734
0.0016
0.0016286
0.0010765
0.00031297
1.4588e-005
0.0003169
0.00066753
0.0012073
0.0014234
0.0010682
0.00079278
0.00088246
0.00020573
1.2084e-005
-2.0604e-005
-6.5278e-006
-0.00023296
-0.00041284
-3.7648e-005
0.00057755
0.00075382
0.0013438
0.0021915
0.0027626
0.0033104
0.0041374
0.0048506
0.0058152
0.0067221
0.0078698
0.0087852
0.0095535
0.0099724
0.0099669
0.010215
0.0106
0.010932
0.01148
0.011748
0.011432
0.011162
0.010848
0.010331
0.0098755
0.0094818
0.0090873
0.0085956
0.0081131
0.0073923
0.0064497
0.0061465
0.0060847
0.0059934
0.0061479
0.0064236
0.0067908
0.0073838
0.0078449
0.0080901
0.0082243
0.007995
0.0081102
0.0085247
0.0087021
0.0092571
0.0097952
0.009868
0.0097835
0.010678
0.011356
0.011206
0.011158
0.011847
0.0122
0.012133
0.012314
0.012974
0.013095
0.012897
0.013319
0.01385
0.014211
0.014389
0.014629
0.01508
0.01542
0.015884
0.016208
0.01643
0.016767
0.017092
0.017382
0.017445
0.017886
0.017706
0.01804
0.018644
0.019068
0.019489
0.019801
0.020341
0.020527
0.020834
0.021193
0.02159
0.021725
0.022
0.022711
0.023534
0.023933
0.024481
0.024957
0.025776
0.02639
0.026739
0.027185
0.027582
0.028405
0.028546
0.028835
0.029167
0.029388
0.028844
0.028537
0.027319
0.026444
0.025013
0.023393
0.021765
0.019873
0.018126
0.016048
0.013995
0.012199
0.0097384
0.0073367
0.0054202
0.003224
0.0012352
-0.00068936
-0.0023173
-0.0044381
-0.0062983
-0.0080966
-0.010162
-0.011595
-0.012976
-0.014476
-0.015955
-0.017389
-0.018328
-0.019118
-0.019807
-0.019716
-0.019458
-0.018809
-0.01841
-0.017887
-0.017473
-0.016829
-0.015616
-0.014396
-0.013186
-0.012177
-0.011442
-0.010081
-0.0080696
-0.0073861
-0.0063027
-0.0052001
-0.0041067
-0.0027598
-0.0016715
-0.00087345
-0.00017297
0.00061537
0.0015048
0.0017931
0.0018821
0.0021332
0.0015488
0.00081851
0.00054018
0.00021911
-0.000163
-0.00046571
-0.0010433
-0.0016851
-0.0024799
-0.0030907
-0.003342
-0.0036748
-0.0038573
-0.0038932
-0.0042261
-0.0045034
-0.0046761
-0.0045664
-0.0045875
-0.0047039
-0.0046014
-0.0047792
-0.0047851
-0.0045138
-0.0040912
-0.0040917
-0.0039784
-0.0042131
-0.0044527
-0.005055
-0.005638
-0.0057887
-0.0057637
-0.0049997
-0.0046781
-0.0050745
-0.0054682
-0.006233
-0.0070397
-0.007785
-0.0084493
-0.0090219
-0.0092365
-0.0095803
-0.010106
-0.011037
-0.011936
-0.012259
-0.012629
-0.012649
-0.012045
-0.01087
-0.010003
-0.0097788
-0.0086863
-0.007541
-0.0057541
-0.0034287
-0.0017213
0.00047032
0.002291
0.004169
0.0061755
0.0089197
0.011583
0.013834
0.016745
0.01941
0.021663
0.024083
0.026067
0.028042
0.029633
0.0306
0.031107
0.031946
0.032257
0.032235
0.031837
0.031348
0.030362
0.029852
0.028821
0.027801
0.02718
0.026538
0.025338
0.023901
0.022908
0.021418
0.020216
0.01925
0.017598
0.015523
0.013857
0.012409
0.010797
0.008177
0.0064299
0.0051078
0.0037074
0.0025008
0.0015884
0.00091485
-0.0002588
-0.0013947
-0.002027
-0.002457
-0.0027709
-0.0028345
-0.0030746
-0.0032437
-0.0033063
-0.0034063
-0.0029439
-0.0022441
-0.0016073
-0.0010596
3.1513e-005
0.00080068
0.0017834
0.0024975
0.0029586
0.0032554
0.0034347
0.0038615
0.0046847
0.0055951
0.0063124
0.006784
0.0072232
0.0074907
0.0080482
0.0084068
0.0087869
0.0089552
0.0088909
0.0092397
0.0099337
0.0098823
0.0092568
0.0089076
0.0084466
0.0075545
0.007016
0.0065924
0.0056459
0.0043194
0.0035177
0.0028991
0.0021315
0.001115
-9.3471e-005
-0.0012836
-0.0023247
-0.0031022
-0.0033496
-0.0039455
-0.0039966
-0.0039402
-0.0041831
-0.0041711
-0.0040183
-0.0036752
-0.0040152
-0.0038239
-0.0024109
-0.0016167
-0.0006845
0.00046435
0.0010711
0.0019212
0.0025148
0.0032092
0.004468
0.0052127
0.0056374
0.005961
0.0059537
0.0062063
0.0064958
0.0073671
0.0079137
0.007953
0.0087434
0.0090338
0.0086863
0.0091708
0.0098917
0.0097353
0.0092796
0.0088733
0.008582
0.0079873
0.0077846
0.007765
0.006868
0.0054132
0.0043852
0.0036465
0.0021301
0.0010068
-7.0497e-005
-0.0004873
-0.0013082
-0.0020891
-0.003536
-0.0050427
-0.0062535
-0.0067023
-0.0068668
-0.0067421
-0.0064551
-0.0064546
-0.0063358
-0.0063417
-0.0056726
-0.0048183
-0.0039491
-0.0028725
-0.0018811
-0.00077218
0.0006044
0.0013511
0.0020548
0.0029709
0.0036455
0.0048061
0.0058119
0.006756
0.0076687
0.0086256
0.0096899
0.010519
0.011672
0.011888
0.011888
0.011964
0.011865
0.012176
0.013323
0.013704
0.013824
0.013034
0.012385
0.011361
0.010376
0.0099123
0.0091946
0.0080145
0.0072124
0.0063503
0.005224
0.0036996
0.0025545
0.0019014
0.001043
0.00050663
6.3424e-005
-0.00023357
-0.0010026
-0.0016188
-0.0019992
-0.0016981
-0.0013318
-0.00087065
0.00034199
0.0010077
