0.003079
0.0074639
0.0095588
0.010484
0.012472
0.013444
0.014456
0.016431
0.017443
0.019462
0.020433
0.022481
0.023466
0.025449
0.026466
0.027442
0.029462
0.030451
0.03247
0.033435
0.035446
0.03646
0.038441
0.039463
0.040436
0.042459
0.043467
0.045438
0.046449
0.048519
0.049471
0.051415
0.052419
0.053427
0.055429
0.056394
0.058541
0.059466
0.061442
0.062454
0.06446
0.065451
0.066469
0.068471
0.069471
0.07151
0.072448
0.074492
0.075425
0.077413
0.078412
0.079431
0.081439
0.082435
0.084438
0.085452
0.087464
0.08846
0.09047
0.091448
0.093468
0.094582
0.095479
0.097477
0.098608
0.10048
0.10145
0.10347
0.10449
0.10648
0.10759
0.1085
0.11046
0.11147
0.11344
0.11462
0.11646
0.11747
0.11945
0.12045
0.1215
0.12348
0.12447
0.12644
0.12756
0.1295
0.13048
0.13247
0.13347
0.13446
0.13643
0.13747
0.13945
0.14045
0.14247
0.14347
0.14568
0.14649
0.14785
0.14953
0.15047
0.15246
0.1535
0.15551
0.15654
0.15849
0.15948
0.16156
0.16246
0.16344
0.16547
0.16645
0.16852
0.16951
0.17154
0.17244
0.17443
0.17541
0.17642
0.17851
0.17946
0.18145
0.18243
0.18441
0.18543
0.18741
0.18841
0.18949
0.19148
0.19245
0.19462
0.19552
0.1974
0.19851
0.20048
0.20147
0.20246
0.20445
0.20547
0.2075
0.20852
0.21049
0.21146
0.21344
0.21444
0.21547
0.21746
0.21844
0.22051
0.22147
0.22348
0.22448
0.22649
0.22753
0.2285
0.23049
0.23144
0.23346
0.23442
0.2364
0.23743
0.23951
0.24045
0.24145
0.24347
0.24443
0.24648
0.24742
0.24956
0.25049
0.25247
0.25346
0.25447
0.25649
0.25749
0.25946
0.26044
0.26248
0.26347
0.26546
0.26643
0.26743
0.26943
0.27058
0.27245
0.2734
0.27543
0.2764
0.27841
0.27946
0.2807
0.28246
0.28347
0.28547
0.28646
0.2888
0.28964
0.29149
0.29244
0.29344
0.29548
0.2965
0.29848
0.29948
0.30145
0.30244
0.30447
0.30547
0.3064
0.30843
0.30942
0.31153
0.31245
0.3145
0.31546
0.31746
0.31848
0.31944
0.32146
0.32246
0.32447
0.32546
0.32749
0.32843
0.33046
0.33141
0.33348
0.33443
0.33546
0.33754
0.33849
0.34052
0.34149
0.34346
0.34445
0.34644
0.34752
0.34843
0.35042
0.35141
0.35341
0.3545
0.35645
0.35748
0.35943
0.36041
0.3614
0.3634
0.36458
0.36647
0.36758
0.36951
0.3705
0.37249
0.3735
0.37446
0.37651
0.37743
0.37951
0.38046
0.38273
0.38347
0.38542
0.38641
0.38743
0.38952
0.39047
0.39248
0.39347
0.39546
0.39651
0.39849
0.39949
0.40046
0.40247
0.40346
0.40548
0.40648
0.40854
0.40947
0.41151
0.41241
0.41339
0.41543
0.41647
0.41858
0.41949
0.42145
0.42253
0.42445
0.42544
0.42647
0.42849
0.42966
0.43151
0.43248
0.43444
0.43547
0.43747
0.43848
0.43946
0.44146
0.44246
0.44446
0.44544
0.44753
0.44844
0.45042
0.45146
0.45245
0.45459
0.45543
0.45743
0.45851
0.4605
0.46146
0.46345
0.46448
0.46546
0.46751
0.46851
0.47046
0.47145
0.47347
0.47446
0.47666
0.47752
0.47851
0.48046
0.48145
0.48348
0.48446
0.48644
0.48746
0.48953
0.49048
0.49148
0.49348
0.49447
0.49651
0.49742
0.49949
0.50048
0.50246
0.50344
0.50556
0.50647
0.50746
0.50948
0.51044
0.51247
0.51344
0.51545
0.51644
0.51847
0.51948
0.52045
0.52246
0.52369
0.52543
0.52642
0.52841
0.52941
0.53141
0.53243
0.5334
0.53555
0.53647
0.53847
0.53949
0.54145
0.54244
0.54448
0.54544
0.54651
0.54842
0.5495
0.55148
0.55248
0.55448
0.55546
0.55746
0.55848
0.55948
0.56147
0.56247
0.56446
0.56545
0.56745
0.56847
0.57063
0.57151
0.57249
0.57446
0.57545
0.57749
0.57852
0.58051
0.58146
0.58346
0.58445
0.58543
0.58749
0.58845
0.59063
0.59146
0.59346
0.59444
0.59651
0.59743
0.59848
0.60045
0.60145
0.60345
0.60445
0.60641
0.60741
0.6095
0.61048
0.61144
0.61344
0.61444
0.61646
0.61759
0.61948
0.62048
0.62254
0.62349
0.62549
0.62653
0.62746
0.62953
0.6304
0.63241
0.63339
0.63543
0.63642
0.63841
0.63943
0.64047
0.64244
0.64342
0.64543
0.64641
0.64841
0.64942
0.6514
0.65242
0.65341
0.65541
0.6564
0.65842
0.6594
0.6615
0.66248
0.66466
0.66552
0.66647
0.66846
0.66945
0.67152
0.67248
0.67449
0.67548
0.67745
0.67847
0.67948
0.6815
0.68241
0.6844
0.68542
0.68741
0.68848
0.69061
0.69146
0.69248
0.69448
0.69547
0.69749
0.69849
0.70046
0.70146
0.70346
0.70448
0.70547
0.70748
0.70846
0.7105
0.71164
0.7135
0.71449
0.71647
0.71746
0.71945
0.7205
0.72147
0.72349
0.72442
0.72653
0.72747
0.72941
0.7306
0.73248
0.73348
0.73447
0.73648
0.7375
0.73947
0.7405
0.74247
0.74345
0.74546
0.74646
0.74745
0.74946
0.75043
0.75243
0.7534
0.7554
0.75642
0.75874
0.75943
0.76043
0.7627
0.76348
0.76549
0.7664
0.7684
0.76944
0.7714
0.77242
0.7734
0.77539
0.77641
0.77844
0.77955
0.78145
0.78243
0.78442
0.78541
0.78643
0.78841
0.78943
0.79152
0.79247
0.79447
0.79549
0.79749
0.79855
0.79941
0.80141
0.80243
0.80448
0.80543
0.80742
0.80854
0.81048
0.81153
0.81248
0.81444
0.81541
0.8174
0.81849
0.82048
0.82148
0.82345
0.82447
0.82548
0.82747
0.82846
0.83051
0.83143
0.83342
0.83451
0.83647
0.83743
0.83845
0.84052
0.84146
0.84348
0.84448
0.84647
0.84745
0.84955
0.85043
0.85141
0.8535
0.85448
0.85661
0.85749
0.85948
0.86044
0.86247
0.86345
0.86444
0.86644
0.86744
0.86945
0.87042
0.87243
0.87341
0.87541
0.87643
0.87741
0.87951
0.88044
0.88248
0.88349
0.88547
0.88646
0.88851
0.88961
0.89061
0.89248
0.89345
0.89545
0.8965
0.89849
0.89947
0.90143
0.9024
0.90364
0.90551
0.90646
0.90846
0.90951
0.9114
0.91258
0.91447
0.91548
0.91647
0.91845
0.91946
0.92145
0.92244
0.92447
0.92547
0.92748
0.92851
0.92944
0.9316
0.93249
0.93445
0.93547
0.93748
0.93844
0.94047
0.94151
0.94247
0.94445
0.94545
0.94746
0.94856
0.95067
0.95152
0.95349
0.95441
0.95541
0.95741
0.95843
0.96047
0.96146
0.96346
0.96443
0.96643
0.96743
0.96845
0.97047
0.97142
0.97351
0.97451
0.97651
0.97743
0.9795
0.98049
0.98247
0.98347
0.98446
0.98647
0.98746
0.98947
0.99056
0.99251
0.99348
0.99548
0.99649
0.9976
0.99949
1.0005
1.0055
1.0064
1.0074
1.0094
1.0104
1.0124
1.0134
1.0154
1.0164
1.0184
1.0195
1.0215
1.0224
1.0234
1.0254
1.0264
1.0284
1.0294
1.0314
1.0324
1.0344
1.0354
1.0364
1.0384
1.0396
1.0415
1.0425
1.0445
1.0455
1.0474
1.0486
1.0495
1.0514
1.0525
1.0545
1.0555
1.0575
1.0585
1.0605
1.0615
1.0625
1.0644
1.0655
1.0674
1.0684
1.0705
1.0715
1.0735
1.0745
1.0755
1.0775
1.0785
1.0805
1.0815
1.0835
1.0845
1.0865
1.0875
1.0895
1.0905
1.0919
1.0935
1.0945
1.0964
1.0975
1.0995
1.1005
1.1025
1.1035
1.1044
1.1064
1.1076
1.1095
1.1105
1.1124
1.1134
1.1154
1.1164
1.1174
1.1195
1.1204
1.1225
1.1235
1.1255
1.1265
1.1285
1.1294
1.1304
1.1326
1.1335
1.1354
1.1364
1.1384
1.1395
1.1416
1.1425
1.1445
1.1455
1.1465
1.1486
1.1495
1.1514
1.1525
1.1545
1.1555
1.1575
1.1585
1.1595
1.1615
1.1624
1.1644
1.1654
1.1674
1.1684
1.1694
1.1714
1.1724
1.1744
1.1754
1.1774
1.1784
1.1805
1.1815
1.1825
1.1845
1.1855
1.1875
1.1885
1.1905
1.1917
1.1935
1.1945
1.1954
1.1974
1.1984
1.2005
1.2014
1.2034
1.2044
1.2054
1.2074
1.2084
1.2105
1.2115
1.2135
1.2145
1.2165
1.2175
1.2185
1.2205
1.2215
1.2235
1.2244
1.2265
1.2275
1.2295
1.2305
1.2316
1.2335
1.2344
1.2364
1.2376
1.2395
1.2404
1.2414
1.2435
1.2445
1.2464
1.2475
1.2495
1.2504
1.2524
1.2534
1.2544
1.2564
1.2576
1.2595
1.2605
1.2624
1.2634
1.2654
1.2664
1.2674
1.2695
1.2709
1.2726
1.2735
1.2755
1.2804
1.2825
1.2835
1.2855
1.2865
1.2875
1.2895
1.2905
1.2926
1.2935
1.2955
1.2965
1.2985
1.2995
1.3005
1.3025
1.3035
1.3055
1.3065
1.3085
1.3095
1.3105
1.3124
1.3134
1.3155
1.3164
1.3184
1.3196
1.3215
1.3224
1.3234
1.3255
1.3264
1.3285
1.3295
1.3314
1.3324
1.3334
1.3356
1.3365
1.3385
1.3395
1.3415
1.3426
1.3435
1.3455
1.3465
1.3484
1.3495
1.3514
1.3524
1.3544
1.3554
1.3564
1.3584
1.3596
1.3614
1.3634
1.3645
1.3654
1.3676
1.3685
1.3695
1.3716
1.3724
1.3744
1.3754
1.3774
1.3785
1.3795
1.3815
1.3824
1.3844
1.3854
1.3874
1.3884
1.3904
1.3914
1.3924
1.3946
1.3955
1.3975
1.3985
1.4005
1.4015
1.4025
1.4046
1.4054
1.4074
1.4084
1.4105
1.4115
1.4134
1.4144
1.4164
1.4174
1.4185
1.4205
1.4215
1.4235
1.4245
1.4265
1.4275
1.4284
1.4305
1.4314
1.4334
1.4344
1.4364
1.4374
1.4395
1.4405
1.4414
1.4434
1.4444
1.4464
1.4474
1.4495
1.4505
1.4525
1.4535
1.4545
1.4565
1.4575
1.4595
1.4605
1.4625
1.4635
1.4654
1.4664
1.4675
1.4695
1.4705
1.4725
1.4734
1.4754
1.4764
1.4774
1.4795
1.4805
1.4825
1.4836
1.4855
1.4865
1.4875
1.4895
1.4905
1.4925
1.4936
1.4955
1.4965
1.4984
1.4995
1.5005
1.5025
1.5035
1.5055
1.5065
1.5085
1.5094
1.5104
1.5124
1.5134
1.5155
1.5165
1.5185
1.5195
1.5205
1.5225
1.5235
1.5255
1.5265
1.5285
1.5295
1.5317
1.5325
1.5334
1.5354
1.5364
1.5386
1.5395
1.5416
1.5425
1.5435
1.5455
1.5465
1.5485
1.5495
1.5516
1.5524
1.5544
1.5554
1.5564
1.5584
1.5594
1.5614
1.5624
1.5644
1.5654
1.5664
1.5685
1.5695
1.5716
1.5726
1.5745
1.5755
1.5775
1.5785
1.5795
1.5815
1.5824
1.5844
1.5854
1.5875
1.5885
1.5904
1.5914
1.5924
1.5945
1.5955
1.5975
1.5985
1.6005
1.6015
1.6035
1.6045
1.6055
1.6075
1.6085
1.6105
1.6116
1.6135
1.6144
1.6164
1.6174
1.6185
1.6215
1.6235
1.625
1.6265
1.6274
1.6295
1.6305
1.6314
1.6334
1.6344
1.6365
1.6375
1.6395
1.6404
1.6414
1.6435
1.6445
1.6464
1.6474
1.6495
1.6504
1.6524
1.6534
1.6544
1.6566
1.6575
1.6595
1.6605
1.6625
1.6634
1.6645
1.6665
1.6675
1.6695
1.6705
1.6725
1.6734
1.6754
1.6764
1.6774
1.6796
1.6805
1.6824
1.6834
1.6854
1.6864
1.6884
1.6895
1.6905
1.6924
1.6935
1.6955
1.6965
1.6985
1.6995
1.7005
1.7025
1.7035
1.7055
1.7065
1.7085
1.7095
1.7117
1.7126
1.7135
1.7155
1.7165
1.7185
1.7195
1.7215
1.7225
1.7245
1.7255
1.7265
1.7285
1.7295
1.7315
1.7324
1.7345
1.7355
1.7375
1.7385
1.7395
1.7415
1.7424
1.7445
1.7454
1.7475
1.7485
1.7496
1.7515
1.7524
1.7544
1.7556
1.7575
1.7584
1.7605
1.7615
1.7624
1.7644
1.7656
1.7675
1.7684
1.7705
1.7715
1.7724
1.7744
1.7754
1.7774
1.7784
1.7805
1.7815
1.7835
1.7844
1.7854
1.7874
1.7885
1.7905
1.7917
1.7935
1.7944
1.7966
1.7975
1.7984
1.8005
1.8015
1.8035
1.8044
1.8064
1.8074
1.8084
1.8104
1.8114
1.8135
1.8145
1.8165
1.8175
1.8195
1.8205
1.8215
1.8235
1.8245
1.8265
1.8275
1.8295
1.8305
1.8325
1.8334
1.8344
1.8364
1.8374
1.8394
1.8404
1.8424
1.8434
1.8444
1.8465
1.8475
1.8495
1.8505
1.8524
1.8534
1.8555
1.8565
1.8575
1.8595
1.8606
1.8625
1.8635
1.8654
1.8664
1.8685
1.8695
1.8705
1.8724
1.8734
1.8755
1.8765
1.8796
1.8815
1.8826
1.8835
1.8855
1.8865
1.8885
1.8895
1.8915
1.8924
1.8934
1.8955
1.8965
1.8985
1.8995
1.9015
1.9024
1.9045
1.9055
1.9066
1.9085
1.9095
1.9115
1.9124
1.9146
1.9155
1.9174
1.9185
1.9195
1.9215
1.9224
1.9245
1.9255
1.9275
1.9285
1.9305
1.9316
1.9324
1.9344
1.9355
1.9375
1.9385
1.9405
1.9415
1.9425
1.9445
1.9455
1.9475
1.9486
1.9504
1.9514
1.9534
1.9545
1.9554
1.9574
1.9585
1.9605
1.9615
1.9634
1.9645
1.9665
1.9675
1.9685
1.9705
1.9717
1.9735
1.9745
1.9765
1.9775
1.9795
1.9804
1.9815
1.9834
1.9844
1.9864
1.9874
1.9895
1.9904
1.9914
1.9934
1.9944
1.9966
1.9975
1.9995
2.0005
2.0026
2.0036
2.0054
2.0064
2.0074
2.0095
2.0105
2.0124
2.0134
2.0154
2.0164
2.0185
2.0195
2.0204
2.0224
2.0234
2.0254
2.0264
2.0285
2.0295
2.0316
2.0324
2.0334
2.0354
2.0364
2.0384
2.0396
2.0414
2.0424
2.0444
2.0454
2.0464
2.0485
2.0498
2.0515
2.0525
2.0545
2.0554
2.0576
2.0585
2.0595
2.0615
2.0624
2.0645
2.0655
2.0674
2.0684
2.0705
2.0715
2.0725
2.0744
2.0754
2.0774
2.0785
2.0805
2.0815
2.0834
2.0845
2.0855
2.0875
2.0885
2.0905
2.0915
2.0936
2.0944
2.0967
2.0976
2.0984
2.1005
2.1015
2.1035
2.1045
2.1064
2.1074
2.1084
2.1104
2.1114
2.1134
2.1144
2.1164
2.1175
2.1195
2.1205
2.1214
2.1234
2.1244
2.1264
2.1274
2.1295
2.1305
2.1315
2.1334
2.1344
2.1365
2.1374
2.1395
2.1405
2.1424
2.1438
2.1444
2.1464
2.1475
2.1496
2.1505
2.1524
2.1534
2.1544
2.1564
2.1574
2.1595
2.1605
2.1624
2.1634
2.1654
2.1664
2.1674
2.1694
2.1704
2.1724
2.1734
2.1755
2.1764
2.1785
2.1796
2.1804
2.1824
2.1834
2.1854
2.1864
2.1884
2.1894
2.1915
2.1924
2.1934
2.1955
2.1966
2.1985
2.1995
2.2014
2.2024
2.2034
2.2054
2.2064
2.2085
2.2095
2.2115
2.2124
2.2144
2.2154
2.2164
2.2184
2.2195
2.2214
2.2226
2.2245
2.2255
2.2265
2.2285
2.2295
2.2315
2.2324
2.2344
2.2354
2.2378
2.2385
2.2395
2.2415
2.2425
2.2445
2.2456
2.2475
2.2485
2.2505
2.2515
2.2525
2.2545
2.2554
2.2574
2.2584
2.2605
2.2614
2.2624
2.2645
2.2654
2.2677
2.2685
2.2705
2.2715
2.2735
2.2745
2.2754
2.2774
2.2784
2.2805
2.2815
2.2835
2.2845
2.2855
2.2875
2.2885
2.2905
2.2915
2.2935
2.2944
2.2966
2.2975
2.2985
2.3005
2.3014
2.3034
2.3045
2.3064
2.3074
2.3085
2.3105
2.3114
2.3136
2.3145
2.3165
2.3175
2.3195
2.3205
2.3215
2.3235
2.3244
2.3264
2.3276
2.3295
2.3305
2.3325
2.3335
2.3346
2.3365
2.3375
2.3395
2.3405
2.3425
2.3435
2.3445
2.3465
2.3475
2.3495
2.3504
2.3524
2.3534
2.3554
2.3564
2.3576
2.3595
2.3605
2.3625
2.3634
2.3654
2.3664
2.3674
2.3695
2.3704
2.3724
2.3734
2.3754
2.3764
2.3784
2.3796
2.3805
2.3824
2.3834
2.3854
2.3864
2.3885
2.3895
2.3905
2.3925
2.3934
2.3955
2.3964
2.3985
2.3996
2.4015
2.4024
2.4034
2.4054
2.4064
2.4084
2.4095
2.4114
2.4124
2.4144
2.4154
2.4164
2.4185
2.4195
2.4215
2.4225
2.4245
2.4255
2.4265
2.4285
2.4295
2.4315
2.4325
2.4346
2.4354
2.4374
2.4384
2.4395
2.4415
2.4425
2.4444
2.4454
2.4475
2.4486
2.4495
2.4514
2.4524
2.4544
2.4554
2.4574
2.4584
2.4605
2.4614
2.4624
2.4644
2.4654
2.4674
2.4685
2.4705
2.4715
2.4725
2.4745
2.4754
2.4775
2.4785
2.4805
2.4815
2.4835
2.4845
2.4855
2.4875
2.4885
2.4905
2.4915
2.4935
2.4944
2.4954
2.4974
2.4985
2.5005
2.5015
2.5035
2.5045
2.5065
2.5075
2.5085
2.5105
2.5115
2.5135
2.5144
2.5164
2.5174
2.5198
2.5205
2.5215
2.5235
2.5244
2.5264
2.5274
2.5297
2.5305
2.5315
2.5335
2.5344
2.5364
2.5376
2.5395
2.5405
2.5425
2.5434
2.5444
2.5465
2.5475
2.5495
2.5505
2.5524
2.5534
2.5554
2.5564
2.5574
2.5595
2.5605
2.5624
2.5634
2.5654
2.5665
2.5676
2.5696
2.5704
2.5726
2.5735
2.5755
2.5764
2.5785
2.5795
2.5805
2.5825
2.5835
2.5855
2.5864
2.5884
2.5895
2.5914
2.5924
2.5934
2.5954
2.5964
2.5985
2.5995
2.6015
2.6024
2.6034
2.6055
2.6064
2.6086
2.6095
2.6114
2.6124
2.6146
2.6154
2.6164
2.6185
2.6194
2.6214
2.6224
2.6244
2.6254
2.6276
2.6286
2.6295
2.6315
2.6325
2.6347
2.6354
2.6374
2.6385
2.6395
2.6414
2.6424
2.6444
2.6454
2.6474
2.6485
2.6505
2.6515
2.6525
2.6547
2.6554
2.6576
2.6587
2.6605
2.6615
2.6625
2.6645
2.6655
2.6675
2.6685
2.6705
2.6715
2.6735
2.6744
2.6754
2.6774
2.6785
2.6805
2.6814
2.6834
2.6844
2.6854
2.6874
2.6885
2.6905
2.6915
2.6934
2.6944
2.6964
2.6974
2.6987
2.7005
2.7015
2.7035
2.7044
2.7064
2.7075
2.7085
2.7105
2.7115
2.7135
2.7144
2.7164
2.7174
2.7195
2.7205
2.7215
2.7236
2.7244
2.7265
2.7275
2.7295
2.7306
2.7325
2.7335
2.7346
2.7365
2.7375
2.7395
2.7405
2.7425
2.7435
2.7445
2.7465
2.7475
2.7495
2.7506
2.7525
2.7535
2.7556
2.7565
2.7576
2.7595
2.7606
2.7624
2.7634
2.7655
2.7665
2.7675
2.7695
2.7705
2.7725
2.7734
2.7754
2.7766
2.7785
2.7795
2.7805
2.7825
2.7834
2.7854
2.7864
2.7885
2.7895
2.7905
2.7924
2.7934
2.7954
2.7964
2.7985
2.7995
2.8015
2.8025
2.8035
2.8056
2.8064
2.8085
2.8095
2.8115
2.8125
2.8135
2.8155
2.8164
2.8185
2.8195
2.8215
2.8225
2.8244
2.8254
2.8265
2.8285
2.8294
2.8316
2.8325
2.8345
2.8354
2.8364
2.8385
2.8396
2.8414
2.8424
2.8444
2.8454
2.8475
2.8485
2.8498
2.8514
2.8524
2.8544
2.8555
2.8575
2.8584
2.8605
2.8615
2.8625
2.8645
2.8655
2.8675
2.8685
2.8705
2.8717
2.8724
2.8744
2.8754
2.8774
2.8784
2.8805
2.8814
2.8834
2.8844
2.8854
2.8875
2.8885
2.8905
2.8915
2.8935
2.8945
2.8954
2.8976
2.8985
2.9005
2.9015
2.9035
2.9044
2.9064
2.9074
2.9084
2.9105
2.9114
2.9134
2.9144
2.9165
2.9176
2.9195
2.9205
2.9215
2.9235
2.9244
2.9264
2.9274
2.9295
2.9305
2.9315
2.9335
2.9344
2.9364
2.9375
2.9395
2.9405
2.9425
2.9435
2.9445
2.9465
2.9474
2.9495
2.9505
2.9524
2.9534
2.9554
2.9564
2.9576
2.9595
2.9605
2.9625
2.9635
2.9655
2.9664
2.9674
2.9695
2.9705
2.9725
2.9735
2.9754
2.9764
2.9785
2.9795
2.9805
2.9825
2.9834
2.9854
2.9864
2.9885
2.9896
2.9905
2.9925
2.9935
2.9955
2.9965
2.9986
2.9995
3.0005
3.0056
3.0065
3.0085
3.0095
3.0115
3.0125
3.0135
3.0155
3.0165
3.0185
3.0195
3.0215
3.0225
3.0235
3.0254
3.0265
3.0285
3.0295
3.0315
3.0325
3.0345
3.0355
3.0365
3.0385
3.0395
3.0415
3.0425
3.0445
3.0455
3.0465
3.0486
3.0495
3.0515
3.0525
3.0544
3.0555
3.0575
3.0585
3.0595
3.0615
3.0625
3.0645
3.0655
3.0675
3.0685
3.0695
3.0715
3.0725
3.0745
3.0755
3.0775
3.0785
3.0805
3.0815
3.0825
3.0845
3.0855
3.0875
3.0885
3.0904
3.0914
3.0924
3.0945
3.0954
3.0974
3.0984
3.1005
3.1015
3.1035
3.1044
3.1054
3.1075
3.1085
3.1105
3.1115
3.1135
3.1145
3.1165
3.1174
3.1184
3.1205
3.1215
3.1235
3.1244
3.1264
3.1276
3.1295
3.1305
3.1315
3.1335
3.1344
3.1365
3.1375
3.1395
3.1405
3.1425
3.1435
3.1446
3.1464
3.1475
3.1496
3.1505
3.1525
3.1534
3.1554
3.1564
3.1574
3.1595
3.1605
3.1624
3.1634
3.1654
3.1664
3.1685
3.1695
3.1706
3.1725
3.1739
3.1755
3.1764
3.1786
3.1795
3.1815
3.1824
3.1834
3.1854
3.1864
3.1885
3.1895
3.1915
3.1924
3.1944
3.1954
3.1964
3.1985
3.1995
3.2015
3.2026
3.2044
3.2055
3.2064
3.2085
3.2095
3.2114
3.2124
3.2144
3.2154
3.2174
3.2184
3.2196
3.2217
3.2226
3.2245
3.2254
3.2276
3.2285
3.2305
3.2315
3.2325
3.2345
3.2355
3.2375
3.2385
3.2405
3.2415
3.2426
3.2446
3.2455
3.2474
3.2484
3.2506
3.2515
3.2534
3.2544
3.2554
3.2576
3.2586
3.2605
3.2615
3.2635
3.2644
3.2664
3.2674
3.2686
3.2705
3.2715
3.2735
3.2744
3.2764
3.2775
3.2795
3.2805
3.2815
3.2835
3.2845
3.2864
3.2874
3.2895
3.2905
3.2915
3.2935
3.2945
3.2966
3.2975
3.2997
3.3004
3.3025
3.3035
3.3046
3.3065
3.3075
3.3095
3.3105
3.3124
3.3134
3.3154
3.3166
3.3175
3.3195
3.3204
3.3225
3.3235
3.3255
3.3264
3.3285
3.3295
3.3305
3.3324
3.3334
3.3354
3.3364
3.3385
3.3395
3.3415
3.3426
3.3436
3.3455
3.3465
3.3486
3.3496
3.3515
3.3525
3.3545
3.3554
3.3564
3.3585
3.3595
3.3615
3.3625
3.3645
3.3654
3.3664
3.3684
3.3695
3.3714
3.3724
3.3744
3.3754
3.3775
3.3784
3.3795
3.3815
3.3825
3.3845
3.3854
3.3875
3.3885
3.3905
3.3915
3.3925
3.3945
3.3954
3.3975
3.3984
3.4005
3.4015
3.4025
3.4045
3.4055
3.4075
3.4085
3.4106
3.4115
3.4136
3.4145
3.4155
3.4176
3.4184
3.4205
3.4215
3.4235
3.4246
3.4254
3.4275
3.4285
3.4306
3.4314
3.4334
3.4346
3.4364
3.4375
3.4384
3.4405
3.4415
3.4435
3.4447
3.4465
3.4476
3.4495
3.4504
3.4514
3.4534
3.4544
3.4564
3.4576
3.4595
3.4604
3.4624
3.4634
3.4644
3.4664
3.4676
3.4696
3.4705
3.4725
3.4735
3.4755
3.4765
3.4775
3.4795
3.4805
3.4825
3.4835
3.4855
3.4864
3.4885
3.4896
3.4905
3.4924
3.4934
3.4954
3.4964
3.4984
3.4995
3.5015
3.5025
3.5035
3.5055
3.5064
3.5084
3.5095
3.5115
3.5126
3.5135
3.5155
3.5165
3.5185
3.5195
3.5217
3.5225
3.5245
3.5254
3.5264
3.5285
3.5295
3.5314
3.5325
3.5345
3.5355
3.5375
3.5386
3.5395
3.5415
3.5425
3.5444
3.5454
3.5474
3.5485
3.5504
3.5514
3.5526
3.5545
3.5555
3.5575
3.5584
3.5605
3.5615
3.5635
3.5647
3.5655
3.5676
3.5685
3.5705
3.5715
3.5735
3.5746
3.5755
3.5775
3.5784
3.5805
3.5815
3.5835
3.5846
3.5864
3.5874
3.5884
3.5905
3.5915
3.5935
3.5945
3.5966
3.5974
3.5984
3.6006
3.6015
3.6035
3.6045
3.6065
3.6076
3.6095
3.6105
3.6125
3.6135
3.6144
3.6164
3.6174
3.6195
3.6204
3.6225
3.6235
3.6245
3.6267
3.6275
3.6295
3.6305
3.6324
3.6334
3.6354
3.6364
3.6374
3.6397
3.6405
3.6424
3.6434
3.6455
3.6466
3.6475
3.6495
3.6504
3.6526
3.6537
3.6555
3.6565
3.6585
3.6595
3.6605
3.6625
3.6635
3.6655
3.6666
3.6685
3.6695
3.6715
3.6725
3.6735
3.6755
3.6764
3.6785
3.6795
3.6815
3.6825
3.6845
3.6854
3.6864
3.6885
3.6895
3.6915
3.6927
3.6945
3.6954
3.6975
3.6985
3.7005
3.7015
3.7025
3.7045
3.7055
3.7076
3.7085
3.7105
3.7115
3.7135
3.7145
3.7155
3.7176
3.7184
3.7205
3.7215
3.7235
3.7245
3.7255
3.7276
3.7284
3.7305
3.7315
3.7335
3.7345
3.7365
3.7376
3.7384
3.7405
3.7415
3.7437
3.7445
3.7466
3.7475
3.7495
3.7505
3.7515
3.7535
3.7544
3.7565
3.7575
3.7595
3.7605
3.7625
3.7635
3.7645
3.7666
3.7675
3.7696
3.7705
3.7725
3.7735
3.7755
3.7765
3.7775
3.7795
3.7805
3.7825
3.7834
3.7854
3.7868
3.7876
3.7895
3.7905
3.7925
3.7935
3.7955
3.7965
3.7985
3.7995
3.8005
3.8025
3.8035
3.8055
3.8064
3.8085
3.8095
3.8115
3.8125
3.8137
3.8154
3.8164
3.8185
3.8196
3.8214
3.8224
3.8234
3.8254
3.8264
3.8285
3.8295
3.8315
3.8325
3.8345
3.8355
3.8365
3.8386
3.8395
3.8414
3.8424
3.8445
3.8455
3.8475
3.8486
3.8496
3.8515
3.8524
3.8545
3.8554
3.8575
3.8585
3.8605
3.8614
3.8624
3.8646
3.8655
3.8676
3.8684
3.8704
3.8714
3.8724
3.8744
3.8754
3.8774
3.8784
3.8805
3.8816
3.8834
3.8844
3.8854
3.8875
3.8885
3.8904
3.8914
3.8935
3.8945
3.8966
3.8976
3.8985
3.9005
3.9015
3.9035
3.9044
3.9065
3.9075
3.9085
3.9105
3.9115
3.9135
3.9145
3.9165
3.9175
3.9195
3.9205
3.9224
3.9235
3.9246
3.9264
3.9275
3.9295
3.9305
3.9325
3.9334
3.9344
3.9364
3.9374
3.9395
3.9405
3.9425
3.9435
3.9455
3.9467
3.9475
3.9495
3.9507
3.9525
3.9535
3.9555
3.9566
3.9585
3.9595
3.9605
3.9625
3.9634
3.9654
3.9664
3.9684
3.9695
3.9705
3.9725
3.9735
3.9755
3.9765
3.9785
3.9795
3.9815
3.9825
3.9835
3.9857
3.9864
3.9884
3.9895
3.9914
3.9924
3.9944
3.9954
3.9966
3.9985
3.9995
4.0015
4.0026
4.0044
4.0054
4.0064
4.0084
4.0095
4.0115
4.0125
4.0145
4.0155
4.0175
4.0186
4.0195
4.0216
4.0227
4.0244
4.0254
4.0274
4.0284
4.0305
4.0315
4.0325
4.0345
4.0355
4.0375
4.0385
4.0406
4.0415
4.0435
4.0445
4.0455
4.0476
4.0486
4.0505
4.0515
4.0535
4.0545
4.0565
4.0575
4.0585
4.0605
4.0614
4.0634
4.0644
4.0664
4.0674
4.0697
4.0705
4.0716
4.0735
4.0745
4.0765
4.0775
4.0795
4.0806
4.0824
4.0834
4.0854
4.0864
4.0875
4.0895
4.0906
4.0924
4.0934
4.0954
4.0964
4.0975
4.0995
4.1005
4.1025
4.1035
4.1055
4.1064
4.1085
4.1095
4.1115
4.1125
4.1135
4.1155
4.1165
4.1186
4.1195
4.1215
4.1225
4.1234
4.1254
4.1264
4.1285
4.1295
4.1315
4.1325
4.1345
4.1355
4.1375
4.1385
4.1395
4.1415
4.1424
4.1444
4.1455
4.1475
4.1485
4.1495
4.1515
4.1525
4.1545
4.1555
4.1575
4.1585
4.1605
4.1615
4.1625
4.1646
4.1656
4.1674
4.1685
4.1704
4.1715
4.1735
4.1744
4.1754
4.1775
4.1784
4.1804
4.1815
4.1835
4.1844
4.1864
4.1874
4.1884
4.1904
4.1915
4.1935
4.1945
4.1965
4.1975
4.1995
4.2005
4.2025
4.2036
4.2045
4.2065
4.2075
4.2098
4.2106
4.2125
4.2135
4.2155
4.2165
4.2175
4.2196
4.2205
4.2225
4.2235
4.2255
4.2265
4.2285
4.2295
4.2304
4.2324
4.2334
4.2354
4.2364
4.2385
4.2395
4.2415
4.2425
4.2435
4.2455
4.2465
4.2486
4.2495
4.2516
4.2525
4.2545
4.2555
4.2565
4.2585
4.2595
4.2617
4.2624
4.2644
4.2655
4.2664
4.2686
4.2696
4.2715
4.2725
4.2745
4.2754
4.2775
4.2785
4.2795
4.2815
4.2825
4.2845
4.2855
4.2876
4.2885
4.2905
4.2915
4.2925
4.2945
4.2955
4.2975
4.2986
4.3005
4.3015
4.3035
4.3045
4.3056
4.3075
4.3084
4.3105
4.3115
4.3135
4.3145
4.3165
4.3175
4.3185
4.3206
4.3214
4.3235
4.3245
4.3265
4.3277
4.3285
4.3305
4.3315
4.3335
4.3345
4.3366
4.3375
4.3395
4.3405
4.3414
4.3434
4.3445
4.3465
4.3477
4.3495
4.3505
4.3525
4.3535
4.3555
4.3565
4.3575
4.3595
4.3605
4.3625
4.3634
4.3654
4.3665
4.3675
4.3696
4.3705
4.3725
4.3736
4.3755
4.3766
4.3785
4.3795
4.3806
4.3825
4.3835
4.3855
4.3865
4.3885
4.3895
4.3915
4.3925
4.3935
4.3955
4.3965
4.3985
4.3995
4.4015
4.4025
4.4045
4.4055
4.4065
4.4085
4.4095
4.4115
4.4125
4.4145
4.4155
4.4175
4.4186
4.4205
4.4215
4.4225
4.4245
4.4255
4.4276
4.4284
4.4305
4.4315
4.4336
4.4347
4.4355
4.4375
4.4385
4.4405
4.4415
4.4435
4.4445
4.4465
4.4475
4.4484
4.4505
4.4515
4.4535
4.4545
4.4565
4.4575
4.4595
4.4605
4.4616
4.4634
4.4645
4.4666
4.4676
4.4695
4.4706
4.4725
4.4734
4.4744
4.4764
4.4775
4.4795
4.4805
4.4825
4.4834
4.4854
4.4864
4.4874
4.4895
4.4905
4.4925
4.4934
4.4955
4.4966
4.499
4.5005
4.5025
4.5035
4.5055
4.5065
4.5085
4.5095
4.5105
4.5126
4.5135
4.5155
4.5165
4.5185
4.5195
4.5215
4.5225
4.5235
4.5255
4.5265
4.5285
4.5295
4.5315
4.5325
4.5345
4.5355
4.5365
4.5385
4.5395
4.5415
4.5425
4.5445
4.5455
4.5476
4.5487
4.5496
4.5515
4.5525
4.5545
4.5554
4.5575
4.5586
4.5605
4.5615
4.5625
4.5645
4.5655
4.5676
4.5685
4.5706
4.5715
4.5735
4.5745
4.5755
4.5775
4.5785
4.5805
4.5815
4.5835
4.5845
4.5855
4.5876
4.5885
4.5906
4.5914
4.5936
4.5945
4.5965
4.5974
4.5995
4.6005
4.6014
4.6035
4.6045
4.6065
4.6075
4.6095
4.6105
4.6115
4.6136
4.6145
4.6165
4.6175
4.6195
4.6207
4.6224
4.6234
4.6244
4.6264
4.6274
4.6294
4.6305
4.6325
4.6335
4.6355
4.6366
4.6375
4.6396
4.6405
4.6424
4.6434
4.6454
4.6465
4.6486
4.6495
4.6505
4.6525
4.6535
4.6555
4.6564
4.6585
4.6595
4.6615
4.6625
4.6635
4.6655
4.6664
4.6685
4.6695
4.6716
4.6727
4.6734
4.6756
4.6767
4.6785
4.6795
4.6815
4.6825
4.6844
4.6855
4.6876
4.6885
4.6895
4.6915
4.6925
4.6945
4.6955
4.6975
4.6985
4.7005
4.7015
4.7025
4.7045
4.7055
4.7077
4.7085
4.7104
4.7114
4.7134
4.7144
4.7154
4.7175
4.7185
4.7205
4.7214
4.7235
4.7246
4.7265
4.7276
4.7285
4.7304
4.7314
4.7334
4.7345
4.7365
4.7375
4.7396
4.7404
4.7424
4.7434
4.7444
4.7465
4.7475
4.7495
4.7505
4.7525
4.7535
4.7555
4.7565
4.7575
4.7595
4.7604
4.7624
4.7634
4.7654
4.7665
4.7685
4.7695
4.7706
4.7725
4.7735
4.7755
4.7765
4.7785
4.7794
4.7816
4.7825
4.7835
4.7855
4.7865
4.7885
4.7894
4.7914
4.7924
4.7945
4.7956
4.7966
4.7985
4.7995
4.8015
4.8025
4.8045
4.8055
4.8077
4.8086
4.8095
4.8115
4.8125
4.8145
4.8155
4.8175
4.8186
4.8205
4.8215
4.8225
4.8245
4.8254
4.8277
4.8286
4.8306
4.8315
4.8325
4.8345
4.8355
4.8375
4.8386
4.8405
4.8415
4.8435
4.8445
4.8455
4.8477
4.8485
4.8505
4.8515
4.8535
4.8545
4.8565
4.8575
4.8586
4.8605
4.8615
4.8635
4.8645
4.8665
4.8676
4.8695
4.8706
4.8714
4.8734
4.8744
4.8766
4.8774
4.8794
4.8806
4.8825
4.8836
4.8845
4.8865
4.8877
4.8895
4.8905
4.8926
4.8934
4.8955
4.8966
4.8975
4.8994
4.9005
4.9025
4.9035
4.9056
4.9065
4.9085
4.9094
4.9105
4.9124
4.9134
4.9154
4.9165
4.9185
4.9195
4.9215
4.9226
4.9236
4.9255
4.9265
4.9286
4.9296
4.9315
4.9325
4.9345
4.9355
4.9365
4.9385
4.9395
4.9415
4.9424
4.9444
4.9454
4.9477
4.9485
4.9494
4.9515
4.9525
4.9545
4.9555
4.9575
4.9584
4.9594
4.9615
4.9624
4.9644
4.9654
4.9674
4.9684
4.9705
4.9715
4.9726
4.9745
4.9754
4.9776
4.9786
4.9805
4.9815
4.9836
4.9845
4.9855
4.9876
4.9885
4.9905
4.9915
4.9935
4.9945
4.9965
4.9975
4.9984
5.0005
5.0014
5.0035
5.0045
5.0065
5.0076
5.0095
5.0105
5.0115
5.0135
5.0145
5.0165
5.0176
5.0195
5.0206
5.0225
5.0235
5.0244
5.0264
5.0274
5.0294
5.0306
5.0325
5.0335
5.0355
5.0366
5.0375
5.0394
5.0405
5.0425
5.0435
5.0455
5.0465
5.0487
5.0495
5.0507
5.0525
5.0534
5.0554
5.0564
5.0585
5.0595
5.0615
5.0624
5.0634
5.0656
5.0665
5.0686
5.0695
5.0715
5.0725
5.0735
5.0755
5.0765
5.0785
5.0795
5.0815
5.0825
5.0845
5.0855
5.0865
5.0885
5.0894
5.0915
5.0925
5.0945
5.0955
5.0975
5.0985
5.0995
5.1015
5.1026
5.1045
5.1054
5.1076
5.1086
5.1105
5.1115
5.1125
5.1145
5.1156
5.1175
5.1185
5.1205
5.1216
5.1235
5.1245
5.1254
5.1275
5.1284
5.1305
5.1315
5.1335
5.1345
5.1365
5.1376
5.1385
5.1404
5.1414
5.1435
5.1445
5.1465
5.1477
5.1495
5.1507
5.1514
5.1535
5.1547
5.1566
5.1575
5.1595
5.1606
5.1625
5.1634
5.1644
5.1664
5.1674
5.1695
5.1706
5.1725
5.1735
5.1745
5.1765
5.1775
5.1795
5.1805
5.1825
5.1834
5.1854
5.1864
5.1886
5.1895
5.1906
5.1924
5.1934
5.1954
5.1964
5.1985
5.1995
5.2015
5.2025
5.2036
5.2056
5.2065
5.2085
5.2094
5.2115
5.2124
5.2144
5.2154
5.2174
5.2185
5.2195
5.2215
5.2224
5.2244
5.2254
5.2274
5.2284
5.2305
5.2315
5.2335
5.2345
5.2355
5.2375
5.2386
5.2406
5.2415
5.2434
5.2444
5.2464
5.2474
5.2495
5.2506
5.2514
5.2535
5.2545
5.2566
5.2575
5.2595
5.2605
5.2625
5.2635
5.2645
5.2665
5.2675
5.2694
5.2706
5.2726
5.2735
5.2755
5.2766
5.2785
5.2795
5.2806
5.2826
5.2835
5.2854
5.2864
5.2884
5.2894
5.2914
5.2924
5.2944
5.2954
5.2964
5.2984
5.2996
5.3015
5.3025
5.3045
5.3054
5.3074
5.3084
5.3095
5.3116
5.3125
5.3145
5.3155
5.3175
5.3185
5.3205
5.3215
5.3235
5.3245
5.3255
5.3276
5.3284
5.3305
5.3314
5.3334
5.3344
5.3364
5.3374
5.3396
5.3406
5.3415
5.3434
5.3444
5.3465
5.3474
5.3494
5.3504
5.3525
5.3535
5.3556
5.3564
5.3574
5.3595
5.3605
5.3625
5.3635
5.3655
5.3665
5.3686
5.3695
5.3705
5.3725
5.3735
5.3755
5.3765
5.3786
5.3794
5.3815
5.3825
5.3845
5.3855
5.3865
5.3885
5.3894
5.3916
5.3925
5.3946
5.3955
5.3975
5.3985
5.4005
5.4015
5.4026
5.4045
5.4054
5.4074
5.4085
5.4106
5.4114
5.4136
5.4145
5.4155
5.4175
5.4186
5.4205
5.4215
5.4235
5.4245
5.4265
5.4276
5.4295
5.4305
5.4316
5.4335
5.4344
5.4364
5.4374
5.4395
5.4406
5.4425
5.4434
5.4456
5.4466
5.4474
5.4494
5.4505
5.4525
5.4535
5.4555
5.4565
5.4585
5.4595
5.4615
5.4625
5.4635
5.4655
5.4665
5.4686
5.4695
5.4715
5.4725
5.4745
5.4755
5.4765
5.4785
5.4794
5.4815
5.4824
5.4844
5.4854
5.4876
5.4884
5.4905
5.4915
5.4925
5.4945
5.4955
5.4975
5.4986
5.5005
5.5015
5.5035
5.5045
5.5065
5.5076
5.5085
5.5105
5.5115
5.5135
5.5145
5.5165
5.5175
5.5195
5.5205
5.5215
5.5235
5.5244
5.5264
5.5274
5.5294
5.5305
5.5325
5.5335
5.5345
5.5364
5.5374
5.5396
5.5406
5.5424
5.5434
5.5454
5.5464
5.5484
5.5496
5.5506
5.5525
5.5534
5.5554
5.5564
5.5585
5.5595
5.5615
5.5624
5.5634
5.5654
5.5664
5.5684
5.5694
5.5714
5.5725
5.5745
5.5755
5.5765
5.5785
5.5795
5.5816
5.5825
5.5845
5.5856
5.5876
5.5885
5.5894
5.5915
5.5926
5.5944
5.5954
5.5974
5.5985
5.6005
5.6015
5.6035
5.6045
5.6056
5.6075
5.6084
5.6106
5.6114
5.6134
5.6144
5.6164
5.6174
5.6185
5.6205
5.6215
5.6235
5.6245
5.6265
5.6277
5.6294
5.6305
5.6315
5.6335
5.6344
5.6364
5.6374
5.6396
5.6406
5.6425
5.6434
5.6444
5.6464
5.6476
5.6495
5.6505
5.6525
5.6535
5.6555
5.6566
5.6585
5.6595
5.6605
5.6625
5.6634
5.6654
5.6664
5.6684
5.6695
5.6715
5.6725
5.6735
5.6756
5.6764
5.6786
5.6795
5.6815
5.6825
5.6845
5.6855
5.6866
5.6885
5.6896
5.6915
5.6925
5.6945
5.6955
5.6975
5.6984
5.7006
5.7015
5.7026
5.7045
5.7055
5.7076
5.7084
5.7105
5.7115
5.7134
5.7144
5.7164
5.7174
5.7185
5.7205
5.7215
5.7234
5.7244
5.7266
5.7276
5.7295
5.7305
5.7316
5.7335
5.7344
5.7364
5.7374
5.7395
5.7406
5.7425
5.7434
5.7444
5.7464
5.7474
5.7494
5.7505
5.7525
5.7534
5.7554
5.7565
5.7575
5.7595
5.7606
5.7625
5.7635
5.7656
5.7666
5.7685
5.7694
5.7705
5.7725
5.7736
5.7755
5.7765
5.7786
5.7794
5.7815
5.7825
5.7835
5.7854
5.7864
5.7885
5.7896
5.7915
5.7926
5.7945
5.7954
5.7975
5.7985
5.7995
5.8016
5.8026
5.8045
5.8054
5.8076
5.8084
5.8105
5.8115
5.8125
5.8145
5.8155
5.8175
5.8184
5.8207
5.8216
5.8235
5.8245
5.8265
5.8275
5.8285
5.8305
5.8315
5.8335
5.8345
5.8365
5.8375
5.8394
5.8406
5.8415
5.8435
5.8445
5.8465
5.8477
5.8496
5.8507
5.8525
5.8534
5.8544
5.8564
5.8576
5.8595
5.8605
5.8624
5.8634
5.8654
5.8664
5.8676
5.8695
5.8705
5.8725
5.8734
5.8754
5.8764
5.8785
5.8795
5.8806
5.8824
5.8855
5.8865
5.8885
5.8894
5.8915
5.8925
5.8945
5.8955
5.8966
5.8985
5.8995
5.9015
5.9025
5.9045
5.9056
5.9074
5.9084
5.9094
5.9115
5.9125
5.9146
5.9155
5.9175
5.9185
5.9205
5.9215
5.9225
5.9245
5.9255
5.9275
5.9286
5.9306
5.9315
5.9334
5.9344
5.9366
5.9375
5.9385
5.9405
5.9415
5.9435
5.9445
5.9465
5.9476
5.9495
5.9506
5.9514
5.9534
5.9544
5.9564
5.9574
5.9595
5.9605
5.9625
5.9634
5.9644
5.9664
5.9674
5.9696
5.9705
5.9725
5.9735
5.9755
5.9765
5.9785
5.9795
5.9806
5.9825
5.9834
5.9854
5.9864
5.9884
5.9894
5.9915
5.9925
5.9935
5.9955
5.9966
5.9985
5.9995
6.0015
