0.0028048
0.0077719
0.0086758
0.010686
0.011692
0.013813
0.014751
0.016758
0.017736
0.01872
0.020757
0.021757
0.023741
0.024771
0.026757
0.027725
0.029753
0.030661
0.03168
0.033684
0.03466
0.036773
0.037739
0.03968
0.040678
0.041668
0.04372
0.0447
0.046719
0.047707
0.049732
0.050683
0.052679
0.053763
0.054742
0.056725
0.057677
0.059751
0.060734
0.062701
0.063734
0.065767
0.066701
0.067733
0.069718
0.070711
0.072752
0.073765
0.075743
0.076701
0.078717
0.079704
0.080693
0.082702
0.083685
0.085671
0.086769
0.088745
0.089769
0.090731
0.092767
0.093784
0.095757
0.096721
0.098795
0.099743
0.10171
0.10275
0.10373
0.10575
0.10665
0.10876
0.10968
0.11168
0.11266
0.11477
0.11573
0.11673
0.11875
0.11974
0.12171
0.12271
0.12472
0.12571
0.12772
0.12871
0.1297
0.13172
0.13272
0.13474
0.13574
0.13773
0.13873
0.13972
0.14173
0.14267
0.14466
0.14571
0.14772
0.14871
0.15075
0.15178
0.1527
0.1548
0.15576
0.15774
0.15871
0.16074
0.16166
0.1637
0.16469
0.16575
0.16779
0.16916
0.17079
0.17169
0.17381
0.17474
0.17571
0.17773
0.17873
0.18075
0.18166
0.18377
0.18474
0.18672
0.18773
0.18872
0.19069
0.19167
0.19378
0.19482
0.19677
0.19776
0.19978
0.20072
0.20174
0.20373
0.20474
0.20672
0.20775
0.20975
0.21091
0.21202
0.21384
0.21474
0.21677
0.21783
0.22005
0.22114
0.22279
0.22374
0.22478
0.22686
0.22776
0.2299
0.23087
0.23276
0.2337
0.23575
0.23746
0.24063
0.24285
0.24375
0.24638
0.24698
0.24874
0.25079
0.25274
0.25411
0.25618
0.25679
0.26014
0.26215
0.26288
0.26373
0.26576
0.26671
0.26887
0.26971
0.2724
0.27271
0.27484
0.27572
0.27695
0.27874
0.27985
0.28178
0.28278
0.28595
0.2894
0.28971
0.29198
0.29271
0.2948
0.2966
0.29771
0.29869
0.29971
0.30171
0.30295
0.30482
0.30572
0.30787
0.30926
0.31083
0.31214
0.31294
0.31477
0.31611
0.3178
0.31903
0.32079
0.32171
0.32371
0.32476
0.3257
0.32776
0.32875
0.33077
0.33188
0.33379
0.33482
0.33689
0.33776
0.33894
0.34104
0.34185
0.34384
0.34484
0.34677
0.34771
0.34889
0.35079
0.35188
0.35378
0.35472
0.35674
0.35773
0.35973
0.36069
0.36175
0.36375
0.36468
0.3667
0.36778
0.36975
0.37072
0.37174
0.37372
0.37474
0.37673
0.3777
0.37973
0.38074
0.38273
0.38375
0.38471
0.38675
0.38789
0.38979
0.39068
0.39279
0.39375
0.39576
0.39673
0.39774
0.39984
0.40071
0.40277
0.40372
0.40571
0.40671
0.4087
0.40974
0.41073
0.41273
0.41374
0.41573
0.41675
0.41872
0.41971
0.42172
0.42273
0.42371
0.42576
0.42666
0.42867
0.42966
0.43165
0.43267
0.43377
0.43574
0.43674
0.43873
0.4397
0.44178
0.44274
0.44474
0.4457
0.44671
0.44873
0.4498
0.45174
0.45273
0.45474
0.45577
0.45776
0.45874
0.45981
0.46181
0.46281
0.46475
0.46573
0.46774
0.46874
0.46968
0.47175
0.47275
0.47476
0.47572
0.47771
0.47878
0.48079
0.4818
0.4828
0.48478
0.48587
0.4878
0.48961
0.49078
0.49174
0.49375
0.49474
0.49571
0.49778
0.49875
0.50076
0.50185
0.50379
0.50496
0.50585
0.50779
0.50872
0.51074
0.51173
0.51374
0.51473
0.51682
0.51774
0.51873
0.52074
0.52175
0.52373
0.52474
0.52672
0.52766
0.52975
0.53074
0.53173
0.53379
0.53473
0.53672
0.53772
0.53972
0.54072
0.54174
0.54373
0.54466
0.54671
0.54774
0.54976
0.55076
0.55272
0.55372
0.55471
0.55673
0.55771
0.55974
0.56075
0.56273
0.56377
0.56573
0.56672
0.56776
0.56974
0.5707
0.57274
0.57377
0.57579
0.57674
0.57869
0.57991
0.58076
0.58278
0.58378
0.58571
0.58673
0.58875
0.58978
0.59075
0.59271
0.59375
0.59575
0.59675
0.59874
0.59974
0.60182
0.60275
0.60372
0.60574
0.60675
0.60878
0.60968
0.61174
0.61273
0.61472
0.61574
0.61671
0.61875
0.61974
0.62175
0.62272
0.62469
0.62569
0.62781
0.62876
0.62975
0.63175
0.63272
0.63477
0.63571
0.63774
0.63868
0.63968
0.64166
0.64275
0.64475
0.64573
0.64772
0.64866
0.65077
0.65171
0.65273
0.65475
0.65573
0.65772
0.65869
0.66073
0.66176
0.6627
0.66468
0.66568
0.66778
0.66871
0.67071
0.67175
0.67393
0.67473
0.67571
0.67771
0.67873
0.68072
0.68174
0.68377
0.68476
0.68674
0.68772
0.68873
0.69074
0.69173
0.69375
0.69475
0.69675
0.69774
0.69973
0.70078
0.7018
0.70376
0.7047
0.70677
0.70771
0.70976
0.71074
0.71172
0.71375
0.71475
0.71674
0.71772
0.71972
0.72075
0.72276
0.72373
0.7247
0.72674
0.7277
0.72974
0.73073
0.73275
0.73375
0.73574
0.73673
0.73771
0.73971
0.74072
0.74276
0.74369
0.74568
0.74665
0.74875
0.74974
0.75075
0.75278
0.75378
0.75573
0.75671
0.75871
0.75973
0.76074
0.76273
0.76371
0.76574
0.76674
0.76882
0.76974
0.77175
0.77273
0.77374
0.77573
0.77675
0.77871
0.77977
0.78174
0.78274
0.78373
0.78572
0.78676
0.78869
0.78966
0.79177
0.79275
0.79475
0.79574
0.79674
0.79875
0.79972
0.80174
0.80273
0.80472
0.8057
0.80769
0.80868
0.80966
0.81175
0.81276
0.81494
0.81576
0.81779
0.81873
0.82074
0.82173
0.82273
0.82476
0.82571
0.82775
0.82873
0.83071
0.83173
0.8327
0.83478
0.83574
0.83774
0.83871
0.84074
0.84173
0.84372
0.84466
0.84575
0.84774
0.84873
0.85074
0.85174
0.85376
0.85471
0.85673
0.85773
0.85871
0.86072
0.86189
0.86375
0.86473
0.86673
0.86776
0.86872
0.87074
0.87175
0.87375
0.87474
0.87674
0.87771
0.87974
0.88071
0.88174
0.88373
0.88476
0.88674
0.88771
0.88975
0.89071
0.89276
0.89372
0.89471
0.89674
0.89773
0.89966
0.90072
0.90277
0.90371
0.90469
0.90677
0.90769
0.90978
0.91073
0.91277
0.91381
0.91577
0.91672
0.91775
0.91972
0.92074
0.92274
0.92372
0.92571
0.92672
0.92875
0.92967
0.93068
0.93277
0.93374
0.93573
0.93672
0.93873
0.93974
0.94075
0.94276
0.9437
0.94574
0.94672
0.9487
0.94975
0.95177
0.95273
0.95374
0.95588
0.95673
0.95875
0.95973
0.96173
0.96274
0.96474
0.96571
0.96673
0.96873
0.96968
0.97174
0.97273
0.97472
0.97574
0.97668
0.97867
0.97969
0.98175
0.98275
0.98474
0.9857
0.98768
0.98868
0.98966
0.99176
0.99275
0.99475
0.99573
0.99774
0.99874
1.0007
1.0078
1.0088
1.0108
1.0117
1.0137
1.0147
1.0157
1.0177
1.0188
1.0207
1.0217
1.0238
1.0247
1.0257
1.0277
1.0287
1.0307
1.0317
1.0337
1.0348
1.0367
1.0377
1.0387
1.0407
1.0417
1.0437
1.0447
1.0467
1.0477
1.0497
1.0507
1.0517
1.0538
1.0547
1.0567
1.0577
1.0597
1.0607
1.0628
1.0637
1.0647
1.0667
1.0677
1.0698
1.0707
1.0727
1.0737
1.0748
1.0767
1.0777
1.0797
1.0807
1.0827
1.0837
1.0858
1.0867
1.0877
1.0897
1.0907
1.0927
1.0937
1.0958
1.0968
1.0987
1.0997
1.1008
1.1027
1.1037
1.1057
1.1067
1.1087
1.1097
1.1117
1.1127
1.1138
1.1157
1.1167
1.1187
1.1198
1.1217
1.1227
1.1247
1.1258
1.1268
1.1287
1.1297
1.1317
1.1327
1.1348
1.1357
1.1377
1.1387
1.1397
1.1417
1.1427
1.1448
1.1457
1.1477
1.1487
1.1507
1.1517
1.1527
1.1548
1.1557
1.1577
1.1587
1.1607
1.1618
1.1637
1.1648
1.1658
1.1677
1.1687
1.1707
1.1718
1.1737
1.1748
1.1767
1.1777
1.1797
1.1807
1.1817
1.1837
1.1847
1.1867
1.1877
1.1897
1.1909
1.1917
1.1937
1.1948
1.1967
1.1977
1.1997
1.2007
1.2027
1.2037
1.2047
1.2067
1.2077
1.2097
1.2107
1.2127
1.2137
1.2157
1.2167
1.2178
1.2198
1.2208
1.2227
1.2237
1.2258
1.2267
1.2287
1.2297
1.2307
1.2327
1.2338
1.2358
1.2367
1.2388
1.2397
1.2418
1.2427
1.2437
1.2457
1.2467
1.2487
1.2498
1.2517
1.2527
1.2537
1.2558
1.2568
1.2587
1.2597
1.2617
1.2627
1.2637
1.2658
1.2668
1.2687
1.2697
1.2717
1.2727
1.2748
1.2757
1.2778
1.2788
1.2797
1.2817
1.2828
1.2848
1.2858
1.2877
1.2887
1.2897
1.2918
1.2927
1.2947
1.2957
1.2977
1.2987
1.3007
1.3017
1.3028
1.3047
1.3057
1.3077
1.3087
1.3107
1.3117
1.3137
1.3147
1.3157
1.3178
1.3187
1.3208
1.3217
1.3238
1.3248
1.3257
1.3277
1.3288
1.3308
1.3319
1.3338
1.3348
1.3368
1.3377
1.3387
1.3407
1.3417
1.3437
1.3447
1.3468
1.3477
1.3487
1.3508
1.3517
1.3537
1.3548
1.3567
1.3577
1.3597
1.3607
1.3617
1.3637
1.3647
1.3667
1.3677
1.3697
1.3708
1.3717
1.3738
1.3748
1.3768
1.3778
1.3798
1.3807
1.3817
1.3837
1.3848
1.3867
1.3877
1.3897
1.3907
1.3917
1.3938
1.3947
1.3968
1.3977
1.3997
1.4007
1.4027
1.4037
1.4047
1.4067
1.4077
1.4097
1.4107
1.4128
1.4137
1.4147
1.4167
1.4177
1.4197
1.4207
1.4228
1.4238
1.4259
1.4268
1.4278
1.4297
1.4307
1.4327
1.4337
1.4357
1.4368
1.4377
1.4397
1.4408
1.4427
1.4437
1.4457
1.4467
1.4477
1.4498
1.4508
1.4528
1.4537
1.4558
1.4567
1.4577
1.4598
1.4608
1.4628
1.4638
1.4657
1.4667
1.4688
1.4697
1.4707
1.4728
1.4737
1.4757
1.4767
1.4787
1.4797
1.4807
1.4827
1.4837
1.4858
1.4868
1.4887
1.4897
1.4917
1.4927
1.4938
1.4957
1.4967
1.4987
1.4997
1.5017
1.5028
1.5038
1.5057
1.5067
1.5088
1.5098
1.5117
1.5127
1.5137
1.5157
1.5167
1.5188
1.5197
1.5217
1.5228
1.5238
1.5258
1.5267
1.5288
1.5297
1.5317
1.5327
1.5347
1.5357
1.5367
1.5387
1.5397
1.5417
1.5428
1.5447
1.5457
1.5467
1.5487
1.5498
1.5517
1.5527
1.5548
1.5557
1.5567
1.5587
1.5597
1.5617
1.5627
1.5648
1.5657
1.5678
1.5688
1.5698
1.5717
1.5727
1.5748
1.5757
1.5777
1.5787
1.5797
1.5817
1.5827
1.5847
1.5858
1.5877
1.5887
1.5897
1.5917
1.5927
1.5947
1.5957
1.5977
1.5987
1.6007
1.6017
1.6027
1.6047
1.6058
1.6078
1.6088
1.6107
1.6117
1.6127
1.6148
1.6157
1.6177
1.6187
1.6208
1.6217
1.6237
1.6247
1.6257
1.6277
1.6287
1.6308
1.6317
1.6337
1.6347
1.6357
1.6377
1.6391
1.6407
1.6417
1.6437
1.6449
1.6458
1.6477
1.6487
1.6508
1.6518
1.6538
1.6547
1.6567
1.6577
1.6587
1.6607
1.6618
1.6637
1.6648
1.6668
1.6677
1.6687
1.6707
1.6717
1.6737
1.6747
1.6767
1.6777
1.6787
1.6807
1.6817
1.6837
1.6848
1.6867
1.6877
1.6897
1.6907
1.6917
1.6938
1.6948
1.6967
1.6977
1.6998
1.7008
1.7017
1.7038
1.7048
1.7067
1.7077
1.7098
1.7108
1.7117
1.7137
1.7147
1.7167
1.7177
1.7197
1.7208
1.7218
1.7237
1.7248
1.7268
1.7277
1.7298
1.7308
1.7327
1.7337
1.7347
1.7367
1.7377
1.7397
1.7407
1.7427
1.7437
1.7448
1.7467
1.7477
1.7497
1.7507
1.7527
1.7537
1.7547
1.7568
1.7577
1.7598
1.7607
1.7627
1.7638
1.7657
1.7667
1.7678
1.7697
1.7707
1.7728
1.7737
1.7757
1.7767
1.7777
1.7797
1.7807
1.7827
1.7837
1.7858
1.7868
1.7877
1.7897
1.7907
1.7927
1.7937
1.7957
1.7967
1.7987
1.7998
1.8007
1.8029
1.8038
1.8058
1.8067
1.8087
1.8097
1.8107
1.8128
1.8137
1.8157
1.8167
1.8188
1.8197
1.8217
1.8227
1.8237
1.8258
1.8267
1.8288
1.8297
1.8317
1.8327
1.8338
1.8357
1.8367
1.8388
1.8397
1.8417
1.8427
1.8448
1.8458
1.8468
1.8487
1.85
1.8518
1.8527
1.8547
1.8558
1.8577
1.8587
1.8598
1.8617
1.8627
1.8647
1.8658
1.8678
1.8687
1.8697
1.8717
1.8727
1.8747
1.8758
1.8777
1.8787
1.8807
1.8817
1.8827
1.8847
1.8857
1.8877
1.8887
1.8907
1.8917
1.8937
1.8947
1.8957
1.8978
1.8987
1.9008
1.9017
1.9037
1.9048
1.9058
1.9078
1.9087
1.9107
1.9117
1.9138
1.9147
1.9167
1.9178
1.9187
1.9208
1.9217
1.9238
1.9248
1.9267
1.9277
1.9297
1.9308
1.9317
1.9337
1.9348
1.9367
1.9377
1.9397
1.9408
1.9427
1.9438
1.9448
1.9467
1.9477
1.9497
1.9508
1.9527
1.9537
1.9558
1.9567
1.9578
1.9597
1.9607
1.9627
1.9637
1.9657
1.9667
1.9677
1.9698
1.9707
1.9727
1.9737
1.9758
1.9767
1.9787
1.9797
1.9807
1.9827
1.9837
1.9858
1.9867
1.9888
1.9897
1.9908
1.9927
1.9937
1.9957
1.9967
1.9988
1.9997
2.0017
2.0027
2.0037
2.0058
2.0068
2.0087
2.0097
2.0118
2.0127
2.0138
2.0157
2.0167
2.0188
2.0197
2.0218
2.0227
2.0248
2.0258
2.0267
2.0287
2.0297
2.0317
2.0328
2.0348
2.0358
2.038
2.0388
2.0397
2.0417
2.0427
2.0447
2.0458
2.0477
2.0487
2.0498
2.0518
2.0527
2.0547
2.0557
2.0577
2.0587
2.0608
2.0618
2.0627
2.0648
2.0657
2.0677
2.0687
2.0708
2.0717
2.0727
2.0747
2.0758
2.0777
2.0787
2.0807
2.0817
2.0838
2.0848
2.0857
2.0877
2.0887
2.0908
2.0917
2.0937
2.0947
2.0967
2.0979
2.0987
2.1007
2.1017
2.1037
2.1047
2.1067
2.1077
2.1097
2.1107
2.1117
2.1137
2.1147
2.1167
2.1178
2.1198
2.1207
2.1217
2.1237
2.1247
2.1268
2.1277
2.1297
2.1307
2.1328
2.1338
2.1347
2.1368
2.1378
2.1397
2.1408
2.1428
2.1438
2.1457
2.1467
2.1477
2.1498
2.1507
2.1527
2.1537
2.1557
2.1567
2.1588
2.1597
2.1607
2.1627
2.1637
2.1658
2.1667
2.1688
2.1697
2.1718
2.1727
2.1737
2.1758
2.1768
2.1789
2.1798
2.1817
2.1827
2.1847
2.1857
2.1867
2.1887
2.1898
2.1917
2.1927
2.1948
2.1957
2.1977
2.1987
2.1998
2.2017
2.2027
2.2047
2.2057
2.2077
2.2087
2.2107
2.2117
2.2127
2.2148
2.2157
2.2178
2.2187
2.2207
2.2218
2.2227
2.2248
2.2259
2.2278
2.2287
2.2307
2.2317
2.2338
2.2347
2.2357
2.2377
2.2387
2.2407
2.2417
2.2437
2.2448
2.2458
2.2477
2.2487
2.2507
2.2517
2.2537
2.2548
2.2568
2.2577
2.2587
2.2607
2.2617
2.2638
2.2647
2.2667
2.2678
2.2688
2.2707
2.2717
2.2738
2.2748
2.2767
2.2777
2.2797
2.2807
2.2817
2.2837
2.2848
2.2868
2.2878
2.2898
2.2907
2.2927
2.2937
2.2947
2.2967
2.2977
2.2997
2.3007
2.3028
2.3038
2.3047
2.3067
2.3077
2.3098
2.3107
2.3127
2.3138
2.3157
2.3167
2.3177
2.3199
2.3208
2.3228
2.3237
2.3258
2.3267
2.3287
2.3298
2.3308
2.3327
2.3337
2.3357
2.3367
2.3387
2.3397
2.3407
2.3428
2.3437
2.3458
2.3467
2.3488
2.3498
2.3517
2.3527
2.3537
2.3558
2.3567
2.3587
2.3597
2.3618
2.3628
2.3637
2.3657
2.3668
2.3687
2.3698
2.3717
2.3727
2.3747
2.3757
2.3767
2.3788
2.3797
2.3817
2.3827
2.3848
2.3857
2.3877
2.3887
2.3897
2.3917
2.3927
2.3947
2.3957
2.3977
2.3987
2.3997
2.4018
2.4028
2.4047
2.4057
2.4077
2.4087
2.4107
2.4117
2.4127
2.4148
2.4158
2.4177
2.4187
2.4207
2.4217
2.4227
2.4248
2.4258
2.4277
2.4287
2.4307
2.4317
2.4337
2.4347
2.4357
2.4377
2.4387
2.4407
2.4417
2.4437
2.4448
2.4458
2.4477
2.4488
2.4508
2.4518
2.4537
2.4547
2.4567
2.4577
2.4587
2.4609
2.4617
2.4637
2.4651
2.4668
2.4678
2.4698
2.4707
2.4717
2.4737
2.4747
2.4768
2.4777
2.4798
2.4808
2.4818
2.4837
2.4847
2.4868
2.4877
2.4897
2.4907
2.4927
2.4937
2.4948
2.4967
2.4977
2.4997
2.5007
2.5028
2.5037
2.5058
2.5068
2.5078
2.5097
2.5107
2.5127
2.5138
2.5157
2.5167
2.5178
2.5198
2.5207
2.5228
2.5238
2.5257
2.5267
2.5288
2.5297
2.5307
2.5327
2.5338
2.5357
2.5367
2.5387
2.5397
2.5408
2.5427
2.5437
2.5458
2.5467
2.5487
2.5499
2.5517
2.5527
2.5537
2.5558
2.5567
2.5589
2.5598
2.5617
2.5627
2.5647
2.5657
2.5677
2.5687
2.5697
2.5717
2.5727
2.5748
2.5757
2.5777
2.5787
2.5797
2.5817
2.5827
2.5847
2.5857
2.5877
2.5887
2.5907
2.5917
2.5927
2.5948
2.5957
2.5977
2.5987
2.6007
2.6017
2.6037
2.6048
2.6057
2.6078
2.6087
2.6108
2.6117
2.6137
2.6147
2.6168
2.6178
2.6187
2.6207
2.6217
2.6238
2.6248
2.6268
2.6277
2.6298
2.6308
2.6318
2.6337
2.6347
2.6367
2.6377
2.6397
2.6407
2.6427
2.6438
2.6447
2.6468
2.6478
2.6498
2.6507
2.6529
2.6538
2.6548
2.6568
2.6578
2.6597
2.6607
2.6627
2.6637
2.6658
2.6668
2.6677
2.6698
2.6707
2.6727
2.6737
2.6758
2.6767
2.6787
2.6797
2.6807
2.6827
2.6837
2.6857
2.6868
2.6887
2.6897
2.6907
2.6927
2.6937
2.6957
2.6967
2.6987
2.6999
2.7017
2.7027
2.7037
2.7057
2.7067
2.7088
2.7098
2.7117
2.7127
2.7147
2.7157
2.7167
2.7187
2.7197
2.7217
2.7227
2.7248
2.7257
2.7267
2.7287
2.7297
2.7317
2.7327
2.7347
2.7358
2.7378
2.7387
2.7397
2.7417
2.7428
2.7448
2.7457
2.7477
2.7488
2.7508
2.7518
2.7528
2.7548
2.7557
2.7577
2.7587
2.7607
2.7617
2.7627
2.7648
2.7658
2.7678
2.7687
2.7708
2.7718
2.7737
2.7747
2.7757
2.7778
2.7787
2.7808
2.7817
2.7837
2.7848
2.7858
2.7877
2.7887
2.7907
2.7917
2.7939
2.7947
2.7967
2.7978
2.7987
2.8007
2.8017
2.8037
2.8048
2.8067
2.8078
2.8098
2.8107
2.8117
2.8137
2.8147
2.8167
2.8178
2.8197
2.8207
2.8227
2.8237
2.8247
2.8267
2.8277
2.8298
2.8307
2.8327
2.8337
2.8347
2.8368
2.8377
2.8398
2.8408
2.8428
2.8437
2.8458
2.8467
2.8478
2.8498
2.8507
2.8527
2.8538
2.8558
2.8568
2.8578
2.8597
2.8607
2.8627
2.8637
2.8657
2.8667
2.8688
2.8698
2.8707
2.8727
2.8737
2.8758
2.8768
2.8787
2.8797
2.8817
2.8827
2.8838
2.8858
2.8867
2.8888
2.8897
2.8918
2.8928
2.8938
2.8957
2.8967
2.8987
2.8997
2.9017
2.9027
2.9047
2.9058
2.9067
2.9088
2.9098
2.9117
2.9127
2.9148
2.9157
2.9177
2.9187
2.9198
2.9217
2.9227
2.9248
2.9258
2.9277
2.9287
2.9297
2.9318
2.9328
2.9351
2.9357
2.9377
2.9388
2.9408
2.9417
2.9427
2.9447
2.9458
2.9477
2.9487
2.9508
2.9517
2.9538
2.9548
2.9557
2.9577
2.9587
2.9607
2.9617
2.9637
2.9648
2.9668
2.9678
2.9688
2.9707
2.9717
2.9737
2.9747
2.9767
2.9777
2.9787
2.9807
2.9819
2.9838
2.9848
2.9867
2.9878
2.9897
2.9907
2.9917
2.9937
2.9947
2.9967
2.9977
2.9997
3.0008
3.0017
3.0037
3.0048
3.0067
3.0078
3.0098
3.0107
3.0127
3.0137
3.0147
3.0167
3.0177
3.0198
3.0207
3.0227
3.0237
3.0258
3.0267
3.0277
3.0297
3.0307
3.0328
3.0337
3.0358
3.0367
3.0377
3.0398
3.0407
3.0427
3.0437
3.0458
3.0467
3.0487
3.0497
3.0507
3.0527
3.0537
3.0557
3.0567
3.0588
3.0598
3.0617
3.0627
3.0637
3.0658
3.0667
3.0688
3.0697
3.0718
3.0727
3.0738
3.0759
3.0767
3.0787
3.0797
3.0818
3.0827
3.0847
3.0857
3.0867
3.0887
3.0897
3.0918
3.0927
3.0948
3.0957
3.0967
3.0987
3.0997
3.1017
3.1028
3.1047
3.1058
3.1077
3.1088
3.1097
3.1118
3.1127
3.1148
3.1157
3.1177
3.1187
3.1207
3.1218
3.1228
3.1248
3.1258
3.1278
3.1288
3.1308
3.1317
3.1327
3.1347
3.1357
3.1377
3.1387
3.1407
3.1417
3.1437
3.1448
3.1457
3.1477
3.1487
3.1508
3.1518
3.1537
3.1547
3.1567
3.1577
3.1587
3.1607
3.1617
3.1638
3.1648
3.1667
3.1677
3.1687
3.1708
3.1718
3.1738
3.1747
3.1767
3.1777
3.1787
3.1808
3.1817
3.1838
3.1848
3.1867
3.1877
3.1897
3.1907
3.1917
3.1937
3.1947
3.1967
3.1978
3.1997
3.2007
3.2027
3.2037
3.2048
3.2067
3.2077
3.2097
3.2107
3.2127
3.2137
3.2148
3.2168
3.2178
3.2197
3.2208
3.2228
3.2237
3.2258
3.2268
3.2277
3.2297
3.2307
3.2328
3.2337
3.2358
3.2367
3.2388
3.2397
3.2407
3.2427
3.2437
3.2458
3.2468
3.2488
3.2498
3.2508
3.2527
3.2537
3.2557
3.2567
3.2587
3.2597
3.2617
3.2627
3.2638
3.2658
3.2668
3.2688
3.2697
3.2718
3.2727
3.2737
3.2758
3.2768
3.2787
3.2797
3.2817
3.2827
3.2848
3.2858
3.2867
3.2887
3.2897
3.2917
3.2927
3.2947
3.2958
3.2977
3.2987
3.2998
3.3017
3.3027
3.3048
3.3058
3.3078
3.3087
3.3097
3.3118
3.3128
3.3147
3.3157
3.3177
3.3188
3.3207
3.3217
3.3227
3.3248
3.3257
3.3278
3.3287
3.3308
3.3317
3.3327
3.3347
3.3357
3.3377
3.3387
3.3407
3.3417
3.3438
3.3448
3.3458
3.3477
3.3488
3.3507
3.3517
3.3537
3.3547
3.3558
3.3582
3.3587
3.3607
3.3617
3.3637
3.3648
3.3668
3.3678
3.3687
3.3707
3.3717
3.3738
3.3748
3.3767
3.3777
3.3797
3.3808
3.3817
3.3838
3.3848
3.3867
3.3877
3.3897
3.3907
3.3917
3.3938
3.3947
3.3967
3.3977
3.3998
3.4008
3.4027
3.4037
3.4048
3.4067
3.4077
3.4098
3.4108
3.4128
3.4138
3.4158
3.4167
3.4178
3.4197
3.4208
3.4227
3.4237
3.4257
3.4268
3.4278
3.4298
3.4307
3.4328
3.4338
3.4357
3.4368
3.4377
3.4397
3.4407
3.4427
3.4437
3.4458
3.4468
3.4488
3.4497
3.4507
3.4528
3.4538
3.4558
3.4568
3.4587
3.4598
3.4608
3.4628
3.4637
3.4658
3.4668
3.4688
3.4698
3.4718
3.4727
3.4738
3.4757
3.4767
3.4787
3.4798
3.4817
3.4827
3.4848
3.4858
3.4867
3.4887
3.4897
3.4918
3.4927
3.4947
3.4957
3.4967
3.4989
3.4998
3.5018
3.5028
3.5048
3.5058
3.5078
3.5088
3.5097
3.5117
3.5127
3.5147
3.5158
3.5178
3.5187
3.5198
3.5217
3.5227
3.5248
3.5258
3.5277
3.5287
3.5308
3.5317
3.5327
3.5347
3.5357
3.5377
3.5387
3.5407
3.5417
3.5427
3.5448
3.5458
3.5478
3.5487
3.5508
3.5517
3.5538
3.5548
3.5557
3.5577
3.5587
3.5608
3.5617
3.5637
3.5648
3.5657
3.5677
3.5688
3.5708
3.5717
3.5737
3.5747
3.5769
3.5778
3.5787
3.5807
3.5817
3.5837
3.5847
3.5867
3.5877
3.5887
3.5908
3.5917
3.5938
3.5948
3.5967
3.5977
3.5997
3.6007
3.6017
3.6037
3.6048
3.6067
3.6077
3.6097
3.6107
3.6127
3.6138
3.6147
3.6167
3.6178
3.6198
3.6208
3.6227
3.6237
3.6258
3.6267
3.6278
3.6297
3.6307
3.6327
3.6337
3.6357
3.6367
3.6387
3.6398
3.6408
3.6428
3.6437
3.6458
3.6467
3.6487
3.6498
3.6507
3.6528
3.6537
3.6557
3.6568
3.6587
3.6597
3.6617
3.6627
3.6637
3.6658
3.6668
3.6688
3.6697
3.6717
3.6728
3.6747
3.6757
3.6767
3.6788
3.6798
3.6817
3.6827
3.6847
3.6858
3.6878
3.6887
3.6897
3.6917
3.6927
3.6948
3.6957
3.6978
3.6987
3.7007
3.7017
3.7028
3.7048
3.7058
3.7077
3.7087
3.7108
3.7118
3.7138
3.7148
3.7157
3.7178
3.7188
3.7207
3.7217
3.7237
3.7248
3.7257
3.7277
3.7287
3.7307
3.7317
3.7339
3.7348
3.7367
3.7377
3.7387
3.7408
3.7417
3.7437
3.7448
3.7468
3.7477
3.7498
3.7508
3.7517
3.7537
3.7547
3.7567
3.7578
3.7598
3.7608
3.7627
3.7637
3.7648
3.7668
3.7678
3.7697
3.7708
3.7727
3.7738
3.7747
3.7767
3.7777
3.7798
3.781
3.7827
3.7837
3.7858
3.7868
3.7877
3.7898
3.7908
3.7928
3.7937
3.7958
3.7967
3.7988
3.7997
3.8007
3.8027
3.8038
3.8058
3.8067
3.8087
3.8099
3.8118
3.8127
3.8137
3.8157
3.8168
3.8188
3.8198
3.8217
3.8227
3.8248
3.8257
3.8267
3.8288
3.8298
3.8317
3.8328
3.8348
3.8358
3.8378
3.8388
3.8397
3.8417
3.8427
3.8448
3.8458
3.8477
3.8488
3.8508
3.8517
3.8527
3.8547
3.8557
3.8577
3.8587
3.8608
3.8618
3.8637
3.8648
3.8668
3.8678
3.8688
3.8707
3.8718
3.8737
3.8749
3.8767
3.8777
3.8787
3.8808
3.8817
3.8838
3.8848
3.8867
3.8877
3.8898
3.8907
3.8917
3.8937
3.8947
3.8968
3.8977
3.8998
3.9008
3.9027
3.9037
3.9047
3.9068
3.9077
3.9097
3.9107
3.9127
3.9137
3.9158
3.9167
3.9178
3.9198
3.9207
3.9228
3.9238
3.9258
3.9268
3.9278
3.9298
3.9307
3.9327
3.9337
3.9358
3.9367
3.9387
3.9397
3.9408
3.9427
3.9437
3.9458
3.9467
3.9487
3.9498
3.9507
3.9527
3.9538
3.9557
3.9567
3.9587
3.9597
3.9617
3.9627
3.9638
3.9658
3.9667
3.969
3.9698
3.9718
3.9728
3.9748
3.9757
3.9767
3.9787
3.9798
3.9817
3.9827
3.9848
3.9858
3.9868
3.9888
3.9897
3.9918
3.9927
3.9948
3.9957
3.9977
3.9987
3.9998
4.0017
4.0027
4.0048
4.0058
4.0077
4.0087
4.0098
4.0118
4.0128
4.0147
4.0158
4.0178
4.0187
4.0208
4.0217
4.0227
4.0248
4.0257
4.0278
4.0288
4.0309
4.0318
4.0338
4.0348
4.0358
4.0378
4.0387
4.0407
4.0418
4.0438
4.0448
4.0458
4.0478
4.0487
4.0507
4.0518
4.0538
4.0547
4.0567
4.0577
4.0588
4.0607
4.0617
4.0638
4.0648
4.0668
4.0678
4.0698
4.0707
4.0717
4.0738
4.0747
4.0768
4.0778
4.0798
4.0807
4.0817
4.0837
4.0848
4.0868
4.0878
4.0897
4.0908
4.0928
4.0938
4.0947
4.0967
4.0977
4.0997
4.1008
4.1028
4.1037
4.1047
4.1067
4.1077
4.11
4.1108
4.1127
4.1137
4.1157
4.1167
4.1178
4.1197
4.1208
4.1227
4.1237
4.1258
4.1267
4.1288
4.1297
4.1308
4.1328
4.1338
4.1359
4.137
4.1388
4.1398
4.1408
4.1428
4.1437
4.1458
4.1468
4.1487
4.1497
4.1508
4.1527
4.1538
4.1557
4.157
4.1588
4.1598
4.1618
4.1627
4.1637
4.1658
4.1668
4.1688
4.1698
4.1718
4.1728
4.1747
4.1757
4.1767
4.1788
4.1797
4.1817
4.1827
4.1848
4.1858
4.1868
4.1888
4.1898
4.1917
4.1927
4.1947
4.1957
4.1978
4.1988
4.1997
4.2017
4.2027
4.2048
4.2058
4.2077
4.2087
4.2097
4.2117
4.2127
4.2148
4.2157
4.2177
4.2187
4.2207
4.2217
4.2227
4.2248
4.2258
4.2277
4.2287
4.2307
4.2317
4.2338
4.2348
4.2357
4.2378
4.2388
4.2408
4.2418
4.2437
4.2448
4.2468
4.2478
4.2488
4.251
4.2518
4.2537
4.2547
4.2568
4.2577
4.2587
4.2607
4.2617
4.2637
4.2647
4.2668
4.2678
4.2698
4.2708
4.2717
4.2737
4.2747
4.2768
4.2777
4.2798
4.2808
4.2827
4.2838
4.2848
4.2868
4.2877
4.2897
4.2908
4.2927
4.2938
4.2948
4.2967
4.2979
4.2998
4.3007
4.3027
4.3038
4.3058
4.3067
4.3077
4.3097
4.3107
4.3128
4.3138
4.3157
4.3167
4.3188
4.3197
4.3207
4.3227
4.3237
4.3257
4.3267
4.3288
4.3298
4.3308
4.3327
4.3337
4.3357
4.3368
4.3387
4.3397
4.3417
4.3427
4.3437
4.3458
4.3468
4.3487
4.3498
4.3517
4.3527
4.3548
4.3558
4.3568
4.3587
4.3597
4.3617
4.3628
4.3648
4.3658
4.3668
4.3687
4.3698
4.3718
4.3727
4.3748
4.3757
4.3777
4.3788
4.3798
4.3817
4.3827
4.3848
4.3858
4.3878
4.3888
4.3898
4.3919
4.3928
4.3948
4.3958
4.3978
4.3987
4.4007
4.4017
4.4028
4.4048
4.4058
4.4078
4.4087
4.4107
4.4117
4.4137
4.4147
4.4157
4.4178
4.4188
4.4208
4.4217
4.4237
4.4248
4.4257
4.4277
4.4287
4.4308
4.4317
4.4337
4.4347
4.4368
4.4377
4.4389
4.4408
4.4418
4.4437
4.4448
4.4468
4.4477
4.4487
4.4508
4.4517
4.4538
4.4547
4.4567
4.4577
4.4598
4.4607
4.4617
4.4638
4.4648
4.4668
4.4678
4.4698
4.4707
4.4717
4.4738
4.4748
4.4768
4.4777
4.4798
4.4808
4.4827
4.4838
4.4848
4.4868
4.4878
4.4898
4.4908
4.4928
4.4937
4.4958
4.4967
4.4977
4.4998
4.5008
4.5028
4.5038
4.5058
4.5067
4.5087
4.5097
4.5107
4.5128
4.5138
4.5157
4.5167
4.5187
4.5197
4.5208
4.5227
4.5238
4.5258
4.5267
4.5288
4.5298
4.5308
4.5328
4.5338
4.5358
4.5367
4.5387
4.5398
4.5417
4.5427
4.5438
4.5458
4.5468
4.5488
4.5498
4.5517
4.5527
4.5547
4.5558
4.5568
4.5588
4.5598
4.5617
4.5627
4.5648
4.5658
4.5667
4.5687
4.5698
4.5718
4.5727
4.5747
4.5758
4.5777
4.5787
4.58
4.5817
4.5827
4.5848
4.5858
4.5877
4.5887
4.5897
4.5917
4.5927
4.5947
4.5957
4.5977
4.5988
4.6007
4.6017
4.6027
4.6047
4.6058
4.6077
4.6087
4.6108
4.6117
4.6127
4.6148
4.6158
4.6178
4.6188
4.6208
4.6217
4.6237
4.6247
4.6257
4.6278
4.6287
4.6307
4.6317
4.6337
4.6347
4.6357
4.6378
4.6388
4.6407
4.6417
4.6437
4.6448
4.6468
4.6477
4.6488
4.6507
4.6518
4.6538
4.6548
4.6567
4.6577
4.6587
4.6607
4.6618
4.6638
4.6647
4.6668
4.6678
4.6698
4.6708
4.6718
4.6737
4.6748
4.6767
4.6778
4.6798
4.681
4.6818
4.6838
4.6847
4.6867
4.6877
4.6897
4.6907
4.6928
4.6938
4.6948
4.6967
4.6977
4.6998
4.7008
4.7027
4.7037
4.7048
4.7067
4.7077
4.7097
4.7108
4.7128
4.7138
4.7158
4.7167
4.7178
4.7197
4.7208
4.7228
4.7238
4.7258
4.7268
4.7279
4.7297
4.7308
4.7328
4.7338
4.7357
4.7368
4.7388
4.7398
4.7407
4.7428
4.7437
4.7457
4.7467
4.7488
4.7498
4.7508
4.7528
4.7538
4.7558
4.7567
4.7587
4.7597
4.7617
4.7627
4.7637
4.7657
4.7667
4.7688
4.7697
4.7718
4.7727
4.7749
4.7758
4.7768
4.7788
4.7798
4.7817
4.7827
4.7847
4.7858
4.7867
4.7887
4.7898
4.7917
4.7928
4.7948
4.7957
4.7967
4.7987
4.7997
4.8017
4.8028
4.8048
4.8057
4.8067
4.8087
4.8098
4.8118
4.8128
4.8148
4.8158
4.8178
4.8187
4.8198
4.8219
4.8228
4.8248
4.8257
4.8278
4.8288
4.8308
4.8318
4.8328
4.8348
4.8358
4.8377
4.8387
4.8407
4.8417
4.8437
4.8447
4.8457
4.8478
4.8488
4.8507
4.8517
4.8537
4.8548
4.8558
4.8577
4.8588
4.8608
4.8618
4.8637
4.8648
4.8668
4.8678
4.8691
4.8708
4.8718
4.8738
4.8748
4.8767
4.8777
4.8797
4.8807
4.8818
4.8837
4.8847
4.8867
4.8877
4.8898
4.8907
4.8917
4.8937
4.8948
4.8967
4.8977
4.8998
4.9008
4.9028
4.9038
4.9047
4.9067
4.9077
4.9098
4.9107
4.9128
4.9138
4.9159
4.9168
4.9178
4.9198
4.9207
4.9227
4.9237
4.9257
4.9268
4.9277
4.9298
4.9308
4.9328
4.9338
4.9357
4.9367
4.9388
4.9397
4.9407
4.9428
4.9438
4.9457
4.9467
4.9488
4.9498
4.9517
4.9528
4.9538
4.9558
4.9567
4.9588
4.9597
4.9617
4.9629
4.9638
4.9657
4.9667
4.9688
4.9697
4.9717
4.9728
4.9748
4.9758
4.9777
4.9787
4.9798
4.9817
4.9827
4.9848
4.9858
4.9878
4.9887
4.9897
4.9917
4.9928
4.9948
4.9957
4.9977
4.9988
5.0008
5.0058
5.0078
5.0087
5.0108
5.0118
5.0138
5.0148
5.0158
5.0178
5.0188
5.0207
5.0217
5.0238
5.0248
5.0267
5.0278
5.0288
5.0308
5.0318
5.0338
5.0347
5.0367
5.0377
5.0398
5.0407
5.0418
5.0437
5.0447
5.0467
5.0477
5.0497
5.0507
5.0517
5.0538
5.0548
5.0569
5.0578
5.0597
5.0608
5.0628
5.0637
5.0647
5.0667
5.0678
5.0698
5.0708
5.0728
5.0738
5.0748
5.0768
5.0778
5.0797
5.0808
5.0827
5.0838
5.0858
5.0868
5.0878
5.0898
5.0908
5.0928
5.0938
5.0957
5.0967
5.0987
5.0997
5.1007
5.1028
5.1039
5.1058
5.1068
5.1087
5.1097
5.1107
5.1127
5.1138
5.1158
5.1167
5.1187
5.1198
5.1217
5.1228
5.1238
5.1257
5.1267
5.1288
5.1297
5.1317
5.1327
5.1347
5.1357
5.1367
5.1387
5.1397
5.1418
5.1428
5.1447
5.1458
5.1477
5.1488
5.1498
5.1518
5.1528
5.1548
5.1558
5.1578
5.1588
5.1597
5.1617
5.1627
5.1647
5.1657
5.1678
5.1688
5.1697
5.1717
5.1727
5.1748
5.1758
5.1778
5.1787
5.1807
5.1818
5.1827
5.1847
5.1857
5.1878
5.1888
5.1908
5.1917
5.1939
5.1948
5.1957
5.198
5.1988
5.2008
5.2018
5.2037
5.2048
5.2067
5.2077
5.2087
5.2107
5.2117
5.2138
5.2148
5.2168
5.2178
5.2197
5.2208
5.2217
5.2237
5.2247
5.2267
5.2278
5.2297
5.2308
5.2318
5.2338
5.2348
5.2368
5.2377
5.2398
5.2407
5.2427
5.2437
5.245
5.2468
5.2478
5.2498
5.2508
5.2528
5.2538
5.2548
5.2567
5.2578
5.2597
5.2607
5.2628
5.2638
5.2658
5.2668
5.2688
5.2697
5.2707
5.2728
5.2738
5.2758
5.2768
5.2788
5.2797
5.2817
5.2827
5.2837
5.2858
5.2867
5.2887
5.2897
5.2918
5.2928
5.2948
5.2958
5.2967
5.2987
5.2998
5.3017
5.3028
5.3047
5.3058
5.3078
5.3088
5.3098
5.3118
5.3128
5.3148
5.3158
5.3178
5.3188
5.3208
5.3218
5.3227
5.3247
5.3257
5.3278
5.3288
5.3308
5.3317
5.3338
5.3348
5.3358
5.3377
5.3388
5.3408
5.3417
5.3437
5.3448
5.3458
5.3477
5.3487
5.3508
5.3517
5.3537
5.3548
5.3567
5.3578
5.3587
5.3608
5.3617
5.3637
5.3648
5.3668
5.3678
5.3688
5.3708
5.3718
5.3737
5.3748
5.3768
5.3777
5.3798
5.3807
5.3817
5.3837
5.3847
5.3868
5.3878
5.3898
5.3907
5.3927
5.3938
5.3948
5.3967
5.3977
5.3997
5.4007
5.4027
5.4038
5.4058
5.4067
5.4077
5.4097
5.4108
5.4128
5.4138
5.4158
5.4168
5.4178
5.4198
5.4208
5.4227
5.4237
5.4258
5.4268
5.4287
5.4298
5.4308
5.433
5.4338
5.4358
5.4367
5.4387
5.4397
5.4417
5.4427
5.4437
5.4458
5.4467
5.4488
5.4498
5.4517
5.4527
5.4538
5.4558
5.4567
5.4588
5.4598
5.4618
5.4627
5.4647
5.4658
5.4667
5.4688
5.4698
5.4718
5.4728
5.4748
5.4758
5.4777
5.4787
5.4801
5.4817
5.4827
5.4847
5.4857
5.4878
5.4888
5.4898
5.4917
5.4927
5.4948
5.4958
5.4977
5.4987
5.5007
5.5017
5.5038
5.5048
5.5057
5.5078
5.5087
5.5107
5.5117
5.5138
5.5148
5.5168
5.5178
5.5187
5.5208
5.5217
5.5238
5.5247
5.5268
5.5278
5.5297
5.5308
5.5317
5.5338
5.5348
5.5368
5.5377
5.5398
5.5408
5.5417
5.5438
5.5448
5.5468
5.5477
5.5498
5.5508
5.5528
5.5538
5.5548
5.5568
5.5577
5.5598
5.5608
5.5627
5.5638
5.5657
5.5668
5.5678
5.5697
5.5707
5.5727
5.5737
5.5758
5.5768
5.5787
5.5797
5.5808
5.5827
5.5837
5.5858
5.5868
5.5888
5.5898
5.5917
5.5927
5.5937
5.5957
5.5967
5.5988
5.5998
5.6017
5.6027
5.6037
5.6058
5.6067
5.6087
5.6097
5.6117
5.6127
5.6148
5.6158
5.6168
5.6188
5.6198
5.6218
5.6227
5.6247
5.6258
5.6277
5.6287
5.6297
5.6317
5.6328
5.6348
5.6358
5.6378
5.6387
5.6407
5.6417
5.6427
5.6447
5.6457
5.6478
5.6488
5.6508
5.6518
5.6538
5.6547
5.6558
5.6577
5.6587
5.6607
5.6618
5.6638
5.6648
5.6658
5.668
5.6688
5.6708
5.6718
5.6738
5.6748
5.6768
5.6777
5.6787
5.6808
5.6818
5.6838
5.6848
5.6868
5.6877
5.6897
5.6908
5.6918
5.6938
5.6948
5.6967
5.6977
5.6997
5.7007
5.7028
5.7038
5.7047
5.7067
5.7077
5.7097
5.7108
5.7127
5.7138
5.7149
5.7168
5.7178
5.7198
5.7208
5.7228
5.7237
5.7258
5.7268
5.7277
5.7297
5.7307
5.7327
5.7338
5.7358
5.7368
5.7388
5.7397
5.7407
5.7428
5.7438
5.7457
5.7468
5.7488
5.7498
5.7518
5.7527
5.7538
5.7558
5.7567
5.7587
5.7597
5.7619
5.7628
5.7648
5.7658
5.7667
5.7688
5.7697
5.7717
5.7727
5.7748
5.7757
5.7777
5.7788
5.7797
5.7817
5.7827
5.7848
5.7858
5.7878
5.7888
5.7908
5.7917
5.7927
5.7948
5.7958
5.7977
5.7987
5.8007
5.8017
5.8038
5.8048
5.8058
5.8077
5.8088
5.8108
5.8117
5.8138
5.8148
5.8168
5.8178
5.8188
5.8208
5.8217
5.8238
5.8248
5.8268
5.8277
5.8298
5.8307
5.8318
5.8338
5.8348
5.8368
5.8378
5.8398
5.8407
5.8428
5.8438
5.8448
5.8468
5.8478
5.8498
5.8508
5.8528
5.8538
5.8559
5.8568
5.8578
5.8597
5.8607
5.8628
5.8638
5.8658
5.8667
5.8688
5.8698
5.8708
5.8728
5.8737
5.8757
5.8768
5.8788
5.8797
5.8808
5.8827
5.8837
5.8857
5.8867
5.8887
5.8897
5.8918
5.8928
5.8938
5.8958
5.8967
5.8987
5.8998
5.9017
5.9029
5.9047
5.9058
5.9067
5.9087
5.9097
5.9117
5.9128
5.9148
5.9157
5.9177
5.9188
5.9198
5.9217
5.9227
5.9247
5.9257
5.9277
5.9287
5.9297
5.9317
5.9328
5.9348
5.9358
5.9378
5.9387
5.9407
5.9417
5.9427
5.9447
5.9457
5.9478
5.9488
5.9508
5.9518
5.9538
5.9548
5.9558
5.9577
5.9587
5.9608
5.9617
5.9637
5.9647
5.9658
5.9678
5.9688
5.9708
5.9718
5.9738
5.9747
5.9768
5.9777
5.9787
5.9807
5.9818
5.9837
5.9847
5.9868
5.9878
5.9897
5.9908
5.9918
5.9938
5.9948
5.9969
5.9978
5.9997
6.0008
6.0028
6.0038
6.0048
6.0067
6.0077
6.0097
6.0108
6.0128
6.0138
6.0158
6.0168
6.0178
6.0198
6.0207
6.0227
6.0238
6.0257
6.0268
6.0277
6.0297
6.0307
6.0328
6.0339
6.0358
6.0368
6.0388
6.0397
6.0407
6.0428
6.044
6.0458
6.0468
6.0488
6.0498
6.0518
6.0528
6.0538
6.0558
6.0567
6.0587
6.0597
6.0617
6.0627
6.0638
6.0658
6.0667
6.0688
6.0698
6.0717
6.0727
6.0748
6.0757
6.0767
6.0787
6.0798
6.0817
6.0827
6.0847
6.0858
6.0878
6.0888
6.0898
6.0918
6.0927
6.0948
6.0958
6.0978
6.0987
6.0997
6.1017
6.1027
6.1047
6.1058
6.1077
6.1087
6.1108
6.1118
6.1127
6.1148
6.1157
6.1178
6.1188
6.1208
6.1218
6.1237
6.1247
6.1257
6.1277
6.1287
6.1308
6.1318
6.1338
6.1348
6.1368
6.1379
6.1388
6.1408
6.1418
6.1438
6.1447
6.1468
6.1478
6.1498
6.1508
6.1518
6.1538
6.1548
6.1568
6.1577
6.1597
6.1607
6.1627
6.1638
6.1648
6.1667
6.1678
6.1698
6.1708
6.1727
6.1738
6.1758
6.1768
6.1778
6.1798
6.1807
6.1827
6.1837
6.1858
6.1868
6.1877
6.1898
6.1907
6.1927
6.1938
6.1958
6.1968
6.1987
6.1997
6.2008
6.2027
6.2037
6.2057
6.2068
6.2088
6.2098
6.2108
6.2127
6.2138
6.2157
6.2167
6.2187
6.2198
6.2218
6.2228
6.2238
6.2258
6.2268
6.2288
6.2298
6.232
6.2328
6.2348
6.2358
6.2368
6.2388
6.2397
6.2417
6.2428
6.2448
6.2458
6.2468
6.2487
6.2498
6.2517
6.2527
6.2548
6.2558
6.2577
6.2587
6.2597
6.2617
6.2627
6.2648
6.2658
6.2678
6.2687
6.2707
6.2717
6.2738
6.2748
6.2758
6.2777
6.2789
6.2808
6.2818
6.2837
6.2848
6.2868
6.2877
6.2888
6.2908
6.2917
6.2938
6.2948
6.2968
6.2977
6.2997
6.3007
6.3017
6.3037
6.3047
6.3067
6.3078
6.3097
6.3107
6.3127
6.3138
6.3147
6.3168
6.3178
6.3198
6.3208
6.3228
6.3238
6.326
6.3268
6.3278
6.3298
6.3308
6.3327
6.3339
6.3358
6.3368
6.3387
6.3397
6.3407
6.3428
6.3438
6.3458
6.3467
6.3487
6.3498
6.3517
6.3527
6.3538
6.3558
6.3568
6.3588
6.3597
6.3617
6.3627
6.3647
6.3658
6.3667
6.3687
6.3698
6.3717
6.3727
6.3748
6.3758
6.3777
6.3788
6.3798
6.3817
6.3827
6.3847
6.3858
6.3878
6.3888
6.3907
6.3917
6.3927
6.3948
6.3957
6.3978
6.3988
6.4008
6.4017
6.4037
6.4048
6.4057
6.4078
6.4087
6.4108
6.4117
6.4138
6.4147
6.4168
6.4178
6.4188
6.4208
6.4218
6.4238
6.4248
6.4268
6.4278
6.4297
6.4307
6.4317
6.4338
6.4348
6.4368
6.4378
6.4397
6.4407
6.4427
6.4437
6.4448
6.4468
6.4478
6.4499
6.4507
6.4528
6.4538
6.4557
6.4568
6.4577
6.4599
6.4608
6.4628
6.4637
6.4658
6.467
6.4688
6.4698
6.4707
6.4727
6.4738
6.4757
6.4767
6.4787
6.4797
6.4818
6.4828
6.4847
6.4858
6.4868
6.4888
6.4898
6.4917
6.4927
6.4948
6.4958
6.4967
6.4988
6.4998
6.5018
6.5028
6.5048
6.5058
6.5078
6.5087
6.5107
6.5118
6.5127
6.5147
6.5157
6.5178
6.5188
6.5208
6.5218
6.5238
6.5248
6.5258
6.5277
6.5287
6.5308
6.5317
6.5338
6.5348
6.5357
6.5377
6.5388
6.5408
6.5418
6.5438
6.5448
6.5468
6.5478
6.5487
6.5508
6.5517
6.5538
6.5548
6.5568
6.5577
6.5597
6.5607
6.5617
6.5638
6.5648
6.5668
6.5678
6.5698
6.5707
6.5728
6.5738
6.5748
6.5768
6.5778
6.5797
6.5807
6.5827
6.5838
6.5858
6.5868
6.5877
6.5897
6.5908
6.5927
6.5938
6.5957
6.5967
6.5987
6.5997
6.6008
6.6027
6.6037
6.6057
6.6067
6.6088
6.6097
6.6117
6.6128
6.6138
6.6158
6.6168
6.6188
6.6198
6.6218
6.6227
6.6248
6.6258
6.6268
6.6288
6.6298
6.6317
6.6327
6.6348
6.6358
6.6368
6.6388
6.6398
6.6417
6.6427
6.6448
6.6459
6.6477
6.6487
6.6498
6.6517
6.6527
6.655
6.6558
6.6578
6.6587
6.6607
6.6617
6.6627
6.6648
6.6658
6.6678
6.6687
6.6708
6.6717
6.6738
6.6748
6.6757
6.6778
6.6787
6.6808
6.6817
6.6837
6.6847
6.6868
6.6878
6.6888
6.6908
6.6917
6.6938
6.6948
6.6967
6.6977
6.6997
6.7008
6.7019
6.7038
6.7047
6.7068
6.7077
6.7098
6.7108
6.7127
6.7139
6.7148
6.7167
6.7178
6.7198
6.7208
6.7228
6.7238
6.7258
6.7268
6.7278
6.7297
6.7308
6.7328
6.7338
6.7358
6.7368
6.7388
6.7398
6.7407
6.7428
6.7438
6.7459
6.7468
6.749
6.7498
6.7518
6.7528
6.7538
6.7558
6.7568
6.7588
6.7598
6.7617
6.7627
6.7647
6.7657
6.7668
6.7688
6.7698
6.7718
6.7728
6.7747
6.7757
6.7777
6.7787
6.7807
6.7817
6.7827
6.7847
6.7858
6.7877
6.7888
6.7908
6.7917
6.7938
6.7948
6.796
6.7977
6.7987
6.8008
6.8018
6.8038
6.8048
6.8058
6.8077
6.8087
6.8108
6.8118
6.8138
6.8148
6.8168
6.8178
6.8188
6.8208
6.8218
6.8237
6.8247
6.8268
6.8277
6.8297
6.8308
6.8318
6.8338
6.8348
6.8367
6.8377
6.8397
6.8407
6.8427
6.8438
6.8448
6.8468
6.8477
6.8498
6.8508
6.8528
6.8538
6.8548
6.8568
6.8577
6.8597
6.8608
6.8628
6.8637
6.8658
6.8668
6.8678
6.8698
6.8708
6.8728
6.8739
6.8758
6.8767
6.8787
6.8798
6.8808
6.8828
6.8838
6.8858
6.8867
6.8887
6.8899
6.8917
6.8927
6.8938
6.8957
6.8967
6.8987
6.8997
6.9017
6.9027
6.9048
6.9058
6.9067
6.9087
6.9098
6.9117
6.9127
6.9148
6.9158
6.9179
6.9188
6.9198
6.9218
6.9228
6.9248
6.9257
6.9277
6.9287
6.9307
6.9317
6.9328
6.9348
6.9358
6.9378
6.9388
6.9407
6.9417
6.9428
6.9448
6.9458
6.9478
6.9488
6.9508
6.9517
6.9538
6.9548
6.9558
6.9577
6.9587
6.9607
6.9617
6.9638
6.9648
6.9667
6.9678
6.9688
6.9708
6.9718
6.9737
6.9748
6.9768
6.9778
6.9798
6.9808
6.9818
6.9839
6.9848
6.9868
6.9878
6.9897
6.9908
6.9917
6.9938
6.9948
6.9967
6.9978
6.9998
7.0008
7.0028
7.0037
7.0047
7.0067
7.0077
7.0097
7.0107
7.0128
7.0138
7.0158
7.0167
7.0178
7.0198
7.0208
7.0228
7.0237
7.0259
7.0268
7.0288
7.0298
7.031
7.0327
7.0337
7.0358
7.0368
7.0388
7.0398
7.0417
7.0427
7.0437
7.0457
7.0468
7.0487
7.0498
7.0517
7.0527
7.0547
7.0558
7.0568
7.0588
7.0598
7.0617
7.0627
7.0648
7.0658
7.0678
7.0688
7.0698
7.0717
7.0727
7.0747
7.0758
7.0779
7.0788
7.0808
7.0818
7.0828
7.0848
7.0858
7.0877
7.0888
7.0908
7.0917
7.0938
7.0948
7.0957
7.0977
7.0987
7.1007
7.1017
7.1037
7.1048
7.1067
7.1077
7.1087
7.1108
7.1117
7.1138
7.1148
7.1168
7.1178
7.1198
7.1208
7.1217
7.1237
7.125
7.1268
7.1278
7.1298
7.1308
7.1328
7.1338
7.1358
7.1368
7.1378
7.1398
7.1408
7.1428
7.1437
7.1458
7.1468
7.1478
7.1498
7.1507
7.1528
7.1538
7.1558
7.1567
7.1588
7.1598
7.1608
7.1628
7.1638
7.1657
7.1668
7.1688
7.1698
7.1721
7.1728
7.1738
7.1758
7.1768
7.1788
7.1797
7.1817
7.1828
7.1848
7.1858
7.1868
7.1888
7.1897
7.1917
7.1928
7.1948
7.1958
7.1977
7.1987
7.1997
7.2017
7.2028
7.2048
7.2058
7.2078
7.2088
7.2108
7.2117
7.2127
7.2148
7.2158
7.2178
7.2189
7.2208
7.2217
7.2228
7.2248
7.2257
7.2278
7.2288
7.2308
7.2317
7.2338
7.2348
7.2358
7.2378
7.2388
7.2408
7.2417
7.2438
7.2448
7.2467
7.2477
7.2487
7.2507
7.2517
7.2538
7.2548
7.2568
7.2578
7.2597
7.2608
7.2617
7.2637
7.2647
7.2668
7.2678
7.2697
7.2708
7.2727
7.2738
7.2748
7.2767
7.2777
7.2797
7.2808
7.2827
7.2838
7.2858
7.2867
7.2877
7.2898
7.2908
7.2928
7.2938
7.2958
7.2967
7.2978
7.2998
7.3008
7.3027
7.3038
7.3058
7.3067
7.3087
7.3097
7.3117
7.313
7.3139
7.3158
7.3168
7.3188
7.3197
7.3217
7.3228
7.3238
7.3258
7.3268
7.3288
7.3298
7.3318
7.3328
7.3348
7.3357
7.3368
7.3388
7.3397
7.3417
7.3428
7.3449
7.3458
7.3478
7.3488
7.3498
7.3518
7.3528
7.3548
7.3558
7.3578
7.3587
7.36
7.3618
7.3627
7.3648
7.3658
7.3677
7.3689
7.3708
7.3717
7.3727
7.3749
7.3758
7.3778
7.3788
7.3808
7.3817
7.3837
7.3848
7.3857
7.3878
7.3888
7.3908
7.3918
7.3938
7.3948
7.3967
7.3977
7.3988
7.4007
7.4017
7.4037
7.4047
7.4069
7.4078
7.4098
7.4108
7.4118
7.4139
7.4148
7.4168
7.4178
7.4197
7.4207
7.4228
7.4238
7.4248
7.4268
7.4278
7.4298
7.4308
7.4327
7.4338
7.4348
7.4368
7.4378
7.4397
7.4408
7.4427
7.4437
7.4458
7.4468
7.4477
7.4498
7.4508
7.4528
7.454
7.4558
7.4568
7.459
7.4599
7.4607
7.4627
7.4637
7.4658
7.4668
7.4688
7.4698
7.4708
7.4727
7.4738
7.4759
7.4768
7.4787
7.4798
7.4818
7.4827
7.4837
7.4857
7.4868
7.4887
7.4898
7.4917
7.4927
7.4948
7.4958
7.4968
7.4987
7.4998
7.5019
7.5029
7.5048
7.5058
7.5078
7.5088
7.5098
7.5118
7.5127
7.5147
7.5158
7.5178
7.5188
7.5198
7.5218
7.5228
7.5248
7.5258
7.5277
7.5287
7.5308
7.5317
7.5337
7.5347
7.5358
7.5378
7.5388
7.5408
7.5417
7.5437
7.5448
7.5458
7.5477
7.5488
7.5508
7.5518
7.5539
7.5548
7.5567
7.5577
7.5587
7.5608
7.5617
7.5638
7.5649
7.5668
7.5678
7.5699
7.5708
7.5718
7.5738
7.5748
7.5768
7.5777
7.5798
7.5808
7.5827
7.5837
7.5847
7.5867
7.5878
7.5898
7.5908
7.5927
7.5938
7.5958
7.5968
7.5988
7.5997
7.6008
7.6028
7.6038
7.6058
7.6067
7.6087
7.6097
7.6117
7.6128
7.6138
7.6158
7.6169
7.6188
7.6198
7.6217
7.6227
7.6247
7.6257
7.6277
7.6287
7.6297
7.6317
7.6327
7.6348
7.6358
7.6378
7.6388
7.6407
7.642
7.6428
7.6448
7.6458
7.6478
7.6487
7.6508
7.6518
7.6538
7.6548
7.6568
7.6578
7.6587
7.6607
7.6617
7.6637
7.6648
7.6668
7.6678
7.6699
7.6708
7.6717
7.6738
7.6748
7.6768
7.6778
7.6798
7.6808
7.6828
7.6838
7.6858
7.6868
7.6878
7.6898
7.6908
7.6928
7.6939
7.6958
7.6967
7.6987
7.6997
7.7017
7.7027
7.7038
7.7058
7.7067
7.7087
7.7098
7.7117
7.7128
7.7148
7.7158
7.7168
7.7188
7.7197
7.7218
7.7227
7.7248
7.7258
7.7277
7.7288
7.7308
7.7317
7.7328
7.7349
7.736
7.7378
7.7388
7.7408
7.7418
7.7438
7.7448
7.7458
7.7477
7.7488
7.7508
7.7517
7.7538
7.7548
7.7567
7.7578
7.7597
7.7607
7.7617
7.7637
7.7648
7.7668
7.7678
7.7698
7.7708
7.7728
7.7738
7.7747
7.7768
7.7778
7.7798
7.7808
7.7829
7.7838
7.7858
7.7868
7.7878
7.7897
7.7908
7.7927
7.7938
7.7958
7.7967
7.7987
7.7997
7.8017
7.8028
7.8038
7.8058
7.8067
7.8087
7.8097
7.8117
7.8128
7.8138
7.8158
7.8168
7.8188
7.8198
7.8217
7.8228
7.8248
7.8258
7.8278
7.8288
7.83
7.8318
7.8328
7.8348
7.8357
7.8379
7.8388
7.8407
7.8417
7.8428
7.8448
7.8458
7.8477
7.8488
7.8508
7.8518
7.8538
7.8548
7.8558
7.8578
7.8587
7.8607
7.8617
7.8637
7.8648
7.8668
7.8678
7.8688
7.8708
7.8717
7.8738
7.8748
7.877
7.8778
7.8797
7.8808
7.8817
7.8837
7.8848
7.8868
7.8878
7.8898
7.8907
7.8928
7.8937
7.8948
7.8967
7.8978
7.8998
7.9008
7.9028
7.9038
7.9058
7.9067
7.9088
7.9098
7.9108
7.9128
7.9138
7.9158
7.9168
7.9188
7.9198
7.9218
7.9228
7.9239
7.9258
7.9268
7.9288
7.9298
7.9317
7.9328
7.9348
7.9358
7.9368
7.9388
7.9397
7.9417
7.9428
7.9447
7.9458
7.9478
7.9487
7.9498
7.9517
7.9528
7.9548
7.9558
7.9578
7.9587
7.9607
7.9617
7.9628
7.9648
7.9658
7.9678
7.9688
7.971
7.9718
7.9738
7.9749
7.9758
7.9778
7.9788
7.9808
7.9818
7.9838
7.9848
7.9868
7.9878
7.9888
7.9908
7.9918
7.9938
7.9948
7.9968
7.9978
7.9998
8.0008
8.0028
8.0038
8.0048
8.0068
8.0078
8.0098
8.0108
8.0128
8.0138
8.0157
8.0168
8.018
8.0198
8.0208
8.0228
8.0237
8.0258
8.0268
8.0288
8.0298
8.0308
8.0328
8.0338
8.0359
8.0368
8.0388
8.0398
8.0419
8.0428
8.0438
8.0458
8.0468
8.0488
8.0498
8.0518
8.0528
8.0548
8.0558
8.0567
8.0588
8.0598
8.0617
8.0627
8.065
8.0657
8.0679
8.0689
8.0698
8.0719
8.0728
8.0748
8.0758
8.0778
8.0788
8.0808
8.0819
8.0828
8.0848
8.0858
8.0878
8.0888
8.0908
8.0917
8.0937
8.0948
8.0958
8.0978
8.0988
8.1008
8.1017
8.1038
8.1048
8.1067
8.1077
8.1098
8.1108
8.1118
8.114
8.1148
8.1169
8.1178
8.1198
8.1208
8.1218
8.1237
8.1248
8.1268
8.1278
8.1298
8.1308
8.1327
8.1338
8.1358
8.1367
8.1377
8.1397
8.1408
8.1427
8.1437
8.1458
8.1468
8.1487
8.1498
8.1508
8.1528
8.1538
8.1558
8.1568
8.1588
8.1598
8.1618
8.1628
8.1638
8.1658
8.1668
8.1688
8.1698
8.1718
8.1728
8.1748
8.1758
8.1769
8.1788
8.1798
8.1819
8.1827
8.1847
8.1857
8.1877
8.1887
8.1897
8.1917
8.1928
8.1948
8.1958
8.1977
8.1987
8.2007
8.2017
8.2028
8.2048
8.2058
8.2081
8.2089
8.2108
8.2118
8.2138
8.2148
8.2158
8.2178
8.2188
8.2208
8.2218
8.2238
8.2248
8.2268
8.2278
8.2288
8.2308
8.2317
8.2337
8.2348
8.2368
8.2378
8.2397
8.2408
8.2417
8.2438
8.2448
8.2468
8.2477
8.2498
8.2508
8.2528
8.2538
8.2558
8.2567
8.2578
8.2597
8.2608
8.2627
8.2637
8.2657
8.2668
8.2678
8.2698
8.2708
8.2728
8.2738
8.2758
8.2768
8.2788
8.2798
8.2818
8.2827
8.2838
8.2858
8.2868
8.2887
8.2897
8.2917
8.2928
8.2948
8.2958
8.2967
8.2987
8.2998
8.302
8.3027
8.3048
8.3058
8.3078
8.3088
8.3098
8.3117
8.3127
8.3148
8.3158
8.3178
8.3188
8.3208
8.3218
8.3227
8.3247
8.3257
8.3278
8.3288
8.3308
8.3317
8.3337
8.3348
8.3358
8.3378
8.3388
8.3408
8.3418
8.3438
8.3448
8.3468
8.3477
8.3504
8.3518
8.3538
8.3549
8.3567
8.3577
8.3597
8.3607
8.3628
8.3638
8.3648
8.3668
8.3678
8.3699
8.3707
8.3728
8.3738
8.3758
8.3768
8.3778
8.3798
8.3807
8.3828
8.3838
8.3857
8.3867
8.3888
8.3898
8.3907
8.3928
8.3938
8.3959
8.397
8.3988
8.3998
8.4017
8.4027
8.4037
8.4057
8.4067
8.4087
8.4098
8.4118
8.4128
8.4148
8.4158
8.4168
8.4188
8.4198
8.4217
8.4227
8.4247
8.4258
8.4278
8.4288
8.4298
8.4317
8.4327
8.4347
8.4358
8.4378
8.4388
8.4407
8.4417
8.4427
8.4448
8.4458
8.4478
8.4488
8.4508
8.4518
8.4538
8.4548
8.4558
8.4577
8.459
8.4609
8.4617
8.4638
8.4648
8.4668
8.4678
8.4698
8.4709
8.4718
8.4738
8.4748
8.4767
8.4777
8.4798
8.4808
8.4827
8.4837
8.4848
8.4867
8.4877
8.4898
8.4908
8.4927
8.4938
8.4958
8.4967
8.4977
8.4998
8.5008
8.5027
8.5037
8.5058
8.5067
8.5088
8.5099
8.5108
8.5127
8.5138
8.5158
8.5168
8.5188
8.5198
8.5218
8.5227
8.5237
8.5257
8.5267
8.5287
8.5297
8.5317
8.5327
8.5348
8.5359
8.5368
8.5388
8.5398
8.5418
8.5427
8.5447
8.5459
8.5478
8.5488
8.5498
8.5517
8.5527
8.5548
8.5559
8.5578
8.5588
8.5608
8.5617
8.5627
8.5647
8.5658
8.5678
8.5689
8.5707
8.5717
8.5738
8.5748
8.5767
8.5777
8.5787
8.5808
8.5818
8.5838
8.5849
8.5868
8.5878
8.5889
8.5908
8.5918
8.5938
8.5948
8.5968
8.5978
8.5997
8.6007
8.6027
8.6037
8.6048
8.6067
8.6078
8.6098
8.6108
8.6127
8.6138
8.6158
8.6168
8.6178
8.6198
8.6208
8.6228
8.6237
8.6258
8.6267
8.6287
8.6297
8.632
8.6328
8.6338
8.6358
8.6368
8.6388
8.6397
8.6417
8.6429
8.6447
8.6458
8.6468
8.6488
8.6497
8.6518
8.6527
8.6548
8.6558
8.6577
8.6587
8.6597
8.6617
8.6627
8.6647
8.6657
8.6677
8.6689
8.6707
8.6717
8.6738
8.6748
8.6758
8.6778
8.679
8.6808
8.6818
8.6838
8.6848
8.6868
8.6878
8.6889
8.6909
8.6918
8.6939
8.6948
8.6969
8.6978
8.6997
8.7007
8.7017
8.7038
8.7048
8.7069
8.7078
8.7097
8.7107
8.7127
8.7138
8.7148
8.7169
8.7178
8.7198
8.7207
8.7227
8.7237
8.7258
8.7268
8.7278
8.7298
8.7308
8.7327
8.7338
8.7358
8.7368
8.7388
8.7398
8.7408
8.7427
8.7437
8.7458
8.7468
8.7488
8.7498
8.7518
8.7528
8.7537
8.7558
8.7567
8.7588
8.7597
8.7618
8.7629
8.7648
8.7657
8.7667
8.7687
8.7699
8.7718
8.7727
8.7749
8.7757
8.7777
8.7788
8.7797
8.7818
8.7828
8.7848
8.7858
8.7877
8.7888
8.7908
8.7917
8.7927
8.7948
8.7959
8.7978
8.7988
8.8008
8.8019
8.8038
8.8048
8.8068
8.8078
8.8088
8.8108
8.8117
8.8138
8.8148
8.8168
8.8179
8.82
8.8208
8.8218
8.8238
8.8248
8.8268
8.8278
8.8298
8.8308
8.8327
8.8339
8.8348
8.8368
8.8378
8.8398
8.8408
8.8428
8.8437
8.8458
8.8468
8.8478
8.8499
8.8508
8.8528
8.8539
8.8558
8.8568
8.8587
8.8598
8.8607
8.8628
8.8639
8.8657
8.8671
8.8688
8.8698
8.8718
8.8728
8.8738
8.8758
8.8768
8.8788
8.8798
8.8818
8.8828
8.8848
8.8858
8.8868
8.8888
8.8898
8.8918
8.8928
8.8948
8.8958
8.8978
8.8988
8.8998
8.9019
8.9028
8.9048
8.9057
8.9078
8.9088
8.9108
8.9119
8.9128
8.9148
8.9158
8.9178
8.9188
8.9208
8.9217
8.9238
8.9248
8.9258
8.9278
8.9288
8.9308
8.9317
8.9338
8.9348
8.9368
8.9378
8.9398
8.9408
8.9418
8.9438
8.9447
8.9468
8.9478
8.95
8.9508
8.9528
8.9538
8.9548
8.9568
8.9579
8.9597
8.961
8.9628
8.9637
8.9658
8.9669
8.9678
8.9698
8.9709
8.9728
8.9738
8.9758
8.9768
8.9788
8.9798
8.9808
8.9827
8.9838
8.9858
8.9868
8.9888
8.9898
8.9918
8.9927
8.9938
8.9958
8.9967
8.9988
8.9998
9.0019
9.0027
9.0047
9.0059
9.0068
9.0088
9.0098
9.0118
9.0128
9.0148
9.0158
9.0178
9.0188
9.0198
9.0218
9.0228
9.0248
9.0258
9.0277
9.0287
9.0308
9.0318
9.0328
9.0348
9.0358
9.0378
9.0388
9.0409
9.0417
9.0438
9.0448
9.0467
9.0477
9.0487
9.0508
9.0517
9.0538
9.055
9.0568
9.0578
9.0598
9.0608
9.0618
9.0638
9.0648
9.0668
9.0677
9.0697
9.0708
9.0727
9.0739
9.0748
9.0768
9.0778
9.0798
9.0808
9.0828
9.0838
9.0858
9.0868
9.0878
9.0898
9.091
9.0928
9.0938
9.0959
9.0969
9.0987
9.0998
9.1009
9.1028
9.1038
9.1058
9.1069
9.1088
9.1098
9.1118
9.1128
9.1148
9.1158
9.1169
9.1188
9.1198
9.1218
9.1228
9.1248
9.1258
9.1278
9.1288
9.1298
9.1318
9.1328
9.1348
9.1358
9.1377
9.1387
9.1408
9.1418
9.1428
9.1449
9.1458
9.1478
9.149
9.1508
9.1518
9.1538
9.1548
9.1558
9.1578
9.1587
9.1608
9.1618
9.1638
9.1648
9.1668
9.1678
9.1688
9.1708
9.1718
9.1739
9.1749
9.1767
9.1777
9.1798
9.1808
9.1818
9.1838
9.1848
9.1868
9.1878
9.1898
9.1908
9.1927
9.1938
9.1948
9.1968
9.1978
9.1998
9.2008
9.2027
9.2037
9.2058
9.2068
9.2078
9.2098
9.2108
9.2127
9.2138
9.2158
9.2168
9.2188
9.2198
9.2208
9.2228
9.2238
9.2258
9.2268
9.2288
9.2298
9.2318
9.2327
9.2338
9.2358
9.2368
9.2388
9.2398
9.2418
9.243
9.2448
9.2457
9.2468
9.2488
9.2498
9.2518
9.2528
9.2548
9.2558
9.2579
9.2587
9.2609
9.2618
9.2628
9.2648
9.2658
9.2678
9.2688
9.2708
9.2717
9.2738
9.2748
9.2758
9.2778
9.2788
9.2807
9.2817
9.2838
9.2848
9.2868
9.2878
9.2888
9.2908
9.2919
9.2938
9.2948
9.2968
9.2978
9.2998
9.3008
9.3018
9.3038
9.3048
9.3068
9.3077
9.3097
9.3108
9.3128
9.314
9.3159
9.3168
9.3178
9.3198
9.3208
9.3228
9.3238
9.3258
9.3268
9.3288
9.3298
9.3309
9.3328
9.3338
9.3358
9.3369
9.3388
9.3398
9.342
9.3428
9.3438
9.3458
9.3468
9.3488
9.3498
9.352
9.3527
9.3548
9.3558
9.3568
9.3588
9.3598
9.3619
9.3627
9.3649
9.3658
9.3678
9.3688
9.3698
9.372
9.3727
9.3748
9.3758
9.3779
9.3787
9.3808
9.3819
9.3827
9.3848
9.3858
9.3878
9.3888
9.3908
9.3918
9.3928
9.3948
9.3959
9.3977
9.3989
9.4008
9.4019
9.4038
9.4048
9.4058
9.4078
9.4087
9.4107
9.4117
9.4138
9.4148
9.4168
9.418
9.4187
9.4208
9.4219
9.4237
9.4248
9.4268
9.4278
9.4298
9.431
9.4318
9.4338
9.4348
9.4368
9.4378
9.4398
9.4409
9.4428
9.4437
9.4447
9.4468
9.4478
9.4498
9.4508
9.4527
9.4538
9.4548
9.4568
9.4578
9.4598
9.4608
9.4628
9.4638
9.4658
9.4668
9.4678
9.4698
9.4708
9.4728
9.4738
9.4759
9.4768
9.4778
9.4798
9.4807
9.4828
9.4838
9.4858
9.4869
9.4888
9.4898
9.4908
9.4928
9.4938
9.4959
9.4968
9.4988
9.4999
9.5018
9.5028
9.5038
9.5058
9.5068
9.5088
9.5098
9.5119
9.5127
9.5148
9.5159
9.5168
9.5188
9.5197
9.5218
9.5227
9.525
9.5259
9.5277
9.5287
9.5297
9.5318
9.5327
9.5348
9.5358
9.5378
9.5387
9.5409
9.5418
9.5428
9.5448
9.5458
9.5478
9.5488
9.5509
9.5519
9.5528
9.5548
9.5558
9.5578
9.5588
9.5608
9.5619
9.5637
9.5648
9.5659
9.5678
9.5688
9.5708
9.572
9.5738
9.5748
9.5768
9.5778
9.5788
9.5808
9.5819
9.5838
9.5848
9.5868
9.5878
9.5898
9.5908
9.5918
9.5939
9.5948
9.5968
9.5977
9.5998
9.6008
9.6028
9.6038
9.6048
9.6067
9.6077
9.6097
9.6108
9.6127
9.6138
9.6148
9.6168
9.6179
9.6198
9.6208
9.6228
9.6238
9.6258
9.6268
9.6278
9.6298
9.6308
9.6328
9.6338
9.6358
9.6368
9.6388
9.6398
9.6408
9.6428
9.6438
9.6458
9.6468
9.6488
9.6499
9.6508
9.6528
9.6538
9.6558
9.6568
9.6587
9.6597
9.6618
9.6628
9.6639
9.6658
9.6668
9.6688
9.6698
9.6718
9.6728
9.6748
9.6758
9.6768
9.6788
9.6799
9.6818
9.6828
9.6848
9.6858
9.6868
9.6888
9.6899
9.6918
9.6928
9.6948
9.6958
9.6978
9.6988
9.6998
9.7018
9.7028
9.7048
9.7058
9.7078
9.7088
9.7108
9.7118
9.7139
9.7148
9.7158
9.7178
9.7188
9.7208
9.722
9.7238
9.7248
9.7268
9.7278
9.7288
9.7308
9.7318
9.7338
9.7348
9.7368
9.7378
9.7398
9.7408
9.7418
9.7438
9.7448
9.7468
9.7478
9.7498
9.7508
9.7518
9.754
9.7547
9.7568
9.7578
9.7598
9.7608
9.7628
9.7638
9.7648
9.7668
9.7678
9.7698
9.7708
9.7728
9.7739
9.7758
9.7768
9.7778
9.7798
9.7808
9.7828
9.7839
9.7859
9.7868
9.7888
9.7897
9.7908
9.7928
9.7939
9.7959
9.7968
9.7987
9.7997
9.8007
9.8028
9.8038
9.8058
9.8068
9.8088
9.8098
9.8118
9.8128
9.8138
9.8158
9.8169
9.8188
9.8199
9.8219
9.8228
9.8248
9.8258
9.8268
9.8288
9.8298
9.8318
9.8328
9.8348
9.8358
9.8378
9.8388
9.8399
9.8418
9.8428
9.8448
9.8459
9.8478
9.8488
9.8498
9.8518
9.8528
9.8548
9.8559
9.8578
9.8588
9.8608
9.8618
9.8628
9.8649
9.8658
9.8678
9.8688
9.8708
9.8718
9.8738
9.8748
9.8758
9.8778
9.8787
9.8808
9.8819
9.8838
9.8848
9.8868
9.8878
9.8888
9.8908
9.8918
9.8939
9.8948
9.8968
9.8978
9.8988
9.9008
9.9018
9.9038
9.9048
9.9068
9.9078
9.9098
9.9108
9.9118
9.9139
9.9148
9.9168
9.9178
9.9198
9.9208
9.9228
9.9238
9.9248
9.9268
9.9278
9.9298
9.9308
9.933
9.9338
9.9348
9.9368
9.9378
9.9398
9.9408
9.9428
9.9438
9.9458
9.9468
9.9478
9.9499
9.9508
9.9528
9.9538
9.9558
9.9568
9.9588
9.9599
9.9607
9.9628
9.9638
9.9658
9.9668
9.9688
9.9698
9.9718
9.9728
9.9739
9.976
9.9767
9.9788
9.9799
9.9818
9.9828
9.9848
9.9858
9.9868
9.9888
9.9897
9.9918
9.9928
9.9948
9.9959
9.9968
9.9988
9.9998
