-0.020653
0.0039568
0.0069542
-0.012397
-0.052618
-0.082401
-0.067015
-0.039339
-0.057119
-0.1064
-0.15483
-0.14919
-0.12034
-0.11753
-0.14527
-0.16847
-0.15077
-0.1332
-0.093601
-0.12579
-0.16853
-0.17642
-0.15584
-0.15147
-0.15923
-0.18906
-0.1968
-0.20246
-0.19799
-0.19634
-0.18466
-0.16886
-0.18608
-0.20594
-0.22463
-0.19905
-0.18358
-0.19645
-0.23517
-0.26824
-0.25561
-0.21431
-0.22389
-0.26489
-0.3131
-0.30574
-0.27176
-0.25575
-0.29006
-0.33971
-0.3418
-0.32374
-0.29924
-0.31823
-0.36095
-0.37465
-0.36884
-0.36378
-0.36017
-0.38832
-0.39563
-0.40941
-0.41239
-0.42396
-0.42314
-0.42242
-0.43934
-0.4606
-0.48196
-0.47353
-0.45012
-0.46192
-0.49669
-0.52906
-0.53509
-0.49493
-0.49473
-0.52452
-0.57821
-0.58272
-0.5548
-0.52767
-0.55001
-0.60093
-0.62101
-0.60413
-0.58202
-0.58017
-0.62193
-0.64287
-0.63865
-0.63319
-0.62434
-0.65101
-0.65953
-0.67034
-0.6713
-0.68161
-0.67829
-0.6759
-0.68723
-0.71172
-0.73342
-0.73908
-0.70684
-0.71208
-0.74468
-0.78504
-0.79702
-0.75541
-0.74414
-0.7735
-0.83021
-0.85112
-0.8265
-0.79514
-0.81327
-0.86651
-0.90411
-0.89008
-0.87373
-0.87167
-0.92203
-0.9562
-0.96218
-0.95529
-0.94509
-0.96296
-0.98183
-0.99565
-1.0022
-1.0124
-1.0155
-1.0138
-1.0193
-1.0452
-1.0617
-1.0753
-1.0412
-1.037
-1.0558
-1.0883
-1.1059
-1.0767
-1.0452
-1.0611
-1.1093
-1.1441
-1.1267
-1.0934
-1.0861
-1.1271
-1.1776
-1.1689
-1.151
-1.1293
-1.1624
-1.2002
-1.2073
-1.1996
-1.1906
-1.1975
-1.2266
-1.2339
-1.2428
-1.2477
-1.2539
-1.2528
-1.2526
-1.2751
-1.2952
-1.3209
-1.2979
-1.2831
-1.2993
-1.3393
-1.3645
-1.3503
-1.3082
-1.3197
-1.3618
-1.4119
-1.4027
-1.3674
-1.3509
-1.3852
-1.4355
-1.4393
-1.4218
-1.3967
-1.4131
-1.4567
-1.4718
-1.4637
-1.4569
-1.4518
-1.4794
-1.4861
-1.4994
-1.5026
-1.5108
-1.5092
-1.5099
-1.5239
-1.5425
-1.5619
-1.5577
-1.5308
-1.5414
-1.575
-1.6093
-1.6181
-1.5785
-1.576
-1.6044
-1.66
-1.6721
-1.6455
-1.6148
-1.6341
-1.6846
-1.7116
-1.6936
-1.6775
-1.6743
-1.721
-1.7511
-1.7534
-1.7499
-1.7456
-1.7758
-1.7965
-1.8136
-1.8238
-1.8383
-1.8385
-1.8378
-1.8487
-1.8774
-1.8956
-1.909
-1.8785
-1.88
-1.9078
-1.9491
-1.9693
-1.9323
-1.9115
-1.9339
-1.9794
-2.0016
-1.9747
-1.9319
-1.9319
-1.9753
-2.0174
-1.9988
-1.9779
-1.9612
-2.0012
-2.036
-2.0416
-2.0329
-2.0222
-2.0288
-2.056
-2.067
-2.0762
-2.0827
-2.0917
-2.0908
-2.0933
-2.1198
-2.1384
-2.1559
-2.1305
-2.122
-2.1411
-2.1798
-2.2062
-2.1962
-2.1599
-2.1715
-2.2118
-2.2589
-2.2499
-2.2178
-2.2021
-2.2372
-2.2901
-2.2948
-2.2765
-2.2523
-2.2702
-2.3127
-2.3258
-2.3184
-2.3139
-2.3095
-2.3391
-2.346
-2.3576
-2.3577
-2.3675
-2.3639
-2.3605
-2.3731
-2.3912
-2.4118
-2.4064
-2.3781
-2.39
-2.4246
-2.4601
-2.462
-2.4161
-2.4123
-2.4426
-2.4976
-2.5052
-2.4725
-2.4407
-2.4648
-2.5166
-2.5419
-2.5206
-2.4989
-2.4958
-2.5438
-2.5687
-2.5669
-2.5598
-2.5516
-2.5736
-2.5934
-2.6119
-2.6189
-2.6321
-2.6383
-2.6408
-2.6531
-2.685
-2.7094
-2.7296
-2.7023
-2.707
-2.7359
-2.7766
-2.7982
-2.7729
-2.7494
-2.7689
-2.818
-2.8536
-2.8378
-2.8043
-2.8041
-2.8467
-2.8946
-2.8811
-2.8588
-2.8318
-2.8585
-2.8924
-2.8952
-2.8827
-2.871
-2.8764
-2.9064
-2.9125
-2.9232
-2.9286
-2.9363
-2.9321
-2.931
-2.952
-2.9683
-2.9906
-2.9755
-2.9604
-2.9769
-3.0158
-3.0469
-3.0376
-2.9917
-2.9986
-3.0371
-3.0878
-3.0823
-3.0507
-3.0305
-3.063
-3.1161
-3.1288
-3.106
-3.0806
-3.0905
-3.1377
-3.1559
-3.1488
-3.1428
-3.1341
-3.1601
-3.1734
-3.1888
-3.1878
-3.1952
-3.1947
-3.1965
-3.2072
-3.2306
-3.2468
-3.249
-3.216
-3.2254
-3.2551
-3.2901
-3.3045
-3.2694
-3.2536
-3.2772
-3.3302
-3.3538
-3.3295
-3.2965
-3.3044
-3.3524
-3.392
-3.3756
-3.3551
-3.3355
-3.3752
-3.4086
-3.4097
-3.3952
-3.3854
-3.3596
-3.3629
-3.3551
-3.3493
-3.3396
-3.35
-3.3595
-3.3585
-3.3756
-3.3945
-3.4181
-3.3992
-3.3973
-3.4175
-3.4603
-3.4899
-3.4715
-3.4322
-3.4511
-3.4983
-3.5486
-3.5407
-3.5056
-3.4875
-3.5263
-3.584
-3.591
-3.5709
-3.5466
-3.5576
-3.6027
-3.623
-3.6164
-3.6075
-3.5971
-3.6217
-3.6274
-3.6389
-3.6379
-3.6403
-3.6343
-3.635
-3.6474
-3.6723
-3.6876
-3.6945
-3.6624
-3.6709
-3.7029
-3.7398
-3.7526
-3.7181
-3.7009
-3.7262
-3.778
-3.8072
-3.7845
-3.7503
-3.7563
-3.8051
-3.8521
-3.8384
-3.8189
-3.7973
-3.8126
-3.8778
-3.8885
-3.8587
-3.8089
-3.7857
-3.8324
-3.8683
-3.8598
-3.8118
-3.7684
-3.7726
-3.8025
-3.8285
-3.8191
-3.8174
-3.8179
-3.8178
-3.8743
-3.8793
-3.8647
-3.8495
-3.8256
-3.8389
-3.8692
-3.8916
-3.8789
-3.8394
-3.8157
-3.8476
-3.9155
-3.9496
-3.9059
-3.8594
-3.8418
-3.9148
-3.9523
-3.9364
-3.8905
-3.8463
-3.8831
-3.9423
-3.9482
-3.9097
-3.8707
-3.8796
-3.914
-3.9416
-3.9352
-3.8996
-3.9107
-3.8992
-3.9314
-3.9408
-3.9381
-3.9437
-3.9243
-3.9062
-3.9367
-3.9606
-3.9945
-3.9677
-3.9372
-3.9298
-3.9824
-4.0409
-4.0179
-3.9788
-3.9343
-3.9733
-4.044
-4.044
-3.9981
-3.9589
-3.9554
-4.0318
-4.0425
-4.0227
-3.9635
-3.9631
-3.9863
-4.0127
-4.0061
-3.971
-3.9643
-3.9667
-3.9611
-3.9777
-3.9711
-3.9822
-3.9856
-3.9467
-3.9551
-3.9652
-4.0122
-4.0082
-3.9752
-3.9356
-3.9641
-4.0189
-4.0372
-3.9874
-3.9425
-3.9284
-4.0099
-4.0349
-4.0032
-3.9523
-3.9289
-3.9869
-4.0237
-4.0059
-3.953
-3.9374
-3.9657
-3.9989
-3.991
-3.9647
-3.9389
-3.9686
-3.9583
-3.9557
-3.9285
-3.9329
-3.9485
-3.9392
-3.9147
-3.9138
-3.9349
-3.9659
-3.9484
-3.9041
-3.885
-3.923
-3.9725
-3.9489
-3.9078
-3.8716
-3.9201
-3.9699
-3.9682
-3.9272
-3.9004
-3.9204
-3.9835
-3.9788
-3.9426
-3.9058
-3.9318
-3.9636
-3.9727
-3.9457
-3.9202
-3.9449
-3.9675
-3.9587
-3.9363
-3.9306
-3.9593
-3.9771
-3.9458
-3.9254
-3.9297
-3.9766
-3.9914
-3.9614
-3.9234
-3.9374
-3.9896
-4.0148
-3.9796
-3.9368
-3.95
-4.0135
-4.0445
-4.0156
-3.9812
-3.9856
-4.0327
-4.0535
-4.0237
-3.9875
-3.9996
-4.0416
-4.0574
-4.0289
-4.0007
-4.0146
-4.0509
-4.0586
-4.018
-3.9894
-4.0074
-4.0389
-4.0411
-4.0022
-3.9756
-3.9997
-4.0391
-4.0403
-4.004
-3.9784
-4.0019
-4.0409
-4.0471
-4.0054
-3.9897
-4.012
-4.0488
-4.0425
-4.0058
-3.9905
-4.0202
-4.0433
-4.0337
-3.9897
-3.9805
-4.0135
-4.0461
-4.03
-3.9868
-3.9853
-4.0166
-4.0501
-4.0251
-3.9777
-3.972
-4.0078
-4.0299
-4.0092
-3.9476
-3.9508
-3.9804
-4.0105
-3.9785
-3.9418
-3.9318
-3.9612
-3.9838
-3.9623
-3.9271
-3.9355
-3.9547
-3.9721
-3.9463
-3.9155
-3.9445
-3.9589
-3.965
-3.9288
-3.9208
-3.9481
-3.999
-4
-3.9603
-3.9325
-3.9746
-4.0096
-4.0281
-3.9591
-3.9354
-3.9595
-4.001
-4.0265
-3.9864
-3.9456
-3.9621
-4.0058
-4.0224
-3.9895
-3.9586
-3.9674
-3.9882
-4.014
-3.9811
-3.9886
-3.9794
-4.0032
-4.0094
-3.992
-3.9929
-4.0256
-4.0264
-4.0249
-3.9929
-4.0178
-4.0533
-4.0765
-4.0428
-3.9913
-4.006
-4.0433
-4.0904
-4.0592
-3.9989
-4.0055
-4.0506
-4.0825
-4.0816
-4.008
-4.0077
-4.0291
-4.0769
-4.0603
-4.0248
-3.9967
-4.0089
-4.0418
-4.0425
-4.0209
-4.0235
-4.0096
-4.0257
-4.0178
-4.013
-4.0493
-4.0419
-4.0317
-3.9991
-4.0065
-4.0417
-4.0813
-4.0613
-4.0113
-3.9946
-4.0433
-4.0783
-4.0977
-4.0227
-3.9974
-4.0227
-4.067
-4.0957
-4.0562
-4.0037
-4.0051
-4.0406
-4.0708
-4.0521
-4.0181
-3.9934
-4.0001
-4.0294
-4.0109
-4.0168
-3.9902
-3.9783
-3.9851
-3.9803
-3.9957
-4.0106
-3.9857
-3.969
-3.9435
-3.9633
-3.9916
-3.999
-3.9568
-3.9112
-3.937
-3.9791
-4.0184
-3.9966
-3.9331
-3.9405
-3.9853
-4.0312
-4.0347
-3.965
-3.9406
-3.9598
-4.0061
-4.026
-4.0043
-3.9702
-3.9565
-3.99
-4.0126
-4.0103
-4.0038
-3.9694
-3.9681
-3.9795
-3.999
-4.0347
-4.0207
-3.9854
-3.9722
-3.9905
-4.0367
-4.0624
-4.0428
-3.9942
-3.9927
-4.0451
-4.0953
-4.1051
-4.0527
-4.0157
-4.0401
-4.0826
-4.1233
-4.1044
-4.0536
-4.0396
-4.0719
-4.1158
-4.1286
-4.1016
-4.0621
-4.0559
-4.0859
-4.1126
-4.1193
-4.0861
-4.0393
-4.0449
-4.0623
-4.0948
-4.0969
-4.0631
-4.0266
-4.0303
-4.0619
-4.0988
-4.0924
-4.0479
-4.0114
-4.0319
-4.0739
-4.106
-4.0871
-4.0326
-4.0233
-4.0606
-4.1081
-4.1562
-4.1421
-4.1093
-4.128
-4.1787
-4.2184
-4.2004
-4.1665
-4.1293
-4.1452
-4.1747
-4.206
-4.1828
-4.14
-4.1033
-4.124
-4.1661
-4.1985
-4.1691
-4.1112
-4.0858
-4.1127
-4.1627
-4.1829
-4.1457
-4.0855
-4.0803
-4.1137
-4.163
-4.1618
-4.1287
-4.0766
-4.0837
-4.1204
-4.168
-4.1613
-4.1324
-4.0907
-4.1134
-4.1547
-4.2006
-4.1837
-4.1379
-4.1021
-4.1272
-4.1735
-4.2053
-4.1754
-4.1226
-4.1054
-4.1377
-4.1898
-4.1968
-4.1639
-4.1088
-4.1169
-4.1507
-4.1952
-4.1881
-4.1507
-4.106
-4.1256
-4.1627
-4.209
-4.1901
-4.1609
-4.1317
-4.1596
-4.2057
-4.2395
-4.2212
-4.1755
-4.1524
-4.1857
-4.233
-4.2601
-4.2373
-4.1807
-4.1671
-4.1935
-4.2591
-4.2593
-4.2193
-4.1642
-4.1701
-4.2159
-4.2644
-4.239
-4.1874
-4.1315
-4.1652
-4.2035
-4.239
-4.2088
-4.1606
-4.1428
-4.1752
-4.2229
-4.2404
-4.2082
-4.1835
-4.1751
-4.2483
-4.3473
-4.3954
-4.4206
-4.4003
-4.4302
-4.4941
-4.5876
-4.6396
-4.6368
-4.6188
-4.6557
-4.7284
-4.834
-4.8465
-4.8354
-4.822
-4.8868
-4.981
-5.0515
-5.1194
-5.1585
-5.2291
-5.3461
-5.4653
-5.5399
-5.5865
-5.6222
-5.7212
-5.8356
-5.9646
-6.0306
-6.0735
-6.1215
-6.2312
-6.3545
-6.4688
-6.5226
-6.5907
-6.7523
-6.9637
-7.1826
-7.3547
-7.4928
-7.6032
-7.7636
-7.9386
-8.1029
-8.269
-8.3831
-8.5205
-8.6403
-8.8037
-8.9913
-9.1347
-9.2731
-9.3978
-9.6693
-10.027
-10.382
-10.637
-10.858
-11.087
-11.381
-11.687
-11.973
-12.188
-12.446
-12.734
-12.994
-13.259
-13.512
-13.743
-13.966
-14.184
-14.454
-14.74
-14.963
-15.164
-15.378
-15.625
-15.922
-16.317
-16.675
-17.021
-17.331
-17.652
-17.992
-18.369
-18.687
-18.986
-19.294
-19.62
-19.947
-20.284
-20.581
-20.903
-21.291
-21.746
-22.206
-22.638
-23.043
-23.464
-23.871
-24.266
-24.706
-25.107
-25.517
-25.919
-26.32
-26.684
-27.063
-27.426
-27.811
-28.187
-28.578
-29.028
-29.518
-29.968
-30.392
-30.808
-31.241
-31.723
-32.188
-32.606
-32.996
-33.421
-33.886
-34.35
-34.765
-35.123
-35.502
-35.926
-36.372
-36.806
-37.198
-37.591
-38.013
-38.462
-38.934
-39.4
-39.841
-40.3
-40.762
-41.223
-41.67
-42.129
-42.59
-43.028
-43.474
-43.921
-44.397
-44.875
-45.316
-45.739
-46.175
-46.638
-47.139
-47.595
-48.02
-48.423
-48.873
-49.356
-49.838
-50.27
-50.674
-51.108
-51.59
-52.066
-52.535
-52.945
-53.376
-53.85
-54.305
-54.777
-55.223
-55.663
-56.119
-56.598
-57.073
-57.553
-58.03
-58.494
-58.945
-59.403
-59.862
-60.362
-60.833
-61.277
-61.705
-62.139
-62.627
-63.119
-63.554
-63.965
-64.383
-64.856
-65.35
-65.817
-66.235
-66.64
-67.102
-67.582
-68.066
-68.508
-68.928
-69.379
-69.858
-70.335
-70.811
-71.249
-71.712
-72.171
-72.637
-73.103
-73.573
-74.038
-74.498
-74.947
-75.406
-75.877
-76.378
-76.838
-77.28
-77.718
-78.174
-78.677
-79.161
-79.603
-80.019
-80.465
-80.956
-81.455
-81.909
-82.325
-82.743
-83.219
-83.697
-84.175
-84.592
-85.005
-85.455
-85.923
-86.385
-86.83
-87.25
-87.696
-88.143
-88.604
-89.063
-89.53
-89.999
-90.451
-90.906
-91.36
-91.844
-92.34
-92.798
-93.239
-93.688
-94.167
-94.687
-95.154
-95.595
-96.019
-96.492
-97.002
-97.502
-97.945
-98.362
-98.808
-99.301
-99.793
-100.26
-100.67
-101.11
-101.57
-102.05
-102.52
-102.96
-103.39
-103.84
-104.29
-104.74
-105.19
-105.65
-106.1
-106.53
-106.98
-107.43
-107.92
-108.39
-108.84
-109.27
-109.73
-110.22
-110.73
-111.18
-111.61
-112.05
-112.53
-113.04
-113.52
-113.96
-114.38
-114.85
-115.34
-115.84
-116.29
-116.72
-117.17
-117.65
-118.13
-118.6
-119.04
-119.5
-119.95
-120.42
-120.87
-121.33
-121.79
-122.23
-122.67
-123.11
-123.57
-124.05
-124.51
-124.94
-125.36
-125.82
-126.33
-126.81
-127.25
-127.66
-128.1
-128.6
-129.1
-129.56
-129.98
-130.41
-130.89
-131.39
-131.88
-132.32
-132.75
-133.22
-133.7
-134.18
-134.66
-135.09
-135.55
-136
-136.46
-136.91
-137.37
-137.83
-138.26
-138.7
-139.15
-139.62
-140.11
-140.55
-140.98
-141.41
-141.87
-142.37
-142.83
-143.26
-143.67
-144.11
-144.6
-145.09
-145.54
-145.96
-146.39
-146.89
-147.38
-147.87
-148.3
-148.74
-149.21
-149.69
-150.17
-150.62
-151.06
-151.52
-151.99
-152.45
-152.92
-153.39
-153.86
-154.31
-154.77
-155.22
-155.71
-156.18
-156.62
-157.05
-157.48
-157.95
-158.45
-158.9
-159.32
-159.74
-160.22
-160.72
-161.21
-161.64
-162.05
-162.49
-162.97
-163.44
-163.89
-164.29
-164.73
-165.2
-165.67
-166.15
-166.6
-167.05
-167.51
-167.98
-168.45
-168.9
-169.36
-169.8
-170.23
-170.68
-171.12
-171.62
-172.09
-172.53
-172.96
-173.42
-173.91
-174.41
-174.85
-175.26
-175.67
-176.13
-176.61
-177.06
-177.47
-177.87
-178.33
-178.81
-179.3
-179.75
-180.18
-180.63
-181.1
-181.56
-182.02
-182.43
-182.87
-183.3
-183.74
-184.18
-184.64
-185.09
-185.55
-185.99
-186.44
-186.88
-187.36
-187.79
-188.21
-188.61
-189.04
-189.53
-189.99
-190.4
-190.8
-191.24
-191.73
-192.22
-192.67
-193.07
-193.47
-193.93
-194.4
-194.86
-195.27
-195.67
-196.1
-196.56
-197.03
-197.5
-197.93
-198.38
-198.81
-199.25
-199.69
-200.14
-200.57
-200.98
-201.39
-201.81
-202.26
-202.74
-203.14
-203.51
-203.88
-204.28
-204.72
-205.12
-205.49
-205.83
-206.21
-206.62
-207.04
-207.44
-207.81
-208.2
-208.63
-209.05
-209.45
-209.8
-210.16
-210.55
-210.89
-211.22
-211.53
-211.85
-212.19
-212.57
-212.93
-213.28
-213.62
-213.94
-214.26
-214.58
-214.91
-215.27
-215.59
-215.89
-216.19
-216.54
-216.92
-217.21
-217.45
-217.66
-217.92
-218.21
-218.52
-218.79
-219.02
-219.29
-219.57
-219.87
-220.16
-220.46
-220.74
-221.03
-221.3
-221.53
-221.76
-221.91
-222.02
-222.12
-222.26
-222.42
-222.6
-222.78
-222.94
-223.1
-223.24
-223.35
-223.45
-223.6
-223.76
-223.91
-224.07
-224.26
-224.47
-224.64
-224.79
-224.99
-225.2
-225.35
-225.48
-225.56
-225.6
-225.65
-225.7
-225.77
-225.87
-225.98
-226.07
-226.16
-226.21
-226.23
-226.3
-226.4
-226.48
-226.56
-226.6
-226.64
-226.66
-226.66
-226.63
-226.58
-226.52
-226.5
-226.49
-226.45
-226.42
-226.41
-226.41
-226.44
-226.5
-226.56
-226.61
-226.62
-226.6
-226.57
-226.49
-226.43
-226.38
-226.33
-226.31
-226.3
-226.29
-226.27
-226.22
-226.16
-226.09
-226.02
-225.96
-225.93
-225.92
-225.91
-225.92
-225.92
-225.93
-225.89
-225.83
-225.76
-225.67
-225.58
-225.48
-225.4
-225.33
-225.28
-225.24
-225.22
-225.18
-225.11
-225.02
-224.91
-224.8
-224.7
-224.64
-224.6
-224.56
-224.52
-224.49
-224.47
-224.43
-224.36
-224.28
-224.18
-224.08
-224
-223.94
-223.89
-223.86
-223.83
-223.81
-223.76
-223.69
-223.59
-223.46
-223.36
-223.27
-223.18
-223.13
-223.08
-223.02
-222.97
-222.91
-222.82
-222.71
-222.59
-222.46
-222.33
-222.23
-222.16
-222.1
-222.06
-222.05
-222.01
-221.95
-221.86
-221.74
-221.6
-221.46
-221.37
-221.32
-221.28
-221.24
-221.21
-221.17
-221.11
-221.02
-220.91
-220.78
-220.64
-220.53
-220.44
-220.37
-220.32
-220.27
-220.23
-220.16
-220.06
-219.93
-219.79
-219.65
-219.53
-219.42
-219.35
-219.3
-219.25
-219.2
-219.14
-219.04
-218.92
-218.77
-218.63
-218.5
-218.4
-218.32
-218.27
-218.24
-218.2
-218.14
-218.05
-217.93
-217.79
-217.64
-217.52
-217.44
-217.38
-217.32
-217.28
-217.24
-217.18
-217.09
-216.96
-216.8
-216.65
-216.52
-216.41
-216.32
-216.26
-216.2
-216.15
-216.08
-215.98
-215.84
-215.68
-215.53
-215.41
-215.31
-215.23
-215.19
-215.14
-215.1
-215.04
-214.95
-214.83
-214.69
-214.55
-214.42
-214.32
-214.25
-214.2
-214.17
-214.14
-214.08
-213.99
-213.87
-213.72
-213.58
-213.45
-213.35
-213.27
-213.22
-213.18
-213.13
-213.06
-212.95
-212.81
-212.64
-212.47
-212.32
-212.2
-212.12
-212.05
-212
-211.95
-211.87
-211.75
-211.6
-211.43
-211.27
-211.13
-211.02
-210.94
-210.88
-210.84
-210.79
-210.7
-210.58
-210.44
-210.27
-210.12
-210.01
-209.93
-209.86
-209.82
-209.79
-209.76
-209.68
-209.57
-209.42
-209.25
-209.11
-208.99
-208.89
-208.82
-208.77
-208.73
-208.67
-208.57
-208.45
-208.29
-208.11
-207.95
-207.83
-207.73
-207.65
-207.6
-207.53
-207.45
-207.34
-207.19
-207.01
-206.82
-206.67
-206.55
-206.46
-206.39
-206.33
-206.25
-206.16
-206.06
-205.92
-205.73
-205.55
-205.4
-205.3
-205.22
-205.15
-205.1
-205.06
-204.99
-204.87
-204.72
-204.54
-204.37
-204.26
-204.17
-204.09
-204.05
-204.01
-203.96
-203.86
-203.74
-203.59
-203.41
-203.25
-203.1
-203
-202.94
-202.91
-202.87
-202.8
-202.68
-202.53
-202.36
-202.18
-202.02
-201.89
-201.8
-201.73
-201.69
-201.65
-201.59
-201.49
-201.34
-201.14
-200.96
-200.83
-200.74
-200.66
-200.6
-200.56
-200.52
-200.44
-200.33
-200.19
-200.01
-199.85
-199.73
-199.62
-199.53
-199.48
-199.43
-199.37
-199.26
-199.12
-198.95
-198.75
-198.6
-198.48
-198.4
-198.34
-198.3
-198.26
-198.17
-198.05
-197.89
-197.69
-197.49
-197.35
-197.26
-197.2
-197.16
-197.14
-197.11
-197.03
-196.91
-196.75
-196.55
-196.37
-196.25
-196.14
-196.06
-196.01
-195.97
-195.91
-195.82
-195.7
-195.54
-195.38
-195.23
-195.12
-195.02
-194.95
-194.89
-194.84
-194.77
-194.65
-194.51
-194.32
-194.15
-194.04
-193.95
-193.88
-193.84
-193.82
-193.77
-193.66
-193.52
-193.35
-193.16
-193.01
-192.91
-192.81
-192.76
-192.73
-192.71
-192.69
-192.61
-192.47
-192.28
-192.09
-191.95
-191.85
-191.78
-191.73
-191.71
-191.69
-191.65
-191.56
-191.43
-191.25
-191.07
-190.94
-190.83
-190.75
-190.73
-190.71
-190.67
-190.58
-190.47
-190.32
-190.15
-190.02
-189.91
-189.82
-189.75
-189.72
-189.7
-189.65
-189.57
-189.45
-189.27
-189.1
-189.01
-188.94
-188.88
-188.84
-188.81
-188.76
-188.68
-188.59
-188.46
-188.3
-188.17
-188.09
-188.02
-188
-188.01
-188.01
-187.96
-187.85
-187.71
-187.54
-187.36
-187.23
-187.16
-187.09
-187.04
-187.04
-187.05
-186.99
-186.89
-186.74
-186.54
-186.37
-186.28
-186.21
-186.19
-186.2
-186.19
-186.16
-186.09
-185.99
-185.83
-185.63
-185.48
-185.38
-185.31
-185.29
-185.31
-185.34
-185.32
-185.23
-185.1
-184.92
-184.75
-184.64
-184.53
-184.46
-184.43
-184.44
-184.45
-184.42
-184.34
-184.19
-184.03
-183.91
-183.82
-183.74
-183.69
-183.67
-183.68
-183.66
-183.63
-183.55
-183.4
-183.27
-183.2
-183.15
-183.08
-183.05
-183.04
-183.03
-182.99
-182.95
-182.86
-182.73
-182.64
-182.58
-182.54
-182.51
-182.51
-182.49
-182.44
-182.36
-182.26
-182.13
-182
-181.94
-181.89
-181.85
-181.84
-181.84
-181.82
-181.75
-181.65
-181.52
-181.38
-181.28
-181.24
-181.22
-181.22
-181.22
-181.23
-181.19
-181.09
-180.96
-180.79
-180.67
-180.61
-180.61
-180.61
-180.63
-180.66
-180.67
-180.6
-180.5
-180.34
-180.16
-180.02
-180
-180.01
-180.04
-180.09
-180.12
-180.09
-180.01
-179.9
-179.72
-179.55
-179.43
-179.39
-179.38
-179.42
-179.49
-179.53
-179.49
-179.4
-179.25
-179.04
-178.88
-178.8
-178.75
-178.78
-178.85
-178.92
-178.94
-178.9
-178.8
-178.63
-178.45
-178.32
-178.25
-178.22
-178.24
-178.31
-178.38
-178.39
-178.33
-178.21
-178.04
-177.88
-177.77
-177.7
-177.68
-177.72
-177.8
-177.86
-177.89
-177.82
-177.66
-177.48
-177.36
-177.29
-177.24
-177.22
-177.28
-177.34
-177.38
-177.37
-177.29
-177.15
-177.03
-176.94
-176.86
-176.83
-176.84
-176.89
-176.94
-176.96
-176.92
-176.82
-176.71
-176.61
-176.56
-176.49
-176.45
-176.46
-176.51
-176.52
-176.52
-176.47
-176.37
-176.27
-176.21
-176.15
-176.1
-176.1
-176.12
-176.15
-176.15
-176.14
-176.08
-175.98
-175.91
-175.88
-175.84
-175.82
-175.83
-175.84
-175.83
-175.83
-175.8
-175.71
-175.65
-175.62
-175.59
-175.57
-175.55
-175.55
-175.53
-175.51
-175.47
-175.39
-175.31
-175.26
-175.24
-175.2
-175.18
-175.17
-175.16
-175.11
-175.06
-174.99
-174.9
-174.84
-174.82
-174.81
-174.81
-174.8
-174.79
-174.75
-174.69
-174.62
-174.53
-174.45
-174.44
-174.46
-174.47
-174.48
-174.5
-174.49
-174.42
-174.34
-174.24
-174.14
-174.11
-174.15
-174.18
-174.21
-174.22
-174.23
-174.19
-174.12
-174.02
-173.9
-173.82
-173.83
-173.88
-173.9
-173.94
-173.97
-173.97
-173.89
-173.79
-173.69
-173.58
-173.54
-173.58
-173.63
-173.66
-173.69
-173.72
-173.7
-173.61
-173.48
-173.35
-173.26
-173.25
-173.31
-173.37
-173.43
-173.49
-173.51
-173.44
-173.33
-173.18
-173.03
-172.97
-172.98
-173.05
-173.11
-173.17
-173.22
-173.19
-173.09
-172.96
-172.8
-172.68
-172.66
-172.72
-172.81
-172.89
-172.97
-173
-172.95
-172.86
-172.73
-172.59
-172.5
-172.5
-172.58
-172.68
-172.77
-172.83
-172.82
-172.74
-172.61
-172.42
-172.29
-172.26
-172.31
-172.4
-172.52
-172.58
-172.61
-172.57
-172.45
-172.28
-172.11
-172.02
-172.01
-172.06
-172.16
-172.26
-172.36
-172.34
-172.25
-172.1
-171.91
-171.78
-171.74
-171.76
-171.84
-171.97
-172.07
-172.13
-172.1
-172.01
-171.83
-171.64
-171.54
-171.54
-171.57
-171.69
-171.82
-171.89
-171.86
-171.79
-171.64
-171.43
-171.28
-171.23
-171.24
-171.3
-171.43
-171.55
-171.59
-171.58
-171.5
-171.32
-171.12
-171.01
-171
-171.04
-171.15
-171.32
-171.43
-171.44
-171.39
-171.26
-171.07
-170.92
-170.86
-170.87
-170.95
-171.09
-171.23
-171.3
-171.28
-171.19
-171.03
-170.85
-170.75
-170.74
-170.76
-170.87
-171.03
-171.14
-171.14
-171.1
-170.95
-170.77
-170.63
-170.55
-170.56
-170.61
-170.73
-170.88
-170.96
-170.93
-170.82
-170.66
-170.5
-170.4
-170.35
-170.37
-170.46
-170.62
-170.75
-170.76
-170.69
-170.56
-170.38
-170.22
-170.15
-170.15
-170.22
-170.36
-170.52
-170.58
-170.56
-170.48
-170.31
-170.14
-170.03
-169.96
-169.97
-170.07
-170.21
-170.33
-170.37
-170.33
-170.19
-170.03
-169.91
-169.84
-169.79
-169.83
-169.95
-170.09
-170.17
-170.15
-170.06
-169.91
-169.77
-169.67
-169.62
-169.65
-169.74
-169.87
-170.01
-170.06
-170
-169.86
-169.7
-169.59
-169.51
-169.47
-169.53
-169.64
-169.78
-169.86
-169.85
-169.75
-169.6
-169.47
-169.36
-169.29
-169.32
-169.4
-169.53
-169.64
-169.67
-169.61
-169.48
-169.33
-169.23
-169.14
-169.11
-169.17
-169.29
-169.42
-169.52
-169.53
-169.37
-169.22
-169.11
-169.03
-168.96
-168.97
-169.06
-169.17
-169.3
-169.34
-169.26
-169.13
-169.02
-168.92
-168.83
-168.8
-168.86
-168.96
-169.07
-169.16
-169.15
-169.04
-168.89
-168.8
-168.72
-168.65
-168.67
-168.77
-168.89
-169.01
-169.07
-169.02
-168.91
-168.8
-168.71
-168.62
-168.6
-168.67
-168.78
-168.89
-168.98
-168.99
-168.9
-168.78
-168.69
-168.61
-168.55
-168.57
-168.66
-168.76
-168.87
-168.91
-168.82
-168.67
-168.57
-168.48
-168.4
-168.37
-168.42
-168.5
-168.6
-168.68
-168.67
-168.54
-168.42
-168.35
-168.25
-168.19
-168.21
-168.29
-168.38
-168.48
-168.53
-168.45
-168.32
-168.24
-168.18
-168.09
-168.06
-168.11
-168.2
-168.27
-168.33
-168.31
-168.19
-168.07
-167.99
-167.91
-167.87
-167.9
-167.99
-168.08
-168.19
-168.23
-168.16
-168.02
-167.93
-167.86
-167.78
-167.76
-167.83
-167.92
-168.01
-168.1
-168.11
-168
-167.92
-167.85
-167.78
-167.74
-167.77
-167.85
-167.92
-168.01
-168.05
-167.97
-167.86
-167.81
-167.76
-167.68
-167.67
-167.75
-167.84
-167.91
-168
-167.98
-167.87
-167.79
-167.73
-167.66
-167.61
-167.63
-167.7
-167.78
-167.86
-167.89
-167.82
-167.69
-167.65
-167.59
-167.54
-167.54
-167.6
-167.68
-167.75
-167.81
-167.77
-167.66
-167.58
-167.52
-167.46
-167.43
-167.47
-167.54
-167.61
-167.69
-167.72
-167.64
-167.54
-167.48
-167.41
-167.36
-167.36
-167.41
-167.47
-167.53
-167.59
-167.55
-167.44
-167.4
-167.35
-167.28
-167.25
-167.3
-167.36
-167.41
-167.49
-167.51
-167.42
-167.33
-167.31
-167.26
-167.21
-167.21
-167.27
-167.34
-167.41
-167.47
-167.43
-167.32
-167.28
-167.24
-167.17
-167.14
-167.17
-167.22
-167.27
-167.32
-167.32
-167.23
-167.13
-167.09
-167.04
-167
-166.99
-167.04
-167.08
-167.12
-167.16
-167.1
-167
-166.97
-166.91
-166.88
-166.87
-166.91
-166.98
-167.04
-167.1
-167.11
-167.03
-166.95
-166.92
-166.88
-166.84
-166.86
-166.91
-166.96
-167.02
-167.06
-167.01
-166.96
-166.94
-166.89
-166.85
-166.84
-166.88
-166.93
-166.97
-167.02
-167.01
-166.93
-166.88
-166.87
-166.82
-166.79
-166.81
-166.88
-166.93
-166.98
-167.01
-166.95
-166.86
-166.83
-166.78
-166.76
-166.76
-166.79
-166.83
-166.87
-166.91
-166.91
-166.83
-166.77
-166.75
-166.7
-166.69
-166.7
-166.75
-166.77
-166.8
-166.81
-166.75
-166.68
-166.64
-166.6
-166.58
-166.58
-166.6
-166.64
-166.67
-166.69
-166.65
-166.58
-166.54
-166.5
-166.45
-166.43
-166.45
-166.5
-166.54
-166.58
-166.6
-166.55
-166.51
-166.49
-166.44
-166.42
-166.42
-166.46
-166.5
-166.55
-166.59
-166.56
-166.5
-166.48
-166.44
-166.4
-166.4
-166.41
-166.45
-166.47
-166.5
-166.51
-166.45
-166.4
-166.38
-166.35
-166.33
-166.35
-166.39
-166.44
-166.47
-166.5
-166.47
-166.41
-166.39
-166.37
-166.34
-166.34
-166.36
-166.39
-166.43
-166.45
-166.44
-166.39
-166.37
-166.35
-166.32
-166.32
-166.33
-166.4
-166.42
-166.43
-166.42
-166.38
-166.34
-166.33
-166.29
-166.26
-166.25
-166.28
-166.31
-166.33
-166.36
-166.35
-166.29
-166.26
-166.23
-166.2
-166.19
-166.2
-166.26
-166.3
-166.34
-166.37
-166.32
-166.27
-166.24
-166.22
-166.2
-166.2
-166.23
-166.26
-166.29
-166.32
-166.32
-166.27
-166.24
-166.23
-166.23
-166.22
-166.23
-166.26
-166.28
-166.3
-166.31
-166.26
-166.24
-166.22
-166.18
-166.19
-166.2
-166.22
-166.23
-166.25
-166.27
-166.25
-166.2
-166.17
-166.16
-166.13
-166.12
-166.12
-166.16
-166.18
-166.22
-166.21
-166.17
-166.16
-166.14
-166.11
-166.11
-166.11
-166.11
-166.14
-166.18
-166.18
-166.13
-166.09
-166.06
-166.06
-166.04
-166.04
-166.06
-166.08
-166.1
-166.14
-166.13
-166.09
-166.04
-166.01
-165.99
-166
-166.01
-166.06
-166.1
-166.15
-166.18
-166.16
-166.14
-166.14
-166.11
-166.08
-166.1
-166.12
-166.15
-166.17
-166.22
-166.21
-166.18
-166.17
-166.18
-166.17
-166.16
-166.17
-166.2
-166.22
-166.24
-166.25
-166.2
-166.19
-166.18
-166.15
-166.15
-166.16
-166.18
-166.19
-166.23
-166.26
-166.24
-166.2
-166.18
-166.17
-166.16
-166.15
-166.17
-166.2
-166.21
-166.25
-166.26
-166.22
-166.21
-166.21
-166.18
-166.17
-166.18
-166.2
-166.21
-166.24
-166.27
-166.25
-166.21
-166.19
-166.19
-166.16
-166.16
-166.17
-166.19
-166.21
-166.28
-166.27
-166.23
-166.21
-166.2
-166.2
-166.19
-166.2
-166.23
-166.26
-166.31
-166.33
-166.27
-166.24
-166.25
-166.2
-166.18
-166.19
-166.23
-166.24
-166.28
-166.31
-166.3
-166.26
-166.24
-166.25
-166.23
-166.22
-166.23
-166.25
-166.24
-166.27
-166.28
-166.24
-166.22
-166.22
-166.2
-166.18
-166.2
-166.22
-166.23
-166.25
-166.28
-166.28
-166.24
-166.23
-166.23
-166.21
-166.2
-166.21
-166.25
-166.27
-166.33
-166.35
-166.33
-166.33
-166.33
-166.31
-166.31
-166.31
-166.33
-166.35
-166.38
-166.4
-166.37
-166.34
-166.37
-166.37
-166.34
-166.34
-166.36
-166.38
-166.38
-166.41
-166.4
-166.37
-166.35
-166.36
-166.35
-166.35
-166.36
-166.41
-166.44
-166.47
-166.5
-166.47
-166.45
-166.47
-166.45
-166.42
-166.44
-166.46
-166.47
-166.49
-166.51
-166.51
-166.49
-166.5
-166.51
-166.5
-166.47
-166.48
-166.49
-166.5
-166.51
-166.5
-166.45
-166.43
-166.44
-166.41
-166.4
-166.41
-166.43
-166.42
-166.43
-166.44
-166.42
-166.39
-166.37
-166.38
-166.34
-166.33
-166.35
-166.37
-166.35
-166.36
-166.34
-166.32
-166.32
-166.33
-166.31
-166.3
-166.31
-166.33
-166.35
-166.36
-166.35
-166.32
-166.29
-166.31
-166.29
-166.26
-166.27
-166.29
-166.31
-166.32
-166.35
-166.35
-166.33
-166.34
-166.34
-166.33
-166.31
-166.33
-166.35
-166.36
-166.39
-166.4
-166.38
-166.38
-166.42
-166.39
-166.38
-166.39
-166.41
-166.41
-166.42
-166.44
-166.43
-166.41
-166.4
-166.41
-166.38
-166.36
-166.37
-166.38
-166.37
-166.37
-166.36
-166.34
-166.31
-166.31
-166.3
-166.29
-166.29
-166.29
-166.28
-166.28
-166.28
-166.26
-166.23
-166.25
-166.25
-166.25
-166.25
-166.27
-166.27
-166.28
-166.3
-166.3
-166.29
-166.29
-166.29
-166.28
-166.28
-166.29
-166.31
-166.32
-166.32
-166.32
-166.32
-166.29
-166.29
-166.28
-166.26
-166.26
-166.25
-166.24
-166.22
-166.2
-166.19
-166.17
-166.19
-166.19
-166.17
-166.17
-166.17
-166.16
-166.14
-166.13
-166.1
-166.08
-166.06
-166.06
-166.06
-166.05
-166.06
-166.05
-166.05
-166.05
-166.04
-166.03
-165.99
-166
-165.99
-165.99
-165.98
-165.97
-165.94
-165.92
-165.9
-165.89
-165.88
-165.87
-165.88
-165.86
-165.86
-165.87
-165.86
-165.84
-165.83
-165.82
-165.82
-165.82
-165.82
-165.84
-165.83
-165.84
-165.84
-165.85
-165.85
-165.85
-165.85
-165.84
-165.86
-165.86
-165.85
-165.86
-165.86
-165.84
-165.85
-165.85
-165.86
-165.85
-165.82
-165.84
-165.85
-165.85
-165.85
-165.84
-165.81
-165.79
-165.78
-165.76
-165.74
-165.73
-165.76
-165.78
-165.8
-165.79
-165.77
-165.73
-165.7
-165.69
-165.67
-165.67
-165.69
-165.71
-165.71
-165.71
-165.69
-165.66
-165.63
-165.62
-165.64
-165.65
-165.67
-165.71
-165.72
-165.7
-165.67
-165.64
-165.61
-165.59
-165.6
-165.61
-165.62
-165.63
-165.64
-165.65
-165.64
-165.6
-165.56
-165.53
-165.53
-165.53
-165.52
-165.51
-165.54
-165.54
-165.54
-165.51
-165.48
-165.45
-165.44
-165.44
-165.45
-165.45
-165.48
-165.51
-165.52
-165.49
-165.44
-165.4
-165.36
-165.36
-165.38
-165.38
-165.41
-165.46
-165.48
-165.46
-165.4
-165.35
-165.3
-165.27
-165.29
-165.33
-165.36
-165.38
-165.4
-165.4
-165.36
-165.32
-165.28
-165.24
-165.24
-165.26
-165.27
-165.3
-165.32
-165.31
-165.3
-165.26
-165.21
-165.15
-165.11
-165.15
-165.18
-165.2
-165.25
-165.27
-165.25
-165.18
-165.14
-165.09
-165.04
-165.06
-165.09
-165.13
-165.15
-165.18
-165.2
-165.16
-165.1
-165.05
-164.99
-164.99
-165.03
-165.03
-165.06
-165.12
-165.14
-165.13
-165.08
-165.03
-164.94
-164.9
-164.95
-165.03
-165.06
-165.1
-165.15
-165.14
-165.07
-165.02
-164.95
-164.88
-164.91
-164.98
-165.03
-165.06
-165.1
-165.1
-165.06
-164.97
-164.89
-164.78
-164.74
-164.79
-164.81
-164.85
-164.9
-164.95
-164.91
-164.83
-164.75
-164.66
-164.57
-164.58
-164.65
-164.67
-164.7
-164.75
-164.75
-164.69
-164.61
-164.54
-164.48
-164.48
-164.55
-164.57
-164.59
-164.65
-164.67
-164.63
-164.54
-164.44
-164.32
-164.26
-164.32
-164.39
-164.44
-164.5
-164.54
-164.52
-164.43
-164.34
-164.26
-164.17
-164.19
-164.28
-164.31
-164.36
-164.43
-164.44
-164.38
-164.31
-164.24
-164.13
-164.11
-164.21
-164.29
-164.35
-164.41
-164.44
-164.4
-164.3
-164.21
-164.11
-164.06
-164.13
-164.22
-164.26
-164.32
-164.37
-164.36
-164.28
-164.16
-164.03
-163.9
-163.91
-164.04
-164.1
-164.15
-164.25
-164.27
-164.2
-164.09
-163.99
-163.88
-163.85
-163.94
-164.03
-164.08
-164.14
-164.2
-164.17
-164.07
-163.96
-163.85
-163.76
-163.8
-163.91
-163.99
-164.06
-164.12
-164.12
-164.02
-163.9
-163.77
-163.66
-163.63
-163.74
-163.81
-163.88
-163.95
-163.98
-163.92
-163.8
-163.66
-163.51
-163.44
-163.5
-163.61
-163.66
-163.73
-163.78
-163.74
-163.64
-163.51
-163.38
-163.29
-163.32
-163.42
-163.5
-163.55
-163.63
-163.65
-163.56
-163.42
-163.26
-163.16
-163.15
-163.27
-163.38
-163.45
-163.52
-163.55
-163.5
-163.38
-163.21
-163.07
-163.01
-163.09
-163.21
-163.29
-163.35
-163.43
-163.43
-163.31
-163.15
-163.01
-162.91
-162.92
-163.05
-163.18
-163.25
-163.32
-163.35
-163.29
-163.15
-163.01
-162.89
-162.85
-162.96
-163.1
-163.19
-163.26
-163.31
-163.28
-163.15
-162.99
-162.85
-162.77
-162.84
-162.97
-163.07
-163.15
-163.22
-163.21
-163.11
-162.96
-162.79
-162.71
-162.72
-162.84
-162.96
-163.04
-163.13
-163.17
-163.11
-162.95
-162.77
-162.64
-162.6
-162.72
-162.88
-163.01
-163.09
-163.14
-163.12
-162.99
-162.81
-162.67
-162.58
-162.62
-162.76
-162.88
-162.98
-163.05
-163.07
-162.99
-162.82
-162.64
-162.51
-162.51
-162.6
-162.75
-162.87
-162.95
-162.98
-162.93
-162.79
-162.6
-162.48
-162.45
-162.55
-162.66
-162.77
-162.86
-162.92
-162.91
-162.8
-162.63
-162.47
-162.37
-162.42
-162.57
-162.7
-162.81
-162.89
-162.92
-162.83
-162.68
-162.49
-162.36
-162.34
-162.44
-162.61
-162.74
-162.81
-162.85
-162.8
-162.65
-162.47
-162.33
-162.27
-162.34
-162.49
-162.63
-162.74
-162.8
-162.79
-162.7
-162.53
-162.37
-162.31
-162.32
-162.44
-162.59
-162.72
-162.8
-162.84
-162.78
-162.62
-162.45
-162.35
-162.36
-162.46
-162.61
-162.75
-162.84
-162.9
-162.89
-162.77
-162.58
-162.41
-162.33
-162.4
-162.56
-162.7
-162.83
-162.9
-162.9
-162.79
-162.63
-162.45
-162.34
-162.37
-162.5
-162.67
-162.82
-162.89
-162.93
-162.88
-162.73
-162.55
-162.42
-162.4
-162.49
-162.66
-162.83
-162.94
-162.99
-162.97
-162.86
-162.68
-162.52
-162.45
-162.52
-162.6
-162.73
-162.86
-162.94
-162.95
-162.88
-162.71
-162.52
-162.4
-162.42
-162.51
-162.65
-162.8
-162.89
-162.94
-162.91
-162.77
-162.58
-162.43
-162.38
-162.44
-162.57
-162.74
-162.88
-162.94
-162.92
-162.81
-162.64
-162.46
-162.36
-162.4
-162.52
-162.69
-162.84
-162.93
-162.93
-162.85
-162.7
-162.51
-162.39
-162.38
-162.47
-162.62
-162.79
-162.89
-162.93
-162.88
-162.77
-162.6
-162.45
-162.4
-162.47
-162.59
-162.72
-162.86
-162.92
-162.91
-162.84
-162.7
-162.53
-162.43
-162.46
-162.56
-162.71
-162.85
-162.94
-162.97
-162.91
-162.78
-162.61
-162.47
-162.46
-162.53
-162.66
-162.81
-162.95
-163.01
-162.98
-162.87
-162.71
-162.54
-162.46
-162.52
-162.65
-162.8
-162.94
-163.03
-163.03
-162.94
-162.81
-162.64
-162.53
-162.54
-162.64
-162.79
-162.95
-163.05
-163.1
-163.04
-162.92
-162.76
-162.61
-162.56
-162.64
-162.77
-162.92
-163.05
-163.11
-163.1
-163
-162.82
-162.65
-162.57
-162.61
-162.73
-162.87
-163
-163.09
-163.1
-163.03
-162.89
-162.7
-162.56
-162.57
-162.65
-162.8
-162.95
-163.05
-163.1
-163.04
-162.92
-162.76
-162.61
-162.54
-162.6
-162.75
-162.89
-163.02
-163.09
-163.07
-162.98
-162.83
-162.65
-162.56
-162.58
-162.71
-162.86
-163
-163.11
-163.13
-163.04
-162.9
-162.74
-162.59
-162.58
-162.7
-162.87
-163.01
-163.09
-163.16
-163.12
-163
-162.84
-162.7
-162.62
-162.69
-162.84
-162.99
-163.11
-163.19
-163.21
-163.13
-162.99
-162.82
-162.72
-162.75
-162.87
-163.04
-163.18
-163.29
-163.32
-163.26
-163.12
-162.96
-162.81
-162.79
-162.89
-163.05
-163.19
-163.29
-163.35
-163.32
-163.21
-163.05
-162.9
-162.82
-162.87
-163.02
-163.16
-163.28
-163.36
-163.39
-163.3
-163.16
-163.01
-162.9
-162.91
-163.05
-163.21
-163.35
-163.44
-163.49
-163.42
-163.3
-163.15
-163.03
-162.98
-163.05
-163.2
-163.34
-163.45
-163.52
-163.5
-163.38
-163.23
-163.08
-162.99
-163.02
-163.15
-163.3
-163.4
-163.46
-163.48
-163.4
-163.27
-163.14
-163.02
-163
-163.11
-163.25
-163.36
-163.46
-163.52
-163.47
-163.37
-163.23
-163.11
-163.06
-163.14
-163.3
-163.43
-163.5
-163.57
-163.57
-163.47
-163.34
-163.21
-163.11
-163.13
-163.24
-163.35
-163.46
-163.55
-163.59
-163.52
-163.39
-163.25
-163.12
-163.09
-163.2
-163.34
-163.46
-163.56
-163.61
-163.57
-163.45
-163.28
-163.16
-163.12
-163.2
-163.34
-163.49
-163.57
-163.64
-163.64
-163.56
-163.44
-163.32
-163.24
-163.3
-163.44
-163.57
-163.68
-163.75
-163.78
-163.71
-163.6
-163.5
-163.42
-163.4
-163.48
-163.61
-163.71
-163.8
-163.85
-163.83
-163.72
-163.6
-163.49
-163.44
-163.52
-163.64
-163.76
-163.83
-163.9
-163.91
-163.84
-163.73
-163.61
-163.53
-163.57
-163.69
-163.82
-163.9
-163.99
-164.05
-163.99
-163.88
-163.76
-163.67
-163.66
-163.77
-163.91
-164.01
-164.09
-164.14
-164.1
-164.01
-163.91
-163.82
-163.75
-163.79
-163.94
-164.05
-164.13
-164.2
-164.22
-164.14
-164.04
-163.95
-163.89
-163.89
-163.99
-164.13
-164.21
-164.28
-164.31
-164.28
-164.18
-164.11
-164.04
-164
-164.07
-164.18
-164.26
-164.34
-164.4
-164.39
-164.3
-164.2
-164.12
-164.08
-164.12
-164.22
-164.32
-164.36
-164.41
-164.43
-164.36
-164.28
-164.2
-164.12
-164.11
-164.21
-164.33
-164.4
-164.46
-164.51
-164.48
-164.4
-164.32
-164.24
-164.2
-164.28
-164.42
-164.5
-164.57
-164.62
-164.63
-164.54
-164.47
-164.4
-164.34
-164.38
-164.46
-164.55
-164.59
-164.67
-164.71
-164.66
-164.58
-164.5
-164.44
-164.41
-164.5
-164.63
-164.67
-164.72
-164.77
-164.75
-164.66
-164.58
-164.54
-164.5
-164.56
-164.67
-164.76
-164.82
-164.86
-164.87
-164.8
-164.72
-164.67
-164.64
-164.65
-164.74
-164.82
-164.87
-164.91
-164.93
-164.9
-164.83
-164.77
-164.69
-164.66
-164.7
-164.78
-164.86
-164.9
-164.96
-164.96
-164.9
-164.82
-164.73
-164.68
-164.71
-164.78
-164.83
-164.88
-164.94
-164.96
-164.92
-164.85
-164.78
-164.72
-164.69
-164.79
-164.9
-164.93
-164.98
-165.01
-164.99
-164.9
-164.85
-164.81
-164.78
-164.8
-164.87
-164.91
-164.93
-164.95
-164.96
-164.9
-164.82
-164.78
-164.73
-164.74
-164.81
-164.86
-164.89
-164.92
-164.94
-164.91
-164.85
-164.81
-164.76
-164.74
-164.81
-164.91
-164.93
-165
-165.07
-165.06
-165.01
-164.95
-164.89
-164.85
-164.9
-165.01
-165.04
-165.08
-165.14
-165.16
-165.12
-165.06
-165
-164.95
-164.93
-165.02
-165.09
-165.11
-165.16
-165.19
-165.17
-165.11
-165.06
-165.02
-164.99
-165.02
-165.11
-165.14
-165.17
-165.22
-165.22
-165.18
-165.14
-165.1
-165.04
-165.05
-165.12
-165.17
-165.21
-165.25
-165.28
-165.26
-165.21
-165.18
-165.13
-165.09
-165.12
-165.2
-165.21
-165.26
-165.31
-165.29
-165.23
-165.18
-165.12
-165.06
-165.09
-165.18
-165.19
-165.21
-165.25
-165.26
-165.23
-165.17
-165.11
-165.04
-165.05
-165.13
-165.2
-165.21
-165.24
-165.27
-165.24
-165.19
-165.15
-165.08
-165.04
-165.08
-165.18
-165.19
-165.22
-165.25
-165.25
-165.2
-165.14
-165.08
-165
-165
-165.07
-165.1
-165.15
-165.18
-165.19
-165.14
-165.07
-165.02
-164.95
-164.91
-164.96
-165.05
-165.07
-165.11
-165.16
-165.14
-165.08
-165.03
-165
-164.97
-165.01
-165.09
-165.11
-165.13
-165.17
-165.19
-165.17
-165.12
-165.06
-164.99
-165.01
-165.09
-165.15
-165.18
-165.21
-165.23
-165.2
-165.15
-165.11
-165.02
-164.99
-165.05
-165.14
-165.16
-165.18
-165.2
-165.19
-165.16
-165.13
-165.08
-165.01
-165.04
-165.11
-165.15
-165.17
-165.2
-165.21
-165.18
-165.14
-165.1
-165.05
-165.03
-165.08
-165.14
-165.15
-165.16
-165.19
-165.18
-165.12
-165.09
-165.03
-164.98
-165.01
-165.1
-165.12
-165.13
-165.14
-165.14
-165.1
-165.04
-164.97
-164.9
-164.92
-164.97
-165.01
-165.03
-165.05
-165.04
-165.01
-164.98
-164.94
-164.86
-164.84
-164.9
-164.96
-164.96
-164.98
-165.02
-165
-164.96
-164.92
-164.88
-164.81
-164.83
-164.87
-164.88
-164.9
-164.93
-164.95
-164.91
-164.86
-164.81
-164.73
-164.7
-164.77
-164.82
-164.83
-164.86
-164.89
-164.87
-164.82
-164.77
-164.69
-164.64
-164.69
-164.78
-164.82
-164.84
-164.88
-164.89
-164.84
-164.8
-164.75
-164.69
-164.73
-164.82
-164.88
-164.89
-164.92
-164.94
-164.91
-164.86
-164.83
-164.77
-164.73
-164.78
-164.85
-164.85
-164.88
-164.92
-164.91
-164.84
-164.79
-164.72
-164.65
-164.67
-164.73
-164.77
-164.79
-164.84
-164.86
-164.81
-164.75
-164.68
-164.6
-164.59
-164.68
-164.73
-164.78
-164.83
-164.85
-164.82
-164.75
-164.7
-164.63
-164.59
-164.65
-164.76
-164.79
-164.81
-164.86
-164.85
-164.79
-164.75
-164.71
-164.69
-164.71
-164.78
-164.81
-164.82
-164.84
-164.87
-164.84
-164.77
-164.69
-164.61
-164.57
-164.63
-164.69
-164.71
-164.74
-164.74
-164.71
-164.66
-164.6
-164.51
-164.45
-164.48
-164.56
-164.6
-164.62
-164.67
-164.68
-164.62
-164.56
-164.49
-164.42
-164.42
-164.48
-164.53
-164.56
-164.6
-164.62
-164.58
-164.5
-164.43
-164.33
-164.27
-164.31
-164.36
-164.4
-164.45
-164.49
-164.47
-164.38
-164.32
-164.24
-164.18
-164.21
-164.3
-164.34
-164.37
-164.41
-164.41
-164.36
-164.32
-164.24
-164.15
-164.15
-164.24
-164.3
-164.32
-164.36
-164.38
-164.35
-164.27
-164.17
-164.06
-164.01
-164.07
-164.16
-164.21
-164.24
-164.28
-164.26
-164.19
-164.11
-164.01
-163.92
-163.92
-164.03
-164.07
-164.1
-164.17
-164.2
-164.14
-164.06
-163.99
-163.88
-163.81
-163.87
-163.97
-164.04
-164.11
-164.16
-164.13
-164.02
-163.94
-163.84
-163.76
-163.79
-163.88
-163.94
-163.99
-164.04
-164.02
-163.94
-163.85
-163.75
-163.62
-163.61
-163.71
-163.77
-163.78
-163.83
-163.86
-163.81
-163.7
-163.59
-163.47
-163.42
-163.49
-163.6
-163.64
-163.68
-163.72
-163.7
-163.6
-163.49
-163.37
-163.28
-163.3
-163.4
-163.45
-163.49
-163.55
-163.56
-163.48
-163.36
-163.24
-163.1
-163.04
-163.1
-163.2
-163.26
-163.33
-163.36
-163.28
-163.15
-163.05
-162.95
-162.87
-162.9
-163
-163.08
-163.13
-163.19
-163.18
-163.09
-162.98
-162.87
-162.77
-162.77
-162.89
-162.99
-163.05
-163.1
-163.12
-163.02
-162.9
-162.8
-162.7
-162.68
-162.77
-162.86
-162.92
-163.01
-163.04
-163
-162.89
-162.75
-162.62
-162.56
-162.63
-162.79
-162.87
-162.92
-162.98
-162.98
-162.88
-162.73
-162.61
-162.52
-162.54
-162.65
-162.78
-162.87
-162.94
-162.97
-162.91
-162.78
-162.63
-162.52
-162.48
-162.59
-162.72
-162.82
-162.91
-162.96
-162.92
-162.81
-162.67
-162.54
-162.47
-162.5
-162.63
-162.72
-162.78
-162.85
-162.85
-162.74
-162.6
-162.43
-162.32
-162.33
-162.44
-162.53
-162.59
-162.67
-162.69
-162.62
-162.5
-162.33
-162.18
-162.14
-162.23
-162.37
-162.44
-162.54
-162.6
-162.55
-162.42
-162.25
-162.1
-162.01
-162.06
-162.2
-162.31
-162.39
-162.46
-162.46
-162.35
-162.19
-162.01
-161.88
-161.86
-161.97
-162.13
-162.24
-162.33
-162.36
-162.28
-162.14
-161.97
-161.83
-161.78
-161.84
-161.99
-162.14
-162.25
-162.33
-162.3
-162.18
-162
-161.86
-161.77
-161.81
-161.95
-162.1
-162.19
-162.28
-162.29
-162.19
-162.04
-161.85
-161.73
-161.72
-161.82
-161.97
-162.08
-162.15
-162.2
-162.15
-161.99
-161.8
-161.66
-161.62
-161.71
-161.85
-161.99
-162.08
-162.14
-162.13
-162.02
-161.82
-161.65
-161.58
-161.64
-161.79
-161.94
-162.05
-162.15
-162.15
-162.05
-161.87
-161.7
-161.61
-161.62
-161.73
-161.89
-162.03
-162.11
-162.16
-162.11
-161.95
-161.75
-161.59
-161.54
-161.59
-161.74
-161.89
-161.99
-162.05
-162.01
-161.9
-161.71
-161.52
-161.39
-161.42
-161.56
-161.72
-161.85
-161.91
-161.91
-161.81
-161.64
-161.46
-161.34
-161.27
-161.36
-161.5
-161.65
-161.73
-161.79
-161.74
-161.59
-161.36
-161.18
-161.12
-161.18
-161.33
-161.49
-161.61
-161.68
-161.65
-161.52
-161.32
-161.11
-161.03
-161.05
-161.16
-161.32
-161.48
-161.56
-161.61
-161.55
-161.37
-161.15
-161.04
-161.03
-161.15
-161.32
-161.49
-161.59
-161.63
-161.6
-161.48
-161.27
-161.09
-161.04
-161.11
-161.27
-161.44
-161.57
-161.64
-161.62
-161.52
-161.31
-161.11
-161
-161.04
-161.16
-161.33
-161.49
-161.59
-161.62
-161.55
-161.37
-161.14
-160.94
-160.81
-160.83
-160.94
-161.07
-161.16
-161.17
-161.05
-160.8
-160.5
-160.28
-160.17
-160.17
-160.25
-160.38
-160.47
-160.49
-160.42
-160.24
-159.96
-159.68
-159.45
-159.34
-159.32
-159.36
-159.41
-159.38
-159.26
-159.05
-158.73
-158.39
-158.12
-157.96
-157.92
-157.96
-157.98
-157.97
-157.89
-157.73
-157.45
-157.08
-156.73
-156.47
-156.33
-156.28
-156.3
-156.31
-156.22
-156.07
-155.81
-155.46
-155.09
-154.83
-154.67
-154.6
-154.6
-154.61
-154.58
-154.45
-154.24
-153.9
-153.48
-153.09
-152.85
-152.75
-152.69
-152.63
-152.56
-152.46
-152.24
-151.94
-151.57
-151.18
-150.87
-150.69
-150.63
-150.58
-150.5
-150.38
-150.22
-149.95
-149.59
-149.19
-148.81
-148.51
-148.34
-148.25
-148.14
-148.02
-147.86
-147.61
-147.27
-146.89
-146.51
-146.18
-145.98
-145.89
-145.77
-145.6
-145.43
-145.22
-144.88
-144.5
-144.13
-143.76
-143.44
-143.25
-143.13
-142.94
-142.7
-142.5
-142.26
-141.89
-141.52
-141.19
-140.86
-140.59
-140.43
-140.29
-140.05
-139.79
-139.53
-139.21
-138.8
-138.43
-138.11
-137.8
-137.56
-137.4
-137.19
-136.89
-136.58
-136.26
-135.93
-135.59
-135.28
-135
-134.74
-134.49
-134.26
-133.99
-133.64
-133.28
-132.89
-132.53
-132.18
-131.86
-131.6
-131.36
-131.04
-130.7
-130.38
-130.04
-129.65
-129.27
-128.95
-128.68
-128.45
-128.24
-128.02
-127.69
-127.27
-126.89
-126.5
-126.08
-125.69
-125.38
-125.13
-124.92
-124.71
-124.44
-124.07
-123.68
-123.25
-122.81
-122.4
-122
-121.67
-121.43
-121.29
-121.09
-120.77
-120.37
-119.93
-119.42
-118.93
-118.55
-118.23
-117.9
-117.66
-117.51
-117.28
-116.94
-116.54
-116.13
-115.64
-115.15
-114.77
-114.48
-114.24
-113.99
-113.75
-113.46
-113.13
-112.75
-112.31
-111.86
-111.43
-111.04
-110.75
-110.55
-110.31
-109.97
-109.6
-109.25
-108.88
-108.45
-108.04
-107.69
-107.38
-107.11
-106.85
-106.57
-106.23
-105.84
-105.4
-104.98
-104.58
-104.25
-103.96
-103.73
-103.53
-103.26
-102.9
-102.5
-102.11
-101.66
-101.2
-100.83
-100.53
-100.29
-100.09
-99.883
-99.574
-99.164
-98.729
-98.281
-97.826
-97.419
-97.078
-96.735
-96.467
-96.276
-96.056
-95.73
-95.338
-94.886
-94.413
-93.957
-93.585
-93.268
-93.002
-92.758
-92.444
-92.107
-91.753
-91.404
-90.99
-90.562
-90.142
-89.781
-89.498
-89.247
-88.978
-88.675
-88.286
-87.837
-87.412
-86.994
-86.632
-86.304
-86.03
-85.785
-85.517
-85.199
-84.824
-84.454
-84.066
-83.606
-83.116
-82.74
-82.466
-82.28
-82.085
-81.817
-81.445
-81.039
-80.628
-80.168
-79.717
-79.346
-79.005
-78.652
-78.347
-78.131
-77.89
-77.554
-77.153
-76.723
-76.285
-75.877
-75.536
-75.236
-75.016
-74.783
-74.422
-74.006
-73.626
-73.271
-72.857
-72.44
-72.08
-71.776
-71.542
-71.328
-71.075
-70.72
-70.339
-69.906
-69.413
-68.948
-68.58
-68.287
-68.037
-67.831
-67.604
-67.301
-66.931
-66.549
-66.135
-65.676
-65.253
-64.906
-64.602
-64.352
-64.126
-63.867
-63.543
-63.17
-62.755
-62.345
-61.946
-61.598
-61.288
-61.01
-60.767
-60.489
-60.13
-59.709
-59.275
-58.826
-58.409
-58.045
-57.741
-57.488
-57.277
-57.017
-56.68
-56.291
-55.879
-55.446
-54.983
-54.55
-54.194
-53.895
-53.668
-53.44
-53.17
-52.839
-52.46
-52.053
-51.595
-51.177
-50.831
-50.546
-50.314
-50.048
-49.731
-49.375
-49.011
-48.605
-48.176
-47.764
-47.398
-47.101
-46.872
-46.649
-46.396
-46.057
-45.681
-45.276
-44.816
-44.353
-43.954
-43.633
-43.355
-43.116
-42.866
-42.58
-42.228
-41.851
-41.43
-40.985
-40.575
-40.228
-39.922
-39.655
-39.41
-39.118
-38.778
-38.385
-37.963
-37.532
-37.135
-36.799
-36.5
-36.227
-35.997
-35.779
-35.473
-35.091
-34.651
-34.191
-33.742
-33.364
-33.036
-32.743
-32.501
-32.273
-32.054
-31.728
-31.346
-30.918
-30.477
-30.085
-29.758
-29.46
-29.199
-28.955
-28.659
-28.317
-27.924
-27.494
-27.05
-26.655
-26.32
-26.038
-25.792
-25.578
-25.321
-25.027
-24.664
-24.24
-23.774
-23.316
-22.915
-22.558
-22.267
-22.027
-21.757
-21.469
-21.125
-20.731
-20.282
-19.836
-19.44
-19.122
-18.832
-18.573
-18.306
-17.986
-17.626
-17.242
-16.814
-16.333
-15.88
-15.551
-15.303
-15.087
-14.856
-14.568
-14.228
-13.886
-13.527
-13.089
-12.627
-12.209
-11.872
-11.622
-11.418
-11.211
-10.977
-10.671
-10.387
-10.057
-9.6566
-9.2906
-9.0328
-8.876
-8.7643
-8.6065
-8.3447
-7.9987
-7.654
-7.3061
-6.9203
-6.5466
-6.2181
-5.9693
-5.806
-5.6969
-5.5883
-5.3782
-5.1403
-4.8785
-4.581
-4.2817
-4.031
-3.8333
-3.6887
-3.5913
-3.474
-3.2915
-3.034
-2.7514
-2.4364
-2.1255
-1.8701
-1.6564
-1.4938
-1.4143
-1.365
-1.274
-1.0994
-0.9056
-0.65955
-0.35768
-0.083665
0.109
0.26356
0.37736
0.45933
0.568
0.74022
0.91979
1.1103
1.3636
1.6477
1.8749
2.0335
2.0994
2.1168
2.1252
2.2262
2.4056
2.5747
2.7636
3.0073
3.2688
3.4598
3.5812
3.6339
3.6335
3.676
3.8218
4.0006
4.152
4.3201
4.5318
4.7337
4.8782
4.9772
4.9874
4.9826
5.039
5.1782
5.3548
5.5282
5.6995
5.8647
5.9936
6.1121
6.2065
6.2231
6.2062
6.2581
6.3779
6.4976
6.6484
6.839
6.9803
7.0357
7.0831
7.1626
7.1902
7.1901
7.2268
7.3026
7.3758
7.5054
7.6733
7.823
7.8732
7.889
7.9188
7.9204
7.9332
8.008
8.1019
8.1602
8.2474
8.3707
8.4943
8.5679
8.603
8.6079
8.5751
8.5679
8.6383
8.7095
8.7485
8.7927
8.8658
8.9649
9.0477
9.0989
9.1362
9.1272
9.0998
9.1346
9.2265
9.2883
9.3449
9.3896
9.4521
9.4962
9.5268
9.5552
9.5427
9.4894
9.4442
9.4512
9.4968
9.5447
9.6211
9.711
9.7752
9.8009
9.8044
9.8356
9.8475
9.8012
9.7789
9.7973
9.811
9.8368
9.905
9.9824
9.9997
9.9793
9.9608
9.9304
9.8769
9.8257
9.8292
9.8505
9.8213
9.8178
9.8768
9.9624
10.014
9.9946
9.9479
9.8853
9.8009
9.7892
9.8414
9.86
9.7957
9.7656
9.7905
9.8306
9.8445
9.843
9.8361
9.7812
9.6831
9.6583
9.7212
9.7808
9.7793
9.7765
9.798
9.8072
9.8138
9.8413
9.8709
9.8307
9.7287
9.6589
9.6606
9.6809
9.6865
9.7023
9.7239
9.722
9.7081
9.7173
9.7249
9.7291
9.7063
9.6504
9.6129
9.5881
9.5658
9.5644
9.6006
9.6205
9.6091
9.5882
9.5677
9.5606
9.5427
9.4982
9.4668
9.4457
9.4341
9.4066
9.4221
9.4692
9.5362
9.5628
9.5463
9.5282
9.5019
9.4844
9.4814
9.4788
9.4596
9.4262
9.3846
9.374
9.4053
9.4574
9.4694
9.4417
9.3883
9.3524
9.3385
9.3405
9.3454
9.3509
9.3235
9.2562
9.2652
9.2895
9.3452
9.374
9.3706
9.321
9.2883
9.268
9.2233
9.2012
9.2054
9.1854
9.115
9.1019
9.1182
9.1838
9.2007
9.1952
9.192
9.1598
9.1498
9.1318
9.1336
9.1565
9.1359
9.0656
9.0583
9.0848
9.114
9.1277
9.121
9.0953
9.0672
9.0581
9.017
8.9912
8.9922
8.9813
8.9185
8.8473
8.8851
8.9456
8.9782
8.9908
8.9992
9.0056
8.9999
8.9887
8.975
8.9804
8.9612
8.9016
8.8249
8.8192
8.8726
8.8908
8.8705
8.8554
8.863
8.8759
8.8904
8.89
8.8893
8.8506
8.8134
8.7742
8.7374
8.7399
8.767
8.7703
8.7709
8.764
8.7758
8.7664
8.744
8.7507
8.7286
8.6898
8.6459
8.6053
8.5693
8.5658
8.6021
8.646
8.6639
8.6692
8.6907
8.7143
8.739
8.7508
8.7269
8.6986
8.6717
8.6382
8.6067
8.5784
8.5863
8.6038
8.6134
8.5976
8.5793
8.5864
8.5792
8.5762
8.5849
8.5726
8.5618
8.5283
8.4814
8.463
8.4628
8.4891
8.4977
8.4995
8.5089
8.5246
8.533
8.5211
8.5031
8.5166
8.502
8.4944
8.4462
8.4008
8.3833
8.3873
8.3974
8.4105
8.4241
8.4415
8.445
8.4512
8.4411
8.4619
8.4936
8.5038
8.478
8.4293
8.3813
8.3753
8.369
8.3615
8.3517
8.3499
8.3614
8.3465
8.3468
8.3302
8.3172
8.3142
8.317
8.3069
8.2733
8.2399
8.2213
8.21
8.2179
8.2174
8.233
8.2624
8.2727
8.2716
8.2454
8.238
8.2563
8.2628
8.2534
8.2085
8.1711
8.1342
8.1162
8.082
8.0517
8.0378
8.0574
8.0839
8.0866
8.071
8.0403
8.0358
8.0718
8.0943
8.0914
8.0471
7.998
7.9763
7.9603
7.9476
7.9096
7.8983
7.9212
7.9481
7.942
7.9094
7.895
7.9113
7.9356
7.9245
7.8974
7.8727
7.8541
7.836
7.8011
7.7743
7.752
7.7638
7.8136
7.8535
7.8392
7.7984
7.7877
7.8086
7.8305
7.8463
7.8176
7.7833
7.7213
7.695
7.6713
7.6606
7.6115
7.5807
7.6073
7.6607
7.682
7.6512
7.6319
7.6219
7.6447
7.6909
7.7106
7.7012
7.6623
7.6272
7.6079
7.6106
7.6016
7.5823
7.5783
7.6076
7.6345
7.6109
7.5777
7.5611
7.5786
7.602
7.6173
7.5939
7.5533
7.5223
7.5104
7.4926
7.4564
7.4289
7.4106
7.4435
7.4932
7.5306
7.5127
7.4839
7.4732
7.4799
7.5016
7.4899
7.4873
7.455
7.4546
7.4454
7.4359
7.4057
7.3785
7.3561
7.3655
7.3938
7.3977
7.3887
7.3631
7.3649
7.361
7.3758
7.3874
7.4028
7.3951
7.3742
7.3516
7.3348
7.3066
7.2733
7.2671
7.2619
7.2758
7.282
7.2836
7.2708
7.2655
7.2645
7.2882
7.2879
7.2831
7.2719
7.2664
7.2635
7.2462
7.2395
7.2043
7.1822
7.1768
7.2302
7.2637
7.2787
7.2589
7.2523
7.2658
7.2921
7.3179
7.3056
7.2902
7.2642
7.2865
7.2705
7.2507
7.2048
7.1511
7.1103
7.124
7.1609
7.1714
7.1422
7.113
7.1052
7.1195
7.1425
7.1686
7.1667
7.1598
7.1608
7.1696
7.1738
7.1627
7.1249
7.0802
7.0691
7.0753
7.1038
7.0987
7.0872
7.0487
7.0366
7.0413
7.0749
7.0884
7.0863
7.0763
7.0657
7.0721
7.0775
7.0702
7.0524
7.0179
7.0001
6.9988
7.0277
7.0437
7.0275
6.9854
6.9667
6.9688
6.9849
7.0164
7.0214
7.0162
6.9953
6.9867
6.9757
6.9663
6.9541
6.9396
6.9002
6.8692
6.8684
6.8863
6.8819
6.8718
6.8308
6.8349
6.8255
6.8581
6.8802
6.8951
6.8672
6.8531
6.8444
6.8568
6.8582
6.8601
6.825
6.785
6.748
6.7452
6.7307
6.7342
6.6997
6.6787
6.6571
6.6657
6.6706
6.6683
6.6736
6.6742
6.6672
6.6645
6.6521
6.6677
6.659
6.6628
6.6316
6.6072
6.5898
6.6095
6.6195
6.6288
6.5989
6.5787
6.5586
6.5763
6.5939
6.6191
6.6073
6.6021
6.5764
6.5639
6.5634
6.5857
6.5783
6.5316
6.4757
6.4308
6.4248
6.4529
6.4603
6.4576
6.4115
6.378
6.3842
6.4257
6.464
6.4705
6.464
6.4337
6.4137
6.4245
6.4627
6.4946
6.4867
6.4643
6.4272
6.385
6.3971
6.4108
6.4402
6.4219
6.3806
6.3397
6.3367
6.358
6.3853
6.3967
6.3867
6.3484
6.3413
6.3414
6.3716
6.3769
6.3779
6.3388
6.2991
6.2639
6.269
6.2997
6.308
6.2894
6.2662
6.2351
6.2189
6.2434
6.2535
6.2593
6.2357
6.2274
6.2127
6.2195
6.2322
6.2328
6.2165
6.1994
6.168
6.1541
6.1435
6.1558
6.1604
6.1324
6.1165
6.1063
6.1078
6.1101
6.1327
6.1262
6.1268
6.1289
6.1336
6.1205
6.122
6.1136
6.1217
6.1123
6.0855
6.0731
6.063
6.0509
6.0381
6.0131
5.9825
5.9668
5.9581
5.9684
5.9749
5.9716
5.9552
5.9649
5.9618
5.9635
5.9738
5.9725
5.9799
5.9881
6.0003
5.9999
6.006
5.991
5.9858
5.954
5.9451
5.9293
5.9185
5.9036
5.8939
5.8872
5.8692
5.8721
5.8527
5.8506
5.8295
5.8184
5.8078
5.8141
5.8216
5.8422
5.846
5.8386
5.8215
5.796
5.8076
5.7879
5.8078
5.7985
5.7991
5.8082
5.8072
5.7988
5.8015
5.7955
5.808
5.8144
5.803
5.8209
5.7863
5.7896
5.7912
5.8029
5.8082
5.7888
5.7633
5.7208
5.6841
5.6846
5.6934
5.691
5.6785
5.6289
5.6
5.5869
5.5905
5.6137
5.6197
5.6099
5.6002
5.5939
5.6057
5.6204
5.6417
5.664
5.6648
5.6582
5.6556
5.6265
5.6305
5.6092
5.6103
5.6113
5.5875
5.5725
5.5271
5.5009
5.4812
5.4629
5.4541
5.4517
5.4316
5.4323
5.4092
5.4066
5.4007
5.4038
5.4151
5.4146
5.4113
5.407
5.3961
5.3951
5.3922
5.4088
5.4049
5.4019
5.3812
5.3606
5.345
5.3405
5.3509
5.3497
5.3601
5.3598
5.3409
5.3227
5.3045
5.3046
5.308
5.31
5.3097
5.3052
5.2953
5.2862
5.268
5.2537
5.2524
5.2429
5.252
5.2325
5.221
5.2011
5.1907
5.2061
5.22
5.2399
5.2313
5.2252
5.2159
5.2199
5.2258
5.2131
5.2244
5.2041
5.2196
5.232
5.2337
5.2322
5.196
5.187
5.1742
5.1741
5.1681
5.1506
5.1275
5.1041
5.1043
5.1219
5.1387
5.1369
5.1165
5.1238
5.1118
5.1123
5.1069
5.1275
5.1581
5.1757
5.1796
5.183
5.1873
5.1607
5.1459
5.1285
5.131
5.1317
5.104
5.1082
5.0862
5.0647
5.0532
5.043
5.0416
5.0161
4.9923
4.99
4.9707
4.9572
4.9429
4.967
4.972
4.9976
4.9899
4.978
4.9753
4.9549
4.9424
4.9221
4.9383
4.9576
4.9816
4.9807
4.9592
4.9264
4.8892
4.8949
4.9021
4.9002
4.8816
4.835
4.8344
4.8265
4.8294
4.8309
4.8171
4.8082
4.8116
4.8078
4.8232
4.822
4.7976
4.7626
4.756
4.7695
4.7902
4.8057
4.7776
4.7696
4.7354
4.7268
4.7214
4.7176
4.7216
4.7313
4.7494
4.745
4.7475
4.7243
4.7146
4.7151
4.7162
4.716
4.7104
4.674
4.6927
4.6986
4.6961
4.6828
4.6351
4.6247
4.6088
4.6227
4.6294
4.6059
4.5523
4.5108
4.5104
4.5432
4.5732
4.5785
4.5563
4.5396
4.5475
4.555
4.5834
4.5802
4.5805
4.588
4.6244
4.6437
4.6527
4.6438
4.6169
4.6143
4.5961
4.601
4.5914
4.5608
4.5366
4.5414
4.5133
4.5045
4.4617
4.4344
4.4199
4.4096
4.4225
4.4249
4.4175
4.3794
4.3755
4.3819
4.414
4.4396
4.4453
4.4282
4.4305
4.4328
4.4306
4.4298
4.4221
4.42
4.4232
4.4442
4.4609
4.45
4.4197
4.3772
4.361
4.3487
4.3537
4.3507
4.3009
4.2922
4.2892
4.294
4.2865
4.2703
4.231
4.2253
4.2083
4.231
4.2379
4.2272
4.1968
4.176
4.1738
4.1791
4.199
4.2057
4.1899
4.1892
4.1716
4.1703
4.1753
4.1737
4.1633
4.1668
4.1838
4.1965
4.2076
4.2071
4.1931
4.1791
4.1829
4.1677
4.1845
4.1753
4.1667
4.1683
4.1548
4.1593
4.1587
4.1241
4.1031
4.0722
4.0861
4.0841
4.0942
4.0665
4.0439
4.0228
4.0288
4.0273
4.0523
4.0452
4.0304
4.0229
4.0191
4.0266
4.0622
4.0689
4.0848
4.0745
4.0966
4.1081
4.1282
4.1326
4.1264
4.1279
4.1151
4.0916
4.1075
4.0943
4.0951
4.0896
4.0798
4.0512
4.0551
4.0099
3.9939
3.9685
3.9737
3.9676
3.9579
3.9375
3.9298
3.9198
3.9338
3.9261
3.9529
3.9483
3.9444
3.9423
3.95
3.9544
3.983
4.0048
4.0124
4.0096
4.0119
4.0149
4.0361
4.043
4.0363
3.9973
3.9809
3.9602
3.9518
3.9516
3.9034
3.8728
3.8608
3.8309
3.8162
3.7881
3.7527
3.7246
3.7018
3.7129
3.7144
3.7292
3.7052
3.6794
3.6731
3.6894
3.7026
3.7273
3.7233
3.7057
3.6963
3.7155
3.7294
3.7726
3.7704
3.7617
3.7472
3.7473
3.7604
3.764
3.7596
3.7309
3.6867
3.6859
3.6841
3.6805
3.686
3.6508
3.6415
3.6355
3.631
3.6147
3.6081
3.5695
3.5508
3.5555
3.5788
3.5901
3.5905
3.5659
3.542
3.5192
3.5293
3.5368
3.54
3.5417
3.5102
3.5001
3.5038
3.5143
3.5254
3.5501
3.537
3.5394
3.541
3.5688
3.5754
3.5856
3.5848
3.5684
3.5663
3.5702
3.5825
3.5864
3.5869
3.5537
3.5454
3.544
3.514
3.484
3.4707
3.4337
3.4151
3.4234
3.4359
3.4369
3.4039
3.3702
3.331
3.3225
3.3303
3.3407
3.3306
3.3411
3.3165
3.3171
3.328
3.3393
3.3522
3.3577
3.3542
3.332
3.3621
3.3905
3.4166
3.4242
3.414
3.3827
3.3595
3.3698
3.3732
3.3429
3.3231
3.2882
3.2498
3.2738
3.2646
3.2437
3.2065
3.1589
3.1163
3.123
3.137
3.1423
3.1113
3.0694
3.0562
3.0389
3.0763
3.0942
3.0996
3.1
3.0941
3.0892
3.1056
3.1551
3.174
3.1721
3.1646
3.1509
3.1472
3.1834
3.2075
3.2172
3.2024
3.1739
3.1576
3.1443
3.1673
3.1542
3.1062
3.079
3.0561
3.0351
3.0572
3.0521
3.007
2.9868
2.9495
2.9405
2.9543
2.9703
2.9666
2.9316
2.9193
2.9218
2.9395
2.9662
2.9927
2.9874
2.973
2.9718
2.9675
2.9777
3.0071
3.0307
3.0278
3.0318
3.0258
3.0187
3.0327
3.0318
3.0273
3.0117
3.001
2.987
2.9839
2.9763
2.9792
2.961
2.9402
2.9449
2.8982
2.8922
2.9065
2.8798
2.857
2.8428
2.8356
2.842
2.8589
2.8605
2.8437
2.812
2.797
2.7966
2.7952
2.8118
2.8114
2.8037
2.7843
2.7806
2.7689
2.7516
2.7648
2.7575
2.7523
2.7534
2.7638
2.7528
2.7586
2.7704
2.7657
2.7792
2.759
2.7415
2.7295
2.7161
2.733
2.7218
2.71
2.7134
2.6995
2.6796
2.6865
2.6589
2.604
2.5757
2.5472
2.5588
2.583
2.5882
2.5719
2.5369
2.5226
2.514
2.5027
2.4838
2.4871
2.4771
2.4517
2.4612
2.4649
2.4719
2.4807
2.5087
2.5163
2.4901
2.4998
2.5035
2.515
2.5547
2.5659
2.5735
2.5717
2.5626
2.5654
2.5679
2.5667
2.5511
2.5225
2.4872
2.4915
2.4864
2.4639
2.4649
2.428
2.3892
2.364
2.3472
2.3447
2.3476
2.3404
2.3081
2.2891
2.2667
2.2751
2.2954
2.3089
2.3423
2.3223
2.2957
2.2903
2.3009
2.3305
2.3518
2.38
2.3779
2.36
2.3727
2.3994
2.4218
2.4227
2.4127
2.3881
2.3802
2.395
2.3929
2.3862
2.3675
2.352
2.3359
2.3016
2.2893
2.2722
2.2307
2.2076
2.1946
2.1648
2.1226
2.1379
2.1515
2.1689
2.186
2.1423
2.0987
2.0678
2.0649
2.1046
2.1212
2.1248
2.1137
2.0836
2.0691
2.0994
2.1372
2.1253
2.1046
2.0922
2.08
2.1068
2.1351
2.1353
2.1154
2.0985
2.1029
2.1036
2.0929
2.0599
2.0318
2.0193
2.0142
2.0329
2.0168
1.9886
1.9882
1.9927
1.9985
1.9727
1.9414
1.8978
1.8692
1.9136
1.9603
1.9681
1.9557
1.9163
1.8803
1.8741
1.9054
1.923
1.9078
1.8731
1.8411
1.8418
1.8536
1.859
1.8738
1.8644
1.8363
1.8433
1.8593
1.8622
1.8608
1.8667
1.8432
1.8479
1.8803
1.8726
1.8736
1.8737
1.8733
1.907
1.9052
1.8765
1.8655
1.8427
1.8373
1.8629
1.8679
1.8389
1.7946
1.7644
1.7502
1.792
1.8353
1.8269
1.7844
1.7335
1.7132
1.7172
1.719
1.7245
1.7141
1.6788
1.6585
1.6568
1.6607
1.6526
1.6373
1.638
1.6291
1.6266
1.6368
1.6594
1.6708
1.6766
1.7162
1.7115
1.6901
1.7067
1.6933
1.6736
1.6905
1.7112
1.7235
1.7074
1.6654
1.649
1.648
1.6485
1.6299
1.604
1.5504
1.4855
1.4587
1.4753
1.4991
1.5276
1.5173
1.4585
1.4124
1.3913
1.3898
1.3934
1.3737
1.3484
1.3296
1.3239
1.3095
1.3386
1.3759
1.3685
1.379
1.3976
1.3852
1.3976
1.4257
1.4404
1.4563
1.4788
1.5026
1.473
1.4602
1.4672
1.4529
1.4543
1.4636
1.4545
1.4301
1.3825
1.3484
1.3586
1.3566
1.3313
1.2906
1.2288
1.1655
1.125
1.1361
1.1742
1.1735
1.1428
1.1049
1.0807
1.092
1.1028
1.1258
1.1297
1.1201
1.1365
1.1441
1.1423
1.1642
1.187
1.2202
1.2503
1.2673
1.2899
1.2921
1.2784
1.2944
1.3332
1.3461
1.3476
1.353
1.3337
1.303
1.303
1.3216
1.3126
1.2926
1.252
1.1848
1.161
1.1586
1.1406
1.1322
1.0871
1.0291
0.98087
0.95603
0.97717
1.0036
1.04
1.0477
1.0075
0.99045
0.99361
0.97902
1.0035
1.0186
1.033
1.0544
1.049
1.0329
1.0168
1.0138
1.0268
1.0613
1.0931
1.0954
1.0699
1.0673
1.0631
1.0551
1.0894
1.1011
1.0503
1.0358
1.0251
0.98549
0.97966
0.99234
0.98965
0.95095
0.90798
0.88494
0.86409
0.87131
0.86991
0.82066
0.79249
0.7592
0.73712
0.74134
0.74324
0.76531
0.80801
0.83633
0.84479
0.83454
0.81695
0.80568
0.79177
0.79125
0.80816
0.83411
0.84376
0.82574
0.79927
0.80087
0.81481
0.82279
0.84061
0.85262
0.82325
0.80464
0.80694
0.81132
0.82272
0.83439
0.82278
0.792
0.75355
0.75766
0.77497
0.77415
0.77712
0.7505
0.73094
0.74698
0.75506
0.7744
0.78207
0.74724
0.71858
0.69732
0.68656
0.69156
0.70142
0.70346
0.72351
0.72443
0.71443
0.72597
0.73908
0.72122
0.6971
0.69445
0.69655
0.67779
0.66876
0.68723
0.67014
0.63536
0.63839
0.65276
0.65433
0.66371
0.65507
0.64204
0.62754
0.61994
0.62784
0.65323
0.66954
0.67022
0.65991
0.66399
0.66824
0.66344
0.67957
0.67387
0.63495
0.62984
0.65069
0.64518
0.65448
0.66365
0.61877
0.57287
0.54493
0.54257
0.54613
0.54107
0.54711
0.53267
0.52237
0.50862
0.48196
0.45624
0.47952
0.4805
0.43972
0.4244
0.4315
0.4035
0.38735
0.38813
0.37732
0.37474
0.38144
0.39415
0.40292
0.4103
0.41624
0.40416
0.40885
0.43914
0.4513
0.46193
0.49459
0.49234
0.46954
0.50281
0.53295
0.51877
0.52546
0.52028
0.47564
0.45037
0.46356
0.47945
0.46105
0.43886
0.4118
0.37421
0.34274
0.32352
0.31638
0.30309
0.32358
0.32095
0.26536
0.24544
0.23857
0.21131
0.19788
0.21762
0.21341
0.19203
0.19235
0.21125
0.20797
0.20686
0.22894
0.25906
0.25945
0.27704
0.30931
0.31355
0.32852
0.35442
0.35716
0.39749
0.4532
0.47449
0.47442
0.47353
0.44873
0.40315
0.40809
0.44601
0.44524
0.40929
0.38643
0.38141
0.33272
0.31093
0.3177
0.30349
0.26172
0.23323
0.19322
0.1504
0.15074
0.14421
0.10898
0.10309
0.091237
0.051922
0.025601
0.048426
0.062019
0.050625
0.043608
0.064457
0.064332
0.054814
0.078029
0.11045
0.094299
0.10697
0.13538
0.15171
0.17331
0.21039
0.22595
0.22139
0.20991
0.2061
0.21132
0.24634
0.27472
0.27045
0.23012
0.23031
0.2257
0.18494
0.16921
0.18793
0.17128
0.10916
0.090681
0.082443
0.034957
0.011255
0.0020177
-0.022997
-0.071877
-0.098915
-0.12623
-0.14935
-0.14901
-0.15783
-0.16866
-0.17421
-0.15895
-0.15285
-0.17187
-0.15866
-0.11646
-0.1189
-0.13002
-0.086857
-0.056729
-0.049553
-0.013927
0.02727
0.02548
-0.0066627
-0.014455
0.0014966
0.029513
0.058796
0.082892
0.087505
0.080242
0.085964
0.091091
0.069735
0.08858
0.10473
0.074592
0.040456
0.057492
0.045625
-0.0068922
-0.018186
-0.020799
-0.07545
-0.12598
-0.12898
-0.13627
-0.18094
-0.20548
-0.20786
-0.20606
-0.23153
-0.23943
-0.2379
-0.24905
-0.23975
-0.21791
-0.22126
-0.22812
-0.18612
-0.15405
-0.15012
-0.11259
-0.08045
-0.10463
-0.14136
-0.12349
-0.08419
-0.071687
-0.055884
-0.032726
-0.023026
-0.049672
-0.053975
-0.035997
-0.026389
-0.031639
-0.031916
-0.039622
-0.065032
-0.075025
-0.078392
-0.11097
-0.12829
-0.13475
-0.1747
-0.23519
-0.22168
-0.23371
-0.28692
-0.31509
-0.30675
-0.3198
-0.35556
-0.36727
-0.35988
-0.35501
-0.38016
-0.36893
-0.34218
-0.35438
-0.35398
-0.31599
-0.28713
-0.26494
-0.23755
-0.26332
-0.30283
-0.29598
-0.26007
-0.2316
-0.22412
-0.19985
-0.20024
-0.21962
-0.23475
-0.21428
-0.19502
-0.2066
-0.22183
-0.22731
-0.22918
-0.26148
-0.26792
-0.25457
-0.26456
-0.29546
-0.30767
-0.33362
-0.36626
-0.35423
-0.35592
-0.3842
-0.37771
-0.37219
-0.39066
-0.41831
-0.40573
-0.4002
-0.3998
-0.41455
-0.39701
-0.37806
-0.38943
-0.38465
-0.33577
-0.29152
-0.29391
-0.30133
-0.32038
-0.34153
-0.3571
-0.32616
-0.28916
-0.27935
-0.27713
-0.29193
-0.2938
-0.2901
-0.27185
-0.25553
-0.25729
-0.2814
-0.2986
-0.30687
-0.33398
-0.34517
-0.33231
-0.33442
-0.37368
-0.39868
-0.38742
-0.40924
-0.43106
-0.40865
-0.39648
-0.41679
-0.4087
-0.41166
-0.42744
-0.43025
-0.41623
-0.40502
-0.3996
-0.39056
-0.39382
-0.39587
-0.38335
-0.34628
-0.31401
-0.3132
-0.33346
-0.35772
-0.3787
-0.40069
-0.38729
-0.35047
-0.34827
-0.37493
-0.39273
-0.40448
-0.41966
-0.4204
-0.41614
-0.41327
-0.42356
-0.44551
-0.47385
-0.49088
-0.49387
-0.49976
-0.51213
-0.53225
-0.56228
-0.58733
-0.58007
-0.60659
-0.62039
-0.59043
-0.58132
-0.60366
-0.60938
-0.592
-0.59774
-0.58905
-0.55883
-0.53842
-0.55299
-0.54248
-0.54492
-0.52804
-0.49026
-0.45888
-0.42996
-0.43763
-0.45915
-0.51415
-0.54674
-0.52827
-0.46906
-0.4587
-0.47831
-0.50631
-0.50781
-0.51004
-0.51681
-0.49954
-0.47975
-0.48407
-0.52931
-0.55436
-0.57649
-0.57047
-0.563
-0.55581
-0.58203
-0.6076
-0.6141
-0.63197
-0.63842
-0.61752
-0.61345
-0.63145
-0.63634
-0.65043
-0.64128
-0.63982
-0.63847
-0.6362
-0.61086
-0.58598
-0.60603
-0.60023
-0.55778
-0.53883
-0.53744
-0.51796
-0.47624
-0.46055
-0.50858
-0.54623
-0.56609
-0.56206
-0.51888
-0.48843
-0.49851
-0.5243
-0.52469
-0.53023
-0.54124
-0.53671
-0.50052
-0.50532
-0.55261
-0.5765
-0.568
-0.56172
-0.60029
-0.61239
-0.61408
-0.633
-0.67363
-0.67846
-0.68043
-0.69093
-0.71493
-0.70837
-0.7203
-0.74765
-0.74414
-0.74208
-0.75469
-0.77374
-0.75108
-0.74578
-0.75862
-0.77826
-0.75143
-0.72851
-0.71657
-0.70834
-0.66548
-0.63689
-0.67628
-0.73596
-0.73792
-0.6882
-0.68971
-0.69419
-0.66825
-0.65406
-0.68979
-0.69842
-0.67748
-0.66256
-0.66668
-0.66546
-0.67178
-0.69831
-0.708
-0.71295
-0.71946
-0.74006
-0.74966
-0.75737
-0.77385
-0.80455
-0.81356
-0.80544
-0.82297
-0.86709
-0.87096
-0.841
-0.85976
-0.88075
-0.86135
-0.8449
-0.85781
-0.85369
-0.83578
-0.83745
-0.84154
-0.81011
-0.79246
-0.77986
-0.76519
-0.72676
-0.71934
-0.757
-0.77116
-0.76312
-0.75027
-0.73079
-0.71864
-0.72433
-0.71882
-0.72455
-0.73809
-0.74955
-0.71578
-0.71827
-0.73313
-0.74369
-0.73997
-0.76237
-0.77688
-0.78139
-0.7895
-0.80162
-0.80692
-0.8217
-0.84761
-0.8352
-0.8446
-0.86975
-0.89771
-0.88528
-0.88507
-0.88987
-0.89068
-0.87744
-0.87086
-0.871
-0.8865
-0.87939
-0.86413
-0.85203
-0.85476
-0.83572
-0.81034
-0.79756
-0.78484
-0.776
-0.77918
-0.8156
-0.81939
-0.78751
-0.77969
-0.79388
-0.77427
-0.77789
-0.82849
-0.86682
-0.83979
-0.82812
-0.85475
-0.87597
-0.86984
-0.87347
-0.90885
-0.93315
-0.93204
-0.91966
-0.94447
-0.97173
-0.97933
-0.97366
-1.0003
-1.0276
-1.0422
-1.0309
-1.0451
-1.0436
-1.014
-1.0049
-1.0295
-1.007
-0.98253
-0.98831
-1.0111
-0.96714
-0.95389
-0.96448
-0.97173
-0.9304
-0.89481
-0.89609
-0.90666
-0.89575
-0.86727
-0.86831
-0.88771
-0.89425
-0.87899
-0.86989
-0.88895
-0.90125
-0.88999
-0.89665
-0.91364
-0.91883
-0.91458
-0.93271
-0.92884
-0.91994
-0.95174
-0.99195
-0.97772
-0.95745
-0.981
-1.0082
-0.99529
-0.9879
-1.0268
-1.055
-1.0509
-1.032
-1.0483
-1.0437
-1.0509
-1.0387
-1.0183
-1.0154
-1.0321
-1.0167
-0.97958
-0.96509
-0.9681
-0.94709
-0.9459
-0.92155
-0.91174
-0.88876
-0.889
-0.85994
-0.84387
-0.85218
-0.86901
-0.85121
-0.83194
-0.86504
-0.90152
-0.88092
-0.86481
-0.88523
-0.90747
-0.90289
-0.92141
-0.94451
-0.95227
-0.9557
-0.97485
-1.0029
-0.99631
-0.99794
-1.022
-1.0552
-1.0473
-1.0565
-1.085
-1.128
-1.1323
-1.1108
-1.106
-1.1676
-1.1724
-1.1318
-1.1165
-1.1631
-1.1562
-1.1056
-1.0828
-1.1175
-1.0994
-1.0512
-1.0367
-1.062
-1.0268
-1.001
-1.0002
-1.0006
-0.96839
-0.96238
-0.97106
-0.96818
-0.951
-0.94731
-0.96622
-0.9801
-0.97585
-0.98156
-0.99645
-1.026
-1.0367
-1.0334
-1.0484
-1.0957
-1.1125
-1.0934
-1.108
-1.1478
-1.1717
-1.1599
-1.1692
-1.1905
-1.2029
-1.2031
-1.218
-1.2194
-1.2177
-1.2274
-1.2401
-1.2111
-1.2049
-1.2151
-1.2236
-1.1865
-1.1647
-1.1576
-1.1612
-1.1266
-1.1009
-1.0869
-1.0834
-1.0734
-1.0656
-1.0405
-1.0404
-1.0442
-1.0431
-1.024
-1.0299
-1.0332
-1.0399
-1.043
-1.0593
-1.0573
-1.0597
-1.081
-1.1101
-1.0925
-1.0921
-1.1316
-1.1653
-1.1454
-1.1309
-1.1574
-1.2005
-1.187
-1.1676
-1.1858
-1.2273
-1.214
-1.2002
-1.1999
-1.2309
-1.2339
-1.2257
-1.2132
-1.2281
-1.2281
-1.2291
-1.2191
-1.2273
-1.2117
-1.2033
-1.197
-1.2288
-1.2036
-1.183
-1.1849
-1.22
-1.2016
-1.1763
-1.1971
-1.2421
-1.2365
-1.1958
-1.2158
-1.262
-1.2604
-1.2378
-1.2366
-1.274
-1.278
-1.2784
-1.2717
-1.2921
-1.292
-1.3098
-1.3197
-1.3103
-1.3073
-1.322
-1.3343
-1.3228
-1.301
-1.3129
-1.3317
-1.3413
-1.323
-1.3273
-1.3276
-1.3507
-1.3428
-1.3358
-1.3443
-1.3778
-1.364
-1.3462
-1.3403
-1.3692
-1.3656
-1.3508
-1.3574
-1.3688
-1.3477
-1.3448
-1.3622
-1.3555
-1.3191
-1.3241
-1.3545
-1.3688
-1.3219
-1.3188
-1.3434
-1.3552
-1.323
-1.3159
-1.329
-1.3488
-1.3265
-1.2963
-1.3047
-1.339
-1.3408
-1.3223
-1.2932
-1.3141
-1.3291
-1.327
-1.3041
-1.3117
-1.3162
-1.3189
-1.2962
-1.3083
-1.3314
-1.3367
-1.3287
-1.341
-1.3352
-1.331
-1.3407
-1.372
-1.3808
-1.344
-1.341
-1.3731
-1.3707
-1.3529
-1.3438
-1.3651
-1.371
-1.3795
-1.3565
-1.3641
-1.3659
-1.384
-1.3809
-1.3693
-1.3749
-1.3977
-1.4104
-1.4052
-1.3954
-1.3972
-1.4224
-1.4228
-1.4187
-1.4077
-1.4347
-1.4647
-1.48
-1.4463
-1.438
-1.4669
-1.4957
-1.4789
-1.4469
-1.4801
-1.5164
-1.4909
-1.4534
-1.468
-1.5041
-1.4962
-1.4771
-1.4797
-1.502
-1.4764
-1.4871
-1.5056
-1.5044
-1.4703
-1.4616
-1.4745
-1.4996
-1.4668
-1.4605
-1.4735
-1.492
-1.4832
-1.4726
-1.4817
-1.5151
-1.527
-1.5097
-1.502
-1.5292
-1.5669
-1.5586
-1.5178
-1.5363
-1.5702
-1.582
-1.5558
-1.5506
-1.5658
-1.5779
-1.5607
-1.5691
-1.5681
-1.5683
-1.5591
-1.5649
-1.5605
-1.5276
-1.5236
-1.5435
-1.5396
-1.4792
-1.4827
-1.5004
-1.5071
-1.4687
-1.463
-1.4724
-1.4795
-1.457
-1.4678
-1.4701
-1.4757
-1.4668
-1.4714
-1.4805
-1.473
-1.4724
-1.496
-1.5151
-1.5104
-1.5114
-1.5221
-1.5411
-1.5632
-1.5507
-1.5461
-1.5506
-1.5951
-1.6086
-1.5794
-1.5629
-1.6005
-1.6246
-1.6047
-1.5646
-1.5947
-1.6458
-1.6206
-1.5781
-1.5813
-1.6189
-1.6018
-1.5829
-1.5781
-1.5978
-1.586
-1.5997
-1.596
-1.5874
-1.5719
-1.5872
-1.5984
-1.6091
-1.5827
-1.6071
-1.6255
-1.6289
-1.6196
-1.6222
-1.6365
-1.6583
-1.6598
-1.6575
-1.6565
-1.6704
-1.6972
-1.6954
-1.6964
-1.6804
-1.6982
-1.7116
-1.7249
-1.706
-1.7188
-1.7179
-1.7227
-1.7193
-1.7083
-1.7003
-1.6984
-1.7211
-1.7354
-1.7055
-1.6855
-1.7068
-1.7337
-1.7256
-1.6767
-1.689
-1.7351
-1.732
-1.6872
-1.6781
-1.7084
-1.7275
-1.6961
-1.684
-1.6894
-1.7141
-1.7169
-1.7109
-1.6973
-1.6985
-1.6983
-1.7194
-1.725
-1.7128
-1.7144
-1.7144
-1.706
-1.6986
-1.6948
-1.7053
-1.7105
-1.7081
-1.7143
-1.7014
-1.6996
-1.7127
-1.7342
-1.7373
-1.6948
-1.695
-1.7333
-1.7427
-1.723
-1.7021
-1.7176
-1.7292
-1.7258
-1.718
-1.7248
-1.7295
-1.7335
-1.7455
-1.7454
-1.7357
-1.7231
-1.7472
-1.7511
-1.7236
-1.707
-1.7337
-1.7687
-1.7562
-1.7024
-1.713
-1.756
-1.77
-1.7536
-1.7376
-1.7518
-1.7741
-1.7779
-1.7739
-1.7569
-1.7774
-1.8011
-1.8024
-1.7911
-1.7792
-1.8187
-1.8335
-1.8108
-1.7965
-1.8315
-1.8474
-1.8448
-1.8412
-1.8767
-1.8765
-1.8598
-1.8603
-1.8904
-1.8945
-1.8587
-1.8496
-1.8958
-1.9078
-1.8783
-1.8569
-1.8783
-1.9037
-1.8901
-1.8705
-1.8787
-1.8986
-1.8826
-1.8938
-1.8795
-1.8881
-1.8764
-1.9049
-1.9131
-1.9037
-1.8842
-1.9086
-1.9325
-1.9285
-1.8797
-1.8924
-1.9235
-1.9395
-1.9272
-1.9054
-1.9099
-1.9302
-1.9389
-1.9283
-1.9044
-1.902
-1.9374
-1.9395
-1.9173
-1.8737
-1.9128
-1.9316
-1.9093
-1.8655
-1.8765
-1.9125
-1.9106
-1.8562
-1.8618
-1.8837
-1.8796
-1.8645
-1.8765
-1.8993
-1.8897
-1.8665
-1.8829
-1.9138
-1.9121
-1.8804
-1.8889
-1.9263
-1.9262
-1.9072
-1.9062
-1.9347
-1.9518
-1.9396
-1.9387
-1.9512
-1.9641
-1.9606
-1.9743
-1.9568
-1.951
-1.9386
-1.9614
-1.9679
-1.9425
-1.9134
-1.9272
-1.9517
-1.9473
-1.9181
-1.9156
-1.9256
-1.941
-1.9433
-1.9192
-1.9198
-1.9224
-1.9547
-1.9534
-1.9277
-1.9123
-1.9612
-1.985
-1.9694
-1.924
-1.9578
-2.0124
-2.0165
-1.9788
-1.9805
-2.0393
-2.0558
-2.0336
-2.0353
-2.0512
-2.0674
-2.0498
-2.0546
-2.0855
-2.0814
-2.069
-2.0762
-2.0932
-2.1028
-2.0729
-2.0787
-2.1012
-2.1144
-2.0839
-2.0763
-2.0832
-2.0995
-2.0729
-2.0767
-2.0631
-2.0818
-2.0721
-2.078
-2.0867
-2.0724
-2.06
-2.0756
-2.0911
-2.1002
-2.0739
-2.074
-2.0911
-2.1035
-2.0986
-2.0831
-2.0816
-2.0867
-2.1045
-2.1235
-2.0975
-2.085
-2.0945
-2.1379
-2.1235
-2.0783
-2.0678
-2.1295
-2.1307
-2.0902
-2.0347
-2.0759
-2.1144
-2.0939
-2.0497
-2.0574
-2.0905
-2.0997
-2.0679
-2.0689
-2.0738
-2.0783
-2.0684
-2.0756
-2.09
-2.0677
-2.0698
-2.0895
-2.1081
-2.0995
-2.069
-2.1004
-2.1333
-2.1349
-2.1055
-2.1009
-2.1215
-2.1449
-2.1141
-2.1115
-2.1106
-2.1258
-2.1106
-2.1172
-2.1187
-2.1184
-2.112
-2.1199
-2.1247
-2.136
-2.1272
-2.1375
-2.1359
-2.1345
-2.1466
-2.1436
-2.1457
-2.1473
-2.151
-2.1803
-2.1645
-2.1556
-2.1612
-2.2089
-2.2137
-2.1867
-2.1673
-2.2234
-2.2623
-2.2554
-2.1988
-2.2256
-2.2616
-2.2798
-2.2467
-2.2399
-2.2716
-2.2869
-2.2761
-2.2793
-2.279
-2.2779
-2.2776
-2.2835
-2.3004
-2.2803
-2.2612
-2.2878
-2.3074
-2.3046
-2.2504
-2.2524
-2.2975
-2.3287
-2.2847
-2.2556
-2.2755
-2.3192
-2.3074
-2.2829
-2.2694
-2.3059
-2.3114
-2.3023
-2.2943
-2.2834
-2.2998
-2.2976
-2.298
-2.291
-2.2824
-2.2892
-2.3008
-2.292
-2.2804
-2.2822
-2.2858
-2.2781
-2.2625
-2.2614
-2.2739
-2.2609
-2.2367
-2.2447
-2.2672
-2.2723
-2.238
-2.2308
-2.2774
-2.2865
-2.2701
-2.2401
-2.2678
-2.2832
-2.2888
-2.2598
-2.2721
-2.2821
-2.2887
-2.2879
-2.3042
-2.3065
-2.2997
-2.298
-2.3368
-2.3541
-2.317
-2.297
-2.3268
-2.3646
-2.3577
-2.2904
-2.2919
-2.3363
-2.3598
-2.3148
-2.2738
-2.2936
-2.3513
-2.3314
-2.3058
-2.2845
-2.3147
-2.3363
-2.3248
-2.309
-2.2992
-2.3186
-2.3393
-2.3508
-2.337
-2.3286
-2.3343
-2.3642
-2.3692
-2.3626
-2.3551
-2.3862
-2.4056
-2.4167
-2.4153
-2.4122
-2.4318
-2.4364
-2.4406
-2.45
-2.4455
-2.4486
-2.446
-2.4743
-2.472
-2.4655
-2.4539
-2.481
-2.4767
-2.4669
-2.4523
-2.4601
-2.4694
-2.4612
-2.4353
-2.4565
-2.458
-2.4448
-2.4233
-2.4274
-2.4767
-2.4577
-2.4298
-2.4273
-2.4642
-2.4884
-2.4424
-2.4121
-2.4468
-2.4877
-2.4804
-2.4282
-2.427
-2.4669
-2.4895
-2.4622
-2.4361
-2.4423
-2.47
-2.4708
-2.4659
-2.4469
-2.4521
-2.4403
-2.4652
-2.4562
-2.4394
-2.4158
-2.4189
-2.4508
-2.4515
-2.4231
-2.3981
-2.4185
-2.4499
-2.4456
-2.409
-2.4025
-2.4246
-2.4575
-2.4528
-2.4356
-2.4209
-2.4483
-2.4733
-2.4751
-2.4568
-2.4405
-2.4793
-2.5088
-2.501
-2.4852
-2.4681
-2.5135
-2.5117
-2.4996
-2.4804
-2.488
-2.5088
-2.5025
-2.4763
-2.4821
-2.4968
-2.4988
-2.4846
-2.4719
-2.5023
-2.4987
-2.4831
-2.4684
-2.4974
-2.5064
-2.4945
-2.4642
-2.4909
-2.5134
-2.5068
-2.491
-2.4845
-2.5195
-2.53
-2.5108
-2.5195
-2.5246
-2.5462
-2.5372
-2.5401
-2.576
-2.5818
-2.5545
-2.5443
-2.5701
-2.614
-2.5921
-2.5576
-2.5722
-2.6057
-2.6344
-2.5936
-2.576
-2.5905
-2.6375
-2.6312
-2.6052
-2.5757
-2.5976
-2.6276
-2.6144
-2.5913
-2.573
-2.5966
-2.6222
-2.6194
-2.6027
-2.5829
-2.5933
-2.6248
-2.618
-2.6022
-2.5815
-2.5911
-2.6113
-2.6075
-2.5969
-2.5852
-2.5846
-2.6121
-2.6086
-2.6058
-2.5791
-2.5779
-2.5929
-2.6127
-2.6001
-2.5738
-2.5511
-2.5778
-2.6072
-2.5784
-2.5434
-2.5193
-2.5714
-2.5786
-2.5515
-2.5233
-2.5435
-2.5797
-2.5744
-2.5328
-2.5414
-2.5711
-2.5833
-2.5578
-2.542
-2.5669
-2.5877
-2.5805
-2.5658
-2.5813
-2.6078
-2.6091
-2.5843
-2.5908
-2.6189
-2.6231
-2.6078
-2.5912
-2.6045
-2.6361
-2.6168
-2.616
-2.6017
-2.6232
-2.6173
-2.6064
-2.6247
-2.6207
-2.6187
-2.6021
-2.6097
-2.6336
-2.6305
-2.5974
-2.6012
-2.6189
-2.6597
-2.6328
-2.605
-2.6169
-2.6521
-2.6735
-2.6448
-2.6217
-2.6427
-2.6798
-2.6987
-2.6892
-2.6633
-2.6778
-2.703
-2.7216
-2.7063
-2.6706
-2.6865
-2.7256
-2.7346
-2.7134
-2.6746
-2.7049
-2.7359
-2.7499
-2.7196
-2.698
-2.7067
-2.7289
-2.7237
-2.7031
-2.6976
-2.6895
-2.707
-2.707
-2.7225
-2.7069
-2.6915
-2.7002
-2.7302
-2.7451
-2.7282
-2.6975
-2.7204
-2.7597
-2.7566
-2.7249
-2.694
-2.738
-2.7603
-2.7451
-2.7046
-2.6997
-2.7396
-2.7442
-2.7133
-2.6942
-2.7117
-2.7342
-2.7049
-2.6857
-2.6911
-2.711
-2.6903
-2.6623
-2.6656
-2.6821
-2.6855
-2.6535
-2.6561
-2.6706
-2.6944
-2.6628
-2.6546
-2.6551
-2.6782
-2.6752
-2.6564
-2.6628
-2.6698
-2.6773
-2.6646
-2.6714
-2.6905
-2.6932
-2.679
-2.6917
-2.7004
-2.7245
-2.7028
-2.6896
-2.6933
-2.7088
-2.7343
-2.7037
-2.6875
-2.6909
-2.7099
-2.73
-2.7084
-2.6881
-2.6936
-2.7182
-2.7442
-2.724
-2.7025
-2.7055
-2.7358
-2.7487
-2.7331
-2.6939
-2.7085
-2.738
-2.7555
-2.7391
-2.706
-2.7407
-2.7591
-2.7807
-2.755
-2.7516
-2.763
-2.7776
-2.7913
-2.7882
-2.7912
-2.7794
-2.7826
-2.8032
-2.8337
-2.8238
-2.7933
-2.7788
-2.8297
-2.8561
-2.8301
-2.7805
-2.7889
-2.851
-2.8564
-2.8114
-2.7673
-2.7938
-2.8483
-2.8362
-2.7855
-2.7738
-2.8025
-2.8413
-2.821
-2.796
-2.8059
-2.8252
-2.8338
-2.8165
-2.8112
-2.8285
-2.8127
-2.807
-2.8085
-2.8243
-2.8405
-2.8062
-2.81
-2.8141
-2.8407
-2.8239
-2.7965
-2.8013
-2.8073
-2.8076
-2.7681
-2.7562
-2.7568
-2.7773
-2.7517
-2.7345
-2.7314
-2.7512
-2.7498
-2.7319
-2.7332
-2.7347
-2.7468
-2.7251
-2.7157
-2.7243
-2.7371
-2.7471
-2.7267
-2.7245
-2.7355
-2.7439
-2.7636
-2.7431
-2.741
-2.7481
-2.7712
-2.7905
-2.7668
-2.7477
-2.7504
-2.7785
-2.7943
-2.7737
-2.7434
-2.7619
-2.7813
-2.794
-2.7663
-2.7442
-2.7643
-2.7796
-2.7927
-2.776
-2.7722
-2.768
-2.7754
-2.781
-2.7964
-2.7895
-2.7755
-2.7712
-2.7937
-2.8283
-2.8162
-2.7828
-2.7787
-2.8308
-2.865
-2.8511
-2.802
-2.8162
-2.8768
-2.9002
-2.8668
-2.8149
-2.8474
-2.8939
-2.902
-2.8626
-2.8477
-2.8734
-2.8974
-2.8938
-2.8747
-2.8803
-2.8907
-2.879
-2.8806
-2.8905
-2.9041
-2.8766
-2.8463
-2.8705
-2.8918
-2.8913
-2.8411
-2.8277
-2.8709
-2.9094
-2.8907
-2.8466
-2.8407
-2.8909
-2.9156
-2.8741
-2.8601
-2.8563
-2.9093
-2.9038
-2.8789
-2.8665
-2.8683
-2.9048
-2.8884
-2.8784
-2.8672
-2.8763
-2.8758
-2.8724
-2.868
-2.8679
-2.8693
-2.848
-2.8453
-2.8432
-2.8423
-2.8316
-2.8214
-2.8243
-2.8285
-2.8307
-2.8281
-2.8252
-2.8242
-2.823
-2.8224
-2.8219
-2.8274
-2.8192
-2.8207
-2.8283
-2.8338
-2.841
-2.8324
-2.8448
-2.8444
-2.8548
-2.8487
-2.8645
-2.8684
-2.8593
-2.8581
-2.8492
-2.8825
-2.8619
-2.8485
-2.8365
-2.8568
-2.8969
-2.8653
-2.8373
-2.8333
-2.8814
-2.9036
-2.873
-2.8305
-2.85
-2.8952
-2.9096
-2.8736
-2.8371
-2.871
-2.8985
-2.9094
-2.8839
-2.8714
-2.8921
-2.9054
-2.9074
-2.9068
-2.9186
-2.9221
-2.9208
-2.9253
-2.9578
-2.9727
-2.942
-2.9252
-2.9426
-2.9842
-2.9902
-2.9373
-2.9226
-2.9542
-3.0091
-2.9917
-2.9328
-2.9272
-2.9675
-3.0146
-2.9719
-2.9315
-2.9222
-2.9623
-2.9785
-2.9448
-2.9351
-2.9343
-2.9583
-2.9539
-2.9568
-2.9591
-2.9656
-2.952
-2.9488
-2.9717
-2.9805
-2.9786
-2.9362
-2.9532
-2.9824
-2.9985
-2.9707
-2.9328
-2.9516
-2.9901
-3.0015
-2.9619
-2.9397
-2.9455
-2.987
-2.9806
-2.948
-2.9328
-2.9317
-2.9652
-2.9474
-2.9285
-2.9156
-2.908
-2.9275
-2.9282
-2.9248
-2.9172
-2.9105
-2.9202
-2.9225
-2.9221
-2.9109
-2.9114
-2.9097
-2.9192
-2.9172
-2.9097
-2.922
-2.9185
-2.932
-2.928
-2.9331
-2.9448
-2.9433
-2.9395
-2.9331
-2.956
-2.9552
-2.9486
-2.9287
-2.9398
-2.9541
-2.9552
-2.9457
-2.9343
-2.9574
-2.9593
-2.9563
-2.932
-2.9529
-2.9609
-2.9494
-2.934
-2.9335
-2.9838
-2.9729
-2.9541
-2.9276
-2.9584
-3.003
-2.9915
-2.9553
-2.945
-2.9974
-3.0228
-3.0147
-2.9714
-2.9895
-3.04
-3.0547
-3.0429
-3.001
-3.0276
-3.0553
-3.0521
-3.0361
-3.0262
-3.0471
-3.0566
-3.0491
-3.0503
-3.0609
-3.0591
-3.0425
-3.0255
-3.0493
-3.0759
-3.0511
-3.0063
-3.002
-3.0384
-3.0716
-3.0302
-2.9777
-2.9952
-3.0513
-3.0779
-3.0344
-2.9984
-3.0176
-3.0581
-3.0648
-3.0294
-3.006
-3.0261
-3.0539
-3.0509
-3.0395
-3.0303
-3.0342
-3.027
-3.0303
-3.0384
-3.0405
-3.0209
-2.9961
-3.0124
-3.0359
-3.0439
-2.9991
-2.9643
-2.9779
-3.0134
-3.0181
-2.9783
-2.9538
-2.9713
-3.0205
-3.0137
-2.9789
-2.9559
-2.9746
-3.0147
-3.0064
-2.9853
-2.9617
-2.9703
-3.0047
-3.0173
-3.0081
-2.9975
-2.9941
-3.0165
-3.0347
-3.036
-3.0232
-3.0092
-3.017
-3.0355
-3.0379
-3.0188
-3.0097
-3.0006
-3.0204
-3.0213
-3.0114
-3.0181
-3.001
-3.0178
-3.0147
-3.029
-3.0298
-3.0207
-3.0176
-3.0219
-3.0515
-3.0437
-3.0376
-3.0108
-3.042
-3.068
-3.0592
-3.0458
-3.0272
-3.0757
-3.0843
-3.0802
-3.0588
-3.072
-3.1111
-3.1122
-3.0996
-3.0823
-3.12
-3.1316
-3.1245
-3.098
-3.1092
-3.1454
-3.1457
-3.1225
-3.102
-3.135
-3.1597
-3.1535
-3.1176
-3.1144
-3.1415
-3.1469
-3.1295
-3.1005
-3.1082
-3.135
-3.1343
-3.1021
-3.1025
-3.1208
-3.1365
-3.1167
-3.0964
-3.1239
-3.1399
-3.1334
-3.0988
-3.0995
-3.1298
-3.1471
-3.1083
-3.0737
-3.0992
-3.1387
-3.1519
-3.0906
-3.0763
-3.1062
-3.144
-3.1351
-3.0812
-3.0694
-3.0958
-3.1217
-3.0974
-3.074
-3.0596
-3.0811
-3.0823
-3.0642
-3.074
-3.0659
-3.0739
-3.0508
-3.0553
-3.0781
-3.0867
-3.0579
-3.0256
-3.0462
-3.0879
-3.1057
-3.0488
-3.0334
-3.061
-3.1186
-3.1271
-3.0703
-3.0523
-3.0778
-3.1338
-3.1273
-3.0908
-3.0586
-3.0855
-3.1157
-3.1125
-3.0976
-3.0732
-3.0795
-3.0895
-3.1056
-3.098
-3.0832
-3.075
-3.0737
-3.0986
-3.1064
-3.1067
-3.0774
-3.078
-3.0973
-3.1218
-3.1278
-3.1056
-3.0993
-3.1231
-3.162
-3.1573
-3.1467
-3.1321
-3.1456
-3.1765
-3.1964
-3.1941
-3.1722
-3.1738
-3.1961
-3.2291
-3.2253
-3.2059
-3.1803
-3.2009
-3.241
-3.236
-3.2173
-3.1879
-3.2082
-3.239
-3.2379
-3.2078
-3.1889
-3.1999
-3.2186
-3.2168
-3.1903
-3.192
-3.1838
-3.1938
-3.1952
-3.1915
-3.2049
-3.1955
-3.189
-3.1943
-3.2111
-3.2251
-3.2108
-3.1773
-3.1831
-3.2187
-3.23
-3.2101
-3.1728
-3.1865
-3.2308
-3.2331
-3.2002
-3.1667
-3.1805
-3.2231
-3.2168
-3.1822
-3.1632
-3.1769
-3.195
-3.1749
-3.141
-3.1446
-3.1685
-3.1627
-3.1366
-3.1211
-3.1463
-3.1707
-3.1512
-3.129
-3.1327
-3.169
-3.1795
-3.1461
-3.1247
-3.1505
-3.1881
-3.1788
-3.1468
-3.1463
-3.1848
-3.2074
-3.1882
-3.1647
-3.1837
-3.2117
-3.2106
-3.1745
-3.1638
-3.1963
-3.2197
-3.1906
-3.1556
-3.1702
-3.2061
-3.2235
-3.1703
-3.1505
-3.1765
-3.2194
-3.2254
-3.1647
-3.156
-3.1836
-3.2258
-3.2102
-3.1778
-3.1748
-3.2017
-3.227
-3.2004
-3.2008
-3.1918
-3.2244
-3.2218
-3.2066
-3.2274
-3.2343
-3.2514
-3.2273
-3.2375
-3.2565
-3.2795
-3.2608
-3.2297
-3.2448
-3.27
-3.3069
-3.2641
-3.239
-3.2487
-3.2846
-3.3148
-3.2781
-3.2523
-3.2561
-3.2916
-3.3009
-3.2865
-3.2611
-3.2526
-3.2693
-3.2743
-3.2841
-3.2683
-3.2547
-3.2612
-3.2626
-3.2852
-3.2856
-3.2648
-3.2536
-3.2584
-3.2868
-3.2956
-3.2776
-3.248
-3.2528
-3.2779
-3.2963
-3.2811
-3.2416
-3.2394
-3.2579
-3.288
-3.2806
-3.2435
-3.2225
-3.2321
-3.2605
-3.2644
-3.237
-3.1954
-3.1932
-3.2158
-3.243
-3.2253
-3.1904
-3.1789
-3.2027
-3.2339
-3.2207
-3.1936
-3.1642
-3.1922
-3.2146
-3.2247
-3.2013
-3.181
-3.1959
-3.2145
-3.2364
-3.2205
-3.2272
-3.2138
-3.2179
-3.2324
-3.2384
-3.2548
-3.2269
-3.2169
-3.2168
-3.2554
-3.2701
-3.2448
-3.208
-3.206
-3.27
-3.2787
-3.2523
-3.2047
-3.2141
-3.278
-3.2852
-3.2554
-3.213
-3.2286
-3.2758
-3.2868
-3.2572
-3.236
-3.2579
-3.2758
-3.282
-3.2618
-3.2699
-3.2945
-3.283
-3.2914
-3.2865
-3.3191
-3.335
-3.306
-3.2925
-3.3102
-3.3582
-3.359
-3.3277
-3.2893
-3.3336
-3.3747
-3.368
-3.3307
-3.2997
-3.3517
-3.3826
-3.3679
-3.3203
-3.3092
-3.339
-3.3647
-3.3382
-3.2949
-3.3088
-3.3288
-3.3447
-3.3124
-3.3077
-3.3288
