886
885
885
886
886
885
885
885
884
884
884
884
884
884
885
885
885
886
885
886
887
886
886
886
887
886
886
885
885
885
885
885
884
884
884
885
885
885
885
886
886
887
886
887
887
887
887
887
887
886
886
886
886
885
885
885
885
884
884
884
885
885
885
884
885
885
885
884
884
885
885
884
884
883
883
883
883
882
882
883
883
882
882
882
882
882
882
883
883
883
884
884
884
885
885
884
884
884
884
884
884
883
882
882
882
882
882
882
882
883
883
883
883
883
884
883
883
883
884
884
884
883
883
883
884
883
883
883
882
883
883
883
883
883
883
884
884
884
885
885
884
884
883
884
884
884
884
883
883
883
883
881
881
881
882
882
882
881
882
882
883
882
884
883
882
881
882
881
881
880
879
879
879
878
877
878
878
878
879
880
880
881
881
881
880
880
879
880
880
879
878
879
878
877
876
876
876
876
876
876
878
878
878
878
878
878
878
878
878
878
878
878
878
877
877
877
877
878
877
876
877
877
877
877
876
876
877
877
877
876
876
876
876
876
875
874
875
875
874
874
873
873
873
873
873
873
873
874
874
875
875
876
876
876
876
876
877
877
877
877
876
876
877
876
876
876
876
876
876
876
877
878
877
877
876
877
878
878
877
877
877
877
876
875
874
875
875
875
874
873
873
874
874
873
874
874
875
876
876
876
877
876
876
875
876
876
875
875
874
874
875
875
874
875
875
875
875
875
875
876
876
876
876
876
877
876
876
876
876
876
876
876
876
875
876
875
874
875
874
874
874
874
874
875
875
876
876
876
877
876
875
875
875
875
874
874
873
873
873
873
873
873
873
874
873
873
873
874
874
874
875
875
875
876
875
874
874
874
874
874
874
874
874
874
873
873
873
873
873
873
872
873
873
873
872
873
874
873
873
872
872
872
872
872
872
871
872
871
871
871
871
871
871
871
870
871
872
871
871
871
871
871
871
871
871
871
871
871
870
870
870
870
869
869
869
869
869
870
870
871
872
871
871
871
872
872
871
870
871
871
871
870
870
870
870
870
870
869
870
870
870
870
870
870
871
870
870
871
871
871
871
870
870
871
870
869
868
868
868
868
868
867
868
868
867
868
868
868
869
869
869
868
868
868
869
869
868
869
869
869
869
868
869
868
868
868
868
868
869
868
868
869
869
870
870
870
871
870
871
870
870
871
871
870
869
869
869
869
869
868
868
869
869
869
869
869
870
870
869
869
870
870
870
869
868
868
869
868
868
868
868
868
868
867
867
868
868
868
868
868
868
869
869
869
869
870
870
870
869
869
869
870
870
869
869
869
869
869
869
869
869
870
870
869
870
871
871
871
871
872
873
872
872
872
872
872
871
871
871
871
872
871
871
872
872
872
872
872
873
874
873
873
874
874
874
874
874
875
874
874
873
873
873
873
872
871
870
870
870
871
871
871
871
872
871
870
871
871
871
871
870
870
870
870
870
870
870
870
870
870
870
870
869
869
870
870
871
870
870
869
870
870
870
871
870
871
870
870
869
869
870
869
869
868
868
868
868
867
866
867
868
868
868
868
867
869
869
869
869
869
868
868
868
868
868
868
868
869
869
869
869
870
870
870
869
869
869
870
869
868
867
867
867
867
866
866
866
866
866
866
865
866
866
867
867
868
868
869
869
869
870
870
871
871
871
871
871
872
872
872
872
873
874
875
875
877
878
879
880
881
883
883
883
883
884
886
887
888
888
890
891
893
893
894
896
898
900
903
906
908
911
914
916
917
919
922
925
927
929
931
933
937
940
944
947
951
955
960
963
967
970
973
978
982
986
990
994
998
1002
1008
1013
1018
1023
1028
1033
1039
1044
1048
1053
1058
1064
1069
1075
1081
1089
1094
1101
1107
1112
1119
1125
1130
1136
1143
1150
1158
1166
1172
1181
1188
1194
1201
1208
1215
1223
1230
1237
1245
1253
1262
1270
1277
1283
1291
1299
1307
1315
1325
1336
1343
1352
1361
1370
1378
1386
1397
1406
1415
1426
1435
1444
1452
1461
1471
1481
1490
1501
1512
1521
1530
1540
1551
1561
1570
1580
1591
1600
1609
1617
1629
1638
1649
1659
1671
1682
1691
1700
1712
1724
1735
1746
1758
1770
1779
1788
1801
1812
1823
1835
1848
1858
1868
1881
1892
1903
1915
1926
1935
1947
1958
1970
1984
1995
2006
2016
2029
2042
2054
2066
2078
2088
2099
2112
2125
2137
2151
2161
2171
2184
2199
2211
2222
2236
2246
2256
2270
2282
2294
2306
2319
2331
2346
2358
2369
2379
2392
2403
2414
2430
2441
2453
2466
2478
2491
2504
2515
2526
2539
2551
2563
2578
2589
2600
2614
2627
2639
2652
2662
2673
2687
2700
2712
2726
2737
2749
2763
2775
2785
2797
2808
2821
2836
2846
2857
2871
2883
2895
2909
2919
2928
2944
2956
2968
2982
2993
3008
3020
3032
3045
3058
3070
3081
3095
3105
3116
3131
3142
3153
3165
3175
3187
3201
3212
3222
3233
3248
3259
3271
3284
3294
3307
3319
3329
3338
3350
3363
3373
3383
3395
3407
3418
3431
3440
3451
3465
3474
3483
3493
3504
3515
3528
3536
3547
3560
3570
3579
3590
3601
3611
3624
3633
3644
3657
3666
3674
3686
3698
3708
3718
3726
3739
3750
3759
3770
3781
3792
3801
3813
3821
3830
3843
3854
3862
3871
3883
3893
3901
3912
3923
3931
3942
3949
3960
3971
3978
3986
3998
4008
4015
4022
4033
4042
4051
4061
4072
4081
4088
4099
4105
4114
4123
4134
4141
4150
4161
4168
4175
4185
4197
4204
4211
4222
4230
4237
4247
4257
4266
4273
4283
4289
4297
4304
4314
4319
4328
4334
4345
4350
4358
4368
4374
4379
4391
4398
4404
4413
4421
4428
4436
4442
4449
4460
4466
4473
4483
4490
4494
4502
4510
4517
4527
4531
4538
4548
4552
4557
4564
4574
4580
4585
4595
4602
4606
4614
4620
4626
4635
4639
4645
4655
4662
4666
4673
4683
4687
4692
4702
4707
4711
4718
4725
4731
4735
4739
4746
4754
4757
4761
4771
4776
4780
4788
4794
4799
4802
4805
4811
4819
4822
4827
4836
4843
4846
4850
4859
4863
4866
4870
4879
4882
4885
4893
4898
4901
4908
4913
4917
4923
4929
4934
4938
4945
4948
4953
4961
4963
4966
4975
4979
4982
4989
4993
4996
4998
5005
5010
5013
5019
5023
5027
5033
5038
5043
5051
5057
5058
5062
5069
5074
5077
5081
5088
5093
5096
5099
5105
5110
5113
5116
5118
5124
5127
5130
5131
5136
5140
5142
5144
5150
5157
5159
5159
5165
5173
5174
5176
5183
5189
5190
5191
5198
5204
5205
5207
5215
5217
5218
5220
5227
5229
5230
5237
5244
5244
5245
5251
5257
5258
5261
5267
5272
5272
5274
5277
5282
5283
5285
5287
5291
5296
5298
5300
5305
5306
5308
5309
5313
5318
5320
5322
5322
5327
5333
5337
5336
5340
5345
5348
5349
5351
5352
5356
5361
5363
5363
5363
5370
5373
5373
5373
5380
5384
5388
5389
5390
5393
5393
5395
5396
5400
5400
5403
5407
5410
5411
5413
5418
5418
5420
5422
5425
5424
5426
5431
5435
5435
5437
5441
5443
5445
5446
5449
5453
5455
5455
5457
5462
5464
5464
5467
5468
5470
5474
5477
5478
5480
5483
5483
5485
5489
5492
5492
5493
5497
5496
5498
5504
5506
5505
5506
5506
5509
5513
5514
5513
5516
5521
5521
5520
5524
5525
5525
5524
5527
5529
5529
5527
5533
5534
5534
5536
5542
5542
5541
5545
5550
5550
5549
5553
5558
5557
5555
5560
5565
5563
5563
5568
5571
5570
5570
5574
5577
5575
5576
5580
5583
5583
5584
5586
5588
5588
5589
5587
5590
5595
5595
5592
5591
5596
5595
5593
5593
5598
5599
5597
5598
5597
5599
5603
5603
5602
5600
5605
5608
5607
5606
5611
5614
5613
5613
5617
5620
5618
5619
5618
5621
5623
5623
5623
5625
5628
5629
5627
5626
5629
5629
5627
5627
5631
5633
5635
5633
5634
5632
5634
5639
5639
5636
5635
5639
5642
5640
5639
5644
5645
5647
5648
5647
5649
5652
5652
5651
5652
5656
5656
5655
5657
5657
5656
5654
5656
5658
5657
5660
5659
5659
5657
5660
5660
5659
5661
5664
5664
5663
5663
5667
5668
5666
5669
5673
5672
5669
5672
5676
5675
5673
5677
5680
5678
5676
5681
5683
5681
5680
5680
5682
5679
5679
5678
5680
5679
5679
5677
5678
5681
5682
5680
5682
5686
5685
5683
5684
5689
5688
5686
5690
5690
5687
5685
5689
5688
5686
5689
5693
5692
5691
5691
5695
5693
5691
5692
5695
5692
5691
5696
5699
5697
5697
5697
5699
5696
5697
5696
5698
5701
5702
5700
5702
5701
5701
5698
5701
5701
5700
5697
5700
5700
5698
5700
5704
5704
5701
5703
5707
5706
5703
5707
5711
5709
5706
5710
5709
5707
5705
5710
5708
5706
5707
5710
5708
5707
5711
5715
5712
5711
5715
5714
5712
5712
5715
5713
5711
5716
5718
5715
5715
5719
5720
5718
5718
5721
5723
5722
5722
5725
5722
5722
5725
5728
5725
5726
5724
5726
5725
5725
5723
5725
5724
5724
5722
5724
5724
5723
5725
5727
5727
5725
5725
5730
5729
5727
5729
5733
5731
5728
5731
5734
5733
5730
5735
5737
5734
5732
5737
5739
5737
5737
5740
5741
5738
5738
5741
5743
5742
5742
5744
5745
5744
5743
5745
5747
5748
5746
5747
5751
5750
5748
5750
5754
5752
5749
5752
5756
5754
5752
5756
5760
5757
5754
5759
5761
5758
5757
5760
5762
5759
5758
5757
5758
5761
5761
5758
5755
5758
5761
5759
5756
5760
5762
5763
5761
5761
5759
5760
5765
5763
5760
5762
5767
5765
5762
5761
5764
5765
5762
5761
5760
5760
5763
5763
5760
5757
5761
5764
5761
5759
5762
5765
5762
5761
5760
5762
5763
5764
5762
5759
5761
5764
5762
5759
5759
5762
5763
5760
5761
5763
5764
5763
5763
5764
5765
5764
5763
5760
5763
5767
5765
5762
5765
5768
5766
5764
5768
5771
5768
5767
5770
5773
5770
5770
5772
5773
5771
5771
5773
5774
5773
5773
5773
5775
5774
5772
5773
5776
5775
5773
5773
5776
5775
5773
5771
5774
5773
5770
5772
5775
5773
5771
5775
5777
5775
5772
5776
5775
5772
5771
5775
5773
5770
5769
5773
5770
5769
5769
5771
5768
5767
5765
5767
5768
5768
5767
5768
5770
5770
5769
5770
5773
5772
5770
5768
5772
5770
5767
5770
5774
5772
5769
5772
5776
5773
5771
5775
5777
5773
5772
5775
5777
5775
5775
5777
5778
5776
5777
5778
5779
5778
5777
5777
5779
5779
5778
5778
5782
5781
5778
5778
5782
5781
5779
5781
5784
5781
5778
5781
5784
5781
5779
5784
5785
5782
5780
5784
5785
5783
5782
5785
5786
5784
5784
5786
5787
5787
5786
5787
5788
5788
5786
5788
5790
5790
5787
5788
5792
5790
5788
5790
5794
5792
5789
5791
5795
5792
5790
5793
5796
5793
5791
5791
5793
5790
5789
5792
5793
5790
5789
5788
5789
5788
5788
5786
5787
5786
5786
5787
5789
5788
5785
5783
5785
5784
5782
5780
5783
5782
5780
5778
5782
5779
5777
5777
5780
5776
5774
5775
5776
5778
5777
5776
5777
5778
5777
5776
5777
5780
5779
5778
5775
5778
5777
5775
5777
5781
5779
5776
5774
5777
5779
5777
5776
5779
5777
5774
5774
5776
5774
5772
5772
5773
5775
5774
5773
5774
5776
5776
5774
5775
5774
5773
5775
5776
5776
5775
5776
5778
5778
5775
5777
5780
5779
5777
5774
5779
5777
5774
5773
5777
5774
5772
5772
5775
5772
5771
5775
5772
5769
5768
5771
5773
5771
5771
5773
5774
5773
5773
5774
5776
5774
5773
5773
5775
5775
5773
5774
5778
5776
5774
5775
5775
5774
5772
5775
5775
5772
5773
5776
5776
5774
5777
5780
5779
5776
5779
5778
5776
5774
5777
5776
5773
5775
5778
5777
5774
5777
5780
5777
5774
5774
5776
5774
5772
5776
5774
5772
5771
5774
5772
5771
5771
5773
5774
5772
5772
5774
5776
5776
5774
5776
5773
5774
5775
5776
5776
5775
5776
5777
5781
5779
5777
5779
5783
5780
5778
5782
5780
5778
5776
5780
5778
5775
5778
5778
5775
5773
5777
5776
5773
5771
5775
5773
5771
5770
5774
5771
5769
5769
5771
5772
5771
5771
5773
5770
5770
5768
5770
5768
5769
5770
5771
5771
5770
5772
5773
5774
5773
5773
5775
5775
5773
5774
5778
5776
5774
5775
5778
5777
5775
5778
5781
5779
5777
5780
5783
5781
5779
5783
5784
5781
5780
5780
5781
5780
5780
5783
5780
5779
5782
5784
5783
5783
5785
5787
5784
5785
5786
5787
5787
5786
5787
5785
5785
5784
5785
5783
5783
5781
5782
5781
5779
5777
5779
5783
5781
5779
5782
5782
5779
5777
5781
5783
5780
5779
5783
5785
5782
5782
5786
5783
5782
5781
5784
5782
5781
5785
5787
5783
5784
5786
5788
5787
5788
5789
5786
5786
5785
5786
5785
5784
5782
5783
5782
5783
5785
5786
5786
5785
5787
5789
5788
5786
5784
5788
5787
5785
5783
5788
5786
5784
5787
5787
5786
5783
5787
5786
5784
5782
5787
5784
5781
5784
5787
5789
5787
5788
5790
5787
5786
5785
5786
5789
5788
5787
5788
5787
5787
5790
5791
5792
5791
5794
5791
5792
5794
5796
5795
5795
5796
5794
5793
5796
5798
5797
5797
5795
5797
5795
5795
5797
5799
5800
5798
5800
5799
5799
5801
5803
5802
5801
5802
5804
5804
5802
5804
5804
5803
5800
5801
5802
5802
5803
5806
5806
5804
5806
5809
5808
5806
5808
5809
5806
5807
5810
5810
5807
5811
5814
5812
5808
5812
5812
5810
5811
5816
5814
5812
5813
5814
5812
5814
5817
5816
5813
5814
5818
5817
5814
5817
5817
5815
5811
5816
5815
5813
5815
5819
5817
5814
5813
5817
5815
5813
5812
5815
5812
5812
5815
5818
5815
5814
5816
5818
5817
5816
5819
5820
5820
5820
5820
5819
5819
5822
5819
5820
5822
5824
5822
5823
5825
5826
5824
5823
5824
5825
5829
5827
5825
5824
5827
5829
5826
5825
5828
5829
5832
5831
5829
5829
5832
5831
5828
5827
5830
5833
5829
5827
5827
5829
5826
5827
5825
5827
5829
5828
5826
5827
5831
5831
5829
5827
5831
5829
5827
5826
5829
5830
5828
5827
5830
5831
5833
5833
5830
5827
5830
5833
5830
5830
5830
5832
5829
5828
5828
5830
5831
5832
5830
5831
5830
5831
5828
5830
5829
5828
5825
5826
5831
5829
5826
5829
5832
5833
5831
5831
5833
5834
5833
5831
5828
5830
5832
5831
5828
5830
5833
5835
5831
5830
5833
5834
5833
5832
5829
5831
5834
5833
5830
5832
5835
5834
5830
5829
5833
5830
5828
5832
5834
5831
5828
5832
5834
5831
5830
5832
5835
5831
5830
5832
5834
5832
5832
5829
5831
5830
5828
5825
5827
5831
5828
5825
5824
5827
5828
5826
5825
5823
5823
5825
5828
5826
5824
5826
5828
5829
5827
5827
5824
5825
5829
5827
5823
5821
5825
5827
5828
5827
5826
5827
5828
5831
5829
5826
5828
5831
5829
5825
5825
5827
5827
5829
5828
5826
5823
5822
5825
5826
5823
5823
5820
5821
5823
5823
5820
5817
5820
5819
5817
5818
5822
5820
5817
5820
5823
5823
5821
5821
5822
5823
5822
5821
5818
5819
5818
5816
5813
5816
5815
5813
5814
5816
5816
5814
5817
5820
5817
5813
5816
5820
5818
5817
5819
5822
5819
5818
5821
5819
5816
5815
5818
5815
5812
5817
5818
5816
5813
5817
5818
5815
5815
5818
5819
5818
5818
5820
5816
5816
5818
5820
5817
5817
5819
5820
5818
5817
5814
5816
5816
5815
5812
5814
5814
5813
5814
5817
5816
5812
5814
5817
5815
5813
5815
5815
5813
5814
5817
5816
5813
5815
5819
5817
5814
5816
5820
5818
5816
5819
5817
5813
5811
5814
5816
5814
5814
5812
5813
5814
5815
5813
5815
5813
5812
5809
5811
5810
5809
5810
5811
5811
5809
5806
5809
5808
5806
5807
5808
5806
5802
5804
5804
5802
5804
5808
5807
5804
5806
5806
5804
5801
5805
5807
5804
5801
5804
5807
5804
5804
5807
5808
5805
5805
5807
5809
5807
5807
5805
5806
5808
5808
5806
5808
5807
5806
5806
5808
5808
5806
5807
5807
5807
5808
5809
5809
5808
5809
5807
5806
5807
5808
5808
5807
5808
5810
5810
5806
5808
5807
5806
5808
5806
5805
5807
5807
5806
5807
5804
5806
5805
5805
5805
5806
5806
5804
5804
5807
5807
5804
5805
5804
5804
5800
5803
5803
5800
5802
5805
5803
5801
5799
5802
5801
5798
5796
5800
5797
5795
5795
5798
5795
5793
5793
5795
5792
5791
5790
5791
5792
5792
5791
5792
5795
5795
5793
5793
5797
5796
5793
5791
5795
5793
5790
5790
5793
5790
5788
5788
5790
5791
5790
5789
5791
5792
5792
5791
5792
5793
5793
5792
5789
5792
5794
5792
5789
5793
5795
5793
5791
5795
5796
5793
5791
5795
5793
5791
5791
5794
5794
5792
5791
5793
5795
5795
5794
5794
5793
5794
5793
5794
5793
5792
5792
5793
5793
5792
5789
5791
5795
5793
5791
5794
5797
5795
5793
5796
5798
5795
5795
5797
5799
5797
5796
5795
5796
5794
5793
5795
5797
5796
5796
5796
5794
5794
5792
5793
5792
5792
5789
5790
5790
5789
5786
5789
5789
5787
5784
5787
5786
5784
5786
5786
5785
5782
5784
5788
5786
5784
5788
5787
5784
5785
5789
5787
5784
5784
5787
5785
5782
5783
5785
5783
5783
5786
5784
5781
5780
5784
5782
5780
5780
5783
5780
5779
5782
5781
5779
5779
5782
5780
5779
5782
5781
5778
5777
5781
5782
5780
5780
5783
5784
5783
5783
5785
5786
5785
5784
5786
5789
5788
5786
5782
5786
5785
5783
5781
5785
5784
5781
5779
5784
5782
5780
5780
5783
5780
5779
5778
5781
5783
5781
5781
5782
5780
5781
5779
5780
5780
5780
5778
5780
5779
5778
5779
5782
5782
5781
5781
5780
5780
5778
5780
5780
5780
5781
5784
5784
5782
5784
5784
5783
5781
5782
5783
5782
5784
5787
5787
5785
5786
5790
5789
5786
5789
5793
5790
5787
5791
5790
5789
5791
5795
5793
5790
5793
5797
5795
5793
5793
5796
5793
5791
5795
5797
5795
5795
5798
5799
5797
5797
5799
5797
5795
5795
5796
5794
5795
5798
5796
5795
5799
5801
5798
5798
5801
5803
5801
5802
5804
5805
5803
5802
5803
5806
5806
5805
5806
5808
5808
5806
5808
5808
5807
5809
5806
5807
5809
5810
5810
5810
5811
5809
5808
5812
5812
5812
5812
5814
5811
5811
5814
5816
5815
5816
5818
5815
5814
5818
5815
5814
5813
5816
5813
5812
5812
5814
5812
5812
5815
5816
5813
5813
5814
5816
5816
5816
5817
5818
5818
5817
5817
5820
5820
5819
5820
5819
5818
5820
5819
5820
5822
5819
5817
5816
5818
5815
5815
5813
5813
5812
5812
5815
5816
5816
5815
5816
5818
5819
5818
5819
5819
5818
5816
5817
5821
5819
5817
5820
5820
5818
5820
5819
5818
5816
5818
5819
5817
5818
5818
5818
5819
5817
5818
5817
5817
5816
5816
5818
5816
5816
5819
5821
5819
5819
5822
5819
5819
5822
5823
5821
5821
5824
5825
5824
5823
5825
5826
5826
5824
5821
5825
5828
5825
5822
5822
5825
5826
5825
5825
5826
5827
5826
5825
5823
5825
5828
5830
5827
5825
5829
5831
5829
5829
5832
5832
5831
5830
5833
5834
5834
5833
5834
5832
5832
5830
5832
5831
5831
5832
5833
5833
5832
5833
5836
5836
5833
5834
5837
5836
5834
5836
5839
5838
5835
5838
5838
5835
5832
5837
5838
5835
5834
5838
5836
5834
5833
5835
5837
5835
5834
5831
5833
5832
5831
5829
5831
5831
5829
5826
5829
5829
5827
5824
5828
5830
5828
5827
5831
5828
5825
5824
5828
5828
5827
5827
5825
5825
5828
5827
5825
5824
5827
5830
5826
5825
5827
5829
5827
5828
5826
5827
5829
5829
5827
5828
5826
5829
5832
5829
5829
5832
5832
5830
5830
5828
5829
5832
5835
5832
5830
5834
5837
5834
5833
5836
5835
5832
5832
5835
5832
5830
5834
5836
5833
5831
5835
5836
5834
5834
5831
5832
5830
5830
5831
5833
5836
5833
5829
5830
5833
5830
5827
5826
5828
5828
5825
5825
5823
5822
5825
5823
5820
5815
5817
5815
5812
5813
5816
5814
5810
5811
5809
5806
5803
5804
5802
5797
5794
5796
5792
5788
5785
5787
5787
5781
5777
5773
5769
5767
5769
5770
5764
5759
5756
5756
5755
5752
5749
5748
5746
5743
5740
5736
5734
5735
5731
5725
5723
5723
5720
5714
5710
5711
5706
5700
5694
5694
5694
5688
5682
5682
5681
5674
5669
5669
5667
5664
5659
5655
5653
5650
5644
5640
5635
5631
5629
5627
5621
5614
5607
5606
5603
5600
5596
5591
5584
5576
5574
5572
5566
5559
5556
5555
5548
5540
5532
5530
5524
5516
5508
5506
5504
5499
5491
5484
5482
5478
5471
5463
5461
5457
5449
5441
5436
5432
5428
5420
5414
5407
5402
5397
5390
5384
5376
5370
5366
5363
5359
5353
5344
5337
5329
5320
5311
5307
5303
5299
5291
5282
5278
5275
5270
5262
5255
5248
5243
5237
5231
5224
5217
5209
5204
5199
5193
5185
5177
5171
5167
5163
5155
5146
5138
5135
5130
5121
5111
5104
5100
5096
5089
5081
5074
5066
5060
5055
5049
5042
5035
5026
5020
5013
5005
4997
4991
4985
4977
4971
4963
4957
4951
4945
4938
4933
4927
4918
4910
4903
4897
4891
4884
4877
4872
4867
4861
4852
4846
4839
4834
4828
4820
4813
4805
4800
4793
4785
4778
4772
4766
4761
4752
4745
4740
4735
4729
4720
4712
4705
4700
4691
4683
4676
4672
4667
4659
4650
4645
4641
4634
4626
4620
4615
4609
4602
4594
4588
4582
4577
4570
4563
4554
4548
4544
4540
4533
4525
4519
4513
4507
4500
4492
4486
4481
4474
4467
4462
4457
4448
4441
4433
4430
4425
4419
4411
4405
4401
4396
4387
4378
4373
4370
4365
4358
4350
4344
4340
4336
4330
4322
4314
4305
4301
4297
4291
4286
4280
4273
4266
4259
4253
4248
4242
4235
4229
4225
4219
4214
4206
4200
4194
4189
4184
4176
4169
4162
4158
4154
4148
4141
4133
4127
4123
4118
4112
4105
4097
4094
4090
4085
4080
4073
4066
4060
4056
4052
4044
4036
4031
4027
4024
4016
4008
4000
3996
3992
3987
3980
3975
3969
3964
3958
3952
3949
3943
3936
3928
3921
3918
3914
3907
3898
3891
3887
3884
3878
3872
3867
3862
3859
3852
3846
3839
3835
3829
3824
3818
3813
3808
3804
3799
3794
3789
3783
3779
3774
3769
3763
3756
3750
3747
3743
3737
3730
3726
3722
3717
3711
3704
3700
3695
3688
3682
3680
3676
3671
3666
3659
3655
3652
3649
3642
3635
3628
3624
3621
3615
3610
3604
3600
3594
3589
3584
3581
3577
3573
3566
3560
3554
3551
3548
3542
3535
3529
3525
3522
3519
3514
3509
3502
3498
3494
3488
3483
3478
3474
3471
3464
3458
3455
3453
3449
3444
3437
3433
3429
3424
3419
3414
3411
3407
3401
3396
3391
3388
3386
3381
3374
3369
3365
3360
3355
3350
3347
3343
3339
3334
3329
3327
3323
3320
3316
3310
3304
3299
3296
3293
3291
3287
3283
3279
3275
3271
3266
3261
3258
3254
3250
3244
3240
3235
3232
3229
3224
3219
3213
3210
3208
3206
3201
3195
3190
3186
3183
3181
3176
3172
3167
3163
3160
3156
3152
3148
3145
3143
3139
3134
3129
3124
3122
3120
3116
3111
3105
3103
3099
3097
3092
3088
3085
3083
3079
3073
3068
3064
3062
3060
3058
3053
3047
3044
3041
3039
3035
3031
3026
3023
3020
3016
3012
3007
3004
3002
2999
2994
2990
2987
2984
2982
2979
2975
2972
2969
2966
2961
2956
2954
2953
2949
2945
2941
2939
2935
2931
2926
2922
2920
2916
2911
2907
2904
2901
2897
2894
2892
2890
2886
2882
2877
2875
2873
2869
2865
2861
2858
2856
2851
2846
2845
2843
2839
2835
2831
2828
2826
2821
2817
2813
2811
2810
2808
2803
2798
2795
2792
2790
2787
2784
2780
2775
2773
2771
2766
2762
2759
2758
2756
2754
2750
2746
2741
2738
2737
2734
2732
2730
2728
2723
2719
2717
2715
2711
2708
2704
2702
2700
2695
2691
2688
2686
2685
2682
2678
2677
2674
2670
2666
2664
2662
2661
2658
2655
2652
2650
2646
2642
2638
2636
2634
2631
2628
2626
2623
2620
2616
2613
2611
2610
2607
2604
2599
2598
2595
2591
2587
2586
2585
2584
2581
2578
2576
2574
2570
2567
2564
2563
2562
2561
2556
2553
2550
2548
2546
2543
2540
2537
2535
2533
2531
2528
2524
2521
2519
2518
2517
2516
2512
2509
2506
2504
2501
2498
2494
2494
2493
2489
2485
2482
2479
2477
2476
2473
2471
2470
2468
2465
2461
2457
2455
2453
2450
2448
2445
2444
2441
2437
2433
2431
2429
2428
2426
2424
2422
2421
2418
2415
2412
2410
2407
2405
2402
2401
2399
2398
2395
2391
2389
2387
2384
2382
2380
2379
2378
2374
2371
2369
2367
2365
2361
2358
2357
2356
2354
2351
2348
2347
2344
2342
2339
2338
2337
2335
2332
2329
2327
2325
2322
2319
2317
2316
2314
2311
2309
2305
2304
2302
2300
2297
2294
2293
2290
2289
2288
2286
2284
2281
2277
2274
2272
2271
2271
2270
2267
2264
2262
2259
2257
2255
2254
2252
2251
2249
2246
2245
2243
2241
2239
2237
2235
2233
2231
2230
2229
2227
2224
2220
2218
2217
2216
2214
2212
2210
2209
2208
2206
2203
2201
2198
2196
2195
2193
2191
2189
2188
2187
2185
2182
2179
2176
2174
2173
2172
2172
2169
2165
2162
2160
2158
2156
2154
2151
2151
2150
2148
2145
2143
2142
2140
2139
2135
2132
2130
2129
2129
2127
2124
2120
2119
2117
2115
2113
2110
2107
2105
2104
2104
2101
2098
2096
2094
2093
2091
2089
2087
2085
2084
2083
2083
2080
2077
2073
2073
2071
2070
2069
2067
2065
2063
2062
2061
2059
2057
2054
2052
2051
2050
2050
2048
2046
2044
2041
2039
2038
2037
2034
2032
2031
2030
2030
2029
2026
2023
2021
2018
2016
2015
2014
2012
2011
2010
2008
2008
2006
2005
2002
1999
1996
1995
1994
1994
1992
1990
1988
1987
1986
1984
1983
1982
1979
1977
1976
1976
1975
1973
1971
1969
1968
1967
1965
1963
1961
1961
1960
1959
1958
1956
1956
1955
1952
1950
1948
1946
1945
1944
1943
1942
1940
1939
1937
1935
1932
1929
1928
1927
1925
1923
1921
1919
1918
1918
1917
1914
1911
1910
1910
1907
1905
1904
1903
1903
1902
1900
1897
1896
1895
1894
1892
1890
1889
1888
1888
1887
1886
1884
1883
1882
1881
1879
1876
1874
1874
1873
1873
1871
1870
1868
1867
1866
1863
1861
1859
1858
1858
1857
1856
1854
1851
1851
1850
1848
1845
1844
1843
1842
1841
1840
1840
1839
1838
1836
1834
1833
1832
1831
1828
1826
1824
1824
1823
1823
1822
1820
1819
1818
1817
1815
1813
1813
1812
1811
1810
1810
1808
1808
1807
1805
1803
1801
1800
1799
1798
1796
1794
1792
1790
1789
1789
1788
1787
1784
1781
1781
1780
1779
1779
1778
1776
1775
1772
1772
1771
1771
1768
1766
1763
1763
1762
1762
1762
1760
1759
1757
1756
1755
1754
1752
1750
1748
1747
1747
1747
1746
1745
1743
1743
1742
1741
1740
1738
1735
1733
1732
1732
1732
1731
1730
1728
1727
1726
1725
1724
1722
1721
1718
1718
1718
1717
1715
1714
1715
1713
1711
1709
1708
1708
1706
1703
1702
1701
1701
1701
1700
1698
1697
1697
1696
1695
1693
1690
1690
1690
1688
1688
1686
1687
1686
1686
1684
1682
1681
1680
1679
1678
1676
1676
1676
1676
1675
1673
1673
1672
1671
1669
1668
1667
1666
1665
1664
1663
1662
1662
1661
1660
1659
1657
1657
1656
1654
1652
1650
1649
1649
1648
1648
1646
1646
1645
1645
1643
1641
1638
1637
1637
1635
1634
1632
1632
1632
1632
1631
1628
1626
1625
1625
1623
1621
1618
1618
1617
1616
1616
1614
1615
1615
1613
1612
1610
1610
1609
1607
1606
1604
1604
1604
1603
1603
1602
1601
1600
1599
1597
1596
1594
1594
1593
1591
1589
1586
1587
1587
1586
1584
1584
1583
1582
1580
1579
1578
1578
1576
1575
1573
1574
1574
1573
1571
1571
1570
1568
1566
1563
1563
1562
1561
1560
1560
1560
1559
1560
1559
1558
1556
1556
1555
1553
1552
1550
1550
1549
1549
1548
1547
1547
1547
1546
1545
1544
1543
1542
1541
1540
1539
1538
1537
1537
1537
1537
1537
1535
1534
1532
1532
1531
1530
1529
1527
1526
1526
1525
1525
1524
1523
1522
1521
1521
1520
1518
1516
1515
1513
1512
1512
1512
1511
1509
1508
1507
1508
1507
1505
1504
1503
1502
1501
1500
1500
1498
1497
1495
1496
1496
1495
1494
1492
1490
1490
1489
1489
1487
1485
1483
1483
1483
1483
1482
1480
1479
1478
1478
1477
1477
1476
1474
1473
1472
1472
1472
1470
1469
1468
1468
1468
1467
1465
1464
1463
1463
1461
1460
1458
1458
1458
1458
1457
1455
1456
1456
1456
1454
1453
1451
1451
1451
1448
1447
1447
1446
1446
1445
1444
1444
1445
1444
1443
1442
1441
1441
1439
1438
1436
1435
1435
1434
1433
1432
1433
1432
1432
1430
1429
1429
1428
1427
1426
1425
1424
1424
1424
1423
1422
1422
1423
1421
1420
1419
1418
1418
1417
1416
1415
1414
1414
1413
1413
1412
1412
1412
1413
1412
1411
1409
1408
1408
1407
1406
1405
1404
1404
1404
1403
1402
1400
1400
1400
1399
1399
1398
1397
1397
1396
1395
1393
1393
1392
1393
1392
1391
1390
1390
1390
1390
1389
1388
1387
1387
1386
1385
1384
1384
1384
1383
1383
1383
1383
1383
1382
1381
1381
1381
1379
1377
1375
1375
1374
1373
1373
1371
1370
1371
1371
1370
1369
1369
1368
1368
1367
1366
1364
1363
1364
1362
1361
1359
1360
1360
1360
1358
1358
1358
1357
1356
1355
1354
1354
1353
1352
1351
1350
1351
1351
1351
1350
1350
1350
1350
1349
1348
1348
1347
1346
1344
1343
1341
1342
1342
1341
1340
1340
1340
1340
1338
1336
1336
1335
1335
1334
1332
1332
1332
1331
1331
1331
1331
1331
1330
1329
1328
1328
1328
1326
1324
1322
1322
1322
1321
1320
1319
1319
1320
1319
1320
1319
1319
1319
1318
1317
1315
1314
1314
1313
1312
1311
1310
1311
1311
1310
1309
1308
1308
1308
1307
1307
1307
1306
1306
1305
1304
1303
1303
1303
1303
1303
1303
1303
1302
1301
1300
1299
1299
1298
1297
1296
1295
1295
1294
1293
1292
1292
1292
1292
1291
1290
1291
1291
1289
1288
1287
1287
1287
1287
1285
1285
1284
1284
1284
1284
1284
1284
1283
1283
1283
1283
1282
1281
1280
1280
1279
1278
1278
1278
1278
1277
1276
1276
1274
1275
1274
1274
1274
1273
1272
1270
1269
1269
1268
1268
1268
1268
1267
1266
1265
1264
1264
1264
1264
1264
1263
1262
1261
1260
1259
1259
1258
1258
1258
1258
1258
1257
1256
1256
1257
1257
1256
1257
1256
1255
1253
1252
1252
1252
1251
1251
1252
1250
1249
1248
1248
1246
1245
1244
1244
1243
1243
1242
1241
1240
1238
1237
1236
1236
1236
1237
1237
1237
1237
1237
1235
1234
1233
1232
1231
1231
1232
1231
1230
1230
1229
1228
1228
1228
1228
1228
1228
1228
1227
1226
1224
1223
1223
1223
1222
1222
1222
1221
1220
1219
1218
1217
1217
1217
1217
1218
1218
1217
1217
1216
1215
1214
1213
1213
1213
1213
1213
1213
1212
1212
1212
1213
1212
1210
1209
1208
1208
1207
1207
1206
1205
1203
1203
1204
1204
1203
1202
1201
1201
1202
1202
1201
1199
1198
1198
1198
1197
1197
1197
1196
1196
1196
1196
1197
1196
1195
1194
1195
1194
1194
1193
1192
1191
1191
1191
1190
1189
1188
1187
1188
1187
1188
1188
1188
1188
1188
1188
1188
1188
1187
1186
1185
1185
1185
1185
1184
1184
1183
1183
1183
1183
1183
1184
1183
1183
1182
1182
1182
1181
1180
1178
1177
1175
1176
1175
1175
1175
1175
1174
1174
1175
1175
1175
1174
1174
1173
1173
1172
1172
1172
1172
1171
1170
1170
1171
1171
1170
1170
1169
1169
1169
1169
1168
1166
1165
1165
1165
1165
1163
1162
1161
1162
1162
1162
1162
1162
1162
1162
1162
1162
1162
1161
1160
1160
1159
1160
1159
1158
1157
1157
1157
1157
1157
1157
1157
1156
1154
1155
1155
1154
1154
1154
1153
1152
1150
1151
1150
1150
1150
1150
1149
1148
1147
1148
1148
1149
1148
1148
1149
1148
1148
1147
1148
1146
1145
1144
1144
1144
1144
1144
1143
1143
1143
1144
1143
1143
1141
1141
1140
1139
1140
1139
1138
1137
1136
1136
1135
1136
1136
1135
1136
1136
1136
1136
1136
1135
1133
1134
1134
1133
1132
1131
1130
1131
1131
1130
1130
1129
1128
1129
1129
1129
1129
1128
1127
1127
1127
1126
1126
1125
1124
1123
1123
1123
1123
1122
1121
1121
1122
1123
1122
1122
1121
1120
1120
1120
1121
1120
1120
1119
1118
1117
1117
1117
1117
1117
1118
1118
1118
1119
1118
1118
1117
1116
1116
1116
1115
1114
1113
1112
1112
1112
1112
1112
1111
1112
1112
1112
1113
1112
1111
1110
1111
1110
1110
1110
1110
1109
1109
1109
1108
1107
1106
1105
1105
1106
1106
1106
1106
1105
1105
1105
1105
1104
1103
1101
1100
1100
1100
1100
1100
1099
1098
1099
1099
1100
1099
1099
1098
1097
1097
1097
1098
1096
1096
1096
1095
1095
1095
1094
1094
1094
1094
1094
1094
1094
1094
1093
1094
1094
1094
1093
1092
1090
1090
1089
1089
1089
1088
1087
1085
1084
1085
1085
1085
1086
1086
1086
1085
1085
1085
1085
1084
1083
1082
1081
1081
1081
1081
1080
1079
1078
1079
1080
1080
1080
1079
1079
1079
1079
1079
1078
1077
1077
1076
1076
1075
1074
1073
1073
1073
1073
1074
1074
1073
1073
1073
1073
1073
1073
1073
1072
1072
1072
1072
1072
1071
1071
1071
1071
1072
1072
1071
1071
1071
1071
1071
1071
1071
1070
1070
1069
1069
1068
1068
1067
1066
1066
1065
1066
1066
1066
1066
1066
1065
1066
1065
1065
1064
1064
1064
1064
1064
1063
1063
1063
1062
1062
1062
1062
1063
1062
1062
1062
1063
1063
1063
1062
1061
1060
1060
1060
1060
1059
1058
1057
1057
1058
1057
1058
1057
1057
1056
1056
1056
1057
1057
1057
1057
1056
1056
1055
1055
1055
1055
1054
1052
1052
1053
1053
1053
1053
1052
1053
1053
1053
1052
1052
1052
1051
1052
1051
1051
1050
1049
1047
1047
1047
1047
1047
1046
1046
1046
1047
1047
1047
1046
1046
1046
1046
1045
1045
1045
1044
1044
1044
1044
1044
1043
1044
1044
1044
1044
1045
1045
1045
1045
1045
1045
1045
1044
1042
1041
1040
1040
1040
1039
1039
1038
1038
1038
1038
1039
1040
1039
1038
1037
1037
1038
1038
1037
1036
1034
1033
1033
1034
1033
1033
1032
1032
1032
1033
1033
1033
1033
1033
1033
1032
1034
1033
1033
1032
1032
1031
1031
1031
1031
1031
1030
1028
1027
1026
1027
1027
1028
1029
1029
1029
1028
1027
1026
1025
1026
1025
1026
1025
1025
1024
1023
1022
1023
1023
1024
1024
1023
1022
1022
1022
1023
1023
1023
1022
1022
1022
1022
1021
1020
1019
1018
1019
1019
1018
1019
1018
1018
1018
1018
1019
1019
1020
1019
1018
1016
1016
1017
1017
1017
1016
1016
1015
1015
1015
1015
1015
1014
1014
1014
1015
1015
1015
1015
1014
1014
1014
1015
1014
1013
1012
1012
1012
1012
1011
1010
1009
1010
1010
1010
1011
1011
1010
1010
1011
1011
1011
1010
1010
1008
1009
1008
1008
1008
1008
1007
1007
1008
1008
1008
1008
1008
1009
1009
1010
1010
1009
1009
1008
1008
1009
1008
1007
1007
1006
1006
1006
1006
1006
1005
1006
1006
1006
1006
1006
1007
1007
1008
1008
1008
1007
1007
1006
1006
1005
1005
1005
1006
1004
1003
1002
1002
1003
1004
1004
1003
1003
1003
1004
1003
1003
1003
1003
1002
1002
1002
1001
1001
1000
1000
1000
1000
1000
1000
1000
1001
1001
1001
1001
1000
1000
1000
1000
999
999
999
998
998
998
998
998
998
997
998
998
998
998
998
997
997
998
998
997
996
995
994
995
995
994
992
991
990
990
991
991
991
992
992
992
992
993
993
993
992
990
990
989
989
989
989
988
988
987
987
988
988
988
988
988
988
988
988
988
988
988
987
987
987
987
987
986
985
985
985
985
985
985
985
985
986
986
986
985
985
985
986
986
985
983
982
982
982
982
982
982
982
981
982
982
982
982
983
983
983
983
983
983
983
983
983
983
982
982
982
982
982
980
979
980
980
980
980
980
980
981
982
982
981
980
979
979
980
980
979
979
978
978
978
979
978
978
977
978
978
979
979
979
979
979
980
979
979
978
977
977
977
977
976
976
976
976
976
976
977
977
977
977
976
975
976
976
976
976
976
975
975
975
975
974
973
973
973
973
973
973
972
973
973
974
974
974
975
975
975
975
974
973
972
973
972
972
972
971
970
971
971
971
972
972
972
972
973
973
973
973
972
971
972
972
971
971
971
970
970
970
970
970
969
968
968
969
969
969
968
968
969
969
969
968
968
968
968
967
967
967
967
967
967
967
967
967
967
968
968
968
969
968
969
969
967
968
967
968
967
965
964
964
964
964
964
964
964
964
964
964
965
964
965
965
965
965
964
963
962
962
962
962
962
961
960
960
960
960
960
961
961
961
961
962
962
962
962
962
962
961
961
960
960
960
960
960
960
959
960
960
960
959
958
958
959
959
960
960
959
958
958
959
958
957
957
957
957
957
955
954
954
954
954
954
954
955
956
955
954
955
955
954
954
954
954
954
953
953
952
952
952
952
952
953
953
953
953
953
954
954
954
954
954
954
955
954
953
953
953
953
952
951
950
950
950
951
950
950
950
951
951
950
949
950
950
950
949
949
949
949
948
947
947
947
947
946
945
946
946
947
947
947
947
947
947
947
946
947
947
946
945
945
945
945
944
943
943
943
943
942
942
943
943
943
942
941
942
943
942
942
942
942
942
942
940
941
941
940
939
939
939
940
940
939
938
937
938
939
940
939
938
938
938
938
938
938
937
937
937
936
935
934
935
935
933
932
933
934
935
935
935
936
935
936
936
935
935
935
935
935
934
935
935
935
935
935
935
936
935
935
935
936
936
936
936
936
937
938
937
936
937
937
936
935
934
934
934
934
933
933
933
934
934
935
936
936
935
934
934
934
935
934
933
932
933
932
932
932
932
932
932
932
932
932
933
933
933
933
934
934
934
933
934
934
933
933
932
932
932
931
930
928
929
929
929
928
927
927
928
929
929
929
929
929
929
930
930
929
929
928
928
929
929
929
928
928
927
927
927
928
927
927
928
928
929
929
928
927
928
929
928
927
926
925
925
925
924
924
924
924
924
924
923
924
924
924
924
924
925
925
924
923
923
923
923
923
922
922
922
923
922
921
922
923
922
922
922
923
923
923
923
922
923
923
923
922
921
922
921
921
921
921
921
921
921
920
921
922
921
921
920
921
922
921
921
921
921
921
920
919
919
920
919
918
918
918
919
918
918
918
918
919
919
919
919
920
920
919
918
918
918
918
918
917
917
917
917
917
917
917
917
917
918
917
918
919
919
918
917
918
918
917
916
916
916
916
916
915
915
915
916
915
915
915
916
916
915
915
916
916
916
916
916
917
917
917
916
916
916
915
915
914
914
915
914
913
913
913
914
914
914
913
914
914
914
913
912
913
913
913
913
913
912
913
913
913
912
911
912
913
913
913
912
911
912
912
912
