1229,2371,3445,4089,4631,5002,5460,5711
1229,2373,3444,4089,4633,5003,5462,5714
1229,2372,3447,4088,4635,5005,5461,5713
1229,2372,3447,4091,4633,5004,5461,5711
1230,2371,3447,4093,4630,5003,5464,5713
1230,2373,3448,4095,4629,5004,5465,5711
1230,2374,3450,4093,4630,5005,5464,5709
1230,2374,3452,4091,4629,5004,5463,5707
1230,2374,3451,4090,4627,5004,5465,5711
1229,2374,3450,4091,4627,5006,5464,5709
1228,2375,3449,4092,4630,5008,5465,5708
1230,2376,3451,4091,4628,5007,5467,5711
1231,2377,3452,4091,4626,5004,5465,5713
1231,2377,3451,4091,4624,5005,5463,5710
1232,2376,3450,4090,4626,5007,5462,5710
1233,2377,3449,4092,4625,5006,5464,5712
1233,2378,3451,4093,4624,5005,5462,5716
1233,2379,3453,4091,4622,5004,5461,5714
1232,2379,3454,4090,4625,5006,5465,5713
1232,2381,3453,4088,4624,5005,5464,5716
1232,2383,3452,4089,4623,5003,5463,5713
1232,2385,3454,4091,4622,5002,5466,5710
1232,2384,3455,4090,4625,5003,5464,5714
1232,2384,3456,4090,4623,5002,5462,5716
1232,2384,3455,4091,4621,5002,5461,5714
1233,2385,3453,4092,4619,5002,5464,5712
1234,2386,3451,4093,4621,5004,5463,5714
1234,2386,3449,4092,4623,5006,5462,5710
1235,2385,3451,4091,4623,5004,5464,5711
1236,2384,3453,4093,4622,5003,5464,5716
1236,2385,3453,4093,4624,5005,5462,5715
1236,2387,3452,4094,4626,5006,5465,5714
1235,2385,3451,4093,4624,5004,5466,5716
1235,2385,3453,4094,4623,5003,5467,5714
1235,2384,3454,4094,4620,5006,5467,5712
1236,2386,3455,4096,4623,5007,5469,5714
1236,2388,3454,4096,4625,5006,5467,5717
1236,2388,3453,4096,4624,5004,5465,5715
1237,2387,3451,4094,4624,5006,5462,5713
1238,2389,3453,4096,4625,5007,5464,5715
1237,2391,3454,4097,4628,5006,5464,5714
1237,2392,3457,4098,4627,5005,5464,5712
1237,2392,3456,4096,4625,5008,5465,5714
1236,2391,3455,4094,4627,5009,5468,5717
1237,2393,3455,4093,4628,5009,5467,5717
1238,2394,3455,4094,4628,5008,5465,5716
1239,2396,3458,4096,4628,5006,5466,5718
1240,2396,3459,4094,4631,5007,5469,5721
1240,2396,3460,4092,4630,5009,5467,5719
1242,2397,3459,4090,4629,5008,5466,5717
1240,2398,3458,4091,4631,5008,5468,5721
1239,2398,3460,4092,4632,5009,5468,5720
1238,2398,3461,4092,4631,5012,5466,5719
1238,2400,3463,4091,4629,5011,5468,5721
1237,2401,3463,4093,4631,5009,5466,5723
1237,2403,3463,4096,4634,5010,5465,5722
1239,2403,3462,4096,4633,5012,5468,5720
1239,2403,3463,4095,4631,5011,5467,5721
1240,2402,3465,4092,4632,5011,5466,5720
1240,2404,3464,4091,4635,5013,5464,5719
1240,2405,3463,4091,4633,5016,5467,5722
1240,2405,3462,4093,4631,5014,5464,5724
1240,2405,3462,4093,4632,5014,5462,5723
1240,2405,3464,4093,4632,5013,5465,5721
1240,2406,3464,4093,4632,5014,5465,5723
1239,2406,3464,4095,4634,5016,5463,5721
1240,2406,3466,4096,4636,5016,5465,5721
1240,2405,3467,4097,4635,5016,5469,5720
1241,2407,3468,4096,4634,5018,5466,5723
1240,2408,3468,4096,4636,5020,5464,5721
1241,2408,3467,4094,4637,5019,5467,5719
1242,2409,3469,4095,4636,5017,5467,5720
1242,2409,3470,4096,4634,5018,5467,5719
1242,2412,3468,4095,4637,5019,5468,5718
1242,2413,3466,4094,4639,5019,5468,5717
1243,2412,3465,4093,4637,5018,5466,5718
1243,2411,3467,4094,4635,5021,5464,5717
1243,2411,3469,4096,4634,5022,5466,5716
1243,2412,3469,4095,4636,5021,5466,5718
1244,2414,3468,4093,4634,5020,5465,5719
1244,2414,3467,4094,4633,5021,5469,5719
1245,2414,3468,4095,4636,5023,5467,5718
1246,2415,3469,4096,4638,5021,5467,5721
1246,2416,3469,4095,4637,5021,5465,5720
1247,2416,3467,4094,4636,5020,5467,5719
1247,2417,3468,4093,4637,5022,5466,5717
1247,2416,3469,4094,4639,5024,5466,5720
1247,2418,3470,4096,4638,5022,5468,5718
1246,2420,3469,4095,4637,5019,5468,5718
1246,2421,3468,4093,4637,5020,5466,5720
1245,2420,3468,4091,4640,5023,5465,5722
1247,2420,3470,4092,4639,5022,5467,5721
1247,2420,3469,4093,4639,5021,5465,5720
1247,2422,3467,4092,4638,5023,5463,5720
1248,2421,3465,4091,4640,5025,5464,5719
1249,2420,3467,4090,4639,5023,5467,5719
1249,2422,3468,4092,4639,5021,5466,5722
1248,2424,3467,4094,4639,5020,5465,5724
1248,2424,3466,4092,4640,5022,5467,5722
1248,2423,3464,4091,4639,5024,5467,5720
1248,2422,3466,4093,4638,5024,5465,5724
1247,2423,3468,4094,4636,5022,5469,5721
1247,2425,3468,4094,4638,5025,5472,5720
1248,2424,3468,4093,4637,5027,5470,5722
1248,2423,3467,4092,4637,5025,5468,5725
1249,2423,3469,4091,4634,5023,5471,5723
1249,2425,3470,4092,4636,5022,5470,5723
1249,2426,3469,4095,4635,5025,5468,5723
1250,2426,3469,4093,4634,5024,5469,5722
1251,2426,3469,4091,4636,5023,5473,5720
1251,2427,3470,4090,4639,5022,5472,5725
1252,2428,3472,4091,4638,5024,5471,5726
1253,2428,3471,4092,4637,5026,5472,5725
1253,2429,3471,4090,4638,5024,5474,5722
1253,2429,3470,4089,4640,5023,5473,5725
1253,2430,3472,4092,4639,5024,5471,5726
1254,2430,3473,4094,4638,5027,5473,5725
1254,2432,3473,4093,4639,5026,5473,5724
1255,2431,3472,4091,4642,5025,5471,5728
1256,2430,3472,4088,4642,5027,5475,5729
1255,2430,3473,4090,4640,5029,5477,5729
1256,2432,3475,4092,4642,5027,5475,5727
1256,2434,3473,4091,4644,5024,5472,5729
1256,2433,3470,4090,4644,5023,5475,5730
1256,2433,3469,4089,4642,5026,5477,5730
1256,2433,3472,4092,4643,5028,5477,5729
1256,2435,3472,4093,4645,5027,5476,5732
1256,2435,3471,4091,4644,5027,5480,5729
1257,2437,3470,4090,4644,5025,5478,5727
1258,2438,3471,4089,4647,5028,5477,5723
1258,2438,3473,4091,4645,5029,5478,5727
1258,2438,3472,4092,4642,5026,5477,5726
1259,2437,3471,4090,4640,5024,5476,5725
1259,2438,3470,4090,4641,5025,5476,5727
1258,2439,3470,4089,4642,5027,5478,5729
1257,2438,3472,4091,4642,5029,5476,5728
1257,2438,3472,4093,4641,5027,5474,5727
1256,2439,3471,4091,4644,5026,5476,5727
1256,2440,3471,4089,4642,5027,5474,5730
1256,2441,3472,4088,4641,5030,5472,5730
1258,2441,3474,4090,4642,5028,5472,5728
1258,2440,3473,4091,4645,5027,5475,5730
1258,2441,3472,4089,4643,5029,5474,5733
1259,2443,3471,4088,4642,5031,5474,5730
1260,2443,3473,4087,4644,5029,5476,5727
1261,2442,3474,4089,4647,5027,5474,5729
1261,2442,3472,4091,4647,5025,5472,5729
1262,2441,3471,4093,4647,5027,5475,5727
1262,2442,3471,4093,4649,5025,5476,5725
1261,2444,3473,4093,4647,5024,5475,5728
1261,2442,3475,4091,4646,5024,5478,5727
1261,2441,3474,4093,4644,5026,5480,5725
1261,2443,3473,4094,4646,5027,5479,5727
1260,2444,3475,4095,4644,5026,5476,5731
1260,2445,3476,4093,4645,5025,5479,5730
1260,2446,3477,4093,4644,5026,5478,5728
1260,2447,3477,4093,4646,5028,5478,5731
1260,2448,3475,4095,4647,5027,5480,5734
1261,2449,3474,4095,4646,5027,5479,5731
1261,2449,3473,4097,4643,5026,5478,5729
1262,2450,3475,4095,4645,5027,5476,5732
1262,2449,3477,4093,4644,5029,5477,5732
1263,2449,3480,4090,4643,5028,5476,5730
1262,2451,3479,4092,4643,5025,5476,5731
1262,2452,3478,4094,4645,5027,5480,5734
1261,2451,3479,4092,4647,5029,5479,5733
1261,2449,3481,4092,4646,5030,5478,5731
1260,2448,3481,4093,4645,5028,5480,5733
1261,2449,3481,4095,4648,5028,5478,5736
1261,2450,3479,4096,4645,5030,5477,5734
1262,2450,3480,4095,4643,5028,5479,5732
1262,2450,3482,4094,4645,5026,5483,5734
1262,2450,3481,4092,4648,5027,5481,5733
1263,2452,3481,4093,4647,5029,5478,5730
1264,2453,3481,4094,4647,5032,5481,5733
1265,2454,3483,4094,4648,5032,5479,5732
1265,2454,3483,4094,4651,5030,5477,5732
1265,2453,3485,4097,4649,5032,5480,5730
1264,2455,3484,4098,4646,5031,5484,5733
1264,2456,3483,4099,4648,5030,5483,5732
1265,2456,3484,4098,4649,5029,5482,5731
1265,2455,3485,4096,4650,5031,5485,5732
1265,2457,3486,4097,4649,5033,5486,5730
1265,2457,3486,4098,4651,5034,5485,5730
1266,2458,3485,4099,4652,5033,5483,5728
1266,2458,3487,4097,4651,5035,5486,5730
1267,2457,3489,4095,4650,5037,5486,5729
1267,2457,3491,4094,4651,5039,5485,5727
1267,2459,3489,4095,4652,5036,5488,5730
1267,2461,3488,4097,4651,5034,5487,5732
1267,2462,3487,4097,4649,5037,5485,5731
1266,2462,3489,4098,4653,5039,5486,5730
1266,2462,3490,4098,4654,5038,5488,5734
1267,2463,3488,4096,4653,5035,5488,5732
1267,2464,3486,4096,4651,5037,5487,5730
1267,2466,3485,4098,4650,5039,5490,5731
1268,2465,3487,4100,4650,5037,5488,5730
1268,2464,3489,4100,4649,5035,5488,5729
1267,2463,3491,4098,4648,5038,5489,5729
1266,2464,3490,4097,4648,5040,5491,5730
1265,2465,3490,4098,4651,5040,5489,5729
1265,2466,3491,4098,4649,5039,5488,5727
1265,2465,3492,4100,4648,5041,5491,5729
1266,2464,3492,4099,4647,5043,5489,5729
1266,2463,3491,4097,4648,5040,5487,5729
1267,2465,3490,4098,4650,5038,5487,5727
1267,2467,3491,4100,4648,5040,5488,5726
1268,2469,3493,4102,4646,5043,5487,5728
1268,2468,3492,4101,4649,5042,5486,5726
1268,2467,3492,4100,4652,5041,5489,5725
1268,2469,3492,4098,4651,5042,5489,5726
1267,2469,3494,4097,4648,5044,5488,5729
1267,2469,3492,4097,4651,5043,5486,5729
1266,2468,3491,4099,4653,5041,5489,5727
1265,2468,3491,4099,4650,5042,5486,5730
1266,2469,3492,4098,4647,5045,5485,5729
1266,2470,3493,4098,4650,5044,5488,5728
1267,2469,3492,4098,4652,5043,5492,5726
1267,2468,3492,4099,4652,5041,5490,5729
1268,2467,3492,4100,4651,5044,5489,5728
1268,2468,3494,4102,4653,5045,5491,5727
1268,2470,3496,4099,4654,5043,5489,5728
1268,2470,3495,4098,4654,5040,5487,5731
1267,2469,3493,4098,4652,5043,5485,5730
1267,2471,3493,4099,4650,5046,5489,5728
1267,2473,3494,4100,4652,5044,5488,5728
1268,2473,3496,4100,4651,5043,5487,5732
1268,2473,3495,4099,4651,5045,5485,5732
1268,2472,3494,4098,4653,5047,5488,5730
1269,2472,3493,4099,4654,5045,5485,5732
1269,2473,3494,4101,4656,5042,5484,5731
1269,2475,3496,4099,4654,5040,5487,5728
1268,2475,3495,4096,4652,5044,5486,5731
1269,2474,3495,4094,4653,5042,5484,5733
1268,2474,3497,4095,4654,5040,5487,5732
1268,2474,3498,4095,4654,5042,5486,5731
1268,2476,3497,4097,4654,5045,5486,5733
1268,2475,3497,4097,4656,5043,5487,5735
1268,2475,3496,4096,4655,5040,5485,5734
1269,2476,3496,4095,4653,5038,5484,5732
1269,2479,3498,4097,4655,5040,5483,5735
1270,2479,3500,4098,4656,5043,5485,5738
1271,2481,3499,4100,4655,5041,5484,5737
1272,2481,3498,4097,4654,5039,5482,5734
1273,2480,3501,4094,4656,5041,5480,5738
1273,2481,3503,4093,4655,5043,5482,5736
1272,2482,3505,4094,4653,5041,5481,5733
1271,2484,3503,4097,4650,5039,5481,5734
1270,2484,3502,4095,4652,5041,5484,5737
1269,2483,3504,4092,4653,5044,5486,5736
1269,2484,3505,4091,4652,5042,5485,5734
1270,2485,3507,4091,4650,5041,5483,5735
1271,2484,3506,4093,4651,5042,5485,5735
1271,2484,3504,4094,4654,5044,5484,5733
1271,2483,3506,4093,4653,5042,5484,5735
1272,2484,3508,4091,4651,5041,5486,5738
1272,2486,3508,4093,4653,5039,5486,5737
1272,2487,3507,4095,4654,5042,5485,5735
1271,2487,3506,4097,4653,5045,5487,5738
1270,2488,3508,4096,4650,5043,5490,5736
1271,2489,3509,4094,4650,5041,5487,5734
1271,2490,3509,4092,4653,5043,5487,5732
1272,2490,3508,4094,4652,5045,5490,5735
1272,2489,3507,4093,4652,5043,5490,5735
1272,2490,3508,4092,4651,5043,5489,5733
1272,2492,3509,4090,4654,5042,5492,5734
1273,2491,3508,4092,4652,5044,5494,5734
1273,2490,3508,4094,4651,5045,5492,5732
1272,2488,3508,4093,4652,5044,5491,5731
1272,2490,3510,4092,4654,5043,5494,5732
1272,2491,3512,4093,4652,5045,5495,5732
1272,2490,3511,4094,4651,5046,5493,5731
1273,2491,3511,4094,4655,5044,5495,5733
1274,2491,3511,4093,4656,5042,5495,5735
1274,2492,3512,4093,4654,5046,5493,5734
1275,2494,3513,4094,4652,5047,5496,5732
1277,2495,3512,4093,4654,5047,5498,5735
1276,2494,3512,4091,4656,5045,5498,5734
1276,2494,3512,4089,4653,5044,5496,5733
1276,2495,3513,4091,4651,5044,5500,5731
1275,2496,3516,4092,4650,5046,5498,5734
1275,2497,3516,4093,4652,5045,5497,5732
1274,2496,3515,4093,4652,5045,5500,5730
1275,2495,3517,4092,4651,5046,5501,5730
1275,2494,3518,4092,4651,5048,5500,5730
1276,2494,3517,4092,4652,5047,5501,5730
1276,2496,3516,4090,4650,5046,5502,5729
1277,2494,3515,4088,4648,5047,5505,5730
1277,2493,3515,4086,4650,5049,5503,5733
1278,2493,3517,4089,4653,5047,5502,5729
1277,2494,3516,4090,4652,5047,5504,5726
1278,2496,3516,4089,4650,5047,5506,5728
1278,2497,3516,4088,4652,5049,5505,5731
1278,2496,3518,4090,4654,5050,5504,5729
1278,2495,3519,4092,4652,5049,5506,5727
1278,2494,3518,4090,4651,5047,5508,5729
1278,2495,3517,4088,4652,5048,5507,5731
1279,2496,3516,4085,4651,5049,5506,5729
1279,2497,3518,4087,4650,5048,5507,5726
1279,2497,3519,4090,4649,5048,5509,5730
1279,2496,3516,4088,4651,5046,5510,5729
1279,2495,3515,4086,4650,5048,5508,5726
1279,2500,3513,4084,4649,5047,5510,5724
1280,2499,3516,4086,4651,5046,5510,5726
1280,2498,3519,4088,4652,5047,5510,5725
1281,2498,3517,4085,4650,5049,5512,5723
1281,2499,3517,4083,4649,5047,5513,5722
1281,2500,3516,4085,4652,5046,5513,5726
1282,2501,3517,4087,4655,5049,5513,5724
1283,2501,3519,4088,4653,5050,5516,5724
1283,2503,3520,4090,4651,5048,5518,5726
1282,2502,3519,4089,4650,5047,5517,5725
1281,2501,3517,4087,4651,5045,5515,5723
1281,2501,3516,4089,4651,5045,5517,5722
1281,2501,3518,4090,4649,5047,5519,5726
1281,2501,3520,4091,4647,5047,5519,5725
1281,2503,3520,4089,4649,5045,5520,5722
1282,2502,3520,4087,4649,5047,5522,5724
1282,2502,3519,4087,4647,5049,5520,5727
1282,2501,3520,4089,4645,5047,5519,5723
1283,2502,3522,4091,4646,5046,5521,5721
1282,2504,3523,4091,4648,5044,5523,5724
1281,2505,3522,4094,4646,5046,5522,5727
1282,2505,3521,4092,4643,5045,5520,5726
1282,2504,3519,4090,4645,5044,5523,5725
1283,2503,3518,4091,4647,5042,5522,5727
1283,2504,3520,4093,4646,5044,5520,5726
1282,2506,3522,4090,4645,5046,5523,5727
1282,2507,3524,4089,4647,5045,5522,5731
1281,2507,3523,4088,4645,5042,5522,5730
1280,2506,3522,4091,4643,5045,5525,5728
1281,2505,3520,4091,4641,5047,5525,5730
1281,2505,3522,4090,4642,5046,5523,5733
1282,2506,3524,4088,4641,5044,5522,5730
1282,2507,3524,4087,4640,5047,5524,5730
1282,2509,3523,4088,4640,5045,5522,5733
1283,2509,3523,4090,4641,5044,5519,5731
1283,2509,3522,4087,4643,5042,5522,5730
1282,2508,3521,4086,4642,5044,5522,5731
1283,2509,3523,4086,4641,5042,5522,5733
1283,2511,3524,4088,4643,5042,5525,5731
1284,2512,3525,4090,4644,5040,5522,5729
1285,2513,3526,4088,4641,5043,5520,5732
1285,2511,3526,4087,4640,5041,5518,5732
1284,2510,3525,4088,4643,5040,5521,5730
1284,2509,3523,4089,4645,5038,5520,5733
1284,2509,3524,4090,4644,5040,5519,5735
1284,2510,3525,4088,4643,5042,5521,5734
1285,2511,3526,4087,4644,5041,5525,5732
1286,2512,3528,4089,4646,5040,5523,5735
1287,2511,3528,4093,4645,5037,5522,5734
1286,2511,3528,4093,4644,5040,5523,5733
1286,2510,3529,4092,4646,5038,5522,5734
1285,2510,3531,4091,4649,5037,5521,5737
1286,2511,3531,4089,4648,5035,5519,5735
1286,2513,3533,4091,4646,5037,5521,5734
1287,2514,3531,4093,4643,5039,5520,5735
1287,2512,3531,4093,4645,5039,5520,5735
1288,2511,3530,4091,4644,5038,5522,5734
1287,2512,3531,4089,4643,5039,5520,5737
1286,2514,3531,4091,4641,5041,5519,5739
1286,2515,3533,4093,4644,5040,5518,5738
1286,2516,3535,4095,4643,5039,5521,5734
1287,2514,3534,4094,4641,5040,5520,5738
1287,2513,3533,4093,4638,5042,5519,5736
1286,2512,3531,4091,4640,5041,5522,5735
1285,2514,3532,4093,4642,5040,5520,5737
1285,2515,3533,4093,4640,5041,5518,5740
1285,2517,3536,4092,4637,5043,5522,5737
1285,2518,3534,4092,4639,5042,5524,5735
1286,2518,3533,4091,4641,5040,5523,5734
1287,2518,3532,4093,4641,5041,5522,5737
1287,2519,3533,4095,4639,5043,5524,5736
1287,2520,3534,4093,4637,5042,5523,5735
1288,2521,3537,4090,4639,5040,5523,5736
1288,2521,3536,4089,4639,5040,5526,5739
1289,2520,3535,4090,4639,5042,5525,5737
1288,2520,3534,4091,4636,5040,5523,5734
1289,2521,3534,4089,4638,5039,5521,5737
1289,2522,3536,4088,4636,5039,5524,5737
1290,2522,3538,4088,4635,5042,5522,5736
1290,2521,3535,4089,4633,5042,5519,5735
1288,2520,3533,4091,4634,5041,5521,5737
1290,2519,3531,4092,4635,5043,5524,5736
1291,2519,3532,4091,4635,5045,5523,5733
1290,2520,3534,4089,4634,5046,5521,5736
1290,2522,3536,4090,4635,5045,5524,5739
1290,2523,3535,4092,4637,5043,5526,5738
1289,2522,3534,4089,4635,5045,5524,5741
1289,2522,3533,4088,4635,5047,5523,5739
1290,2522,3533,4086,4637,5046,5525,5737
1290,2521,3535,4089,4638,5044,5526,5738
1290,2523,3536,4091,4637,5046,5524,5742
1289,2524,3534,4089,4636,5049,5528,5741
1288,2525,3531,4087,4635,5047,5530,5739
1289,2524,3529,4086,4636,5045,5529,5740
1289,2522,3531,4088,4635,5043,5527,5740
1290,2521,3533,4088,4634,5046,5530,5738
1290,2522,3535,4086,4637,5045,5528,5737
1290,2524,3534,4084,4639,5042,5527,5739
1290,2523,3533,4084,4637,5039,5530,5739
1291,2523,3531,4086,4636,5042,5532,5737
1292,2523,3532,4088,4635,5044,5531,5741
1292,2523,3534,4087,4637,5042,5529,5743
1293,2524,3535,4086,4634,5041,5531,5741
1294,2524,3534,4085,4633,5042,5530,5737
1294,2526,3532,4086,4630,5044,5530,5741
1294,2526,3531,4087,4634,5044,5532,5741
1294,2525,3533,4087,4633,5043,5531,5739
1294,2525,3535,4086,4631,5042,5529,5738
1293,2527,3537,4086,4629,5044,5527,5740
1293,2527,3536,4085,4631,5046,5530,5739
1294,2527,3535,4088,4630,5044,5528,5737
1295,2526,3533,4090,4629,5044,5527,5738
1295,2525,3535,4088,4629,5046,5530,5738
1294,2526,3535,4085,4632,5049,5529,5737
1294,2527,3537,4087,4632,5048,5529,5735
1294,2528,3538,4088,4631,5046,5531,5738
1294,2530,3536,4090,4632,5048,5533,5737
1295,2530,3535,4088,4634,5051,5530,5735
1294,2530,3536,4087,4632,5049,5529,5738
1294,2529,3538,4090,4631,5047,5532,5737
1293,2531,3540,4092,4631,5045,5535,5737
1293,2531,3539,4093,4630,5048,5534,5735
1294,2532,3538,4092,4629,5050,5533,5738
1295,2533,3537,4091,4628,5049,5535,5737
1294,2533,3537,4092,4631,5048,5533,5734
1293,2533,3539,4094,4629,5050,5532,5736
1293,2533,3540,4094,4626,5051,5535,5739
1293,2534,3541,4093,4624,5049,5535,5738
1294,2534,3539,4092,4627,5049,5534,5737
1294,2533,3537,4094,4624,5051,5533,5739
1294,2532,3536,4097,4622,5053,5536,5738
1295,2531,3538,4098,4625,5052,5534,5737
1295,2531,3539,4096,4627,5050,5533,5739
1296,2532,3541,4093,4626,5052,5534,5741
1297,2534,3539,4092,4625,5053,5535,5741
1297,2535,3537,4094,4626,5052,5534,5739
1296,2534,3536,4091,4629,5050,5537,5743
1295,2532,3537,4089,4627,5050,5539,5741
1296,2531,3538,4087,4625,5052,5538,5739
1296,2533,3538,4089,4625,5051,5535,5736
1296,2533,3538,4093,4627,5050,5539,5740
1296,2534,3537,4093,4630,5049,5537,5739
1296,2534,3536,4092,4630,5050,5538,5738
1297,2531,3539,4091,4628,5048,5537,5741
1297,2529,3540,4089,4631,5046,5540,5738
1297,2531,3539,4092,4629,5045,5538,5737
1298,2531,3539,4093,4627,5047,5538,5734
1299,2533,3537,4090,4624,5046,5539,5736
1298,2535,3537,4088,4626,5045,5538,5736
1297,2534,3537,4088,4627,5044,5537,5736
1298,2533,3538,4090,4628,5046,5541,5738
1299,2531,3539,4092,4627,5048,5539,5737
1299,2532,3537,4090,4629,5046,5539,5736
1299,2534,3536,4089,4628,5045,5542,5734
1299,2534,3535,4091,4628,5047,5544,5737
1298,2534,3537,4092,4626,5050,5542,5736
1298,2533,3539,4091,4628,5049,5542,5736
1299,2532,3540,4089,4626,5047,5545,5738
1299,2533,3538,4088,4624,5045,5544,5741
1299,2534,3537,4091,4627,5048,5543,5739
1299,2535,3537,4092,4630,5048,5545,5738
1298,2533,3538,4092,4629,5046,5547,5739
1299,2533,3539,4090,4627,5045,5545,5737
1300,2533,3540,4089,4629,5048,5544,5737
1300,2534,3537,4090,4631,5050,5546,5737
1300,2536,3537,4091,4630,5049,5547,5738
1300,2537,3536,4091,4628,5047,5546,5741
1301,2536,3535,4088,4630,5049,5548,5739
1302,2535,3537,4087,4633,5049,5551,5736
1302,2534,3538,4088,4632,5052,5549,5739
1301,2536,3537,4091,4631,5052,5547,5737
1301,2537,3535,4090,4632,5052,5550,5736
1301,2538,3535,4090,4633,5053,5551,5735
1301,2539,3535,4089,4633,5055,5549,5736
1302,2539,3535,4090,4631,5054,5552,5736
1302,2538,3537,4091,4632,5052,5550,5734
1302,2536,3538,4091,4634,5050,5548,5736
1301,2537,3538,4090,4633,5052,5551,5735
1300,2537,3537,4088,4632,5051,5549,5736
1301,2539,3539,4090,4635,5051,5548,5734
1302,2539,3541,4092,4633,5049,5551,5738
1301,2539,3541,4092,4631,5052,5554,5736
1301,2538,3543,4090,4631,5053,5553,5736
1300,2538,3541,4093,4632,5052,5552,5736
1301,2539,3540,4093,4630,5050,5554,5735
1301,2540,3539,4095,4629,5048,5552,5734
1301,2539,3540,4094,4631,5050,5550,5733
1301,2538,3540,4093,4635,5053,5555,5735
1300,2538,3541,4093,4634,5052,5554,5734
1300,2539,3541,4095,4632,5050,5554,5733
1300,2540,3541,4097,4634,5052,5556,5735
1301,2541,3539,4097,4632,5054,5558,5734
1301,2540,3541,4097,4630,5053,5556,5734
1300,2538,3542,4096,4628,5051,5553,5734
1300,2537,3544,4094,4629,5049,5556,5737
1300,2538,3542,4097,4628,5052,5556,5734
1300,2540,3541,4098,4628,5056,5554,5733
1302,2542,3541,4096,4629,5054,5556,5734
1302,2541,3541,4095,4631,5053,5555,5737
1303,2540,3543,4093,4630,5052,5553,5736
1303,2539,3545,4096,4629,5054,5550,5736
1303,2541,3544,4097,4626,5054,5552,5738
1303,2541,3543,4100,4628,5053,5552,5736
1303,2543,3541,4098,4630,5053,5551,5734
1303,2544,3543,4097,4629,5055,5553,5737
1302,2543,3544,4095,4628,5057,5552,5738
1302,2542,3545,4093,4631,5059,5552,5737
1302,2542,3544,4095,4631,5058,5553,5735
1303,2541,3542,4096,4631,5057,5555,5739
1303,2542,3540,4097,4628,5054,5555,5738
1303,2543,3541,4098,4631,5053,5555,5737
1303,2544,3542,4098,4631,5055,5556,5739
1302,2544,3542,4097,4630,5058,5556,5741
1302,2543,3541,4098,4628,5056,5555,5739
1303,2542,3540,4101,4630,5053,5558,5739
1303,2545,3541,4102,4630,5052,5555,5742
1302,2545,3542,4100,4630,5054,5554,5740
1302,2546,3543,4098,4629,5052,5553,5738
1302,2546,3543,4095,4630,5051,5557,5736
1302,2545,3542,4096,4628,5053,5555,5738
1303,2543,3541,4098,4626,5056,5555,5736
1303,2541,3541,4101,4627,5060,5557,5735
1302,2542,3542,4099,4630,5058,5555,5740
1301,2544,3543,4098,4629,5057,5554,5741
1302,2544,3543,4097,4628,5056,5556,5739
1302,2543,3542,4098,4629,5058,5559,5737
1303,2543,3541,4100,4631,5058,5558,5739
1303,2542,3542,4101,4630,5057,5557,5740
1302,2544,3544,4102,4628,5057,5559,5740
1303,2546,3545,4101,4626,5056,5557,5739
1303,2547,3543,4101,4627,5055,5554,5743
1305,2547,3542,4103,4626,5057,5557,5742
1304,2545,3540,4104,4626,5058,5561,5742
1303,2544,3541,4105,4628,5060,5560,5743
1303,2545,3543,4105,4629,5057,5559,5746
1303,2546,3544,4103,4629,5057,5562,5744
1304,2547,3543,4101,4627,5057,5561,5745
1304,2547,3543,4103,4629,5059,5559,5746
1304,2548,3541,4103,4629,5062,5557,5745
1304,2548,3543,4104,4628,5063,5560,5745
1304,2546,3545,4103,4627,5061,5560,5744
1304,2547,3545,4103,4630,5059,5558,5744
1305,2548,3547,4102,4631,5057,5561,5743
1306,2548,3545,4104,4630,5059,5560,5742
1305,2548,3543,4105,4629,5061,5557,5741
1305,2548,3541,4104,4630,5064,5560,5743
1305,2549,3539,4102,4632,5062,5561,5742
1306,2551,3541,4100,4630,5060,5561,5740
1306,2552,3543,4100,4629,5058,5559,5744
1306,2552,3545,4101,4630,5060,5562,5741
1306,2551,3544,4103,4632,5061,5561,5740
1305,2551,3543,4103,4631,5063,5559,5740
1304,2552,3543,4102,4630,5062,5557,5743
1304,2553,3544,4103,4632,5061,5558,5741
1305,2554,3545,4104,4633,5063,5557,5741
1305,2553,3546,4106,4631,5066,5556,5742
1304,2551,3544,4105,4629,5067,5554,5744
1304,2549,3543,4106,4630,5066,5558,5743
1303,2549,3540,4107,4632,5065,5556,5743
1304,2550,3540,4109,4631,5067,5554,5744
1305,2551,3542,4107,4631,5069,5556,5743
1306,2554,3544,4107,4631,5071,5554,5741
1306,2553,3543,4108,4633,5071,5553,5739
1306,2553,3541,4110,4632,5069,5557,5741
1306,2552,3540,4108,4631,5067,5559,5740
1307,2554,3542,4107,4632,5066,5558,5739
1306,2554,3543,4106,4633,5067,5557,5743
1307,2555,3543,4107,4632,5069,5559,5744
1308,2555,3543,4108,4632,5068,5558,5743
1307,2555,3542,4108,4635,5068,5557,5742
1306,2554,3541,4108,4633,5071,5556,5743
1306,2553,3542,4113,4630,5073,5559,5741
1307,2554,3545,4111,4628,5071,5558,5741
1307,2555,3546,4110,4630,5068,5557,5744
1308,2555,3547,4108,4628,5066,5560,5746
1307,2555,3546,4109,4626,5067,5557,5745
1308,2554,3544,4110,4628,5069,5556,5745
1308,2554,3544,4109,4630,5069,5556,5745
1309,2555,3545,4108,4630,5069,5559,5748
1309,2557,3546,4110,4628,5067,5558,5747
1310,2559,3547,4113,4630,5070,5557,5747
1309,2559,3545,4111,4631,5072,5560,5749
1308,2558,3543,4111,4630,5071,5561,5751
1308,2558,3542,4109,4629,5070,5559,5749
1308,2559,3544,4111,4630,5068,5557,5747
1309,2560,3546,4108,4631,5071,5561,5748
1308,2561,3547,4110,4631,5073,5560,5746
1309,2563,3546,4112,4630,5075,5559,5745
1309,2561,3544,4111,4631,5074,5562,5748
1309,2559,3544,4113,4630,5074,5564,5750
1308,2557,3545,4114,4629,5076,5562,5749
1309,2558,3546,4116,4628,5077,5561,5747
1309,2559,3547,4114,4629,5078,5564,5749
1311,2561,3546,4112,4631,5077,5564,5747
1310,2562,3545,4113,4629,5077,5563,5747
1309,2563,3547,4115,4628,5079,5562,5749
1308,2563,3549,4115,4630,5080,5565,5752
1309,2562,3550,4115,4629,5082,5563,5750
1310,2563,3551,4115,4626,5082,5561,5749
1310,2564,3550,4117,4624,5079,5563,5750
1309,2565,3549,4114,4626,5077,5564,5752
1308,2564,3551,4113,4625,5080,5562,5751
1307,2564,3551,4111,4622,5083,5566,5751
1308,2564,3553,4111,4621,5082,5565,5751
1308,2564,3553,4114,4622,5081,5564,5750
1308,2565,3552,4112,4622,5079,5566,5748
1309,2566,3551,4112,4621,5081,5568,5750
1309,2565,3551,4114,4622,5082,5567,5748
1308,2564,3553,4115,4624,5080,5568,5747
1309,2564,3554,4114,4622,5080,5570,5746
1309,2566,3554,4113,4620,5080,5572,5750
1310,2567,3554,4115,4620,5082,5571,5748
1309,2569,3552,4116,4622,5084,5569,5747
1308,2568,3551,4115,4622,5083,5568,5749
1308,2567,3549,4114,4622,5082,5570,5750
1307,2568,3550,4113,4621,5079,5574,5749
1308,2570,3550,4114,4623,5082,5572,5748
1308,2571,3550,4116,4621,5083,5571,5750
1308,2570,3549,4116,4619,5083,5573,5749
1308,2569,3549,4114,4618,5081,5575,5747
1309,2569,3548,4112,4619,5084,5572,5749
1308,2571,3549,4113,4618,5085,5571,5750
1308,2571,3550,4115,4618,5088,5571,5747
1309,2572,3552,4114,4620,5086,5575,5745
1310,2571,3551,4113,4622,5083,5573,5749
1310,2571,3550,4114,4622,5086,5572,5749
1311,2572,3548,4116,4621,5089,5570,5749
1311,2574,3549,4117,4623,5092,5573,5748
1311,2575,3550,4115,4625,5090,5574,5749
1312,2574,3553,4114,4622,5088,5572,5749
1312,2573,3552,4115,4620,5086,5572,5749
1313,2573,3552,4117,4623,5089,5575,5748
1312,2574,3550,4116,4625,5089,5576,5751
1312,2575,3548,4115,4623,5092,5576,5750
1311,2574,3550,4114,4622,5090,5573,5749
1311,2574,3552,4116,4621,5089,5575,5747
1312,2574,3553,4114,4623,5087,5577,5749
1313,2574,3552,4114,4624,5090,5580,5747
1312,2575,3550,4115,4622,5092,5579,5746
1311,2574,3549,4116,4620,5090,5576,5748
1312,2574,3551,4117,4623,5088,5579,5747
1311,2574,3552,4116,4625,5086,5578,5745
1312,2576,3554,4115,4624,5089,5575,5747
1312,2577,3556,4117,4622,5092,5577,5748
1311,2577,3554,4117,4624,5090,5580,5746
1311,2575,3553,4119,4626,5089,5580,5745
1310,2574,3553,4118,4624,5087,5579,5748
1311,2575,3555,4117,4621,5085,5582,5749
1311,2576,3557,4119,4623,5086,5584,5748
1311,2575,3558,4121,4625,5089,5583,5746
1311,2573,3555,4120,4624,5090,5581,5748
1311,2572,3554,4120,4623,5090,5582,5746
1310,2573,3553,4118,4622,5089,5585,5745
1311,2574,3555,4120,4625,5091,5585,5743
1311,2574,3556,4120,4626,5093,5584,5747
1312,2574,3558,4119,4624,5095,5586,5745
1313,2574,3557,4117,4622,5094,5589,5744
1312,2575,3556,4120,4624,5092,5587,5745
1312,2576,3555,4121,4626,5095,5585,5747
1313,2578,3556,4121,4626,5097,5584,5745
1314,2578,3558,4120,4626,5100,5588,5745
1314,2579,3559,4119,4628,5098,5586,5746
1313,2579,3557,4121,4626,5096,5585,5749
1313,2580,3556,4123,4625,5095,5587,5747
1312,2580,3555,4121,4623,5096,5589,5746
1312,2580,3557,4120,4624,5098,5587,5747
1312,2580,3559,4119,4626,5097,5586,5744
1313,2581,3560,4121,4624,5096,5586,5742
1312,2582,3560,4121,4623,5098,5589,5746
1313,2581,3559,4121,4626,5100,5590,5747
1314,2581,3558,4120,4624,5102,5589,5745
1314,2581,3560,4121,4623,5102,5588,5742
1314,2582,3561,4123,4622,5100,5590,5745
1315,2584,3561,4121,4625,5101,5591,5743
1315,2583,3560,4118,4625,5103,5590,5742
1315,2582,3560,4115,4623,5103,5589,5745
1315,2582,3560,4117,4621,5102,5592,5748
1315,2584,3562,4120,4624,5101,5593,5746
1315,2585,3563,4120,4626,5101,5592,5745
1315,2584,3564,4119,4625,5104,5589,5746
1316,2583,3563,4121,4623,5106,5591,5744
1315,2583,3562,4122,4621,5104,5593,5741
1315,2584,3562,4121,4623,5103,5593,5744
1315,2586,3563,4120,4621,5102,5591,5746
1315,2586,3563,4119,4618,5106,5594,5745
1316,2585,3564,4119,4617,5108,5595,5743
1318,2584,3563,4121,4620,5106,5594,5747
1317,2585,3561,4121,4622,5104,5592,5743
1316,2586,3559,4121,4621,5106,5594,5741
1316,2586,3562,4118,4620,5106,5597,5744
1316,2586,3564,4121,4622,5109,5596,5748
1317,2585,3564,4123,4625,5108,5594,5746
1317,2587,3563,4121,4622,5107,5598,5745
1317,2588,3561,4119,4621,5105,5596,5747
1317,2587,3560,4116,4623,5107,5593,5744
1316,2586,3561,4117,4626,5109,5590,5742
1317,2586,3562,4118,4625,5107,5593,5745
1317,2587,3562,4118,4624,5104,5596,5746
1317,2588,3561,4119,4622,5102,5595,5744
1317,2588,3559,4121,4624,5100,5594,5742
1316,2587,3558,4122,4623,5103,5597,5744
1317,2588,3560,4123,4621,5105,5599,5745
1317,2589,3561,4122,4623,5105,5596,5743
1318,2590,3562,4120,4624,5104,5593,5742
1317,2589,3564,4122,4624,5101,5596,5746
1316,2588,3563,4123,4623,5103,5599,5744
1317,2590,3562,4121,4622,5104,5598,5743
1318,2592,3561,4119,4623,5107,5596,5745
1317,2594,3561,4122,4622,5106,5599,5747
1317,2593,3562,4124,4622,5104,5596,5744
1317,2592,3563,4122,4623,5105,5593,5744
1317,2592,3563,4120,4624,5108,5594,5746
1318,2594,3563,4118,4626,5110,5597,5745
1317,2594,3562,4120,4625,5108,5596,5743
1318,2594,3564,4122,4625,5106,5595,5741
1318,2593,3565,4121,4625,5109,5594,5743
1318,2594,3566,4119,4627,5111,5596,5739
1317,2595,3564,4118,4626,5112,5593,5737
1318,2595,3563,4121,4624,5112,5591,5739
1319,2595,3562,4122,4622,5111,5589,5743
1320,2594,3563,4121,4623,5112,5592,5741
1320,2593,3564,4119,4622,5114,5595,5739
1320,2594,3565,4122,4623,5112,5593,5741
1320,2596,3564,4123,4625,5110,5591,5739
1321,2596,3565,4124,4627,5110,5593,5738
1321,2595,3563,4123,4626,5109,5595,5735
1321,2595,3565,4121,4623,5112,5592,5739
1321,2597,3566,4123,4625,5113,5591,5738
1320,2598,3567,4126,4627,5111,5593,5736
1320,2596,3569,4127,4625,5109,5596,5739
1320,2595,3567,4126,4625,5107,5593,5736
1320,2593,3565,4124,4627,5109,5591,5733
1320,2594,3563,4122,4626,5112,5592,5734
1319,2596,3564,4123,4625,5111,5594,5737
1319,2594,3566,4125,4624,5109,5592,5736
1320,2592,3568,4123,4626,5107,5592,5734
1321,2593,3568,4121,4625,5110,5590,5736
1321,2594,3567,4123,4623,5113,5593,5735
1320,2595,3567,4125,4621,5109,5591,5733
1319,2595,3567,4127,4623,5108,5589,5735
1319,2595,3569,4125,4623,5107,5586,5738
1320,2595,3570,4123,4622,5110,5588,5738
1320,2596,3569,4122,4624,5111,5587,5736
1320,2597,3568,4124,4626,5111,5586,5739
1320,2598,3566,4126,4625,5109,5584,5737
1320,2597,3568,4123,4624,5107,5587,5736
1320,2596,3570,4122,4625,5108,5589,5736
1320,2595,3572,4122,4626,5110,5586,5739
1320,2596,3571,4124,4625,5112,5584,5738
1321,2598,3570,4126,4624,5112,5582,5735
1322,2596,3571,4124,4627,5110,5585,5737
1323,2595,3572,4123,4629,5113,5587,5739
1323,2596,3573,4125,4629,5115,5585,5736
1324,2597,3572,4127,4629,5116,5584,5734
1324,2599,3571,4125,4630,5114,5586,5735
1324,2598,3568,4122,4631,5112,5586,5735
1323,2597,3566,4120,4630,5114,5584,5734
1324,2598,3568,4123,4629,5117,5583,5736
1324,2599,3570,4125,4631,5120,5586,5738
1324,2601,3569,4127,4635,5117,5587,5737
1324,2600,3568,4125,4633,5116,5586,5734
1324,2599,3566,4124,4631,5114,5584,5737
1323,2600,3568,4125,4633,5116,5586,5735
1323,2601,3569,4127,4636,5117,5587,5735
1323,2602,3570,4128,4634,5116,5586,5736
1324,2601,3569,4125,4632,5117,5584,5739
1324,2600,3568,4122,4630,5115,5582,5737
1324,2600,3565,4120,4633,5116,5584,5734
1324,2602,3567,4123,4633,5118,5582,5735
1323,2600,3568,4123,4631,5117,5580,5734
1323,2600,3568,4121,4630,5115,5577,5733
1323,2599,3568,4119,4631,5113,5579,5736
1323,2601,3566,4121,4631,5115,5578,5737
1322,2602,3567,4124,4630,5117,5578,5736
1322,2602,3569,4121,4631,5119,5577,5733
1323,2602,3570,4119,4634,5117,5577,5735
1323,2601,3569,4117,4633,5115,5579,5734
1323,2602,3568,4119,4632,5117,5577,5734
1323,2603,3566,4120,4634,5118,5575,5735
1324,2602,3565,4121,4636,5119,5577,5734
1324,2601,3566,4120,4635,5118,5580,5732
1324,2602,3568,4122,4634,5117,5578,5731
1325,2602,3567,4123,4634,5119,5577,5732
1326,2604,3567,4123,4633,5121,5578,5729
1326,2603,3565,4123,4631,5122,5580,5728
1327,2602,3563,4121,4631,5124,5577,5732
1326,2602,3565,4122,4634,5121,5575,5732
1327,2603,3566,4123,4633,5119,5578,5731
1327,2604,3567,4122,4632,5117,5580,5728
1326,2604,3566,4121,4631,5115,5579,5731
1326,2604,3563,4124,4632,5118,5577,5732
1325,2605,3562,4125,4632,5120,5580,5730
1325,2606,3564,4126,4631,5119,5581,5729
1325,2606,3565,4125,4629,5117,5578,5733
1326,2606,3568,4122,4632,5115,5576,5730
1325,2606,3567,4121,4632,5116,5579,5728
1324,2607,3565,4121,4630,5118,5582,5726
1323,2607,3564,4123,4629,5117,5580,5728
1324,2606,3566,4122,4631,5115,5579,5726
1324,2605,3567,4120,4630,5113,5580,5725
1324,2604,3568,4123,4629,5115,5580,5727
1324,2605,3566,4125,4627,5117,5578,5730
1323,2606,3565,4124,4629,5115,5577,5728
1322,2607,3564,4124,4629,5113,5581,5726
1322,2607,3566,4123,4629,5111,5582,5725
1322,2606,3567,4124,4627,5114,5579,5728
1323,2606,3569,4124,4629,5116,5577,5726
1322,2607,3568,4123,4631,5118,5579,5726
1322,2607,3567,4123,4630,5117,5580,5727
1321,2607,3568,4125,4628,5115,5578,5726
1322,2607,3569,4126,4629,5117,5576,5724
1322,2609,3571,4128,4631,5118,5578,5728
1323,2609,3572,4127,4630,5120,5580,5727
1323,2608,3570,4126,4630,5118,5578,5727
1324,2607,3569,4128,4632,5117,5576,5725
1324,2605,3569,4129,4630,5116,5577,5728
1324,2606,3572,4129,4629,5118,5578,5727
1325,2607,3574,4129,4628,5117,5577,5726
1325,2609,3573,4127,4630,5114,5575,5724
1325,2608,3571,4127,4628,5111,5573,5726
1326,2608,3570,4130,4626,5110,5573,5724
1326,2607,3570,4131,4629,5113,5576,5723
1327,2608,3572,4130,4632,5116,5573,5726
1326,2609,3573,4129,4631,5115,5570,5724
1326,2608,3572,4127,4630,5114,5572,5722
1325,2607,3571,4128,4631,5116,5574,5724
1326,2607,3569,4130,4634,5118,5573,5725
1327,2608,3571,4128,4633,5115,5570,5723
1327,2609,3572,4126,4631,5113,5568,5722
1327,2610,3575,4125,4633,5112,5570,5726
1326,2608,3573,4127,4635,5115,5571,5724
1325,2607,3572,4129,4635,5116,5568,5722
1325,2607,3570,4128,4634,5115,5568,5720
1326,2609,3571,4127,4636,5114,5566,5723
1326,2610,3573,4126,4635,5111,5569,5720
1325,2609,3574,4128,4634,5113,5566,5721
1325,2608,3572,4128,4636,5114,5566,5723
1325,2607,3571,4127,4637,5113,5567,5721
1326,2608,3569,4126,4636,5113,5568,5720
1326,2609,3570,4124,4635,5112,5566,5719
1327,2609,3572,4128,4638,5114,5565,5720
1326,2608,3574,4129,4638,5116,5568,5717
1325,2608,3573,4128,4637,5114,5569,5715
1325,2609,3572,4127,4635,5112,5567,5715
1326,2610,3570,4129,4638,5110,5565,5718
1326,2608,3572,4130,4639,5113,5565,5716
1327,2606,3573,4127,4637,5115,5568,5715
1327,2607,3573,4124,4635,5114,5567,5717
1326,2609,3572,4122,4638,5112,5566,5717
1325,2610,3571,4125,4638,5111,5567,5716
1326,2609,3573,4127,4637,5112,5569,5714
1326,2609,3573,4125,4635,5114,5567,5718
1326,2611,3576,4123,4637,5112,5564,5717
1327,2612,3577,4121,4639,5111,5565,5716
1327,2611,3577,4123,4637,5110,5563,5718
1326,2610,3575,4124,4635,5113,5562,5720
1325,2610,3574,4122,4636,5113,5565,5717
1326,2611,3575,4120,4639,5112,5565,5716
1326,2612,3577,4122,4639,5110,5565,5719
1327,2611,3578,4124,4637,5109,5564,5717
1326,2610,3575,4124,4638,5109,5565,5714
1326,2608,3573,4123,4641,5111,5566,5713
1326,2609,3572,4122,4640,5114,5565,5715
1327,2610,3574,4124,4639,5113,5563,5712
1327,2608,3576,4122,4640,5110,5566,5711
1327,2607,3577,4120,4642,5109,5564,5714
1326,2608,3576,4119,4641,5110,5563,5713
1325,2610,3575,4119,4640,5112,5565,5711
1325,2612,3573,4120,4641,5109,5562,5714
1326,2611,3575,4119,4643,5106,5560,5717
1327,2610,3576,4119,4642,5105,5563,5714
1327,2611,3576,4119,4642,5107,5563,5713
1326,2613,3575,4120,4643,5109,5561,5715
1325,2613,3573,4121,4644,5111,5563,5714
1325,2612,3572,4120,4643,5109,5565,5713
1326,2611,3574,4119,4642,5107,5563,5714
1327,2612,3575,4116,4645,5104,5561,5716
1327,2613,3578,4118,4646,5106,5564,5714
1327,2614,3576,4116,4648,5108,5563,5713
1328,2613,3576,4116,4647,5108,5562,5715
1328,2613,3575,4115,4646,5106,5564,5713
1328,2614,3576,4117,4648,5104,5566,5712
1329,2615,3577,4119,4646,5106,5563,5710
1329,2615,3578,4118,4645,5108,5561,5712
1328,2614,3576,4118,4643,5106,5562,5711
1328,2613,3576,4117,4647,5104,5561,5709
1328,2614,3576,4119,4647,5103,5560,5711
1329,2616,3578,4117,4647,5105,5562,5714
1330,2615,3580,4116,4646,5107,5561,5713
1329,2614,3581,4114,4648,5106,5560,5711
1328,2614,3580,4117,4646,5103,5561,5714
1328,2614,3579,4120,4644,5101,5562,5712
1328,2615,3578,4118,4646,5102,5560,5711
1329,2614,3579,4116,4648,5103,5559,5712
1329,2613,3580,4115,4648,5105,5560,5714
1329,2613,3581,4118,4647,5105,5563,5715
1327,2614,3582,4119,4649,5103,5561,5714
1327,2615,3580,4119,4651,5103,5558,5715
1328,2615,3579,4118,4650,5104,5560,5714
1327,2615,3581,4118,4648,5106,5557,5712
1328,2617,3582,4120,4650,5104,5556,5709
1328,2618,3584,4122,4648,5102,5560,5711
1327,2619,3583,4122,4647,5103,5557,5711
1327,2618,3582,4121,4646,5105,5556,5709
1327,2617,3581,4122,4649,5108,5553,5712
1328,2618,3580,4124,4648,5107,5555,5714
1330,2619,3580,4126,4647,5105,5554,5713
1329,2620,3581,4124,4649,5103,5553,5711
1328,2620,3582,4122,4650,5105,5555,5712
1327,2619,3582,4123,4648,5106,5554,5715
1329,2618,3581,4126,4646,5104,5552,5715
1329,2619,3581,4126,4649,5103,5553,5713
1329,2619,3582,4125,4653,5103,5555,5716
1328,2619,3584,4123,4651,5105,5552,5715
1328,2619,3584,4124,4649,5106,5550,5713
1329,2618,3583,4126,4650,5105,5551,5714
1329,2620,3582,4126,4652,5103,5550,5717
1329,2622,3580,4124,4651,5100,5548,5715
1329,2620,3581,4125,4649,5102,5550,5714
1329,2619,3582,4127,4650,5104,5548,5715
1329,2617,3583,4126,4652,5104,5546,5714
1330,2618,3582,4125,4652,5102,5547,5712
1330,2619,3582,4124,4651,5100,5545,5714
1330,2618,3581,4125,4649,5102,5543,5715
1330,2617,3582,4127,4650,5104,5546,5715
1330,2615,3584,4125,4650,5102,5547,5713
1330,2616,3585,4123,4648,5099,5546,5715
1330,2617,3584,4121,4646,5098,5544,5714
1330,2617,3583,4121,4648,5101,5546,5713
1330,2617,3581,4123,4650,5104,5543,5713
1329,2616,3579,4125,4649,5101,5542,5716
1329,2618,3581,4125,4648,5100,5545,5714
1330,2621,3581,4124,4649,5099,5548,5713
1330,2620,3583,4123,4651,5100,5545,5713
1329,2619,3583,4124,4650,5102,5544,5716
1329,2618,3583,4127,4647,5100,5545,5714
1328,2618,3582,4125,4649,5099,5543,5712
1329,2620,3581,4122,4650,5098,5542,5712
1329,2618,3582,4120,4650,5100,5544,5711
1330,2618,3583,4123,4650,5102,5543,5709
1331,2617,3585,4122,4649,5100,5542,5712
1332,2617,3583,4121,4650,5098,5544,5713
1331,2618,3581,4120,4652,5095,5546,5712
1332,2617,3581,4123,4651,5097,5545,5710
1333,2617,3580,4125,4650,5099,5542,5712
1333,2618,3582,4123,4652,5099,5544,5709
1333,2619,3584,4121,4652,5098,5543,5708
1332,2621,3583,4123,4651,5096,5542,5707
1332,2621,3581,4124,4650,5098,5543,5710
1333,2620,3581,4122,4652,5100,5541,5708
1333,2619,3580,4120,4652,5096,5538,5706
1333,2620,3581,4119,4651,5094,5541,5708
1333,2619,3582,4121,4649,5093,5542,5705
1332,2619,3582,4123,4651,5096,5540,5703
1331,2618,3581,4122,4652,5097,5538,5703
1331,2619,3580,4121,4650,5096,5541,5704
1332,2620,3580,4119,4649,5095,5540,5703
1332,2621,3582,4120,4652,5093,5539,5701
1331,2619,3583,4122,4655,5095,5540,5703
1330,2618,3584,4120,4653,5096,5541,5703
1330,2617,3583,4119,4651,5099,5539,5702
1330,2618,3581,4121,4653,5098,5538,5701
1331,2621,3581,4123,4654,5096,5540,5704
1330,2620,3581,4123,4652,5097,5539,5702
1330,2620,3583,4122,4650,5099,5537,5701
1329,2619,3583,4123,4653,5102,5539,5703
1330,2620,3584,4125,4656,5099,5537,5705
1331,2621,3585,4124,4654,5098,5533,5702
1331,2620,3584,4123,4653,5099,5530,5702
1332,2619,3584,4122,4654,5103,5531,5705
1332,2618,3583,4123,4657,5105,5532,5707
1332,2620,3583,4126,4658,5102,5531,5705
1333,2620,3584,4126,4655,5100,5533,5703
1333,2619,3586,4124,4654,5098,5534,5704
1334,2618,3587,4123,4656,5100,5532,5706
1334,2618,3586,4125,4656,5097,5528,5704
1333,2618,3583,4124,4654,5096,5530,5703
1332,2618,3581,4123,4655,5096,5530,5704
1333,2618,3583,4122,4658,5098,5529,5703
1333,2617,3584,4122,4656,5100,5531,5702
1334,2619,3586,4124,4654,5098,5532,5704
1334,2620,3588,4123,4655,5096,5531,5705
1334,2619,3587,4122,4657,5093,5528,5703
1334,2619,3586,4123,4656,5095,5529,5703
1334,2619,3587,4126,4655,5096,5528,5705
1335,2620,3588,4127,4657,5096,5528,5706
1335,2622,3589,4126,4659,5096,5530,5705
1335,2620,3588,4125,4658,5094,5531,5702
1335,2619,3586,4126,4657,5096,5530,5704
1335,2620,3585,4127,4659,5098,5529,5702
1335,2620,3583,4129,4660,5097,5529,5702
1335,2620,3585,4128,4658,5094,5527,5704
1335,2620,3587,4129,4656,5096,5526,5708
1334,2620,3589,4127,4660,5098,5528,5706
1333,2621,3589,4129,4658,5102,5526,5704
1334,2624,3588,4130,4657,5100,5523,5705
1334,2623,3586,4128,4657,5099,5525,5702
1335,2622,3585,4126,4659,5101,5527,5700
1335,2621,3587,4123,4661,5103,5524,5704
1334,2621,3587,4124,4658,5100,5522,5704
1335,2623,3587,4126,4657,5099,5525,5704
1335,2623,3586,4126,4658,5097,5524,5701
1336,2622,3585,4125,4662,5101,5522,5703
1338,2621,3585,4123,4660,5101,5524,5701
1337,2620,3587,4125,4659,5100,5522,5699
1336,2620,3588,4126,4661,5099,5520,5698
1335,2621,3589,4128,4659,5098,5517,5701
1335,2619,3590,4127,4656,5098,5520,5700
1336,2618,3589,4125,4653,5100,5519,5699
1335,2617,3588,4125,4656,5099,5517,5701
1335,2618,3586,4127,4657,5099,5519,5703
1335,2620,3587,4129,4657,5098,5517,5701
1335,2620,3588,4131,4656,5100,5515,5700
1336,2619,3586,4130,4654,5102,5512,5703
1337,2620,3585,4129,4655,5101,5513,5701
1336,2621,3586,4131,4654,5098,5513,5700
1334,2621,3586,4132,4653,5099,5512,5702
1334,2620,3588,4134,4651,5101,5514,5702
1334,2619,3589,4132,4652,5104,5516,5700
1334,2618,3588,4131,4655,5102,5515,5698
1334,2619,3586,4132,4654,5100,5513,5701
1334,2620,3585,4134,4653,5097,5515,5702
1333,2618,3586,4133,4653,5099,5513,5701
1332,2618,3586,4131,4656,5101,5513,5700
1333,2618,3587,4129,4654,5101,5514,5703
1333,2621,3586,4131,4654,5100,5513,5703
1334,2621,3585,4133,4654,5100,5511,5701
1333,2620,3585,4131,4656,5098,5510,5700
1332,2619,3586,4128,4655,5100,5512,5704
1332,2621,3587,4126,4655,5102,5509,5702
1332,2622,3588,4128,4657,5100,5508,5701
1333,2621,3590,4130,4656,5098,5511,5704
1334,2620,3588,4129,4655,5099,5512,5705
1334,2619,3587,4127,4656,5101,5511,5703
1333,2620,3587,4125,4657,5104,5510,5702
1332,2621,3589,4125,4655,5103,5512,5705
1332,2620,3589,4127,4653,5100,5509,5708
1332,2618,3589,4129,4653,5103,5507,5706
1333,2617,3588,4128,4655,5105,5510,5705
1332,2619,3587,4125,4654,5106,5513,5706
1332,2619,3588,4124,4652,5103,5511,5704
1331,2618,3589,4125,4654,5102,5510,5703
1332,2618,3590,4127,4656,5100,5512,5707
1332,2617,3591,4127,4655,5103,5509,5705
1334,2619,3590,4126,4652,5105,5507,5703
1332,2621,3588,4124,4650,5102,5508,5702
1331,2619,3587,4126,4653,5101,5511,5704
1331,2619,3587,4127,4652,5099,5509,5701
1332,2618,3589,4126,4651,5100,5507,5700
1332,2619,3591,4124,4652,5101,5509,5699
1332,2621,3590,4125,4655,5100,5507,5702
1332,2620,3589,4127,4653,5099,5503,5701
1332,2619,3588,4127,4651,5096,5500,5699
1331,2617,3590,4126,4652,5098,5502,5701
1332,2618,3590,4125,4654,5100,5502,5699
1332,2620,3589,4127,4653,5098,5499,5698
1332,2618,3588,4128,4653,5095,5502,5697
1332,2617,3586,4126,4655,5093,5504,5700
1331,2617,3585,4124,4656,5096,5502,5699
1330,2618,3586,4121,4655,5099,5500,5698
1331,2620,3588,4123,4655,5097,5503,5700
1332,2619,3587,4125,4656,5095,5501,5700
1331,2619,3586,4124,4657,5097,5500,5699
1331,2618,3586,4125,4659,5098,5499,5697
1330,2619,3585,4123,4657,5099,5501,5701
1330,2620,3586,4122,4656,5097,5499,5702
1332,2620,3588,4124,4659,5095,5497,5701
1333,2620,3586,4123,4657,5094,5498,5700
1332,2619,3585,4122,4655,5097,5497,5702
1331,2619,3582,4121,4654,5098,5495,5699
1331,2620,3580,4122,4656,5097,5494,5698
1331,2619,3582,4124,4656,5095,5496,5701
1332,2618,3583,4123,4655,5093,5494,5705
1331,2618,3583,4122,4653,5094,5493,5703
1331,2619,3582,4124,4656,5096,5494,5702
1331,2621,3581,4125,4655,5095,5492,5700
1331,2620,3580,4124,4653,5093,5491,5701
1332,2619,3581,4122,4655,5089,5495,5700
1333,2620,3582,4120,4657,5087,5492,5699
1332,2621,3581,4121,4658,5089,5491,5701
1332,2622,3580,4122,4657,5090,5493,5705
1332,2621,3578,4121,4655,5088,5494,5703
1332,2620,3579,4120,4654,5086,5492,5702
1333,2619,3580,4119,4656,5084,5491,5700
1333,2620,3583,4121,4655,5088,5493,5702
1332,2620,3585,4122,4653,5089,5492,5701
1331,2620,3583,4122,4655,5092,5490,5700
1330,2619,3581,4120,4656,5089,5494,5703
1331,2620,3579,4122,4656,5088,5490,5701
1332,2621,3580,4123,4654,5085,5488,5699
1332,2623,3582,4122,4652,5087,5489,5702
1332,2623,3583,4121,4654,5089,5491,5702
1333,2621,3584,4119,4655,5089,5491,5701
1333,2620,3582,4122,4654,5087,5490,5700
1334,2621,3580,4125,4655,5085,5492,5704
1334,2622,3582,4122,4657,5087,5490,5705
1335,2621,3584,4120,4656,5088,5489,5704
1335,2620,3585,4118,4655,5089,5490,5703
1335,2618,3587,4120,4656,5087,5491,5705
1335,2620,3586,4121,4657,5086,5490,5703
1336,2621,3584,4119,4656,5089,5488,5702
1336,2620,3582,4118,4655,5090,5492,5706
1336,2620,3582,4120,4658,5092,5489,5708
1336,2620,3583,4122,4659,5090,5488,5707
1336,2621,3583,4121,4658,5088,5489,5705
1335,2622,3584,4120,4657,5090,5491,5706
1335,2622,3582,4119,4658,5091,5490,5709
1337,2622,3582,4120,4657,5093,5490,5707
1337,2622,3584,4120,4655,5092,5492,5706
1337,2624,3585,4118,4653,5090,5491,5708
1335,2624,3586,4116,4656,5088,5489,5706
1334,2622,3587,4118,4655,5090,5492,5704
1334,2622,3586,4120,4654,5092,5492,5707
1335,2624,3584,4120,4655,5090,5490,5707
1335,2624,3584,4120,4658,5087,5489,5706
1333,2624,3584,4122,4656,5085,5492,5706
1332,2622,3585,4123,4653,5088,5490,5709
1332,2621,3586,4122,4654,5089,5489,5707
1333,2621,3588,4121,4656,5091,5491,5706
1333,2623,3587,4123,4655,5092,5494,5704
1333,2623,3586,4123,4654,5091,5491,5707
1333,2623,3585,4122,4656,5089,5488,5705
1332,2623,3587,4120,4658,5090,5491,5704
1332,2622,3588,4123,4656,5091,5491,5707
1333,2623,3589,4125,4655,5094,5491,5705
1334,2625,3587,4127,4656,5092,5492,5703
1335,2625,3586,4126,4657,5089,5490,5705
1335,2626,3584,4126,4656,5087,5488,5706
1335,2625,3585,4127,4654,5089,5490,5704
1335,2624,3587,4129,4657,5091,5487,5702
1335,2624,3587,4127,4658,5091,5486,5706
1336,2625,3590,4124,4657,5089,5484,5704
1335,2625,3589,4123,4656,5087,5488,5704
1335,2626,3587,4125,4654,5091,5486,5706
1335,2624,3585,4126,4655,5092,5484,5709
1335,2623,3586,4128,4657,5093,5486,5706
1336,2622,3588,4126,4656,5092,5483,5704
1335,2621,3589,4124,4655,5090,5483,5708
1335,2624,3587,4122,4659,5087,5486,5707
1335,2626,3585,4124,4660,5089,5484,5706
1336,2625,3583,4125,4658,5091,5482,5708
1336,2624,3584,4124,4657,5090,5481,5706
1337,2623,3586,4123,4658,5088,5484,5704
1336,2625,3588,4125,4658,5086,5482,5707
1335,2624,3587,4128,4657,5088,5481,5709
1335,2626,3585,4130,4657,5090,5484,5709
1335,2626,3584,4128,4657,5087,5483,5708
1335,2625,3582,4127,4659,5085,5483,5711
1335,2623,3584,4128,4657,5084,5482,5709
1334,2623,3585,4130,4655,5087,5484,5707
1334,2623,3585,4130,4654,5089,5483,5705
1333,2624,3585,4129,4655,5087,5481,5707
1334,2625,3584,4128,4653,5084,5483,5707
1335,2627,3582,4128,4652,5082,5482,5706
1335,2626,3585,4130,4650,5083,5481,5708
1334,2625,3586,4132,4653,5084,5483,5710
1333,2624,3587,4131,4656,5083,5486,5709
1334,2625,3586,4131,4654,5081,5484,5707
1335,2626,3585,4129,4652,5079,5483,5708
1335,2627,3584,4130,4655,5080,5484,5708
1335,2627,3585,4131,4657,5083,5483,5707
1335,2626,3586,4129,4655,5081,5482,5710
1335,2626,3586,4127,4654,5079,5485,5708
1336,2627,3586,4126,4656,5077,5483,5708
1336,2628,3585,4129,4658,5078,5481,5709
1337,2628,3585,4131,4657,5080,5480,5710
1336,2627,3587,4129,4654,5080,5481,5709
1335,2626,3587,4129,4657,5079,5480,5708
1334,2626,3589,4128,4657,5078,5479,5709
1334,2629,3587,4130,4657,5079,5483,5712
1335,2631,3585,4130,4655,5081,5481,5711
1335,2630,3584,4128,4653,5078,5479,5709
1335,2629,3585,4125,4655,5075,5483,5709
1334,2628,3585,4124,4658,5075,5481,5708
1335,2629,3586,4127,4657,5077,5479,5708
1335,2630,3587,4126,4655,5078,5479,5707
1335,2630,3587,4126,4657,5081,5481,5708
1335,2628,3586,4125,4659,5078,5481,5707
1335,2627,3585,4127,4657,5076,5480,5706
1335,2628,3586,4129,4655,5074,5482,5708
1335,2628,3587,4127,4656,5075,5484,5709
1336,2628,3588,4126,4655,5077,5483,5708
1336,2628,3587,4128,4654,5076,5482,5707
1336,2629,3586,4129,4653,5075,5484,5710
1335,2631,3584,4132,4655,5072,5484,5708
1335,2633,3584,4131,4652,5075,5482,5707
1336,2632,3585,4130,4650,5077,5485,5708
1337,2632,3587,4131,4648,5074,5484,5711
1337,2631,3587,4133,4648,5072,5483,5708
1338,2632,3586,4134,4648,5070,5485,5707
1338,2633,3584,4133,4647,5073,5483,5710
1338,2632,3585,4132,4649,5074,5482,5708
1338,2630,3587,4134,4652,5073,5486,5706
1339,2629,3587,4136,4650,5072,5487,5709
1339,2630,3589,4136,4648,5070,5486,5709
1338,2631,3587,4135,4651,5072,5485,5707
1338,2629,3585,4136,4653,5073,5487,5707
1338,2627,3583,4139,4650,5075,5485,5709
1338,2626,3581,4137,4648,5074,5484,5708
1339,2627,3583,4135,4650,5074,5487,5707
1339,2629,3584,4134,4652,5072,5486,5705
1339,2630,3587,4134,4652,5074,5485,5706
1339,2630,3587,4136,4650,5076,5487,5705
1338,2628,3586,4136,4653,5074,5489,5703
1338,2630,3585,4137,4655,5072,5487,5706
1338,2631,3586,4138,4652,5073,5486,5709
1339,2632,3587,4140,4650,5075,5489,5707
1339,2631,3588,4139,4651,5075,5488,5706
1339,2631,3587,4137,4653,5073,5487,5708
1338,2630,3586,4137,4653,5071,5490,5705
1337,2632,3584,4138,4653,5073,5493,5703
1336,2633,3586,4138,4654,5075,5491,5703
1337,2631,3588,4137,4657,5075,5489,5706
1337,2630,3589,4136,4655,5074,5492,5704
1338,2629,3588,4135,4655,5073,5491,5702
1337,2630,3587,4138,4656,5075,5490,5705
1338,2632,3585,4137,4654,5077,5491,5705
1337,2631,3586,4136,4653,5079,5495,5703
1338,2630,3587,4136,4653,5077,5494,5702
1340,2629,3588,4137,4655,5075,5492,5706
1341,2630,3586,4139,4654,5073,5493,5704
1340,2631,3584,4137,4652,5074,5493,5702
1339,2630,3582,4136,4651,5076,5493,5699
1337,2629,3585,4135,4654,5075,5496,5703
1338,2630,3586,4138,4651,5073,5497,5700
1339,2631,3587,4139,4649,5071,5496,5699
1339,2633,3586,4138,4651,5072,5494,5702
1338,2631,3585,4137,4654,5074,5497,5700
1338,2630,3583,4139,4654,5072,5495,5699
1337,2630,3584,4141,4653,5070,5494,5700
1337,2631,3584,4139,4654,5068,5497,5702
1337,2631,3586,4136,4656,5070,5496,5700
1339,2631,3587,4134,4655,5073,5495,5699
1339,2630,3584,4136,4652,5074,5498,5702
1338,2632,3583,4137,4653,5073,5496,5702
1337,2633,3581,4137,4652,5072,5493,5702
1338,2634,3583,4135,4652,5070,5492,5700
1339,2633,3584,4137,4655,5070,5495,5703
1339,2632,3585,4139,4656,5073,5495,5700
1339,2631,3584,4138,4658,5071,5494,5698
1339,2632,3584,4137,4657,5069,5496,5701
1338,2634,3584,4135,4656,5067,5495,5700
1338,2632,3583,4137,4657,5069,5493,5699
1339,2631,3584,4139,4655,5071,5494,5698
1339,2631,3585,4138,4653,5073,5496,5700
1339,2632,3586,4137,4652,5070,5497,5698
1339,2632,3586,4135,4655,5069,5496,5696
1338,2631,3586,4137,4654,5069,5498,5698
1337,2630,3586,4138,4652,5072,5497,5701
1338,2632,3587,4138,4652,5074,5495,5700
1339,2634,3587,4137,4653,5072,5497,5699
1340,2633,3587,4137,4652,5071,5496,5700
1339,2631,3586,4139,4650,5069,5495,5699
1338,2631,3584,4141,4648,5071,5498,5696
1337,2631,3581,4140,4652,5072,5497,5695
1337,2633,3583,4140,4654,5070,5495,5698
1339,2632,3583,4141,4652,5069,5494,5699
1339,2631,3584,4143,4650,5066,5497,5698
1338,2629,3584,4144,4648,5068,5495,5695
1338,2629,3583,4143,4650,5070,5494,5698
1338,2630,3581,4142,4649,5073,5497,5696
1338,2629,3580,4143,4647,5069,5499,5694
1339,2628,3580,4144,4646,5067,5499,5692
1340,2628,3582,4142,4648,5065,5497,5697
1340,2629,3580,4142,4651,5068,5500,5695
1339,2631,3579,4144,4650,5070,5498,5694
1338,2632,3576,4145,4649,5069,5496,5693
1337,2631,3578,4148,4650,5067,5499,5695
1337,2630,3579,4146,4650,5066,5502,5696
1338,2631,3580,4146,4648,5067,5500,5694
1338,2631,3580,4147,4646,5069,5498,5694
1337,2632,3580,4148,4648,5070,5502,5696
1337,2631,3579,4146,4651,5069,5504,5695
1337,2629,3580,4144,4651,5069,5502,5693
1337,2628,3581,4143,4649,5068,5501,5690
1338,2628,3583,4145,4650,5069,5504,5693
1339,2629,3581,4146,4652,5071,5506,5690
1338,2629,3579,4149,4652,5069,5505,5690
1338,2628,3577,4147,4650,5067,5503,5689
1338,2627,3575,4146,4652,5064,5505,5692
1339,2629,3576,4148,4650,5067,5507,5689
1339,2630,3578,4149,4649,5071,5505,5687
1340,2630,3581,4150,4649,5069,5504,5685
1341,2629,3579,4148,4650,5066,5507,5688
1340,2628,3577,4148,4652,5063,5507,5687
1340,2630,3576,4151,4651,5066,5506,5687
1340,2631,3577,4152,4650,5067,5508,5688
1341,2630,3578,4150,4652,5069,5509,5691
1340,2629,3579,4149,4650,5067,5507,5689
1339,2631,3578,4147,4649,5065,5505,5686
1339,2632,3576,4148,4652,5065,5504,5688
1339,2631,3575,4150,4654,5066,5507,5687
1340,2630,3576,4151,4654,5068,5509,5686
1340,2630,3578,4150,4652,5070,5508,5685
1340,2631,3580,4150,4654,5068,5507,5686
1341,2633,3578,4153,4656,5065,5509,5685
1340,2632,3576,4155,4654,5067,5507,5684
1340,2631,3574,4153,4652,5069,5504,5685
1341,2631,3576,4151,4654,5072,5503,5686
1342,2632,3577,4153,4657,5071,5506,5687
1342,2633,3578,4154,4657,5069,5505,5685
1341,2632,3576,4155,4654,5067,5503,5689
1340,2631,3575,4153,4656,5068,5502,5690
1341,2632,3573,4152,4658,5070,5503,5688
1341,2634,3575,4151,4658,5068,5502,5685
1341,2634,3576,4154,4656,5066,5502,5688
1340,2633,3579,4156,4658,5065,5502,5691
1340,2632,3577,4153,4656,5066,5504,5690
1340,2632,3576,4151,4656,5068,5502,5689
1341,2632,3573,4150,4658,5067,5501,5691
1342,2634,3572,4151,4659,5065,5503,5689
1342,2634,3574,4152,4662,5066,5504,5687
1343,2634,3574,4151,4660,5067,5503,5686
1343,2636,3574,4150,4660,5070,5503,5688
1344,2637,3574,4153,4661,5069,5506,5688
1344,2637,3573,4155,4662,5068,5507,5686
1345,2636,3572,4154,4661,5066,5505,5689
1346,2635,3574,4152,4660,5067,5503,5691
1345,2636,3575,4155,4663,5069,5506,5688
1344,2636,3576,4157,4665,5066,5506,5686
1344,2638,3575,4158,4664,5065,5505,5687
1344,2637,3574,4156,4663,5063,5504,5687
1345,2636,3575,4156,4665,5068,5507,5686
1345,2637,3576,4156,4667,5069,5508,5689
1345,2637,3576,4159,4665,5067,5508,5691
1345,2638,3577,4158,4663,5065,5507,5690
1345,2638,3576,4156,4666,5062,5508,5687
1345,2637,3575,4154,4665,5064,5509,5690
1346,2639,3577,4156,4664,5065,5509,5689
1347,2639,3578,4155,4664,5063,5508,5688
1347,2641,3580,4154,4666,5063,5511,5689
1346,2640,3579,4153,4664,5066,5509,5692
1344,2638,3577,4154,4662,5066,5507,5689
1343,2640,3576,4155,4664,5065,5509,5687
1344,2641,3576,4155,4665,5063,5510,5688
1344,2640,3576,4155,4665,5060,5508,5691
1345,2639,3577,4158,4664,5061,5508,5690
1345,2639,3575,4158,4665,5063,5507,5689
1345,2640,3574,4161,4668,5066,5510,5689
1344,2640,3573,4159,4667,5066,5508,5693
1344,2639,3573,4157,4666,5066,5507,5691
1344,2638,3573,4158,4666,5068,5508,5688
1345,2637,3575,4159,4666,5069,5510,5690
1346,2639,3577,4160,4665,5071,5509,5689
1346,2640,3575,4159,4668,5068,5509,5688
1347,2639,3573,4159,4670,5066,5510,5686
1347,2638,3571,4159,4668,5065,5509,5688
1346,2636,3571,4159,4666,5067,5508,5686
1347,2638,3572,4161,4665,5070,5507,5683
1347,2639,3573,4163,4667,5068,5507,5686
1348,2637,3571,4163,4665,5068,5506,5688
1347,2636,3571,4161,4663,5069,5505,5687
1347,2638,3570,4159,4666,5070,5508,5686
1346,2638,3571,4161,4669,5069,5510,5689
1347,2636,3573,4163,4668,5068,5508,5687
1347,2634,3573,4165,4667,5068,5506,5686
1347,2633,3574,4164,4668,5069,5508,5684
1346,2634,3573,4163,4671,5071,5508,5687
1344,2636,3571,4166,4668,5072,5507,5687
1344,2636,3572,4168,4666,5070,5507,5685
1345,2636,3573,4165,4667,5067,5510,5687
1344,2636,3574,4163,4670,5067,5511,5685
1344,2638,3573,4160,4669,5070,5510,5683
1345,2638,3573,4161,4668,5072,5508,5680
1344,2638,3571,4164,4670,5072,5509,5681
1343,2637,3573,4167,4669,5071,5511,5680
1342,2638,3574,4166,4667,5068,5510,5679
1343,2639,3575,4164,4666,5070,5508,5681
1343,2639,3576,4162,4667,5071,5512,5683
1344,2638,3575,4164,4666,5069,5510,5682
1344,2637,3573,4166,4665,5067,5509,5680
1344,2638,3571,4164,4667,5066,5510,5683
1343,2639,3572,4162,4670,5068,5511,5681
1343,2637,3573,4164,4669,5070,5511,5681
1344,2637,3576,4166,4668,5069,5513,5682
1345,2638,3575,4165,4669,5067,5512,5685
1345,2639,3573,4165,4671,5065,5511,5682
1346,2640,3571,4165,4672,5066,5513,5680
1345,2641,3573,4167,4671,5067,5514,5681
1345,2640,3573,4166,4670,5066,5512,5683
1345,2641,3575,4165,4673,5064,5511,5683
1345,2642,3575,0,4675,5061,5514,5682
1346,2642,3574,0,4674,5062,5512,5683
0,0,0,0,4672,5064,5511,5686
0,0,0,0,4674,5066,5510,5684
0,0,0,0,4676,5063,5513,5682
0,0,0,0,4675,0,5510,0
0,0,0,0,4674,0,5509,0
0,0,0,0,4677,0,5511,0
0,0,0,0,4679,0,5514,0
0,0,0,0,4678,0,0,0
