1.181,2.5002,4.9058,7.583,10.881,15.925,20.115,-0.0606
1.2586,2.6554,5.1386,7.971,11.579,15.964,21.279,-0.0218
1.2974,2.5002,4.9446,7.389,10.92,15.925,20.232,-0.177
1.375,2.6942,5.2162,7.9322,11.812,16.041,21.318,0.017
1.2198,2.6166,4.867,7.5442,10.997,15.886,20.232,-0.1382
1.1422,2.733,5.1774,7.8546,11.773,16.08,21.396,0.211
1.1422,2.4614,5.0222,7.6218,10.881,16.003,20.271,-0.2934
1.181,2.7718,5.1386,7.583,11.735,16.003,21.318,0.0558
1.3362,2.539,5.061,7.8934,10.997,16.235,20.115,-0.371
1.1422,2.8106,5.1386,7.6218,11.735,15.886,21.163,0.1334
1.2974,2.4614,5.0222,7.8934,10.959,16.197,20.271,-0.4098
1.2586,2.7718,4.9446,7.6218,11.579,15.886,21.085,0.2886
1.2586,2.5002,4.9834,8.0098,10.92,16.235,20.115,-0.3322
1.181,2.733,5.0222,7.5054,11.541,15.77,21.124,0.2886
1.1034,2.4614,5.0998,8.0098,11.036,16.429,20.115,-0.4486
1.2198,2.7718,5.0998,7.4666,11.618,15.77,20.853,0.3662
1.2586,2.5778,5.0998,7.971,10.92,16.507,20.309,-0.2158
1.2974,2.7718,4.9446,7.5442,11.773,15.731,20.775,0.2886
1.181,2.5778,5.4102,7.6994,10.959,16.468,20.581,-0.3322
1.181,2.7718,5.061,7.777,11.541,15.847,20.736,0.3662
1.1422,2.6166,5.255,7.5442,11.036,16.585,20.503,-0.1382
1.2586,2.6554,4.9058,7.6218,11.502,15.731,20.581,0.211
1.2586,2.539,5.1774,7.583,11.114,16.507,20.659,-0.0994
1.2974,2.6166,4.9834,7.6994,11.657,15.925,20.387,0.3274
1.1422,2.6166,5.1386,7.6994,10.959,16.623,20.581,-0.0606
1.2974,2.733,4.9058,8.0874,11.541,15.77,20.542,0.1334
1.2198,2.5778,4.9446,7.5442,10.959,16.934,20.465,-0.0994
1.2974,2.6942,5.061,7.9322,11.502,15.809,20.115,-0.1382
1.3362,2.4226,4.9446,7.5442,10.842,16.662,20.891,0.1334
1.2586,2.5778,5.0998,8.0486,11.618,15.692,19.96,0.017
1.3362,2.539,4.9058,7.4666,10.92,16.585,21.047,-0.0606
1.1034,2.539,5.255,7.7382,11.579,15.77,20.077,-0.177
1.181,2.6554,4.9446,7.6218,10.997,16.585,20.969,-0.1382
1.2198,2.6554,5.255,7.6606,11.812,15.77,20.115,0.0946
1.1034,2.6166,4.9446,7.6218,10.959,16.74,21.008,-0.0606
1.3362,2.6166,5.1386,7.9322,11.618,15.731,19.921,-0.1382
1.2586,2.5002,5.0222,7.5442,10.959,16.74,20.93,-0.0218
1.2586,2.6554,5.061,7.8934,11.812,15.847,19.921,0.1722
1.2198,2.4614,5.0998,7.6218,10.842,16.546,21.047,-0.2158
1.2586,2.539,4.9446,7.8158,11.696,16.003,20.154,0.1334
1.2198,2.4614,5.255,7.583,10.959,16.779,21.124,-0.177
1.2586,2.6166,5.0222,7.7382,11.773,15.77,19.96,0.1722
1.2198,2.539,5.3326,7.8546,10.92,16.623,20.891,-0.3322
1.2198,2.6942,4.9834,7.7382,11.385,15.925,20.115,0.2498
1.2974,2.6166,5.3326,7.6994,11.036,16.507,20.93,-0.371
1.2198,2.5002,5.061,7.6994,11.773,16.158,20.077,0.1722
1.1422,2.5002,5.2162,8.0486,10.92,16.429,21.085,-0.371
1.2198,2.6166,5.061,7.4278,11.463,16.197,19.999,0.3662
1.1034,2.539,5.1386,7.9322,11.114,16.235,21.008,-0.2158
1.2586,2.6166,5.1774,7.6218,11.385,16.119,20.038,0.2498
1.181,2.6166,5.0222,7.971,10.92,15.964,20.891,-0.2934
1.2586,2.6166,5.255,7.6218,11.424,16.158,19.805,0.405
1.2974,2.4226,4.867,8.165,11.153,15.77,20.891,-0.2546
1.2198,2.539,5.3326,7.4278,11.308,16.119,20.038,0.2886
1.1422,2.6166,4.867,8.0098,11.153,15.847,20.775,-0.177
1.1034,2.6554,5.4102,7.5054,11.385,16.197,19.844,0.2498
1.2586,2.6554,5.0222,7.8158,10.959,15.809,20.542,-0.177
1.2586,2.6166,5.2938,7.6606,11.23,16.274,19.999,0.1722
1.1034,2.733,5.0222,7.583,11.114,15.925,20.581,-0.0994
1.3362,2.6166,5.3714,7.6994,11.075,16.08,20.193,0.405
1.2198,2.6554,4.867,7.6606,11.269,15.925,20.542,-0.2546
1.2198,2.5002,5.1774,7.9322,11.036,16.313,20.387,0.0946
1.3362,2.7718,5.061,7.5442,11.502,15.809,20.271,-0.0994
1.2198,2.5778,5.1774,8.0486,10.842,16.701,20.581,0.3274
1.181,2.6942,4.9446,7.5054,11.618,15.886,20.232,-0.0994
1.2198,2.4614,5.1386,8.1262,10.842,16.585,20.736,-0.1382
1.2586,2.6942,4.9446,7.389,11.541,15.847,20.271,0.0558
1.3362,2.6554,5.255,8.0098,11.036,16.585,20.659,-0.1382
1.1422,2.733,4.9446,7.6218,11.424,15.809,20.232,-0.177
1.2198,2.6166,5.0222,7.6218,11.075,16.74,20.814,0.017
1.1034,2.6942,5.0998,7.6606,11.424,15.731,19.921,0.0946
1.1034,2.4614,5.1774,7.6218,10.881,16.74,20.814,-0.177
1.3362,2.7718,5.0998,7.583,11.424,15.847,19.921,0.0946
1.2974,2.5778,5.1386,7.5442,10.92,16.701,21.008,-0.2546
1.2198,2.7718,4.9446,7.9322,11.812,16.003,19.883,0.1722
1.1034,2.5002,5.2162,7.6606,10.997,16.934,21.008,-0.4486
1.1422,2.7718,5.061,7.8546,11.735,15.925,20.038,0.017
1.2198,2.5778,5.2162,7.6218,11.075,16.701,20.814,-0.5262
1.2586,2.7718,5.0222,7.6606,11.424,15.809,19.805,0.211
1.2586,2.4226,4.9834,7.6606,10.959,16.546,20.697,-0.3322
1.181,2.7718,5.1386,8.0874,11.308,15.886,19.921,0.0946
1.2586,2.4614,5.1386,7.6218,11.114,16.429,20.581,-0.4486
1.2586,2.733,5.061,7.9322,11.385,16.158,19.844,0.211
1.1034,2.5778,4.9834,7.4278,11.114,16.352,20.736,-0.4098
1.2974,2.733,5.061,8.0098,11.347,16.352,20.038,0.1334
1.2198,2.5778,4.9834,7.5442,11.075,16.158,20.697,-0.1382
1.1034,2.6166,5.1386,7.971,11.114,16.158,19.844,0.4438
1.2974,2.539,5.0222,7.4278,10.959,15.964,20.659,-0.1382
1.1422,2.7718,5.0998,7.6218,11.385,16.313,19.883,0.0558
1.2198,2.5002,5.0998,7.6994,11.153,16.158,20.775,-0.0994
1.2586,2.733,5.1386,7.5442,11.269,16.235,20.038,0.405
1.2586,2.5778,4.9834,7.971,11.191,16.119,20.581,-0.3322
1.2586,2.7718,5.3714,7.583,11.23,16.313,19.805,0.211
1.2586,2.4614,5.061,8.0098,11.153,16.003,20.775,-0.0218
1.3362,2.8106,5.3714,7.583,11.23,16.391,19.883,0.0946
1.2198,2.6166,4.9058,8.0874,11.269,15.847,20.542,-0.0994
1.2974,2.6166,5.255,7.583,11.191,16.546,20.038,0.1334
1.2974,2.6166,5.0222,7.8934,11.347,15.847,20.465,-0.0606
1.2586,2.8494,5.3714,7.5054,11.191,16.662,20.115,-0.1382
1.2586,2.6166,4.9446,7.971,11.191,15.692,20.426,-0.0606
1.0646,2.7718,5.255,7.4278,11.308,16.779,20.232,0.1334
1.2198,2.4614,4.9446,8.0098,11.075,15.847,20.581,-0.0994
1.3362,2.6554,5.2938,7.389,11.308,16.74,20.077,-0.177
1.2974,2.5002,5.0222,7.9322,11.308,15.77,20.426,0.0946
1.3362,2.8494,5.3326,7.583,11.114,16.623,20.038,-0.371
1.2586,2.6166,5.0222,7.8158,11.075,15.925,20.503,0.2886
1.2586,2.8106,5.2938,7.5442,10.997,16.585,20.115,-0.4486
1.3362,2.5778,4.9834,7.8158,11.385,15.964,20.426,0.1334
1.2974,2.6554,5.3326,7.6994,11.036,16.507,20.154,-0.4098
1.3362,2.5002,5.0222,7.6218,11.579,15.886,20.309,0.211
1.2586,2.6166,5.3326,7.8546,10.997,16.119,20.115,-0.2546
1.2586,2.4614,5.0222,7.5442,11.657,16.003,20.465,0.0558
1.2198,2.7718,5.1386,7.8546,10.959,16.391,20.193,-0.371
1.2586,2.6166,5.061,7.5442,11.696,16.235,20.348,0.2886
1.3362,2.6166,5.0998,7.777,10.726,15.925,20.426,-0.2934
1.181,2.5002,5.0998,7.5054,11.735,16.041,20.503,0.1334
1.2198,2.6554,5.061,7.8934,11.036,16.158,20.271,-0.2546
1.2974,2.539,5.1774,7.5054,11.463,16.158,20.387,0.405
1.2586,2.6166,5.061,7.971,10.997,15.964,20.465,-0.1382
1.2198,2.4614,5.061,7.583,11.735,16.274,20.426,0.0558
1.2198,2.4614,5.1386,8.0874,10.959,15.847,20.853,0.017
1.181,2.5002,5.1774,7.5442,11.812,16.391,20.309,0.0558
1.181,2.4614,5.0998,8.0098,10.959,15.77,20.62,-0.0606
1.2586,2.5778,5.255,7.389,11.579,16.546,20.387,-0.2934
1.2974,2.6166,5.0222,7.8546,10.997,15.731,20.309,-0.0218
1.1034,2.6554,5.061,7.5054,11.579,16.662,20.581,-0.371
1.181,2.5778,5.0222,7.9322,11.075,15.731,20.542,0.2886
1.2586,2.6554,5.2162,7.6218,11.657,16.895,20.542,-0.3322
1.181,2.5002,5.0222,7.5442,10.959,15.77,20.736,0.3662
1.3362,2.539,5.2938,7.6606,11.541,16.468,20.232,-0.2934
1.2586,2.6166,5.061,7.583,11.114,16.08,20.697,0.3274
1.2974,2.5778,5.3714,7.8158,11.269,16.197,20.271,-0.371
1.2198,2.539,4.9446,7.5054,11.036,16.197,20.853,0.3662
1.181,2.539,5.2162,7.6994,11.385,15.886,19.999,-0.2158
1.2974,2.5778,5.0222,7.7382,10.997,16.352,21.163,0.3274
1.2198,2.733,5.3326,7.8158,11.269,15.847,20.077,-0.371
1.181,2.5778,4.9446,7.5054,11.036,16.507,21.202,0.2886
1.2586,2.6942,5.3326,7.8934,11.347,15.731,20.271,0.017
1.2586,2.539,4.9446,7.6218,11.191,16.429,21.241,0.1334
1.3362,2.6942,5.3326,8.0098,11.075,15.809,20.077,0.017
1.1422,2.4614,4.9834,7.5054,11.502,16.313,21.241,-0.0218
1.2974,2.6166,5.2938,7.8934,10.997,15.653,20.115,0.1722
1.2586,2.6166,5.0222,7.389,11.502,16.235,21.047,-0.2546
1.2586,2.6942,5.2938,7.8934,10.959,15.77,20.115,0.211
1.2586,2.4614,5.061,7.4278,11.657,16.429,21.008,-0.4098
1.2586,2.6554,5.1774,7.6994,10.881,15.653,20.077,0.211
1.181,2.6554,4.9446,7.7382,11.696,16.352,20.853,-0.5262
1.2974,2.6166,5.2162,7.583,10.92,15.731,19.921,0.1334
1.2198,2.6942,4.9446,8.1262,11.735,16.585,20.853,-0.4098
1.181,2.5778,5.0998,7.583,11.036,15.731,20.232,0.2498
1.2586,2.733,4.9446,8.1262,11.579,16.507,20.736,-0.4098
1.1422,2.5002,5.061,7.5054,11.036,15.847,20.193,0.2886
1.2586,2.6554,4.9446,7.971,11.696,16.468,20.659,-0.4486
1.2586,2.5778,5.1386,7.4278,11.036,16.003,20.387,0.3662
1.2198,2.6166,5.2162,7.9322,11.541,16.197,20.503,-0.177
1.0646,2.5778,4.9058,7.5442,11.036,15.925,20.465,0.3274
1.2198,2.8106,5.255,7.8934,11.696,16.197,20.465,-0.0994
1.2198,2.6166,5.061,7.6218,10.997,15.77,20.62,0.0946
1.181,2.8106,5.3714,7.6606,11.502,16.08,19.883,0.0558
1.2586,2.5778,5.0222,7.8158,10.997,16.158,20.659,0.0558
1.181,2.8106,5.2938,7.583,11.347,16.003,20.115,-0.0994
1.181,2.5778,5.0222,8.2038,11.114,16.235,21.085,-0.0606
1.181,2.733,5.1774,7.6218,11.385,15.77,20.232,0.0558
1.181,2.5778,4.9446,8.165,10.997,16.352,20.697,-0.0218
1.1034,2.6166,5.0998,7.583,11.424,15.615,20.038,0.017
1.2974,2.5778,5.061,8.2038,11.191,16.274,20.93,-0.0994
1.2198,2.733,5.2162,7.5442,11.114,15.615,20.115,0.1334
1.1422,2.5778,5.0222,8.0874,11.191,16.235,20.775,-0.371
1.2586,2.6166,5.1774,7.5054,11.308,15.653,20.115,-0.0218
1.181,2.5778,5.0998,7.8158,11.23,16.352,20.697,-0.2158
1.3362,2.6166,5.1386,7.6218,10.997,15.77,20.038,0.017
1.181,2.4614,5.1386,7.6218,11.114,16.352,20.659,-0.2158
1.2974,2.6166,5.0998,7.6218,10.997,15.498,20.115,0.1334
1.2586,2.5778,5.1386,7.6218,11.308,16.429,20.659,-0.3322
1.2198,2.5002,5.061,7.777,10.92,15.615,20.309,0.0558
1.3362,2.4614,5.3714,7.5442,11.385,16.546,20.465,-0.4486
1.2198,2.5778,5.0222,7.7382,11.036,15.615,20.309,0.017
1.2974,2.4614,5.4102,7.6994,11.502,16.313,20.387,-0.4098
1.0646,2.5002,5.061,7.8546,11.036,15.615,20.232,0.211
1.1422,2.5778,5.3714,7.6218,11.773,16.429,20.387,-0.4098
1.375,2.5778,4.9834,8.2038,10.881,15.615,20.426,0.2498
1.2586,2.4614,5.2938,7.6218,11.579,16.546,20.387,-0.371
1.2974,2.6166,5.0222,8.0098,10.959,15.77,20.115,0.211
1.2198,2.539,5.2938,7.6218,11.696,16.313,20.503,-0.3322
1.2586,2.4614,4.9834,7.8546,10.959,15.653,20.271,0.2498
1.2974,2.6554,5.255,7.6218,11.812,16.468,20.465,-0.4486
1.1422,2.6166,5.0222,7.6606,10.959,15.847,20.814,0.3662
1.2586,2.6942,5.255,7.8158,11.579,16.274,20.309,-0.2546
1.181,2.5778,4.9058,7.583,10.959,15.886,20.93,0.2886
1.181,2.733,4.9446,7.8158,11.735,16.313,20.115,-0.2158
1.2586,2.5778,5.0222,7.6218,10.959,15.886,21.085,0.2498
1.2586,2.6554,5.061,8.165,11.657,16.158,20.232,-0.3322
1.2586,2.4226,5.2162,7.583,10.92,15.964,20.93,0.3662
1.2198,2.6166,5.0222,8.0874,11.424,16.119,20.271,-0.2158
1.181,2.4614,5.2938,7.583,11.036,15.964,21.008,0.3274
1.1034,2.733,4.9446,7.8158,11.502,15.886,20.154,-0.3322
1.2586,2.5778,5.4102,7.6218,11.036,16.041,21.008,0.3662
1.2974,2.5778,4.9834,7.6994,11.696,15.925,20.115,-0.1382
1.2586,2.5002,5.3326,7.8158,11.036,15.847,21.047,0.2498
1.3362,2.6554,5.0222,7.5054,11.424,15.847,19.999,-0.2934
1.181,2.539,5.255,7.8546,10.92,15.886,20.93,0.3662
1.1422,2.539,5.061,7.4278,11.579,15.77,20.115,0.017
1.3362,2.6166,5.4102,8.0486,10.842,15.886,20.891,0.1334
1.2586,2.5778,4.9058,7.5442,11.463,15.847,20.154,0.0558
1.3362,2.733,5.255,8.1262,10.842,15.964,21.163,-0.4486
1.1422,2.539,4.9058,7.6606,11.579,15.731,20.154,0.2886
1.2586,2.6942,5.3326,8.0874,10.881,15.925,20.93,-0.3322
1.2586,2.5002,4.9834,7.583,11.618,15.925,20.115,0.211
1.2974,2.6942,5.3326,7.9322,10.881,16.08,20.891,-0.371
1.3362,2.5778,4.9834,7.6994,11.618,15.925,20.038,0.3274
1.2198,2.7718,5.3326,7.6994,10.842,16.119,21.047,-0.2934
1.2198,2.539,5.0222,7.971,11.773,15.964,20.115,0.2886
1.2198,2.7718,5.2938,7.5442,10.997,16.235,21.008,-0.177
1.2198,2.5778,4.867,7.9322,11.618,15.886,19.921,0.405
1.2198,2.6942,5.1774,7.5442,10.997,16.352,21.008,-0.2546
1.181,2.4614,5.0222,7.8934,11.812,15.886,19.999,0.405
1.2586,2.6554,5.2162,7.777,10.803,16.313,21.085,-0.2546
1.2974,2.5778,4.867,7.8158,11.773,15.77,20.038,0.405
1.2198,2.733,5.061,7.777,10.842,16.507,20.93,-0.0606
1.3362,2.539,5.0222,7.8158,11.657,15.692,19.805,0.1334
1.2586,2.733,5.0998,7.8934,10.997,16.779,20.969,0.0558
1.2198,2.4226,4.9446,7.777,11.618,15.692,20.115,0.0558
1.2974,2.733,5.1774,7.9322,10.842,16.507,20.93,0.1722
1.2586,2.5002,5.0222,7.6994,11.812,15.653,19.96,-0.2158
1.181,2.539,5.1386,8.2814,10.997,16.662,20.853,0.017
1.1034,2.5778,5.061,7.6218,11.696,15.809,19.999,-0.4874
1.2586,2.6942,4.9834,8.0486,10.92,16.701,20.93,0.1334
1.2586,2.6166,5.1774,7.5442,11.773,15.925,20.115,-0.371
1.2198,2.6554,5.061,8.0874,10.881,16.779,21.008,0.1722
1.2974,2.6166,5.1774,7.6218,11.851,15.809,20.115,-0.3322
1.181,2.539,5.061,7.971,11.036,16.546,21.008,0.2498
1.2586,2.6166,5.255,7.6218,11.657,15.925,20.077,-0.2934
1.2586,2.6554,5.061,7.6994,10.997,16.274,20.581,0.0946
1.1422,2.6166,5.1774,7.9322,11.735,15.653,20.193,-0.371
1.2586,2.5002,5.061,7.6606,10.959,16.585,20.581,0.3662
1.2586,2.6166,5.1774,7.9322,11.812,15.809,20.348,-0.2158
1.2586,2.5778,4.9834,7.583,10.959,16.391,20.426,0.0558
1.2974,2.5778,5.255,8.165,11.618,15.886,20.503,-0.2158
1.1422,2.6166,4.9058,7.5442,10.997,16.119,20.465,0.4438
1.2974,2.5002,5.449,8.1262,11.424,15.925,20.542,-0.0218
1.2586,2.539,4.867,7.4278,10.959,16.041,20.348,-0.0218
1.2198,2.6554,5.2938,8.0098,11.385,15.925,20.775,0.0558
1.0646,2.6166,5.0222,7.6606,11.191,16.197,20.426,0.0558
1.1034,2.8106,5.2162,7.8158,11.23,16.158,20.62,-0.0218
1.2586,2.6166,4.867,7.8934,11.269,16.08,20.503,-0.2934
1.1034,2.7718,5.2938,7.777,11.23,16.158,20.465,0.0946
1.2198,2.6166,4.867,7.9322,11.347,15.964,20.697,-0.0606
1.2586,2.7718,5.2162,7.6994,11.153,15.964,20.736,0.0946
1.181,2.5002,5.0222,8.0486,11.308,15.964,20.232,-0.2934
1.2586,2.7718,5.1774,7.6994,11.114,16.235,20.659,0.2498
1.2586,2.4614,4.867,8.2038,11.347,16.08,20.309,-0.4098
1.2974,2.8106,5.061,7.5054,10.997,16.313,20.93,-0.0606
1.2198,2.5778,5.061,8.0486,11.424,15.925,20.271,-0.2934
1.2198,2.7718,5.0222,7.583,11.075,16.313,20.775,0.0946
1.2974,2.539,5.0222,7.8158,11.385,15.77,20.232,-0.3322
1.2586,2.7718,5.1386,7.6218,10.997,16.391,21.085,0.0558
1.2974,2.6166,5.0222,7.8546,11.579,15.653,20.077,-0.371
1.181,2.7718,5.1386,7.7382,11.114,16.507,21.047,0.211
1.2974,2.539,4.9834,7.583,11.347,15.731,20.154,-0.3322
1.2586,2.733,5.061,7.9322,11.114,16.585,20.775,0.2498
1.2586,2.5778,4.9446,7.6606,11.269,15.77,20.038,-0.3322
1.181,2.733,5.061,7.777,11.114,16.507,20.542,0.3662
1.181,2.5778,5.1386,7.777,11.23,15.731,19.883,-0.371
1.2586,2.733,5.0222,7.7382,11.153,16.352,20.697,0.1722
1.2586,2.4614,5.255,7.5442,11.269,15.77,19.883,-0.3322
1.1422,2.6166,5.061,7.7382,11.114,16.391,20.465,0.2498
1.2586,2.539,5.2938,7.583,11.579,16.08,19.883,-0.2546
1.1034,2.6942,5.0222,7.8546,10.997,15.925,20.426,0.0946
1.2198,2.5778,5.4102,7.6606,11.424,16.197,19.96,-0.0994
1.2974,2.6554,5.0222,7.8158,11.114,15.925,20.309,0.3662
1.2586,2.4614,5.3326,7.7382,11.463,15.925,20.348,-0.1382
1.2198,2.5002,4.9834,7.8546,10.959,15.964,20.387,0.2886
1.2198,2.539,5.2938,7.6606,11.851,16.08,20.309,-0.0606
1.1422,2.5002,4.9446,7.6994,10.959,16.003,20.232,0.0558
1.2198,2.6166,5.2938,7.6606,11.735,16.235,20.581,-0.0994
1.2198,2.6554,5.0222,8.0486,10.92,15.964,20.232,-0.0994
1.2198,2.4226,5.2162,7.583,11.851,16.08,20.775,0.017
1.2586,2.6554,5.0222,7.8546,11.075,15.847,20.232,-0.0606
1.3362,2.4614,5.2162,7.6218,11.812,16.391,20.659,-0.0218
1.2198,2.6554,4.9058,8.2038,10.959,15.77,20.154,-0.4098
1.2586,2.539,5.255,7.5442,11.696,16.274,20.814,0.1334
1.375,2.539,5.0222,8.1262,10.842,15.653,20.154,-0.177
1.181,2.7718,5.2938,7.4666,11.579,16.623,20.542,-0.1382
1.2974,2.5002,5.0222,7.9322,10.959,15.576,20.038,-0.3322
1.1422,2.7718,5.2162,7.583,11.812,16.507,20.659,0.1334
1.181,2.539,4.9834,7.9322,11.036,15.615,20.154,-0.4486
1.2586,2.6166,5.1774,7.583,11.89,16.623,20.348,0.2498
1.1034,2.539,5.0222,7.8934,10.997,15.576,20.232,-0.4486
1.181,2.733,5.1774,7.389,11.618,16.662,20.077,0.3274
1.1034,2.5002,5.061,7.8546,11.114,15.615,20.348,-0.2546
1.2586,2.5002,5.0998,7.583,11.579,16.507,20.115,0.2886
1.3362,2.5778,5.0222,8.0486,10.959,15.615,19.999,-0.2934
1.1034,2.6942,5.0998,7.6994,11.618,16.274,20.038,0.1722
1.2198,2.5002,5.061,7.7382,11.114,15.809,20.154,0.0558
1.2198,2.539,5.0222,7.6606,11.541,15.964,19.844,-0.2546
1.1422,2.5002,5.1774,7.8934,11.191,15.886,20.348,-0.0218
1.1422,2.5002,5.061,7.5442,11.424,16.197,20.154,-0.4098
1.2974,2.5778,5.1774,7.7382,11.23,16.041,20.309,0.1722
1.3362,2.5002,5.061,7.6218,11.23,15.77,19.96,-0.371
1.1034,2.733,5.255,7.8158,11.347,16.041,20.62,0.0558
1.2198,2.5778,5.0222,7.6994,11.153,15.731,19.805,-0.371
1.1034,2.6942,5.3326,7.6994,11.463,16.041,20.62,0.2886
1.2198,2.6554,5.0222,7.8546,11.114,15.886,19.96,-0.2934
1.2586,2.5002,5.255,7.6994,11.153,16.041,20.581,0.0946
1.181,2.5002,5.061,7.9322,10.959,15.886,20.154,-0.2158
1.2586,2.6554,5.2938,7.6606,11.618,15.925,20.387,0.3274
1.1034,2.6166,4.9834,8.0098,10.959,15.809,20.348,-0.177
1.2586,2.6942,5.2162,7.6606,11.424,16.158,20.62,0.3662
1.2974,2.5002,4.9058,7.971,10.959,15.886,20.193,-0.2158
1.2586,2.6554,5.2162,7.5054,11.579,16.391,20.271,0.2498
1.2586,2.6942,4.9834,7.9322,11.075,15.77,20.193,-0.2546
1.2198,2.5778,5.1774,7.583,11.579,16.429,20.426,0.405
1.2198,2.7718,5.0222,7.9322,10.997,15.615,19.999,-0.0218
1.1422,2.5002,4.9834,7.6994,11.424,16.546,20.426,0.1334
1.2974,2.7718,4.9446,7.6606,10.92,15.692,19.844,-0.2546
1.2198,2.4226,5.0222,7.7382,11.463,16.701,20.465,0.2886
1.2586,2.6942,5.1774,7.6606,10.92,15.731,19.999,-0.0994
1.2586,2.4614,5.0222,8.1262,11.618,16.701,20.348,-0.1382
1.2586,2.539,5.255,7.4666,11.191,15.653,20.115,-0.0606
1.2198,2.4614,5.0222,8.0874,11.657,16.468,20.271,-0.371
1.2586,2.6166,5.449,7.6218,11.036,15.576,20.115,0.211
1.1034,2.6554,4.9834,8.0098,11.541,16.352,20.348,-0.371
1.181,2.5778,5.1774,7.7382,10.959,15.576,20.115,-0.0218
1.2586,2.6942,4.9446,7.777,11.657,16.429,20.077,-0.371
1.3362,2.6554,5.061,7.6218,11.114,15.615,20.426,0.1722
1.2586,2.6942,5.0998,7.8934,11.541,16.158,19.999,-0.4486
1.2586,2.4614,4.9058,7.6994,11.075,15.925,20.736,0.0946
1.2586,2.733,5.3326,7.777,11.967,16.274,20.077,0.1722
1.2198,2.6166,4.9058,7.8934,11.075,15.77,20.814,-0.4098
1.181,2.539,5.3326,7.6606,11.696,16.158,19.844,0.1722
1.181,2.5778,4.9058,7.8546,10.842,15.847,20.775,-0.2158
1.181,2.6166,5.1386,7.6994,11.541,15.886,19.999,0.405
1.2586,2.4614,5.0222,8.2038,11.036,15.964,20.853,-0.0994
1.2974,2.6166,5.1386,7.5442,11.773,16.235,20.038,0.0558
1.2586,2.733,4.9446,8.165,10.959,15.925,20.853,-0.0606
1.2198,2.5778,5.0222,7.6218,11.696,16.197,19.766,0.2498
1.2586,2.8106,5.255,8.2426,11.075,15.886,20.697,-0.0218
1.2586,2.539,4.867,7.6606,11.541,16.158,19.96,-0.0606
1.2974,2.6942,5.2938,8.0098,10.997,15.925,20.348,-0.0218
1.2586,2.4614,5.0222,7.6218,11.696,16.235,20.077,0.211
1.2198,2.6554,5.061,7.8546,10.997,15.809,20.309,0.0558
1.2586,2.539,5.1386,7.583,11.735,16.119,20.309,0.017
1.1422,2.5778,5.0222,7.8934,10.881,15.77,20.465,0.1334
1.2198,2.6942,5.3714,7.583,11.618,16.08,20.387,-0.0606
1.2586,2.6166,5.0222,7.8158,10.959,16.119,20.193,0.017
1.1034,2.6942,5.3326,7.777,11.735,15.964,20.503,-0.2158
1.2198,2.4226,4.9834,7.6218,10.959,16.08,20.271,0.1722
1.375,2.733,5.1774,7.8158,11.657,15.809,20.426,-0.2934
1.181,2.6166,5.1386,7.6218,10.959,16.08,20.348,0.0558
1.1034,2.6554,5.061,7.777,11.541,15.77,20.542,-0.1382
1.2198,2.5778,5.1386,7.583,11.036,16.158,20.348,0.1722
1.2586,2.6166,4.9446,8.165,11.735,15.77,20.387,-0.2546
1.2198,2.8106,5.2938,7.6218,11.036,16.507,20.387,0.0946
1.2586,2.5778,4.9058,8.1262,11.657,15.731,20.115,-0.4098
1.2198,2.733,5.3326,7.583,10.959,16.429,20.387,0.1334
1.2586,2.5002,5.061,7.971,11.812,15.653,20.193,-0.3322
1.2974,2.5002,5.1774,7.583,11.075,16.701,20.154,0.2498
1.1034,2.539,5.0222,7.8546,11.618,15.77,19.999,-0.4874
1.181,2.6166,5.061,7.6218,10.881,16.74,19.96,0.2498
1.2586,2.5778,5.2162,7.7382,11.735,15.576,20.503,-0.3322
1.1422,2.4614,5.0222,7.8158,11.075,16.546,19.921,0.1722
1.2198,2.6554,5.4102,7.6994,11.618,15.576,20.659,-0.5262
1.2586,2.4614,5.0222,7.8934,11.114,16.623,19.766,0.1722
1.1422,2.6554,5.1386,7.583,11.735,15.77,20.62,-0.3322
1.2198,2.539,4.9446,8.165,10.881,16.779,19.883,0.2886
1.2974,2.6554,5.1386,7.4278,11.618,15.653,20.697,-0.4098
1.2586,2.5778,5.0998,8.0486,11.114,16.507,19.689,0.3662
1.2198,2.6166,5.0998,7.4278,11.773,15.692,20.581,-0.0994
1.2198,2.5778,5.255,7.8546,10.997,16.585,19.766,0.2886
1.2198,2.6166,5.0222,7.4666,11.812,15.809,20.542,-0.2158
1.2198,2.6166,5.3326,8.0486,11.075,16.546,19.766,0.1722
1.2974,2.6166,5.0222,7.6218,11.579,15.886,20.387,-0.1382
1.1422,2.6166,5.255,8.0098,11.036,16.274,19.883,0.0946
1.1422,2.5778,5.0222,7.6994,11.773,15.886,20.387,-0.0218
1.2974,2.6554,5.255,7.5054,10.842,16.352,20.038,0.0946
1.2586,2.539,4.9834,7.7382,11.851,16.003,19.533,0.0558
1.2198,2.6554,5.1774,7.4278,11.036,16.352,20.115,-0.0218
1.0258,2.4226,5.0222,7.777,11.618,16.003,20.465,-0.0218
1.2974,2.6942,5.061,7.6218,10.881,16.158,20.077,-0.177
1.2974,2.5002,5.1386,8.1262,11.735,15.653,20.465,0.0946
1.2586,2.539,5.061,7.6218,11.114,16.468,20.038,-0.371
1.181,2.4614,5.2938,8.165,11.696,15.847,20.581,0.1334
1.181,2.539,4.9446,7.5054,10.881,16.352,20.115,-0.3322
1.2974,2.5778,5.3714,8.0098,11.541,15.809,20.503,0.2886
1.1422,2.4614,4.9834,7.4666,11.075,16.391,20.115,-0.3322
1.2974,2.733,5.3326,7.8546,11.618,16.08,20.387,0.1722
1.2198,2.4614,4.9058,7.6994,10.959,15.809,20.232,0.2886
1.375,2.6942,5.1386,7.9322,11.773,16.352,20.309,-0.371
1.2586,2.4614,4.9834,7.4666,11.036,15.653,20.154,0.2498
1.3362,2.5778,5.0222,7.8546,11.618,16.158,20.309,-0.4874
1.1034,2.539,5.0998,7.5442,10.92,15.653,20.426,0.405
1.181,2.6554,5.0222,7.7382,11.696,16.158,20.387,-0.2158
1.1034,2.6554,5.1774,7.6606,10.881,15.77,20.426,0.2886
1.2974,2.5778,4.9834,7.6606,12.045,16.429,20.271,-0.4098
1.1422,2.733,5.4102,7.8158,11.114,15.731,20.581,0.405
1.2586,2.5778,4.9446,7.5054,11.929,16.313,20.115,-0.0218
1.2198,2.8106,5.2938,7.971,11.153,15.576,20.814,0.2498
1.2974,2.6166,4.8282,7.583,11.579,16.391,20.426,-0.2934
1.181,2.733,5.0998,8.0098,11.114,15.615,20.62,0.3662
1.181,2.5778,5.061,7.6994,11.657,16.429,20.348,-0.0606
1.2198,2.733,5.1386,8.1262,11.114,15.459,20.581,0.0946
1.181,2.5778,5.0222,7.4278,11.851,16.507,20.115,-0.3322
1.1422,2.6166,5.0222,8.1262,10.959,15.615,20.697,0.0946
1.2198,2.5778,5.2938,7.583,11.696,16.546,20.077,-0.0218
1.1422,2.4614,5.061,8.0098,10.92,15.615,20.93,-0.1382
1.181,2.4614,5.255,7.6218,11.618,16.08,20.193,0.0946
1.2586,2.5778,4.9834,7.9322,10.92,15.809,20.891,-0.3322
1.2198,2.5778,5.2938,7.583,11.657,16.391,19.805,-0.0606
1.2586,2.4226,5.0222,7.777,11.114,16.003,20.814,-0.4874
1.1422,2.733,5.2162,7.777,11.502,15.964,19.844,0.1334
1.181,2.4226,5.061,7.5442,11.191,15.925,20.736,-0.371
1.2198,2.6554,5.0222,7.8158,11.463,16.197,19.883,0.0946
1.2974,2.5002,5.1386,7.5054,11.153,15.925,20.736,-0.371
1.2586,2.5778,5.0998,7.8934,11.269,16.119,19.766,0.211
1.1422,2.4614,5.2162,7.6218,11.347,15.925,20.503,-0.4486
1.181,2.539,5.061,8.0486,11.347,16.08,19.65,0.1722
1.2974,2.4614,5.2162,7.6606,11.23,16.274,20.581,-0.2934
1.2586,2.6554,4.9446,8.0486,11.114,15.809,19.805,0.2886
1.2198,2.5778,5.2162,7.6994,11.424,16.197,20.426,-0.3322
1.2586,2.4614,4.9446,8.2038,11.269,15.731,19.65,0.211
1.2974,2.5778,5.0998,7.6218,11.579,16.352,20.232,-0.2934
1.2586,2.539,4.9058,7.8934,11.114,15.809,19.611,0.1722
1.2586,2.7718,5.061,7.5442,11.424,16.391,20.581,-0.2934
1.1422,2.4226,5.061,7.8546,10.92,15.77,19.65,0.2886
1.1422,2.6942,4.9834,7.5442,11.424,16.507,20.465,-0.2934
1.2198,2.5778,5.3326,7.7382,10.997,15.498,19.921,0.3662
1.2586,2.6942,4.867,7.777,11.735,16.546,20.581,-0.177
1.3362,2.6166,5.3714,7.777,10.92,15.692,20.077,0.3274
1.1422,2.5778,4.9058,7.7382,11.696,16.429,20.503,-0.3322
1.181,2.6942,5.2162,7.6606,10.881,15.615,20.115,0.3274
1.2198,2.5002,5.0222,7.7382,11.657,16.585,20.115,-0.0994
1.3362,2.6942,5.061,7.6218,10.881,15.537,20.542,0.3662
1.1034,2.5778,5.1386,7.8158,11.812,16.158,20.348,-0.2934
1.2974,2.7718,5.061,7.6218,10.92,15.809,20.465,0.2498
1.2586,2.539,5.1386,8.1262,11.773,16.391,20.115,-0.0994
1.1034,2.5778,4.9446,7.5442,11.075,15.77,20.542,-0.0218
1.1034,2.539,5.3326,8.165,11.579,16.158,20.038,-0.177
1.1422,2.6554,4.9058,7.6218,10.997,15.653,20.697,-0.0994
1.2198,2.4226,5.2938,8.1262,11.735,16.197,19.921,0.017
1.1422,2.539,5.0222,7.5442,11.075,15.847,20.775,-0.2158
1.2198,2.4226,5.0998,8.0874,11.579,16.041,19.883,0.0946
1.2198,2.5778,4.9446,7.5054,10.92,15.809,20.542,-0.2158
1.2974,2.6554,5.0222,7.8934,11.618,16.158,19.727,0.2498
1.2586,2.5778,4.9834,7.6994,10.765,16.003,20.426,-0.3322
1.181,2.7718,5.061,7.6994,11.812,16.041,19.96,0.1334
1.2198,2.5778,5.061,7.7382,10.959,16.003,20.62,-0.4098
1.3362,2.733,4.9058,7.4666,11.735,15.925,19.689,0.0946
1.1422,2.539,5.2938,7.9322,11.036,16.003,20.659,-0.3322
1.2974,2.6554,4.9446,7.5442,11.579,15.847,19.65,0.2886
1.2586,2.539,5.3714,8.0098,11.036,16.08,20.348,-0.2546
1.3362,2.6166,5.0222,7.6606,11.89,15.731,19.533,0.017
1.2586,2.5778,5.1774,7.8546,11.036,16.041,20.387,-0.3322
1.3362,2.539,5.0222,7.5054,11.618,15.731,19.96,0.2886
1.2586,2.7718,5.0998,8.0098,11.075,16.235,20.581,-0.4486
1.2974,2.4226,5.0222,7.6606,11.385,15.692,19.921,0.0558
1.181,2.6554,5.061,8.0874,11.075,16.197,20.426,-0.3322
1.2586,2.539,5.255,7.5054,11.463,15.576,20.038,0.3662
1.0646,2.733,5.0222,8.165,11.23,16.158,20.348,-0.2158
1.2198,2.539,5.3714,7.4278,11.23,15.459,20.193,0.3274
1.0646,2.539,4.9446,8.0486,11.347,16.701,20.309,-0.2934
1.2586,2.4226,5.1774,7.5054,11.114,15.77,20.348,0.3662
1.3362,2.6166,4.867,8.1262,11.23,16.507,20.154,-0.0994
1.2198,2.5778,5.2162,7.5054,11.191,15.653,20.271,0.2886
1.2586,2.5778,5.061,8.0098,11.618,16.507,20.309,-0.2546
1.181,2.7718,4.9834,7.6218,11.191,15.731,20.62,0.1334
1.2198,2.4226,5.061,8.0098,11.463,16.585,20.154,0.0558
1.1422,2.733,5.0222,7.5442,11.114,15.77,20.503,-0.0218
1.2974,2.6166,5.3714,7.8934,11.618,16.546,20.271,0.0558
1.2198,2.7718,4.8282,7.5054,11.114,16.003,20.465,-0.371
1.2586,2.5002,5.2938,7.7382,11.773,16.119,20.077,0.2886
1.2586,2.6554,5.0222,7.583,11.036,16.08,20.775,-0.4098
1.3362,2.5778,5.2162,7.5442,11.502,15.809,20.115,0.1334
1.2198,2.539,4.9058,7.8546,11.036,16.119,20.969,-0.4486
1.2586,2.6554,5.061,7.6606,11.579,16.08,19.96,0.2498
1.0646,2.539,5.061,7.971,10.959,16.158,20.62,-0.2546
1.1422,2.5778,4.9446,7.4278,11.851,15.692,19.921,0.2886
1.181,2.5778,5.1774,7.971,11.036,16.507,20.736,-0.4486
1.2586,2.733,5.061,7.5054,11.735,15.77,19.844,0.3274
1.2586,2.5778,5.2938,8.1262,10.92,16.662,20.659,-0.2158
1.2586,2.5778,4.9058,7.583,11.696,15.809,19.883,0.3662
1.2586,2.539,5.3714,8.0098,10.842,16.662,20.309,-0.4098
1.181,2.6166,5.0222,7.4278,11.773,15.77,20.271,0.1334
1.2586,2.4226,5.3714,7.9322,10.959,16.274,20.426,-0.2158
1.1422,2.5778,5.0222,7.5442,11.541,15.731,20.115,0.405
1.2198,2.6942,5.2162,7.9322,10.997,16.352,20.232,-0.2158
1.1422,2.4226,4.867,7.6218,11.541,16.08,20.232,0.0946
1.2586,2.6554,5.061,7.777,11.036,15.77,20.232,-0.177
1.0646,2.539,5.2162,7.4666,11.191,16.119,20.465,0.4438
1.3362,2.6942,4.9058,7.777,11.269,16.08,20.115,-0.1382
1.2586,2.5002,5.3714,7.6994,11.23,16.119,20.659,0.211
1.2198,2.5002,4.867,7.777,11.269,15.692,19.999,-0.0218
1.181,2.4614,5.3326,7.777,11.075,16.391,20.969,0.2498
1.181,2.6942,5.061,7.6994,11.463,15.653,20.115,-0.0606
1.181,2.5002,5.061,8.1262,11.114,16.468,20.775,0.2886
1.2198,2.4614,4.9058,7.6218,11.657,15.77,19.883,-0.1382
1.1034,2.4226,5.0998,7.8934,10.959,16.662,20.891,0.0558
1.181,2.5778,5.061,7.6218,11.579,15.731,19.96,0.0946
1.1034,2.5002,5.0998,7.8546,11.075,16.546,20.542,-0.1382
1.2586,2.539,5.0998,7.6606,11.579,15.886,20.038,0.0946
1.2586,2.6166,4.9446,7.6994,10.997,16.313,20.581,-0.2934
1.2198,2.539,5.3326,7.8546,11.773,15.964,19.844,0.017
1.2586,2.7718,4.9446,7.5054,10.959,16.158,20.581,-0.371
1.2586,2.539,5.3326,7.8934,11.851,16.158,19.766,0.017
1.4138,2.6942,4.9834,7.5442,10.959,16.119,20.426,-0.4098
1.181,2.539,5.1386,8.1262,11.812,16.158,20.038,0.0558
1.3362,2.5002,5.0222,7.4666,11.075,15.809,20.503,-0.2546
1.2198,2.5778,5.1386,7.971,11.657,16.197,20.115,-0.0218
1.2198,2.4614,4.9058,7.6994,11.036,15.925,20.348,-0.371
1.2198,2.733,4.9834,7.6994,11.851,16.817,20.309,0.2886
1.2586,2.5778,5.2162,7.9322,10.959,15.692,19.999,-0.3322
1.2198,2.8106,5.061,7.583,11.696,16.429,20.154,0.2498
1.1034,2.4226,5.2162,7.9322,10.997,16.041,20.309,-0.4874
1.1422,2.5778,5.061,7.6218,11.579,15.964,20.348,0.2498
1.181,2.5002,5.3714,8.0098,10.997,16.158,20.348,-0.4098
1.1422,2.4614,4.9058,7.389,11.851,15.809,20.62,0.2498
1.1034,2.539,5.3326,7.8158,11.036,16.507,19.921,-0.4098
1.1034,2.539,4.9058,7.7382,11.812,15.576,20.775,0.405
1.2198,2.6554,5.1386,7.583,11.075,16.585,19.844,-0.2546
1.0646,2.5002,4.867,7.777,11.618,15.731,20.814,0.2498
1.1422,2.733,5.0998,7.6218,10.92,16.468,19.844,-0.371
1.181,2.3838,5.061,7.777,11.696,15.576,20.736,0.3274
1.2586,2.6166,5.061,7.6218,10.997,16.74,19.766,-0.1382
1.3362,2.4614,5.0998,8.2426,11.424,15.77,20.697,0.2886
1.181,2.6166,5.061,7.5442,10.959,16.507,19.766,-0.2158
1.375,2.4614,5.3326,7.8158,11.347,15.77,20.697,0.2886
1.181,2.5002,4.9834,7.6606,11.114,16.197,19.883,-0.0994
1.3362,2.6554,5.3714,7.8158,11.23,16.352,20.697,0.1334
1.2586,2.4614,4.9446,7.8546,11.075,15.847,19.921,0.017
1.3362,2.7718,5.255,7.583,11.424,16.623,20.542,-0.0994
1.2586,2.539,4.9446,7.971,11.269,15.731,19.844,0.1334
1.2198,2.733,5.0998,7.6218,11.308,16.546,20.503,-0.2546
1.2198,2.5778,4.9834,8.0874,11.269,15.886,19.766,-0.1382
1.2586,2.6554,5.1386,7.4666,11.269,16.158,20.387,-0.2158
1.1422,2.4226,5.061,8.0486,11.385,15.925,19.805,0.2498
1.2198,2.6554,5.0222,7.6994,11.075,15.77,20.736,-0.4098
1.181,2.5778,5.0998,7.777,11.657,16.429,19.611,0.2886
1.181,2.6166,5.061,7.583,11.036,15.809,20.542,-0.2934
1.1034,2.6166,5.3326,7.6994,11.541,16.546,20.038,0.0946
1.1034,2.5778,4.9834,7.9322,11.114,15.809,20.387,-0.3322
1.1034,2.733,5.0998,7.6606,11.424,15.925,19.921,0.3274
1.181,2.539,4.9834,7.9322,11.114,16.313,20.348,-0.4098
1.2198,2.733,5.1774,7.6218,11.308,15.847,20.038,0.1722
1.2586,2.539,4.9446,8.165,11.153,16.429,20.232,-0.177
1.3362,2.6554,4.9834,7.5442,11.502,15.615,20.659,0.3662
1.2586,2.539,5.4102,7.971,10.92,16.74,20.115,-0.177
1.2586,2.6554,4.9058,7.6218,11.812,15.925,20.426,0.2498
1.2198,2.5778,5.3326,8.0486,10.881,15.964,20.077,-0.177
1.2586,2.6166,4.9834,7.6606,11.579,16.041,20.348,0.0558
1.2586,2.539,5.1386,7.6994,11.036,15.809,20.154,-0.0218
1.1034,2.4614,5.0222,7.777,11.812,16.429,20.271,0.0946
1.181,2.539,4.9058,7.7382,10.959,15.731,20.077,-0.177
1.181,2.539,5.255,7.8546,11.851,16.623,20.426,-0.0218
1.2198,2.6554,4.9834,7.5442,11.075,15.731,20.193,0.017
1.2974,2.6166,5.449,7.9322,11.579,16.313,20.62,-0.2158
1.2974,2.6942,4.9446,7.6218,10.997,16.003,19.999,0.0946
1.181,2.5002,5.2938,7.971,11.851,16.041,20.426,-0.3322
1.375,2.6942,4.9058,7.6218,10.997,15.925,20.271,0.1334
1.2586,2.5778,5.1774,7.6218,11.89,15.77,20.465,-0.4486
1.2586,2.6166,5.061,8.0098,10.881,16.429,20.271,0.0946
1.181,2.539,5.061,7.583,11.735,15.847,20.387,-0.4098
1.2198,2.5002,5.2162,8.0098,11.075,16.623,20.115,0.3274
1.2198,2.6554,4.9058,7.6218,11.657,15.692,20.503,-0.2934
1.2974,2.6166,5.061,7.9322,11.191,16.701,20.115,0.2498
1.2198,2.6554,4.9058,7.583,11.579,15.653,20.775,-0.565
1.1034,2.4226,5.255,7.8158,11.036,16.391,19.921,0.211
1.181,2.8106,4.9834,7.583,11.696,16.08,20.891,-0.3322
1.2198,2.539,5.3326,7.6606,11.114,15.731,19.689,0.2498
1.2198,2.6554,5.0222,7.583,11.541,16.235,20.853,-0.2934
1.181,2.4614,5.1386,7.8546,11.191,15.653,19.883,0.211
1.2974,2.5002,5.0998,7.5054,11.269,16.546,20.426,-0.2934
1.2198,2.5778,5.0222,7.7382,11.191,15.809,19.96,0.3662
1.2974,2.539,5.2162,7.6994,11.191,16.701,20.814,-0.3322
1.2586,2.6166,5.061,7.971,11.23,15.809,19.921,0.4438
1.2198,2.539,5.2938,7.6606,11.347,16.701,20.426,-0.1382
1.0646,2.7718,4.9446,7.6994,11.269,15.886,19.611,0.2886
1.1422,2.5002,5.1774,7.8546,11.191,16.701,20.697,-0.177
1.181,2.6554,4.867,7.583,11.541,15.925,19.766,0.211
1.181,2.4614,5.2162,7.971,10.997,16.158,20.581,0.0558
1.1034,2.6554,4.9834,7.5442,11.657,16.119,19.805,0.017
1.2198,2.5778,5.0222,8.165,10.997,15.77,20.542,0.017
1.2974,2.6554,5.061,7.6606,11.773,16.507,19.65,-0.177
1.2198,2.6942,5.061,7.971,11.036,15.615,20.581,0.211
1.2198,2.6166,5.3326,7.5442,11.735,16.546,19.65,-0.371
1.1422,2.6942,4.867,8.0486,10.92,15.692,20.581,0.0946
1.181,2.539,5.3326,7.6994,11.812,16.235,19.805,-0.3322
1.2586,2.733,4.9058,8.165,10.881,15.459,20.697,0.405
1.2974,2.539,5.2162,7.583,11.773,16.391,19.766,-0.2934
1.1034,2.5778,5.0222,8.165,10.997,15.731,20.62,0.2498
1.1422,2.539,5.0998,7.5442,11.657,16.08,19.611,-0.2934
1.2198,2.5002,5.0222,7.5442,11.075,16.041,20.426,-0.0606
1.2586,2.5002,5.1774,8.0486,11.929,15.692,19.611,-0.2934
1.2586,2.6166,5.061,7.6994,11.114,16.274,20.154,0.3662
1.2586,2.5778,5.0998,8.0486,11.618,15.576,19.417,-0.4486
1.2974,2.5778,5.061,7.5054,11.036,16.468,20.348,0.2498
1.2586,2.6554,5.061,8.0486,11.579,15.459,19.611,-0.2546
1.2974,2.5002,5.255,7.4666,11.036,16.507,20.193,0.3662
1.181,2.6166,5.061,8.0874,11.502,15.809,19.495,-0.0994
1.3362,2.5778,5.2162,7.6218,10.881,16.08,20.154,0.211
1.2586,2.6554,4.9834,7.971,11.308,15.964,19.689,-0.0994
1.2974,2.4614,5.1386,7.4666,11.23,16.041,20.193,0.2886
1.2198,2.5778,4.867,7.8934,11.269,16.08,19.921,-0.2546
1.2586,2.5778,5.1386,7.6218,11.114,15.692,20.115,-0.0606
1.2198,2.539,4.9446,8.1262,11.385,16.468,20.038,0.017
1.2974,2.6942,5.0998,7.5442,11.23,15.692,19.766,-0.0606
1.2586,2.5778,5.1386,7.9322,11.347,16.585,20.581,0.0558
1.2198,2.8106,5.0222,7.583,11.424,15.692,19.611,-0.177
1.1034,2.5778,5.2162,8.2426,11.347,16.701,20.426,0.017
1.2198,2.7718,4.9446,7.583,11.502,15.809,19.766,-0.0994
1.2974,2.5778,5.3326,8.0486,11.114,16.235,20.232,0.017
1.2198,2.6942,4.9446,7.5442,11.308,16.158,19.456,-0.2158
1.2198,2.539,5.1386,8.2426,10.997,16.003,20.309,0.0558
1.2198,2.6554,5.0998,7.5054,11.618,16.119,19.766,0.0946
1.2974,2.4614,5.061,8.0486,11.114,15.925,20.115,0.1334
1.181,2.6166,5.2162,7.4278,11.579,16.274,19.805,-0.2546
1.2198,2.4226,5.0222,7.9322,11.075,15.77,19.883,0.211
1.2586,2.4614,5.3714,7.4666,11.463,16.235,20.193,-0.2934
1.181,2.5002,5.0222,8.0486,11.191,15.77,19.572,0.1334
1.2586,2.6166,5.2938,7.5442,11.541,16.507,20.465,-0.4486
1.2198,2.6942,4.9446,8.0098,11.114,15.886,19.689,0.2886
1.2586,2.539,5.2162,7.583,11.502,16.429,20.62,-0.4486
1.2198,2.6166,4.9834,8.0098,11.036,15.964,19.727,0.211
1.2974,2.5002,5.0222,7.5442,11.541,16.041,20.465,-0.4098
1.2198,2.6166,5.061,8.0098,11.036,15.964,19.766,0.3662
1.181,2.5778,5.0222,7.583,11.851,15.809,20.697,-0.3322
1.1034,2.733,5.061,7.8934,10.997,16.158,19.921,0.2498
1.2586,2.5778,4.9446,7.6218,11.89,15.809,20.659,-0.2934
1.1422,2.733,5.3714,8.0098,11.114,16.468,20.154,0.3662
1.1034,2.5778,4.867,7.583,11.929,15.77,20.426,0.017
1.1422,2.733,5.2162,7.9322,11.036,16.391,20.115,0.1334
1.1034,2.5778,4.867,7.6606,11.851,15.576,20.115,0.017
1.1034,2.6554,5.061,7.6994,11.036,16.313,20.387,-0.371
1.1034,2.5778,4.9834,7.6994,11.967,15.847,19.766,0.0946
1.2198,2.6166,5.1386,7.5442,10.997,15.964,20.581,-0.2546
1.181,2.5002,5.0998,7.8158,11.657,16.041,19.689,0.0946
1.2974,2.4614,4.9446,7.777,11.036,15.77,20.426,-0.371
1.181,2.5778,5.4102,7.7382,11.773,16.274,19.805,0.211
1.181,2.4614,4.9834,7.5442,10.997,15.77,20.503,-0.371
1.181,2.5778,5.3714,7.6994,11.967,16.662,19.805,0.0946
1.2198,2.6166,4.867,7.8158,11.075,15.77,20.891,-0.3322
1.2586,2.6554,5.061,7.6994,12.006,16.158,19.766,0.3274
1.0646,2.5778,5.061,7.7382,11.153,16.119,20.853,-0.3322
1.181,2.6554,5.0222,7.6218,11.851,15.886,19.999,0.1334
1.2198,2.6166,5.1774,7.777,11.114,16.119,20.542,-0.4874
1.3362,2.6554,4.9446,7.7382,11.851,15.576,19.844,0.3274
1.1422,2.6166,5.255,7.6994,10.959,16.468,20.697,-0.2546
1.2974,2.6554,4.7894,7.8158,11.657,15.615,19.96,0.1722
1.181,2.5778,5.1774,7.6606,11.036,16.662,20.62,-0.2934
1.2974,2.8106,4.9058,7.9322,11.967,15.77,19.883,0.405
1.181,2.5778,5.2162,7.6606,11.114,16.235,20.659,-0.2158
1.2586,2.7718,5.0222,7.8546,11.735,16.003,19.766,0.2886
1.2198,2.539,5.0998,7.6218,11.114,15.847,20.542,-0.0218
1.2586,2.8106,5.0222,8.0874,11.657,16.235,19.844,0.2498
1.1034,2.5778,5.0222,7.583,10.959,15.653,20.154,-0.1382
1.2198,2.7718,5.3326,7.971,11.851,16.352,19.883,0.0946
1.181,2.4226,4.9834,7.5442,10.997,15.615,20.232,-0.0606
1.2198,2.7718,5.3326,7.971,11.579,16.391,20.154,-0.0994
1.2198,2.3838,4.9446,7.6218,10.842,15.847,20.115,0.017
1.181,2.6942,5.3326,8.0486,11.657,16.041,20.154,-0.0994
1.2586,2.5778,5.0222,7.6218,11.114,15.847,19.844,0.1722
1.1034,2.6942,5.0998,7.971,11.735,15.847,20.542,-0.1382
1.2198,2.4614,5.061,7.4666,11.075,16.003,19.766,0.2498
1.181,2.539,5.0222,8.0098,11.929,15.925,20.581,-0.4098
1.2586,2.5778,5.0998,7.583,11.114,16.197,19.766,0.2886
1.2198,2.733,5.061,8.0874,11.967,15.653,20.542,-0.4486
1.181,2.5002,5.2162,7.5054,10.92,16.585,19.766,0.3274
1.1034,2.5002,4.9446,8.0486,11.773,15.653,20.581,-0.3322
1.2198,2.5778,5.255,7.5442,10.842,16.197,19.805,0.405
1.1422,2.5002,5.0222,7.8934,11.618,15.615,20.62,-0.2934
1.181,2.5778,5.1386,7.583,10.997,16.313,19.844,0.3274
1.2198,2.6942,4.867,8.0486,11.89,15.77,20.736,-0.371
1.2586,2.5778,5.1774,7.4666,11.036,16.158,19.766,0.405
1.3362,2.5778,5.0222,7.8158,11.618,16.003,20.697,-0.2934
1.2198,2.539,5.0998,7.5442,11.114,16.041,20.038,0.211
1.2586,2.6166,5.1774,7.8934,11.735,16.197,20.232,-0.2546
1.2586,2.6166,4.867,7.5442,11.075,15.925,20.077,0.405
1.2586,2.6166,5.3714,8.0098,11.735,16.158,20.115,-0.1382
1.1034,2.4614,5.0222,7.4666,11.153,15.731,20.271,0.3662
1.2198,2.5778,5.2162,7.8546,11.579,16.391,20.115,-0.371
1.2198,2.539,4.9058,7.6218,11.036,15.77,20.232,0.2498
1.2586,2.6166,5.255,7.8158,11.812,16.662,19.999,-0.1382
1.2586,2.539,5.0222,7.6218,11.075,15.731,20.348,0.2886
1.1034,2.6166,5.0222,7.7382,11.773,16.08,19.883,-0.1382
1.2974,2.539,4.9834,7.6218,10.959,15.964,20.503,0.211
1.2586,2.6166,5.1386,7.7382,11.657,15.77,19.689,-0.0606
1.3362,2.6554,5.1386,7.7382,10.92,16.041,20.503,-0.0218
1.181,2.5778,5.1386,7.6218,11.967,15.653,19.766,-0.1382
1.2974,2.6942,5.2938,7.6606,10.959,16.623,20.503,0.1334
1.2198,2.5778,5.0222,7.5442,11.89,15.731,19.727,0.0946
1.3362,2.6166,5.3326,7.7382,10.959,16.468,20.581,-0.177
1.2198,2.5778,5.0222,7.777,11.696,15.77,19.883,-0.0218
1.2586,2.733,5.2162,7.6994,11.114,16.585,20.348,-0.2546
1.1034,2.5002,4.9834,7.5442,11.851,15.77,19.65,0.0558
1.2198,2.8106,4.9834,7.8546,11.075,16.313,20.465,-0.4098
1.0646,2.4614,4.9446,7.4666,11.812,15.925,19.533,0.2498
1.2198,2.6942,5.061,8.0098,11.036,15.964,20.503,-0.2158
1.2198,2.4226,5.0998,7.4666,11.696,15.964,19.805,-0.0218
1.2586,2.6166,4.9446,8.0874,11.075,15.692,20.503,-0.371
1.2198,2.6166,5.3326,7.6606,11.812,16.468,19.572,0.1722
1.2586,2.5778,5.061,7.971,11.075,15.498,20.542,-0.2934
1.181,2.539,5.3714,7.4666,11.967,16.507,19.844,0.211
1.2586,2.7718,5.0222,8.0098,10.92,15.653,20.503,-0.4874
1.2586,2.5778,5.2162,7.5442,11.851,16.197,19.844,0.2498
1.2586,2.733,4.8282,7.9322,10.997,16.003,20.542,-0.3322
1.2198,2.539,5.061,7.5054,11.773,16.08,19.844,0.211
1.1422,2.6166,4.9834,8.0098,10.959,16.352,20.62,-0.4098
1.2974,2.5778,4.9446,7.583,11.618,15.653,20.115,0.3274
1.2586,2.6554,5.2162,7.8934,10.959,16.391,20.115,-0.2546
1.3362,2.539,4.867,7.5442,11.541,15.77,20.115,0.2498
1.2198,2.539,5.3326,8.0486,11.114,16.119,20.193,-0.4486
1.2586,2.5778,4.9834,7.583,11.735,15.886,19.96,0.2498
1.1422,2.6554,5.0998,8.0098,10.959,15.847,20.193,-0.0994
1.2974,2.5778,5.061,7.6606,11.424,15.886,20.193,0.1722
1.2586,2.5002,5.2162,8.0098,11.114,15.731,20.271,-0.0218
1.2586,2.5002,4.9834,7.5442,11.579,16.235,20.193,0.211
1.2198,2.6554,5.061,7.777,10.997,15.731,20.038,-0.0606
1.1422,2.5778,5.1386,7.583,11.541,16.235,20.232,-0.0218
1.1034,2.5778,4.867,7.777,11.114,15.731,19.766,0.017
1.2198,2.539,5.1386,7.5054,11.579,16.391,20.232,-0.177
1.2198,2.5778,4.9834,7.6994,11.036,15.459,19.883,0.0946
1.2198,2.539,5.1386,7.6218,11.735,16.507,20.387,-0.2546
1.2198,2.539,5.0222,7.777,10.959,15.576,19.805,0.2498
1.2198,2.5002,5.1386,7.583,11.812,16.235,20.542,-0.2546
1.1422,2.5778,4.9058,7.583,10.92,15.886,19.766,-0.0218
1.1422,2.6554,5.0998,7.6994,11.696,15.925,20.736,-0.4486
1.2586,2.539,5.0222,7.583,10.997,15.809,20.038,0.2498
1.2198,2.539,5.0222,7.777,11.541,15.77,20.736,-0.4874
1.1422,2.5002,5.0222,7.583,11.075,16.197,19.689,0.0946
1.0646,2.6554,4.9834,7.8546,11.502,15.653,20.775,-0.4874
1.2198,2.5778,5.3714,7.6606,11.075,16.352,19.805,0.211
1.2586,2.5778,4.9058,7.971,11.385,15.615,20.697,-0.3322
1.181,2.5002,5.2162,7.4666,11.191,16.352,20.115,0.2498
1.2198,2.7718,4.9834,8.0098,11.191,15.653,20.232,-0.4874
1.2198,2.5778,5.061,7.6218,11.269,16.274,19.999,0.1334
1.2198,2.6554,5.0998,8.0098,11.153,16.08,20.115,-0.3322
1.2198,2.539,5.0222,7.5054,11.424,15.847,20.387,0.1722
1.181,2.8106,5.061,7.5442,11.153,16.391,19.727,-0.371
1.2198,2.5778,5.0222,7.5442,11.191,15.537,20.387,0.3274
1.0646,2.733,5.4102,7.6606,11.191,16.429,19.65,-0.2158
1.1034,2.539,4.9446,7.5442,11.424,15.576,20.426,0.0946
1.2198,2.539,5.2938,7.6994,11.23,16.623,19.805,-0.2546
1.2198,2.5778,4.8282,7.5442,11.541,15.653,20.581,0.3662
1.2974,2.5778,5.1774,7.6994,11.23,16.429,19.572,-0.2546
1.2198,2.539,4.9446,7.8158,11.463,15.847,20.736,0.211
1.2198,2.6554,5.0222,7.6218,10.997,16.08,19.805,-0.2158
1.1034,2.539,5.1774,7.8934,11.89,16.003,20.891,0.405
1.2586,2.6554,4.867,7.5054,11.075,16.041,19.96,-0.5262
1.1034,2.5778,5.255,8.0486,11.89,16.119,20.465,0.3662
1.1422,2.5002,4.9834,7.4666,11.075,15.459,19.921,-0.1382
1.1034,2.6166,5.3326,8.0874,11.812,16.74,20.387,0.2886
1.1034,2.539,4.9446,7.6606,10.959,15.692,20.387,-0.2158
1.1422,2.6166,5.3714,8.165,11.579,16.585,19.805,0.1722
1.2586,2.4226,5.0222,7.583,11.075,15.692,20.348,-0.0218
1.1034,2.5778,5.3326,8.0486,11.773,16.274,19.533,-0.0218
1.2198,2.6166,4.9446,7.583,10.997,15.77,20.697,-0.0218
1.2198,2.5778,5.2162,8.0486,11.967,15.653,19.689,-0.2158
1.181,2.539,5.061,7.4278,11.153,15.731,20.659,0.017
1.0646,2.6166,5.061,8.165,11.89,15.692,19.883,-0.4486
1.2586,2.6166,5.2162,7.583,11.191,16.041,21.008,0.1722
1.181,2.6554,4.9834,8.0486,11.696,15.77,19.611,-0.2546
1.2198,2.5778,5.255,7.5442,11.191,16.119,20.697,0.1722
1.2198,2.6554,4.9058,8.0098,11.696,15.498,20.154,-0.2934
1.2586,2.539,5.255,7.6218,11.114,16.274,20.426,0.0946
1.2974,2.733,5.0222,7.8158,11.618,15.692,20.193,-0.3322
1.1034,2.6166,5.4102,7.5442,10.881,16.158,20.465,0.017
1.2974,2.8106,4.9834,7.777,11.773,15.925,20.348,-0.4874
1.2198,2.539,5.255,7.6994,11.153,16.08,20.387,0.1334
1.3362,2.6166,4.9446,7.6218,11.618,16.119,20.309,-0.3322
1.1034,2.5778,5.061,7.8934,10.997,15.653,20.154,0.0558
1.2586,2.733,5.0222,7.4666,11.696,16.391,20.232,-0.371
1.2198,2.539,5.1386,8.0486,11.075,15.576,20.271,0.2498
1.181,2.6942,4.9834,7.6606,11.502,16.585,20.271,-0.371
1.1034,2.4614,4.9834,7.971,10.997,15.615,19.883,0.211
1.1034,2.6554,5.2162,7.583,11.696,16.468,20.348,-0.371
1.1422,2.5002,4.867,8.1262,11.075,15.809,19.96,0.3662
1.1034,2.5778,5.1774,7.5054,11.502,16.235,20.62,-0.371
1.181,2.4614,5.061,8.165,11.036,15.77,19.727,0.1722
1.2198,2.733,5.2938,7.583,11.269,15.809,20.62,-0.2934
1.181,2.4614,4.8282,8.1262,11.269,16.158,19.727,0.3274
1.2198,2.6166,5.1774,7.583,10.997,15.77,20.93,-0.2934
1.2586,2.539,4.867,8.165,11.424,16.429,19.96,0.3662
1.2198,2.6166,4.9834,7.6218,11.153,15.615,20.581,-0.2934
1.2198,2.3838,5.0998,7.971,11.308,16.701,19.999,0.2498
1.1422,2.7718,5.061,7.5442,11.114,15.653,20.542,-0.4098
1.2974,2.5778,5.1386,8.0486,11.424,16.352,20.077,0.3662
1.1034,2.6942,5.061,7.5442,10.92,15.809,20.271,-0.1382
1.1422,2.5778,5.3714,8.1262,11.696,15.77,20.115,0.3274
1.0646,2.6554,4.9058,7.583,10.881,16.313,20.542,-0.2158
1.1422,2.5778,5.255,8.0874,11.385,15.459,20.038,0.0558
1.2586,2.6554,4.8282,7.5442,11.075,16.623,20.465,0.0558
1.2974,2.539,4.9058,7.971,11.502,15.77,20.193,0.0946
1.1034,2.6166,5.1386,7.5054,10.842,15.886,20.154,-0.0606
1.1034,2.539,5.061,8.0098,11.735,16.119,20.465,-0.2158
1.181,2.5002,5.2162,7.6218,10.997,15.886,19.96,0.1334
1.2586,2.5778,4.9058,7.8546,11.735,16.119,20.426,-0.3322
1.2198,2.5002,5.255,7.6606,11.036,15.537,19.999,0.017
1.1422,2.539,4.9834,7.6218,11.657,16.313,20.503,-0.3322
1.181,2.6166,5.3714,7.6606,10.959,15.653,19.65,0.211
1.1034,2.4614,5.0222,7.6218,11.929,16.313,20.503,-0.4486
1.181,2.6554,5.1386,7.6218,10.997,15.498,19.883,0.2886
1.0258,2.539,5.0222,7.5442,11.851,16.041,20.465,-0.4874
1.2974,2.539,5.2162,7.7382,11.153,15.653,19.921,0.0558
1.181,2.539,5.0222,7.5054,11.657,15.925,20.814,-0.2546
1.2198,2.6554,5.061,7.9322,11.036,16.08,19.999,0.405
1.2198,2.539,5.2162,7.583,11.735,15.77,20.853,-0.3322
1.2586,2.6166,5.061,7.8158,11.036,16.197,19.96,0.1334
1.2198,2.4614,5.2938,7.5054,11.657,15.382,20.697,-0.2158
1.2974,2.5778,5.0222,7.8158,11.114,16.235,19.999,0.405
1.181,2.539,5.3326,7.5442,11.735,15.459,20.775,-0.1382
1.2586,2.6554,5.0222,7.971,11.036,16.391,19.96,-0.2546
1.2586,2.539,5.1386,7.6218,11.502,15.653,20.697,0.1334
1.2198,2.6166,4.9834,7.971,11.036,16.313,19.96,-0.0218
1.2586,2.5002,5.1774,7.5054,11.579,15.925,20.271,-0.0606
1.2198,2.6166,5.0222,8.0486,11.075,15.925,20.154,-0.0218
1.2586,2.5778,5.1774,7.5442,11.541,16.041,20.115,-0.0218
1.2198,2.5002,5.0998,8.0486,11.036,15.537,20.115,-0.2546
1.1034,2.6166,5.061,7.6218,11.424,16.391,20.426,0.017
1.1034,2.5002,5.1774,7.971,11.114,15.537,20.271,-0.0994
1.2586,2.5778,4.9446,7.6218,11.385,16.701,20.309,0.211
1.1422,2.5778,5.449,7.777,10.997,15.653,20.271,-0.4874
1.2198,2.733,4.9446,7.6994,11.424,16.313,20.077,0.2498
1.1422,2.5778,5.3714,7.583,11.114,15.77,20.426,-0.3322
1.2198,2.6942,4.9446,7.8158,11.269,16.08,19.844,0.017
1.0646,2.4614,5.2162,7.6218,11.153,16.041,20.62,-0.3322
1.2198,2.5778,5.0222,7.7382,11.153,15.653,20.115,0.1722
1.2586,2.5002,5.2162,7.6994,11.308,16.235,20.736,-0.371
1.2586,2.6554,4.9058,7.777,11.191,15.847,20.038,0.2498
1.181,2.539,5.061,7.5442,11.657,16.391,20.697,-0.371
1.1422,2.6166,5.0222,7.9322,11.075,15.615,20.038,0.2498
1.181,2.539,5.061,7.583,11.657,16.313,20.581,-0.371
1.1034,2.6554,5.3326,7.971,11.036,15.459,20.232,0.1722
1.0258,2.5778,5.0222,7.583,11.657,16.429,19.999,-0.2934
1.2198,2.5778,5.2162,8.165,11.075,15.615,20.426,0.211
1.1034,2.5778,4.9446,7.6218,11.735,16.313,19.805,-0.2158
1.2586,2.539,5.1774,8.0874,10.92,15.615,20.853,0.2498
1.1034,2.5778,4.9834,7.5442,11.502,16.119,19.883,-0.3322
1.1034,2.4226,5.1774,8.0874,10.959,15.77,20.814,0.1722
1.3362,2.5778,5.0222,7.6218,11.463,15.653,19.727,-0.2158
1.1034,2.5778,5.061,7.8934,10.92,15.886,20.891,0.2498
1.2586,2.6942,5.0998,7.5442,11.385,15.731,19.921,-0.0994
1.2198,2.4226,5.0222,7.6218,11.114,16.197,20.736,0.2886
1.375,2.6166,5.2938,7.6606,11.502,15.537,19.96,-0.2934
1.2586,2.5002,4.9446,7.8158,11.191,16.507,20.465,0.211
1.2974,2.6942,5.2938,7.5054,11.153,15.615,19.883,0.0946
1.2198,2.4226,4.9058,7.6606,11.269,16.313,20.62,-0.2546
1.2198,2.8106,5.3326,7.6606,10.997,15.925,19.883,0.1722
1.2198,2.4226,4.9834,7.7382,11.347,16.235,20.891,-0.2546
1.2198,2.6554,5.255,7.5054,11.191,15.809,20.154,0.1334
1.1034,2.539,4.8282,7.6606,11.23,15.847,20.62,-0.2158
1.2198,2.6942,5.255,7.6218,11.036,16.08,20.193,0.2498
1.2974,2.5778,4.867,7.777,11.424,15.615,20.62,-0.2934
1.2586,2.733,5.0998,7.6606,11.036,16.235,20.115,0.1722
1.3362,2.5002,5.061,7.5442,11.153,15.459,20.581,-0.4098
1.2198,2.733,5.061,7.777,11.153,16.391,20.271,0.2886
1.2974,2.5002,5.3326,7.6218,11.541,15.615,20.348,-0.2546
1.2198,2.5778,4.9058,7.9322,10.959,16.429,20.271,-0.0606
1.2974,2.4226,5.3326,7.6218,11.347,15.615,20.271,-0.4098
1.0646,2.6554,4.9446,7.8158,10.959,16.119,20.077,0.2886
1.181,2.5778,5.2162,7.6218,11.191,15.576,20.581,-0.371
1.2198,2.5778,4.9834,8.0874,10.92,16.08,19.921,0.211
1.2586,2.539,5.2162,7.6218,11.424,15.809,20.387,-0.177
1.2586,2.7718,4.9446,7.9322,11.036,15.77,20.154,0.3662
1.2586,2.5002,5.061,7.6606,11.541,16.274,20.154,-0.4098
1.2586,2.733,5.1386,8.0874,10.997,15.421,20.115,0.3662
1.2198,2.539,5.0222,7.6218,11.657,16.429,19.727,-0.2158
1.181,2.539,5.4102,7.777,10.959,15.576,20.077,0.1722
1.2586,2.5002,5.0222,7.583,11.424,16.546,20.232,-0.1382
1.2974,2.6942,5.3326,8.0098,10.959,15.576,19.999,0.2886
1.0646,2.4614,5.0222,7.6606,11.424,16.041,20.503,-0.1382
1.2974,2.733,5.1386,8.0098,11.036,15.964,19.766,0.2886
1.2198,2.6166,5.0222,7.6218,11.502,15.809,20.775,-0.0218
1.2586,2.6942,4.9834,8.0098,10.803,16.08,19.766,0.2886
1.1034,2.539,5.2162,7.4666,11.385,15.615,20.697,-0.2158
1.181,2.6554,4.8282,7.8934,10.997,16.507,19.921,0.3274
1.2198,2.5778,5.2162,7.6218,11.657,15.809,20.659,0.017
1.2198,2.6554,4.9446,7.9322,10.92,16.701,19.883,0.1334
1.1034,2.5002,5.3714,7.6218,11.657,15.925,20.503,-0.0606
1.0646,2.6166,4.9446,8.0874,10.959,15.809,19.805,0.0558
1.3362,2.5778,5.2162,7.5442,11.579,16.313,20.697,-0.0218
1.2198,2.5002,4.9446,7.8158,11.036,15.537,19.921,0.0558
1.2974,2.4614,5.0998,7.4278,11.579,16.313,20.62,0.0558
1.2198,2.6166,5.0222,7.8546,10.997,15.498,19.805,-0.0994
1.3362,2.539,5.1386,7.5442,11.541,16.507,20.736,-0.0218
1.2198,2.6554,5.061,7.8546,10.92,15.731,19.844,-0.4098
1.2198,2.539,4.9834,7.5442,11.696,16.779,20.387,0.2886
1.181,2.5778,5.2162,7.8934,10.803,15.459,19.921,-0.371
1.2586,2.5778,4.9834,7.583,11.696,16.197,20.503,0.0558
1.2586,2.5778,5.3714,7.8158,10.92,15.886,20.115,-0.4486
1.2974,2.4614,5.0222,7.4666,11.502,16.158,20.154,0.2498
1.2198,2.5778,5.3326,7.8546,10.881,16.041,20.115,-0.371
1.181,2.5778,4.9834,7.583,11.773,16.041,20.193,0.2498
1.1422,2.539,5.061,7.8546,10.842,16.274,20.581,-0.2934
1.2586,2.5778,4.867,7.6606,11.579,15.576,20.426,0.3274
1.2198,2.4614,5.0222,7.6994,10.997,16.274,20.697,-0.2546
1.2198,2.4226,5.0998,7.6994,11.618,15.653,20.309,0.0558
1.2198,2.5778,4.9058,7.6994,11.153,16.546,20.736,-0.2934
1.2198,2.539,5.3714,7.8546,11.579,16.003,20.309,0.3662
1.2974,2.4226,4.9058,7.6218,11.153,16.119,20.503,-0.3322
1.181,2.4614,5.3326,7.8546,11.347,16.158,20.309,0.3662
1.2974,2.539,4.9834,7.6218,11.153,15.964,20.581,-0.2158
1.2586,2.5778,5.1386,8.0874,11.191,16.313,20.154,0.2886
1.2974,2.5002,4.9446,7.6218,11.269,15.77,20.853,-0.177
1.0646,2.6166,4.9446,7.8934,11.114,16.391,20.232,0.211
1.2198,2.5002,4.9834,7.6218,11.23,15.576,20.969,-0.0994
1.1034,2.6942,5.0222,7.8934,10.842,16.274,20.077,-0.0218
1.1422,2.4614,5.2162,7.583,11.502,15.537,21.047,-0.0218
1.181,2.6942,5.0222,7.8158,10.959,16.274,20.115,0.0558
1.2198,2.539,5.3714,7.5054,11.812,15.653,20.93,0.017
1.2198,2.733,4.867,8.0098,11.036,16.08,20.115,-0.2158
1.181,2.539,5.1774,7.583,11.89,15.925,20.814,0.1722
1.2974,2.6942,4.9058,8.0874,11.036,15.77,19.999,-0.2546
1.1422,2.4226,5.1386,7.583,11.618,16.197,20.775,0.211
1.3362,2.733,5.0222,8.165,11.036,15.653,19.921,-0.371
1.2198,2.4226,5.0222,7.583,11.735,16.585,20.697,0.0558
1.3362,2.733,5.061,8.165,10.842,15.576,20.115,-0.3322
1.181,2.5002,4.867,7.6218,11.851,16.779,20.697,0.1722
1.2586,2.6554,5.1774,7.8934,10.765,15.886,19.805,-0.3322
1.2198,2.5002,5.0222,7.6218,11.735,16.313,20.814,0.1334
1.181,2.539,5.255,8.0098,10.881,15.925,19.96,-0.371
1.1034,2.539,4.867,7.5054,11.735,15.731,20.659,0.2886
1.2198,2.539,5.1386,7.8158,10.997,15.925,20.115,-0.4486
1.181,2.539,4.8282,7.4278,11.618,15.692,20.503,0.1722
1.1422,2.6554,5.1774,7.8934,10.959,16.08,20.348,-0.2934
1.181,2.5778,5.0222,7.5054,11.735,15.576,20.115,0.2498
1.1422,2.6166,5.061,7.9322,10.997,16.352,20.853,-0.371
1.181,2.5002,5.0998,7.5442,11.851,15.653,20.077,0.1334
1.2198,2.6166,4.8282,7.7382,11.075,16.701,20.775,-0.2934
1.2198,2.539,5.4102,7.6606,11.696,15.77,20.193,0.3662
1.181,2.5778,4.7894,7.8934,11.036,16.623,20.814,-0.3322
1.181,2.6554,5.3326,7.8158,11.657,15.653,20.232,0.405
1.181,2.539,4.9834,7.6994,11.036,16.546,20.93,-0.2546
1.2198,2.6166,5.2162,7.9322,11.851,15.925,20.154,0.3662
1.2198,2.4226,5.0222,7.6218,10.92,16.041,20.853,-0.2934
1.2974,2.5778,4.9834,8.0874,11.851,16.119,20.038,0.405
1.181,2.5778,5.2938,7.6218,11.075,15.653,20.775,-0.0218
1.2974,2.6554,5.061,8.0098,11.424,16.235,19.999,0.0558
1.2586,2.5002,5.1386,7.5054,10.881,15.653,20.93,-0.0218
1.3362,2.6942,4.8282,8.0874,12.045,16.352,20.077,0.0946
1.2198,2.5778,5.0222,7.6218,10.959,15.731,20.969,-0.0218
1.3362,2.6942,4.9446,8.0874,11.773,16.507,19.999,-0.0994
1.2586,2.4226,4.9058,7.5442,11.114,15.615,20.891,-0.0218
1.375,2.6166,5.1774,7.9322,11.735,16.08,20.038,-0.3322
1.2586,2.4226,4.9834,7.583,11.036,15.576,20.697,0.0946
1.2586,2.733,5.255,7.8546,11.502,16.235,20.077,-0.3322
1.2198,2.5778,5.0222,7.583,11.036,15.847,20.465,0.2498
1.1034,2.7718,5.2162,7.9322,11.735,15.77,20.387,-0.371
1.2586,2.4614,4.7894,7.5442,11.036,16.003,20.465,0.0946
1.1422,2.6554,5.1386,7.8158,11.773,15.653,20.348,-0.2934
1.0646,2.539,4.9446,7.583,10.842,16.274,20.736,0.211
1.1034,2.733,4.9834,7.7382,11.618,15.459,20.503,-0.371
1.2198,2.4226,5.0222,7.5054,10.959,16.391,20.426,0.3662
1.2586,2.733,4.9834,7.8546,11.89,15.653,20.697,-0.2158
1.2586,2.539,5.2162,7.583,11.114,16.662,20.465,0.3662
1.0646,2.6166,4.9834,7.777,11.851,15.77,20.891,-0.2546
1.2974,2.539,5.2938,7.6606,11.075,16.197,20.232,0.405
1.2586,2.733,4.9834,7.8158,11.773,16.003,20.659,-0.4486
1.2198,2.539,5.2162,7.7382,10.881,16.041,20.154,0.405
1.1034,2.6166,4.9446,7.7382,11.618,16.235,21.124,-0.177
1.181,2.5002,5.1386,7.583,11.036,15.77,20.193,0.3662
1.2586,2.5778,4.9834,7.6606,11.812,16.391,21.241,-0.2546
1.2586,2.5002,5.0222,7.6218,11.036,15.731,20.154,0.4438
1.2586,2.5002,5.0222,7.6218,11.812,16.429,21.124,-0.0994
1.2974,2.539,4.867,7.7382,10.881,15.653,20.271,0.1722
1.2198,2.539,5.3326,7.7382,11.579,16.313,21.163,-0.0606
1.2974,2.5778,4.9834,7.6218,10.881,15.809,20.154,0.0946
1.2198,2.6166,5.2938,7.583,11.773,16.08,21.085,-0.1382
1.1422,2.6166,4.9834,7.7382,10.959,15.886,20.115,0.2498
1.181,2.6166,5.0222,7.6606,11.967,15.731,20.853,-0.1382
1.1034,2.5778,5.061,7.5442,10.92,16.235,20.115,-0.0606
1.2586,2.6166,4.9446,7.583,11.735,15.576,20.853,0.017
1.181,2.6554,5.3326,7.583,10.997,16.391,19.805,-0.177
1.2198,2.539,4.8282,7.583,11.579,15.576,20.775,0.2498
1.181,2.6554,5.1774,7.7382,10.997,16.468,20.193,-0.3322
1.2974,2.539,5.061,7.6994,11.735,15.459,20.775,0.2498
1.2198,2.6166,5.0222,7.8158,10.997,16.546,20.154,-0.3322
1.2974,2.4614,5.2938,7.6994,11.735,15.809,20.969,0.3274
1.2586,2.5778,4.8282,7.9322,11.075,16.158,19.999,-0.4486
1.2198,2.4226,5.2162,7.6606,11.735,15.809,20.775,0.2886
1.1422,2.6942,4.9058,7.7382,10.997,16.041,20.077,-0.2158
1.2586,2.5002,5.1774,7.5442,11.618,16.119,20.697,0.211
1.2586,2.6554,4.9058,7.8546,10.842,15.886,20.115,-0.1382
1.1034,2.5002,4.9834,7.6606,11.385,16.274,20.62,0.3662
1.1422,2.5778,5.1386,7.8934,11.114,15.886,20.115,-0.2934
1.2198,2.4226,5.0222,7.583,11.347,16.468,20.736,0.4438
1.1034,2.6554,5.3714,8.0486,11.114,15.925,20.115,-0.0994
1.2198,2.5778,5.0222,7.5054,11.269,16.507,20.969,0.3662
1.1034,2.6554,5.3326,7.971,11.114,15.692,19.999,-0.1382
1.1034,2.5002,4.9446,7.583,11.269,16.507,20.891,0.1722
1.1422,2.5778,5.255,8.0098,11.153,15.809,20.154,0.017
1.1034,2.539,4.9446,7.5442,11.23,16.623,20.736,-0.2934
1.2974,2.5778,5.0222,8.0098,11.308,16.041,20.542,0.1334
1.2586,2.6166,5.061,7.5054,11.114,16.468,20.387,-0.2158
1.2974,2.6166,5.0222,7.8934,11.308,16.158,20.814,0.1334
1.0646,2.5778,5.0222,7.4278,11.075,16.391,20.503,-0.4098
1.181,2.5002,5.0222,7.777,11.502,16.352,20.542,0.1722
1.1422,2.5002,5.4102,7.6218,11.036,15.847,20.503,-0.3322
1.181,2.6166,4.9058,7.583,11.541,16.468,20.814,-0.0218
1.2198,2.5778,5.2938,7.6218,11.075,15.964,20.271,-0.5262
1.2974,2.6942,5.0222,7.6994,11.735,16.507,21.047,0.211
1.2586,2.4614,5.061,7.6994,11.036,15.847,20.154,-0.371
1.2974,2.733,5.1774,7.6606,11.773,16.507,21.085,0.2886
1.1422,2.5002,5.0998,7.8546,11.075,15.731,20.271,-0.4098
1.1422,2.6942,5.2938,7.6994,11.385,16.507,21.163,0.0946
1.1422,2.539,5.061,7.9322,11.036,15.847,20.193,-0.3322
1.2198,2.6554,5.2162,7.6218,11.773,16.507,21.163,0.2498
1.2198,2.5002,4.867,8.0874,10.881,15.809,20.193,-0.177
1.1422,2.6166,5.1386,7.6218,11.463,16.158,20.93,0.1334
1.181,2.3838,4.9834,8.0874,10.959,16.235,20.193,-0.3322
1.2586,2.5778,5.0998,7.6218,11.89,15.925,20.969,0.3662
1.2974,2.539,4.9058,7.8546,11.036,16.507,19.999,-0.2934
1.181,2.5002,4.9446,7.5054,11.696,15.692,20.969,0.405
1.181,2.539,5.1386,8.0098,10.997,16.468,20.115,-0.2158
1.0258,2.4614,4.9058,7.5442,11.579,15.731,21.047,0.3662
1.2198,2.4226,5.2162,7.6994,11.075,16.701,20.115,-0.3322
1.1422,2.5778,4.9058,7.971,11.657,15.731,20.891,0.4438
1.2198,2.4614,5.449,7.6218,10.92,16.701,19.921,-0.0994
1.2198,2.5002,4.867,7.971,11.851,15.847,21.008,-0.2158
1.2586,2.5002,5.1774,7.5442,11.114,16.429,19.921,0.0558
1.0258,2.539,4.9446,8.165,11.773,15.886,20.969,0.0946
1.181,2.6166,5.2938,7.583,11.036,16.08,19.921,0.017
1.2586,2.5002,5.0222,8.0874,11.618,16.041,20.891,-0.2546
1.2198,2.6166,5.061,7.4278,10.997,15.964,20.115,0.1334
1.2586,2.5778,5.0222,8.165,11.541,16.546,20.969,-0.3322
1.181,2.539,5.0998,7.6218,11.075,15.692,20.232,0.1722
1.3362,2.4614,5.1386,8.1262,11.773,16.934,20.814,-0.4486
1.181,2.5778,5.061,7.4666,10.997,16.003,20.542,0.3274
1.2974,2.5778,5.449,7.9322,11.735,16.585,20.62,-0.3322
1.2198,2.5778,5.061,7.583,10.959,15.964,20.387,0.3662
1.2974,2.4614,5.2938,8.0098,11.773,16.158,20.62,-0.2546
1.181,2.6166,4.9446,7.6218,11.036,16.391,20.503,0.2886
1.2586,2.5002,5.2938,7.8546,11.541,15.77,20.503,-0.2546
1.0646,2.5778,5.0222,7.6218,11.036,16.701,20.736,0.4438
1.2586,2.5778,5.1386,7.8158,11.735,15.847,20.581,-0.2546
1.1034,2.6166,5.0222,7.6994,10.881,16.779,20.465,0.2886
1.1034,2.539,5.061,7.6994,11.463,15.847,20.387,-0.1382
1.2198,2.7718,5.255,7.8158,11.114,16.856,20.309,0.4438
1.2198,2.5778,5.0222,7.6994,11.502,15.925,20.503,-0.2158
1.2586,2.733,5.3326,8.165,11.114,16.546,20.736,0.3274
1.0646,2.5002,4.9446,7.6218,11.541,16.158,20.465,0.0558
1.3362,2.5778,5.4102,7.971,10.997,16.391,20.814,0.0946
1.1034,2.5002,4.9446,7.583,11.618,16.313,20.387,-0.177
1.2198,2.7718,5.0998,8.0098,11.036,16.003,20.775,0.211
1.181,2.6166,5.061,7.6994,11.541,16.429,20.309,0.017
1.3362,2.733,5.061,7.6606,10.997,15.809,21.047,-0.0606
1.1034,2.4226,4.9834,7.6606,11.385,16.662,20.426,0.1334
1.2974,2.733,5.0998,7.6218,11.153,15.925,20.853,-0.2158
1.2198,2.5002,5.0998,7.6606,11.23,16.817,20.038,0.0946
1.181,2.5778,5.0222,7.7382,11.191,16.041,21.047,-0.4874
1.1422,2.4614,5.449,7.5442,11.347,16.74,20.077,0.0946
1.1034,2.5778,5.0222,7.6218,11.347,16.119,20.853,-0.4486
1.181,2.4614,5.2162,7.8158,11.308,16.197,20.154,0.0946
1.181,2.5002,5.0222,7.6606,11.191,15.925,20.969,-0.4874
1.181,2.539,5.0222,7.6994,11.191,15.809,20.115,0.3274
1.1034,2.6554,5.061,7.777,11.347,16.197,21.047,-0.371
1.2586,2.5002,5.0998,7.777,11.191,15.847,20.271,0.1334
1.1422,2.539,5.061,7.6994,11.463,16.585,20.969,-0.4098
1.181,2.5002,5.1386,7.9322,11.114,15.537,20.077,0.2498
1.1422,2.5778,5.1774,7.6606,11.23,16.429,20.891,-0.371
1.2974,2.3838,4.9834,7.971,11.075,15.498,20.115,0.405
1.181,2.539,5.2938,7.6994,11.579,16.468,20.775,-0.2546
1.2974,2.539,4.9446,8.1262,11.075,15.731,19.96,0.3662
1.2586,2.539,5.2938,7.6218,11.424,15.925,20.93,-0.3322
1.2586,2.5778,4.867,8.1262,10.997,15.731,20.115,0.405
1.0646,2.539,5.1774,7.6218,11.424,15.886,21.047,-0.0606
1.2198,2.6166,4.9446,8.0486,10.881,15.964,20.115,-0.0218
1.1034,2.5778,5.2162,7.4666,11.657,15.847,20.969,-0.0994
1.1034,2.6554,5.0222,8.0098,11.153,16.197,20.193,0.0946
1.181,2.4226,4.9834,7.6606,11.308,15.615,20.969,0.1334
1.0646,2.5778,5.255,7.8546,10.997,16.623,20.232,-0.177
1.181,2.539,5.061,7.6218,11.463,15.731,20.853,0.2498
1.1034,2.4614,5.3714,7.8546,11.114,16.546,20.309,-0.3322
1.181,2.5002,5.061,7.4666,11.347,15.925,20.891,0.0946
1.0646,2.6554,5.2938,7.777,10.92,16.003,19.999,-0.4098
1.1422,2.539,5.0222,7.5054,11.657,16.041,20.853,0.2498
1.2198,2.6166,5.2162,7.7382,11.036,15.964,20.115,-0.371
1.2198,2.539,4.867,7.583,11.618,16.235,20.62,0.0946
1.2586,2.6942,5.0998,7.8158,11.153,15.731,20.038,-0.3322
1.2974,2.5778,4.9446,7.6218,11.812,16.274,20.814,0.405
1.2198,2.6942,4.9446,7.777,10.997,15.576,20.077,-0.2158
1.181,2.5002,5.1774,7.6606,11.851,16.662,20.697,0.2886
1.1422,2.733,5.061,7.6606,11.153,15.847,20.193,-0.1382
1.2586,2.4226,5.255,7.583,11.735,16.352,20.62,0.3662
1.1034,2.6554,4.9834,7.777,11.075,16.041,20.309,-0.0218
1.2198,2.3838,5.3714,7.7382,11.657,15.847,20.426,-0.3322
1.1034,2.733,5.0222,7.6606,11.114,16.352,20.348,0.1722
1.2198,2.4614,5.2162,7.8158,11.541,15.653,20.503,-0.2546
1.1422,2.6942,4.9834,7.583,10.997,16.391,20.503,0.017
1.2198,2.4226,5.1386,7.8158,11.696,15.653,20.271,-0.2546
1.1422,2.5778,5.061,7.5442,11.036,16.391,20.697,0.1334
1.181,2.5002,4.9058,7.8546,11.851,15.925,20.348,-0.371
1.0646,2.6554,5.2162,7.6606,11.075,15.964,20.891,0.0946
1.1034,2.5002,4.9058,8.0874,11.735,16.197,20.115,-0.2934
1.2198,2.5778,5.1774,7.5442,11.036,15.809,20.814,0.2498
1.1034,2.4226,4.9446,7.8158,11.812,16.352,20.077,-0.4874
1.1422,2.6166,5.1774,7.583,11.036,15.653,20.969,0.1722
1.181,2.5778,4.9834,7.9322,11.851,16.546,20.115,-0.4874
1.2198,2.4226,5.0998,7.5442,10.997,15.537,21.008,0.3662
1.2198,2.5002,4.9834,7.8546,11.696,16.468,19.96,-0.2934
1.2586,2.5002,5.061,7.4278,10.92,15.77,20.93,0.3662
1.0646,2.6554,5.1386,8.2038,11.735,16.197,19.999,-0.2546
1.2586,2.5778,5.061,7.583,10.881,16.119,20.93,0.2498
1.2198,2.5778,5.2162,7.8934,11.696,15.809,20.077,-0.371
1.1422,2.5778,4.9834,7.6606,10.959,16.235,20.62,0.405
1.1034,2.3838,5.2162,8.1262,11.424,15.77,19.999,-0.177
1.2974,2.5778,5.0222,7.4666,10.959,16.546,20.775,0.3274
1.1034,2.539,4.9446,8.0486,11.502,15.847,19.883,-0.177
1.1422,2.4226,4.9446,7.5442,11.075,16.701,20.426,0.405
1.2198,2.4614,4.9058,8.165,11.463,15.964,20.038,-0.0994
1.1034,2.4226,5.3714,7.6218,11.23,16.585,20.62,-0.0606
1.1422,2.5002,4.9446,8.1262,11.23,16.003,19.844,-0.0994
1.1034,2.5778,5.2162,7.6218,11.191,16.158,20.659,-0.0606
1.2974,2.539,4.9446,8.1262,11.269,16.197,20.077,-0.0994
1.2586,2.4614,5.1386,7.5442,11.308,15.964,20.542,-0.0606
1.2586,2.4614,4.9834,8.2426,11.191,16.623,20.077,0.017
1.0646,2.539,5.1386,7.583,11.269,15.809,20.426,-0.1382
1.1422,2.5778,5.2162,8.1262,10.959,16.662,20.193,-0.0218
1.2198,2.5002,5.061,7.6218,11.657,15.847,20.387,-0.3322
1.2586,2.539,5.3326,8.0486,10.959,16.546,20.193,0.1722
1.2198,2.5002,4.9834,7.6218,11.424,16.158,20.465,-0.4874
1.2974,2.5002,5.255,7.9322,10.997,16.08,20.193,0.0558
1.2586,2.539,5.061,7.5442,11.463,16.274,20.348,-0.371
1.1034,2.539,5.1386,8.0874,10.997,15.77,20.348,0.2498
1.181,2.539,4.9446,7.4278,11.541,16.623,20.309,-0.6038
1.2198,2.733,5.1386,8.0874,11.075,15.847,20.581,0.3274
1.2198,2.4226,5.0998,7.4666,11.579,16.623,20.348,-0.2934
1.2586,2.5002,5.0222,8.0874,11.036,15.964,20.775,0.2498
1.2198,2.5778,5.3326,7.5442,11.773,16.197,20.193,-0.371
1.2586,2.5778,4.8282,8.1262,10.997,16.08,21.008,0.1722
1.2974,2.5778,5.2938,7.5054,11.929,15.847,20.232,-0.4098
1.181,2.539,5.0222,8.1262,10.92,16.352,20.736,0.2498
1.2198,2.733,5.1774,7.5442,11.579,15.653,19.883,-0.2934
1.0646,2.539,4.9834,7.9322,11.036,16.585,20.891,0.3662
1.2586,2.6554,5.1386,7.6218,11.696,15.77,19.999,-0.1382
1.181,2.5002,5.0222,7.971,11.075,16.585,20.659,-0.0606
1.1422,2.6942,5.061,7.6218,11.696,16.041,20.115,-0.2546
1.181,2.4226,5.3326,8.0098,11.075,16.119,20.853,0.3662
1.1422,2.6166,5.0222,7.6994,11.424,16.197,19.96,-0.4486
1.1422,2.3838,5.3714,7.6218,11.153,16.08,20.891,0.2886
1.2198,2.539,4.9446,8.0098,11.463,16.313,20.077,-0.2158
1.181,2.6166,5.2162,7.4666,10.959,15.77,20.659,0.405
1.2198,2.5002,5.0222,8.0874,11.541,16.701,20.271,-0.371
1.1422,2.6554,5.2162,7.389,11.075,15.77,20.426,0.2886
1.181,2.4614,5.0222,8.0098,11.579,16.546,20.232,-0.177
1.1034,2.6942,5.1386,7.583,11.075,16.041,20.426,0.0946
1.2198,2.5002,5.3714,8.1262,11.579,16.274,20.154,-0.2158
1.2198,2.6554,5.0222,7.6218,11.036,16.197,20.503,0.3662
1.1422,2.539,5.2162,7.971,11.385,16.003,19.65,-0.2158
1.2586,2.5778,4.9446,7.5442,11.075,16.274,19.533,0.1334
1.0646,2.539,5.255,8.0874,11.502,15.731,19.689,-0.1382
1.2974,2.5778,5.0222,7.5442,10.881,16.391,19.727,0.1722
1.2586,2.5778,5.1386,8.0098,11.657,15.653,20.038,-0.2158
1.2974,2.5778,5.0998,7.583,11.036,16.546,19.805,0.3662
1.181,2.733,4.867,7.7382,11.541,15.847,20.232,-0.0218
1.2586,2.5002,5.2162,7.6606,10.765,16.507,19.805,0.1334
1.1034,2.6554,5.2162,7.7382,11.385,15.964,20.154,-0.0606
1.2974,2.3838,4.8282,7.777,10.959,16.391,19.921,-0.0606
1.2198,2.6166,5.0998,7.583,11.579,16.041,20.659,0.0946
1.2586,2.5002,4.867,7.8934,10.92,15.925,19.96,-0.2158
1.2198,2.4226,5.0998,7.5054,11.657,16.08,20.62,0.0946
1.2198,2.5778,4.9446,7.8546,10.881,15.886,19.999,-0.0606
1.2198,2.539,5.061,7.6606,11.424,16.507,20.736,0.1722
1.2198,2.6166,5.3326,8.0098,11.036,15.615,20.038,-0.3322
1.181,2.5778,5.061,7.4666,11.424,16.507,20.697,0.1722
1.2586,2.6942,5.3326,8.1262,11.075,15.615,20.115,-0.177
1.2586,2.5778,4.867,7.583,11.657,16.74,20.503,-0.0218
1.2198,2.539,5.1386,8.0874,10.92,15.809,19.96,-0.371
1.2198,2.4614,4.9834,7.583,11.579,16.507,20.697,0.1722
1.2198,2.539,5.1386,7.971,10.842,15.925,19.883,-0.2546
1.181,2.5778,5.0222,7.5442,11.541,16.119,20.503,0.0946
1.2198,2.6554,5.0998,7.9322,10.92,16.08,19.96,-0.371
1.2198,2.5002,5.1774,7.6218,11.657,15.964,20.814,0.2886
1.181,2.539,5.0222,7.6606,10.959,15.925,19.727,-0.5262
1.2586,2.4226,5.449,7.6606,11.696,15.964,20.348,0.211
1.2198,2.5002,4.9446,7.8546,11.114,16.313,19.883,-0.4098
1.2198,2.4614,5.3326,7.6994,11.308,15.653,20.659,0.211
1.2198,2.4226,5.0222,7.777,11.036,16.623,20.309,-0.3322
1.2198,2.5002,5.061,7.777,11.424,15.77,20.542,0.4438
1.2198,2.5002,5.0998,7.777,10.959,16.391,20.465,-0.2546
1.2198,2.4614,5.0222,7.5442,11.541,15.964,20.503,0.211
1.2198,2.5778,5.1774,7.8158,11.036,15.809,20.232,-0.2934
1.181,2.6166,5.0998,7.777,11.463,16.119,20.503,0.2498
1.2198,2.5778,5.255,7.777,10.997,15.77,20.465,-0.1382
1.2198,2.6166,5.061,7.6218,11.618,16.507,20.387,0.0946
1.2198,2.539,5.255,7.777,10.959,15.692,20.659,-0.1382
1.2198,2.539,5.0222,7.6606,11.735,16.546,20.348,-0.2158
1.2586,2.5778,5.255,7.6606,11.036,15.809,20.775,-0.0218
1.1034,2.6166,4.9058,7.6994,11.618,16.468,20.271,-0.2934
1.2586,2.6166,5.0222,7.5442,11.075,16.197,21.047,0.1334
1.2198,2.6554,5.061,7.8546,11.579,16.158,20.115,-0.2934
1.2974,2.4614,5.0998,7.6994,10.803,16.197,20.853,0.017
1.181,2.6554,5.255,7.8934,11.541,16.119,20.193,-0.2158
1.1422,2.539,5.0222,7.6218,11.075,16.313,20.853,0.017
1.2198,2.7718,5.3326,8.0874,11.502,15.925,20.115,-0.177
1.1422,2.5002,4.9058,7.5054,10.997,16.662,20.736,0.0946
1.1422,2.8106,5.255,8.0486,11.308,15.925,19.999,-0.2934
1.181,2.5778,4.9446,7.6218,11.191,16.817,20.736,0.211
1.1422,2.7718,5.1774,7.8934,11.269,15.925,19.999,-0.3322
1.1422,2.539,4.9446,7.6218,11.191,16.468,20.62,0.1334
1.2974,2.7718,4.9446,8.0098,11.114,16.041,20.115,-0.2934
1.2586,2.4614,5.255,7.6218,11.347,16.235,20.503,0.2886
1.2198,2.6554,5.061,7.971,11.269,16.391,20.232,-0.4098
1.181,2.5778,5.3326,7.583,11.191,15.731,20.271,0.2886
1.2586,2.5002,5.0222,8.2426,11.075,16.585,20.426,-0.3322
1.2198,2.4226,5.0222,7.5442,11.075,15.925,20.232,0.3274
1.2974,2.4614,5.0998,8.0874,11.191,17.011,20.387,-0.3322
1.181,2.539,4.9834,7.583,11.308,15.77,20.232,0.211
1.2586,2.6166,5.2162,8.2426,11.114,17.011,20.232,-0.2546
1.2586,2.5778,5.0222,7.6218,11.308,15.847,20.232,0.1334
1.1422,2.5778,5.449,8.0874,11.153,16.74,20.271,-0.2158
1.2586,2.539,5.0222,7.4666,11.424,15.886,20.077,0.3274
1.1422,2.6166,5.1774,7.971,11.114,16.352,20.581,-0.2158
1.2974,2.5778,4.9058,7.6218,11.269,15.964,19.999,0.211
1.1034,2.5778,5.1774,8.0486,10.997,16.391,20.659,-0.0606
1.181,2.6554,4.9058,7.583,11.502,16.313,19.96,-0.1382
1.1034,2.4226,5.2162,7.8546,11.075,15.77,20.659,0.0946
1.2586,2.6942,5.0222,7.6218,11.308,16.856,19.844,-0.2546
1.0646,2.3838,4.9834,7.8934,11.036,15.847,20.775,0.1722
1.181,2.7718,5.1386,7.583,11.502,16.817,19.921,-0.177
1.2974,2.4614,5.0998,7.8158,10.959,15.886,20.969,-0.177
1.1034,2.7718,5.2162,7.5442,11.89,16.662,19.921,-0.4486
1.2586,2.4614,5.061,7.777,10.959,16.08,20.93,0.1334
1.1034,2.6166,5.2938,7.5442,11.735,16.197,19.999,-0.4874
1.181,2.4614,5.061,7.777,10.959,16.313,20.853,0.3274
1.0646,2.6166,5.2938,7.5054,11.773,16.08,20.077,-0.2934
1.2974,2.3838,5.0222,7.8934,10.92,16.701,20.891,0.2886
1.1034,2.6942,5.2938,7.6606,11.735,15.847,19.844,-0.4874
1.2974,2.539,4.9834,7.9322,11.075,16.662,20.969,0.2886
1.2198,2.539,5.1386,7.6994,11.541,15.809,19.999,-0.4098
1.1034,2.5778,5.0998,7.8158,10.959,16.701,20.581,0.1334
1.0646,2.6942,5.061,7.6606,11.502,16.003,19.921,-0.3322
1.181,2.539,5.3714,7.6606,11.075,16.585,20.814,0.2886
1.2198,2.733,4.9446,7.6606,11.308,16.08,19.844,-0.2546
1.1034,2.539,5.1774,7.8934,11.153,15.964,20.542,0.1334
1.2198,2.733,5.0222,7.7382,11.347,16.274,19.883,-0.2158
1.2586,2.539,5.255,7.6606,11.23,15.692,20.503,0.2886
1.2198,2.6942,5.0222,7.8158,10.959,16.197,19.999,-0.3322
1.181,2.5002,5.061,7.6606,11.424,15.653,20.232,0.405
1.2586,2.539,4.9446,7.6606,10.92,16.585,20.503,-0.0994
1.2198,2.5778,5.061,7.6218,11.502,16.003,20.271,0.3274
1.2974,2.6166,5.1386,7.7382,10.997,16.662,20.736,-0.2158
1.2198,2.5778,5.061,7.6994,11.579,15.964,20.232,0.211
1.2586,2.5778,5.3714,7.777,11.075,16.197,20.465,-0.0994
1.2198,2.4226,5.0222,7.583,11.424,16.662,20.154,0.0558
1.2198,2.4614,5.061,7.8158,11.036,16.08,20.814,0.017
1.2586,2.4614,4.867,7.7382,11.618,16.817,19.999,0.0558
1.2586,2.5778,5.1386,7.8934,11.075,16.041,20.93,-0.2934
1.0646,2.4226,4.9446,7.6994,11.579,16.856,19.999,0.2498
1.2586,2.6166,5.0222,8.1262,10.92,16.003,20.93,-0.0606
1.2586,2.3838,5.449,7.6218,11.385,16.468,19.96,-0.2158
1.1034,2.539,4.9834,8.1262,10.997,16.041,20.969,0.0558
1.2974,2.3838,5.449,7.583,11.735,16.197,19.727,-0.371
1.1034,2.5778,4.867,8.1262,10.881,16.468,20.853,0.211
1.2586,2.5778,5.1774,7.4278,11.696,15.886,19.689,-0.4874
1.2198,2.4614,5.0222,8.0874,11.036,16.429,20.736,0.1334
1.2586,2.5778,5.255,7.6218,11.696,15.731,19.65,-0.2934
1.181,2.539,4.9446,8.0486,10.959,16.779,20.659,0.211
1.2586,2.539,5.061,7.6218,11.851,15.809,19.766,-0.2934
1.2586,2.5778,5.1386,7.8158,10.997,16.585,20.503,0.2886
1.1034,2.5778,5.0998,7.6218,11.735,16.003,19.805,-0.2158
1.1034,2.5002,5.4102,8.0098,11.114,16.352,20.62,0.3274
1.181,2.5778,5.0222,7.4666,11.424,16.119,19.805,-0.177
1.181,2.539,5.1386,7.777,11.036,16.041,20.542,0.2886
1.1422,2.6942,4.9834,7.6606,11.618,16.391,20.038,0.017
1.2974,2.5778,5.061,7.777,11.036,15.77,20.465,-0.1382
1.2198,2.7718,5.0998,7.4278,11.424,16.701,20.115,0.0558
1.181,2.5778,5.0222,7.7382,10.997,16.003,20.426,-0.2158
1.2586,2.7718,5.1386,7.583,11.696,16.74,20.271,0.017
1.2586,2.4614,5.061,7.6218,11.036,16.158,20.503,-0.2934
1.181,2.6942,5.0998,7.6218,11.385,16.08,20.115,0.211
1.2586,2.5002,5.061,7.583,10.842,16.274,20.426,-0.371
1.1034,2.539,5.3714,7.6606,11.812,15.886,20.154,0.211
1.0646,2.4614,5.0222,7.777,10.959,16.507,20.387,-0.2158
1.2974,2.6942,5.255,7.6994,11.657,15.653,19.96,0.2498
1.2198,2.4614,4.9834,7.6994,10.959,16.585,20.115,-0.177
1.2974,2.539,5.1386,7.8546,11.812,15.77,20.115,0.2886
1.0646,2.539,4.9446,7.6994,10.959,16.546,20.309,-0.0218
1.2586,2.6554,5.0998,7.9322,11.696,16.041,19.999,-0.1382
1.0646,2.539,5.061,7.583,11.036,15.925,20.426,0.1334
1.2198,2.5002,4.867,8.0098,11.541,16.197,19.921,-0.2934
1.2198,2.4226,5.2938,7.5054,10.803,15.809,20.542,0.1334
1.2198,2.5778,4.9446,8.1262,11.385,16.313,19.766,-0.4098
1.1034,2.4226,5.2162,7.6218,10.959,15.653,20.465,0.017
1.2198,2.5778,4.9834,7.971,11.657,16.429,19.96,-0.4098
1.2198,2.5778,5.2162,7.583,10.881,15.809,20.581,0.3274
1.2198,2.6166,5.0222,8.0486,11.424,16.817,20.077,-0.2934
1.1034,2.5778,5.061,7.6606,10.803,15.925,20.814,0.3662
1.2198,2.6166,5.0998,7.971,11.579,16.197,19.999,-0.3322
1.3362,2.5778,4.9058,7.6994,10.765,16.003,20.697,0.405
1.2586,2.539,5.3714,7.8158,11.541,16.08,19.883,-0.2546
1.2974,2.539,5.0222,7.6994,11.036,16.391,21.047,0.3274
1.2198,2.539,5.2938,7.6994,11.502,15.77,19.844,-0.0994
1.2974,2.5778,4.867,7.7382,10.881,16.662,21.008,0.1722
1.2198,2.5778,5.1386,7.583,11.153,15.847,20.038,-0.0218
1.2974,2.5778,4.867,7.6606,11.153,16.507,21.047,-0.0218
1.181,2.4614,5.0998,7.6994,11.23,16.158,20.154,-0.0994
1.2586,2.539,4.9834,7.8934,10.959,16.158,20.891,-0.0218
1.2586,2.6166,4.9834,7.4666,11.114,16.197,20.154,0.1334
1.2974,2.539,5.0998,7.8158,11.114,15.847,20.736,-0.4874
1.181,2.5778,4.9058,7.583,10.92,16.274,20.154,0.017
1.181,2.5778,5.3326,7.9322,11.23,15.692,20.853,-0.371
1.1034,2.5002,4.9446,7.4666,10.959,16.546,20.232,0.1722
1.181,2.5002,5.3326,7.777,11.191,15.615,20.62,-0.2934
1.2198,2.5002,4.9058,7.5442,10.959,16.662,20.348,0.3662
1.2198,2.539,5.1774,8.0874,11.385,16.003,20.426,-0.3322
1.2198,2.6166,4.9446,7.583,11.114,16.235,20.465,0.3274
1.2586,2.6166,5.2162,8.0874,11.463,15.964,20.193,-0.0994
1.2586,2.5778,4.9058,7.5442,11.036,16.08,20.348,0.405
1.181,2.5002,5.0222,8.1262,11.463,16.08,20.077,-0.0606
1.2586,2.539,5.2162,7.6218,10.842,15.847,20.465,0.0558
1.0646,2.6166,4.9058,8.0098,11.657,16.352,20.115,0.0946
1.2586,2.4226,5.3714,7.6218,10.997,15.809,20.503,-0.1382
1.0646,2.539,4.9834,8.0098,11.579,16.701,20.077,-0.0994
1.1422,2.539,5.1774,7.6606,10.959,15.77,20.387,-0.177
1.1034,2.6942,4.9834,7.9322,11.618,16.817,19.844,0.1722
1.2586,2.4614,5.061,7.6606,10.881,15.964,20.581,-0.4098
1.181,2.6942,5.0222,7.8546,11.618,16.391,19.766,-0.0994
1.1034,2.5778,5.0222,7.4666,10.881,15.925,20.542,-0.4874
1.181,2.6166,5.255,7.777,11.735,16.197,19.805,0.2498
1.1034,2.3838,5.0998,7.5442,10.92,16.274,20.736,-0.6038
1.2198,2.6942,5.3714,7.8546,11.657,15.731,19.766,0.1334
1.2198,2.3838,4.867,7.5442,10.959,16.429,20.775,-0.4486
1.2586,2.6942,5.2162,7.6994,11.773,15.77,19.883,0.1722
1.181,2.5002,5.0222,7.6606,10.842,16.779,20.62,-0.4486
1.2974,2.6166,5.2938,7.6994,11.773,15.886,19.844,0.1722
1.0646,2.5778,4.9058,7.583,10.92,16.468,20.542,-0.371
1.2586,2.7718,5.0998,7.777,11.579,15.731,19.883,0.3662
1.2586,2.539,4.9834,7.6606,10.881,16.74,20.62,-0.2934
1.2198,2.6942,4.9446,7.6994,11.463,16.041,19.805,0.3274
1.2198,2.539,5.1386,7.6606,10.842,16.468,20.581,-0.5262
1.1422,2.6942,5.061,7.6218,11.541,15.886,19.883,0.2886
1.1034,2.5002,5.255,7.7382,10.997,16.003,20.697,-0.2934
1.2586,2.6554,5.0222,7.583,11.502,16.197,19.844,0.1722
1.181,2.5002,5.3326,7.6606,11.036,15.886,20.697,-0.2158
1.1034,2.539,4.9446,7.6218,11.153,16.429,20.038,0.4438
1.2586,2.3838,5.1774,7.7382,11.153,15.886,20.659,-0.177
1.2198,2.5002,4.867,7.583,10.997,16.701,19.805,0.1722
1.2198,2.539,5.1386,7.7382,11.347,15.847,20.736,0.0558
1.0646,2.6166,5.061,7.5054,10.997,16.585,19.844,-0.0994
1.2586,2.539,5.061,7.583,11.385,15.847,20.503,0.017
1.2198,2.5778,5.061,7.4278,10.803,16.701,19.96,-0.2546
1.181,2.5002,4.9058,7.777,11.347,15.964,20.426,0.1722
1.2974,2.539,5.3326,7.5442,10.997,16.313,19.999,-0.371
1.2198,2.5778,4.9446,7.777,11.385,16.08,20.465,0.3274
1.181,2.6554,5.3326,7.3502,10.842,16.158,20.115,-0.3322
1.2198,2.4614,4.9834,7.8934,11.735,16.274,20.581,0.1334
1.2974,2.6166,5.1774,7.3502,10.959,15.925,20.232,-0.4874
1.1034,2.5778,4.9058,8.0098,11.657,16.468,20.503,0.3274
1.2198,2.5778,5.061,7.4278,10.842,15.653,20.309,-0.3322
1.0646,2.5778,5.1386,7.6218,11.579,16.623,20.659,0.0946
1.1422,2.5778,4.9446,7.6218,10.92,15.653,20.193,-0.2158
1.2198,2.5002,5.3714,7.583,11.696,16.352,20.581,0.211
1.1422,2.5778,5.061,7.8546,10.92,15.925,20.232,-0.2158
1.2198,2.539,5.4102,7.4666,11.463,16.429,20.736,0.3662
1.1034,2.5778,4.867,7.8158,10.959,16.158,20.154,-0.2546
1.2974,2.5778,5.255,7.4278,11.269,16.119,20.581,0.3274
1.2198,2.5778,4.9058,7.8934,11.114,16.235,20.387,-0.0994
1.2974,2.539,5.0998,7.4666,11.385,16.041,19.96,0.405
1.181,2.6166,4.9058,7.8158,11.114,16.623,20.271,-0.0218
1.2198,2.4226,4.9834,7.5054,11.463,15.77,20.193,0.2498
1.1422,2.5002,5.2162,7.6218,11.075,16.701,20.309,-0.0994
1.2198,2.5778,5.061,7.5054,11.23,15.731,19.96,0.0946
1.2586,2.6166,5.4102,7.8158,11.114,16.856,20.309,-0.1382
1.2586,2.539,4.9834,7.5054,11.347,15.809,20.154,0.211
1.2974,2.5002,5.3326,7.7382,10.959,16.585,20.581,-0.0218
1.0258,2.539,5.0222,7.583,11.308,16.352,20.348,-0.177
1.2974,2.5778,5.1386,7.5054,10.997,16.391,20.348,0.1334
1.2198,2.3838,4.867,7.9322,11.191,16.468,20.426,-0.0994
1.1422,2.4614,5.2162,7.5054,11.23,16.197,20.503,0.017
1.2198,2.539,4.9058,8.0098,11.153,16.662,20.115,-0.0994
1.2586,2.5778,5.0998,7.6606,11.191,16.003,20.542,0.211
1.2198,2.4226,5.2162,8.2038,10.997,16.934,20.038,-0.2934
1.1034,2.4614,5.0222,7.583,11.385,15.886,20.426,0.2498
1.181,2.5002,5.3714,7.971,10.997,16.817,20.193,-0.2546
1.1422,2.5778,4.9058,7.583,11.579,16.08,20.387,0.2498
1.3362,2.5778,5.2938,8.0486,10.765,16.391,19.999,-0.2934
1.181,2.6166,4.867,7.583,11.463,16.158,20.271,0.211
1.2198,2.539,5.0998,8.1262,10.842,16.313,20.542,-0.3322
1.181,2.5778,4.9834,7.583,11.424,16.313,20.387,0.2498
1.2198,2.5778,5.061,8.0486,10.842,15.886,20.542,-0.2546
1.0258,2.4614,5.255,7.583,11.308,16.274,20.503,0.4438
1.1034,2.4614,5.0222,8.2038,10.803,15.615,20.542,-0.1382
1.1034,2.6166,5.449,7.583,11.308,17.05,20.387,0.0946
1.2198,2.5778,4.9834,8.1262,10.92,15.77,20.542,-0.1382
1.2586,2.6166,5.255,7.5054,11.424,16.546,20.271,0.1722
1.1034,2.5778,4.9834,-3.1646,11.036,16.08,20.426,-0.0994
1.2974,2.4614,5.1386,-3.1646,11.385,16.119,20.387,0.2498
-3.1646,-3.1646,-3.1646,-3.1646,11.036,16.429,20.465,0.0558
-3.1646,-3.1646,-3.1646,-3.1646,11.541,15.886,20.309,0.0558
-3.1646,-3.1646,-3.1646,-3.1646,10.959,16.546,20.426,-0.0218
-3.1646,-3.1646,-3.1646,-3.1646,11.463,-3.1646,20.154,-3.1646
-3.1646,-3.1646,-3.1646,-3.1646,10.92,-3.1646,20.542,-3.1646
-3.1646,-3.1646,-3.1646,-3.1646,11.618,-3.1646,20.154,-3.1646
-3.1646,-3.1646,-3.1646,-3.1646,10.997,-3.1646,20.426,-3.1646
-3.1646,-3.1646,-3.1646,-3.1646,11.541,-3.1646,-3.1646,-3.1646
